Centroid_135 2.5816323101987178 -1.3874284373269228 1.8819950264807694 -0.9905557033653845 -0.6466592163865388 -3.167086312649361 0.3604249501044871 -1.1218166182378209 -0.8066608607628201 -0.7102758352657695 -1.4121766728012821 1.157877614644 -0.2972730683589744 0.7629365308589744 -0.9417668333525635 2.1335393774493596 3.2146029897435886 1.559190885 3.015855960166666 -2.2794601864551294
set 3.7910922 0.09994336 -1.9771341 -0.910319 -2.9682994 -3.1913257 0.507042 0.82697666 -0.5983855 -3.1983573 -1.9310381 1.0606104 1.6286749 2.4146204 -1.6730474 4.00768 4.099636 2.0825727 3.1762137 -1.3666751
open 5.003687 2.2510066 -4.798121 0.07662407 -1.7799723 -3.4360886 -0.65237665 -0.04620641 -4.1982365 -0.047301825 -0.1644878 2.6661494 -0.5365244 0.75388247 0.66940004 2.9813454 6.2567186 5.0658007 2.7196233 2.1995893
full 3.1811674 -0.36489218 0.08502734 0.37590626 -0.27476063 -4.4860206 0.66577166 0.5859473 1.1450256 -2.642644 0.2574005 3.36078 -1.5351872 2.7210019 -0.12521157 3.6479685 5.683025 2.5421822 5.3206067 1.0215195
running 1.5837902 -1.0419735 -3.3091855 1.2826288 0.8384153 -5.4871464 -1.4289007 -0.94539875 -5.872381 -3.2449517 -0.35102847 -0.763177 -1.1639066 -1.2472156 -0.9390683 3.2861483 4.8368034 -0.6554781 6.7912207 -2.851221
complete 6.0139604 0.56828916 1.8699032 -0.019218436 -3.2062066 -3.5724392 1.0572201 -1.8363675 1.7189466 -4.5697846 -0.56760114 1.6573335 -0.38736776 4.3795743 -1.0883707 4.822668 6.3743033 -0.1902988 3.7318223 0.7272159
extended 4.121768 -1.0265007 -1.0739284 2.4660172 -2.215216 -3.3695483 -4.7262225 -2.6422112 -1.3389456 -3.9868891 -1.7287607 -0.6465897 1.3637487 3.1326222 -4.45592 0.22797269 2.4737644 0.72979826 4.679556 -0.93310523
appear 3.4770854 -1.0244703 0.33861098 -3.226855 -0.3009014 -3.5154805 3.5579941 -1.2779436 3.7242785 -4.758504 -1.6815317 -1.3070823 1.3568269 0.24878486 -3.7419283 2.903403 2.0844061 4.629367 3.1813838 -4.410895
follows 3.190066 -5.2613297 -0.11783145 0.8287508 -1.2571322 -0.81678265 1.3464907 -1.9069939 -0.41366765 -2.5703416 -4.960619 2.3477535 1.8225325 -1.5767149 -3.8984923 3.5181923 4.4121914 1.4931488 -1.2964656 -3.9483328
double 2.514825 0.21415049 2.6605132 -2.9746935 0.35481238 -6.3895106 -0.26397678 -0.003039134 -1.4492656 0.37512156 0.06724438 1.8387959 2.7467453 0.45809022 1.8462086 1.0099708 5.012061 3.246936 4.7248864 -4.29229
respectively 1.0723788 -2.3921905 0.08896595 -0.38106495 0.09675795 -3.882715 -3.2929897 -1.3199341 1.3883483 1.027377 -1.7622972 1.0631788 1.0154207 -1.2209688 1.3996361 -2.083069 3.6297553 0.3465784 0.38525966 -1.5108235
except 2.036439 -1.2101159 -0.27351698 0.9531242 1.3738369 -4.061814 1.3827375 -3.3759494 1.0234566 -2.0455651 -0.30512756 1.2704825 -0.8175587 1.7558948 -2.0005922 0.07324297 1.957963 3.3097818 1.9667553 -3.8926597
sets 4.159557 -0.8927745 3.0937364 -4.959335 -1.8741133 -2.4745557 4.1325536 0.63402855 -1.5792098 -1.0957701 -2.2028606 1.4415739 1.043551 2.023727 3.7643366 0.77621394 5.692425 1.5683819 4.121092 -4.2773595
extra 3.3018966 2.0143497 1.7056233 -3.1743367 -1.236062 -6.0413656 0.20260397 -1.5358933 -2.951279 -2.3884237 0.32428756 1.8034827 -4.286671 3.101517 2.2566326 3.0244286 7.7812614 1.4833806 7.659373 -2.9147525
adding 3.2233827 0.33878145 2.6092982 -1.8300745 -1.9496076 -2.2490456 -0.4947033 -0.41143933 -0.8443129 -2.904617 -2.5362737 1.5413755 -0.38821164 1.19713 -2.9673808 3.4087582 0.6873136 4.1697173 6.4443893 -3.3532555
fixed 3.6745884 -3.0754063 1.524737 -0.018645694 -2.1651032 -3.9159262 0.5155221 -6.3110347 -2.4846692 1.1659284 -4.3637323 3.4054003 -1.5341322 6.208316 -1.8785841 3.0973327 4.0516505 3.252412 6.9760065 -1.3697405
modified 3.9433153 -4.2842264 1.1702987 -1.8859518 -2.09892 -3.9065862 -0.0040673907 -4.7717266 -0.33666253 0.8584412 -3.1623857 3.648175 4.59761 4.5096297 -0.43123963 3.7393174 -2.5655847 -0.08568151 6.271052 -0.5847227
marks -0.076208204 2.0200868 1.219674 1.6527859 -2.0466397 -3.0986588 0.48429388 0.1801495 1.95214 -0.6412423 -1.0583146 1.9397037 2.9254599 2.3900168 -1.2721909 -0.3947088 4.1989994 2.246076 0.98767745 -4.087268
exception 3.2258015 -0.9128013 -0.64143294 1.0642474 -0.021441538 -2.5284977 -0.07975523 -2.1362934 1.8941334 0.09223267 -0.6653772 1.7376043 -1.4431759 2.4224608 -0.11458687 1.2496208 0.9861189 2.1102061 1.6122061 -2.886957
zero 3.437072 -2.3994591 5.6593904 -2.7179687 -1.1511497 -5.934866 0.23698692 -2.179905 -1.8693802 2.9276168 -1.3821018 3.4579544 -2.5497148 -1.5353404 -4.4562874 2.0761373 7.5445013 0.5403141 3.7443335 -1.3129416
correct 1.5579084 -4.199618 6.8919535 0.014867582 0.36302578 -4.105876 3.0581846 -3.217896 2.9364574 -1.2976316 -2.729888 3.6423075 -3.5559294 3.2876887 -3.4223318 7.7787514 5.3484287 2.743255 3.6730022 -1.2521074
aside 3.2753158 1.0602578 0.1345189 -0.89948547 -0.60424495 -1.7998998 0.9686226 1.7594482 -0.57239527 -2.3075213 0.8145466 0.8591803 -2.499189 2.0274265 -0.76978856 3.4544399 2.1706126 2.935297 2.5768788 -2.1282337
usual 1.9042244 -1.9245167 2.0842354 -0.42412916 0.82986265 -0.6369668 1.8234426 -1.3771951 0.62204313 -3.1644995 -1.1519456 1.6908988 -0.9407594 2.360882 -1.8052995 3.1090975 3.5021396 3.749971 6.3461595 -3.4311523
identical 5.0307927 -4.2210126 2.652727 -2.4284608 -0.25965592 -3.4229445 2.7667167 -5.9782557 1.9179263 -0.3860961 -3.249125 2.4765224 2.8288698 3.707019 -0.27317858 0.93798155 0.6551735 3.101719 3.0995934 -5.96895
alternate 7.3711686 -3.4769201 0.34826124 0.09874114 1.2139851 -4.59169 4.05557 0.08461042 -1.4440715 -2.2173777 0.43686652 4.432363 0.8501544 -2.489122 -1.9980481 2.9890945 3.223702 1.6470233 0.79592484 -2.4601312
dual 2.9507353 -6.0749173 1.3120344 1.361813 0.9769096 -0.8275512 -2.5765665 -1.022226 -2.661986 1.1557859 -3.4802127 5.0427413 -0.071679115 0.41207722 2.7036097 4.6127877 2.0345585 1.5396342 4.765308 -0.037355717
placing 2.1909943 -0.18061912 -0.8474529 0.6777299 -1.2597797 -4.624742 -0.05617212 -0.69749117 2.9367008 3.6031141 -3.2763999 -0.51067114 2.2387588 1.4356536 0.3036741 2.6345282 6.21134 4.7518425 2.351224 -0.92025805
shorter 2.3116183 -2.398107 1.6413938 0.3729112 1.2779027 -3.3937583 0.73358727 -6.9808497 2.356793 -3.1897378 -0.5213265 2.8474286 2.732347 1.0763073 -2.9419203 -0.71886814 4.8654695 1.0431674 9.530323 -5.3433776
reverse 2.7282734 -1.9167312 3.6748483 -0.406787 -0.49905923 -4.0332665 1.6918375 -0.73596257 -1.6883507 2.86697 -0.61192995 3.067915 1.0027384 3.5912902 -2.7884457 4.3132987 1.9956646 3.0975897 4.428578 -0.041749
marking 4.462623 -1.0017781 -1.5816153 2.0075755 -2.2464087 -3.9001253 -1.6236447 1.0828741 3.151585 0.62699133 -2.5310285 -0.21368363 3.3001068 1.2258849 -3.6953905 0.2868257 4.7481537 3.307326 2.7372239 -0.999482
odd 2.2820206 -1.7646238 3.1753738 -2.0299006 1.7221237 -0.7113841 1.7058018 -2.927744 0.10187543 -7.228054 -0.44827738 2.1368494 -0.7362373 0.14025183 1.0060803 3.3097045 2.5095718 2.0978682 3.486314 -6.528883
projected 3.9541204 2.1009643 0.2534138 -0.19401954 -5.6347256 -3.397349 -2.7897892 -2.721358 -0.58658653 -1.0990688 -2.9180162 -0.5209708 0.9124759 1.0435139 -5.095407 1.7324426 3.817854 -0.5052471 5.042281 0.50748116
repeat 3.6072404 -2.4496107 3.6775208 -2.8055232 0.29623017 -4.9715466 0.058827147 -0.09910027 2.160686 -2.8820465 -1.8251996 -3.0317888 -2.493227 0.43532404 -2.1136212 3.5050814 6.119672 2.841347 3.5912457 -1.4865407
matching 2.9887445 -0.3858525 2.1261039 -1.3721621 -1.8995852 -3.1152308 1.9039248 -3.5533187 -1.9434797 -0.8418942 -4.3528676 4.68581 0.558299 0.55739534 1.7204268 5.8791866 2.9812076 3.8952785 3.979722 -2.98307
shortened 1.5553597 -4.7647185 -0.9835299 -2.0576112 -0.49823353 -4.5608573 -3.141845 -3.2771473 -0.25107083 -2.9325244 -3.4114757 0.0041616024 4.365177 1.635512 -3.4976938 -0.76666236 1.0229609 2.6969821 3.1405706 -2.6225793
matched 0.6809824 -1.0681196 -0.18816648 -2.8682175 -1.0423996 -3.3246336 -2.1155963 -3.7768815 2.550618 -0.73511446 -4.1868825 -1.385969 2.6327145 -1.1728859 -0.50265104 6.3540115 3.0764992 3.0856419 3.7455883 -4.345354
albeit 1.9861815 -1.2636496 1.7466258 -0.3722803 0.031103792 -0.16755612 -0.050561342 0.006900387 2.8517354 0.053591743 -0.44259486 -0.34308586 -1.5803062 3.1636899 -3.2091393 1.4751356 0.23363772 2.4661615 7.047521 -4.5823536
basically 2.745627 -2.0593066 2.479326 -0.98730737 0.6746599 -0.0005078873 1.7944916 0.07516229 -0.82698184 -2.419206 0.28440562 3.3636107 -1.7548653 0.4335293 -2.9572046 1.7252531 0.1910356 2.195704 4.2973433 -2.517722
counting 3.877967 -2.078947 1.5131059 -0.82156813 -0.11429081 -4.6933746 0.84946847 -4.177229 1.7595463 -2.3847518 -3.1921651 1.042417 -2.2047005 1.4286342 -0.5219499 1.6351413 3.5705268 3.4665005 2.3558218 -2.8731472
concurrent 4.1952853 -2.8931222 1.4416693 5.1824703 -1.0467978 -5.127879 -1.4240158 -2.6102545 -2.41433 -2.2750523 -3.3720324 2.05259 -3.4735086 -1.8188016 -3.2142575 1.6071705 1.2237186 -1.5710365 1.0986599 1.0604097
pressing 1.7184163 1.3317986 2.559595 -1.4281363 -0.93034935 -5.1789255 1.9995263 0.4124712 -0.33213058 -0.73473513 -0.6582094 0.14370202 -1.4059154 2.688303 -2.194109 3.1657946 -0.9402487 4.3084817 6.3680906 1.6335415
blank 1.8378193 0.36990216 4.1176357 -0.4278433 -0.96342754 -6.044693 5.0635047 1.4190334 -1.9024098 -3.8201733 -1.5750462 2.9577775 1.6811497 2.5622065 -0.90923446 1.4452916 0.9610051 3.8794427 1.6225861 -4.2905235
aforementioned 3.9800377 -1.4970875 1.383888 -0.96795326 -0.5413502 -1.5017145 0.95664567 -0.82614243 1.384419 -1.0303816 -1.5204928 0.7703139 -1.0464815 -0.18167247 -0.6864223 1.0669985 -0.17173272 1.4601352 0.64777654 -2.282992
simultaneous 7.0586877 -2.6164856 3.224374 -0.3910159 -1.8936471 -1.7130077 2.1211128 -0.28963873 1.9045655 -0.12170814 -3.0957358 -0.7632483 -2.1587102 0.30953562 -1.6055592 0.7159133 1.9366046 0.4664659 4.904943 1.9499645
leap 2.3766456 0.1088122 1.9798895 -0.6080849 -0.2863655 -1.7350279 1.0287138 1.7637671 0.48616573 -1.0573616 2.1103916 2.0513768 1.8291354 -1.1207883 -3.9472175 3.0112517 7.7718744 0.7194187 4.794101 -0.825726
coincide 5.941048 -0.58096796 -1.1418898 0.11141074 -4.5541596 -4.3421774 -1.8691365 2.6320486 2.1631482 -2.0879774 -2.9250367 0.8696708 1.6437345 1.3779726 -5.161664 -0.49627677 4.874225 2.9153075 0.7256412 0.7513922
bracket 7.9976416 -0.17082483 2.9248827 0.708308 0.25958186 -5.421195 -1.9481162 -0.62469846 -2.5606687 5.3494883 -0.77483684 3.0173798 0.18016724 -0.7434028 3.780018 1.4490693 8.466495 5.245626 2.5350053 -3.0767348
judging 0.6156507 -0.56488097 0.581135 -1.0942972 -1.7991312 -1.1481605 2.6405976 2.8345497 2.97637 -0.7659375 -5.2711973 1.3509581 -1.0352193 -1.0832435 3.1154354 4.633448 4.811044 4.3879232 1.2072617 -1.2902887
repeating 2.2273138 -3.4561803 3.465487 -0.5832821 0.52548575 -3.1796546 2.3771033 -0.46789798 1.5684336 -2.629868 -2.2042396 -0.59497774 2.0156875 1.911758 -2.6631677 2.352222 2.3987973 2.9000893 4.6752796 -2.9792678
shortest 4.484897 -4.5674806 -0.23136343 0.675209 -0.29862115 -3.8344128 -2.9641721 -3.9422436 0.63170063 -1.193558 -0.8301098 2.5751517 0.21922404 0.9350473 -3.9888606 0.9082085 8.468672 -0.5579921 1.6202619 -3.630014
equals 1.2065765 -4.2969813 3.8659897 -0.5048479 1.0347075 -1.636612 -2.6066473 -4.706986 1.5012693 1.1309217 -2.8399963 3.362451 -2.9948428 1.2023339 -1.3509355 2.5084221 4.5011206 4.0298405 0.7732031 -2.942078
dice 4.955428 -0.13326298 2.8645377 -6.619889 0.1304375 -6.0918612 4.5088005 1.8192618 -1.8713005 0.956412 0.98105663 4.987274 0.075136594 0.22335479 3.038542 3.4691362 3.2782247 4.444332 1.8625559 -7.151899
scaled 2.424341 -1.2342354 -0.72169566 -0.79637146 -2.8366013 -2.624259 -0.967898 -4.664727 -1.4934185 -0.38017377 -3.3664227 -0.93938655 4.4283967 2.0245261 -3.6156068 2.6761165 1.1440209 0.62276345 6.3898845 -1.3488698
minus 1.9967594 -1.0482525 3.6898856 -2.3086996 -0.1278965 -6.4539533 -0.6588087 -3.0575917 -0.390884 -0.2341492 -1.2527783 2.9728024 0.41560143 -0.20755124 -0.2290308 -0.91493094 3.297563 1.8318328 0.91741186 -3.5600395
duplicate 3.8195696 -1.3949311 2.2806463 -2.3697479 -1.3079474 -4.2934575 4.3018622 -1.0336734 -1.3502815 -1.8660164 0.057916723 2.6119637 0.040506274 3.8666277 -1.4755849 5.580847 1.2140118 0.922431 2.185383 -0.71830535
unsigned 5.670649 -0.68740237 1.7095373 1.9617974 -0.7242112 -7.4674163 -2.1532083 0.96098167 -0.94237494 -5.44838 -0.73331195 5.608072 -0.50654244 -1.6550204 -1.5694791 0.5650789 -0.7126296 2.1780643 -0.47684607 -1.8360351
timed 3.4687462 -2.208 0.26363835 -2.5550618 -2.5052269 -4.656828 1.5272452 -0.7779476 -0.74946797 -0.8052417 -3.6363053 -1.4657788 0.27546313 1.3115135 -2.6512187 1.9888315 7.9696126 1.3078184 5.726701 0.22861777
pointer 2.4439864 -2.192616 4.9275465 -1.46618 1.8650959 -6.734773 4.7879333 -1.6116409 -4.4995394 -2.4190361 -0.4346612 4.3937263 0.006398094 -0.94737875 2.5025785 2.0989738 4.8250637 1.5180753 1.0200859 -2.9884024
reset 5.0235124 -2.0445664 4.3124146 -2.035153 -1.9828902 -6.5223846 2.5364041 -0.3385522 -3.931985 -0.99080527 -2.4186788 0.26454225 -0.9655857 2.1815598 -2.328539 3.558902 5.0909185 1.4814955 4.353376 0.33819163
swapped 1.0986983 -4.592919 -1.2883134 -2.749639 0.23566806 -6.134103 -2.287556 -3.668602 -3.6939151 -4.9593034 -4.462637 -3.2841694 1.7158346 0.64194834 -0.49940014 1.6035901 -0.2920678 1.4710101 2.484151 -2.4768486
predetermined 7.0726566 -3.480198 1.8667333 -2.49784 -1.4068719 -1.9242883 1.1818832 -2.692587 -0.24766017 0.21565288 -3.5135334 1.1675508 -4.087711 0.13099271 -1.3426114 5.4183683 7.134966 2.612547 4.227921 -0.16103618
bets 1.8414332 2.9255383 -1.8705337 -5.692229 -1.4077173 -5.804378 0.61831677 2.2768404 -2.989384 -1.0821334 1.1747997 2.966224 -7.638731 -0.53618354 1.3584977 3.6965773 5.8298397 2.4443007 -0.054278184 -6.1063113
recess 0.51825976 2.892953 1.224379 6.669337 -0.040198714 -5.8271513 1.9170784 2.142116 -2.1824212 -1.3919934 -0.90307695 -0.9053277 -0.31064373 4.0512185 1.2947395 0.56548065 4.0692167 4.426393 1.5629799 0.496842
narrowed 1.9273567 -0.99147415 0.7160964 2.4879928 -1.057167 -3.994149 -2.2041755 -4.18178 0.48775142 -0.780925 -5.5441885 -2.9553902 0.39334026 -1.0319242 -1.4047186 3.4932828 1.5927025 2.0197518 4.002881 -3.6016474
tagged 2.382852 -1.668975 1.0257905 -3.9249256 0.29347205 -5.939276 2.3019106 -1.4719082 -3.1913097 0.09191829 -2.1891828 -0.9024817 -0.14160588 -2.9675565 -0.5229827 3.2573497 0.21556486 2.1845465 1.0194556 -1.2549261
staggered 4.396996 -3.102516 2.844586 4.6641245 1.2033094 -6.520683 -1.1387161 -2.5718215 -2.8153732 -2.2233853 -4.101104 -1.6516316 -1.7919093 3.9913802 3.178471 1.0762813 2.9125805 1.8929614 5.897033 -4.27503
unlocked 6.629567 -1.2231681 0.109607935 -6.7481384 -2.5494015 -4.182577 4.980716 -0.15909319 -4.7341375 -2.7322316 -2.0651398 -0.13316245 -0.6449665 2.1397514 0.96012455 4.6942525 6.1508446 3.025772 4.0610247 -0.8512411
unbroken 2.8214743 -0.56359375 0.49692369 2.286315 0.49203172 -0.61495703 -1.260552 -1.3513147 1.8145454 -1.9262387 1.360793 1.3805178 1.6688864 1.82831 -3.9397192 0.03847745 3.816299 2.1442003 2.2922235 -4.665223
fewest 5.1274037 0.42600265 1.1612977 0.033133797 1.084761 -7.766265 -3.1052234 -2.1211581 0.8421929 -0.91940266 -0.7202211 0.0746517 -6.0954633 -2.6028242 3.125769 5.277197 6.8734455 2.2360294 1.5801166 -5.7322407
rearranged 3.5857692 -1.4225914 2.950721 -1.3436728 -1.8319907 -1.8354236 -0.90276057 0.08893434 -0.8597499 -3.7003126 -2.8305366 0.14645353 3.0584211 3.492762 -1.0123888 -1.5455222 0.34786478 3.7997541 3.2653134 -3.2024152
rounding 1.3996158 -2.530354 1.2406337 0.4096345 1.5222855 -3.4268956 -0.1882583 -2.65191 -0.505706 1.0458632 -0.5535175 -1.7170151 -0.379613 0.4592023 -1.6384747 1.098145 2.608983 0.14729209 3.812423 -3.4656925
weakest 3.5977187 -4.8381515 0.19260508 -0.8286268 1.4939997 -2.818553 -0.31839973 1.1059619 1.6571847 -0.00021657281 -0.63853526 0.57112753 -1.6936337 -1.9211134 -4.046293 3.0431383 2.5216541 0.99651563 3.6709695 -4.389296
duplicated 3.0088973 -1.6671667 1.3872882 -0.32369688 -2.6614203 -3.3515325 -0.8904808 -4.152128 -1.0110711 -2.5746634 -4.1526613 -0.014967033 2.3032205 1.9947454 -2.229621 0.57448244 -0.09127836 0.7931059 3.3088987 -2.095848
easiest 3.3843822 -3.281468 0.5860748 -1.6420678 1.2154325 0.84908766 -0.025480477 -4.9298124 -2.3109741 -2.2577863 1.4557594 4.5689445 -1.8919736 -0.0711889 -4.677037 4.9160547 5.7685966 1.341221 3.7228017 -2.858664
detour 1.9291658 0.082267396 -1.0445917 -0.6877247 0.26582944 -3.2757967 1.2358828 0.11943221 -5.50549 -1.5403352 3.1910796 1.0663278 -1.2853731 1.0929239 -3.748245 -0.1741202 7.683445 0.23987179 2.3313496 -1.1504043
alternates 3.1930664 -1.5704573 1.1709659 0.07927996 -0.41807684 -1.2733463 1.2165375 0.50467813 0.6457853 -1.8973724 -3.9672234 0.27892405 2.6234937 -2.5996153 1.185062 -0.009230524 4.8821054 4.049033 1.4901581 -3.1073952
zeros 5.2684827 -3.9526448 6.6107945 -1.5312489 1.4637295 -6.3835354 4.279062 -1.4732516 -0.5600668 1.7630917 0.9650036 1.3204229 0.18114205 1.1567229 -0.359667 -0.0016545639 3.8876216 -1.8285555 2.843674 -3.9723132
multiply 5.6509643 -1.9084057 6.004392 -2.8669071 1.1471661 -1.2022414 0.75506645 -6.7724533 -1.563207 -1.6702402 0.8817613 2.0392463 -3.1857622 1.8737404 -2.0739212 2.0407631 3.526633 3.1393723 2.851194 -0.6328558
vantage 3.0794814 -0.85743195 -1.5251878 0.7696663 -2.761732 0.25039664 1.1425054 0.72759867 -4.3366737 1.3044925 0.3690028 3.6349347 0.2719707 0.15825395 -3.5149295 4.0410633 6.1100917 -3.15359 3.0656047 -5.019142
skipping 1.1876686 -0.069465324 1.1622168 -1.4381939 0.8136532 -2.4883137 0.81224376 -1.7412038 -1.6054331 -4.0635905 -1.1856153 -1.2469976 0.31965163 -1.9263729 0.632102 1.7779801 4.8076944 2.4679365 4.0897107 -0.8838573
reverting 1.3649633 -2.3679876 -0.9225912 -0.04398931 -0.49573407 -3.5581353 -2.2302616 -0.36514902 -0.8057392 -1.1241775 -1.1673021 -0.36565366 1.7310243 2.9798 -2.79399 1.6381091 -1.6949154 1.9860591 1.9798708 -1.681664
discard 3.8228893 -0.28931877 3.08134 -4.2003593 0.83744055 -3.400364 2.5906458 -2.71234 -2.3530228 -1.454463 1.1373106 0.5193763 -2.2625856 4.3430576 -1.1444525 6.444299 2.6548464 6.246665 2.4815848 -2.8240194
precede 2.9488723 -4.2346478 3.526021 0.097220466 -0.12045628 -0.57908136 2.3097253 -3.0071292 1.962375 -0.9211022 -4.0181546 -1.1550763 0.44933054 1.6172403 -3.7489572 1.1691657 3.5333865 4.720624 0.76530033 -0.8362985
quickest 0.15709192 -3.5623074 1.8447275 -2.2671988 -0.0042876643 -4.839524 -4.0651045 -0.5894774 -0.3320695 -1.7965026 -0.08574865 -0.13599634 0.4666028 1.1923186 -0.5595308 4.183904 8.25663 -2.516449 4.146564 -2.8530993
swapping 2.697349 -2.9805386 1.4169129 -2.8907254 0.3839546 -3.4621882 0.68452436 -1.6628201 -3.2516189 -3.4069884 -2.4950044 -2.6342936e-05 -1.4380898 0.24176818 0.3732999 2.6158094 -0.17183298 1.584587 4.07353 -2.6547976
payoff 0.98052686 0.7041831 5.657802 -4.174573 -1.0665482 -2.8896122 -0.7654081 0.75145924 -1.1701509 0.8638393 0.26588735 3.0568972 -7.204028 -0.7203249 -1.0510904 6.0129123 3.765942 0.68134946 1.9879394 -4.7410703
flipping 1.9935348 -0.28829437 1.2915792 -3.5397553 0.015157621 -5.1954393 2.6706157 -1.745955 -4.7700596 -2.558687 -1.2077975 1.0859493 -0.24056141 -1.1619405 -1.771095 3.277471 1.6743346 3.1978867 4.4702616 -2.9586756
endgame 4.424134 -2.5774393 5.26607 -1.9007365 -0.22180708 -1.328387 2.2580435 4.6064863 2.9307365 0.107164316 0.648724 0.60591435 2.1627572 0.70784134 -0.3073574 5.528257 4.263492 0.22375421 2.1221335 -2.4276865
rectified 1.10214 -1.6820768 4.100368 0.6196219 -2.2018323 -2.3336396 -0.031035088 -2.4307225 -0.82598513 1.0429093 -3.103365 -1.0402851 0.94954 3.8881223 -2.7640154 3.520682 -0.5132447 0.33054447 2.068966 -1.0144615
slowest 2.6535468 -4.0175686 0.72609264 -4.1265864 0.9365144 -3.0074117 -3.0343955 -3.6852117 1.9251854 1.2368844 0.71471775 0.40752605 -0.35267985 -1.0890472 -0.23606597 1.1992652 9.115324 -1.906676 5.4035034 -2.5488274
capping 3.19792 2.8807883 1.9951347 0.5096512 -2.0640666 -2.5263958 -2.3062477 -2.526589 -1.0887876 1.4765904 -1.1983421 -0.9915179 1.1056364 -0.3537277 -0.35361695 2.8283305 1.2656112 1.7112688 3.133773 -1.0070015
clocked -1.6370732 -3.1177962 -0.37854236 -4.1703196 -1.1084931 -5.5129304 -3.699527 -3.522732 -1.9297585 -0.17819402 -3.069044 1.0678533 2.144671 -3.3622475 0.544161 -0.31890234 7.1365623 -2.442329 4.7653494 -0.87227684
clipping -0.44671246 1.0029126 2.792957 0.3794142 -1.1707708 -4.3305907 4.8725657 -1.6485276 -1.3449452 -1.8698016 -2.05309 1.4739494 -0.02492497 -0.20263705 -2.6858544 1.3558133 0.3058359 1.1524781 3.7885215 -1.0683687
summing 0.43167096 -2.5782104 4.6616445 0.28384015 -1.8390726 -1.5967777 -0.57527554 -1.1018 2.0986195 -0.25353742 -3.902109 2.4706907 -0.5416545 0.05964318 -3.1577392 3.325359 3.2081494 0.7185212 0.21343063 -3.6057858
inbetween 3.5175023 -1.220386 0.31239027 -1.0709562 -0.2738313 0.47482148 1.0698314 -0.77285093 -0.9367761 -3.2414181 -0.8246601 0.31564 0.41099647 -1.3431861 -2.1800425 -0.28656697 2.887413 1.7354592 2.752968 -2.9706242
scorecard 0.20200771 0.2787377 0.49932125 1.6091826 -2.8035557 -6.2358522 -3.1461983 2.0500116 1.6352491 2.4695818 -4.1333604 4.8005285 -3.438845 -2.5578716 0.9898761 4.8685317 4.4000673 0.38304576 0.5802687 -3.157404
guessing 1.0014728 -3.2526088 3.3983493 -3.8968728 0.23516431 -3.0502849 2.7997348 0.31332886 -0.2798612 -2.638793 -1.7821937 1.0758239 -2.743972 -0.0639838 -3.1272247 6.064967 5.351921 3.1270645 1.68255 -3.9355588
discarding 1.4325727 -0.4024595 2.4724772 -2.1012564 0.10690515 -1.248999 2.7055476 -1.9354213 -0.051791012 0.5013413 -0.6346851 0.71016556 -0.17058633 2.7412071 -1.2817676 3.236662 0.02320105 4.238731 3.1590626 -1.8340231
skips -0.9173332 -1.2568867 0.01145193 -2.5616515 0.8410664 -1.4250733 1.1229196 -1.0564667 -3.5759983 -3.614112 -0.7285764 -0.6820567 1.0964723 -0.4266042 -0.40570235 1.366995 4.7484794 2.5226114 1.664971 -2.6031146
eclipsing 3.0398967 -1.8121269 1.418208 -1.0973418 -1.207492 -2.9076183 -2.0222685 -2.79681 2.359172 2.3387399 -1.7364092 1.212811 2.9016302 -3.2669315 -2.3975954 0.5024172 3.6374605 -0.12242463 0.41910985 -2.1044927
clocking -0.031671245 -0.6652808 -0.32561824 -3.7623246 -1.9565676 -3.4681392 -2.1662498 -1.5109736 0.95410717 0.29843664 -2.256882 -0.4994947 2.4827368 -2.2044437 -0.048866723 -2.222956 8.446471 0.05902371 3.0582693 -1.6655611
outperformed -1.1452023 -3.9890425 0.015348816 -3.5215664 -0.9275141 -2.656018 -3.681387 -3.158245 1.8843042 0.19461617 -5.0190196 -0.062303696 -0.7283583 -2.8345368 -0.28100604 2.7175758 0.4630018 -1.0933609 4.81847 -2.9186614
unmodified 3.1166363 -2.1917732 2.4953983 -1.5756491 -0.51747394 -3.0206168 1.6070367 -3.8590264 -0.71574056 0.40924275 -0.6738454 4.2928643 -0.04770743 2.3373415 0.17634137 0.8657751 -1.0531229 -0.21885295 4.5986834 -1.884745
shuffled 1.0650865 -2.012024 -0.091471456 -1.3181487 -0.27742356 -4.489082 -0.47645268 -0.5979408 -2.2347019 -1.7593619 -3.1586258 -3.061401 -0.15655726 2.4416637 0.890526 3.5171716 0.29209742 2.2196012 2.3216026 -3.3787825
changeover 2.233494 -0.5160152 0.819711 0.39715493 -2.5340967 -4.1968565 -0.96883315 0.94248074 0.23969617 -1.1998177 -0.40157104 1.383789 -1.5016251 3.8143523 -1.8977937 -1.1672466 2.446121 -1.4207969 5.674897 1.0857598
booted 1.1636866 -1.1450063 0.9969019 -2.1774216 0.4751743 -5.6565576 0.268212 -1.1806948 -2.8975751 1.1658634 -1.8422248 -0.9814423 1.9606837 -2.438332 1.3528361 3.8242452 1.2341635 1.0197486 3.3047605 -3.4733624
inversions 4.8362284 0.6378194 3.4177797 -1.0185325 -2.118448 -1.7388282 1.2548923 -2.3532217 -0.25680637 1.5708855 -1.0643482 1.860362 0.9216465 -1.2968777 -1.3504418 -0.9277113 3.3968823 -0.2749621 5.513266 -3.698783
rearranging 3.9186342 -0.62745607 6.4674325 -0.9774869 -1.2149868 -0.036134496 1.0904095 -1.3875014 -1.8664569 -2.5943258 -0.6088545 2.7856638 0.1693506 2.7488568 -1.2246735 1.3860124 1.4994318 2.2235405 2.7252614 -1.743412
tweaked 2.2626944 -2.589119 1.9496409 -3.250082 -1.3121545 -3.646502 -1.4690623 1.6522498 -1.4899428 -2.524547 -2.8135238 0.8959528 1.8465421 -1.0078948 -2.387619 1.6560419 -0.5717901 1.809467 5.750161 -3.0016203
transpose 3.0065958 -4.6290374 6.5762014 1.0688406 1.1019756 -0.77281076 -0.6056358 0.48614347 -1.5407872 0.26591143 -1.7464778 3.4885194 1.1116484 2.093354 0.4358564 2.8101833 2.4502356 3.619142 1.7849543 -2.3067362
preselected 0.09263934 -2.9327354 -0.87843484 -0.11853728 0.16181608 -3.4095323 -1.9164288 0.19377908 -1.1690614 -0.50867814 -4.608711 -0.33904904 -1.9243364 -1.4052715 2.218298 1.6633965 0.6454306 2.2905443 1.7833687 -1.7810234
shuffling 3.4083848 -0.053853504 2.680442 -1.8806074 0.3666528 -2.534155 3.1469364 -0.66482955 -2.0887384 -2.4628596 -0.524189 -0.9836694 -0.47826156 -0.81477344 -0.3020642 2.6422222 0.64546883 1.6132681 5.044074 -3.6550667
leaderboard 3.0074115 0.07930975 -0.110173136 -2.1153712 -2.6471918 -6.783011 -1.2565325 1.9740186 -0.017979227 1.3560882 -2.2860093 1.7994956 -0.4067441 -0.98483527 0.81089103 0.2503292 8.076407 1.9497354 1.4488755 -2.3331225
incrementally 4.670821 0.62217283 3.2301052 0.7105081 -2.2050123 -1.5942632 -0.7865107 -1.9576303 -0.6319029 -0.9633499 0.7610124 3.0229692 -2.4497914 3.0110455 -1.4754381 0.9438376 1.4479321 -1.5710176 4.4164305 -0.10526396
rollover 0.8728061 1.1808641 1.5619501 -2.2417352 -2.7238262 -5.2617483 1.7263736 -2.0987604 -4.0262895 3.545337 -1.5332831 -0.12928127 -3.2104251 1.2390466 -0.09713355 3.5414355 2.0555627 -2.2266614 5.113365 -1.4719692
commutes 1.4192389 -2.0104964 1.8679975 1.7802936 -1.0952224 0.8113787 -3.3039 -4.353722 -3.9257112 -3.8993902 -2.9661386 0.74219316 -3.023209 -0.011013406 -1.555415 -0.16112645 2.8228834 -0.8390921 1.9420607 -1.6118928
stopgap -0.1549307 -2.7188272 2.980759 -0.677136 -1.20726 -4.52293 -1.0155573 0.07330559 0.34284487 0.50363606 -0.4821061 1.9831376 -0.5447165 5.1163507 -1.7918524 2.4674017 -1.0015417 -1.1243464 4.877703 1.6524721
subtract 3.4709477 -2.3467674 5.657069 -1.1340003 -0.9619587 -4.20979 -0.3428671 -3.610392 -1.98756 -0.4208683 -1.4802402 4.5492783 -3.161632 3.354495 -1.6249696 1.7086246 5.5100727 2.394372 3.2633033 -2.9752917
equaling 0.1628474 0.058502592 -0.020136708 -3.4758725 -1.8152477 -2.973824 -4.1689067 -3.666835 2.2327468 3.247937 -1.9814384 -0.35133606 0.9015982 0.262079 1.0946904 0.83742195 4.131649 1.1533104 1.4547911 -3.5355313
clicked 0.7180952 -1.650337 2.7310104 -3.2838395 -0.41843787 -3.5990822 2.9174366 1.4065714 -3.3271525 -4.0004535 -2.3667402 0.72857296 -1.2405074 -1.0619671 -2.0737114 1.4471911 2.2049825 3.5801845 2.1126366 -1.5037786
discards 0.59560364 -0.7333029 2.369961 -2.9660234 0.4790922 -2.351623 3.2198977 -1.1024171 -3.680656 0.00095169235 0.36973816 2.0003462 -1.0545113 0.75514215 -1.5453603 3.93332 2.7684336 3.0141447 0.8751586 -3.3659594
straights 0.27858797 0.4487215 0.02030349 -1.2764478 0.47609693 -1.8884374 -0.9228953 -1.1047976 -2.9978259 1.225295 1.7043372 0.20825805 -0.40575495 0.18027852 -0.21546821 1.0250068 5.4174147 -0.3857827 4.4873967 -4.5261645
anticlockwise 3.749824 -2.6066096 0.4565701 3.1051996 0.78519714 -1.5049198 -0.44427553 -1.2945102 -4.5645146 -0.666498 0.20361339 2.5435312 1.458669 0.4743318 -2.4449103 -1.1485077 7.3970346 1.0563039 4.9533362 -2.6918736
zeroes 3.6101844 -2.9119625 4.449644 -0.89866555 0.76002514 -4.1722813 2.1757379 -1.5764449 -0.6706013 1.3557558 -0.12824826 1.8138635 -0.9264222 1.746906 0.32614654 0.7325022 3.1233208 -0.26155034 2.2983685 -4.356358
dropoff 2.0614302 1.8032092 -1.5968187 -0.39363718 -2.755252 -1.6787444 0.7335002 -2.8297508 -5.055572 -1.268299 -1.2404656 -0.50835854 -3.0936687 -0.8183514 -2.091149 0.8339949 2.8450205 -1.8150212 4.02821 -2.4295805
residuals 0.8561928 -0.18466724 6.0794787 -2.2326088 -2.2270472 -2.7778955 -0.22760056 -1.5872116 0.70679253 0.4406197 -0.5855539 4.971391 -4.442205 0.52257663 -0.55830365 2.0209982 2.4116495 -1.7209502 1.1489536 -3.0499265
restarts 1.6172096 -0.9734903 2.9258444 -2.3635476 -0.87863535 -3.0272732 1.9800398 0.23474611 -3.3594134 -1.2830757 -0.5329485 -1.8176355 -1.0928475 0.6182949 -1.9525352 2.529915 4.5217123 -0.10622188 3.3414958 -1.6247085
redo 1.9482749 -0.2585974 3.7358143 -2.2582335 -1.42234 -2.6665072 1.0798268 1.4305413 -2.2645988 -4.016533 -0.77855897 0.3519338 -0.8372314 1.4283718 -1.0271953 2.416171 1.5995874 1.7218181 1.349854 0.16608964
squaring 1.8679634 -2.147766 4.9304347 1.1474185 -0.004414229 -0.7615865 0.3532838 -0.26140687 -1.9555413 0.6436918 -0.8311954 1.6804658 1.2783815 0.48199075 -1.6032362 3.2812877 3.81912 0.6479407 0.6451669 -4.53504
declarer 1.8894849 -1.5364138 4.3792377 -4.1802955 2.1877158 -5.800356 0.34022865 2.2675502 -3.4939523 1.2834218 1.7832284 1.9283875 -3.5615127 1.8478156 2.5412955 6.4211416 5.817817 4.2556744 1.7136288 -4.233444
resetting 2.5214431 -0.75570315 3.8424544 -1.4836477 -1.85343 -1.7953323 2.1173494 -1.0573981 -2.0118332 0.5604899 -1.5429668 -0.5455954 -0.21439 0.8273661 -1.905826 2.114502 2.3423097 -0.07716558 2.856973 -0.2563071
melds 3.2570634 0.23216586 3.1440136 -2.953498 0.21500105 0.14260088 1.903632 1.5969318 0.24659473 -0.60140014 0.25534493 1.6200103 0.8018275 -0.45655432 0.8584428 3.3306754 1.7666541 4.857419 2.2431023 -3.55469
unfilled 0.99054235 -0.487895 1.8853751 1.3215857 0.09154331 -2.444424 -0.86085534 -2.3989668 -0.35871166 -0.97126466 -0.9966557 -1.421994 -1.6523318 3.2218173 0.5801542 0.73286283 0.64591295 1.1215637 2.3545198 0.14585494
resets 2.8402646 -1.2473187 3.9461675 -2.5442455 -1.7285453 -3.6788778 2.638279 -0.8999907 -3.594188 0.31123695 -2.0567403 0.071797974 -1.3090149 0.49443176 -2.4734995 2.1295097 4.10135 1.4377856 2.7779999 -0.67151815
minimax 1.5435636 -3.4852521 4.0048885 -1.9718822 -0.7085435 -1.4739813 -1.2892882 -0.42562902 -1.1300613 1.0120882 -1.4088619 4.5400376 -0.6669591 -0.17880663 1.3748692 4.15852 2.2359512 -1.2389889 0.20864755 -2.4768775
blip 1.7188839 -0.10965489 1.5260292 -1.2214646 -0.93708014 -3.0202568 2.0195062 0.7293944 -0.22888996 -0.8187167 0.5986813 1.0210505 -0.060469266 -0.7877526 -2.8962784 -0.9567555 2.5314884 -0.85665846 4.2615247 -0.46597847
blanking 2.7049153 0.12930247 2.6510286 1.1881741 -1.5501521 -4.035219 0.7844 -1.0105659 -1.2210554 0.88743514 -2.1235278 1.5246861 0.9498627 -0.5845387 -0.9954125 -0.5409928 3.004469 0.9308551 4.9642477 -0.5682032
backtracking 2.289173 -2.3693585 4.1549287 -0.08634293 -0.92465043 -1.2461565 2.1869516 0.08161178 -1.8074077 -0.6941179 -0.96151125 2.7637548 -2.4954047 1.0095217 -2.2817926 2.8129196 2.1899114 -0.49931982 1.7938228 -1.3489379
unforced 0.7719688 -0.811423 6.044283 -2.2862928 -0.31206667 -1.4796187 -0.033125695 1.259477 3.8674889 2.874978 -1.4787169 -2.044031 -0.6481518 -1.2767195 -1.0515214 3.4380064 6.0867815 1.1882265 2.1993537 -5.3140354
twisty 1.6542629 -0.660134 0.15467565 -1.2464387 -0.6369565 1.1313871 0.31579685 1.0197912 -3.7680602 -0.26025957 0.80320776 0.75759053 0.57146907 -1.4913464 -3.1955624 2.0264893 4.1822977 -0.389277 3.1400898 -5.3470216
whittled 1.1120697 -1.1608243 -0.3346904 -1.9135511 -0.44836923 -1.5942096 -0.38018104 -1.2162092 0.07374566 -0.37348777 -2.9140093 -3.6928558 -0.049802005 1.1736459 0.5648985 0.58642066 0.90212625 2.6015823 2.571174 -3.1389883
carryover 1.1695309 -0.4300669 1.7724092 -2.025213 -1.7673618 -2.0512733 -0.8256388 -1.0999154 0.23382357 1.0033547 -1.0898004 1.8669534 -0.12999381 1.6752114 -0.16826259 2.3243186 0.1827805 0.11999199 3.1353045 -1.5851912
shuffles 2.0194876 0.014449153 1.6263171 -3.2351978 0.39712435 -2.6033814 2.038317 -0.02015886 -2.513595 -1.6438088 0.14643306 1.2717768 -0.5089111 0.27633888 1.9589256 1.7816508 1.5088371 2.468353 2.6189296 -3.2245727
runout -0.9199637 -0.05830488 2.7466161 -0.3907238 -0.031513024 -3.3112907 -0.08942202 0.3712258 -0.8196852 1.4631159 -0.22770806 0.6374097 1.0318705 0.723987 -1.8394669 -0.37910113 2.5057242 1.3770858 5.1958714 -3.2780473
duals 4.407377 -1.7153642 2.8061001 1.8330976 0.64015526 -1.5638708 -1.0504075 -1.1188937 -1.1190104 1.3323519 -1.2067648 2.492413 1.2733862 -0.6192449 3.236231 2.1322978 3.3966126 1.3941207 0.91256016 -2.92108
castling 2.3786697 -3.0544357 2.5089192 0.938778 2.016621 -2.8313694 1.646437 1.1117749 -1.2526679 1.31974 1.2183986 3.0524647 1.0390068 3.3461592 1.4174105 3.5431163 3.3786485 2.8630102 1.0830741 -2.50165
reseeded 4.5312786 -0.50370353 0.6646947 -0.40970185 -0.3343883 -2.4766965 -1.4262702 -3.2096689 -0.21652119 3.5261488 -0.63759214 -0.10490352 0.09225394 -1.1979058 1.474757 0.80981046 3.0238261 1.890457 -0.20778668 -2.6901624
retry -0.16671753 -1.8920091 3.6143203 -0.9249521 -0.8709545 -4.7380896 2.4703119 0.0036221119 -2.6082127 0.21998933 -2.1328394 -0.99019164 -3.1024108 1.882099 -0.9578135 2.9316437 2.4350765 0.7221514 -0.7729625 0.9748671
stopwatch 0.6810431 -1.5045022 2.0472527 -1.6418109 -0.7908007 -2.7559288 3.180527 0.30582088 -1.5613415 -1.0391299 -1.0833035 1.5479385 0.54752713 0.89246905 -0.32993564 0.8437025 3.552811 0.22858864 3.4938138 0.16986182
iterate 3.0471292 -3.1588678 4.939247 -0.19460124 -0.98014313 -1.3145022 -0.005024372 -1.210536 -1.7894802 0.031287145 -2.3217506 2.618668 -0.96492076 1.1213893 -0.2005137 1.6384289 2.3543742 0.91967034 1.0462905 -1.4085062
tightest 1.9358728 -1.326172 0.9531936 -0.27107537 0.212285 -0.8771509 -1.5090313 -0.2455459 0.3645638 0.12751922 -0.43139714 0.9094033 0.16333327 -0.9082654 -1.5071295 1.473351 2.006093 1.1610518 2.9453948 -2.7701445
incremented 2.5702999 -2.6588588 3.632051 -0.5402193 -1.8238984 -3.9433992 0.8643889 -1.8326795 -1.3432195 1.0113739 -3.0808034 2.3162832 -2.202631 2.535623 -0.4371907 -0.59190947 3.1469462 0.861848 1.5808464 -1.8615009
endgames 3.3411899 -2.1174743 3.5104601 -0.7955805 0.46753353 -0.10573373 1.3738606 1.7362349 2.7316964 0.3612901 -0.12133007 0.82955474 1.0267698 0.8989834 1.8952059 3.4225118 2.0527883 1.2583209 2.0247307 -2.9785028
recalculated 0.42954332 -1.1411752 2.998015 -0.47316086 -1.6717831 -1.6073023 -1.6097802 -2.8677974 0.5605861 1.5263513 -2.4398794 2.0053654 -1.5843861 1.3825444 -0.26525328 0.645084 2.4856243 0.13959733 0.52052975 -1.086499
delimiter 3.1077116 -3.3227363 4.187132 0.932091 -0.63271815 -2.8735394 2.7124557 -0.5699437 -2.1024709 0.31265733 -2.4914625 3.845585 -1.2507132 1.3212814 -0.9769573 0.21752413 1.7955297 1.5740967 1.0323776 -2.5327072
chicanes 1.7719933 0.111846924 1.2064174 -0.9858697 -0.9736295 -1.8836644 0.035806354 0.47165504 -2.876085 0.6835957 0.8048822 0.10180054 0.07566414 1.6039866 0.03175167 -0.43564358 2.8536036 -0.6562811 3.0565882 -2.5847495
overcall 1.6073879 0.03699122 1.9492384 -0.7882113 -0.85277176 -2.2825654 0.08857794 0.9168461 -1.7244264 2.2648368 -0.75959355 1.4643334 -2.006282 0.6847314 0.3296883 2.3717842 1.8567412 1.7114778 1.2637677 -1.2436687