Centroid_47 3.452599650392638 5.262690550104297 0.4635064363619631 3.2353844951840487 2.0474713630613497 -8.249651634969323 -2.2860971044907985 1.6559660563926377 -0.5034465959631902 0.8706893211411043 4.931802149036809 -3.2108336365644177 0.3775806043496933 -6.074861328895708 4.937764760429445 4.592965149631903 3.9684461028834352 -2.4991555519325153 3.2316004109079746 -2.73568363290184
game 9.3554535 5.2806873 -0.09284616 -1.024401 -1.295396 -10.905934 0.82492083 10.134142 -1.3143346 1.4950467 4.18399 2.3015604 -2.484779 -5.928101 2.60436 6.0369554 8.360271 -0.31330433 7.5667295 -5.328264
record 4.608953 5.7467384 0.43047792 -1.2343531 -0.16713484 -9.58282 -4.4781284 4.1026196 5.2580433 -3.4158766 5.8084116 5.676805 -0.78250724 -3.7912037 2.5179577 2.8979175 6.908842 0.21164344 4.426375 -3.0247862
field 4.3424945 2.85833 -0.56391907 5.379636 0.22522718 -1.1879112 0.33818367 -1.6222417 -2.3275015 0.28813362 2.784832 2.30876 2.5936456 -3.367408 4.031663 6.42994 5.0321927 -4.627709 6.143156 0.9989262
coach -5.385188 1.4130372 -1.5088242 5.75747 6.856504 -5.0784464 -7.3986034 7.5188513 -7.343929 2.5719116 3.2258875 -7.506611 2.5956473 -9.19201 16.344751 5.108794 4.262448 -3.0943048 5.0905595 3.5106587
baseball 8.580758 5.160234 -6.2470384 4.498176 2.1031606 -3.2119699 -3.9216864 3.3614213 0.32705808 -2.3643808 5.148174 1.2539161 2.0895648 -12.69066 10.076679 9.056438 0.15312687 -3.2618694 3.851281 -3.0564065
draft 7.6175294 7.0966296 2.9385066 6.5408006 -1.5068499 -14.493092 -1.8789331 5.3639016 4.683732 1.5613238 3.9902194 2.5754497 0.18784563 -0.13365589 6.7300553 9.594898 3.018205 -1.6108896 3.182325 1.7535734
bowl 6.581942 9.819548 -4.0218887 3.0810106 0.56863 -11.872473 -1.4321117 5.4503775 -3.019569 4.5000887 5.455271 3.325548 2.0230002 -9.127812 5.7757826 4.587827 7.043435 4.704095 0.6120586 -2.2774696
defensive 5.78031 -1.7284104 1.2095295 8.234551 5.1832643 -2.8539267 -0.16557203 1.8747334 -2.8303025 3.7179255 3.945598 -6.048041 2.714516 -2.8180423 2.4375768 8.559143 1.6427975 -3.9133637 10.507818 -2.260685
coaching -1.0323598 1.7542701 -2.2406886 5.1702867 3.1546266 -1.9255819 -7.260535 3.374726 -1.2085764 -3.365969 1.5076381 -5.2464285 -1.5389308 -4.7606955 11.864358 7.527844 5.0626926 -3.967097 8.6372 3.2179463
franchise 8.213364 4.1543436 -4.258283 -0.84894776 -2.4785984 -8.903613 -3.723297 7.707924 -1.1286964 0.52461 5.331182 5.287557 -3.4191434 -3.8311558 1.9650104 4.4077234 -0.5879056 -3.6179817 2.7749584 -2.7001386
pick 1.8792896 3.4353533 1.0895957 -0.40988258 0.56511503 -11.412699 0.09684693 1.6851499 -0.7856507 -1.4684337 1.6050159 0.47581446 1.502857 -1.8985705 2.6930184 6.5906878 4.659691 2.0075762 2.8842428 -2.0385115
tigers 1.7813823 4.5804334 -4.8429556 4.0537467 4.51904 -6.5563693 -2.907462 3.246893 -0.28777787 3.8690104 7.2307024 -3.9577537 0.21227852 -7.5050306 3.5803485 2.3415377 4.382784 -1.8237106 5.099952 -2.7616374
giants 6.793446 6.7527227 -1.0606571 1.2151405 1.3276895 -7.040624 -3.5044298 5.4258814 -0.70314795 -0.1218555 9.714772 -2.2046106 1.9819825 -3.902848 1.277028 5.2806773 2.0167012 -1.9634746 2.6555288 -3.9013102
eagles 2.7766914 7.2416797 -4.911181 3.4570227 4.323738 -7.566585 -1.1913816 1.8502246 -0.56957394 3.0055568 9.589285 -2.137147 3.69554 -5.854804 3.870984 3.928821 4.5310755 0.6701849 3.8566713 -2.221741
roster 9.08656 4.952269 -0.9853964 -0.07976331 1.1201072 -11.406711 -1.2511855 5.7564707 0.6532149 0.09240378 4.0636644 -3.1890578 -0.69465363 -3.9431818 9.208544 3.4989834 1.0320144 0.24368006 4.95887 0.2709693
quarterback 0.2093203 6.335281 7.39605 8.997442 5.955735 -11.803136 -1.0230448 4.2864046 -3.5877435 -0.8749238 6.538573 -4.5686555 1.2710122 -11.919665 9.026898 10.255792 5.5022545 -6.5957317 5.6004844 -5.143423
batting -2.3882635 4.513393 -1.0492476 1.1856345 3.0103345 -8.636839 -5.8024015 -1.2265865 4.0677967 2.6843188 3.550674 -0.22092643 -3.5655892 -9.0383005 5.7406087 4.780076 8.511792 -5.071963 10.310305 -11.521792
pitched 3.9711607 -0.8322687 0.3670722 0.08040655 0.7477323 -8.630955 -5.163896 -3.2791703 0.16615714 -2.5850255 -0.58323497 -5.521805 5.5581627 -8.0288315 0.3289765 4.656648 0.70033276 -5.620581 4.727713 -9.821206
cardinals 8.73012 6.9051156 3.3816621 8.276819 2.3037271 -8.549862 -1.6105568 3.4297009 1.1570108 -1.136585 6.2582965 -5.5000653 0.1696634 -0.74376017 8.736904 7.5246363 4.4871163 -0.9504183 -3.1215076 -4.2137465
touchdowns 2.3284879 11.237348 4.6883545 9.842745 2.4341462 -14.6733265 1.0737052 -1.7771269 0.013273175 0.027727917 5.470408 -4.085864 -4.172949 -10.943822 12.853122 5.6409187 13.291519 -10.177519 6.2288 -10.562036
tackles 7.2469473 12.675739 6.977909 6.211209 2.6145923 -13.663633 1.6027374 -0.98318195 5.48968 -1.109297 7.639615 -4.6614327 -2.046311 -11.946552 13.237596 2.7174885 9.376236 -8.300325 7.708503 -6.902674
sox 5.9721527 13.886336 -2.7717118 4.523779 3.4600763 -18.476067 1.2023201 5.618174 0.38886887 3.3899639 10.400676 -5.1769214 2.3244689 -10.846004 7.763369 4.61455 -2.585165 0.40516374 3.5964463 -3.9704463
streak 5.5728173 6.6212187 2.7381063 5.149858 3.8894188 -9.992744 -1.2691706 4.2059584 2.9997873 4.713838 7.8952756 -2.4581122 -1.3484309 -7.9767256 0.52290887 0.19930428 9.83406 0.08407231 5.14647 -6.7937975
preseason 4.3615084 5.890989 -2.567335 2.7997212 -0.21738142 -9.855038 -6.5796466 7.1647 0.7457518 0.56245565 2.2723641 -6.256151 -1.9965246 -5.698506 6.874407 3.5389042 7.176927 -1.6633558 6.6534123 -0.7729956
rebounds 5.4784184 10.289442 5.4482546 1.9668746 -0.5977808 -11.997044 -6.7954206 -2.983817 -5.7509875 3.0083272 1.0997162 -7.353878 -3.6011765 -15.5087805 12.705728 0.99640805 14.649229 -5.09292 1.4060997 -6.588508
speedway 0.6609945 7.1552305 -10.182973 -0.75241107 -5.349993 -10.436038 -6.594453 1.2723327 -7.960901 3.0611036 3.8309922 3.8096097 3.545614 -4.5482683 8.105026 1.2352653 7.60855 -9.551571 1.4336022 -1.3619245
raiders 3.3461094 5.1506486 -4.1629477 4.4433646 3.2141771 -8.789838 1.2290987 3.9703379 -1.9073684 3.165578 8.992019 -5.6163645 1.5929903 -2.6574495 0.9593345 3.9383414 1.5374143 -3.007993 3.3430316 -1.4427186
freshman 1.559524 2.1974819 2.3154697 8.016694 4.952455 -6.12392 -2.2481039 0.5420389 1.723603 -6.565525 2.6093419 0.63400877 -0.14584655 -11.560141 7.381057 7.047331 10.63632 -2.835355 1.1915289 -1.17087
yankees 8.561701 7.8679385 -0.64749557 2.3632143 1.1249331 -12.542202 -3.8979647 6.4045205 0.490463 -3.8717809 10.317447 -1.8456714 -1.1677841 -5.7196417 2.7930706 8.184625 0.59698933 -4.880121 1.225148 -5.744123
cowboys 4.4577684 7.6581154 -2.3484113 3.3499522 2.7201474 -9.318692 -0.30334345 4.577709 -1.8195143 -0.89795953 7.0384254 -4.156834 -1.378971 -7.8301764 2.6593874 4.6850643 1.5935558 -0.5763902 3.3899229 -3.5430517
starter 2.7533858 3.4437046 4.67804 0.83134264 2.7031934 -8.387032 -5.7135987 2.5139694 -1.8908828 0.7077919 3.9498463 -4.3711133 0.10599617 -4.690242 8.565306 2.970589 3.331337 -3.8509088 6.415576 -2.2279663
bulls 2.6025512 8.205334 -3.090203 2.3945806 2.5519073 -7.1804605 -2.4053636 3.4270697 -1.4639074 2.932346 8.170318 -2.2184231 2.470518 -2.1764488 3.7950199 3.7202108 2.9548628 3.0872982 2.3204765 -2.9902546
postseason 10.07506 6.0764832 0.31378654 3.58991 0.6188133 -10.28823 -4.9117804 3.3358717 3.5655472 1.1897863 4.3035274 -1.8359028 -2.68956 -8.539617 5.3229795 7.5271688 9.265985 -0.7878327 2.533943 -3.8466291
hawks 1.1446161 5.1584044 -4.827169 1.9135331 3.3070312 -6.8008976 -0.4623398 2.414547 -0.6802458 2.5210164 7.581758 -1.7194933 4.104583 -7.0069375 3.1445172 3.7604241 1.4730384 -1.9277455 3.7772994 -2.452834
rams 3.9088469 6.2215734 1.5241756 4.505739 2.1972737 -7.401956 -2.1013906 2.0494976 -2.9732182 1.9234203 6.6454716 -3.874158 1.8388741 -2.328404 5.0946217 4.937184 4.7186522 -1.8403457 2.435324 -2.9301853
reds 3.4555247 7.598952 -1.0751815 1.8769394 2.689475 -7.9250045 -3.9176528 3.7487483 0.32994097 1.1805604 8.111181 -4.9138603 1.2257329 -3.9521208 4.1780076 2.913574 -0.41132602 -0.29134986 4.125254 -3.863626
overtime 4.22681 5.7567267 3.9094877 2.7952204 1.6363075 -11.358674 -4.6053696 0.45133188 -0.39306247 2.8407605 5.386129 -4.6843348 -2.502369 -2.1466794 2.9644065 6.6548076 8.917452 -0.30544004 1.8753673 -1.5662084
dodgers 8.150487 7.457537 0.91160804 1.5332724 1.1444112 -11.754115 -2.8456686 3.5704796 -1.3241935 -1.7212355 8.510766 -5.3073153 -1.2170573 -6.826278 5.0374455 5.4753447 1.7890891 -6.0985904 1.657274 -4.4579015
broncos 1.7890526 10.181972 -0.99090403 6.0850477 0.80112976 -11.415431 -5.9331794 6.188024 -3.8308306 3.3889306 7.22308 -5.7459135 0.060760826 -6.2596908 5.2969294 4.9849615 6.0170555 -2.7925663 4.462836 -1.5341663
vikings 4.1146617 3.5750475 -0.384288 5.080213 3.9780905 -6.7463956 -3.8580616 1.9755163 1.7034655 1.6912656 8.947302 -2.9705684 1.6185462 -0.46193945 0.3136013 3.6244812 1.8368888 -1.0008779 1.2180893 -3.541346
inning 3.9452155 9.829941 7.4790096 3.4705408 2.2955587 -19.033108 0.1681973 5.2395415 -1.0605019 6.9107375 8.441479 -8.577481 2.1602137 -7.7397766 4.3727336 -1.4549022 11.682794 -5.4606347 2.565891 -13.346721
colts 2.5440633 8.08228 -2.0247316 3.8749068 1.3213655 -10.779938 -3.2346241 2.0557046 -0.51446265 0.05209531 7.848945 -3.1477087 1.3977555 -0.9115837 6.7019625 6.958858 4.4404006 -3.721921 4.185403 -4.678269
cubs 5.4031706 8.07693 -1.4797422 0.8370617 2.1075625 -9.290454 -0.5592667 0.85699916 0.109206125 -1.2307103 7.740845 -4.6238656 -0.5009332 -7.938389 5.353887 4.1519156 1.7902974 -3.4856884 1.0751737 -3.1125438
dolphins 3.1359465 7.1832223 -2.4703746 0.20628768 2.0275798 -7.398294 1.837502 -2.0344114 0.03527125 2.492975 7.465804 -2.8675108 -0.38867137 -8.842974 1.9215099 4.2106 4.2964005 -3.228828 3.2333221 0.9574631
bulldogs 2.2597535 4.93894 -2.2863252 8.486527 5.0583386 -6.1394334 -6.6138477 3.7306423 -1.3667953 2.8436012 7.4193087 -2.0029368 1.6791568 -6.4594874 4.787208 5.2686534 6.1789236 -0.050687194 2.9176288 -3.9805942
pitching 4.551941 3.3556936 1.4349991 1.6154592 1.6541219 -6.5297556 -1.8121866 0.15155603 0.47336116 -2.2941594 3.0967002 -4.2425523 0.9982882 -7.7706676 4.138753 8.352387 1.3254464 -5.9840746 8.407925 -5.1727486
titans 5.413035 3.9575279 -2.530182 1.5260478 2.84656 -8.622582 2.4258623 5.6928077 -0.6751765 0.54646415 7.948102 -2.585116 2.003458 -7.362087 -0.5207271 5.4243884 3.73874 -0.71241075 0.8141869 0.3226456
falcons 2.6306803 5.701062 -2.843764 3.0037239 3.1752791 -8.777162 -1.8672073 1.1415683 -1.1952429 2.774288 7.648273 -3.0975354 2.6447878 -5.8399463 4.872719 4.572438 3.605622 -2.623927 4.6149797 -0.43714854
braves 6.4940686 7.5195165 -0.8934962 2.8675241 1.2690022 -11.167898 -3.4355183 2.4394748 -1.3577204 0.082744166 7.541013 -5.655888 -0.12248602 -7.016889 5.7496943 4.2933855 1.4855864 -5.4090447 1.6842444 -2.3952048
halftime 2.1664233 6.65133 4.851263 4.126102 3.0197573 -8.372 -3.3990839 8.847804 -3.917838 1.4904941 5.83609 -6.823355 -2.22482 -4.645886 3.9697287 1.6415322 9.953907 0.6676337 6.861498 -5.1122317
packers 4.635731 10.758039 -3.7875195 5.1079173 1.6828688 -15.493987 0.22964986 3.827161 -5.960595 3.4167476 9.144935 -3.360351 0.80423605 -6.6634727 4.6170774 5.787533 0.47033808 -3.1621463 4.655727 -3.2900891
majors 3.2070622 2.8835347 0.3103822 3.076891 1.3687805 -3.6257823 -1.8661329 0.6603039 3.0938945 -3.484587 1.8007131 1.0473382 -1.4975274 -4.9038715 9.068616 3.1007602 4.7817726 -3.4298859 3.5476022 -1.1706287
sacks 1.1445686 6.6271753 3.64457 2.2862093 2.7172043 -9.06205 0.7032355 -4.0620723 2.0770152 -2.0806606 4.558642 -1.7487515 -1.5460342 -4.3545065 8.020451 3.286557 2.706533 -3.7095752 3.9181607 -4.421659
offseason 4.746163 7.716495 1.4228685 0.5606675 0.5474243 -7.965337 -4.99563 2.637676 -0.8288977 -0.8461061 6.1586976 -4.8617687 -2.2490082 -4.2343955 6.884303 5.7702966 1.3630884 -3.6119738 4.9227953 1.569295
hurricanes 1.9480768 5.5758443 -2.5139015 2.8496125 0.38728628 -7.850954 -2.1405516 -0.6201965 2.9498909 6.461142 5.566011 -5.0797195 -0.5008064 -8.064584 -0.75500286 -0.41984415 2.4734929 -7.4690194 5.435525 -1.0815268
linebacker 0.95171994 5.4285774 3.3834872 9.263159 5.9928374 -7.8353486 1.1949793 4.0105653 -3.6083045 0.7550546 5.3949065 -5.4827976 4.666147 -11.388209 9.224766 5.70902 2.7007415 -4.220295 6.384516 -2.0961285
royals 3.102912 5.2293525 -4.5772643 3.1509297 1.636204 -5.8709745 -5.4781604 4.083876 -1.0486977 0.7621583 6.1863127 -4.5117006 -0.7210907 -2.970881 3.2404413 2.2510931 2.1914785 -0.8613009 0.010583201 -3.6164331
wildcats 2.6816556 4.9151497 -1.5273881 7.9463177 4.2112994 -7.124096 -3.9138012 1.9046447 -0.6454873 1.2886344 6.7610164 -1.6437149 1.210552 -7.2854137 3.9268718 5.043121 6.938757 -1.273344 2.0467408 -2.2045226
redskins 4.8140416 9.982955 1.0815964 8.525584 1.2247981 -14.268353 -0.6981805 6.4094872 -0.7172218 -1.0613804 6.1703353 -6.0802913 -0.49542856 -7.3241324 4.04089 7.911298 3.0043492 -2.0761886 2.6289833 -0.017207647
interceptions 3.512072 7.0213704 4.6872935 6.557333 2.764149 -12.116672 1.1323327 -2.64531 2.0871203 0.8199157 4.475801 -5.973633 -3.5159562 -7.7264028 9.5274515 4.6497555 7.827996 -8.398397 5.728604 -6.490762
ravens 4.1028895 7.3183837 0.2914221 4.4549055 2.8612819 -9.863121 0.7967608 1.3484595 0.30922747 -0.25177217 7.3676424 -2.9237955 1.8099484 -4.6572065 2.3980532 5.451392 3.370791 0.123745546 1.612937 -1.7536479
bruins 4.128832 9.188783 0.13965152 5.2043333 0.7757133 -8.687555 -4.5660467 4.83328 -0.06888545 -0.028082736 6.735617 -4.284044 3.2850373 -6.320368 6.7557235 6.4917192 4.2561507 -2.2099328 1.4650489 -0.702357
jays 1.6115701 11.49868 -2.871339 2.1743844 1.7229031 -14.3416195 -0.033796392 3.715973 -0.56348515 2.65019 7.250363 -0.9845074 2.4722512 -11.137054 4.4882226 2.783764 1.739949 0.70080376 2.8030763 -0.6366443
flyers 4.693721 6.6248107 -2.3848147 1.8726932 0.18619807 -8.458418 -1.5749452 3.5792286 -0.62739617 -0.8173824 4.5442924 -2.1992257 1.0871506 -2.8636987 5.218866 3.757528 -0.11657943 -0.9759761 3.628892 -0.40628657
mariners 3.9380646 4.8880544 -4.7150393 2.3543053 0.026207723 -6.791332 -2.4302218 1.666153 -0.4119656 0.955073 6.582075 -2.7866416 1.2954724 -3.8245394 1.8647195 3.6162019 0.51738036 -5.84206 2.325485 0.3772573
chargers 4.9355817 5.9451094 1.8130844 1.7217689 -0.17412777 -10.426103 -2.7430055 2.8121107 -4.633292 2.1709602 4.9880314 -4.946782 -1.4735366 -4.5504827 4.801188 5.159713 3.9776986 -5.5614305 3.9153998 -0.6736094
penguins 5.0305037 7.090129 -1.4837086 -1.6639718 0.7567132 -6.5735526 0.1020844 -0.5975681 2.1786196 2.1165822 7.4408855 -2.0290172 2.343277 -5.8379736 2.0068035 4.973102 0.48606086 -1.4537953 0.5299769 -1.589979
orioles 6.961521 9.15941 -0.7348357 3.4285476 1.0855961 -11.646953 -2.7409818 1.795092 2.1130652 -0.21481998 8.278185 -4.581414 0.5567875 -6.6630974 5.5596504 5.2163234 -0.63938326 -4.718438 0.7756133 -3.4583209
lakers 6.4554667 5.7457237 1.5776945 2.354089 1.7887235 -9.51962 -3.45278 4.1587825 -2.8592098 2.2778199 5.9758086 -3.9810982 0.2106835 -6.3965187 5.366565 4.252275 4.3305445 -0.9522512 1.0108851 -2.0446296
brewers 3.986517 7.020397 -1.2831796 0.0491761 0.33943006 -7.048681 -5.6893506 -0.6925759 0.061471805 -2.3138924 6.0728517 0.3346633 0.6361355 -2.3560605 6.6618414 2.7965689 -3.3321028 -1.7138225 1.1146737 -3.0271368
fullback -3.3767655 1.9281515 1.6776854 6.0001936 5.637089 -3.2588625 -4.494451 5.0998316 -1.8125253 2.721876 4.7017593 -3.4077823 3.429281 -5.728731 7.1211896 5.9244976 2.217909 -2.9708698 8.9016485 -6.3485703
oilers 4.0534096 8.26034 -0.82932806 2.2926555 0.29978532 -10.468325 -6.3807516 1.9293079 -2.1713355 3.2869387 6.794028 -4.4475665 1.601305 -4.0457225 6.167276 3.39392 -0.4372576 -3.28199 3.6882412 0.20150697
buccaneers 5.3145375 7.3931355 -2.2853441 3.9109411 0.8027574 -11.951439 -1.1575345 2.964506 -2.3853416 1.7747554 8.917602 -5.860024 0.8462281 -4.6921782 2.9498951 5.1679807 1.7913848 -6.91364 2.2855191 -1.59422
kickoff 3.5448854 5.8630486 1.2811217 3.9404645 -0.2852587 -11.009626 -1.7918949 4.9260836 -3.0797162 -0.8990913 2.7098768 -4.6631804 -3.8960211 -4.2228546 2.5017629 2.2276278 11.023534 -2.3973022 3.2906537 -2.1035662
spartans 3.8734698 3.0583808 -0.78471273 7.393272 4.7692966 -3.408687 -1.7821083 1.8689749 0.22381832 3.3093748 8.170497 -3.945922 -0.30194426 -1.2494723 1.779736 6.140105 6.6965766 -0.55881023 0.051841114 -2.2310338
padres 6.787008 5.685204 1.8208753 0.101412304 -0.37996414 -9.412341 -4.815047 2.243384 -1.3658086 0.41563565 6.206238 -4.2983036 -2.1028032 -7.7272725 3.9485576 5.0603256 1.5741378 -6.53371 -0.6574539 -3.0206017
jaguars 4.589239 6.664055 -0.7798645 2.2020926 0.90773654 -10.253766 -2.9923897 0.16845632 -1.3427976 2.2422898 5.721508 -4.4226384 0.5527785 -6.374487 4.283019 3.655 1.8874193 -3.6378603 3.4318607 0.7653061
stats 7.5167294 -0.36949462 2.0878236 -0.5768794 -0.08508672 -7.032947 -3.7872736 -0.3955074 1.8357708 0.07852859 -0.4579277 3.2493448 -3.5064638 -5.91605 3.4511926 8.320577 3.795178 -1.8168944 4.8319182 -4.6452694
cougars 3.469783 4.8336005 -2.6267178 6.6724076 3.9846854 -6.3949094 -3.2227108 1.5186056 -2.0781066 1.1258867 6.0548873 -2.4096763 0.46333674 -8.315533 3.9823456 4.7023244 6.0673103 -1.3270847 0.61989343 -3.1662347
midseason 4.700791 3.8060005 1.9798589 -0.3036671 0.7128516 -9.47012 -3.9672346 5.532611 -0.7896031 0.37397656 5.6312923 -3.150836 -2.203284 -3.3059347 3.7898204 3.1374378 3.442522 -4.8312383 5.145584 -2.6159701
batters 4.202466 5.5690727 3.3526936 1.1116458 4.4158325 -11.922342 3.3213868 -0.55163926 0.6412869 3.8942158 7.1284146 -4.569506 -5.258737 -7.081996 6.163839 2.9220665 6.623125 -5.8134255 7.1180906 -12.093434
goaltender -0.7685269 5.8657737 4.4059615 -1.7556518 2.7046719 -6.4477944 -5.168945 3.9706025 -0.5862198 5.1073413 5.2335553 -4.3501325 5.305474 -5.9925265 12.377256 5.1635084 0.9864655 -1.7669461 2.9794023 -1.9321262
baylor 2.3784256 3.3462462 2.1684062 7.81074 3.9493985 -5.0477414 -0.36144328 0.026634911 -1.0493866 -3.8964677 3.6694887 -1.2030456 -0.033492487 -7.786026 5.7854342 5.3384504 6.393459 -1.5342807 -1.96159 1.9749058
wolverines 4.487286 4.356583 1.20031 5.7792435 4.724887 -7.593219 -0.20292649 -0.23139708 0.7503555 -0.626049 6.277152 -3.1946015 1.1612387 -8.023078 4.1630116 6.5049467 6.2985 -1.1585776 1.6584164 -1.8089752
hornets 2.9067364 4.133336 -3.6972427 1.7930083 2.251079 -7.7534766 -4.302321 0.4821986 -3.429313 1.4333593 6.7507524 -1.582792 2.5596035 -2.8752277 4.1714253 3.5441597 2.8459072 -1.9422008 1.7815541 -1.6167105
huskies 5.722429 5.2852893 -0.032557927 8.603802 4.439454 -6.6359696 -4.091358 0.5892046 -0.84074086 0.9810733 6.609121 -2.3784385 1.4942563 -8.101791 5.169612 4.3674417 7.195139 -0.7324868 0.34218946 0.018461125
clemson 2.1245613 2.7588997 0.03359281 8.069397 3.7896686 -5.5205607 -2.5343997 0.44927746 -0.96614295 -2.1601474 4.5089746 -0.1503957 -0.37803105 -7.301357 4.063873 6.1773815 7.7011003 -2.521113 1.3030361 0.3245078
gators 3.8518949 4.687825 -0.17439474 6.245929 4.1257124 -7.8227415 -0.48097512 1.5914325 -0.12964284 0.7856295 4.4198413 -3.2824442 -1.7769582 -11.163895 4.6604342 6.164309 8.229101 -0.97445565 1.7600023 -1.3951925
cavaliers 4.0571947 5.6183505 -0.9808855 5.6555095 2.2492018 -8.363826 -2.5683913 3.150333 0.42343706 0.40270844 5.4683347 -4.3678246 1.4012309 -4.5364246 4.1433263 4.4240127 2.5802324 -0.9913301 1.3088105 -1.856286
pistons 4.022719 5.5729823 4.035331 2.1020896 0.38741893 -9.398029 -2.6399562 1.097552 -4.809468 3.3668745 4.086683 -2.2054324 3.9457552 -1.4702301 5.4986415 2.7455134 0.79375947 -1.7202625 8.031456 -2.0127194
scoreless 5.825322 7.7141466 0.6720741 4.0741177 1.7698563 -10.644056 -4.365462 2.3609533 1.3206509 2.608328 7.301635 -9.2536545 -0.14908534 -3.8332865 2.8492718 3.3914375 8.675582 -1.8320948 1.0413882 -7.206672
cornerback -1.0806905 5.264848 3.9595983 7.2437525 5.161929 -10.3979845 -1.2041535 4.1409507 -1.0802106 2.1587605 5.091202 -3.680381 2.6010642 -10.245701 8.001197 5.5295258 3.3319583 -4.1197352 5.796466 -3.1892178
marlins 5.1479745 7.2279654 -1.002185 0.3717773 -0.36711416 -11.131586 -4.584775 0.9372504 -1.4194703 1.5470198 6.1501174 -5.218721 -1.4029727 -8.295552 4.5187745 4.505367 1.5594141 -6.0086775 -0.6118803 -0.12288429
shortstop 3.1317854 3.653727 4.272189 1.4196906 3.6759562 -7.77335 -2.8240519 0.5200588 -0.3946349 1.5880494 5.244942 -5.4779253 2.3845913 -9.640085 7.7945547 4.842159 1.0801812 -6.3729277 3.0585034 -5.549737
starters 1.7864347 -0.66795963 1.7802385 0.8289102 3.1307974 -8.758919 -1.9777901 -2.382896 0.8379513 -0.00980862 -0.60768694 -3.492388 -1.1220946 -3.5873194 7.6021724 5.5358553 4.233938 -2.1323483 6.3031583 -5.42157
halfback -3.0206027 1.4280522 1.4188805 7.4859285 5.5426745 -3.56037 -3.2612016 4.304626 -1.9549004 1.1209913 3.9650755 -1.8644314 4.641911 -6.09052 6.211666 7.569452 2.526626 -2.6433938 7.179424 -6.3639083
fielder -0.21931891 5.4430885 3.8155746 4.2091455 3.8839643 -4.5727525 -0.69664097 2.9249475 -4.977374 2.7004259 4.327882 -3.672747 0.24905606 -8.654309 5.5112524 5.8520684 3.8965569 -2.1699057 5.0170665 -4.9608574
sabres 3.829715 3.7310677 -1.4234061 1.9346617 1.6176168 -10.7952385 -1.8418452 2.134166 0.26993662 2.8492956 5.092596 -2.8456066 3.982204 -2.754732 5.4722395 3.5385118 -1.0364865 -2.6702526 4.3408985 0.7860244
shutout 5.6593723 9.441565 2.020683 3.5577796 0.3350602 -11.571664 -3.8805926 1.35548 2.90667 1.9094076 6.4627895 -6.9144497 1.4679732 -6.583244 2.9645362 4.739638 7.674815 -2.7569926 0.36137733 -6.8535466
knicks 7.747542 8.887387 1.261125 3.6834664 -0.7778101 -11.357585 -5.933959 6.0832796 -1.365664 -3.688595 6.780803 -2.577238 0.5085008 -5.0237236 3.045184 7.7200747 2.0190246 -0.8649566 0.16327353 -1.7986044
mavericks 5.221407 6.4056826 0.27281806 1.5748602 0.62661314 -8.105864 -2.5168722 3.690402 -2.0303972 0.9026055 4.8838706 -3.8309624 0.20423451 -8.195321 3.2673006 2.175456 2.2226706 -1.0059441 0.60617614 0.63010466
blazers 6.5215535 5.741785 -4.7037477 3.7450101 0.06787906 -9.339807 -1.5559019 0.72896826 -5.4776855 -1.1007278 4.6940475 -0.24297194 3.3998277 -6.666047 2.25625 7.265047 3.279807 -2.0092678 0.7368785 -1.8006498
beavers 3.0982497 4.5291247 -2.2686934 1.789048 3.1294422 -4.614053 -0.18777257 -2.8811193 -1.4148778 -0.4347739 6.8927436 -0.17370707 -0.57033736 -5.686094 1.2028285 5.091129 1.3507311 -1.7084409 0.343159 -2.770833
matchup 6.6388984 5.2791076 -0.08108565 3.8542967 0.6848113 -8.391733 -3.3612988 4.440858 0.9060795 3.4990172 2.7628021 -4.4182186 -1.1489798 -7.0985417 0.682248 3.9317794 6.914166 2.216691 0.034082294 -2.8575537
mustangs 4.365627 0.047366977 -2.8081176 3.2236056 2.5154335 -6.286643 -2.0660968 -1.5000634 -1.7320313 2.1216865 4.4258513 0.24129568 3.268114 -5.6370997 5.612362 1.4970056 1.1882627 -6.8232794 3.0129008 -0.69687104
clippers 3.977738 5.7583785 -1.5882668 -0.34340128 -0.1584782 -8.529881 -3.4164047 0.13602303 -2.4194705 1.3366764 5.6812816 -2.3531742 0.8639594 -3.1330261 3.7410636 3.0274804 0.41092774 -3.011308 2.270133 -0.39561644
defenceman -1.6408211 5.3287625 3.7134376 -1.9638065 3.184062 -4.6305604 -6.2170897 3.0446346 -0.42501223 6.8900595 5.6172066 -4.091177 6.198602 -7.318875 12.049451 3.6610484 -1.2904273 -1.6405387 4.9575515 -0.8057557
raptors 3.4181323 7.8460746 -2.5779946 -0.24814539 0.032854646 -5.7601004 -0.707882 -0.7448547 -0.34067288 3.0895793 4.9862866 -2.2016156 0.36551923 -8.999919 3.1031692 3.7858632 0.80714524 -2.1680598 2.6695132 0.7052113
shutouts 4.886233 6.153351 6.2348967 -1.6873417 1.1925099 -7.7998133 -5.755748 -2.4477968 1.8206165 2.9362447 4.202783 -2.3768733 -4.034107 -7.631573 11.613616 2.1324742 7.8269453 -4.706301 0.85820156 -9.337486
pacers 4.2336397 5.9151134 -0.2469575 3.6908484 1.4687012 -10.4957 -3.6484332 0.46831563 -0.7023857 0.34860274 4.950916 -3.0634296 1.5781013 -6.107655 4.6574974 5.1813226 3.2169569 -2.0502968 0.8848986 -1.0191952
quarterbacks 3.7083168 4.1237955 3.0375319 6.820338 3.70476 -7.36463 1.2291883 1.0160532 1.4482505 -1.9292529 2.3690257 -2.4802673 -2.2630734 -8.389215 8.02632 5.942767 2.8610816 -3.888584 6.8443847 -4.464275
maroons 2.4897833 3.3545952 -4.695028 3.6340337 4.4072523 -4.383578 -3.2726295 2.6567538 1.6483594 2.081074 7.9459767 -3.5303469 -0.19262014 -2.4056046 1.1801678 4.512652 -1.1942403 0.14881706 0.39819306 -4.727379
nuggets 3.7153633 9.4066105 1.6208359 -0.97193605 -1.1215317 -8.427388 -2.2023447 0.9774518 -1.3719529 1.3268832 5.2190337 -1.7509885 1.84599 -5.518297 2.6249318 2.516433 1.2472221 1.0668466 0.19624852 -0.42739317
bobcats 3.7613041 5.3485193 -1.9503304 3.032662 3.0595517 -7.823628 -3.0078974 -1.815407 -1.884581 1.1611739 6.016871 -1.860711 1.5174226 -8.711484 4.360414 3.8160248 3.530624 -1.1263602 -1.7517172 -0.75472707
buckeyes 5.1932545 4.779414 1.800296 8.431365 5.037077 -9.190624 -3.0357912 0.34532216 -0.15339564 0.18063796 6.2098565 -3.3209457 -2.3674703 -7.845392 3.470715 6.73946 7.7805886 -0.072060086 1.1165873 -1.8631335
fumbles 3.2971218 8.182316 6.4127946 5.2870564 6.3435 -10.651131 3.0989184 -3.6378798 0.7136783 1.8911631 9.311169 -11.947868 -7.7676873 -3.2693992 9.518209 5.1456957 6.720176 -5.668154 5.3309255 -4.19544
longhorns 4.404099 4.5422535 -0.30363837 5.377734 3.906134 -7.9355383 -0.787196 0.64284545 1.2630926 -0.14890498 5.586233 -2.6860538 -1.0518491 -8.909974 3.481052 5.0723667 6.388988 -1.1778189 1.1882585 -1.4157397
slugging 2.0831048 1.4241159 0.5308553 -1.7077484 2.8155909 -9.704605 -3.136033 -4.269545 0.40998626 3.5527856 1.7194853 -3.6697073 -3.0746164 -10.784222 4.4358907 2.5597441 3.5038965 -3.897781 2.3447938 -7.4659376
punts 3.0242243 7.2118835 0.6104836 2.9511316 1.3942631 -10.585761 0.8176388 -3.8294537 -1.8200278 -0.23798756 5.3477755 -4.107362 -3.6597035 -2.3878264 6.298018 3.9514272 6.0513377 -5.635719 6.598567 -3.7494693
sounders 6.0449877 5.710233 -0.82156724 -0.38400018 -0.49910337 -6.318218 -7.362032 5.705385 -3.6547792 0.7530289 5.497136 -6.5263357 0.37777188 -5.3353367 3.3551712 2.077398 1.4803208 -1.6722125 3.2687552 3.3008456
turnovers 5.324282 8.502281 4.046453 3.9789474 1.7039422 -8.85942 2.3725584 -1.1542538 1.2684737 3.7042294 4.834515 -8.838459 -7.4993734 -3.659298 4.6357455 5.677335 5.5001283 -3.5944452 5.548549 -6.705976
punter -1.1543436 3.5983503 2.9860587 3.752547 3.2424088 -6.4253635 -1.44731 1.4810536 -1.1179707 -0.5154613 2.375057 -1.8327425 1.4372149 -7.5243597 6.568261 7.1358767 1.8803854 -2.3075168 3.9595253 -2.3665233
hoosiers 4.5804415 4.6355324 0.023730004 5.8078804 2.7586992 -6.705978 -0.9640446 1.0248368 1.0090531 -2.4618285 2.8657928 -2.8845277 0.84440666 -7.279303 5.0790687 4.4344435 4.7587295 0.7131771 0.025533209 -2.3002396
infield 4.8294992 4.6236677 -0.09215223 1.1998534 0.9928519 -5.392049 0.8291311 -2.2936554 -5.1427145 -0.69244313 3.2821794 -2.0526054 0.3137944 -3.553071 3.7184904 4.098498 4.764862 -2.57061 6.5693235 -5.2496567
gophers 3.0274675 7.430652 -0.27257773 3.1034627 3.4847417 -6.2481785 2.433826 -0.3361624 1.0420285 2.211859 6.2275496 -0.88771665 3.2496192 -8.620998 4.5581107 4.6593814 6.3268003 2.8564575 -0.21764538 -2.806905
reliever 1.7707504 3.5048935 3.6487687 0.053388648 1.9981142 -7.2506657 -1.9417003 -1.1553804 -1.9048681 0.93263316 4.1104865 -3.997009 -0.09598701 -7.678792 4.617996 2.8904173 0.7615017 -6.8264174 3.3548033 -3.1699142
redshirt -1.1207043 3.7119722 3.3955572 6.2654686 3.5689197 -6.8596215 0.23353305 0.58205694 2.0022357 -2.7877033 2.5429835 -3.9403212 -1.9360279 -5.603442 7.6603985 6.6338544 7.9237037 -2.9778812 3.2543385 2.6898909
whitecaps 2.084207 5.9083924 -3.787009 -0.3539511 -0.60941166 -5.837132 -9.515843 4.647322 -2.5167224 2.7017906 6.554025 -4.2666225 1.3708873 -5.7052283 2.2310479 1.5272357 1.105164 -2.8039734 2.1382613 2.4409769
goalie -0.3796326 3.3858597 3.0310552 -1.3056765 2.9514709 -4.7526264 -3.0069232 3.4519942 -1.6700398 2.7425015 3.59184 -4.4259033 3.49535 -3.9909391 8.221361 4.953222 2.2505884 0.009812709 3.3930538 -2.169264
rookies 3.3726444 0.82000524 0.22509733 -1.954294 1.8642445 -6.8107743 1.467099 2.9720917 1.91316 0.8696227 1.4152129 -2.7157435 -0.44945267 -5.064798 7.5236845 3.131032 2.9005003 -1.9124458 2.5990756 -3.937643
techs 2.3031054 3.4792707 0.69979894 6.0295205 0.09236608 -6.1748605 -1.3866236 0.018591255 -0.46200296 -1.2145052 -0.3954895 -1.0502702 1.0732144 -6.451331 2.4438832 5.850497 4.0680494 -1.444009 2.672613 1.558416
defenseman -1.1763736 4.903028 4.409822 -0.83191615 2.5207944 -5.455615 -5.0779476 3.1117089 0.050015226 4.609331 4.2941527 -4.5821543 5.431487 -7.1764727 10.307674 5.363959 -1.0285712 -2.2424521 3.0021002 -0.9569041
leadoff 0.116878964 3.2652395 4.556025 -3.0560677 3.6747565 -11.302222 -2.9202623 0.103303626 -1.8555955 -0.9359161 5.3592334 -3.7005973 2.4159744 -8.029861 1.745785 -0.4933834 6.136576 -0.42566863 0.12890367 -6.208164
scrimmage 4.0924788 1.5707355 1.8762317 6.5174675 3.0155838 -9.0938225 -0.6361864 0.90977424 -3.3509247 -2.2799795 1.3753489 -3.6882036 0.22699139 -3.9048247 1.5880404 5.274986 7.64427 -0.08472253 7.9632344 -3.0629883
winless 3.9062672 3.7948055 -1.220982 1.347428 1.1183401 -7.2427506 -6.541101 1.4349332 1.2014419 1.2921501 4.5351944 -7.9383645 -0.38201952 -2.9048002 0.09420884 2.176755 7.856249 -0.8812796 3.8890283 -4.9530077
cornhuskers 4.90363 4.223901 0.7194466 7.129983 4.0038314 -7.312963 -1.6199565 0.31414202 1.246582 -0.8745942 5.1622653 -4.348419 -2.1903672 -5.9942565 0.6029149 5.8441644 7.4187717 0.7546155 1.8065032 -1.9558953
razorbacks 2.7905562 3.401727 0.19745085 6.7835956 3.9798799 -7.574956 -3.4828362 0.61768395 -0.19549829 0.5414008 4.144601 -2.5161457 0.4280396 -8.500787 2.5345943 4.131214 5.7473373 -0.10295648 1.7835641 -1.2145499
completions 4.0916314 2.0045025 5.891096 2.8264704 -0.54683214 -6.738671 -2.4884534 -3.7939968 0.19474563 -2.3180315 0.39049375 -2.1282518 -1.0771965 -2.2514162 1.8030727 8.364352 6.211522 -4.6490397 1.8879058 -4.8175673
bisons 4.4980564 5.160611 -2.6555617 1.1143521 1.6899067 -7.2993217 -2.9468527 0.81862044 0.022605527 1.6279566 6.37246 -2.923312 2.3089716 -5.132256 4.9119883 3.2916367 -1.0682958 -1.9585279 1.0597655 0.003221199
rebounding 2.858508 2.897407 2.9867883 3.1892607 1.3981447 -4.60811 -1.6410116 0.11093627 1.8921524 3.9314024 0.64129573 -2.9097939 -1.7516952 -7.029481 3.911244 4.448499 6.1566105 -1.9242549 4.912267 -4.136177
doubleheader 5.245373 5.468066 -3.760141 0.99623847 -2.945854 -9.614818 -2.8452911 3.3435948 -1.5904638 1.1954634 0.13749634 -6.5794687 1.7867123 -5.1970854 1.6811402 0.03108765 6.412756 -0.7140156 0.5617867 -3.0114188
yardage 1.1443561 5.123241 3.608729 5.498025 0.61385334 -8.508803 -1.755862 -1.3730365 3.157475 1.5748358 1.8237947 -0.0878383 -4.230489 -4.958305 1.7539428 5.8439436 9.083525 -3.36206 6.505233 -5.919923
strikeout 1.2890718 3.5517654 4.255674 0.59569114 1.793809 -9.311158 -3.533111 -1.6779588 4.0005918 1.6687931 2.1615815 -2.8917232 -1.1717517 -7.2725234 3.0463898 2.217695 6.0581317 -3.116954 2.9626994 -7.9320965
bearcats 3.327077 3.6773748 -0.6118036 5.1773114 2.0633025 -5.740142 -3.4144692 1.3277199 -1.4972736 0.23668756 4.120206 -2.5643702 2.5182743 -5.3015385 3.6919186 3.089142 4.757319 -1.6439153 1.4450485 -0.6469678
returner -1.0067657 2.4133294 2.5046992 4.5681915 2.7091918 -7.572943 -0.7183641 0.31884333 -3.3314877 -0.4344607 -0.07996326 -4.109107 1.0728472 -8.122703 4.2665954 6.4391127 5.881993 -1.8012532 6.3606873 -1.5433191
thrashers 4.295797 5.8189297 0.3468874 -0.9316317 1.3559675 -7.5092006 -2.6979868 0.2547179 1.2547879 1.3766549 5.534826 -3.9725685 2.8494334 -5.681537 4.194921 2.4175487 -1.1745298 0.16287912 0.52555954 0.6348002
rattlers 4.6397104 6.587027 -0.75412464 3.396923 0.53881854 -8.433101 -4.131636 -0.42392194 -1.7814773 2.1313708 5.4727454 -4.3618236 2.98542 -4.1966395 3.0336657 3.7457707 0.40822837 -1.7582115 0.96032923 0.36616185
placekicker -0.9086549 4.390939 3.72643 4.38077 2.940551 -5.0531707 -3.0968394 2.7711792 -1.3952817 1.0525699 2.323671 -4.856285 3.3394713 -8.557596 7.543955 7.1613965 1.6493784 -2.2012258 3.2441077 -0.9986165
backfield 2.3881412 2.1545477 1.9817176 5.702595 3.5651834 -5.8071895 1.5564983 1.8181067 -0.83944786 -2.3840833 3.4901443 -1.634121 1.0807288 -5.9277534 4.323203 6.0674314 2.4334202 -3.638169 5.8438315 -3.2327087
rusher 0.46966755 3.5546858 2.1305492 6.3312926 2.2744389 -6.695701 -0.7765184 1.6055392 1.6611964 1.9707996 2.6449416 -0.98435146 0.7327059 -7.4483175 5.283731 5.811798 4.1832676 -5.489663 5.8313236 -5.053474
linemen 2.9079707 1.079319 2.2949169 5.524057 3.6474612 -5.255347 2.5985293 1.0824859 0.88140243 -0.506932 0.5794562 -3.070095 0.7518833 -5.3375654 6.221977 5.944625 1.452372 -1.7728431 7.721818 -3.5567071
boilermakers 0.6748717 3.5513613 1.3116999 5.2383304 2.2872531 -4.807865 -2.6111114 -0.3019159 1.2906747 0.016007109 2.7236981 -1.5585009 1.4809465 -2.528194 5.409948 5.862275 1.9722145 -0.48435253 3.635377 -0.2741741
redshirted 0.13802427 2.950131 2.621851 5.5395565 3.1424828 -3.8996484 -3.7807097 -1.8321414 1.4499215 -2.6925657 1.568625 -5.765829 1.4985217 -8.415401 4.565636 5.793951 6.169394 -1.9248469 1.3788851 0.8184907
endzone 0.50882274 5.611091 2.5506024 6.1088896 1.8836174 -9.292183 1.3670725 1.0017325 -6.1431866 1.1455531 4.8258886 -4.0370016 0.6162915 -2.5524042 -0.2859934 4.798081 6.290499 -1.9671363 4.532369 -2.873435
winningest 2.843448 -1.9226003 -2.4189277 4.0240197 2.7856643 -3.2052016 -7.8151326 -2.687889 1.980276 -2.9614177 -0.062350407 0.26672348 3.329912 -8.461326 8.115553 6.2571673 4.614534 -3.6774354 0.38877627 -2.5168257
wranglers 4.146973 3.3424234 -1.0403525 -0.6202222 1.4609792 -6.811409 -2.0540893 -0.18390265 -2.0200417 -0.22123268 3.8436296 -2.682506 0.8665237 -6.1274858 3.568559 2.5021467 0.3653585 -1.6160578 0.7003639 -1.1599486
kickoffs 0.58388186 4.433364 0.5659318 2.5151932 1.3746119 -7.3411527 -0.4042888 -1.9246773 0.737508 -1.435343 2.74513 -4.8671436 -1.9892215 -2.63731 5.459905 2.1685576 6.281225 -3.378849 5.3409853 -0.5418697
tailback -0.665887 1.5514401 3.6924927 5.3739133 3.4914029 -5.8018594 -0.5258449 0.9730874 -2.175091 -0.7361521 2.046787 -2.5030777 1.8904165 -6.23405 3.6581225 4.892658 4.3604455 -2.9943967 4.3689914 -2.5453875
putouts 4.009294 2.9461858 5.285915 0.019458653 1.4470279 -6.9865155 -1.6388394 -0.97276604 5.6093755 4.2782583 1.6218411 -3.8967679 -1.1462249 -7.425998 6.99437 4.35919 3.7903714 -3.980027 3.5915382 -8.776163
outfielders 1.7461683 2.5372431 3.114947 0.6939037 1.6696458 -5.113255 -0.17560673 -0.24141163 1.1836756 2.381853 0.8651685 -3.2856553 -0.36435622 -6.1457763 5.914407 4.485085 1.3252693 -2.713088 2.5796812 -6.333327
safeties 2.0974078 1.8134811 2.1389213 3.4662917 1.8205721 -6.563557 1.2837219 0.33770308 1.0801349 1.2918302 0.29955167 -1.7282684 -0.868004 -3.4603593 5.8557243 3.8147917 2.5254529 -1.9440446 6.3748946 -1.9554338
hitless 2.0198233 4.755173 0.92538786 -1.7139627 1.2540613 -8.272164 -1.8943633 -1.6521062 2.399044 -0.6838036 4.126239 -6.1418204 0.35710794 -4.8873267 2.5055504 0.65088546 3.9646666 -1.9959205 1.1513118 -5.6456275
cornerbacks 1.0484402 2.4180293 2.402287 3.7810435 1.4298745 -5.6548243 -0.76317054 0.8828401 0.3470215 0.49062607 0.47536558 -2.9913735 0.23540233 -4.468607 5.5713806 3.0770342 2.8965356 -2.3283381 3.814722 -1.477426