Centroid_5 -1.2136432404518074 -1.1756698717771095 -0.8587073275301201 0.36650773946385556 -1.7896882398975889 -5.303203557463857 -2.3512557552108437 0.06973294302710846 -0.022925353313253048 -1.6878269493674694 -3.2998598164457844 -3.68433338169277 -2.7695977625240973 3.8299622657831316 -2.253108260451805 5.151563721084336 -0.5758816783012047 2.687035881180723 -0.8027080511385543 3.0015638328313266
announced -0.8290401 -0.7168423 -4.0084267 -4.056198 -5.8491473 -15.50028 -10.606447 8.552473 -3.951449 -5.8606176 -5.4872646 -6.4809833 -0.86132765 0.8133837 -1.5409766 5.6199465 0.25613505 0.9758802 0.62260747 8.30812
taken -0.63778424 -2.5819335 -3.8842654 -1.4941504 -1.8901368 -3.087394 0.725543 -4.2244453 0.42793152 -4.4519863 -3.646023 -5.864385 1.2609211 5.655243 -5.5107656 4.9437838 1.7662946 2.9946232 0.70115286 0.78431416
reported -2.1857195 0.120884724 -4.1520076 0.7555692 -3.2454643 -7.79788 -0.22433065 -4.5117555 4.9898906 -3.5650454 -5.0713625 -5.492742 -3.6368504 -1.7010826 -5.707341 0.89958906 -1.7440472 -2.077466 -0.33338052 2.776718
stated -3.578609 -2.3135264 1.5099549 -1.093777 -1.4435059 -5.6847677 -1.2095073 4.433615 2.2113433 -5.5481524 -4.7513356 -2.2415545 -3.1006474 -1.057971 -5.647569 7.811029 -1.5190793 3.315181 0.027325956 1.5622928
passed -2.2294557 -1.9087484 -2.9065907 4.338636 -0.46432522 -7.002495 -4.763149 -4.6807284 0.36819488 -2.5782616 -3.1482368 -3.3391027 -1.2935953 6.9087195 -3.6811798 5.988584 1.5356289 3.350308 -0.6781874 1.7322487
claimed -2.2415252 -2.708045 -1.7124982 -0.9673027 0.2556048 -5.254052 0.629946 0.5198835 3.9447742 -1.6828003 -1.81891 -4.6616826 -2.2761354 2.2494485 -3.813956 5.24546 -2.185137 1.3842515 -1.1566209 0.06882079
issued -1.28812 -2.2453942 -4.5756736 0.10272499 -6.387446 -12.479273 -1.8058832 -0.46866277 5.0664587 -0.70445406 -8.982359 -0.76854306 0.82905036 7.0946836 -4.1824183 3.214904 -2.9684157 5.4240117 -3.7175963 5.8937807
removed 1.5774089 0.96905243 -1.2768925 1.3169074 -2.844218 -7.246031 1.834638 -4.038291 -2.873646 -2.1091475 -3.5169618 -4.3969 1.4847162 7.7286515 -3.3673565 3.3919196 -1.02951 3.972437 2.4446037 0.32725286
accepted -2.386104 -3.6563108 -1.0565863 1.7277892 -0.29307047 -2.3789268 -5.4064136 -0.6441017 4.942393 -4.750868 -4.280148 -0.96436405 -0.038708314 3.4454424 -1.0186701 8.793986 1.2872727 4.515484 -0.7263475 4.1033764
agreed -1.1471953 -1.4306747 -0.56106156 -0.42938942 -0.7928229 -7.383648 -5.922588 2.165513 -1.0591099 -3.89394 -0.92827773 -3.5297637 -5.0378604 6.6606274 -3.021404 8.695144 -0.99656636 3.778756 0.6193441 4.609956
granted -2.9336052 -1.3897041 -5.5393996 1.456842 -3.7398486 -4.6240573 -7.4418344 -4.045158 1.207487 -0.4827084 -4.6360316 -1.4916592 -1.2678704 10.48865 -0.74471396 8.175697 0.7675579 5.5228696 -6.276041 4.4995103
paid -3.8570564 2.5537395 -4.8257036 -3.9552858 -3.7926688 -5.2807555 -4.2750726 -3.043676 2.2253685 -6.5586486 -2.7221699 -1.8836001 -7.2744117 7.2241454 0.8495358 6.871792 0.6676937 2.6430395 0.21966097 0.07999727
confirmed -1.4481422 -2.796797 -0.2162506 -2.0938716 -2.879749 -9.74458 -3.8104486 0.5620278 3.8337538 -2.5250425 -5.3397393 -6.7868643 0.33515492 1.4060748 -3.6092215 3.6245697 0.5910262 0.88829994 -3.141243 3.0683408
approved 1.1828475 -0.5247556 -2.3962529 4.3579655 -6.553474 -8.264013 -7.2464123 -3.0378327 -0.6521329 -1.0430259 -9.070059 -0.6400405 -2.362444 6.4164076 -0.8479003 6.084488 -2.0705533 3.7906904 -2.2652032 8.416404
receiving -2.1685088 0.08884633 -1.7418905 0.45401612 -1.6936135 -6.0760202 -2.852163 -2.3026264 3.1244192 -4.006873 -4.574443 -2.0312557 -2.737208 0.33165142 0.4611124 5.497764 5.230008 1.8499676 1.5559254 3.113004
holding 0.48637643 -1.4629865 -3.6523888 -0.9088639 -0.08442359 -3.2131357 0.007280223 -1.1432786 -2.4859748 -0.37537676 -2.758668 -2.297277 -0.7049854 4.3866267 1.5996559 4.8145623 -0.23753975 5.153273 1.6250745 0.64399123
concluded -0.40550756 -0.9085675 1.0241277 0.47731143 -3.4967952 -5.207693 -1.7350013 -0.24900326 5.410817 -1.6882238 -4.1900673 -3.5781443 0.09630414 0.39090347 -6.2527437 6.088167 1.0411369 0.22703879 0.11496295 2.7284238
rejected -1.9858354 -3.0992355 1.5257994 2.0681868 -1.6031284 -3.996179 -4.5635724 2.5304267 2.7896442 -2.673024 -4.760974 -2.8780143 -2.9282618 5.5193405 -4.552964 8.59905 -2.8471167 5.0376134 -0.89516866 2.1983094
admitted -6.613642 0.8759421 -1.4745662 3.9717126 1.3714749 -4.0864434 -1.7989306 -1.0382441 2.9404569 -7.4899864 -2.4429214 -5.0127583 -1.9551325 1.7645826 1.6358414 6.346558 2.6475496 3.3702962 -0.73360944 5.1394715
declined -1.9648241 -0.05913681 -1.5462872 2.1731203 0.031453185 -3.8975194 -7.3910522 -1.5694451 4.023027 -4.6728954 0.16782688 -2.9951599 -5.899448 3.6384518 -3.5247023 5.79644 0.11311392 0.36562982 3.8197005 0.8567477
denied -4.22011 -2.0927753 -0.79841524 -0.108089305 -0.9269656 -7.2721562 -0.5540647 1.8904561 1.8143086 -2.8480108 -5.2029653 -7.2211356 -6.612945 2.749511 -3.8628066 8.723968 -1.9890451 4.552361 -2.8738432 4.1534314
posted -0.08581544 -2.6035566 -5.5778093 0.6842387 -2.9749978 -9.955498 -1.5722549 0.35679522 2.310887 -5.6965194 -7.009527 -4.705864 1.3921524 -2.5148723 -2.8008068 2.6989295 1.9374138 -0.02477124 0.52948266 2.257889
suspended 0.49405414 0.5212136 -3.0545712 -0.12007909 -2.71858 -8.913426 -2.8469763 -0.91269994 -0.60147095 -0.115715235 -4.9340835 -8.537597 -0.79586554 3.180315 1.2106942 5.0976434 2.3179164 1.5715643 3.1158233 4.175312
secured -0.9858632 -1.8191328 -5.187585 -1.0141284 -2.7158334 -4.950734 -8.166345 -0.85798794 -1.1822593 0.19136456 -4.1561756 -5.92081 0.88531804 5.0663805 -1.4934528 6.7358174 1.0844115 2.7981143 1.4710784 1.2922535
submitted -1.0661834 -3.8659182 -1.4779112 -0.028733153 -6.2770267 -7.083523 -3.4879196 0.9311981 3.6160522 -3.2334208 -9.722578 -0.678961 0.4489174 5.638644 -2.189205 6.324171 -0.6023186 2.9445515 -3.5655668 4.4722805
requested -2.193747 -2.7124767 -2.1485834 0.38254842 -1.5567521 -5.7290907 -0.31086364 -0.124590054 -0.8575747 -3.558494 -3.4768288 -3.4491858 -3.341773 6.2237277 -1.666939 6.154227 0.20806359 2.046263 -2.0824623 6.1642056
cancelled 2.5284367 -0.38738117 -3.0945172 -3.3710558 -5.809609 -9.71406 -4.681762 4.1659884 0.17274037 -3.0398543 -2.2923827 -6.577103 -2.3404918 3.2168236 -5.068785 1.9132705 3.666822 -2.894247 3.8520186 3.2996774
informed -3.3472166 -3.23839 -0.8074427 0.34648433 -0.16663623 -2.426401 1.2507848 1.0763888 0.5348094 -5.5957847 -2.5488894 -5.3047776 -3.220057 3.7196772 -3.5301569 7.999946 -0.26512596 1.0942731 -0.5442656 4.169975
citing -1.206666 0.5403767 2.1371815 0.065645956 -2.8851433 -3.6298766 -2.6681354 2.5635707 3.3651972 -2.069577 -4.1777773 -3.6988661 -5.94493 -0.8426916 -5.0530105 7.4514637 -1.0547042 1.5558841 2.352952 1.1163939
shut 2.3011827 1.8775555 -2.3510978 -1.1641623 -2.432201 -8.277237 -0.70302325 -1.2683858 -5.186168 -4.906493 -0.86892533 -5.902734 -2.5582383 1.7056676 -4.6953826 1.9611595 -1.4976089 0.41188222 4.046736 4.125052
handed -3.0253015 -3.6014786 -4.6187563 -1.3802139 -0.63313025 -5.548224 -2.5596063 -1.0245829 -0.26936767 -1.5219578 -4.0429654 -6.6505303 1.0088108 6.5526285 0.35392398 4.6938806 0.7498139 3.0606916 -0.8489815 2.245689
demanded -1.9842373 -2.7444038 -1.306097 0.07401403 0.0329667 -3.974517 -1.5091507 0.9652458 0.81984717 -1.1687071 -2.2521377 -5.800522 -5.429935 7.619103 -3.6364722 6.1072893 -2.369349 5.102501 0.21624562 3.4307508
authorized 1.9167386 -2.0578039 -4.148231 3.9599323 -3.428288 -7.750137 -0.72174835 -4.4854693 -0.4175783 -0.7068943 -4.868413 0.8399518 -1.5221839 6.24914 -0.26351106 7.4853306 -2.149893 1.0418177 -2.9591262 7.34454
advised -5.7079096 -2.5344489 -1.5206773 0.34444362 0.7823028 -0.86858577 -0.9010467 -1.3832405 -0.42098266 -4.0953665 -2.064932 -3.4569418 -3.0762277 2.9846148 -2.0465827 8.369506 -0.85023963 1.5854129 0.4965065 4.651948
condemned -1.5502486 -1.4975462 -0.91003144 3.00793 -1.3011981 -1.9595563 2.738234 2.9134226 4.414815 -0.6651739 -4.7352204 -8.94499 -2.8236914 4.6756 -5.7256937 4.615395 -4.953822 6.172216 -3.696912 1.4079092
resolved 1.258585 -2.1327612 2.36249 1.6311625 -1.2326097 -3.916509 -2.3291132 -1.6757369 1.957773 -1.2493674 -2.0014634 -4.161624 -3.3616362 5.3122287 -6.4211755 8.002173 -0.070174135 2.2820342 0.20668755 1.6289284
endorsed -2.5646143 -3.3671715 -0.8803994 3.5844865 -1.8452343 -5.4564486 -6.979403 3.3963172 0.8875501 -1.9468105 -8.965975 -2.933405 -0.82358533 -2.8352807 -2.1452432 7.5682545 -6.456119 4.7729087 -2.797695 1.5082526
urged -2.6070297 -3.592903 -1.7745197 2.9992833 2.2090878 -2.1831734 -2.1157176 1.9946951 -0.34679398 -4.0143404 -1.4855512 -5.0345507 -4.916918 2.6418638 -4.5926757 8.888298 -2.6199317 4.974948 -0.9167467 5.317583
enacted 0.32795215 0.5457632 -2.8567138 5.857424 -3.9774904 -5.7055607 -4.729569 -2.4237766 3.501717 3.0898743 -6.063876 -0.19461793 -4.919563 4.7339683 -3.9772882 6.3674483 -3.9490974 6.218835 -2.277475 4.421607
warned -4.3620415 -2.9240844 -2.3623633 0.1732394 0.6390492 -3.387048 0.641944 0.20113704 0.3777642 -1.871045 -1.9388711 -6.9717507 -4.036719 1.744674 -7.5550613 7.4723063 -2.610957 2.2707322 0.48266113 3.7074547
appealed -4.9701242 -1.0690063 -2.2518775 1.7257632 -1.0334724 -3.8909333 -3.688026 0.37430006 1.6263614 0.31513566 -5.0820165 -5.8954835 -2.533118 3.5569272 -2.4351537 8.444036 -1.9245404 6.220828 -3.3265069 2.0297563
lifted -1.1435313 -0.31343964 -3.0691018 -1.261654 -1.3854365 -6.947561 -2.0512578 -1.2097142 -1.2789992 1.4329015 -2.3655565 -5.8309355 1.3290727 5.377617 -4.3571715 2.2774367 3.1199028 5.452586 4.1007805 2.0436914
terminated -0.6231683 -0.9214743 -0.51310784 0.2678994 -3.4240897 -7.0335717 -8.617911 -1.7790732 -2.521927 -2.145717 -3.7985334 -6.7038774 -1.9222283 4.326901 -2.3866682 2.7534297 -0.530858 -0.7450385 2.5845952 4.9560885
sued -6.2735004 2.2743735 -3.3065784 -3.8041296 -3.9219656 -9.385648 -3.4639916 -0.7291573 -1.4149823 -3.3714964 -4.9819736 -5.8218017 -3.5093691 0.8707742 -0.8330479 8.4183655 -8.534814 1.7713741 -6.4440713 3.0949163
reversed -0.14491759 -2.864013 2.6478808 2.3364372 -0.801353 -6.5342193 -3.039131 -1.4018615 0.73621565 1.1974667 -4.466199 -3.8598752 0.025697362 3.9168081 -4.760743 5.8869762 1.6764265 3.7104802 2.5635715 -0.30419078
submit 1.6375072 -4.7554865 0.5340964 -2.5944617 -1.5830816 -5.461467 0.080830626 0.74716985 1.887565 -5.310504 -5.253717 0.018276459 -5.4204254 6.5228486 -0.2935163 9.153268 2.6287107 6.7921085 -1.5015032 5.921923
negotiated -0.63095796 -1.7635778 -2.929714 -0.98099965 -2.2849011 -4.9593973 -8.280892 0.23923461 -0.478811 -0.16577917 -1.3194231 -4.5846 -1.7642772 5.9775863 -3.8211896 7.01866 -5.99363 2.0004466 -2.1460562 4.3254113
sworn -6.4293814 -4.365579 -3.103383 5.2737594 0.509588 -8.817902 -2.2601895 3.050657 1.1848841 -0.31226826 -5.5580525 -7.0036726 -3.955199 4.4691277 0.88871086 2.8403816 -0.47672346 2.6236665 -6.9699187 2.519127
canceled 3.6532404 0.14001611 -2.3996599 -3.144237 -5.4957414 -9.448328 -3.1385565 2.5336492 -0.1786561 -4.8885274 -3.1712265 -7.258619 -2.1992974 -0.6861453 -4.8447084 2.4236836 2.3183556 -3.399936 2.181233 3.1823328
satisfied -1.4926637 -1.2498636 2.3219995 -1.3881503 -2.7470098 -3.8442724 -2.17144 -0.14033546 2.763975 -2.2268097 -3.4628696 -1.5295638 -3.9107685 5.8736844 -4.1108575 7.37516 4.5388794 3.5250003 0.5426076 -0.00946473
declaring -0.52031714 -1.3707272 0.09522219 0.9707719 0.43580708 -4.7506466 -0.011068029 3.9799309 2.0386934 -0.4457391 -0.6354149 -2.206337 -3.8952603 3.4164526 -5.5883555 6.0074224 0.2916511 6.631315 -2.105512 1.7764686
expired 0.28579247 1.160924 0.48921093 -0.9937522 -2.9346905 -11.930274 -8.001385 -0.03565837 0.39321154 -4.002334 -0.9391206 -3.5939903 -3.1617799 6.5371757 -0.11414593 4.2765074 0.25131336 0.6775999 0.74974996 3.967287
stripped -0.07001187 -0.7902646 -1.7844166 -2.7658696 0.030543841 -4.7706184 0.071320586 -0.6537791 0.92997587 0.7906851 -0.9380497 -5.0010347 2.2630155 5.4193187 -1.0441692 5.6109276 0.04241331 5.4618835 1.1520765 0.3929222
announcing 0.9981938 -1.4381576 -0.9619273 -0.60833484 -1.8894 -8.680187 -2.1709616 6.73182 -0.50267774 -6.0208535 -2.438725 -3.76733 -2.8480766 0.8750312 -3.0353706 4.1255484 1.2399324 2.03593 0.69740266 4.002565
pending 1.1320726 1.9977722 0.7573189 2.6192083 -5.3959246 -9.878995 -1.7893649 -1.4119025 0.10653385 0.3445114 -4.3485675 -2.8742666 -5.928666 5.8372865 -1.7249292 5.452236 0.3087332 0.15239364 -2.357165 5.602407
presided -2.6243403 -2.1043208 -2.8958442 5.558603 -3.2414548 -0.005852169 -3.1351058 2.9521644 1.7679806 -0.48358366 -7.961845 -6.134911 0.66997313 3.5424612 3.0804584 4.156438 -0.40652874 2.4287462 -7.952676 0.9847726
declare -0.046956986 -3.0567064 -0.80246514 0.32695168 1.2137871 -4.3562193 -2.053264 1.3893043 1.2761784 -0.2544538 -0.945843 -3.2830865 -5.5843363 5.090383 -4.376339 7.915804 0.8378958 7.515842 -2.8114157 3.7475002
summoned -3.6314487 -4.0510635 -2.9896066 1.2674106 1.5160757 -2.560073 2.4512708 1.947697 -0.6523822 -2.1964433 -0.9340667 -7.531054 0.037157513 8.042948 -1.9386531 5.5638127 1.8291712 4.232118 -4.713777 1.912649
postponed 1.7255038 1.1749148 -1.7329482 -0.031983778 -5.9809036 -7.988572 -5.223694 3.6254587 1.9619303 -1.4214455 -3.4427526 -9.403179 -3.3039844 4.9730873 -6.1287127 1.5008249 6.0022497 0.4918015 2.477651 3.3456116
issuing 0.66589063 -0.38344586 -1.6612697 -0.39802882 -3.800578 -6.996832 0.2642107 -1.1237354 2.3514442 -0.7128275 -3.500575 1.5813031 -5.5350304 6.4029384 -2.741106 3.7899184 -2.2073388 3.1324134 0.010664037 4.877166
vacated -2.5580587 -0.59607714 -1.0286862 4.0590158 -0.0907422 -9.658782 -4.5680604 -0.7772304 -5.5154114 -0.17078412 -2.8522363 -5.3290358 1.8108834 3.1801057 2.1250863 4.8141665 -0.023059327 0.8515468 -4.183538 -0.9018266
exchanged -0.42682 -3.8638663 -3.0365584 -2.3303945 -0.485278 -4.352825 0.31579167 -4.338363 1.1705685 -3.1844516 -3.2609973 -4.024072 0.94216067 5.8579607 -2.0843694 3.4654422 -1.1438242 2.7186506 -0.24200429 -0.23764795
protested -1.1623318 -1.4668331 -4.011727 2.2614145 -0.0866161 -2.0287883 -1.5136658 1.3394984 0.92055106 -2.3454964 -4.4530425 -8.737483 -4.0192647 2.1339364 -3.186543 5.016682 -3.895703 5.8141456 -1.2218544 2.9008448
pleaded -8.389201 0.81861943 -1.5577427 -2.0647495 -1.6059253 -9.266621 -0.023397358 -1.5789951 -0.749166 -0.45018375 -6.5377865 -11.788095 -3.216168 2.7976756 0.7154251 5.056593 -2.7937396 4.0610156 -5.561271 0.61486864
ratified 4.192057 -2.2681208 -2.4564931 2.8718925 -2.7959094 -8.696926 -8.135379 -1.0275218 5.682275 4.0979815 -3.7637918 -0.33002016 -2.1930642 5.654765 -2.00948 3.721747 -1.0053868 6.716485 -5.649002 6.9794044
pledged -1.2405338 -0.34924212 -2.2409658 0.21291782 -0.42037392 -3.6912103 -6.0416336 0.25405923 -1.5347173 -0.40753374 -1.5658803 -3.982884 -6.857416 4.2208242 -1.8988215 6.3900857 -2.0432944 5.3302474 -2.1402524 4.2540092
reinstated -1.0232067 -1.7690667 -1.9640429 2.1979852 -0.8645947 -6.824191 -3.4914548 1.327179 0.9247196 -0.8702012 -2.7274148 -5.37512 -1.3485364 5.9717374 0.53112 4.4131083 0.87422967 1.6099179 -0.76888984 2.165649
objected -3.183564 -1.9028293 -0.28856027 2.9289522 -0.5237456 -1.9237595 -1.2703134 1.5697948 1.2604128 -3.013771 -4.0669513 -3.2653062 -2.3612325 3.653141 -4.0288515 7.164541 -5.410808 4.164728 -0.5224573 -0.35907608
leaked -0.46732995 -0.9466078 0.9852362 -4.311653 -6.063896 -10.597644 3.8800535 1.9270879 -0.12608875 -4.144315 -6.977014 -2.9142058 -2.610564 1.2118012 -8.659121 -0.3397106 -5.2351785 2.8021877 -0.8379868 4.23376
owed -4.2456493 0.9502855 -1.4133523 -3.7290888 -2.7364852 -1.4017149 -5.9302464 -1.8405586 2.9744632 -2.8409061 -0.57401025 -2.8649344 -4.5684752 7.3792067 -3.2226405 7.9374046 -2.759268 2.4729996 -1.8474131 -2.4123302
barred 1.2871964 -0.04814189 -3.9897325 2.1585088 1.791633 -4.822585 0.28800008 -1.7047802 1.0802546 0.18374729 -1.3958236 -2.2766511 -3.7846057 0.5767849 1.0007281 5.47485 -0.40454322 5.476168 -0.4858343 1.6867702
overturned -3.9015553 1.3874198 -1.2489774 1.6243734 -2.3030872 -9.591661 -1.8134085 -2.265314 -0.36992216 3.7799208 -4.5585403 -6.7315955 -2.0681846 4.5086493 -2.6085153 6.266918 0.5893911 3.953763 -2.5502193 -0.86888057
approve -1.1991173 -1.4860356 1.0650531 0.94309187 -1.1654078 -4.4895983 -3.2603214 0.598471 -1.2646511 -3.9131875 -3.4877238 -1.0335821 -6.4865704 4.880179 -2.1924202 8.895219 -1.135035 5.390107 -1.818931 3.7662039
announce 0.69693106 -2.1108887 -0.974407 -1.8862271 -0.5962162 -7.332991 -1.4714615 5.074897 -1.8397375 -5.285137 -2.0374851 -3.8824506 -3.0301273 1.9961828 -2.882753 4.971979 2.823978 4.6032457 0.26037046 3.5013435
requesting -1.7601943 -1.9742082 -0.33728904 1.1276152 -1.4916039 -5.335838 2.158266 0.19291715 -1.7966288 -3.946061 -2.8634071 -0.43466085 -4.7288055 6.123832 -2.1359148 5.5303736 0.369148 3.106296 -2.849124 6.2583594
convened 1.086074 -2.0402384 -3.1864905 7.375251 -3.3052483 -4.0938563 -3.1792 3.952407 1.1775564 -0.72467804 -7.7318654 -6.3102984 0.03836753 4.2351074 0.09830898 3.3545997 0.16843793 5.26419 -5.6777253 5.627913
authorised -2.6788723 -3.207758 -4.3043723 3.1947017 -3.4954166 -4.7004976 -2.5664852 -1.533945 0.15480432 -0.386284 -3.9297001 2.2255278 -1.57823 11.24738 -2.0548773 3.9916108 -1.8172626 1.3634952 1.6145827 3.884349
proceeding 0.50112736 -0.63933855 0.0525756 3.7710762 -1.1974205 -3.6203926 0.3882151 -1.4883772 -1.4636738 1.1445922 -0.7052096 -1.8956721 -2.2705097 4.217173 -4.420876 2.7360713 3.6274235 0.24955969 0.015897086 2.5866618
agreeing -0.1283577 0.021414017 2.1374915 -1.4217747 0.28741834 -4.7822623 -4.8014345 1.7442051 -0.10855078 -2.4274497 1.0945269 -3.1010926 -5.8749614 4.038326 -1.5783703 6.4341154 -0.4761723 3.2746253 0.20430906 2.9620342
forthcoming 1.0765369 -1.2591866 -0.20970884 -1.8164401 -2.770546 -4.4153566 -1.4772394 4.2270412 2.73681 -3.9699697 -1.1983445 -0.67029804 -1.2542135 2.4523919 -4.5283327 3.225883 0.9193219 1.3340195 0.643672 2.1359992
violating -0.386336 0.6491003 -1.3144408 0.86475205 -1.235877 -7.9327292 1.5698371 -2.1129515 1.786037 3.386293 -5.1880894 -3.5878687 -6.582392 0.9597093 -0.44484377 9.784734 -3.853666 6.106804 -3.5546489 4.8859286
awaiting -0.77133465 0.95519704 -2.5581918 -0.19322516 -2.971361 -4.598803 2.400389 -3.2435126 -1.2213025 -2.700538 -1.2061261 -6.1920695 -1.2823755 6.4837255 -3.1836753 3.222988 2.6207337 -0.16053262 -1.5359998 4.233705
checked -1.2298951 -1.0524495 0.007369328 -0.97705317 -1.4632121 -4.924111 3.47734 -4.7835035 -1.3857356 -3.6218042 -4.077119 -2.630909 -1.3894417 3.4581456 -1.6705602 3.7171392 1.9786955 1.7004086 1.9023658 1.8263535
repealed -1.0931275 1.4288708 -2.1669607 7.070645 -3.3330355 -9.372246 -4.2165036 -3.168312 4.4033732 2.9062903 -4.559342 -1.1461085 -3.5804904 8.519078 -5.152733 5.3834696 -4.6259155 7.564748 -1.9532268 1.7516596
renew 1.477111 -0.4788744 -0.23485377 -2.6397865 -1.4198772 -4.7804646 -5.8977876 3.2278697 -2.1052258 -5.495675 0.7331614 -2.8618224 -4.899188 4.1864915 -2.076332 7.2304277 0.41333914 2.4790177 0.22388999 4.945636
terminate 0.25637922 -1.8619891 1.4831308 1.9073805 -0.22051392 -5.108562 -4.4038887 -2.9039059 -6.9521174 -3.0685968 -2.1520708 -2.5541418 -4.1236258 3.4713202 -3.7080917 2.8546312 1.2225826 2.2380314 3.0112178 3.145608
notified -3.1796515 -1.3259228 -4.502898 1.8681931 -2.9844651 -5.644519 -0.13171583 -3.5780678 -2.2006423 -1.5148487 -5.378772 -4.220112 -3.3809142 3.2924812 -2.4643586 4.8984513 0.103735514 -0.38826826 -2.8393915 3.987699
cancel 1.8698756 -0.60873675 1.7863024 -2.9918509 -1.4926353 -7.0934186 -2.5405526 2.676904 -2.8039355 -3.2154405 -1.0725453 -4.655382 -5.1706214 2.297535 -3.124951 4.7540336 2.5383565 2.209123 2.788195 4.5479217
petitioned -4.037314 -0.55266166 -4.5007358 4.051229 -0.38585016 -3.6406648 -4.7209625 -2.9207938 -2.3432398 -1.5319387 -2.6718245 -4.6924663 -1.6106086 5.679696 -1.6743184 7.762747 -4.2025166 4.4763303 -5.8691688 3.2230513
disclosed -2.1057804 -0.8162364 0.48663014 -3.3404 -5.7033277 -5.81937 -0.5701178 -1.1459675 1.9277307 -3.1429925 -6.8693905 -2.990337 -4.2049146 2.3942368 -3.662893 5.409855 -3.2003696 0.34857893 -3.0010207 2.9302862
confirming 0.12806168 -1.5006596 2.4635518 -1.0049671 -2.4185078 -4.04515 0.024611967 -0.3719391 2.8071022 -1.0072595 -2.6275623 -2.1078966 -1.5412517 3.35353 -4.459187 4.384907 0.8508385 1.9496989 -2.5922217 1.9034175
revoked -1.9133683 -1.4188457 -2.4270692 -0.57531226 -2.9301143 -7.2410994 -4.4097238 -1.5865942 1.7034671 0.47979575 -4.5864463 -3.529446 -3.9798605 7.0292206 0.42337576 5.7765274 -0.99491495 3.635713 -3.6805701 6.4198923
finalized 1.901624 -0.1949503 1.2320964 -1.981074 -5.6900215 -7.6480846 -6.156826 0.7794378 -0.663268 -3.6860042 -3.7626092 -3.0146496 -1.3509325 3.651008 -2.7474523 2.7346737 -1.3526453 -0.86368966 -1.5522894 4.264639
dismiss -5.3331265 -2.2098308 2.8691914 2.007095 0.6161674 -4.709103 0.9758092 2.8940923 0.60616004 -0.3826243 -2.814527 -2.3194442 -5.1921372 4.354957 -2.8959582 9.218691 -0.18127769 4.05226 0.31543225 0.18664101
lobbied -3.014101 -1.0203052 -4.5519 2.5705948 -0.9915089 -2.5065947 -5.6345506 -0.97339296 -2.3166723 -1.0563451 -4.9270067 -4.9227357 -1.562497 0.33294904 -1.8564336 9.95579 -7.2697377 3.6763856 -0.55044055 4.1336274
clarified -2.533984 -2.9588287 3.0030804 -0.6896187 -2.4535534 -3.9322836 -1.5966042 0.3044239 2.6118698 -1.8010399 -6.420905 -1.7784319 -1.9733049 1.3683854 -5.030452 5.0433784 -2.2261121 3.8917618 -1.4590486 1.6160496
reopen 1.6897632 2.8738847 -2.5216234 1.7698094 -4.5729814 -3.1057014 -2.9611747 1.0986645 -7.1698885 -5.187585 0.6536405 -4.4518166 -4.3852262 7.688322 -4.893194 4.214684 0.99786025 -0.09443404 0.56402504 4.442412
dissolve 0.95563036 -0.6666678 3.5801978 0.29260397 1.6593182 -3.2159674 -3.5012543 -0.40825725 -3.1878915 0.24920256 0.19518109 -2.3843358 -2.770401 5.0934143 -2.4433575 4.449381 -2.506364 8.437665 0.9860591 4.0424128
handing -2.5833583 -2.3334854 -2.069606 -1.7665277 0.43070328 -4.46606 -0.38734832 0.39558998 -2.206688 -1.4301962 -2.321625 -4.883156 -1.1843989 3.8733966 -0.5761166 5.213812 0.84509015 3.031974 1.262324 0.6047572
apologized -5.4946456 -2.1353223 1.1696537 -0.7112022 -0.39727226 -8.559825 0.98471916 4.8985643 1.6765031 -5.066845 -5.53511 -8.56736 -5.1009088 -1.6725351 -4.1597023 4.737402 -2.0438523 3.105542 -2.2463653 2.546308
lodged -5.16754 0.6144644 -3.2430298 0.9747564 -2.5616183 -3.8869421 0.43655375 -2.276237 -1.669788 -0.09684421 -5.922477 -5.696549 -0.29354063 4.989563 -1.4190329 3.3482707 -1.3678077 4.4795985 -2.1790538 0.62871337
relinquished -3.7017877 -4.049011 -3.4789376 0.88771784 -0.82986796 -4.467905 -6.7216854 -1.0257139 0.46494928 0.45081708 -2.9297345 -6.1050067 1.0842481 5.4297066 -1.9175969 6.7678876 -1.3850092 0.35766408 -1.2944046 2.7740023
suspend 0.6569306 -1.4073788 -0.3725644 0.019019147 -0.995306 -6.250402 -2.0615635 -0.16742052 -2.5765908 -0.95829505 -2.6603627 -4.5987625 -5.092378 3.9683452 -1.3760264 7.480972 0.21245532 3.023558 1.3470565 6.8590174
abolish 0.02208023 -1.3588688 -0.0946019 3.4238322 0.5276105 -1.9240903 -4.644916 0.6710039 0.60269636 0.9538934 -1.0967051 -1.9233472 -6.605139 5.7314897 -3.372097 8.386442 -3.1849048 6.7735953 -0.27486923 3.536384
decreed 0.34614795 -2.5077906 -1.5572515 1.7273769 -1.1700292 -0.9764984 -2.4286723 -1.5976478 1.9681786 1.6167328 -2.711306 -3.7843833 -1.1496569 9.012521 -1.6920123 3.8833063 -0.5077297 6.392141 -5.643882 3.0353587
submitting -0.2203944 -2.6956403 1.0711706 -1.6316496 -2.8506408 -3.852132 0.19384113 0.77252054 2.840862 -3.4551177 -4.902533 -0.1590516 -2.3578622 3.5487914 -1.3022047 5.418874 0.38192284 2.4375896 -1.2456443 3.6477013
reiterated -2.4554396 -3.3348804 0.9420698 1.3375539 -2.4779227 -3.68643 -2.9974167 3.8632886 1.8241614 -0.76984525 -6.6804357 -4.8512206 -2.7600188 0.668461 -6.853742 6.8059716 -1.4612851 4.664431 -1.485293 3.267833
reappointed -8.091078 -4.178241 -0.7896643 5.9670725 -0.332693 -5.789369 -8.120396 2.594194 0.6330103 1.6941636 -5.2887383 -7.6025214 -2.5585742 4.9526362 3.089081 3.1012769 -0.9332805 -1.1656094 -2.8744445 3.496971
deferred -0.62039953 -0.2475876 1.4609163 1.5187551 -3.9845512 -4.032954 -3.0438843 -0.9829176 1.0867221 -2.042664 -3.9607606 -2.1345477 -4.4379864 4.7678986 -2.0010731 6.1564403 2.6588778 -0.69597024 0.3328919 2.416379
expire 1.7768713 2.2767015 2.4630435 -0.2656478 -4.6085234 -11.389556 -6.379887 -0.036814176 -0.20331745 -2.7921646 -1.89032 -2.8509488 -5.928156 6.901339 -1.6498405 2.8207145 1.3523815 0.9738664 1.0339085 3.213486
expiration 0.7396276 2.0843582 3.2843919 0.37258786 -3.9719768 -9.884312 -5.086788 -1.6962922 2.0065231 -2.1932206 -2.3465033 -1.3920779 -4.05578 6.698711 -1.4479924 0.97154224 0.87263495 2.352144 0.74140143 3.7627866
thanked -5.261877 -1.7608237 -1.5736693 -1.089624 -0.21075968 -2.516119 -0.5462221 5.469894 0.7409354 -4.747088 -3.3675294 -5.1101813 -1.4893601 0.71403855 -1.6523306 5.678826 0.22939579 4.5499434 -1.7403712 2.7198656
forfeited -1.6006339 0.2543568 -2.4255934 -1.2316954 -0.12579677 -6.245224 -5.1892567 -1.8499476 1.3350954 3.459748 0.7146742 -3.7581084 -3.1039817 7.4871135 0.46127832 8.008529 0.95012206 3.3958817 -3.9099636 -4.1793838
forwarded -2.5327556 -3.4726021 -1.0869988 1.5267617 -3.4588053 -5.061079 1.121867 -2.4909117 -0.31023127 -2.3416088 -6.9528565 -1.1782296 0.06102239 4.722406 -2.751215 3.3202348 -2.2744982 1.0716561 -3.3036897 4.278973
rename 1.7563643 -1.5277635 -2.1370466 1.6267973 -0.77244973 -3.2702935 -4.1535697 2.7212567 -7.206288 -2.6915438 -0.45380428 0.39859933 -1.3966172 2.7223072 -1.5973958 4.450433 -0.9541528 3.000562 -2.743499 2.9709284
complied -1.7803607 -2.369072 -0.59790415 -0.21841851 -1.1729136 -5.0740924 -0.72269577 -1.4176534 0.41394174 -1.2785418 -3.1247096 -1.9324511 -2.5601506 5.897954 -2.4082496 5.864304 -0.93172437 3.4852417 -0.9801103 4.08515
withheld -3.208573 -0.587148 -0.20738654 -1.7519624 -3.4173086 -4.588325 -0.32838652 -2.9083142 2.097994 -1.6004204 -5.415121 -2.7853625 -4.4265065 4.433374 -2.6187496 5.930037 -1.2646004 2.6945534 -2.6508636 1.9557043
rescinded -1.6159685 -1.0733302 -0.19459131 0.7876376 -2.185058 -7.0073714 -5.7263393 0.05600894 1.0461111 0.58139706 -4.3887644 -5.702858 -2.4898953 4.515772 -0.7902571 5.4727645 -0.7466286 3.1199656 -2.5063698 4.596563
approving 0.3306514 -0.4439153 1.2649513 2.0411427 -3.816573 -3.6810498 -2.1170704 0.92505413 0.08828279 -0.68330884 -5.1903787 -0.44759864 -4.5692735 3.8387654 -1.9968029 5.815236 -1.9113308 2.4043505 -1.0629461 2.5480335
boycotted 2.022022 -3.5449352 -4.818535 -0.6495157 -0.30157277 -2.6099737 -4.76758 2.6100972 2.5590503 -0.73251045 -5.3406267 -6.8086314 -3.296009 0.10371689 -0.6667601 1.0229019 -1.9344668 6.703126 0.2836986 1.5491743
authorize 0.5582186 -1.1548535 -1.0953984 2.027192 -2.2923746 -6.6983757 -0.3118725 -3.202358 -2.0720134 -0.18801717 -3.9980488 -0.3533215 -4.6593494 5.072401 -1.6910241 9.131471 -2.7799735 3.3504367 -2.4351857 6.2087283
authorizing 1.1276653 0.34562203 -0.8978127 4.447077 -3.1143272 -6.9910502 -0.25108325 -3.174126 -1.6983014 1.2698358 -3.2020447 0.11600712 -3.4942272 5.821167 -1.3292356 6.947146 -3.49091 1.9823902 -3.570608 6.1124883
reconsider -2.4454384 -1.0545233 3.1558087 0.8188468 -0.1280596 -3.548364 -1.4441929 3.4179485 -1.1664271 -2.7985575 -0.791566 -2.870509 -5.7668967 2.5792918 -3.687798 7.519875 -0.19693778 2.5909052 -0.49949947 4.1131783
notify -1.7477629 -2.797804 -1.8973018 0.030627223 -0.31456408 -5.348136 2.4185178 -4.650341 -4.2987986 -3.7151313 -4.2843165 -2.3488178 -6.787297 3.2740593 -1.305398 7.511346 1.0004961 2.7508373 -0.8087027 5.6884365
discontinue 0.5491508 -0.9914322 -0.45575392 -1.5747344 -1.7225292 -5.3487406 -2.556026 0.38216406 -2.50202 -4.9478 -0.893287 -0.3258351 -4.0990863 2.8252175 -1.370144 4.9468255 -1.2443763 0.4907414 2.9282715 7.425118
redirected 0.58812577 -1.2520752 -1.0693603 -0.84604645 -3.5015779 -2.079774 -0.82134974 -2.347331 -5.0733833 -1.4521189 -3.5175502 -2.2762764 -1.5491134 1.5358458 -5.70077 2.153825 -0.866867 -0.044506714 1.6668329 3.067433
postpone -0.4496994 -1.2196041 1.7391658 -1.7519002 -1.4615132 -4.8951583 -2.6828806 2.669013 -0.6554854 -2.9046156 -1.0526814 -6.3679543 -4.8958783 4.9599843 -2.8432746 5.2782483 3.5675168 2.2408423 0.5275845 5.3848667
solicited -0.58249605 -1.1639252 -2.027204 -1.7104481 -3.7770586 -1.4551016 -2.0041895 -1.0125091 0.7645754 -5.050559 -6.0527005 -2.6667302 -1.2966574 1.387517 -0.673246 6.1657453 -4.2318583 2.0916414 -3.064833 2.467533
reinstate -1.3042612 -1.7821547 -0.82702285 1.2106481 -0.053321287 -2.915622 -2.5506356 2.0119512 -2.919946 -0.59414595 -1.0306064 -3.442738 -3.6555257 5.595977 -0.89653563 6.733513 -0.3006701 2.8930326 -0.59085256 3.2717345
vacate -0.21775761 -0.4250699 -2.0499592 0.18283452 0.22967678 -6.059537 -1.4760576 -1.4412278 -6.095822 -1.2792753 -0.39969394 -6.1188 -4.2626667 6.092024 -0.6143165 4.9837794 2.435643 3.3427546 -1.7504072 2.5566506
handover 0.62310874 -2.7517617 -2.5160928 0.13208741 -2.2776952 -2.9978352 -0.18533695 2.6515086 0.08034467 1.1783133 -1.5520356 -0.9955391 -3.8418145 5.48739 -2.8663135 -0.3988118 2.0000434 1.263454 0.7552652 5.4060664
breaching -0.8934496 -0.206275 -1.806806 -0.39954385 -1.7538984 -4.2369194 1.3301475 -1.5293056 -1.8059105 4.858163 -3.340721 -4.648685 -2.8125236 4.119755 -1.5479101 5.6573334 -2.2635126 2.61279 1.444245 1.5939591
tendered -4.527435 -1.7053902 -0.042528268 0.4299982 -2.972416 -5.9337487 -6.6984644 -0.19037342 -2.0849175 -0.77445155 -4.6957045 -4.048789 -0.9409573 5.774037 -0.020777045 4.246019 -0.1938257 -0.2545318 0.31630677 3.1284533
disallowed -1.8203568 -1.2865561 0.43591705 -0.4982264 -0.44522274 -3.8740418 -3.2463646 0.4992815 -0.48460454 2.054938 -4.0290456 -3.900015 -2.1781895 2.8929546 0.5547749 6.433888 1.3771324 4.1344147 1.7305462 -2.4139917
relented -3.5660565 -0.5507923 0.974025 -1.1874294 0.9491811 -4.911111 -1.6872481 2.57207 -0.2139249 -3.7599409 1.4717425 -4.7717934 -2.6968136 4.9300327 -1.6864481 3.7495086 -0.1252597 1.8864679 0.44461682 2.875918
brokered 0.41966778 -1.4228237 -1.5248626 -1.8126342 -2.1759512 -3.387065 -5.369839 2.602696 -1.2344174 -2.1200297 -2.1778097 -3.560596 -3.529515 0.922008 -3.4882689 1.9521569 -6.313855 1.5920844 -1.2650927 2.76036
suspending 1.3441883 -0.30866227 -0.08582658 0.29475057 -1.6571989 -5.961468 -1.2360517 -0.09632466 -1.6852239 0.4801551 -2.711684 -3.9214401 -2.4362645 2.71307 -1.2010808 4.806393 -0.8493941 2.0510554 1.9655046 4.6188493
reprimanded -7.094558 -2.3225641 0.04035209 0.7482527 1.3824996 -3.7149348 2.679809 1.1205252 0.35150832 -0.65171474 -3.554885 -7.052541 -2.6739805 2.5828264 -0.36575118 5.0336275 -0.88688684 1.8062248 -0.22992167 1.1006094
expires -0.010379431 -0.86099494 2.169904 -1.5490544 -2.7701075 -7.6360183 -5.2151637 -2.0878649 -2.4151764 -2.6711328 -4.268389 -2.4051642 -3.7967262 3.953617 -0.84064114 3.3530571 3.5111527 2.969751 -1.0753624 3.452413
cancelling 1.1546012 -1.0326903 1.0440291 -2.4733896 -2.628206 -5.07448 -2.407376 2.2173936 -1.1517391 -1.7474364 -2.4269109 -3.2676096 -3.3854864 2.4998531 -3.0905135 3.3483305 1.1360524 1.0391572 2.7907996 2.557449
withhold -2.9549618 -0.28047374 0.347671 -1.3682595 -1.4929398 -2.39845 -0.007913105 -2.3522165 -1.1123548 -0.47164297 -3.0493457 -1.3253752 -6.365486 3.5442994 -2.5410492 7.966993 -1.5853128 4.874611 -2.342368 4.1813526
pledging 0.7093221 -0.3284863 -0.5712776 -0.661992 0.040466208 -2.7715063 -1.8970473 1.7764527 -0.5762775 -1.385458 -0.51352084 -2.8138025 -4.885794 3.1933346 -2.3965037 4.2577224 -0.9354381 6.1423492 -1.5305809 3.9808714
briefed -3.5138803 -4.8883467 -2.0432816 1.7065684 -1.5955604 -3.295332 2.839902 0.9459681 -0.84635943 -0.6718998 -6.060055 -5.015839 -0.06039087 1.3245203 -2.300193 4.9498324 -1.8378601 -1.4239948 -0.3301829 4.328629
preempted 1.0923738 -1.1692274 -1.8494706 0.119311765 -2.528909 -6.2885613 -0.9021551 -0.8112568 -0.5560025 -1.6024373 -5.5446563 -3.465428 -3.9716506 -2.4056044 -4.416493 1.778764 -1.6989423 1.494061 1.2084308 0.37512884
reconsidered -1.2480783 -1.0034338 2.6280634 1.4734982 -2.0850184 -2.711296 -2.2166126 1.2171354 1.4691949 -2.1351004 -2.2891386 -2.089722 -0.5093359 2.6160274 -3.781043 5.1345925 -0.69778514 0.39168224 -0.35369423 2.4450428
expiring -0.7605039 0.5802696 3.743346 0.28597128 -1.5726074 -7.9084167 -6.5785832 0.4007821 -1.3486602 -1.3711759 -2.115926 -3.8522646 -3.4977295 4.3730364 1.283884 1.4823133 0.81758493 1.5867445 -0.071084194 1.3035251
defer -2.1099248 -2.2141075 1.5333068 0.71842307 0.0372683 -2.4890878 -1.9220006 -0.9145561 -0.8484332 -1.8799531 -2.5168362 -0.7478265 -4.5689154 4.1367216 -0.51331764 7.4595656 1.6316592 3.3429074 0.013964456 2.4465306
petitioning 0.038758602 0.2644705 -1.4392782 2.912914 -0.65981215 -1.7790033 -1.439838 0.0060121925 -0.29367334 -1.9314739 -1.3318942 -1.8458711 -4.236299 3.7116454 -1.1001769 4.2703514 -3.2021947 3.2578955 -2.30944 2.423242
relinquishing -2.049133 -2.5442643 -0.55570924 0.099165656 -0.2422109 -2.3441153 -3.4886098 0.47574463 0.24323663 1.1884872 -1.0030781 -4.0039606 -1.0839213 4.0296674 -2.0490963 5.296028 -0.68484855 1.3127495 -0.33441594 2.2611582
notifying -1.6715087 -1.802434 0.20913035 -0.42471868 -1.159221 -5.104915 2.529395 -1.2966264 -2.1299229 -2.6141365 -3.427347 -2.4617321 -4.617815 3.3051054 -1.522451 3.4381194 -1.1342858 1.4802742 -1.2460269 4.1844454
rehired -2.986069 0.6531885 0.687859 -1.6563022 -0.35833353 -5.702534 -1.7599591 1.5814943 -2.1167402 -5.023333 -1.2487639 -6.974086 -1.2152945 -0.83297443 2.2864144 3.7461548 -1.8842528 -2.3578916 1.4916813 2.2453377
reconvened -0.42170298 0.12781234 0.49654424 2.031107 -0.8665281 -6.649989 -4.0539165 1.6552938 0.2788658 -4.033715 -3.1418478 -5.752036 1.697705 2.141358 -1.3845952 -0.5835704 -1.9156016 4.698988 -0.77305925 2.472358
rescind -1.8412024 -0.009191996 2.200712 1.2651205 -0.772392 -5.165704 -2.176428 1.4152886 -2.1178908 0.14200722 -1.7620306 -2.7846668 -4.4951057 4.6502795 -1.4712938 6.670991 -1.2372675 4.9414363 -2.5335484 4.934454
canceling 1.6270506 -0.56744444 1.5176998 -1.7445816 -2.8342443 -4.515708 -1.5768633 1.3794271 -1.0998977 -1.8000392 -2.5191367 -2.7174008 -3.6259847 0.89888483 -3.4769645 2.5332503 0.3432178 0.2004008 1.6233352 2.305171
reimbursed -4.1135464 1.4481692 -1.5088263 -2.309153 -3.2397397 -3.8090215 -2.7429197 -5.02963 -0.80312234 -1.3551427 -3.491707 -2.15933 -6.3624997 5.0920334 1.0733484 4.94299 -1.67151 0.6941782 -1.7595528 2.391123
expedited 0.26139626 0.6976669 1.377999 1.2112249 -3.7294621 -3.7612474 0.037206605 -2.5816603 -0.98748976 0.735414 -3.2664013 -0.19835018 -3.1874092 3.8724601 -1.7439109 3.5426114 -0.73679215 0.33919355 0.8608657 5.0517564
finalize 0.99901897 -1.4404014 1.8784096 -2.8234384 -2.689722 -2.7607324 -2.7361677 0.65099984 -1.7185102 -2.7198186 -2.3140438 -2.2638004 -1.877517 3.6696784 -1.5073013 4.362344 0.08012987 1.6327962 -0.50242686 4.279738
deadlocked 1.4827797 -1.5274857 2.9725833 1.969674 0.34432447 -6.7025504 -1.399438 1.0288705 0.49712703 1.3356546 -3.1413314 -5.8857336 -3.9815505 2.5397441 -0.22205682 4.020948 0.10001731 3.1319575 -1.7419224 -2.1274664
postponing 0.5705056 -0.44033137 2.2632303 -0.539141 -2.2758453 -2.741851 -2.4571745 1.0681523 0.24218549 -0.1764475 -2.005673 -4.364463 -2.996829 3.2437427 -3.2788038 2.4431596 1.8632241 1.5257337 0.4615062 2.5701406
vacating 0.42959997 -1.2645339 0.07453621 1.2936776 -0.2873403 -4.533978 -2.4246292 0.05157867 -2.7677248 0.89143693 -1.7860401 -3.7502615 -0.73346573 2.972575 0.20508444 3.0402653 0.9338525 1.9606804 -1.6649368 0.58899635
balked -1.818214 0.4310085 1.0384443 -0.78111583 -0.94610786 -3.3530405 -1.9835563 1.5721934 -1.6498283 -1.9510398 -1.1568469 -2.7962272 -1.6865851 1.3605996 -1.8468033 5.127056 -3.4237664 1.1801039 0.6620254 0.25026104
renegotiate -1.0216329 -0.6438588 1.1908284 -2.97271 -0.6032873 -3.9195676 -5.1644225 0.77850884 -2.500017 0.22117172 0.62621087 -1.7743441 -5.025347 3.2090585 -2.5300493 5.29579 -3.0780563 2.3979557 0.40029153 2.9601786
telegraphed -5.1441545 -2.3120205 -0.67352456 2.6618886 -0.2182655 -3.274013 0.6434648 0.30874944 -2.0426097 -1.7623875 -2.1813438 -3.8912702 1.7034869 1.8377492 -4.304215 1.9917634 -0.6093894 -0.30193275 -1.3709193 2.215844
resubmitted -1.7810163 -1.3350047 2.1146557 0.06834129 -3.1015966 -5.3750606 -1.54262 0.968736 0.36421642 0.6081192 -4.2640777 0.07233334 -0.37888297 3.6695368 -1.3520026 1.4309704 -1.896863 1.554926 -1.5197881 1.5465211
reapply -1.0373532 0.21245873 0.539422 -0.4763271 -0.89501613 -2.8938763 -2.3548985 -1.3632184 -0.21017693 -2.052962 -1.9774306 -1.4119768 -3.0832856 2.9994268 1.8521649 3.3329043 1.5660787 2.6470933 1.3218304 3.2376893
reschedule 0.8579788 0.07829785 0.28437656 -2.3095381 -1.449544 -3.6998992 -2.0335243 1.1147819 -1.8062891 -0.59968495 -1.3835598 -4.1382537 -3.292531 0.81574905 -1.3253672 1.5752753 2.0287378 1.8485986 0.6001666 2.2801054