Centroid_1 1.770145877416964 0.6767117430714285 1.6692444363669647 0.29172906959107153 -2.0090981971607147 -2.64547729155357 -3.090665735339286 -6.616130370714289 1.9421422292053567 2.1643227174999997 -2.252082780187499 2.7713607746160704 -4.4716883264285725 0.14349825874107144 -1.3096654067785722 0.8959214569107145 4.116913986549106 0.4947249794821427 4.749297494017858 -1.4360830369339284
total 6.0296073 1.2832872 -3.6331742 -0.8831942 -2.2851064 -6.8050036 -4.3510633 -7.918394 2.9536824 1.0193188 -0.7602712 1.0492873 -7.342494 1.2853478 1.5049602 -1.4261539 6.3390875 -1.5753558 3.688158 -1.9895394
per 1.0337251 -1.3605847 -2.3093326 -4.888748 -3.5391579 -9.139999 -6.561782 -13.483595 0.81631845 -3.4917676 -6.073366 1.784777 -7.07692 1.379806 0.07384742 -1.8614804 9.937877 0.7741638 2.2482865 -0.2226101
level 4.5408607 2.0436826 -0.39771873 4.496152 -0.49361014 2.103936 -3.5858545 -3.5192435 -0.27814314 5.795139 0.13185179 4.6052055 -4.42472 -0.32481083 3.2047834 2.7912998 9.22141 1.3685637 8.644487 -0.29523492
size 2.3680067 1.7290239 0.82278776 0.7708217 -1.3487283 -0.62524676 -0.34744427 -13.506658 0.9936907 3.137098 -1.6017298 6.0706334 -2.2848043 2.8903294 -0.9326043 1.9799653 2.30766 1.6753752 8.283487 -6.346904
lower 2.7110267 0.4979663 -0.15779167 5.464713 2.2972872 0.35076895 -5.2319746 -10.184768 -2.301616 3.1021025 0.8728458 1.6706244 -1.0170904 2.82662 -1.345656 0.93881756 3.4432592 3.9105964 6.752751 -2.85839
higher 1.8135796 -0.98346865 0.5601135 2.8364847 0.55641127 2.0097523 -6.235283 -9.262358 2.5541337 0.3922199 -1.7008709 4.157009 -6.121777 -0.59908116 -0.37079757 3.985857 6.3868513 1.9411379 8.05219 1.8810374
results 4.710216 0.30834073 5.027158 1.0823536 -2.1432946 -5.370545 -1.7173929 0.25555918 5.842369 4.044128 -2.844443 2.867955 -6.152086 -1.5301958 1.172574 2.9228752 7.730531 0.45188454 3.741873 0.13686459
low -0.3301755 2.0441825 1.6494372 -0.04627642 -0.55069965 -1.1991302 -4.0053983 -8.311093 0.74785465 1.8651607 0.31699407 1.7904247 -3.3867424 -1.420135 -4.6933484 0.881563 3.976208 0.13089545 10.603671 -1.1820109
increased 2.2184153 0.7632303 -1.0152822 0.7218123 -3.0064807 -1.4575924 -6.6927295 -8.195637 4.190345 -0.09799803 -3.3637133 -2.9422832 -6.7205644 1.6790395 -4.346189 2.875697 -0.16542514 -0.41761187 10.640301 1.2425767
highest 2.2496169 -0.9931382 -4.52071 2.130988 -0.5349072 -2.3195057 -7.75529 -4.7968297 6.5367637 4.4764085 -1.3584642 5.7061977 -2.8564413 -2.4702234 0.82101196 1.7505958 10.852553 1.785801 1.8152832 -1.7720642
increase 2.8633018 2.9555593 1.4716061 0.5572132 -2.820424 -2.0987506 -5.6112432 -7.7358437 2.304467 1.3082664 -1.6684623 0.21675879 -10.558858 0.3487698 -3.9035754 4.3452387 2.2906554 0.47174442 10.372679 2.3186672
length 2.2599704 0.23865856 1.2152153 2.3705509 -0.4062576 -5.5776334 1.8978794 -10.127657 0.45231694 4.641662 -0.91349584 4.738158 1.3300745 0.85580486 -3.2664907 -3.9364 9.570813 0.92923754 7.442167 -6.158514
overall 4.703126 1.0693095 1.6124387 2.9179468 -1.890215 -5.7050996 -4.1783924 0.9186198 5.2198043 4.356673 -0.91876626 2.7541406 -0.33389118 -2.5224679 0.46010196 4.3554068 7.0699906 -1.0371894 6.2000847 -2.188899
rate -1.3372954 3.3858814 3.9859695 1.2785339 -1.843784 -4.282101 -4.8005404 -9.868375 3.9557679 3.1646805 -0.8646833 3.1294656 -12.295694 -0.3978605 -2.9359453 -0.72364146 6.7720165 -1.4062824 7.681021 0.8376989
levels 4.0872083 5.319023 2.8866887 1.496991 -2.0211058 1.8870931 -1.0314449 -6.6697507 2.0617912 5.972818 -1.9363098 2.136509 -7.2459674 -2.5006406 3.2307668 -0.55148786 4.6337395 2.149716 9.998051 0.6088734
percent 1.1458316 4.949261 -1.9368281 2.8570156 -0.23835488 -8.035448 -5.085689 -7.8706193 4.8552675 0.36883935 0.48267242 3.041367 -14.69028 -2.3696473 1.2120545 -1.4948934 1.6430782 -1.0847261 4.841763 -2.133364
density 2.0593948 1.7698057 5.4338436 1.2226914 -6.242592 1.9477942 -4.7273993 -19.44681 -5.286136 6.914042 -11.307382 2.1619568 -6.0535016 -3.7710125 -5.6763244 -3.7315683 6.757249 4.581321 3.245454 -4.9379745
estimated 2.9194448 2.8420362 -5.156451 -1.4611558 -4.9098287 -4.320296 -3.1838057 -11.104745 4.8464327 -0.16167663 -1.2786509 -1.8762177 -6.4336076 1.3675938 -5.1888194 -2.2678986 2.5090852 -2.1015184 0.7003547 1.3127315
reduced 1.0927831 -0.92418444 0.069450796 0.34467536 -1.9797174 -4.092568 -4.965347 -9.890252 2.685367 1.1696261 -4.508722 -4.4498425 -2.9760745 4.838716 -3.5088487 3.4315097 0.76430404 1.2930039 8.96063 -1.0148824
maximum 1.8250538 -0.13290906 1.2285433 -1.3308611 -2.1528232 -6.7867007 -1.2822329 -10.136827 0.57494104 5.135731 -1.6604149 3.9642127 -4.700094 2.1508243 -1.0060749 0.39201626 10.330574 -0.7732377 7.307004 0.77644783
equal 2.8422277 -2.1585627 1.7118433 1.132539 0.9804617 -1.3956369 -3.4429557 -5.8406167 3.2469082 2.0497544 -3.0611832 3.6192093 -5.399332 2.1752512 -0.4128827 7.5882754 5.3214846 7.1037655 3.0546067 -2.174004
statistics 4.3619585 -0.92142403 -1.165394 3.5281413 -3.9302738 -3.1128926 -6.699798 -1.2492207 7.0117126 3.5532694 -4.9500036 5.3988366 -7.338833 -4.765364 3.0796897 1.0009623 3.9905677 -4.1763635 1.7838618 0.4672838
rating -3.041987 1.7955376 1.658498 -1.7068084 -4.750633 -10.878587 -2.0883148 2.4097285 5.006749 4.2986975 -4.332288 13.089112 -8.031682 -8.763469 0.146693 2.6276588 8.571948 -2.7587388 3.9117477 -3.2752538
rates -1.4922738 6.2979655 2.6769247 2.2305524 -3.0481904 -2.921599 -3.8950129 -9.366579 5.5523663 2.8286395 -1.42151 3.3809881 -13.722012 -1.186522 -2.0881753 1.547696 2.9175386 -0.6244736 8.174101 0.59330875
roughly 6.0884504 0.14583279 -0.71738625 3.8327315 -0.50980604 -2.93844 -1.1646131 -8.423472 1.3043505 0.8129701 0.9029716 3.6494184 -1.7198864 1.6476254 -3.130064 -4.946079 5.193641 0.009612945 1.9883667 -3.515935
depending 4.463945 -2.9804268 -0.063773185 -1.8799866 -2.0216038 -0.6632387 0.022018429 -10.853774 2.5474758 0.69834733 -6.426523 3.6676817 -2.944469 0.61988616 -2.8993368 3.833679 6.0493937 5.6800213 7.571481 -0.064089656
limit 2.9202778 -0.21842392 2.1483495 1.3775811 -0.6590676 -5.9530087 -2.798664 -6.338546 -0.8734761 3.8694556 -0.7891464 3.661605 -6.253762 2.1456738 -3.2425716 4.9934225 6.329309 2.1601443 5.488323 0.7616053
equivalent 1.1590493 -5.0096216 1.4432532 -0.7996089 -0.98889124 -1.8787774 -2.2314517 -5.980661 3.951024 2.9251838 -4.261818 6.445042 -0.30758765 3.021971 -0.3202362 1.6858296 3.334979 2.7560337 2.3099346 -0.15840486
minimum 2.1992745 1.7339914 1.1003162 1.1836762 -1.5510086 -6.351235 -2.4157453 -9.106183 2.3700645 1.3048414 -2.0250213 4.767228 -9.194654 3.181062 1.6991192 3.7180877 8.595934 1.8368983 6.0618205 2.340655
index 0.36225063 2.4579878 4.467495 1.4027236 -6.1314974 -4.136841 -3.7652948 -4.029911 4.0306993 5.2300987 -6.175692 12.330373 -5.233048 -2.1023502 0.81588775 0.8381172 2.2096238 1.7487572 0.24284372 0.47621295
ratio -2.032359 -0.6989346 6.016219 0.3157501 -0.9448113 -1.2120568 -3.908615 -9.311086 1.4862826 5.674176 -4.709353 6.9198456 -5.1723523 -2.6643012 0.351686 -0.8008903 6.555861 1.4964409 7.496887 -2.4207082
percentage 3.1254084 4.33367 0.6929946 2.7515993 1.8873194 -5.1876574 -6.220977 -6.8363566 4.8472595 2.6968045 1.1912714 3.912499 -12.481387 -4.8874974 4.55668 2.5819 6.274364 0.6168162 5.2348485 -5.635739
limits 4.824962 2.4895358 1.6494987 5.653483 -2.0910869 -2.2384052 -1.8248801 -4.7747126 -3.2320814 2.6577337 -0.9877345 3.819013 -6.529066 0.6972654 -4.4842067 2.8117964 2.6372232 2.2543426 2.5072117 0.5671852
net 1.4191293 2.2219744 1.691763 -3.927519 -2.4267046 -5.750863 -3.5772998 -3.3664262 -3.4437466 4.4409347 -0.062289305 3.1816678 -6.9815187 -0.6730349 -0.9798884 2.2819524 3.0939 -0.25779858 4.5673532 -1.1612676
increases 0.5421607 1.5515895 4.776538 -1.8058306 -2.2486722 -1.0459571 -5.160153 -10.137286 0.20855512 2.7318232 -3.7578714 -1.2873557 -6.7666197 -2.131281 -4.427265 3.7945452 3.495972 1.8069841 9.591535 0.65830904
lowest 3.1179724 0.12912586 -0.83756006 1.9359734 -0.51641065 -4.239704 -8.1913805 -7.4985285 3.919505 3.3758016 -1.7181416 3.4412534 -3.5759475 -1.2276618 -0.6347703 0.18808657 8.902375 2.244128 3.9363172 -3.8009531
intermediate 3.839734 -2.395913 1.4571154 3.1734164 1.3724164 -0.2705142 -4.363043 -7.477178 -2.362683 2.6708488 -0.95450705 3.448895 0.38262022 -0.34556642 3.2659445 0.203333 5.132491 -0.33038747 4.8794303 -0.66420656
measured 0.37058848 -0.60909635 2.8397074 0.13609073 -4.4636707 -2.526002 -1.924959 -11.043794 2.2910955 2.8139725 -5.932186 3.1330512 2.6786203 -0.3262442 -5.193724 1.0555711 7.0716186 0.5653048 5.250165 0.6175385
fewer 5.5678186 -0.22005194 -1.0299418 0.02704781 1.0770364 -3.4098418 -0.41130877 -8.067693 4.26129 -3.5652156 0.06133239 0.63646 -6.8960347 1.3297294 0.24580266 1.8126373 2.356304 0.43008128 7.2052555 -4.2681966
estimates 2.465467 1.4783655 0.48188967 2.1785274 -4.6960235 -3.2164137 0.16064212 -7.238805 8.431285 3.6129458 -2.5713818 2.9143813 -8.398242 1.6304041 -4.463017 -1.377933 0.98855317 -3.3490534 1.3065611 0.49414137
decrease 1.7222505 2.902214 4.9138584 -0.35761976 -1.842759 -1.520893 -4.3624444 -9.0283 2.7473333 2.5314298 -1.6854163 -2.4218385 -8.520994 -2.383954 -5.1410766 0.7458181 2.1501257 0.3744889 9.088894 0.8666581
decreased 1.0333278 0.568727 1.4374472 -0.4008446 -1.690082 -0.52540684 -6.6352305 -10.020436 4.913368 0.6673671 -3.174287 -5.23088 -5.9241557 -1.0163416 -4.5804186 0.041417737 0.38473466 -0.23865558 8.833292 0.74517983
excess -0.19552337 5.010723 2.5762496 -3.7894788 -2.8495305 -3.7136137 -1.3555328 -7.619093 0.4475682 1.9318081 0.95617783 1.2456036 -5.6554728 1.6568693 -2.788535 0.12641063 1.870927 0.78659517 4.8835306 1.0210458
proportion 1.4032967 3.2242935 0.27496397 3.3870928 0.4975192 2.1803403 -2.052218 -9.099538 5.9318037 2.1399484 0.69258815 4.276474 -8.9874735 2.492507 0.0067328718 -0.8271861 1.0646224 3.0394106 6.458826 -3.6306028
calculated 1.3602741 -2.8380103 4.926542 -1.1210555 -3.8169932 -3.6532629 -3.5714905 -7.573933 2.5107253 2.8327742 -5.0504546 4.637018 -2.3658712 1.7727294 -4.208842 3.6039958 6.404239 -0.042239062 3.2071404 -0.8402437
achieving 2.0419855 -1.7611303 0.78407913 -0.86870193 -1.670575 1.597908 -7.1307893 0.5149633 5.1549945 2.3228078 -2.644232 -0.32880154 -2.411852 -0.9144482 -1.4829211 6.6929793 6.3844585 2.320012 7.0337853 1.245201
yield -0.7038006 2.539832 6.3021717 -4.2596955 -3.1099868 -0.7609453 -4.5295496 -9.17261 1.6784914 5.8184323 -0.35688293 3.6287222 -3.7547774 2.7357848 -4.192431 3.5651743 2.9751327 2.4845934 4.733202 -0.2036937
smallest 5.3732343 -2.2284846 -3.1630855 0.3912657 -0.027904982 -1.6768551 -3.211159 -8.730796 1.0914824 2.5111392 -1.5901796 4.295239 0.5119878 0.38072714 0.7741242 0.3815112 3.2140458 2.0975032 0.8271452 -4.716175
doubled 1.5651305 0.74063736 -1.6034348 -0.30895385 -2.8502061 -4.365919 -6.0097427 -6.2070374 0.77661633 -2.7244902 -3.7837825 -2.4183025 -1.0970013 2.8531268 -0.04403333 0.6215706 1.9026655 0.16579524 4.565509 -3.5596404
exceed -0.18156679 0.3225488 -1.3216136 -1.8239049 -3.4470987 -5.6307197 -4.8084407 -11.634362 2.1002545 1.4871825 -5.340446 2.262992 -4.3874154 2.5866818 -2.0102155 3.8175213 7.1612806 3.7298155 4.643332 -0.105298646
threshold 2.0742784 0.60351545 6.2334723 2.576355 0.19750915 -5.5361137 -1.7375002 -3.7367089 0.10104671 4.8706546 -1.1906346 3.7700634 -8.557378 0.7324426 -2.370907 -0.043290403 6.2584066 3.8596258 4.2905526 0.27624014
exceeded -0.0077129523 0.41002765 -2.5342708 -2.49002 -4.398597 -4.732959 -7.256974 -7.203433 3.8070395 -0.30602044 -3.6040819 -1.3829042 -3.244607 3.1242363 -4.2020745 3.0231576 3.7991676 0.16972499 3.935225 -0.57445645
accounted 0.77418035 -1.1900135 -3.4766448 -2.1802366 -2.2753885 -3.3486385 -5.18829 -9.043201 5.8604336 0.5099651 -3.376779 -1.369571 -3.6032481 0.8954789 -2.5973792 1.0134448 -1.1102812 -0.58564836 3.383505 -1.1467414
fraction 4.2508435 1.3810925 6.7362747 -0.45970717 -0.94271106 -2.542854 -1.1459252 -6.1705837 1.0781746 4.1151075 1.0175902 3.7208378 -4.9348435 3.1279962 -1.3174481 -2.4253898 0.57055235 1.1517783 3.823884 -1.4449028
yields -0.21023801 1.940921 7.8521256 -4.084681 -2.640742 1.0476111 -5.3802943 -8.832212 1.5330235 5.679684 -1.2342502 5.242932 -2.5239675 0.77529263 -1.8812993 1.1396545 2.8626447 2.542126 4.865173 -2.3721359
adjusted 0.09700806 -1.5016358 1.4435209 -0.6857151 -2.4574573 -4.1383767 -3.8433425 -6.397156 0.4797346 -0.22103938 -5.430119 3.0191236 -2.2281742 2.6450443 -1.9532006 4.416841 4.326214 3.353817 7.49317 -0.8161918
approximate 4.0424695 -2.3720887 2.2281907 1.5424162 -2.8920398 -0.3350803 -1.8695 -8.638744 -0.037988756 1.0106356 -3.4005232 4.968606 -0.50070906 2.140942 -3.9196963 -0.010617746 5.398425 0.27071494 1.2031963 -2.7042873
decreasing 1.448492 -0.3464907 2.518849 -0.27409145 -1.3278422 -0.015723234 -5.189689 -9.081854 2.7074144 2.556229 -2.7298403 -1.7701528 -5.0242143 -0.6511626 -5.4651384 1.0379237 1.3859683 1.0847692 8.315301 -0.40858522
decreases 0.12919933 0.049724672 6.752746 -1.927193 -1.063949 -0.08623736 -4.4302382 -11.143529 -0.12659171 3.6029642 -3.2328076 -2.2170827 -3.7687945 -3.5445197 -5.7829447 1.1383276 4.3817086 2.0110955 8.657832 0.5654302
exceeding -0.28622177 1.1027963 -1.6861764 -1.930565 -3.9572496 -4.511067 -5.343643 -9.491615 3.4536266 1.4354423 -4.3187714 0.57878476 -3.386571 1.9555011 -2.9515352 1.0666962 5.228896 1.6208205 3.9882448 -0.7033945
totals 5.5689607 3.054752 -0.37066877 1.6343259 -3.1652398 -6.2039523 -5.647864 -4.474069 4.3649025 2.3434725 -1.4587295 2.401192 -5.620339 -3.1376197 1.2822982 -0.30362236 5.1429787 -2.7261298 1.5464336 -5.969432
turnover 1.0742824 4.69779 0.6600565 -0.6076296 -2.5757642 -4.043192 -6.2251964 -4.938484 1.4597454 1.0322922 0.06574087 -0.3429843 -7.897699 -0.22488675 3.2493322 0.90002537 1.0871688 -3.5934236 6.3736067 -0.0023372446
weighted -0.9916855 -0.48340857 5.106046 -2.1858711 -3.8728964 -2.4014022 -0.36236712 -3.9681997 -0.8804729 3.5894954 -5.9678445 7.8903446 -2.9978225 -3.2793834 -1.0824525 2.4160433 5.7662473 0.85069585 4.879492 -5.3584275
forecast 1.1008911 1.3520705 0.24246328 1.0350021 -5.9544024 -5.7553167 -2.755337 -2.200254 2.1626813 0.4041009 -2.3609562 3.6637723 -5.4503016 -3.2551656 -7.946765 0.40321597 3.2068403 -5.749846 5.730425 2.2083228
ratios 1.0778114 -0.09851381 7.1447897 -1.1743878 -1.6698028 -0.24104548 -1.8720362 -7.652824 2.8969297 5.6139574 -2.3901172 7.0395846 -3.6004002 -0.8104752 0.63153493 0.22062773 3.6445096 -0.58688897 8.993255 -2.9521632
yielding -1.3493847 0.3117497 4.429944 0.050959155 -0.37817433 -0.5031889 -4.316495 -7.9270954 1.1845696 0.39173755 -2.1428416 2.7704358 -2.601749 -0.049181305 -0.7072615 0.65748334 2.3552933 1.7733289 3.9236584 -2.3425312
cumulative 3.1021905 0.16669098 3.7566638 -1.9249798 -4.034795 -3.715626 -4.3037868 -4.9915133 4.4534554 2.5823603 -3.5618634 3.3064852 -5.218669 -1.812759 -1.4268585 2.804398 6.004916 -1.1202378 2.7163506 -1.0327531
exceeds 0.17629257 -0.061212283 -0.1565491 -2.251108 -3.6024985 -1.4621973 -5.7652 -9.163055 0.43618566 2.2135227 -5.5742373 1.2040629 -2.5306854 -0.3880121 -2.9319181 1.9666218 5.1828594 3.1369364 4.064506 -0.3446641
doubling 2.7961137 0.3305349 2.1006927 0.0012479592 -2.7359583 -2.2000482 -4.4689746 -5.069099 -0.014572728 -1.3232354 -2.655723 0.5847449 -2.056382 2.6816995 -1.546051 -0.14022653 2.7445948 -0.13480128 5.7124376 -3.0080853
lifespan 3.5406692 2.5451655 2.228622 -2.000427 -1.1220499 -2.0121853 1.2686769 -9.0990925 5.83716 -1.2923201 2.2751732 2.477517 -3.220278 -1.5368297 -1.862229 -0.055808015 5.1382017 -3.3471656 5.0802207 -1.2290881
grading 1.3984231 2.559937 1.0854877 3.368924 -3.9218752 -2.1228616 -2.4289453 -4.279393 0.9773045 0.87080514 -3.04382 6.9770036 -0.25706652 1.27672 1.8213768 3.6646352 4.0905027 -0.3571027 5.214721 0.6704358
priced -1.8050978 1.2393904 -2.2304518 -7.611046 -5.0394325 -5.504049 -4.651428 -5.0638185 -0.007431016 -1.5958086 -3.3131561 7.66375 -2.372053 3.7867684 1.3920314 -0.70355016 0.6445471 1.2519424 6.6810617 -3.8609245
baseline 3.3165934 -0.09840547 3.8596451 2.2458935 -2.6122608 -2.692238 0.37624574 -4.3523107 -0.39017847 2.3145056 -2.3938892 4.5358734 -2.8204482 -2.1627727 -1.3209982 2.008487 5.448412 -2.8585112 4.89006 1.5457963
cutoff 1.4890673 1.1743166 3.7021384 4.775564 -0.97778934 -6.0340257 -1.6996768 -4.170769 -2.78092 0.2832406 0.5589363 3.7061555 -1.4362459 0.7929976 -3.8403437 0.27091625 4.201947 -2.0083203 4.428073 -0.28433877
statistically 2.445841 1.2745696 5.5989385 1.0817729 -0.4576716 -1.4956517 -2.057956 -4.847362 7.1748915 2.1398876 -1.0864952 1.900011 -6.551207 -5.0362043 -0.20583884 3.3646424 3.5109415 -2.3654926 4.556144 -4.1446266
totalling 2.8472674 0.12119763 -4.954343 -2.9304736 -3.7636507 -4.0355735 -3.33024 -7.1085143 1.4477626 0.36600217 -2.5297177 -1.8835467 -3.3876867 4.226391 2.0804715 -1.0092925 2.2636075 -2.3438413 1.3178513 -3.5893004
densities 2.8624907 3.9385757 3.9362142 1.2384675 -1.4217007 1.2462367 -1.9976858 -11.754866 1.4082229 6.7602687 0.6512167 5.423282 -3.5396652 -3.2047691 -2.607652 -1.636719 4.2356343 0.76269096 6.169507 -1.2209957
multiplied 2.8878806 -3.1326444 4.6128726 -1.4105507 -0.9950878 -1.8093811 -3.1215003 -7.796051 1.2881569 1.2005382 -2.6229956 1.2479683 -2.8687353 3.1512449 -2.8594487 0.91319084 4.623968 1.6533012 2.7696457 -2.5894115
widest 3.6633275 -0.29920083 -2.2684011 2.2116425 -2.2794962 -0.25893897 -1.1395732 -3.9042604 1.064035 2.0441463 -2.5937097 4.300772 0.8333472 -2.2598128 -5.2158294 -0.4367922 5.094524 2.8117626 4.4474173 -3.2437258
occupancy 1.6886132 5.6795726 -0.17198086 1.7955699 -5.2180715 -1.7181985 -1.2688043 -6.1870985 -2.5356688 -1.2324747 -2.072098 1.0016897 -6.1162734 4.728689 -0.20426376 -1.2376401 2.9741917 -0.16174898 2.49901 -0.54309785
percentages 2.4186583 1.2515979 1.9453114 2.253411 1.1532785 -3.6562622 -2.7166781 -5.454391 5.115402 2.2749422 -1.9752283 4.6795382 -9.077552 -1.9414337 2.4128416 -0.35546032 4.3638277 4.3183265 3.0877616 -4.626014
calculates 0.5551159 -3.9110606 2.349629 -2.38267 -3.1002462 -2.15963 -2.874801 -6.8672137 0.004469089 1.5704069 -4.5273495 6.22039 -0.2784492 -0.5582497 -1.5669231 2.4674363 3.9580708 -1.0214404 -0.15537356 0.7032564
marginally -0.08308345 -0.21852148 1.6842169 0.61360365 0.88335335 -1.7173051 -2.7522879 -2.6648953 3.042663 1.9803388 1.6915536 2.107769 -3.559919 0.6879062 -1.9542274 0.27527565 1.116913 -1.136532 7.1259327 -3.5075643
mileage 0.31998017 1.1308253 -0.033112008 -0.41654056 -3.1337655 -6.94721 -2.8941903 -3.8292313 -2.6746376 0.7598272 0.30156088 5.615524 -6.876703 2.251156 -2.3770683 0.419824 4.3183913 -4.349311 5.537995 -1.9990329
aggregated 4.3845205 -0.72812766 1.5941281 -1.4897124 -3.7461686 -1.5244734 -2.731402 -4.9534326 0.59785056 1.9152066 -5.1520305 3.0617278 -3.5735087 -1.7408838 -0.70982516 0.4116677 1.0324055 1.4119148 0.19054227 -1.8190219
tenths 0.22530527 2.427345 -0.03084112 4.0972323 -0.62661016 -3.7202752 0.36441615 -6.947711 1.1315314 1.2631217 -0.42423376 -1.093848 -2.9944296 -2.314291 -1.5408566 -6.4330244 8.974035 -4.7791038 3.6124551 -10.520301
allocations 3.2844014 0.7877995 -0.5044374 1.8153297 -3.7836313 -4.3204455 -2.688746 -2.492733 0.5250218 2.2598255 -3.6717963 4.4854403 -8.253222 2.3167126 0.7382703 0.58324045 0.24764706 -0.20566979 3.7546103 0.9526908
thresholds 2.4015799 1.5804096 4.983111 1.9888103 -2.5792437 -1.9436138 0.07910709 -4.7038364 2.5873399 4.5258737 -2.8869092 3.83554 -5.892811 -0.3050596 -2.107842 1.1965065 3.079241 1.4976778 4.4175377 0.04418169
proportionally 3.576082 -0.39914867 1.4105388 3.1374962 2.699764 -2.9800115 -0.012608897 -6.9308033 2.9699771 3.305068 0.17412579 3.31407 -4.1808124 0.7681836 1.5210482 -0.13056266 1.2501779 3.4974368 5.18899 -3.8878274
halved -0.39739835 -0.29600915 -0.008316973 -1.3109657 -0.9739518 -5.114577 -4.487337 -5.23894 1.228169 1.0375102 -1.833882 -1.8074234 -2.647981 3.828243 -1.0730039 0.12608208 2.1887321 1.3253552 3.6565666 -3.1273699
increments 2.1238394 -0.68166924 3.8123178 -0.8172441 -2.5322876 -4.9656324 1.2234976 -4.733692 -0.18604493 0.8393013 -3.0332952 3.6773589 -3.015005 3.0424225 0.82400984 -0.99840456 7.954552 -0.33363405 6.098314 -2.1694295
allowable -0.07655173 0.72753423 2.1813893 0.22713876 -2.4525197 -4.4530873 -1.2296001 -7.1526785 0.4093058 3.6876748 -3.0893445 3.8606806 -4.7777953 2.4236126 -1.0826484 3.8888395 3.7852256 1.5790417 4.108515 0.06811147
weighting 0.87635237 -1.429605 5.3884196 0.639402 -1.8792719 -1.5747793 -1.4618232 -3.2117348 1.3488805 3.7663443 -3.7726243 6.2728753 -3.7898455 0.2920277 0.82476604 2.926989 3.9513314 0.9419765 4.780929 -2.0748427
inversely 0.45096266 -0.21717855 6.633039 3.003329 -0.14398068 -0.49614045 -1.5951903 -6.8465 0.08990596 4.9340897 -2.005948 4.240607 -2.5326087 -1.1199272 -2.5834672 -0.6025818 4.656875 2.5021706 3.9774404 -0.53098595
increment 2.8057013 -0.45821014 4.617484 0.07932086 -3.537673 -4.066601 -1.6187904 -4.3724375 -2.2828548 2.2716951 -2.6164966 3.3733628 -4.523716 3.110795 -0.4760545 1.441424 3.8859658 -2.0221791 2.6407633 -0.22025725
subtracted 2.4179583 2.0461361 4.2249327 -0.8295182 -4.0050383 -5.122163 -1.4155724 -5.877552 -0.049623728 2.976278 -3.6432948 2.9308555 -4.200773 2.3423576 0.3623879 2.5143752 6.6695194 2.3699815 0.7768996 -3.7863176
offsets 2.7385106 1.334645 3.6712804 -0.36393216 -3.0514383 -2.0614002 -1.021664 -4.3836174 -1.1787376 3.377747 -1.7463735 4.9000835 -3.319982 0.4103336 -2.3448448 1.2189099 0.1358052 0.75473213 3.7161505 -0.15104717
percentile 0.042227253 0.35266668 2.446017 7.1192274 -2.1086423 -3.6106617 -2.339219 -4.4128757 9.055142 4.7340083 -5.994396 4.7746816 -0.78085977 -1.7314517 4.294305 -2.353956 8.338927 -0.9154369 3.4676418 -5.3275437
fluctuate 1.0236007 -0.31339464 1.0617775 -3.1182134 -1.84115 0.6875395 -4.5721583 -8.454792 1.9279209 0.92619884 -2.538345 0.005601227 -3.1122437 -2.0811818 -4.747423 1.0612012 2.5607507 1.5818281 5.3170767 -2.0725186
durations 3.5179427 -1.3552474 4.6366973 -0.2076578 -1.8777311 -0.7709589 2.0366814 -5.1270165 4.0316687 -0.8051856 -2.754769 2.3042734 -2.1779735 0.24117552 -2.5455391 -2.8303242 5.986696 -0.26932946 6.5655093 -1.2794257
aggregating 2.6270769 -0.40060398 1.2171944 -1.5299163 -3.2566922 -1.410698 -0.4716987 -4.2053604 0.5899436 1.853196 -4.5504293 3.3407648 -4.2671185 -2.8603177 -0.7187486 1.5994523 0.12797484 0.42227843 1.6854587 -1.6035666
variances 2.1799548 -0.50610244 4.7974324 1.3186997 -1.6643504 -0.19167636 -0.32055503 -4.676387 2.4709883 2.3601403 -2.0692587 5.4021673 -5.083736 -0.033562496 -0.92653376 1.5776942 2.103932 -0.2664483 2.28452 -2.8487244
tenfold 0.18883198 2.34433 1.9625449 -0.9619634 -2.093599 -0.8924858 -3.5936904 -4.336707 3.7866597 0.36356127 0.85600275 0.9450817 -4.902841 0.9124969 -1.4524508 -1.8322543 1.0764902 -2.1684675 3.7775972 0.06622703
proportionately 1.0809518 0.023838412 -0.08852109 2.372684 2.1906803 -0.37545633 0.15189455 -6.1295223 2.90836 2.2455258 0.14045079 1.2272384 -3.3076088 1.1089057 0.13412406 1.0511053 1.4926314 2.8809283 5.325102 -4.012171
fluctuates -0.14496203 -0.014490897 0.57242024 -1.5285469 -2.1390305 1.3203683 -4.284008 -7.4978423 0.99323493 1.2075247 -3.4370499 0.4626717 -1.8638918 -2.5319097 -4.3465443 -0.75724447 2.9691708 1.5522842 3.6623867 -2.7644913
fivefold 1.8647106 0.8575726 2.507663 0.95465684 -1.5187297 1.0668236 -2.369794 -4.5368204 2.7094386 1.2228745 -0.96344763 1.3389993 -3.4879432 1.8476925 0.047563694 -0.7668002 1.5093699 0.25879094 2.1196444 0.38058877
tripling 1.3626317 1.1579279 0.0022372631 -0.61071426 -2.5898342 -1.8977765 -4.617934 -4.2980742 0.92326003 -0.5351705 -2.2578912 -0.48920396 -4.125001 0.8489189 -0.41786695 0.028063571 0.0145858135 -0.7091089 3.310564 -1.8262225
breakeven 0.30830556 -0.4355095 2.70289 -3.508033 -3.3325207 -3.2288094 -4.659823 -2.5536034 0.34632906 0.69719934 -0.119121686 2.913431 -4.0820117 1.6567339 -3.5082877 1.7375162 3.3353345 -2.29845 3.6192133 0.34526545
halving 0.84995466 -0.39571226 2.6912482 -0.4524295 -1.5580518 -1.8669326 -2.781938 -4.0250497 -0.12328333 1.5364267 -2.1495864 -0.17019452 -3.603995 1.7440941 -1.0829657 0.08478156 2.277149 -0.022121081 3.7276952 -2.2255318
minimums 0.55725044 0.98291844 0.1582835 0.3088308 -2.1993947 -2.697978 0.31256545 -3.3713942 0.75532395 2.2003417 -2.0043337 1.4300101 -4.3152385 0.25534013 0.019506725 0.7471724 4.235094 -0.64783895 2.190679 1.2784299
quintile -0.45478716 1.2297353 0.18517263 0.17496203 0.2238771 -0.08619942 -3.7008615 -4.331419 2.4923422 0.79704535 0.27599615 1.7815933 -4.45311 -0.2127378 1.1910005 -1.321112 3.7107444 1.6165942 1.0291556 -2.7648184
quartile 0.5415061 0.25681344 0.84146965 1.1412299 -0.8651888 -1.4393591 -2.9359813 -3.7436519 1.93862 1.5831361 -1.8248109 2.3702192 -2.4677873 -0.5302226 1.5300854 0.07880805 4.416382 0.67962486 1.3160818 -1.5890752