Centroid_132 3.91536850460993 0.10104631704255315 -2.1741822397163117 1.4651023481843974 -0.0650729156028369 -4.290125729361702 -1.1527495641347514 -0.3149555501390071 3.677450002929078 -3.9187092929078013 2.5179453492198576 -0.29290691302836874 -0.9520472016312058 2.0963341355319143 0.19364464765248207 -0.38234964692198586 5.220871107234044 -1.654131707506383 1.7318758923049644 -1.3776606571631207
first 4.7046847 -1.4612463 -2.7430274 0.8605369 0.9690783 -5.017006 -2.254551 3.28318 3.7444222 -4.4408784 3.737394 2.6841478 0.4524617 0.790592 1.418512 2.5972443 5.6940813 -1.522692 1.6576344 -0.11447121
one 4.8275747 -0.7505965 -2.347438 -0.04767104 1.2439455 -1.9227153 1.6796378 -1.2113134 2.8303719 -3.548367 1.229108 1.6575987 -2.7071939 0.94067234 1.289114 1.3688302 4.0360994 1.2590874 2.7326138 -4.946446
two 8.022166 -2.1967945 -2.2934709 0.5286723 2.457468 -4.5356193 1.3244123 -3.723828 1.2896681 -6.164758 2.4432287 -0.074354425 -1.8875017 2.4456463 2.4471915 1.3660427 5.234373 -0.8145572 3.5621479 -4.8703547
time 3.373886 1.7282306 0.16934276 1.0759375 0.8024218 -3.5043888 0.32761988 1.8983622 3.6196282 -4.291091 5.22933 1.3969399 -4.275985 3.0216863 -0.8788023 1.328494 5.8349724 -1.3264631 4.8092437 -1.1316239
years 2.0315804 6.6429887 -2.9580736 3.2435443 -1.3550807 -2.3919108 0.10753037 0.2827173 9.414632 -6.299085 3.2199655 -4.1744175 -5.2144294 3.342385 6.475837 -4.631102 3.9165337 -4.2068105 3.3410606 -3.244964
later 2.072524 -0.58678466 -0.48729327 1.3977219 2.333687 -5.3040166 1.1737008 2.2051654 2.7111807 -7.3049717 6.5088916 -0.06351212 -2.7738926 3.9652054 0.9627532 0.25105152 3.5943453 -4.403023 0.760354 -0.08229814
world 8.6614 0.67949206 -6.5020213 -1.2606648 -0.90906364 -1.2046815 1.1226768 4.571551 7.274738 -0.7974945 6.1669397 3.5937583 0.33200258 -0.15178429 0.12071263 4.438439 5.6611557 -0.7817341 2.8858294 2.8306758
three 8.123705 -1.8435403 -3.5007834 1.0266142 2.0434892 -5.1846094 1.1372687 -3.844602 2.7092927 -6.3415546 2.066992 0.19112086 -1.9081367 2.0379653 3.6058435 1.0957879 6.63753 -1.2957621 2.8216085 -5.036511
year 2.6775954 3.832512 -2.5367928 2.1474812 -1.051307 -6.4604554 -3.6835504 3.3896759 5.8247976 -4.400587 3.0959067 1.4272254 -4.1196713 1.1647573 5.4695954 -0.9911503 8.597363 -2.1455598 1.4330477 0.38993537
second 4.4045954 -1.9329888 -1.0371548 0.8349033 1.5799077 -7.3100924 -3.595647 3.0347366 3.1930664 -1.8541659 3.9042435 -0.08785554 1.7184386 2.0931692 0.015219878 1.9774469 8.803482 -0.2747596 1.989012 -1.7437567
early 2.686669 0.20173301 -1.7945964 2.6779182 0.11288293 0.6643703 -3.149218 0.21494354 6.626259 -7.7626853 4.916493 -0.028258272 0.8103645 -0.011272275 -2.6190002 0.8853639 0.23626699 -5.555664 3.201972 -0.10037276
since 5.0983515 0.80035806 -1.7857724 1.7866443 -0.7945433 -2.2922585 -2.8707926 1.3029218 3.5376277 -3.18294 2.2911832 2.3189802 -3.2467675 1.4329965 0.61333364 0.5613384 1.7467505 -1.0659009 2.4182577 0.7697556
following 4.8530273 -1.483472 -1.8045129 2.217268 -0.73959786 -6.6657605 -3.1500785 1.3766202 4.1134067 -3.75535 0.5402746 -2.0196598 -3.1921775 2.974356 -0.9502841 2.819864 4.582747 -1.7161344 1.5533029 0.92232054
several 9.78718 -0.4912299 -3.0947757 0.77116245 0.26110005 -0.69394195 3.367375 -2.2844305 3.906453 -7.6328955 3.1614542 1.9312623 -3.9576597 0.85498923 1.3863152 1.4632057 0.32446447 -3.3839684 3.4250953 -2.4004571
four 8.35853 -1.5412126 -3.9995744 1.2116687 1.6974298 -5.751882 1.1186236 -3.6289468 2.791046 -6.058936 1.6148087 0.19083385 -1.2593229 1.8069923 4.6390963 0.6175993 7.006173 -1.2467328 3.0923972 -5.157263
end 5.1444087 0.5256996 -0.8645862 3.2048266 1.5368742 -5.0889506 -1.9354323 2.661652 -0.6163813 -2.6033647 5.885268 -2.0597253 -0.91802084 2.89542 -4.3033853 1.2757303 6.137419 -0.97625786 5.954724 -1.5257499
age -0.36845052 5.3624535 -1.0251276 1.9998894 2.590753 2.6927745 -0.6149104 -2.821195 9.310901 -6.2672405 6.9634056 -1.4532435 -1.469781 -1.0773327 4.6667843 -2.24184 6.618958 -2.3949056 2.0189872 -1.3065414
september 2.1949213 1.5840987 -3.4816315 3.1334376 -1.092962 -10.616316 -1.9714892 5.4650865 0.50563693 -2.0041943 4.048786 -2.2308342 -2.4619904 2.2853749 0.6493258 -2.663617 4.112873 -4.865627 -0.14914012 4.733134
march 1.7825234 1.2525403 -3.3188138 3.363836 -0.9274259 -10.378874 -1.8245944 5.9137115 0.37420157 -1.6362135 3.697222 -2.1485956 -2.8644047 2.9053833 0.4504616 -2.5163088 3.5750198 -3.8764849 -0.69562745 4.5645084
june 1.5471698 1.5311011 -3.3124516 3.0750854 -1.0479541 -10.648365 -2.3797412 4.825087 0.34630436 -1.79918 3.9490423 -2.0654407 -2.4326837 2.8285062 1.0430356 -2.3267865 3.9669652 -4.6428 -0.94844306 4.788334
october 1.8566515 1.576396 -3.5401375 2.9204214 -1.3229095 -10.64134 -2.1074464 5.865593 0.2990787 -1.9475424 3.789718 -1.9017556 -2.3457856 2.4373162 0.66309613 -2.6618986 3.9721875 -4.403348 -0.6682955 4.6985965
january 1.2572634 1.3537837 -2.745316 3.1549296 -0.99908334 -10.487954 -3.3938823 5.4564924 0.09333341 -1.8628696 3.5363808 -1.7796096 -3.7253308 2.7148604 1.6319137 -2.5915716 3.413096 -4.520206 -0.52580225 4.8036375
july 1.5814294 1.5615879 -3.4823377 2.8491726 -1.0837871 -10.541791 -2.6392064 4.70451 0.1403209 -1.1047406 3.9442594 -2.4116268 -2.3746734 2.9214718 1.1132447 -2.5586581 4.0073 -4.673086 -0.75032324 4.889081
august 1.3266509 1.456514 -3.3533616 2.54931 -0.62913114 -10.279954 -2.5670066 4.819557 0.53520775 -1.377494 4.5195813 -2.9420722 -1.8440887 2.600737 0.8953982 -3.116759 4.0165176 -4.756672 -0.504979 4.7578707
april 1.581556 1.3544238 -3.4565256 3.1258628 -1.088418 -10.6400795 -1.7575364 5.47138 0.22960442 -1.9473132 3.7903056 -2.021683 -2.4515057 2.83505 0.57024765 -2.4904659 3.5494852 -4.4338164 -0.74255586 4.5589857
november 1.5453368 1.3576571 -3.3531063 3.1591773 -1.0641292 -10.985263 -2.3331516 5.9473 0.37061724 -1.8589948 3.5085342 -1.8771551 -2.8691409 2.4784493 0.8316395 -2.3547344 3.9478807 -4.0297713 -1.0476984 4.4316034
december 1.3940198 1.3918064 -3.1449335 2.9169397 -1.363439 -10.510239 -2.3707833 5.415574 0.14108856 -1.7619693 3.3829007 -1.9079995 -3.2702904 2.887135 0.9501067 -2.678558 3.635545 -4.4914427 -0.89276165 4.9202294
last 4.707314 -1.6438589 -2.0493782 -0.7425545 1.5516664 -6.2264977 -0.97659093 1.1806245 3.74415 -5.583893 4.2684464 -1.6564139 -0.6337373 3.4077125 -1.8095894 1.1695776 8.071369 -0.4925823 2.1198874 -3.8587084
five 7.273393 -0.9540217 -4.307989 1.0795914 1.6907058 -6.4363065 0.7588972 -3.602383 4.021088 -6.3925037 1.7523444 0.17512885 -2.9512663 1.3039012 4.1602235 0.26591554 6.990002 -1.4186225 2.7302954 -5.1466
third 4.706873 -2.3555484 -0.6223546 1.123197 1.9842001 -8.034348 -3.9914453 2.5412474 2.474059 -1.5520582 3.0242424 0.48096842 1.094823 1.2989268 0.08063924 2.2783906 8.618791 0.8369631 1.7188876 -2.4927723
long 1.9868109 0.5666099 -0.96658856 2.5228858 2.2702758 -1.7900342 1.8602505 -4.589861 0.7916907 -3.44812 4.106544 1.6299652 0.51569015 1.1182382 -3.4130607 0.67402613 5.942202 0.04181019 5.516879 -3.134822
february 1.1569211 1.4477298 -3.1847394 2.6405869 -1.171814 -10.52144 -2.2886305 5.9452415 0.4476639 -1.6736022 3.5523791 -2.0752141 -2.9591594 2.5343566 1.025314 -2.548725 3.7954655 -4.20494 -0.9209794 4.732839
late 2.7398815 1.6970675 -1.1381265 2.0496163 -0.522344 -2.3148482 -2.194249 2.3397048 4.264141 -4.780521 5.4162273 -1.0080544 0.65244985 1.7570195 -2.2334893 -2.2633753 0.48177052 -4.877371 3.5962949 -0.7773836
old 2.9087038 0.5261799 -3.5687838 2.2084365 2.3356647 1.5685117 1.2870182 -3.3373127 -0.9823217 -9.064874 5.7057056 2.0703645 1.0516845 5.034376 -1.3912145 0.98344713 2.7538939 1.3079056 0.95875823 -5.124675
period 5.121518 2.3412044 0.5169168 4.201054 -2.0176651 1.6435373 -1.2456731 0.21447429 9.620545 -1.320528 4.4167666 0.46846992 -2.2834673 6.265903 -2.7186472 -3.4348354 3.3447814 -2.7659776 4.940442 -0.59219664
next 4.768389 -0.63891596 -2.0583189 0.08789294 1.7319481 -6.9626307 -0.31505412 0.2524119 -1.010256 -7.383901 4.7408714 -2.1823058 -2.4728997 3.0230296 -1.0909911 1.5869703 9.33049 -1.4722263 3.0282156 -1.3612397
six 7.237074 -0.9801207 -4.469992 1.0214123 1.6710186 -7.1024284 0.62326634 -4.256128 3.4864619 -6.556734 2.1511302 -0.67497367 -2.4958174 2.2725449 4.7073774 0.18762603 6.9089336 -2.3102427 3.0848064 -3.881285
days 1.753862 5.248801 -3.1384585 0.6351128 -0.9976831 -7.087862 4.225791 0.21286327 5.763429 -4.363725 2.6726325 -7.175049 -5.1173897 3.4358613 0.89720374 -6.068813 8.255822 -1.3622931 3.7305698 -1.2881788
every 6.571106 -0.45437738 -1.883165 0.48050648 0.37914884 -4.635405 2.1344664 -1.9416815 1.9118692 -7.4845324 0.47532675 3.426204 -6.239873 1.3531486 -1.1683403 2.149233 11.195949 3.9536848 3.5003912 -0.97732997
summer 4.396411 4.9826355 -5.950713 -1.6220438 0.7141436 -1.5704741 -2.905291 -0.20606422 1.172724 -5.5761437 7.6769156 -1.5991267 0.12526578 -2.1210308 2.2768342 -2.4270737 8.083212 -1.2266767 3.9921246 3.6586921
short 1.6662859 -0.6960577 -0.1563279 -0.7259849 -0.36735958 -2.3995287 2.6667845 -0.49718913 2.7256854 -5.3900084 1.2843903 1.2623111 2.5705693 -0.584666 -3.0803337 -0.7522488 6.2274356 -1.9814336 5.3810644 -4.1558356
throughout 8.025085 2.2898421 -5.989367 2.4560394 -0.23241617 1.1313901 -0.70561117 -1.1459593 6.1568527 -5.5915346 3.770458 1.1481544 -2.273276 -2.207786 -2.6597965 0.46142676 1.9577435 -0.43300265 6.5063787 -0.35043734
months 0.33467814 6.6071415 -2.0870225 0.21612503 -1.6685095 -7.9955626 2.3222053 -0.69627106 7.198608 -3.821511 2.3374484 -9.2910185 -6.8559346 4.6578465 4.42464 -6.457645 5.750294 -3.25877 4.555911 0.40846172
seven 6.8632174 -0.6963849 -5.05947 1.1436346 1.6172678 -5.6103415 0.87942845 -3.4765134 4.0731716 -6.224247 2.2114315 -0.7264553 -2.0385845 1.0420902 3.7076354 -0.29985544 6.6515665 -1.7684466 1.4654516 -4.907404
half 3.9009225 2.5189366 -0.95687556 1.5736359 1.2108018 -5.8027143 -2.443285 -2.2304246 3.2511544 -1.708583 4.8963265 -1.5445713 -1.6768191 3.4033043 -0.7579239 -2.4217782 7.9758835 -0.48506364 5.2486215 -6.110124
fourth 4.3544383 -1.7572687 -0.63208246 1.5242624 1.7141339 -8.4445505 -4.3123217 3.2175632 2.574182 -1.3109673 3.19715 0.6395684 2.4019768 0.3026902 0.3922566 2.06602 10.232439 0.7269582 0.6626565 -2.5949333
eight 7.004444 -1.0170572 -4.8501196 1.0036783 1.7980447 -6.4391317 0.408155 -4.0578694 3.509564 -5.2611957 1.6317862 -0.67751175 -1.7825183 1.6503204 5.647841 -0.42874345 6.9977617 -1.6293685 2.7676857 -4.365218
previous 6.362221 -1.452296 1.1540517 -1.3702215 -0.046505872 -6.0382214 -1.3918662 1.4846016 4.4647217 -5.1824694 1.5203706 0.78098387 -3.8377407 1.7133105 -0.9036067 3.5307338 4.356244 -0.7367505 4.2315497 -3.7945971
ten 6.6661916 -0.5603896 -4.4406605 0.8533636 1.5822258 -7.473575 -0.22429354 -3.2852507 5.101778 -7.25058 1.981375 1.0648665 -3.1317987 0.81882983 3.6258857 -0.37473163 7.548409 -0.863949 2.174622 -4.5580144
beginning 5.7414837 -0.23478408 -0.97293437 2.4995022 -1.1245652 -2.2832139 -2.4225147 2.279693 4.0741515 -5.0326757 2.6269612 -0.6193271 0.30232498 1.8600256 -3.1411674 0.24707273 3.294916 -1.9729961 3.084747 0.8687553
least 5.877653 0.4403278 -0.9242805 0.62208563 0.6650598 -3.91251 2.5193777 -6.546512 5.698326 -2.4781978 1.3873006 0.9936753 -6.731707 3.3585553 0.027533822 1.1966926 4.511475 0.4006571 3.2533317 -4.3092403
prior 4.5143375 0.3237935 -1.8200219 3.1307106 -0.9898843 -6.4306717 -2.7029107 0.5099628 3.082522 -4.1515226 1.2785114 -0.684316 -3.07336 1.9358643 -0.68078095 3.5095437 2.9356656 -2.1043708 1.2962681 2.3625946
regular 6.634585 -2.2032595 -2.668858 2.7476206 0.33690825 -4.1518555 -1.577444 1.1828427 0.40544176 -6.113883 -1.3609842 0.9875412 -1.3089067 -1.4793088 2.7675438 3.9830973 4.42383 -0.7308056 6.464536 -1.8287241
start 3.4603329 1.3684256 -0.42885545 -0.8556954 0.54539114 -5.256945 -2.8755345 2.7018554 -0.0758158 -4.4790893 4.441062 -2.678359 -2.7642395 1.1936845 -1.7010994 4.3011537 7.285059 -1.1458483 7.4062934 0.34341842
course 4.102549 1.6459635 -1.2821637 4.1654525 -0.6094134 1.3539271 1.0700293 -1.250536 0.063400365 -2.950744 3.5063317 3.8217793 -1.8493162 0.7638997 1.330053 3.4269338 10.294784 -4.5844183 5.269663 0.19872133
earlier 4.287048 -1.7315277 1.7342081 0.4704694 0.081627466 -3.3029892 1.6397197 0.103128165 5.053489 -5.418523 3.174891 1.0296406 -1.5561961 4.760413 -2.7321036 0.9912568 2.5244296 -2.8138018 2.1818202 -3.3015125
date 4.8190465 2.360006 1.2777094 0.2320549 -3.3293018 -6.2174163 0.48335996 0.8534044 5.343296 -3.5771894 2.0720632 2.737955 -2.2865267 6.3528275 -3.6481392 -1.7299083 5.4169335 1.1063784 -0.7588748 -1.9445482
starting 5.2646947 -0.57942885 -1.1264932 0.99928904 -0.26703689 -5.2885184 -4.8129716 0.6785234 0.018197482 -4.447793 1.0902307 -1.8216949 0.7486855 -1.095871 0.2786396 2.4969416 4.815419 -2.5651047 5.47107 -0.33951777
recent 7.467054 0.6182863 -0.52933806 0.775352 -2.942846 0.7479582 -2.386827 -2.963447 7.49507 -6.3043623 0.3614652 2.113779 -2.9368446 -1.6569324 -3.136244 3.2142527 1.2803222 -3.4365513 2.2704103 -1.6489058
nine 6.1691065 -0.7649034 -4.744667 1.0430881 1.4861457 -6.5759897 0.39191702 -3.478619 3.6160707 -6.0362597 1.5644654 -0.8271348 -2.2336435 0.6681905 4.3905263 -0.79334897 6.0491896 -2.243705 2.0189471 -4.4739633
month 1.0211836 3.846835 -2.0818272 0.28926498 -2.4399016 -10.135303 -0.78669137 2.4799693 4.625976 -2.8770292 1.4474504 -3.639438 -5.6180887 3.0500698 1.1173581 -4.9137354 8.4366045 -1.8951999 1.7592188 2.0134711
nearly 5.156785 2.638733 -1.5427618 1.0695975 0.12380418 -4.6597514 0.74222183 -5.3053308 3.303994 -4.0566835 3.5123498 -0.71747434 -5.0453773 2.3568716 -1.4339117 -0.90347403 4.4897532 -1.9515425 4.1100297 -3.05139
remaining 6.535278 0.41848126 -2.8087163 1.3152262 1.2752697 -6.3498497 -0.05590085 -4.6719437 -0.79991674 -1.5854201 2.8759234 -2.7709935 -3.831532 5.6451464 1.0269037 1.4554515 2.1662467 0.06447815 3.6501808 -2.8570929
fifth 4.708422 -2.2918894 -1.1681285 1.6234959 1.2877558 -7.9319396 -3.882631 3.0138063 2.3538957 -2.020763 2.5584047 1.5059501 3.0177674 0.119677775 0.34312013 1.6642847 9.73638 0.4701186 -0.069366634 -2.7854133
mid 4.085699 1.5160668 -2.0732815 2.9439516 -1.1445147 -1.4608662 -3.6666667 1.6160681 3.5048003 -4.2029777 4.820332 1.937519 0.38038862 1.9440279 -1.237899 -2.4271855 -2.0269098 -5.2654753 5.5076504 -1.1490003
spring 3.370081 5.841394 -2.5182147 1.9756494 0.19113444 -2.5471776 -0.09041899 -1.4610882 0.014597796 -3.3055222 6.4244866 -0.40995288 2.0852597 -1.350403 -0.82316357 -1.7307502 5.5673866 -0.73002654 3.0602837 3.4258819
shortly -0.01781635 1.1560104 0.53835195 2.276455 1.5134833 -7.4738 -0.19249107 3.656201 1.2608799 -6.0980563 7.3610415 -4.5589204 -2.2869856 4.7295604 -2.4704225 -1.0117139 3.0431778 -4.285908 -0.13223045 4.62532
twice 0.55329764 0.18575908 -1.7732918 0.33916143 2.3902044 -6.1245184 -1.1333897 0.80106515 3.3465667 -1.3824072 3.3416915 -0.43054777 -2.4554362 0.5834638 3.550136 -0.28993785 7.561871 -0.808934 1.0391562 -2.553032
sixth 4.156968 -2.065539 -1.1390393 2.7049398 1.472275 -6.5689907 -4.5398455 2.0906606 2.6483066 -2.299516 2.0285664 2.1617684 3.357644 -0.30564275 1.1425822 1.7587384 10.642002 0.9438818 0.45998582 -2.4307873
twelve 6.0106444 -1.1751382 -3.6538126 1.7706649 1.4018325 -4.3928075 2.0701687 -3.933325 4.632681 -6.0695734 1.0571404 -0.610264 -0.68754095 3.4302309 4.452039 -1.1043018 5.9701285 -0.3327505 0.5580188 -4.135481
hundred 3.8851495 1.5815052 -7.2736855 2.3345459 -1.17297 -2.9181688 3.1570232 -7.366516 6.118017 -4.2154236 0.6985446 -2.1712215 -2.2890806 6.2345753 1.1905073 -4.451846 3.3043232 -1.5051113 1.2090948 -7.170104
dates 6.8511276 2.498348 -1.5784802 1.6478231 -3.5245297 -2.7363863 -1.5044254 -0.99603635 4.6555967 -4.2467585 1.5383928 1.5677837 3.129083 6.6190805 -3.7088928 -3.910268 3.8502548 3.0897336 0.08661869 -4.010075
seventh 4.2327785 -2.4926817 -0.92074597 2.1456351 1.6725085 -7.260975 -3.5364249 2.556597 3.4432802 -1.9545156 2.62812 1.0796974 4.068284 -0.6966351 0.24994493 1.3055876 10.500464 0.1408416 -0.5441453 -2.4648488
twenty 4.0272837 -0.26734474 -6.2980237 0.31954876 0.53049153 -4.076717 -0.7993445 -3.166463 7.179671 -5.5727997 1.9235139 -0.65599954 -2.5894299 2.686472 3.4923296 -1.523594 5.6521935 -2.0358949 2.6554978 -4.00846
brief 1.853462 -0.42838135 1.0677193 1.4000828 -0.36439848 -2.4151626 0.32373926 3.5569508 4.4881387 -5.04256 2.3565981 -2.5577712 -1.2916096 0.94946563 -3.2186372 0.8941933 4.1008806 -3.2642634 2.1624002 -0.61797714
eleven 5.055061 -0.48293662 -4.4221015 1.1031808 1.4430418 -5.329856 -0.6517606 -2.6060011 4.4497695 -5.1603794 1.902482 -0.8902781 -1.7972779 1.5665382 5.2679033 -1.5490034 5.1303368 -1.9947435 1.016122 -4.415666
eighth 3.9510863 -3.210228 -1.447185 2.9309862 1.9174061 -7.220993 -3.1070304 2.0153391 3.1708696 -2.1799166 2.2520466 0.8244666 3.7779808 -0.6771386 0.29424566 1.7906259 10.770769 -0.6465082 -0.28823733 -2.245217
ago 8.307973 1.7189934 -0.82497114 -1.9105564 0.6111297 -0.18062298 -0.77089095 -10.421832 7.411396 -8.720826 9.450505 0.27669954 -2.3218818 0.76476485 -7.6260443 -2.9714599 5.8479037 -5.112571 -0.72639453 -4.20565
completion 3.5143728 3.8297822 0.8374981 4.375904 -6.6015406 -3.9179895 -3.3187382 -0.0042855386 -0.39293626 -2.9200385 0.1297437 -0.38415566 -0.48447233 6.8479614 -2.245913 1.3022397 7.450261 -5.0173736 3.856561 4.0584836
lasted 3.7272866 -2.097364 -3.3525593 0.5462261 -1.5483633 -5.69026 -4.9259048 -0.70906466 6.779767 -6.4130235 0.5248507 -9.060602 -0.07507281 4.2943134 -3.313848 -0.89238405 3.7160733 -4.128251 2.7018652 -0.8627628
thousand 4.7664304 2.235412 -6.4629827 -1.8948339 -1.3521485 -2.8672938 3.9823234 -7.379791 6.1956697 -4.4246254 0.8896621 -2.5892425 -4.2195077 4.381252 0.019896645 -5.1037693 3.9974966 1.4089649 -0.25687385 -3.974683
remainder 3.4423957 1.0145681 -1.0976505 3.5760994 1.7559304 -5.55874 -2.3896775 -2.2595253 0.75311923 -2.5904737 5.324499 -1.4874234 -3.0968914 4.223055 0.7269363 1.4317886 3.4673102 -3.6959903 3.4787138 -1.2835677
ninth 3.8786812 -2.3219552 -0.85197985 2.9287407 1.1551737 -8.014124 -3.5453827 2.2568707 2.6822872 -1.7619852 1.6713064 0.8565611 3.5163782 -0.32458273 0.392176 1.6998682 10.546889 0.06238067 -1.494864 -2.816873
closing 4.527138 2.2190464 -1.0188296 0.28017038 -3.0943425 -5.256523 -0.40361348 2.1326888 -2.13756 -5.73821 -0.48545158 -3.135968 -1.0156447 2.750743 -2.8699186 0.5788759 5.7288966 0.97375584 4.1415634 -0.23306468
completing 0.01417911 -1.4574655 -0.62573504 1.6179875 -1.548754 -0.6380624 -4.00086 -2.0559833 1.9697435 -5.7777925 -0.9923932 -2.6612134 1.8697325 1.0125381 0.5802076 4.528869 8.963666 -3.801118 3.3061392 4.8055773
longest 5.7788644 -1.0008999 -4.8776646 2.4930854 -0.5319513 -4.8004317 -3.536885 -1.2542405 2.3326075 -0.8829913 1.551728 2.7030396 1.7091682 -1.225848 -1.5436143 -0.9432874 7.6954556 -2.128308 3.2763271 -3.7648444
fifteen 4.393679 -0.4883425 -3.809617 0.97756517 1.2882318 -4.2155237 0.26585957 -3.981809 5.105071 -6.9081755 2.0349092 -1.7757463 -2.1744275 2.6730256 4.278816 -1.4451747 5.7111287 -2.4914076 1.1871257 -3.3521745
till -1.4489274 0.10312167 0.33141097 3.4560328 0.30221564 -0.58611625 -1.0706623 1.6507331 3.0714989 -3.0717359 3.1733325 -1.0086913 -2.9360223 5.821241 -0.9639383 -5.5916815 5.2075477 -1.3716857 1.4886243 1.8283495
thirty 5.14772 -0.532106 -3.4426584 0.99838084 0.61527276 -3.092043 0.26796117 -5.181531 6.741234 -7.854371 2.8937147 -2.3106833 -1.249856 4.5078573 1.1044474 -0.90023124 4.477368 -2.7501848 1.1961875 -2.5127335
attendance 3.245131 7.327223 -3.919112 3.287316 -2.5044415 -3.8225489 -4.686469 1.0984772 2.569751 -3.7593668 -1.3270972 -1.7783023 -7.528167 -1.432799 2.8609982 1.2643001 7.368773 3.8160777 2.6243727 -3.5252757
autumn 1.1042216 2.8824933 -2.094906 -0.22363402 0.3964489 -1.677803 -1.5844381 0.42929998 4.4956927 -2.9232616 5.975977 -1.0049664 2.598274 2.0328093 -0.89952254 -4.1448293 5.148957 -0.29945427 2.5783665 2.4239042
thirteen 4.81478 -1.0822494 -4.330159 1.0868855 1.6437371 -4.0563154 0.63488096 -3.0637238 5.3964553 -5.969386 1.9185823 -0.94257116 -1.4552032 1.5376734 3.7609427 -1.0408115 4.2082143 -1.6930426 -0.30386332 -3.9434147
tenth 3.9714918 -2.6711369 -1.5609277 1.6532009 0.49340728 -6.3858624 -3.0357966 2.34241 4.124271 -2.2197785 1.7864914 1.3930007 3.0646665 0.8158547 -0.5350317 0.66336876 10.073992 0.21360934 -1.547325 -2.246262
calendar 8.394678 -1.0117257 -0.617421 1.880164 -4.269308 -1.6583525 0.32317343 2.9123096 8.604476 -0.9484102 -0.74634653 6.9927335 -2.4117408 5.6043854 -0.23110282 -5.0097656 10.704337 2.2856247 -0.6479201 0.86689526
sixteen 3.7016354 -0.38752615 -3.766474 0.46062443 2.3015604 -3.722734 -0.55144566 -3.982711 4.8870234 -5.413371 2.4917986 -0.5176475 -0.55901915 1.5809001 5.040855 -1.6608166 5.708114 -0.28344804 0.4838412 -3.4194467
preliminary 5.8591933 -0.50101495 0.46008795 1.3344673 -3.1316307 -6.486544 -1.1612972 0.48296982 2.6994328 2.5203986 -1.8207717 -0.32672697 -2.535275 2.6118739 1.6350857 3.6070817 7.886262 -0.4547506 0.01871408 4.127836
fourteen 4.053947 -0.9656349 -4.217717 1.1275958 1.4620122 -3.6217985 -0.048477363 -4.118355 5.143047 -5.742554 1.6374984 -1.2646614 -0.8750203 2.5014987 4.9856033 -1.2780629 4.974786 -2.102876 0.21882707 -3.811916
fifty 3.664178 0.6855238 -5.2235994 0.7792931 -0.20136221 -3.6788669 1.4815842 -5.3148293 6.461168 -7.16858 1.7215697 0.8391903 -2.571902 3.0239224 1.5024861 -1.0229131 3.9341693 -1.8699423 0.71121794 -4.0373807
fastest 2.5843868 -1.198465 -3.8397155 -5.1910453 -0.7861235 -5.7976923 -6.307674 -2.7083278 3.4599307 -0.7455905 3.2613168 5.2337084 0.19837461 -1.7968417 1.0571399 2.4536085 11.572809 -3.972689 7.471633 -3.026374
span 5.7278466 2.1349738 0.5842259 3.387998 -2.9295921 -2.9564612 -1.4500749 -5.230593 1.4416317 -1.9734067 -0.67459863 0.09566361 2.0906606 1.2710071 -1.300403 -2.1079664 5.273804 -3.146047 7.2555304 -5.093419
duration 4.5772495 -0.44071567 1.4593059 1.0316979 -1.7691258 -3.8778522 0.3141875 -3.87622 5.609764 -2.467871 -1.356908 -1.2911152 -2.7604947 1.8497748 -2.3929346 -0.6805552 8.264374 -0.9979207 6.7063885 2.467544
twentieth 8.649856 -3.8697333 -3.1199987 5.351795 -0.5852835 2.587504 -7.068542 0.071042866 8.466953 -10.005306 5.369696 4.2637267 3.8906403 3.245248 -5.0559273 4.6545105 2.1502693 -6.1976514 3.470304 -5.122913
onwards 3.1241045 -1.5677446 -1.5227854 1.2759637 -1.3636935 0.3744054 -3.4754806 1.4363459 4.0681877 -1.7949439 1.800075 1.8805451 0.13407283 5.2629027 -0.103139825 -2.122189 1.0868148 -2.1506314 3.942425 -0.86955655
nineteenth 7.5203924 -2.9956744 -3.507033 6.2001696 -0.10474183 3.791843 -6.8433805 -1.7447382 8.221991 -8.294322 6.2490244 4.6566496 3.6918912 5.5039163 -5.665431 4.537159 1.215216 -4.398791 3.2780807 -6.14109
forty 3.342338 0.3251637 -4.4874673 1.1702285 0.35449788 -2.5737503 1.2636904 -5.072401 5.925335 -7.2687793 2.018016 -0.8867962 -1.7768823 3.3528671 1.5513179 -2.4837291 3.7534869 -1.9414144 0.4577379 -3.3391938
eighteen 3.5628858 -0.6714745 -3.5507786 1.5576802 1.6693748 -3.2562625 -0.12643716 -4.164245 5.8224754 -6.3653774 2.1341987 -1.8863567 -2.1019638 2.844182 4.624177 -2.2647226 4.7781367 -2.4355338 0.5477197 -2.8650534
successive 6.0230584 -2.778852 -0.31692308 2.0531273 0.32635707 -2.5382657 -3.1570947 -0.91984373 5.59664 1.1743902 0.31209877 -1.2518967 -2.6979232 4.985279 1.1938319 1.9283739 4.4336867 -0.43806607 2.8861887 -5.1771936
sometime 0.33449623 1.0308042 0.40917936 2.0152924 0.033775166 -2.3841383 1.0062301 0.2760225 2.273421 -4.440661 6.025398 -1.2469469 0.23262253 5.931314 -3.3777008 -3.9692156 1.4379387 -3.2147307 -2.4123964 -0.9542005
preceding 4.925172 -3.683247 1.2558074 0.69103706 -1.2656039 -3.78617 -2.19021 -1.0992323 7.219753 -1.8446952 -2.0281696 -1.3854066 -0.30952936 3.7132268 -2.8661568 -1.2868812 4.538164 0.59510183 1.600635 -1.0705124
seventeen 2.753412 -0.25567678 -3.7381206 0.57424 1.4251391 -2.684574 -0.25549462 -2.8207724 5.7556067 -6.2829385 2.489544 -1.5461177 -0.8894971 1.4681159 3.892173 -1.9428118 4.277751 -2.2948327 -0.011725101 -3.1831338
maiden -3.2362318 -0.42094246 -2.756782 -3.7059596 0.807943 -3.210843 -0.5788261 1.8100811 2.9103725 -2.5419755 5.6719937 1.5687338 5.342863 3.8546267 -1.2113973 -1.1438451 6.3746862 -0.336233 0.04612035 -3.137483
twelfth 3.0458188 -3.2164652 -1.7230251 3.5925689 0.5892564 -3.7954388 -2.3589985 2.0475595 4.130639 -3.7667115 1.1156359 0.81085336 4.9304075 1.5193887 -0.98474485 -0.73877674 10.259294 -0.027667565 -1.7758787 -3.6682358
eleventh 3.2225513 -3.2442288 -1.3065206 2.4162195 0.3384806 -5.992008 -3.0644436 2.0521512 4.245711 -2.449375 0.9927418 0.8060537 3.6135674 0.60763526 -1.4411947 0.1961545 9.201201 -0.24159497 -2.046052 -2.5167508
handful 5.3346667 0.011351019 -3.3116047 -0.7020428 1.3417208 -1.479528 1.2588047 -1.0690787 3.0691197 -5.454602 2.6833422 0.7704526 -2.696925 0.4615719 1.1188277 0.5170428 -0.8187061 -0.11266223 4.1345916 -4.0858803
sixty 3.211958 0.14534517 -4.262378 1.411867 -0.5180472 -2.9096496 1.7755897 -5.7041306 5.2227473 -6.136414 0.26926914 -1.4708393 -1.6428303 3.4979298 2.7786286 -3.2437882 3.1447473 -3.069062 1.1161809 -3.5243707
posting 1.864157 0.09214679 -1.8452835 0.47566998 -1.4616432 -7.016975 -0.5708997 1.5450082 3.811212 -3.3548462 -1.5769714 -1.7664803 -3.270989 -1.8271064 -0.4573078 3.0465245 3.0197544 -1.6948589 1.969175 0.67919785
nineteen 2.5401013 -0.49063143 -3.412979 1.1352654 0.7572246 -3.2142422 -0.39148596 -2.7754738 6.8382945 -5.6328297 1.4006644 -1.4895291 -0.5454949 1.310553 3.6800733 -2.0072465 3.436929 -2.796247 -0.45488608 -3.7400806
thirteenth 4.528866 -3.7614717 -1.0659959 2.727882 0.6206614 -3.736209 -3.1437778 2.0126798 5.214198 -2.9429743 2.2529802 1.3049389 4.0343547 2.5760543 -2.52463 0.38632894 7.215577 0.18032587 -2.3571026 -3.664205
fourteenth 4.8176775 -2.9907744 -0.92307633 4.013084 0.435987 -4.7320957 -3.5066342 1.0577941 5.551585 -1.3753897 1.9574057 1.8571815 3.2843728 3.040837 -2.8295503 2.3098612 6.057381 1.2609079 -2.8926036 -2.9613707
entirety 5.486019 1.3437485 0.3322687 1.7377878 -1.2465671 -3.8881464 0.7600998 1.4837894 0.98034424 -2.6981192 1.9697448 2.8670228 -1.43421 1.0067233 -2.766624 -2.5708392 1.8958638 0.8653984 0.6279076 -1.5030779
sixteenth 5.6648817 -4.017205 -1.3455913 2.9633799 0.49334309 -0.4509753 -4.5099363 0.5873087 6.6769114 -4.233265 3.532372 2.3536217 4.056539 4.3231063 -3.0059786 0.8421258 5.8497043 -1.0388515 -1.1848248 -5.2953835
seventeenth 5.1373687 -3.7186124 -2.3039918 3.0360188 0.34238866 0.6074363 -5.054319 -0.10241657 6.942277 -4.8518343 4.307455 2.4359834 4.365798 4.786681 -3.5685515 1.6432368 4.3906016 -1.7353556 -0.7877654 -5.1122565
onward 2.789399 -1.3831382 -0.96973604 2.0541773 -0.39442477 -0.559873 -1.6482846 0.620886 2.2535174 -2.8097174 2.1398253 1.1313851 0.26718798 3.0040214 -2.4627364 -1.4176817 0.6530186 -1.5496544 3.0345938 0.5749373
fifteenth 5.3276463 -3.8123052 -1.7888997 3.246684 0.22499062 -3.0111628 -3.8059025 1.9093179 5.8145986 -2.926876 2.562915 1.5012027 4.215788 3.4643834 -2.5806463 0.6883676 6.0962725 -0.37577435 -2.004199 -3.5719154
compiling 4.3029313 -0.055124756 0.40879875 1.7550132 -1.7489382 -4.0471654 -3.8082006 -2.421665 6.566762 -5.7370424 -1.7414916 2.9815636 2.0091076 -4.6812224 1.1842126 4.76273 1.2715609 -2.5365841 0.7570155 -0.96902204
seventy 2.7128885 -0.24860336 -2.8878129 3.0110884 0.23642738 -3.3395407 0.9024212 -5.158395 5.7324634 -5.2063003 -0.16843033 -1.8221807 -2.3363144 3.6641731 2.4513178 -2.5682626 2.7826767 -1.10151 -1.7991681 -2.0342195
commencement 1.4188712 1.0106738 -1.1472598 7.5566683 -3.0853753 -4.267589 0.16512674 2.8631773 2.8132267 -3.7168376 -3.0168908 0.5843616 -0.5996139 2.3091364 -0.1885379 1.5626061 6.867424 0.4383947 -0.1626345 5.1080804
eighty 3.4345567 0.15550286 -4.228713 0.20888463 -0.414523 -1.5393484 0.04342216 -6.613062 5.750652 -4.99364 1.2222025 -2.2772589 -1.4915452 3.794453 0.6872474 -2.065936 2.3816159 -1.6821425 -0.41786045 -2.2141223
heaviest 2.7521043 0.04319113 -2.6697948 -2.3129606 0.32863468 -4.3844466 -1.0398635 -4.4910307 4.8587914 2.758233 3.314241 -1.8867805 2.0131526 1.1881831 -3.16994 -1.3969771 3.8092809 -1.0235085 5.7341547 -2.3446534
ninety 1.9305428 0.11595899 -2.499821 0.7873964 0.3106924 -4.1004558 -0.62871945 -6.294443 3.379966 -3.7217162 -0.08977418 -1.5652571 -2.4574935 1.3588841 1.139657 -2.7007627 4.575349 -1.1521009 0.992569 -2.3453202
yearlong 2.9932468 1.5316027 -0.41788647 0.6432356 -2.8341272 -0.81022745 -1.8512819 2.9117045 3.2178955 -3.796913 0.82084423 -3.6529424 -1.4421384 -0.54847056 -0.78865314 1.7721996 4.386709 -2.9856534 0.04503539 5.118199
sporadically 5.1216407 1.5733743 -0.09083996 0.2532369 1.1527064 -2.1898074 1.3153788 1.7588717 4.32649 -4.7005916 5.4116073 -0.02618563 -1.2722578 -0.7262142 -0.054325666 -2.867435 0.3210189 -2.5256097 3.5999765 -1.7342373
intermittently 2.4592762 1.9996048 -0.10149273 1.5073378 0.21260664 -0.94672424 1.4440242 0.19380523 2.3395846 -3.773475 4.3359866 -0.08420832 -1.2290632 1.3501965 -0.6634402 -2.7063708 1.3355286 -2.8466895 3.6856217 -0.5351279
threequarters 1.046196 1.4856129 -2.339374 2.223184 0.63023144 -3.6055624 -1.3196125 -5.1062517 2.200948 -1.137758 1.9491607 0.6079672 -3.1108325 2.2508233 -1.8825119 -0.586907 3.50958 -0.0014903634 2.4349875 -4.1536717
consecutively 2.948007 -3.0798562 -1.4976398 0.40415588 1.0588462 -5.0172076 -1.3997186 -0.12309399 3.2456672 -1.1497748 -1.1222636 0.23645253 -2.309812 0.48461795 5.011839 -1.8346975 4.9742527 -0.3715571 -0.31701308 -2.373412
unplaced -2.3005843 1.8155656 -2.9484012 -4.3155227 -0.50292796 -1.9716952 -2.1233928 -1.0250173 3.2972763 2.2045019 6.6265435 0.74533546 2.7136395 3.333611 0.08366609 0.99860746 11.311495 -2.5616987 -1.7361113 -6.6744137
itinerary 4.6547475 -0.6198 -1.4118437 1.180053 -3.208981 -0.17892157 1.4330453 1.4890817 1.2352709 -1.3299323 2.240421 2.8352578 -1.2124286 4.5638237 -4.228586 -3.1727684 5.4047523 -2.4458363 -2.2926638 -1.035726
stateside 1.5873979 0.7236608 -2.87019 -0.6914022 0.30730128 -5.2834525 0.6675275 0.044724938 3.4430084 -2.94494 2.992366 -1.9641839 0.2245852 -0.7814502 0.05538913 -0.070766136 0.08492914 -2.3588278 2.797242 3.9156723
midyear 1.3791403 -1.0097021 -2.8226635 -0.646946 -1.7302161 -4.4010305 -4.9357185 0.31423813 2.9049904 0.0799196 -1.3011898 -0.05188235 -1.8942026 0.04794225 1.1472197 -0.90835375 2.003252 -1.541105 2.9935112 0.34948632
thirtieth 1.3402851 -2.9435015 -2.0612729 1.3720952 -0.75692517 -4.8888144 -1.8427671 1.8118484 3.3321893 -3.1047812 -1.3636342 -1.272248 3.4456594 1.2022303 -1.3795891 -0.90234363 4.8426366 1.1271181 -3.6814094 -0.14941803
hundredth 1.7595118 -1.7528021 -1.2368658 -0.012579956 -1.5204165 -2.3507898 -0.9594206 1.2286072 4.210098 -1.9043221 -0.5638467 -0.21476841 3.6010568 3.065194 0.073230065 -1.5154022 7.8464584 1.1041144 -3.268402 -2.2205737