Centroid_54 -0.3892800917992126 1.2188057372440944 -2.7600680654724417 -2.524441908019688 1.890752178425196 -1.7707785502322826 4.945480632755904 -2.4271523710393708 -0.42248735294291323 1.3446233672322836 3.7595902479921257 2.2611549597401566 2.3032649614685035 -3.9961821936811033 -0.44811274258267736 0.8397070772334644 -0.1987301015275591 0.6375713603228349 0.11301395840551175 -2.411971234622048
horse -0.9568845 1.4779632 -7.977814 -1.8319976 3.3437157 -2.3332348 6.75446 -0.6372174 -0.5953271 0.5108125 8.280418 3.9763656 1.407154 2.4022741 1.8157927 4.9058237 5.23485 -1.0120475 4.722065 -6.654237
wild 2.1479604 3.621704 -5.3314486 -5.9615407 2.3009753 -3.0659845 3.1084046 -2.8275948 0.78294003 0.34595203 6.525887 2.7755117 -0.21865724 -7.4923005 -3.3248138 3.6857839 1.0632701 2.828528 0.24285196 -4.8709855
bird -0.5224906 2.150623 -4.8580356 -1.9770269 1.9278082 0.032877427 7.7444344 -4.917671 1.2717515 1.8248254 4.4743924 4.9008555 1.7493902 -6.0120106 -1.2947568 2.1908362 1.5988635 -0.36739764 -0.5514374 -4.2062626
dog -2.1241724 1.7179357 -4.2655373 -5.2824 3.9710503 -2.6376495 10.210957 -1.7412356 -2.305171 -3.0283682 5.577807 3.3297403 -0.4621801 -5.0364428 0.13441128 2.8549604 1.4366896 1.8660343 2.0381963 -3.0358598
grey -2.8054605 0.8795316 -3.280048 2.7600095 3.2502844 -4.3687367 3.3141036 -0.63611895 1.2745287 2.666207 2.3183188 2.598194 6.568532 -2.3069706 -0.06671005 1.6425902 0.09124213 3.3715286 1.5840641 -6.1572313
giant 3.4955997 1.3092338 -2.198003 -6.472167 0.46605197 -0.82057023 6.772773 -2.1846838 -3.0838978 4.006028 5.0063725 2.3153675 6.5609527 -4.634099 -1.8947979 0.8859877 1.097742 0.7958067 0.75718606 -1.0958893
hunt -2.0389369 1.3871803 -4.72023 -1.0628023 1.9873992 -3.4141524 4.988888 0.61314905 -1.3152035 -0.88331544 4.936353 1.30577 0.49645358 -2.0368118 0.45926562 6.048604 1.1110262 -2.030792 -1.5506415 -2.8445973
cat -0.70459414 0.39228603 -1.4538974 -7.1717467 2.1800797 -1.381416 7.8453727 -1.08999 -3.087011 -1.2161777 3.267287 3.0917666 1.177336 -6.2485414 -0.068025805 0.6279554 1.0125287 1.750605 -1.0310898 -2.9516664
wolf 0.37190768 -0.23777397 -0.44940674 -2.1745539 3.2466266 -3.3192394 5.8513875 0.340847 -0.03492835 -0.78401923 5.2498536 1.5373142 4.8972178 -5.1617002 -1.068919 1.795062 -1.2252659 -0.17856902 -2.704486 -0.89569885
tiger -1.3234965 -1.4811671 -6.7070546 -4.3996043 2.3792956 -2.3714013 6.3480906 0.54123294 -1.2890544 4.577873 3.1291046 1.0077239 2.9235375 -4.8077936 0.1901589 1.0978876 1.7183766 -0.18727298 1.782086 -1.7889792
snake -1.4351933 0.032150794 -2.658359 -3.3728015 4.27994 -1.4469719 9.963599 -3.629476 -2.2373734 4.7544403 4.883304 1.9753569 2.8410842 -6.2272887 -3.8708649 0.91218746 0.5745108 3.7169912 -0.65490824 -2.65081
mouse 3.1557302 0.016900696 3.19255 -7.348202 1.2186028 -1.8829756 8.567556 -2.9435484 -5.0018167 -1.0379144 0.5455507 1.8494214 2.353254 -9.024046 1.3168592 2.353684 -0.42436683 0.1934057 1.8150309 -3.322212
butterfly -1.3185556 2.75794 -2.6951764 -5.900339 0.82412684 1.1363897 5.2142425 -4.067146 3.4089468 4.267164 3.5357041 3.1369748 7.5621276 -6.0098767 2.1466396 -2.1458402 4.3399982 2.9888709 -2.8630676 -1.3496213
jungle 1.6893755 -0.3744734 -5.40354 -3.967661 1.418662 0.79880244 7.440492 0.7016931 -2.3875332 0.00750171 4.7554464 -0.18958677 1.4685712 -4.9797716 -5.547725 -1.1998903 0.10657575 -0.5472544 1.9319489 -1.9917412
duck -4.3533854 1.0380234 -5.1009803 -3.752198 2.2884111 -5.6964474 5.555262 -0.5802503 -1.3921616 0.7093093 3.649762 4.45323 0.4403979 -4.298995 -1.641587 2.284086 -0.43991482 0.29140556 1.4340376 -7.075829
mascot 4.0027094 -1.4516158 -9.155127 1.8053585 3.8336143 -4.4531264 3.4797833 1.1644505 -5.4061027 -3.415406 1.5910511 7.235753 5.667547 -7.5199995 5.7096987 6.881495 1.9574835 3.6630304 -1.7701672 -1.3680828
rainbow 1.5086411 1.4341992 -4.6594434 -1.4371662 0.1159481 -3.199258 4.025142 1.6906862 -2.580359 -1.6242502 2.156363 4.802668 3.8812659 -5.345015 -2.8531294 0.24436513 0.7653598 2.9668438 0.17172025 -1.3861445
elephant -1.4456234 1.5505496 -6.6764264 -3.2137625 1.4646245 1.1178737 8.7750225 -1.2322237 -1.2211506 2.3968349 3.9557972 1.8032355 2.0574448 -1.4011345 -1.7268637 -0.39836475 2.0234795 3.1688101 -0.26416963 -2.869309
flies -1.3692987 -0.5562296 -3.1971254 -4.8523173 2.8554084 -3.1912248 7.618728 -7.7141075 -1.5723068 -0.20020302 2.6785362 -1.1685542 3.0766723 -5.0614343 -3.2199357 0.29997393 3.2957633 0.68593615 1.9198339 0.71128684
shark -0.98378974 1.8650964 -3.6435778 -6.6612062 1.3357391 -4.7492776 7.78838 -3.5792687 -0.94037306 4.657232 4.5874677 0.41376486 0.72183454 -6.9165454 -2.927202 2.350246 -0.5592762 -2.166159 2.9175456 -1.3929179
rat -0.8399001 -0.9993182 0.83028513 -5.008441 3.1490283 -1.261374 6.414241 -4.5595207 -2.4343305 1.4448397 2.285996 0.15752564 1.4381707 -6.913229 -1.3001889 -0.7245396 -1.9730431 0.3220353 -0.5144863 -0.959842
spider 1.075886 0.77904344 -0.8327924 -7.0657253 1.996117 -2.626737 9.848234 -3.6324215 0.2717043 2.7301435 4.491519 2.4245887 4.611936 -5.0827417 -0.1054326 1.70616 -0.51291615 1.1659243 -1.0622826 -2.538309
monkey 0.043242715 -0.32720563 -3.2152245 -6.181487 2.1283078 -1.1902959 9.283839 -0.73682374 -1.5335863 -0.28810033 3.2790923 3.027718 2.8363485 -6.014937 -2.216071 0.9642051 1.0105821 3.0909076 -0.90244 -1.8112881
iris -3.3507934 1.2888812 1.9463022 -2.5978112 0.95907366 -0.9759078 4.010743 -4.046203 1.5405477 1.9818457 1.4620544 4.540214 4.8134174 -5.0831227 1.2082107 -1.426411 1.3217542 0.8272111 -4.717601 -0.47674468
hawk -1.1623894 -1.1512666 -5.4728217 -0.94648445 3.024046 -6.69346 8.318549 0.406481 -1.4531345 1.8027328 4.2994914 1.8418244 3.8319368 -5.3533173 -0.6053134 2.787856 -1.0490872 -3.0839455 1.3651456 -0.18395096
whale -1.2528654 3.7654219 -4.024337 -4.4613085 0.72994536 -3.5437584 7.791176 -5.7486277 1.2422144 1.0922579 6.7236023 3.1129272 2.803009 -4.867329 -3.8538034 0.6081842 0.75183743 -2.6800103 1.0683318 0.05171339
rabbit -1.3884928 2.424881 -1.3781382 -5.96901 1.7059455 -2.7076244 7.741245 -1.3593068 -2.2204275 -0.5494165 4.4438267 3.5954783 2.2218213 -5.1842065 -1.810765 1.5366611 -1.4999812 1.9160693 0.2712922 -4.486101
ducks 2.4354656 6.3920302 -5.0437703 -2.2796652 2.6972244 -7.0943365 1.8717207 -2.370987 -0.7206112 2.3566673 7.233357 -0.118388794 0.28042996 -6.8995924 2.2749102 4.158475 1.7351903 0.57204396 1.320798 -3.4460127
pig -2.5831268 2.0998225 -2.7051425 -6.539926 2.4576378 -1.2201202 5.6672554 -3.7227454 -0.6595028 -0.76001596 5.3667746 2.973714 0.21524027 -2.2964125 -1.8729078 -0.4030694 -2.8633196 2.5780323 1.3143555 -2.3179417
turtle 0.6736611 2.2897575 -6.0119114 -2.2143738 0.6116918 -0.99638146 7.760781 -4.846087 -2.2265012 2.654202 3.7826471 4.0019226 1.7438327 -5.8123407 -2.945975 2.0055864 -0.08685264 0.23663399 -1.4133866 -2.624728
violet -7.0502043 3.084757 1.1467841 -1.4004302 2.3098137 -1.059438 3.9333808 -1.4185951 -0.6920807 -1.3545219 3.3519516 3.0311468 4.650898 -3.2708063 -0.281792 -0.5455335 1.4499024 2.7135518 -0.57577217 -3.1211565
dove -1.7839346 1.0712526 -3.2260144 -1.0590047 0.7191661 -3.5547338 4.3945327 0.70733637 0.81889117 -0.35228717 1.1310368 4.0535583 5.509145 -5.250896 -0.20267282 -1.5190641 4.1520524 2.6626134 -3.0957174 -1.9601486
spiders 3.5102737 2.4424078 -1.2865114 -3.9193325 3.599665 -2.1957636 8.401158 -6.016075 1.8111908 0.4893851 5.298037 1.1111956 2.7187743 -6.711093 1.7153832 2.2385142 -0.3311152 1.017198 0.6387629 -3.000236
owl 0.11336415 0.50480163 -4.739985 -0.7041388 2.6603851 -2.217954 8.076376 -2.8406956 -0.6121765 -0.24116527 3.5629241 5.0823283 3.013785 -6.045755 -2.1255162 0.95407337 0.106236644 1.409147 -0.70638573 -3.8982592
goat -1.5768794 2.0046008 -3.9639337 -4.8485827 2.7974987 1.5790776 5.5531073 -3.7265022 -1.9700364 0.9623374 4.828549 2.2706456 1.3633772 -2.3506658 -0.4662652 -1.5513678 -0.07644433 4.3734803 -0.29559925 -4.1429777
lizard 0.67922896 -0.13264151 -3.7526865 -1.9903334 3.2561364 -1.2191586 8.235946 -4.306791 0.07104254 4.694632 4.5301847 1.9685369 4.799807 -6.536579 -2.5824676 0.05245745 -0.88090515 1.6572239 -2.2413445 -3.9931836
bald -0.105318144 1.326404 -3.3180487 1.4599227 4.0907 -1.214052 4.5367494 -2.2720134 -1.8576721 2.7738032 4.9514437 -0.12406998 4.358386 -2.7233617 -0.835044 3.1586175 1.0481324 3.1373606 -1.6372303 -4.618805
goose -2.7509298 1.7219485 -5.840908 -2.7413428 2.0462544 -1.9782397 4.848885 -3.9989781 -2.0856578 -0.49431175 4.7684813 4.2666683 3.3315551 -3.6810718 -1.6431276 0.1859816 0.08202527 0.6756908 -0.6734882 -4.0886683
leopard -0.46025524 -1.2382231 -5.3679276 -4.9538007 0.83933526 -2.4589944 7.104215 -2.576881 1.1770339 7.8684196 2.7762105 2.6524947 2.5809174 -3.1040459 -0.46432218 -0.9551961 -0.29001704 -0.8862477 1.6592071 -1.0278575
pony 0.8203116 0.45474702 -6.796718 -3.888026 1.3003584 -3.3633103 2.7143636 -0.27215755 -3.8885171 -3.4052365 5.371459 6.104039 2.1232965 -2.5776782 -1.4972202 1.0274866 0.100383565 -0.78613114 3.082033 -5.8093386
dolphin -0.35989866 0.8626314 -5.456293 -3.226861 -0.07680409 -1.5720738 5.598345 -3.3126125 -1.5159714 2.2143176 3.1481338 3.5607831 1.8046072 -4.669893 -0.6207829 1.7803752 1.9862955 -3.100666 0.30792302 -0.017254502
pigeon -2.0573213 1.2194146 -6.3395233 -1.2179402 2.3113098 -1.5966071 7.221864 -4.8760977 -1.6390536 0.68121517 4.4039316 4.2381644 2.512822 -2.7355754 -0.6741492 0.9215734 -0.918192 -0.14432636 0.4392716 -3.2515702
crab -1.9921718 2.4236248 -4.1232376 -4.641646 1.8810874 -1.2496319 6.2903547 -6.9646664 -1.5012914 2.4186308 5.2295203 4.27205 3.8229036 -4.590928 -1.9088099 0.21884306 0.03048473 1.3134433 -0.09274444 -2.10967
worm 0.47218528 0.3874283 2.2004945 -4.3812966 2.524088 -2.4988697 8.284862 -5.588482 -1.5145901 0.9798454 3.688245 2.8394127 2.0945306 -4.7973475 -2.2295206 0.86789644 -0.85741675 0.80031115 0.78805906 0.56029326
kangaroo -1.3560346 0.6661561 -8.72034 -1.2467809 1.6962475 -3.447476 3.0578516 -1.2218434 -0.27205974 1.8085289 3.9139223 3.1783519 1.2743403 -3.1300497 -0.603252 2.7429528 1.6212982 -0.6735472 1.7752784 -4.667874
filly -5.2580457 3.7625508 -4.65951 -5.833699 1.3299353 -4.260416 0.7708272 1.065617 3.7251964 2.4389157 10.460568 3.6589313 2.2861059 1.6217089 1.9114324 2.113304 9.786252 -3.6996958 -0.37128228 -8.589412
squirrel -0.6977734 1.0972925 -6.2172933 -1.7277359 3.2529712 -1.808283 8.569485 -4.1758657 -1.6808757 2.3752666 3.7668815 2.2685132 2.3866034 -8.111901 -0.6332279 1.2526999 -0.84722465 -0.11135232 0.72561044 -3.1383898
palms 1.4091566 6.323277 -4.3194866 -2.0707078 -0.67064947 0.7884818 4.4851966 -5.557741 -0.9766355 2.6510046 2.5465279 1.3666873 2.1503346 -2.5815747 0.7318963 -3.8663294 1.5332077 4.731372 -1.7562344 -3.2180903
skins 1.1622314 4.843797 -2.938975 -5.589685 0.3743313 -2.985872 5.9836316 -2.869931 0.29476035 1.7483559 4.1809325 3.329827 1.7799447 -1.201915 1.5264312 1.1869587 -1.6955229 3.760904 3.664576 -2.0945032
feather -2.0577333 1.724849 -1.2254907 -1.0841119 2.8672104 -1.8065543 6.9593897 -3.3144002 -0.69107693 0.5432412 3.1364014 3.9526489 5.289895 -3.4091465 -0.2680042 1.8680902 0.5263408 3.5597808 1.6566268 -2.0827827
sparrow -2.019247 -0.18872952 -3.4580827 -1.103904 2.525531 -2.8987741 5.973894 -1.4871782 1.0377853 1.0805273 3.8688393 2.874573 3.454939 -3.867991 -1.1248888 1.0482774 -0.98178345 -0.92990726 -0.6572275 -2.8637035
foxes 1.0027786 3.1085603 -4.769598 -2.0139413 2.7729464 -2.5991201 3.303614 -3.213242 2.566308 0.9875948 5.9068575 -0.3313372 1.9951308 -5.1615376 -0.9113822 2.6879845 -0.87378144 0.23573901 1.4548103 -4.066677
hunts -0.21578203 1.8170191 -4.4547205 -1.0197468 0.43748805 -0.6491806 5.002545 -1.2404708 0.031535197 -1.3701489 2.7699194 -0.17623779 0.47040474 -1.248087 -1.9983635 4.0505714 0.6192434 -0.2607566 0.3579535 -2.7529683
crows 1.1309325 3.57871 -3.9921737 0.02694553 3.378313 -4.247561 4.0556545 -1.8425754 0.12375762 -0.767215 4.966567 0.091819204 1.64679 -2.7953465 0.29975843 1.8693862 1.8096892 2.9805532 1.2504078 -5.5790973
swallow -3.5403466 0.90792257 -1.2946854 -2.9309704 3.1069818 -2.4702246 4.5974636 -3.977116 -0.2662442 -0.37482488 4.4041615 1.9132605 2.7632096 -1.7718889 -2.1960225 1.2996458 0.64579767 2.0444887 1.6902136 -1.5083705
toad -0.98811466 1.2303578 -3.292277 -4.306525 3.1238344 -0.18506216 6.8864675 -2.7233806 -1.914892 3.479333 5.0824814 2.5327265 1.6171575 -7.3410945 -1.9773036 1.609136 -1.1358867 1.3742584 -0.9146317 -4.042728
mule -0.21174641 0.048471544 -3.3679779 -2.4165716 2.4984696 -2.5836403 4.1566896 -2.9589226 -4.561749 -2.8380485 4.319141 0.9249162 1.3346497 -1.0432804 0.30997774 1.6998408 0.1426661 -1.330871 2.0646324 -2.7678072
crocodile -2.0945778 1.152901 -5.069752 -4.389782 1.275288 0.5282956 7.0520124 -2.8829656 -0.64314 4.0066605 4.442751 1.9597156 1.2185892 -3.9713595 -3.1212907 -0.26978913 0.31938398 0.15957366 -1.1351222 -3.1130779
parrot -2.8471062 -0.46530172 -4.1313763 -3.2132108 2.4133964 -0.48598546 7.795063 -2.9782398 1.2764547 3.3707466 2.8402848 4.858144 1.656593 -4.3294563 -0.40348145 1.1622773 -1.0123798 1.1477797 -2.157386 -4.433773
catfish -1.2645575 -1.2637331 -4.118697 -4.173731 4.28479 -2.9894018 3.2460392 -7.013908 -1.8591429 3.032991 3.8790224 3.5042107 1.4305123 -10.92312 -1.165859 -0.6062022 -4.423254 -1.984083 2.6648111 -3.3207173
cactus 2.4797459 4.0236573 -2.4478512 -3.7098713 1.1949315 -1.9515849 2.6357355 -3.3927877 -2.951901 2.5861206 3.5446844 1.812611 3.8114324 -6.8117056 1.1687735 -0.32281426 -1.6095262 3.6612918 -2.20192 -2.978211
coyote 2.1880164 -0.049472183 -1.2665088 -2.639186 1.6165092 -2.588708 5.9365506 -2.0325856 -4.89091 -0.10823548 3.287656 2.111276 1.1266606 -8.157993 -3.2165914 0.73912925 -0.5321882 -1.6927354 -0.9474666 -4.2712197
sable 0.1700239 -1.4657948 -4.5138483 -1.4064806 2.2641957 -5.61925 5.4774804 -2.5821345 -3.8311899 6.426222 2.8993297 3.0821273 4.569732 1.295093 1.717125 -0.4217834 0.50188506 1.9774128 -3.3671327 -4.756048
heron -4.0380735 1.2500099 -5.8120527 0.4351166 0.5998445 -0.93750805 5.0683203 -2.0648267 -0.42983258 1.6043625 3.3454595 3.728319 5.1848693 -2.1820307 -0.12175609 0.07644653 -0.36342597 -2.2786767 -0.44605106 -4.4123073
badger -1.8316683 0.7726039 -3.8150885 -0.4905848 1.7318006 -3.4969265 4.454422 -1.9868965 -2.001161 -0.33543852 3.4628012 2.2801425 0.97398025 -3.3531418 0.1414979 3.2334406 -1.627256 -2.4597673 -0.81778985 -3.2621522
bait -1.639551 0.82412845 -1.8380954 -5.6893086 2.727517 -1.9631248 8.653992 -2.960331 -5.0037913 0.63369256 4.45741 1.3377541 -3.4335685 -2.3798807 -1.2586383 1.2488686 -0.6294595 0.78201735 3.3224888 -0.15215294
gorilla 0.8231418 2.411483 -3.1001146 -5.068159 1.5483842 -0.6088818 6.563015 1.0030856 -2.0035522 2.0278287 4.3167286 -0.11914466 1.6795144 -6.708332 -1.3197649 1.5306264 -0.4284479 2.0903018 -0.9996962 -0.43698448
squid 0.7826951 0.5453664 -0.67894644 -6.11672 1.4075192 -1.2348142 9.270512 -6.491109 0.73285794 3.0603175 4.265877 3.2798848 3.6479125 -6.1007276 -1.2408438 -0.40663484 -1.0139089 -2.051881 3.3973215 0.7580066
octopus 0.67216 -0.11900071 -0.8262347 -6.065328 1.4022572 -2.148808 8.5176525 -1.9791553 -1.6075169 1.6249157 3.5888464 2.833546 2.5480123 -4.3181567 -1.006015 2.857429 0.119601585 0.6444435 0.14562406 1.2042817
viper 1.724994 -1.8245323 -2.7092566 -6.2502623 1.0579454 -4.4370384 6.0650287 0.09672726 -3.4868352 4.3051744 3.6559653 1.1550058 3.9381847 -2.108644 0.3884751 0.6952249 -1.3545691 -1.886543 1.3901705 -2.1598604
ox -0.7495682 -0.7251656 -1.735905 -2.3218153 3.781517 -2.1198995 4.438316 -3.4776819 -3.1728337 0.3169923 4.254197 1.4371707 3.8863664 0.5441178 0.40701917 -0.14454326 0.82301855 2.5571804 0.008522007 -2.8945217
slug -0.3476166 -0.45247528 0.33189675 -5.5564737 0.9085071 -3.358759 5.9879165 -3.4450517 -0.3154811 5.8264523 2.133166 2.0669408 3.9058795 -3.7625546 -1.9318378 1.557398 -1.3236384 0.7122684 1.7989221 -1.6021165
hound -2.5250456 -2.3691692 -4.5462575 -4.411917 3.0122788 -2.704479 7.154744 1.0009817 0.55073565 0.33914468 4.444808 3.22003 3.361502 -1.705354 -2.1159003 0.55299807 -0.9302476 0.09292047 0.74750984 -6.4072723
boar -1.4701824 0.9965587 -4.857957 -3.4281025 3.0493782 0.20264953 8.085411 -2.064509 -0.24949785 6.8250685 5.8869658 1.2516309 1.5301754 -0.41438487 -1.2627057 1.6267616 0.648633 3.6971457 -2.0268378 -7.0279794
bulldog -1.2910244 -0.8317149 -4.6535854 -0.37577406 3.615688 -4.6420665 3.7138605 2.2518408 -1.5792918 -0.6189615 4.029668 2.1450658 3.9712558 -3.0747263 2.7733984 3.327607 0.3078318 -0.7942026 2.4819345 -3.2575533
salamander 0.5226615 1.2126317 -2.113906 -0.62246335 1.998214 0.13205916 6.429818 -5.671604 -0.3842119 5.67015 4.0314603 1.7115299 3.8301606 -6.5778756 -1.7908583 0.118381 -1.4023035 -1.043202 -2.712578 -2.208682
bikini 0.44955745 1.5008622 -4.366995 -6.641725 0.19508216 -4.088798 7.946241 0.22968774 -0.77268785 0.27668324 2.061147 0.27877 2.598108 -4.8683276 -0.109224275 -1.3684759 1.8431971 1.9069428 0.8097184 1.6645929
zebra 0.5052454 -0.55436087 -3.895235 -3.6298487 1.755898 -2.8140094 4.8667984 -4.967949 -0.8920419 1.7963945 2.803844 3.4854329 2.5117075 -5.3553267 -1.2576032 0.23190828 -1.7869416 -0.83377504 0.60876703 -1.5068277
cougar 2.634031 -0.19297312 -4.4483795 -2.034833 1.1188406 -4.7438207 1.5663689 -0.8590468 -3.8073637 0.72383314 2.5206738 1.7517555 2.1749182 -5.974487 1.4714277 1.6554826 -0.078029275 -2.7997549 1.3001305 -2.4894946
tortoise 0.19195348 0.77784944 -2.7380795 -3.6501453 1.5971705 0.28450707 7.105472 -3.6127772 1.0263065 4.964827 4.0635204 3.2802908 3.18102 -3.847675 -1.5965334 0.38390025 0.6925558 1.6911168 -1.7125213 -3.3743775
broom -3.4647858 3.291191 -1.3535668 -0.71563196 2.4756627 -0.6163718 4.713222 -2.551855 -2.5832667 -0.5318537 5.052327 3.3762739 3.6196444 0.27438572 1.3055893 0.34102464 0.2832762 1.8783828 1.6928134 -3.4516869
alligator 0.3071684 2.7111192 -4.1712456 -2.6929388 1.4699891 -3.1778433 6.1279325 -2.9983823 -1.5706558 0.1046991 4.959776 1.4821371 2.2800355 -4.997464 -1.5079793 -0.08250371 -1.2002891 -0.5735714 -0.62575465 -2.0903006
sapphire -1.5196373 2.0658023 -1.345779 -5.9208803 -1.71531 -2.4596684 4.0390563 0.9883931 -3.6785004 3.9998703 3.419107 5.2611804 5.164058 -1.0920779 -1.2631302 0.94426256 0.5745835 1.1555425 -0.039410774 -0.010680496
reptile 3.4600475 3.2980366 -3.020349 -2.2011588 -0.68808115 -0.26230302 5.882848 -5.180382 2.6044736 1.5295678 3.037596 1.9638896 2.959684 -4.33094 0.3862877 1.7514333 -1.2052206 -0.90439564 -2.2004578 -2.1414454
climber -2.2026966 -0.7898997 -0.37872577 -2.2575626 4.3533177 4.8548393 2.369378 -0.07521603 -0.024438757 2.8737214 6.58665 2.1233418 4.057367 -5.3194647 1.5478344 0.5937555 4.6926203 -2.573457 4.13346 -2.07282
woodpecker -2.302949 2.772532 -4.6305027 -1.42011 1.6455406 -2.5065367 8.7816725 -3.310858 2.4909236 3.8715668 3.4737852 3.838447 2.0072064 -7.8003345 -1.4540098 -0.27834174 -1.8034333 -0.6465383 1.0366496 -6.511267
pelican 0.18590078 2.1669097 -5.501281 0.36860037 -0.24754083 -2.721938 4.556565 -2.5442507 -0.8198975 1.4195057 3.0210736 2.8157403 3.3732405 -2.2209663 -1.2461485 -0.18882538 -0.93493754 -0.9750254 -1.3428625 -1.6675347
tick -2.1081688 1.2512488 1.0145975 -4.0592327 1.4435396 -5.0061455 5.920148 -5.2010746 0.48113933 -0.14502895 1.6303021 2.856647 -1.5141445 -7.4372425 -2.663581 -1.4735754 1.4942955 -0.7891765 2.0178986 -0.7291238
terrier -4.5335765 0.43093395 -6.6570625 -0.7372561 3.9465985 -2.2276826 3.6317804 -1.0570531 1.1765727 1.4528753 5.5401926 6.7873726 3.2731662 -1.9670963 2.411233 3.2086565 -1.7175095 -0.83157486 4.5213475 -7.3732586
grizzly 2.7918046 3.501998 -3.7642329 -1.842416 1.6819122 -4.345005 5.3967085 -1.877833 -2.1555169 1.7258795 5.651464 1.547449 2.3963017 -6.310726 -0.6797351 1.64443 -0.69586825 -0.10109134 -1.9491357 -3.0665002
footprints 3.3946514 5.1670537 0.13787809 -0.6453973 -1.6696486 0.3225465 7.0475473 -4.2005835 0.20885828 0.029230809 3.8971848 2.652819 1.8967505 -0.8692854 -3.5565076 -0.64548665 1.6783351 0.281983 -0.6047979 -3.6934154
kites 1.6744715 1.3027563 -5.5173697 -3.2282755 2.2503815 -1.021955 6.047281 -3.4891996 1.1391534 1.5445434 5.035151 2.3031158 4.6284146 -2.2101233 1.9101948 2.1613202 1.4857887 -0.12893476 7.0204086 -0.13602287
ebony -1.8653431 2.9380054 -2.389776 -3.0748043 0.49810052 -2.1138875 4.287028 0.8496041 0.012594545 -1.248558 2.6810737 4.30223 4.687558 -2.8521655 0.7760459 0.7893646 -2.3949392 3.1651926 -0.21619302 -2.8609912
stag -0.74686056 0.6527168 -4.794883 -1.7879088 2.17072 -0.90323514 5.870087 0.5848208 -2.0119243 0.18743618 3.6747768 2.7134535 2.3879268 0.08814681 1.2321087 1.2487308 0.8587507 2.8407824 -0.50273734 -3.8880754
doves 0.6543912 2.6373708 -3.9439814 -2.6991203 1.771477 -2.43434 5.527912 -2.3191836 2.9278078 -0.62607443 3.3073401 0.12254427 3.5569606 -2.281054 0.17633064 0.50272596 1.2169114 4.3069677 -1.9463326 -2.2483978
hounds -1.7389537 1.3117698 -6.057053 -1.1988189 2.9188476 -1.9504491 5.54669 -0.27167967 -0.096922815 -0.7535446 5.305685 1.9678557 2.256048 -0.7632506 0.1356814 3.0229225 1.4425172 0.7521903 0.7638557 -6.669779
cheetah 1.4837949 -0.34254268 -4.6321554 -5.3551016 1.2872014 -1.7605499 4.0692124 -0.89374924 0.38883096 0.90362304 3.1498508 1.8857129 1.5940421 -5.5500836 0.72960633 0.72161585 0.37041986 -0.66719013 0.8029078 -1.0060838
kiwi -2.144195 -0.5587718 -5.425106 -3.179447 2.5215158 -3.36275 -0.927191 0.6346927 -0.528615 0.63362515 3.5107713 4.4288964 0.40639442 -3.7155633 1.2576052 1.9680485 -0.7502964 0.2738092 3.0812824 -2.9599497
chameleon 1.3575853 -1.317384 0.5492639 -4.6703534 2.2312584 -1.6223015 5.436831 1.1958975 0.19991511 1.5947078 3.2935915 2.8712528 2.842505 -5.7043643 -1.5570017 1.6726522 -0.62217754 1.5681461 -0.17314069 -1.158627
porcupine -1.1894304 1.5980765 -4.092068 -2.2417626 1.9289987 -2.8408983 3.9100883 -2.9044917 -0.8997338 1.1967142 3.902999 2.6140738 3.7481754 -5.1849403 -2.7318876 0.38383338 -2.4535668 2.0348258 -1.0324122 -3.1671212
ute 2.4166315 -2.2580066 -3.5548158 0.19696414 3.5694199 -2.507958 2.2152236 -2.6319826 -2.9307842 -0.65691614 4.1644235 1.1405736 0.62511235 -2.239558 -0.5973173 -0.12663652 -4.327157 -0.19999847 -3.1740215 -0.54208046
jellyfish 1.3215371 2.3284733 -0.6068074 -6.133091 1.1573905 -1.7767295 6.681558 -5.4654417 0.23139125 1.9360445 4.026008 2.2369883 2.6458654 -6.547488 -1.5882432 -2.1215081 -0.20190668 1.022781 1.6673594 0.72545385
quail -0.9566967 3.3213646 -6.2487326 -2.260193 1.5341752 -2.1006215 4.8159003 -5.023149 -0.6796923 2.7292802 4.103924 3.0018427 1.656852 -5.694635 0.043121494 1.7731396 -0.8957715 1.0474762 -0.9369183 -1.9226791
raccoon 1.3368053 0.34674633 -3.9945426 -2.5209603 2.3427 -2.134671 6.4380064 -3.860828 -2.9965732 0.9735987 4.3482485 1.3438241 1.3626577 -6.1702237 -2.5061502 0.9274858 -1.9743612 -0.6619594 -1.8403997 -2.2546916
opal -1.9108872 4.5529594 -0.3677705 -3.0070188 -1.7073456 -1.8447903 2.5759332 -1.4303871 -2.5200987 1.0302097 3.4882522 2.7471976 2.4891398 -2.4540448 -2.2647414 -0.27644137 -0.47101775 -0.39023277 -1.7255316 0.4324354
hooded -0.030113464 -0.57757986 -4.2132635 -0.52271175 3.4372551 -1.5896596 11.002297 -2.0491889 -0.88559335 1.9650029 1.2661071 -0.37754524 3.252068 -1.9060936 0.4812683 1.8725137 0.21111545 4.7506514 0.2565242 -4.111577
stingray 0.11370555 -0.38992754 -1.9571908 -4.9472218 1.4317701 -4.94035 5.2745724 -3.0639257 -1.2465508 2.4324195 3.3439612 3.9238732 2.2067175 -6.442742 -0.74306256 -0.3224403 -1.6401432 -2.734897 1.9158927 -0.91984624
bunting -4.262736 1.0066471 -2.7359653 2.152747 2.5605764 -2.2668633 3.0785782 -0.35742944 2.3663867 0.24978589 2.730256 3.3700125 3.4183812 -1.9613059 2.095505 1.919506 0.004320454 0.058131617 -0.4671654 -3.7254825
eaters -1.3209032 3.499255 -2.9201074 -5.5313087 2.7618425 -1.1649628 4.290705 -1.9132639 1.1014502 1.9188944 4.67026 0.40151817 2.7886868 -4.3834376 -1.5620141 3.3246465 -0.63390315 6.1111865 1.1676924 -1.7523845
teal -3.2743802 1.0316995 -5.417848 0.65788317 1.8750312 -3.7366407 3.5394766 -1.6624292 -0.79597706 1.9141917 2.2000062 4.6887574 3.3161252 -4.3752766 1.5103073 1.9325268 -0.6454585 -0.91936135 2.2916138 -4.2080016
puppies -1.7382705 4.3051844 -1.2668414 -6.4435186 2.964408 -3.3910742 6.4083624 -4.448841 1.6447481 -3.7766309 5.2220206 0.4483749 -2.4249175 -3.4420817 1.922816 0.18799813 2.1764305 2.3407853 1.2730516 -2.2376683
flamingo 1.6593746 2.9934075 -5.4134536 -4.5474453 -0.9833725 -1.7771715 1.8894463 -0.77964014 -3.9406843 0.26640615 3.4256914 0.8704168 1.4604539 -3.6791904 0.119416356 -0.45425144 -0.383409 -0.71964777 -1.786103 -2.980152
digger -2.363998 2.741545 -2.8797243 -3.907857 0.02326408 -2.8981402 4.670596 0.14301613 -0.70517117 0.10218679 3.469952 0.73640406 4.689508 -0.7119768 -0.85702604 2.8092036 0.24315943 0.8432151 -0.1982297 -3.9307487
clam -1.0550376 3.2596197 -3.5991666 -4.727153 0.9354645 -1.0131595 5.3464293 -5.4076724 -3.8896072 1.0771126 4.8728228 4.167304 1.956993 -2.9620895 -1.1699318 -0.6742248 -2.0694187 1.6222411 -0.27329364 -1.6406944
blackbird -0.15421112 0.2958898 -1.1170837 -1.3484545 0.9361965 -2.8665323 2.3206098 -0.7993481 -0.99304163 -2.15952 2.911686 4.220739 5.4826026 -4.9408946 -0.80413634 -0.953511 0.068876885 -1.6627364 -0.50361025 -2.307606
hummingbird -0.27523956 0.11533255 -2.9605029 -3.644996 2.3003356 -1.3706962 4.8070593 -3.9353154 0.81693417 2.2524266 3.1847355 4.8564353 2.2411842 -7.3385243 0.37475535 -0.30709442 0.80660874 0.32241076 -1.0144117 -1.9867628
ibis 0.057314456 0.29378518 -4.9351892 -0.55705655 0.45812568 -0.3829595 6.630127 -2.9429843 1.78831 4.316861 1.9233155 4.7710214 2.9092858 -4.086606 -0.3289576 0.9300271 -0.8187809 -0.15312363 -1.773693 -1.8186154
jackal -0.26033035 -2.0321693 -2.0813136 -3.8653855 2.5532482 -1.6948485 8.542897 0.36235893 0.21925862 3.9645026 4.18388 -0.04313469 0.26767415 -3.7494605 -1.4502041 1.24541 -0.6135414 -1.6309524 -2.0331953 -1.2269931
rattlesnake 0.5889774 1.8742864 -3.7542362 0.14309755 2.1145153 -3.6750379 6.3270936 -4.5208745 -1.9496559 2.2512393 4.1599565 1.3909302 2.47851 -5.449227 -2.6637955 0.68344814 -1.6781821 -0.25405842 -0.624895 -2.3119614
starfish 0.67780834 2.169442 -0.7082907 -3.8257732 1.2373589 -0.97687364 5.6662416 -5.750323 1.2936014 3.4211507 3.8004382 1.7256054 2.441289 -5.096652 -0.31881538 0.64058053 -0.26438713 -0.49599198 1.7953789 0.5071124
hares -1.0448015 2.0307503 -3.3751404 -1.1414312 2.338204 0.34319887 4.6822953 -4.1035213 1.801934 1.4772917 3.615579 0.8885532 1.3079034 -3.9854147 -0.035530712 1.8643192 0.19099152 0.46544912 1.2434686 -4.5390387
kiowa 2.9014912 -1.8072737 -4.436857 3.6891763 5.333604 -2.640573 5.6700163 -3.2834973 -0.9193023 -3.0159032 4.520354 -0.8130817 0.22711089 -3.505185 -0.6102193 0.76512516 -4.0204167 -0.096474186 -3.2838683 -0.76386565
lilac -2.535695 3.3488336 -2.820894 -1.2782787 0.8781468 -1.0366195 2.8455403 -2.2712815 0.038396098 0.1799821 2.3236394 3.7776222 6.0734134 -3.2327278 -0.17106943 -3.2546663 1.4580034 4.860182 0.054824457 -3.278257
eskimo -0.68119824 -1.2751173 -3.741719 -1.5429922 2.7668855 0.039641004 3.8604739 -2.253286 1.5012875 -2.3052742 3.4642386 4.4148345 2.6597695 -4.7646904 -2.1730003 -1.661578 -3.4019682 0.67476714 -0.1529324 -1.4233018
trapper -1.7068992 -0.51644206 -2.1760635 -1.0793976 3.259772 -2.5581498 5.4135284 -0.61445385 -2.3496468 -3.5081468 6.9829893 1.8844938 3.7104588 -3.4724739 -2.5994759 3.9932146 -2.9633658 -4.237816 -1.4528034 -1.8667054
morph 2.918134 -0.97051454 2.0459936 -3.0927918 3.2932029 -2.057865 6.3263474 -2.2519183 -0.88846594 1.6194879 2.8566227 2.1400015 1.5252609 -5.6356936 -1.79428 3.475202 0.77616465 2.6469636 2.9825706 -2.3773918
possum -1.7386369 1.5438846 -3.130807 -2.5534382 2.804408 -2.9399521 2.8095188 -3.441847 -0.38182265 -0.31366053 4.5413604 4.7317615 0.97993577 -6.192357 -1.425164 0.9539353 -1.4853561 0.84483254 -0.4763601 -3.5724332
gopher 2.7452855 1.6347673 -2.850667 -0.854893 0.99052036 -4.1586866 4.3984957 -3.3259833 -3.421117 0.13135055 1.6779641 2.6513739 0.8313238 -6.3467355 0.038618527 3.6326962 -1.039671 0.1848016 -0.70542294 -1.7563622
carrion 0.7809482 2.1150956 0.15374106 -4.0929146 2.6054971 -0.8590827 6.6954093 -5.1489024 0.32367036 0.8628595 4.8558927 -0.21537083 -0.8100201 -5.0409966 -2.0723226 1.785323 -1.0298527 1.5478442 -0.9395124 -0.69697654
giraffe 0.34383407 1.70386 -4.4443183 -3.9211504 0.8344531 0.07640673 6.2316623 -3.1538246 -0.6106875 2.3320026 3.003606 2.7089849 1.9731655 -4.1983566 1.0354874 -0.41300482 -0.6727618 0.8083373 -0.8900466 -1.8956927
ostrich -1.3345234 2.0123858 -4.5036 -3.0087717 2.0449169 -0.2011588 4.8694887 -4.5312533 0.37830523 2.0672414 3.9461517 3.1876807 2.7105527 -2.1154563 0.97831166 0.4297498 -1.115779 2.2972817 1.0090839 -3.1037881
fawn -4.9564314 1.2652614 -2.3825512 0.9162063 3.4851189 -2.489407 5.098214 -2.9091833 0.09751977 -0.1064166 3.333716 2.8893392 3.0387366 -3.1046524 -0.4673273 0.3958964 1.6344994 2.196039 0.2758728 -3.1136417
lilies -0.94180113 5.814194 -1.8186017 -3.685502 -0.15511125 4.205669 4.1320033 -3.1342015 0.2412768 2.3358798 4.7991786 3.6848621 5.8331356 -1.8013092 0.3469524 -1.2816904 1.9194132 4.9811397 -1.6522943 -3.9381032
furry 2.9716043 2.6305015 -2.5705032 -5.594108 2.2010686 -2.0196679 5.6725445 -0.086321324 0.22666425 -0.38303533 3.391948 1.4940861 4.147934 -8.24014 -0.9399633 2.007135 -1.6180936 5.079668 0.6328382 -4.5250096
walrus -1.9530826 1.0278412 -3.012726 -3.1361961 0.9436384 -2.3607583 6.0552754 -1.5494621 1.7115972 0.31442374 4.4626913 3.0368545 4.721876 -1.6486512 -1.6833677 0.07945801 -1.0936688 -0.92944115 1.3042936 -1.7490445
prickly -3.6269598 4.1006536 -0.22969455 -1.2021434 2.3582735 1.8196847 1.8162657 -4.3000546 -1.072081 3.3704102 3.5176816 4.276075 1.5813223 -5.8737316 -1.3801429 1.3711846 -2.248623 4.550295 0.5331603 -5.6924424
mallard -3.4557276 -0.03921755 -3.5446236 -0.3067838 1.555421 -4.208513 2.4147768 -2.2117717 -0.23657705 -0.50917697 2.6266842 3.3314216 0.862024 -2.7132354 -0.010173412 2.0610318 -0.19055438 -2.814168 0.72427756 -3.2092092
eater -2.0230415 1.6607305 -1.28838 -6.8168936 0.93640286 -0.94392204 6.184712 0.75524986 0.7584421 0.38403937 3.5097086 1.8735445 2.277512 -4.244346 -3.0151732 0.59625393 -0.17598441 3.752885 -1.4244214 -0.55149335
paws 1.0304369 3.1560993 -2.372247 -1.1051495 2.1815107 -1.7300568 7.5501485 -1.9762508 -2.5593293 0.20566513 2.528148 0.31593925 1.6149899 -3.0571752 1.1826794 1.8000486 0.7886282 4.0301933 2.106356 -0.4827668
collie -3.3468194 1.1286982 -1.8907409 0.16251552 2.792614 -2.1484416 0.13878697 -1.2494122 -0.7493065 -0.752674 4.585584 3.775386 2.5709827 -3.7602503 -1.6514962 1.1857446 -0.39445376 -0.08681543 0.27294585 -3.9373024
gelding -4.6421657 2.5175874 -4.527098 -3.4824958 2.2658367 -4.241181 1.187663 -0.19796136 1.1100503 2.0065746 8.010164 1.8345575 2.6729507 1.1379292 1.6778523 1.7287724 5.681252 -2.6352084 0.9598695 -6.4747124
tawny -3.2546434 0.2506999 -2.7236857 0.44622722 4.5856366 -1.2405299 5.674017 -3.7412946 1.9954879 2.7780688 2.8453732 2.2675915 3.9504006 -6.2852793 -0.25858346 -0.10570758 0.089610346 3.1187682 1.902685 -4.8356094
manta 2.493516 -1.1963271 -1.4109969 -6.338659 0.9066617 -1.4752334 3.5625894 -1.680218 -2.6587076 4.37738 3.891122 0.39721784 2.9239402 -4.8026967 -0.12555346 0.60398453 0.107604645 -2.4121492 0.064648956 0.13132615
iguana 1.5144298 2.3826733 -3.6443188 -4.4770293 0.41367283 -1.1108534 5.1062107 -2.1965642 -0.31342778 3.0423808 3.688354 1.2198212 1.1154249 -7.528317 -0.9211782 -1.7302977 -1.5884857 -0.7065384 -2.189813 -1.6220102
tyrannosaurus 3.6364331 2.2637703 4.1195216 -3.097153 1.829471 -2.6336014 7.967185 -3.4094188 2.1047711 1.4120291 6.1074185 0.70756435 5.6398416 -3.9252105 0.122857705 3.9182696 -0.044880588 -2.4502392 -0.8384185 -5.6418223
magpie -1.7064401 0.24350862 -4.6944065 -0.8518955 1.8387483 -1.3453449 4.9534025 -0.2235499 1.3600545 1.6893947 2.7244308 3.924397 2.6104214 -3.770755 -0.32422227 0.24040693 -0.4726352 0.6471551 0.4280898 -4.386719
mullet -2.897383 -0.013283407 -4.276116 -0.6354873 3.1856835 -2.3949878 4.6308665 -3.1537488 -1.3787651 2.6398814 2.7505682 3.396023 1.6385626 -3.0336585 0.6733884 -0.67422074 -0.5192268 1.0759274 0.5956773 -5.3802366
hummingbirds 2.0836365 2.5066097 -3.1182654 -1.9283489 4.131441 -0.5193516 5.235906 -5.6793714 3.8498216 0.2228726 5.387239 3.3281279 2.0374422 -7.36125 2.178557 1.1636864 0.8312225 2.3483744 1.0825143 -1.9118161
orca 0.9522184 1.1619538 -2.9891615 -4.8647203 0.04203539 -2.479114 4.826995 -3.2413993 -1.0912548 0.81127745 3.1509588 1.1977556 -0.37199455 -4.3094616 -0.013959024 1.1281672 0.6919475 -2.5550778 -1.6078427 2.3745544
goldfish -1.5341917 2.860209 -1.8139094 -6.1226735 1.3381162 0.558773 5.353893 -3.000192 -0.6683758 -0.6539265 4.277011 3.740384 0.9147714 -4.3885174 0.35383758 0.21765147 1.9861748 1.8462234 1.9333787 -1.4153147
haddock -5.029176 -1.02047 -2.92555 -3.2675135 1.8483014 -1.9709678 4.5031495 -0.5087007 -0.559306 -0.36058336 4.9112754 2.433307 0.73824656 -1.0528225 -1.0903378 3.0708597 0.5088106 -3.9391634 -0.50623775 -1.0157757
bobcat 1.438405 0.90492886 -3.6370032 -2.0901084 1.1169263 -4.5845976 3.2962136 -1.4646956 -2.872881 0.4043638 1.4790806 1.6005316 1.9200534 -8.135118 2.3967474 1.6275095 -0.735352 -1.2607825 -0.31674758 -1.8771409
thrasher -0.5465684 -0.17629074 -1.4539533 -1.2888963 2.4204395 -5.972438 4.314798 0.6875129 0.97572494 -1.7526565 2.7541783 0.78424 2.694525 -5.9972353 0.018322283 1.1441551 -1.6689761 -1.0748122 -0.9752816 -0.24824578
peacocks -0.7299609 2.071731 -3.4901397 -1.2650876 1.1001164 1.3887769 3.6530979 -1.4593787 0.027605148 -0.66836435 2.2672567 1.7999494 2.8509002 -1.0892291 0.53594434 1.5672317 0.569416 3.1843576 0.16186813 -4.842463
tarantula 1.9411782 0.6563301 0.34764713 -4.9289107 3.0684433 -2.833549 6.185402 -0.92969435 0.2689802 3.0870028 5.1685057 -0.37345818 2.0044477 -6.0869193 -1.084303 -0.2274004 -1.2938102 1.0012958 -1.3349111 -0.9200718
jackals 3.273132 1.8950503 -3.4923484 -1.2155118 3.0666404 -2.9360995 1.5727636 -2.3937423 1.2784965 1.2259991 5.260971 -1.7023449 0.66624135 -4.7536807 -0.51239485 2.0679102 -0.94081604 0.99164146 -0.2571262 -1.5501429
booby 0.84191394 0.5594586 -2.082808 -5.4068637 0.91927224 -1.482531 10.007561 -4.4092584 -3.0480485 4.080411 3.5302148 -1.9411066 0.30025673 -0.95771015 -1.1337413 2.357483 -1.1941676 -1.4661264 1.1281129 -2.4892108
scavenger 1.5964148 1.2502275 -0.21227181 -4.619136 0.9514743 -0.4851187 5.635505 -3.064257 -1.2274127 0.08784898 2.4767385 1.0075712 0.34996256 -5.083759 0.31823716 4.0897875 -0.43825164 0.12596679 -0.230656 0.00860753
urchin -1.3820659 1.8545953 -1.2044743 -2.8300338 1.7237169 1.6677253 6.6264215 -5.4602513 -0.25643072 1.461761 5.1137094 1.7141677 3.9921722 -4.111522 -2.6662152 0.33621737 0.12376247 -0.9634971 0.15904525 -0.9133325
scarab 1.6475723 0.01621614 -0.13557021 -4.4406304 1.026175 -1.5053564 6.9500017 -1.2303474 0.0127010755 2.9328706 4.734344 2.6965017 4.6789393 0.3370818 0.34074962 1.9150873 -0.11100319 0.56430864 -1.8197776 -1.0246571
caged 0.4775925 2.19445 -0.90985054 -4.5708733 0.7027535 -0.36367038 6.6987457 -2.5000384 -0.18580584 -1.1389215 2.6875634 0.651218 1.0500113 -4.6166716 -2.1795087 1.1803229 2.0853984 1.7344549 -0.11768359 -0.359384
chipmunks 0.9046963 0.65336055 -0.98712337 -3.9871538 2.047038 -3.354467 4.7837653 -1.0664314 -0.95214266 -3.1281922 3.5281918 1.4929122 2.8624196 -7.603433 0.36410916 -1.3035438 0.76189274 -1.179552 0.46574873 -2.7851117
dingo -0.07282027 -0.33539665 -3.219219 -2.6241548 1.72044 -2.4138405 4.8683276 -2.3880467 1.3049558 1.1661795 3.6417203 2.3909786 0.26279664 -3.1571686 -1.7735926 1.4802355 -1.2079114 -1.9774103 0.8055282 -3.3945043
twig -0.97505635 3.1819808 0.4252429 -0.70105755 2.7324235 -1.6256396 6.1724625 -4.899839 -2.198376 0.24323905 4.2452345 3.0018623 2.3732383 -2.457287 -0.76581585 -0.7842404 1.6191612 3.6670785 0.34350836 -1.7224654
dipper 0.46480063 0.639728 -3.1649761 -2.2881591 1.7741969 -1.8952174 4.412987 -0.91925937 -2.6893933 0.36045584 4.5287538 4.285956 2.8502584 -3.4757457 -1.761884 -0.85578644 3.4665554 0.97474396 1.0319604 -3.0921078
wallaby -2.3380015 1.063238 -5.5861626 -1.568193 2.6744182 -2.0226054 0.26656953 -0.53481513 1.8044845 4.451916 4.5071034 1.8210276 2.0336394 -4.6881447 1.0923212 2.1272256 -0.09549339 -1.2667758 2.6979847 -6.346431
songbird 1.2832967 0.49804187 -1.166921 -3.517045 2.1435475 -2.0393345 3.1739953 -1.593845 1.624217 0.3819798 4.044213 1.7069892 1.6114494 -4.905767 -0.7605588 -0.23697704 -0.12551655 0.40375355 -0.8302314 -1.6863794
starlings 0.62179023 1.9100606 -3.1630287 -0.80232316 3.2042987 -0.87963617 4.4241276 -3.8019989 3.1603162 1.4591119 4.1999307 0.7248395 1.4373906 -4.928285 1.219268 2.8351398 0.09021783 0.70153373 1.6606195 -2.1107159
adder -0.3628886 -2.0976663 0.9259308 -2.1946697 1.649386 -4.4054656 7.3345222 -1.969499 -2.1696568 3.343544 2.1528428 4.843691 0.99260277 -1.4027381 -1.6930081 0.38642365 0.9344941 -0.7562698 0.83369076 -2.6417134
hippopotamus 0.04710701 2.0934055 -3.2416937 -2.6114852 1.9615221 1.0171261 5.6164184 -2.985842 2.65277 3.7860186 4.69419 1.5263542 2.076883 -4.3947005 -0.72039855 -0.1091461 -0.7138383 1.2635542 -1.5419091 -3.6114635
piranha 2.1301749 -1.1013461 -0.3321859 -6.4980664 -0.08943478 -3.2383194 4.1903296 -0.556421 -1.4888722 2.5943756 2.252571 2.0615447 2.4425611 -3.8027482 -0.03989686 0.89304745 -2.174231 -1.9299808 -0.039336964 -0.46854576
rawhide -0.107623264 1.5312245 -4.0006785 -1.5178746 0.78836185 -4.2104716 4.486108 -0.44243187 -2.3478174 -1.4403985 2.120594 -1.2441939 2.0259545 -4.956991 -0.9104865 0.0060069766 -2.0043569 -2.0863962 2.4801238 -3.9170856
vermin 0.4063601 2.5979958 -1.223657 -2.1725392 2.394945 -0.55423933 6.331103 -2.6857786 -0.80615175 0.99672353 4.9326496 -1.0926994 -0.9132258 -0.7263464 -2.018599 3.2252526 -2.888401 2.0153408 0.4951181 -1.4646409
mistletoe -0.96104544 4.7731004 -0.6405535 -2.732863 1.2523974 -0.07902702 4.299363 -4.054412 0.3459886 0.9815584 3.750287 3.488004 1.028638 -3.883717 0.010775512 -1.7980273 0.81603277 4.672193 -2.0533936 -2.2112532
shrike -0.619696 -1.8203232 -3.0685802 -1.0471704 3.910411 -2.4095204 7.9627614 -2.1409152 0.8673191 4.5955567 4.3090816 1.5841198 1.7107084 -3.4326234 0.24809048 1.9078747 0.7707107 -1.1818371 1.0455221 -1.4619555
creeper -0.044338368 1.5106314 -1.5266905 -1.5549108 1.9447032 -2.361939 6.4057627 -0.60956985 -1.0705621 1.1988728 3.8160625 2.5708346 2.3031323 -4.9793143 -3.078724 0.4088229 -0.39767006 1.5882169 -0.7681211 -2.5128188
smelt -2.869552 2.6813524 -2.0947375 -1.4082445 1.7688414 -1.164669 0.89898646 -4.5613256 -0.5980963 2.2709818 5.4870276 2.9799004 1.4679053 -1.557132 -1.5354459 1.0122223 -2.1202776 -0.21303901 2.0184753 -0.9984103
komodo 2.8751404 -1.6307341 -4.523524 -6.3899717 1.066526 -0.56000996 6.869394 -0.58809805 -2.118147 4.1972885 3.6937506 2.0468109 1.5892847 -4.4665256 -0.84357756 1.6244673 1.4287446 0.103607856 -1.3471009 0.2035612
antler 2.289973 5.2512774 -0.2136293 -0.44574162 0.6115484 -0.48011184 4.2773886 -5.6834307 0.43161947 2.351615 4.746847 2.6700783 5.1910295 -0.47147202 0.95860004 0.8499208 -1.5198814 2.1490538 1.1713189 -2.9001014
sepia -1.0673673 1.7405508 0.24284041 -1.7460659 -0.701892 -0.7843713 5.14753 -0.9175652 3.1702616 0.080332026 0.20534159 4.5002003 6.181317 -3.6591058 -1.3185354 -1.9076129 -1.8194073 2.2217703 1.6597986 -2.8991103
retriever -3.1937196 0.49202126 -6.0303135 -1.9216925 2.048665 -2.3739374 5.3450403 -1.6387562 0.08012956 1.5115641 4.0934215 6.1117773 1.8057013 -5.201958 0.6235361 2.0032947 2.7478309 -1.3689933 -0.76312894 -1.9079145
swallowtail -1.252913 -0.26193208 -3.9384327 -1.0984505 3.4525461 -0.53193253 5.6357293 -5.3216443 2.7208939 5.824212 3.7177575 4.1150136 5.1877813 -4.68557 1.543685 -1.3376281 0.036531247 2.6954153 -1.4837677 -1.2493533
shag -1.5451741 1.2315612 -3.976645 -0.8239071 1.5610124 -1.3516535 2.2143943 -1.1640635 0.73440045 -0.52156633 3.3234882 3.4434195 4.0646577 -3.6598814 -1.9619699 -0.91073203 -1.4425366 1.4544134 1.1981717 -3.3853931
minnow -1.6548481 1.6036266 -2.1334598 -1.6935512 2.5214107 -1.7483373 2.6428187 -5.0417333 -1.5638983 3.980559 4.809512 4.3335204 0.6919829 -6.4950666 -1.5248716 -0.03400205 -0.32287136 -0.8943724 0.59058285 -3.1219819
platypus 0.48250613 0.9454517 -1.5289488 -1.7679809 1.5884036 -1.7637292 5.2693357 -3.8464415 0.07341551 0.91776407 3.1809497 3.3018272 1.711151 -5.149575 -0.20573403 1.6049885 -0.14255054 -1.4318932 -0.4748116 -2.1277294
wahoo 0.1506714 -0.18753031 -3.7633786 0.51784635 2.1442187 -6.626579 4.866174 0.571645 -1.3954027 -0.1666994 2.6758025 0.65354335 -0.057516586 -3.691218 -1.1143097 3.2900836 -2.1858754 -1.0863683 -0.3208927 -0.9169885
honeysuckle -3.4215918 3.5598009 -2.9838493 -1.18637 0.98572046 -0.2421785 1.8974795 -3.3705943 -1.1373693 0.8504676 3.79805 4.430252 3.4204118 -3.8810225 -0.45980838 -3.0176435 -0.9918454 1.2716753 -0.015582443 -3.0375085
oglala -0.10715909 -1.4841758 -6.7525563 4.816378 5.4306703 -2.2453582 6.4530153 -1.8085499 -0.16479295 -0.96386695 3.1397607 -1.6472337 -0.21438003 -4.1462207 -0.8452417 0.5124391 -3.7400687 2.6030383 -3.8072705 -0.045456696
stink -1.491093 1.041336 -0.34724498 -3.368881 1.9391689 -2.8464463 5.6702237 -1.8635706 -1.6906098 0.98120403 2.4766994 -0.27966756 -0.3325731 -3.5717573 -3.5938976 -0.31389457 -2.069055 2.3068335 1.190435 -0.9690432
weasels 1.4365085 0.92384666 -1.7802372 -3.5256295 3.38146 -2.4428556 5.6195884 -2.8139813 0.40374544 1.3971963 4.706396 -0.779201 1.1766369 -5.393118 -0.2269637 1.8243744 -2.110578 1.0444618 0.5382016 -2.6579683
howler 1.9269103 0.65782183 -2.065026 -1.7934026 2.6814778 -1.4084136 5.5996976 -2.444353 0.927953 3.1151466 3.0106013 1.0387083 0.5168728 -7.4865737 -0.20528068 1.1094066 -0.57757896 1.0356718 -2.0318718 -3.0590656
llama 1.9326795 -0.15933752 -2.2735827 -6.5855145 1.195744 1.2638372 3.2779593 -1.7861513 -1.2743617 0.5083247 3.8659468 2.008605 0.055404097 -3.035776 0.22120753 -1.1425627 -1.2349211 0.6304177 -0.846004 -1.964293
skippers -1.385646 -0.04768845 -5.1183963 -2.3481438 1.4866157 -1.7604042 2.2436938 -3.9013877 0.8629537 -0.38518605 2.8633192 1.4071162 0.66411924 -0.022982225 1.4607251 1.8439353 1.4491445 -1.3176664 1.7660948 -2.1294222
ambrosia -0.4471161 2.0801911 -0.11230082 -4.539508 1.6166126 -0.60647887 2.5526054 -2.5246215 -0.58128405 -0.10859853 4.412049 3.051871 1.9687388 -4.328666 0.16717389 -0.17475846 -0.81475294 2.110938 -3.2795873 0.5338497
pug -2.5765471 0.28828776 -0.7452494 -2.0855277 2.7113273 -1.4077847 5.091982 -0.4280896 -0.8677124 -0.86236966 4.205442 2.5790687 3.0733511 -1.5846817 0.64001286 1.5634813 0.23033741 0.30685246 -0.7227604 -2.8157673
blackbirds 2.2934034 3.835542 -3.8464708 -0.0704375 2.198696 -2.8305633 1.8492924 -1.5646864 2.658629 -1.848377 4.3672976 -0.5658132 4.314509 -5.9246144 2.0125334 0.26863655 -0.0548595 0.7720354 -0.060674373 -2.5374095
nightshade -0.054230075 1.9357892 -0.45831066 -3.9011605 2.064518 -1.3028843 5.97194 -0.7386907 0.36990553 2.7786796 5.4686847 1.3421104 2.6112125 -4.5286508 -0.85731924 1.1977646 -2.8847263 1.1376288 -2.932907 -1.6802719
lamprey -0.9148782 1.5834527 -0.7978291 0.6436358 2.614189 -0.94167846 2.3310957 -5.6183634 -0.9421305 3.4613092 4.733686 3.7338595 1.2570829 -6.326032 -2.0496569 0.9273256 -1.5327586 -2.0471356 1.2203832 -1.8283418
buttercup -2.287983 2.8294232 -2.1260934 -3.6347122 1.765254 0.6838769 3.1362016 -2.3220444 -1.301573 -0.4053057 5.321101 3.5683165 3.121761 -3.6926343 0.098454975 -0.67029446 -0.04483904 1.1925126 -0.5165724 -3.6763375
bandicoot 2.5327842 0.078979254 -1.2774916 -5.6960735 0.65421975 -3.6884348 4.908953 -0.5121366 -0.3312453 4.724464 3.3980465 0.30208817 -0.033203375 -7.3515673 -2.5036077 0.6378234 -0.22477677 -2.5617723 1.4756025 -3.9935987
sapphires -0.012868078 3.685842 -1.5908866 -4.998471 -0.9630565 -0.53869 2.8461442 -0.12745503 0.118672594 3.1850593 4.229077 4.0279474 3.7106156 -1.3205631 -0.90847737 0.932105 0.43355462 2.7776885 0.054044016 -1.6432836
baboon 0.0844958 0.67114794 -1.7230203 -2.006903 2.8692863 0.9937568 6.6919203 -3.6345022 0.79289734 2.8579733 3.0837584 0.9876311 0.8761803 -6.086121 -1.0021741 0.46289766 0.5254622 1.8428646 -1.5877076 -1.577993
mamba -0.7404573 -1.2471558 -1.8384842 -2.4195871 2.9710405 -2.990762 4.3920255 -0.3676248 -0.6402133 4.702252 3.2222104 1.1338695 1.2144622 -4.4638557 0.42001057 -0.13690434 -2.7563934 -0.47634488 1.7148349 0.07763073
tabby -0.9805238 2.0224187 -1.1339657 -0.24463606 2.3812053 -0.5988705 6.1535897 -2.3689592 -1.4789037 -0.7397454 3.4643145 3.1854782 2.1025784 -1.9504042 0.41639927 1.3585699 -1.2910982 1.8404762 0.1695107 -4.8395257
scallop -0.7032447 2.233333 -2.7896264 -1.2817212 0.25634718 1.0772625 3.944338 -5.28203 -0.4990993 3.9468503 3.5974085 3.8348887 3.9566832 -0.13597073 -0.38568437 0.7426076 -0.88836634 0.37734002 1.335187 -1.9959167
bumble -2.1914196 0.25069672 -1.4161217 -4.350768 2.3967118 -3.170179 2.4517455 -2.898916 -2.042036 -1.8442193 2.8596127 3.3826923 1.2689377 -4.7077928 0.6963473 0.64980835 -0.8853818 0.9990101 -0.0715305 -1.987002
diamondback 2.1189454 0.18958578 -2.7272942 -1.4841053 3.0771587 -4.411587 5.000648 -1.2709419 -0.6008781 1.1201096 4.668821 0.54174006 1.2259338 -4.8372335 0.03773345 3.1307487 -2.3352482 -0.672454 -0.7069324 0.8516066
chameleons 2.2330732 0.46093407 0.44446573 -1.2325227 2.4416327 -0.42076397 4.810093 -1.5546975 1.6025585 0.5826429 2.3918428 1.2997432 2.1990743 -5.5899134 -0.8746144 -0.16227119 -1.1807903 2.256878 1.4493325 -1.3455802
muskrat -0.52720714 2.3996751 -3.9010444 -1.4599441 0.93484807 -1.1627239 1.7148782 -3.4437203 -2.6725564 1.1351235 4.335421 2.3762727 0.055010647 -4.4138165 -2.0668993 1.5494679 -1.1698463 -0.35739514 -0.8894078 -1.8068684
buckskin -1.2800224 1.6596755 -4.767971 -0.37193123 2.6220393 -2.7624056 4.501864 -1.3250017 -1.847664 -0.59979254 3.9966114 2.2700756 3.3396342 -1.9876754 1.016701 1.1225854 -0.67049015 1.6947843 0.24628891 -4.03
quills -0.7490249 2.014113 -0.713227 -0.5818389 2.045636 -1.7315513 6.007907 -1.5898128 0.3521375 -0.23579419 3.189101 2.6656573 3.143707 -1.9599725 -0.14328381 1.1136104 0.019351797 2.2619603 2.272055 -1.790906
herrings -2.4453828 2.1157417 -2.1908724 -1.1076518 0.9226853 -3.3140676 4.0714455 -1.0667945 1.279482 0.7396177 1.8988223 1.768456 1.1115776 -0.6887582 -1.0848761 0.49503735 -0.6151478 2.1018467 0.75171345 -3.970806
screech -0.34225926 -0.1618396 -1.0538586 0.7102158 3.9061882 -1.7057726 4.3103013 -1.0710467 0.11209955 -0.025896303 3.324537 1.7059258 1.6717792 -6.011603 -1.8334284 0.52997917 0.8899322 1.4906838 1.8460103 -2.921413
blackfeet -0.32197198 -0.22050022 -5.161523 2.7280517 3.8605065 -0.44043308 3.5182033 -3.449373 0.445129 -0.35830277 4.086467 0.38540193 -1.0311149 -3.579115 -2.1920936 1.7666161 -3.5896251 0.9844865 -3.1879072 -0.8053539
fuchsia -1.8354691 1.8020536 -1.270837 -1.7495142 1.1213201 -1.4302192 1.9336349 -2.364985 0.17063385 1.485035 2.8754773 5.510279 3.402974 -3.181347 0.9337814 -0.7552665 -1.2429048 1.9277393 -1.1652718 -2.0325718
spectacled 0.069688305 0.77377784 -4.1911664 -1.2006049 2.6947026 -1.0492384 5.0556393 -4.96942 1.8911935 5.3811564 4.432085 2.6302905 0.84812456 -6.1332126 0.3095551 0.78748965 -0.44414514 -0.82761484 -1.3592829 -3.757419
porcupines 0.4174248 1.5715783 -4.1846023 -1.7742094 2.1752088 0.27595595 5.151136 -4.003845 1.4783645 2.613516 3.751405 0.6921965 1.350961 -5.836023 0.38655397 1.3301063 -1.2147795 0.20588152 0.03756103 -2.200284
creepers -0.055155616 3.2269034 -2.0771961 -3.4983485 0.5225141 -0.13827816 4.010906 -0.5211092 -2.0036094 1.4190075 3.0354795 0.9304119 2.0082784 -3.9935699 -0.6561517 -0.27681285 1.1208993 2.6270585 0.26501924 -2.934748
sombrero 3.1292727 0.8988794 -2.2339594 -3.266808 1.2286037 -1.4057572 2.7453656 0.40629554 -2.0745044 1.8816599 3.8047562 1.1091533 2.0604815 -2.8883314 0.12457803 -0.8333462 -0.21531488 1.7764663 -1.1754731 -2.171821
angelfish -1.7394903 0.89531225 -2.6591082 -3.1546123 2.518842 -1.1389606 4.79912 -4.628091 2.240948 3.1646168 3.9913676 3.766646 2.5308564 -4.8396378 0.26146916 -0.42607749 -1.1482303 0.9127802 0.85932255 -1.452527
reefer -0.7076442 2.1910086 -1.1839901 -3.9509325 -0.33417705 -3.041058 2.9050126 -0.6223428 -1.1734143 -0.02793353 2.3755748 0.77102256 3.2961571 -3.4730315 -2.0974302 -1.8084035 -2.1121104 0.50531125 1.064147 0.43801364
milkweed -0.3222222 3.16734 -0.91861826 -2.4126525 0.6817091 -0.09776351 2.572307 -5.01217 0.51644045 1.9106475 3.0247662 4.2978463 1.4233536 -4.660374 0.6869861 -0.25420508 -1.20904 2.3056817 -1.6396035 -0.88911676
brindle -4.3780518 1.1283915 -2.253986 0.3153308 3.0526094 -2.5364435 2.1445165 -0.72534615 0.46157375 0.15703422 2.9649813 2.7175026 1.9275527 -2.0643861 1.6938186 1.2361847 0.20087525 1.4922781 0.95972717 -4.8208666
phlox -1.8695573 2.2042181 0.30062863 -0.64195067 1.9798552 0.49021485 3.302438 -5.078565 0.25405055 1.7287045 4.0852113 4.4466887 1.9455826 -5.082786 1.5368325 0.3625355 -0.03488164 0.4632321 -2.9220252 -0.9658198
echidna 1.0103407 -0.34078076 -1.1481961 -2.3880851 3.1345673 -0.2246923 6.143403 -2.944992 1.7002285 3.699054 4.4554286 0.93451935 2.2796457 -4.4576836 -0.28913838 1.3337436 0.9028472 0.40374172 -1.7520838 -3.3669908
dormouse -1.8559436 1.5728145 -2.8525753 -1.8959852 1.1220169 0.65713483 3.5536363 -2.8178375 -0.27907634 2.5424874 3.011442 2.5342712 0.5641177 -3.551114 -0.42534935 0.0039651333 -0.7341603 0.24470104 -1.0502057 -3.97541
mockingbirds 3.5426755 3.443726 -1.8639088 -2.356982 1.8101511 -2.5960436 1.9967897 -2.818518 2.9210417 -0.25053477 3.332796 -1.7426299 2.979258 -5.648584 0.36110237 1.0842462 -3.0554178 2.6643968 0.083686605 -2.9383984
warthog 1.4447418 -1.1335746 -2.7353175 -3.7241905 1.333314 -2.0138571 4.7473745 -0.28586215 0.06034095 1.8449215 2.6876118 1.7077633 1.7330055 -3.972579 0.1346445 0.34842673 -1.5445431 -0.8153411 0.401678 -1.535389
jackrabbit 2.0134618 0.45553422 -1.782839 -1.3294644 1.2995687 -2.0884392 1.8400846 -1.4514894 -1.5499462 0.3897311 1.7982217 2.0411787 1.2736394 -6.379548 -0.14983612 0.7864485 -1.0293158 0.025266705 0.19036625 -2.1411064
rattler 0.455804 0.98362 -2.585231 -1.1982977 0.5664764 -3.087603 3.1734326 -0.38837898 -1.9658629 0.47065628 3.8460524 0.35413232 2.8153763 -1.2384272 -0.74477804 0.17060833 -0.49193344 -1.8237624 -0.36729348 -1.279924
pincushion -1.4363024 1.1169088 -0.20675923 0.59398055 1.7762871 -0.799557 2.4711213 -3.8871746 1.2048619 3.101443 2.8206499 4.61766 3.6945164 -2.804929 -0.907906 -1.3064659 0.23309922 1.5299385 0.35406753 -2.4283047
kookaburra -2.0278301 0.65769255 -4.4844604 -2.3517575 0.79492694 -2.806313 2.5158978 -0.17909251 1.3692555 2.1930096 2.406064 2.765396 2.4459188 -1.7573348 0.1197088 0.4207467 -0.2529929 0.65268236 1.3780936 -2.65215
appaloosa 1.1805322 0.98437977 -3.495215 -2.91313 0.26284087 -1.2966095 1.4871533 -1.6421645 0.74924916 0.80245644 2.1688504 2.8968341 1.1584271 -3.4573357 1.3963705 2.2320755 -0.396127 -0.623396 0.5004358 -2.9458802
harpoons 0.25344336 0.6666966 -1.0437847 -3.0171895 1.402929 -1.9338517 6.334092 -3.1118796 0.34987333 2.682908 3.755448 0.18562755 3.1940649 0.04967448 0.44664606 1.0702925 -1.5449542 -0.6284136 3.7034461 -0.1939123
mastodons 3.30741 2.531977 -1.3788068 0.47249115 1.0939175 -0.91744286 1.1116638 -4.193801 1.1076115 0.6377077 3.5538504 -0.6564077 3.0133862 -3.58002 0.3896117 1.4206566 -0.25280112 -0.7075361 -0.9958264 -1.7898287
hairstreak -2.5911782 2.7125328 -2.7600834 0.35012466 2.067572 0.31819645 3.8846374 -3.096439 0.96805567 5.6993933 4.154976 4.0713644 3.9080236 -4.07514 2.3416464 -1.6570497 -0.04054501 1.4869837 -1.8585144 -2.2971127
gizzard -1.1782597 2.0006537 0.61781514 -1.8096517 2.794985 -0.6915299 3.7239878 -3.9612422 -0.92560333 2.0343516 3.6928363 1.8009864 2.2221234 -3.3717508 -1.393095 -1.2706628 -1.6856437 2.9966006 0.42518556 -1.2432956
whitetail 0.13870469 2.1305037 -4.2905397 -0.6311109 0.66325474 -0.743565 2.545025 -3.1306243 -1.6013877 2.5863693 2.335603 1.183124 -0.15877023 -5.3176045 1.0116367 1.2319195 0.22799405 -0.50659484 -0.4816892 -1.9964054
periwinkle -2.040129 1.9573624 -1.3551792 -1.566216 1.2417426 0.26104224 3.8417974 -3.1581597 -0.7113055 -0.14956175 3.0224574 3.086332 1.8702765 -2.8656986 0.13071662 -0.14665812 0.68039 0.90832067 -0.8984728 -1.0179825
velociraptor 2.4909394 0.15877213 1.3516415 -1.6740971 1.5121238 -1.7550226 4.9235563 -3.1591606 1.076968 1.1513574 3.5139697 0.8839351 2.3698575 -2.3811793 0.4136038 2.5456572 -0.2524486 -1.9722712 -0.29496953 -3.0864713
ducklings -1.3878332 2.9067512 -1.5807606 -2.7059364 1.6565082 -0.41435677 4.0399537 -3.364043 0.012974787 -1.4987563 3.4967964 -0.072158426 -0.83651143 -2.6404645 0.04491241 0.16046424 1.8114017 1.0024745 1.0670785 -2.3489792
wooly -0.9141698 2.231238 -1.0104878 -1.6875186 2.0117726 -0.7489968 2.9562938 -1.8650273 -0.34047544 0.5433906 3.1338744 2.3541062 2.5221577 -3.9758935 -0.40616906 -0.24052605 -0.2955404 2.6880338 0.37480897 -2.572014
narwhal -0.7839069 0.1617928 -1.8281769 -2.165793 0.45876127 -2.3731775 4.475491 -2.6348867 0.86454016 1.6673449 2.6294312 1.3447464 2.2891073 -0.36460945 -0.67378783 -0.3770093 -0.10713906 -0.8631594 0.008146378 0.47281313
eared -0.31445333 0.43104842 -2.7219942 -0.5255816 2.289999 -1.4467419 4.348875 -3.419748 0.4492587 3.2287185 2.1718962 1.9665437 2.1830845 -2.4019232 0.7642033 -0.40414888 -0.008091823 2.1123142 0.47121328 -3.2016706
wormlike 2.6883848 0.68653655 1.9729884 -0.563787 2.1025448 0.55344975 4.5476456 -4.8332343 0.03513229 1.9982579 2.8451056 0.92859346 2.7475684 -3.0666375 0.25885287 0.52463627 0.64706403 0.94898826 1.3847141 -1.6764057
morpho 0.22385521 0.07974247 -0.42664012 -1.4240615 0.74347585 0.48373577 4.3297324 -2.48358 0.91501683 3.7123373 2.230797 2.778187 3.4538841 -3.2131073 0.86438054 0.0010137274 0.6433012 -0.10161519 -2.4026484 -0.7371372
warthogs 1.3492553 1.60991 -3.5447354 -0.6031192 1.7023528 -1.5795069 0.97946566 -2.0709102 0.13335398 2.2081292 2.8299255 -0.793647 1.1533786 -4.518533 0.73320836 0.8402653 -0.41581383 0.14686328 1.1665142 -0.6393606
burbot -2.249492 1.1032542 -1.2644994 -0.6978637 1.678489 -1.4500936 1.2208848 -4.088734 -1.1540775 2.5297756 2.91292 2.4169776 -0.26874596 -4.90623 -0.8005368 -0.21627603 -1.4344583 -0.60341185 0.65983033 -1.2201531
triggerfish -0.9288877 0.39711896 -2.1726906 -2.0502152 1.9566799 -0.2058076 4.7274284 -3.2902622 0.65672356 3.5111372 3.029389 2.2193182 1.7943265 -4.9577537 -0.03349996 -0.0386546 -0.7729274 0.09045205 0.4862924 -1.284066
plumed -0.081309184 -0.23244289 -1.8395125 0.66032225 2.2039297 0.09850663 4.2382784 -0.99203783 1.070252 2.38803 1.8948795 1.3325998 3.904866 -0.95000756 0.6845895 1.4991993 0.3684221 3.013535 0.55832475 -2.320714
collies -0.93298155 0.041158672 -3.4300044 -0.045933787 3.1490078 0.12459918 1.3118072 -2.7255902 1.7882378 0.065520115 3.5609977 2.0474102 0.04504824 -1.9329643 0.15110482 0.8288074 -0.4062291 0.91224474 2.6942184 -2.4400728
catbird -1.397297 0.06548321 -2.6087968 0.9314816 2.5599616 -2.1660383 2.059691 -1.5776029 0.7285167 2.560298 2.6062002 2.6445675 1.7103068 -3.1890905 1.0237268 -0.06400844 -0.8425273 0.84910804 0.22563629 -2.4916172
parrotfish -0.97522074 0.55351555 -2.2770095 -1.0924832 1.9238188 -0.6193436 3.1767015 -3.9845653 0.3164818 3.094182 2.4084704 1.9390839 1.3063166 -4.478262 0.6439004 -0.1824685 -0.24230908 0.1692726 0.7352917 -1.4265797
saddlebred -0.84718305 0.6073027 -5.015121 -1.5523282 1.3141623 -0.24457453 1.2455944 -0.7674792 1.9311624 0.8348353 3.0758977 2.290545 1.9862454 -2.2091606 2.7210448 1.7389175 -0.5848296 -0.64743406 0.5833537 -2.43965