Centroid_3 0.5138648801041666 2.374999983345104 1.2296629503749998 -0.8355992410624995 -0.9552658815104165 4.218220561177083 -0.5278602139697915 7.778742343750001 1.9988939101208334 -7.193740594791664 1.29608343040625 0.6198579883958331 4.808891290208334 -2.756331725260416 5.861942572229162 -4.530775084270832 0.8130914792604166 1.1064985431562506 2.2161038141822913 -1.041117760791667
music 2.164862 4.2671237 2.1852486 -1.2155771 -1.8165241 3.2558885 -2.2493901 10.703509 3.175934 -10.935148 1.0045296 8.067691 2.0630207 -8.20412 2.442491 -5.9426875 0.025971029 4.902124 5.372898 0.78811044
festival 3.2157202 9.617458 -7.5249643 -1.1337208 -7.3295374 3.7759557 -3.9187036 12.454164 0.2880082 -4.3699613 1.9480135 3.7966406 4.291325 -6.3708887 1.7028985 -10.1992655 8.083909 4.7828364 -2.9231195 2.0077386
studio 2.4565408 6.3843713 1.2205266 -3.2490258 -3.873375 -4.2997584 -0.62332535 8.469008 -1.0232863 -8.474327 3.8122492 2.4296494 6.192449 -1.961158 1.5838795 -6.4139247 1.3691254 0.20298752 3.5947733 0.6945452
theatre -0.18864828 5.9891315 -6.652817 1.7018639 -5.812283 6.2033086 -0.439099 13.312353 -2.98155 -9.005968 2.1991735 1.8560138 5.893925 0.03656539 5.403927 -4.8684173 0.4587767 -2.8209035 2.999798 -0.037488703
artists 4.616187 7.3347855 0.4330292 -3.3887107 -1.6296995 5.363607 2.2727377 9.393956 5.611459 -7.62361 3.4360402 4.629235 0.17587587 -5.2806015 7.5721216 -3.1892095 -6.2658 4.2741585 2.0133638 -2.0571392
artist -3.108962 4.8757596 1.8563678 -4.7684145 -0.750312 5.2660575 0.76763654 10.347662 5.1905026 -5.9689546 4.0036287 5.0756316 6.3435016 -7.0716987 6.3199263 -1.3742301 -3.7948322 1.7439847 -1.5270195 0.26311666
musical 2.4915164 1.6841607 3.5307865 -2.7245858 -1.7248052 6.93989 -1.0136455 8.985691 2.767611 -10.276567 0.8966202 3.823021 4.407709 -5.9758267 1.0546674 -2.44957 0.89010984 1.7335733 5.9547343 -3.6620026
dance 4.0580945 0.83578527 -2.430684 -3.2988787 1.7909154 5.0991726 1.6559091 7.252547 -0.850536 -9.297373 2.096041 3.8279395 3.29431 -6.4131145 3.3540325 -3.2676826 4.711731 7.310917 5.807753 -0.61429685
opera 1.1841776 4.1354923 -2.1507034 -1.701869 -5.3575554 5.942573 -0.53668594 14.715782 -0.0062894574 -9.716319 1.607537 -0.5680757 6.0271506 1.5112058 5.588567 -7.7333193 -0.51949894 -0.4612954 0.011636784 -1.9484763
solo 3.4515383 3.3482993 3.255909 -5.493485 -0.04448505 -2.8025513 -2.3345664 7.790842 3.7335641 -10.534308 4.8756137 -0.31469926 6.7457743 -5.091554 2.635544 -3.945088 3.5870464 1.2345012 4.6468472 -1.0895236
performances 2.9964678 7.330352 1.5036601 -2.9010527 -3.1101203 1.5622857 0.40572953 11.511754 3.751507 -6.8477526 1.0849942 0.44245705 -0.6348456 -4.5939417 5.4142475 -5.39291 5.4455476 2.538594 7.2122536 -5.359678
concert 4.3637133 7.4081793 -1.8150722 -1.4902931 -3.513841 -1.5305427 -1.1072123 12.416088 -0.61131126 -9.979918 1.91379 -0.6201931 2.9271584 -2.929581 4.6231456 -7.5922885 5.1331167 5.4665065 1.2098984 1.6571835
theater 4.1462593 4.3630114 -4.903531 1.1227465 -4.6004305 4.871152 1.7829264 9.1814165 -3.7319777 -8.303539 1.5775831 -0.0947073 4.396533 -3.1096442 3.8799229 -4.2342353 -0.61336565 -3.4196396 1.7691722 2.4749286
fame 0.8758937 7.169825 -5.0730453 1.3204882 -0.12567067 0.0641097 -0.9825635 10.112244 0.30856323 -5.202425 4.4436355 5.553299 2.5831194 -6.603039 8.353068 3.9982083 3.736181 3.0840003 -1.5537708 -2.3852117
orchestra 3.1560636 3.7929049 1.3799146 4.6735578 -1.1307166 1.8562945 -3.0159676 11.899148 -0.4081658 -9.150799 1.0121032 0.43590638 9.055937 -3.859524 9.213695 -7.7755747 0.5167216 1.4016575 3.0649734 1.5167339
composer -4.186828 -1.6679534 7.060225 -2.2736173 0.6330607 8.145807 -2.891 12.205942 7.601331 -7.8889055 1.5406615 1.0428164 8.348555 -3.61455 6.816096 -5.5787745 -2.9479144 -0.38218898 0.8006194 -2.690286
piano 0.9015727 2.955184 8.550258 -1.8537765 0.8347931 4.8826194 -0.0017783171 5.674778 0.8977834 -12.416258 3.2760112 2.6535487 8.169472 -1.431928 8.7240095 -4.2755623 5.862459 1.4032497 6.5355725 -3.5543945
singing 0.11499202 0.50911516 2.0522337 -2.6296003 3.792563 5.2785773 1.3797814 6.8812275 1.011922 -11.7503 2.6162136 -0.34985203 2.0592904 -5.2801256 2.5093553 -4.1923857 5.199657 6.413607 5.7478485 -3.3338833
musicians 3.0183349 4.410196 1.352474 -0.7968574 2.3870099 3.7056046 1.6423525 7.9956217 4.0313888 -10.239891 2.8565114 1.7688439 -0.11614141 -5.221155 8.73994 -4.8513284 -4.999543 4.6791544 6.3319035 -2.9223535
musician -5.6294584 0.7591803 2.5859582 -1.8944994 4.48359 3.885984 -3.2839215 9.692033 4.172837 -7.8380103 4.444569 2.0863905 5.8101006 -9.04268 5.716281 -5.069949 -5.9549704 2.3866026 2.0912435 -1.4284866
concerts 8.193713 8.055998 -3.015234 -1.3230851 -3.846059 2.2484674 0.21184313 9.265112 2.0852573 -10.211337 1.0691822 -0.39332068 -0.9879364 -2.4992185 7.6968303 -9.291987 4.072991 5.144252 4.2149816 0.17496553
broadway 0.68412644 6.678279 -1.7382015 -1.1186486 -4.255836 0.012203853 0.32495406 11.698223 -4.2551455 -11.1727 4.4724317 1.4494483 4.053913 -3.9984896 1.2515965 -5.584209 2.2156522 -4.730253 3.0852356 -7.861746
symphony 4.3440332 4.3245034 2.0217268 7.041968 -3.763677 0.8272591 -3.7324286 10.806266 1.3793284 -7.167711 -0.6473797 -0.7094679 10.841155 -5.026269 4.86443 -7.1997633 2.7692933 -0.6441675 1.7202449 2.287412
sang -2.7354596 -2.4661155 -1.4233135 -4.5650315 1.4781724 1.5748357 -3.2853749 6.876735 0.619779 -10.896464 -2.4454477 -6.064061 7.4141965 -4.076061 1.2384632 -6.698876 3.0482104 7.337479 -0.9049271 -4.6148324
choir 3.411269 3.513672 0.84898293 7.129435 1.3765217 5.1822906 0.93667036 7.6315737 -0.11483629 -10.316909 0.032414813 1.1498115 5.8355923 -0.7691573 9.414873 -6.279354 4.670363 7.201012 1.7480303 -1.3752408
ballet 1.686811 2.2612162 -3.57984 -0.8815343 -1.4441327 9.187996 0.277044 9.982258 0.30898422 -7.8772836 4.3999476 0.8573439 8.924805 -1.6296579 8.908912 -3.4730997 2.3819473 -1.5295559 1.9517314 3.0721877
singers 0.13396475 1.4860082 2.6258771 -2.862933 3.0145795 3.7634907 0.76652455 8.451005 4.0838685 -8.030235 0.93116564 0.7190236 0.11360268 -5.7225614 7.5823298 -7.2204576 -0.53285855 6.213545 3.1549969 -5.0195737
ensemble 4.3214107 1.917097 3.9513426 0.9715268 -0.97851485 5.504088 -0.2370431 8.458718 -0.34390813 -5.261802 -0.12023024 2.8899498 7.8060336 -4.9692135 6.885597 -6.567448 0.26382035 2.5209472 4.4017944 -0.7273268
composers 2.9088886 0.7307922 6.0279946 -0.9329564 -1.5232673 7.9365163 -0.7355576 10.396326 10.755485 -7.4296117 -0.18245102 3.18357 3.0199735 0.20993085 8.9049015 -3.819337 -3.0462177 2.535087 2.4160535 -3.2065964
conductor -2.4250457 -0.7498271 4.8676615 3.686276 0.34364155 3.075783 -1.4151039 8.961143 -0.83212084 -6.5567317 -0.6233826 -1.1710845 6.646506 0.2798069 9.579281 -3.8635375 -1.0155852 -1.8077906 4.7863936 3.6926107
performers 3.370768 3.461999 -0.6427351 -3.0882971 0.42061186 2.8026123 3.5133936 7.4887633 2.8093271 -6.819824 0.4017237 1.6262895 -1.27212 -5.3281403 7.6603937 -2.601667 0.760349 4.111823 5.6299524 -4.581683
pianist -4.461623 1.6736171 5.4010177 -1.6626921 3.5483282 5.8183303 -3.3697433 8.203288 4.2615294 -9.061831 4.7924953 -1.3958626 8.896254 -6.751723 8.222523 -4.626971 -2.4456632 0.81092227 0.0063456725 -1.0477442
dancer -3.862703 0.16477695 -1.953597 -6.9654546 3.8624177 8.422943 1.8371643 6.898272 -0.29703927 -4.716406 5.8664703 -0.01583502 5.109774 -7.0622296 7.5721245 -2.529158 2.836318 0.52829695 2.4161503 -1.920843
violin 0.14182046 1.0481515 8.071242 -1.7590197 1.8799707 7.28114 -0.018237397 4.562025 3.0550628 -8.632303 3.6315923 1.1745886 7.5056195 -0.1868751 9.660169 -4.4974766 5.253985 0.54293895 5.272801 -2.394573
performer -1.5668987 1.160398 0.41257545 -3.5674844 1.7109879 2.9519217 -0.009507794 8.1970625 2.9050214 -6.34212 1.3031261 1.6647003 2.362593 -8.012095 5.914711 -1.4733148 2.0759525 1.657757 4.7334623 -3.4052908
quartet 2.7961335 2.0620794 5.6997895 1.17438 1.0574731 0.56157464 -1.3526416 8.03481 1.7002919 -6.9507937 2.4494405 0.7152943 10.111579 -3.3410234 6.944247 -5.8072453 0.2724346 2.1305828 1.907933 -2.3850493
classics 1.5314407 0.45270994 -0.30642316 -1.273997 -2.0538034 2.3896842 -0.14573807 5.5504537 6.600569 -5.733835 2.2723017 8.213218 5.559768 -1.6940143 1.0996523 -2.544062 1.9668205 -0.29600558 1.0559391 -1.6017088
conservatory -0.06421123 6.241468 1.2766908 5.2425976 -2.2358623 10.282872 -6.081444 5.107112 0.61364716 -7.841403 3.210097 0.77846503 7.5648203 -1.6899208 10.439719 -5.28711 4.5770926 -0.11661723 -0.7818662 8.588207
operas 2.392272 2.7739775 3.0999355 -4.6109085 -5.4538226 7.8958187 2.943417 10.41608 6.2002654 -7.416516 0.060553204 -1.8693364 1.8806503 2.8366227 5.4705286 -9.462198 -0.30812505 -2.3621078 4.0435257 -6.7404547
philharmonic 0.9762853 3.1179287 -2.8140178 4.8688703 -3.5388973 3.2861514 -5.9800653 11.6118555 1.1121775 -7.489857 -0.067121476 -0.9343046 9.544805 -1.137155 7.781003 -6.354437 -0.17663091 1.7353113 -1.4303998 7.3459578
collaborations 1.9414264 3.8612893 3.5837855 -5.1254797 -3.3807135 2.8244913 -0.89307594 5.8620515 3.1426246 -5.433577 -1.283203 1.0286638 2.002009 -6.923557 4.548863 -3.7064438 -5.2747664 0.06673874 1.6513417 -1.8341455
choral 2.8306355 1.2410294 1.6140435 5.4155602 -2.2957938 7.695758 -1.6926836 6.53835 4.2324715 -9.407769 -3.9491599 2.4771 6.9813056 -1.3277366 6.730226 -3.8362849 1.2958292 4.9824224 2.7352808 0.06339428
orchestras 6.070067 3.3232358 -0.5958204 2.55987 -1.5080168 4.3447914 -2.1727962 7.97497 5.1434073 -7.085048 -0.022867465 -0.18340206 3.8260276 -3.054511 10.404992 -7.1177187 -2.101646 0.7979981 6.9858584 1.0742
soprano -3.0881333 0.68950844 6.468713 -2.7032242 2.3248458 8.508693 -0.6145129 5.4133916 2.1958916 -6.733221 2.288736 -1.77201 7.0815167 -4.379585 6.9278026 -6.9393425 2.6905346 1.0967267 1.512919 -5.907813
troupe 1.0060498 -1.0283248 -4.2736845 -1.791442 3.0849822 6.4630494 4.5476623 9.9426 -0.88388896 -7.448626 5.646822 -0.36029074 1.5476276 -2.4790373 5.7014637 -5.50038 0.97903574 -0.33716378 3.0311606 0.8844865
soloist 1.2724661 0.5733948 3.483421 0.15440415 0.94127756 4.072227 -2.0044832 8.727156 4.2363877 -8.0554285 0.9773214 -1.3382987 7.5714617 -3.4093657 8.6852045 -6.376803 2.2702005 1.8671343 2.8986213 0.36889526
violinist -4.7483134 -0.08459802 4.6776958 -2.086452 3.1046915 7.033899 -1.6503913 7.06985 3.135779 -7.1000385 3.6523697 -2.217327 8.105537 -3.4869516 9.3544855 -5.177958 -1.2328333 0.119439356 -0.29385492 0.51691496
playhouse -2.4279897 8.076272 -5.412786 0.6391744 -6.3390574 1.112896 -0.76318663 6.81984 -4.728846 -9.200722 1.4576397 1.0886389 5.4105396 -3.8961487 1.5945677 -4.6281643 0.9839019 -5.185473 0.74522847 -2.8066206
musicals 1.0877228 4.3230796 -1.5522739 -3.441536 -3.0162625 4.913708 1.9353058 8.679192 2.19954 -9.015541 1.8764145 1.1714573 2.4499323 -4.940427 3.5899787 -6.463188 1.693779 -1.9589669 4.7554255 -7.097751
ensembles 7.0246 3.060527 2.0843356 2.3306718 -0.5231078 6.620575 0.21446626 3.3675427 3.1781564 -5.418009 -1.1189675 2.187951 4.0132546 -4.1145215 10.002789 -7.338445 -1.1155878 3.7049599 7.465571 -0.33110756
choreography -0.22708678 0.96361387 5.2901764 -3.386822 -1.5943696 5.4900594 4.0453033 10.124572 -1.2214435 -4.867785 -1.1426103 1.2350558 4.3222747 -4.121071 4.9469566 -0.8975458 4.333639 1.8497359 4.9086013 -1.168004
choreographer -4.9522552 -1.1717544 -0.059686814 -4.5115066 0.66975373 7.7047596 1.0856267 10.033227 -0.962268 -5.8955493 1.4557508 -1.356802 5.7695155 -6.472201 8.059894 -2.0701253 -0.4577457 -2.5828757 1.5195342 1.2002838
repertory 1.3830645 3.4554806 -3.4985476 1.7904228 -3.6089416 4.9414268 -2.7215567 7.6988034 0.80642974 -8.036226 2.240755 1.3741941 6.1808376 -2.2623575 3.7137706 -3.4067826 -1.4149375 -4.3685937 3.882308 -0.91010416
revue 1.5512114 0.19569767 -0.7526311 -2.6607306 -3.0108783 1.386752 0.52083117 8.921518 -0.5647996 -8.388693 1.9131223 4.534432 5.452769 -2.093831 1.736352 -5.6397796 0.38161778 -2.2594056 -1.4843885 -2.1942985
gigs 3.606352 7.3174925 -2.7961128 -2.0140393 0.18958198 -1.5144619 -0.9393757 7.036712 0.7344909 -8.832024 4.5825996 -2.8975956 -1.5341986 -2.37619 4.0180607 -8.043894 -0.6781945 3.7393003 8.253029 -2.915527
cabaret 1.0877972 1.3428667 -1.4248022 -4.5255413 -1.0664835 4.745273 0.5630785 8.560085 -2.142131 -8.39049 2.341226 0.047522016 3.8580127 -2.1482277 1.902493 -4.795785 -1.0430946 2.5339463 0.8345996 -1.4947423
operatic 0.20989536 0.7970279 4.171988 -2.7245414 -0.898404 9.711037 -2.8010888 8.107725 5.470384 -5.686334 1.9815648 -1.2066947 6.497664 -1.6213498 4.697863 -4.609596 -0.1851249 -0.023408517 5.0021396 -4.278722
vaudeville 0.8235792 2.3684087 -3.3823476 -2.5756285 -0.34193304 2.234865 1.5167109 7.4625072 -0.27141634 -10.625638 3.7159793 0.41651282 2.5944917 -2.6277509 3.2092865 -1.7916999 -1.5663525 -1.2573295 3.6481752 -4.0332136
arranger -1.5121336 -1.4112209 4.2006745 -1.72933 1.9715235 1.3290495 -4.045601 6.012343 2.3205698 -9.539423 0.55407953 0.43064132 5.2799807 -7.0171638 6.5504766 -2.6457803 -6.024758 -1.1266586 4.5725884 -1.7732558
choirs 4.8001337 2.7785358 -0.5363601 5.046285 0.35405868 5.3472195 0.45538336 4.747519 3.9304805 -8.763833 -1.7436953 0.17219025 2.976039 -1.4391418 8.613076 -6.3833327 2.9127972 6.27156 3.58182 -1.3955686
choreographed -2.7401102 -0.38550997 1.0126503 -5.180005 -2.693534 4.897313 2.979895 7.523251 -2.9953196 -6.260627 -4.200339 -4.2558217 9.159529 -5.1134725 3.6965852 -3.2788372 2.3307865 0.799766 2.8752556 -2.8928008
playwrights 1.7648582 2.3651352 -1.4733655 0.45373827 -3.1908896 6.6729727 1.0589479 9.165063 5.0340447 -5.822802 0.34916857 2.710432 2.0184438 -4.3681235 3.991851 0.24947865 -2.8048954 -2.2822118 0.40993735 -2.4587183
recital -0.3884862 4.858728 2.775756 0.2689284 -3.926257 2.6657424 -1.7939316 8.50206 1.9614792 -8.643162 -1.0098156 0.76294976 4.541083 0.27131906 5.2796087 -5.6095304 5.7791734 3.4173672 -0.7379598 -0.059262656
ballets 3.7576864 1.3207864 0.6871491 -3.8370526 -3.8677366 7.850122 2.5667124 9.720139 2.5671456 -5.3127966 2.0672204 -0.8722882 6.3188667 2.8840795 7.257446 -4.972138 1.7897803 -2.3580844 2.8309221 -2.0433078
premieres 3.4605107 4.368373 -2.3616397 -2.9912052 -6.4259377 2.0746477 1.8069766 9.982003 6.1391816 -3.397075 -0.5425805 -1.43798 4.431629 -2.2614083 4.4736676 -6.3388324 0.9927337 -2.6970985 1.130647 -1.0821829
soloists 2.756791 0.9251753 5.331482 -0.041825682 0.051827725 4.5931587 0.4479678 6.0568323 3.2372208 -5.517454 -1.5532831 -0.98388577 4.9349875 -1.9278173 9.677446 -5.821492 2.5174453 3.051115 4.021 -2.8319414
cellist -3.9777997 0.7939798 5.7560205 -0.8335835 2.2182522 5.6252112 -1.6829644 6.675922 2.0567617 -5.695259 2.9063141 -1.9962219 9.139015 -3.681382 8.982945 -4.3236175 -1.1921269 -0.110574596 -0.7620353 0.62643284
handel -1.6383935 1.1025972 5.9593234 1.2770069 -2.5968385 3.7581692 -0.8450837 7.918088 3.3679297 -7.847597 -0.29088604 1.0895042 4.3008103 5.3879476 4.0546536 -3.2343173 -0.23585357 1.1121997 -0.5802803 -2.7801862
recitals 2.6028154 4.389016 1.0948168 0.580871 -2.866707 5.298459 -0.123585686 6.3285084 5.7272534 -8.996351 0.009471363 1.2296917 1.1557163 0.5293852 7.1896086 -6.709946 4.2040377 2.4777195 2.7210796 0.289716
chopin 2.7474527 -1.3047026 5.8452296 -2.121978 -0.9979662 5.2752633 -0.012558464 5.3276305 3.917125 -5.719972 0.8023715 -0.08209609 6.382142 2.2885041 5.9708505 -3.465 4.4121494 1.563894 -1.3106474 0.5609569
oratorio 1.6710181 2.5189853 6.3195553 1.3833625 -2.9194267 5.027876 0.99184144 7.2606606 4.042632 -6.233544 0.18769906 -0.8909775 6.5686398 1.7194769 1.1932156 -6.64435 3.5715866 2.839273 -2.6917253 -2.348198
revivals 3.2124438 4.0763426 -0.20339784 1.4194317 -3.3099687 3.0818944 1.0731816 7.2190704 4.3414583 -5.691296 1.7376783 -0.7101563 1.5183228 0.54232186 -0.012820566 -3.8621125 -1.6526521 -1.0324737 2.5288475 -5.823151
ballerina -3.186585 2.6666973 1.4490589 -6.9404063 0.86195976 7.7983136 2.5604632 7.4767647 1.3127195 -1.3936801 5.411236 -2.002895 4.1843452 -0.7623847 7.565548 -3.0323284 2.5304213 1.414237 -0.61699075 -0.58981794
pianists 0.5270405 2.3223066 5.627375 -1.8292844 1.4446932 4.761034 0.07404901 4.673038 5.69804 -6.1916027 1.8450209 0.4032218 4.080576 -2.4706497 8.4624195 -1.7267476 0.9516698 2.5991313 2.6041546 -2.9346778
proms -1.84939 1.4307694 -2.1710668 0.734587 -3.8825006 -0.23270482 -0.44414943 9.431544 1.6479177 -7.241746 -3.492558 -1.2835892 5.286131 1.1221582 4.684084 -5.9476647 4.5097785 1.3735012 4.481698 0.15471165
choreographers 0.54079276 0.89553046 0.24772717 -3.5118246 -0.83417094 6.6734138 2.515307 7.7955055 1.6746337 -5.839263 -0.07063317 0.3409683 1.5876648 -3.141784 9.559346 -0.5502359 -1.5059364 0.03466717 2.734092 -0.035215147
accompanist -3.3250225 0.5795457 3.083897 0.1787144 1.8640772 4.1984606 -1.9803157 5.799803 2.2333364 -9.251615 0.95484483 -1.7894311 3.672644 -2.2881234 7.3834357 -3.0079436 0.04820627 0.19225664 3.3360944 -0.90354514
sinfonia 2.570537 0.04320753 2.4988098 4.273919 -1.3283261 2.2956958 -2.3454666 7.3635135 0.090187415 -2.499153 -0.9380064 1.3942238 8.327764 -1.1785078 3.6299565 -7.3495226 1.6204679 2.151183 0.074987255 0.7918907
playwriting -1.8949536 1.4950318 -0.0894723 1.2146953 -2.319389 4.3652377 -1.0525386 6.8908916 3.3124292 -6.020493 -0.40354502 2.6092796 2.6310604 -5.511461 3.3429804 1.4429184 3.9151034 -2.2794356 -0.06481143 1.3649454
clarinetist -1.7837442 0.34001315 4.3215766 0.9218554 2.9111764 3.8297114 -2.5887153 4.6996517 0.9714909 -5.099757 3.2338629 -0.83521074 7.5362363 -5.227298 6.5460453 -3.5851634 -3.5936074 -0.35375774 0.15996505 -0.2930737
conservatorium -6.8482566 3.930178 -1.3501172 5.1776104 -1.119723 6.567038 -7.2130837 4.5815635 1.5540516 -5.827821 0.7442575 3.8679702 6.418826 -1.413799 6.62915 -4.264704 2.732102 1.2669742 3.6899035 4.5550976
organists 0.41834342 2.3076077 1.338024 4.032102 -0.7482187 3.3216112 -0.06837853 5.1698527 4.5094543 -6.944178 -1.2578872 1.3325208 4.419898 2.9289417 9.797983 -0.81707704 -0.58355254 2.9818637 1.2617443 -1.3732717
revues 1.4867076 2.2278764 -1.8514568 -2.4612606 -2.3230536 3.9848995 0.5871543 6.641162 2.1842136 -7.080561 1.8642815 -0.030130953 2.566785 -1.7656736 3.3619692 -5.795161 -0.25446206 -2.0819118 2.9309509 -3.705451
ziegfeld -2.1748793 5.02136 -1.075383 -5.508324 -2.5494328 2.4168415 1.9385828 5.894194 -0.89680946 -9.524734 4.650462 -1.7423048 3.1519482 -1.1306437 2.4459224 -2.9132802 0.08989987 -2.5944142 -0.42621243 -3.3953567
flautist -3.855558 -1.6526111 3.4122376 -0.46307927 2.9332116 4.5996656 -3.2236292 4.8711977 2.0218418 -4.1511602 2.29343 0.24520838 6.6641016 -3.8235006 5.772193 -4.2366614 -1.8377723 -0.55796057 0.8919943 -1.3708252
balanchine -0.92822903 0.083867736 1.9922568 -0.89936316 -1.4225007 4.4034934 1.8214704 8.2184925 -0.91764766 -6.7814407 2.6477425 0.9294279 8.652781 1.3303298 4.892433 0.55412 1.3238653 -2.3021858 -0.7487671 -0.16028452
violist -2.9823515 0.00047987013 4.987018 0.77328265 1.9761903 3.5513263 -2.2771263 4.3623295 1.6527812 -4.669995 1.3267359 -2.0937574 6.64382 -2.5911717 8.384245 -3.9288473 -1.3225642 -0.40107894 0.50244623 1.6163039
masterclasses 1.708834 2.5685148 1.4216334 -1.2783995 -2.5785358 4.665596 0.016449237 4.630293 3.588685 -6.1639566 -1.0825489 1.1837711 0.40908858 -0.769908 8.01758 -3.732146 4.886866 1.7956535 0.9899546 4.308745
harpist -3.3136785 -0.13426615 1.6951919 -0.3288793 2.8613095 4.357775 -1.445529 3.999823 2.4920685 -4.33698 2.4397445 0.5094382 5.61959 -2.7203064 6.598533 -4.0557027 -0.5085806 1.33204 -1.6005961 -2.988215
menuhin -5.4532537 1.320435 3.7690794 -0.5490238 -0.48952356 4.035393 0.88066316 6.9832253 2.5305831 -5.9151654 -0.7445352 -0.058338527 5.0972 2.1025598 8.579974 -4.071453 3.0389497 3.8389423 -0.14973126 3.8892477
lyricists -1.7092118 -0.67001057 3.7011795 -3.3902621 0.50540286 3.439657 -0.5580988 5.843518 5.122994 -4.0487947 -0.94746226 2.7199037 -0.89240986 -2.0778325 4.9936414 -4.598458 -2.5633874 3.0894358 1.7140462 -3.5945973
sinfonietta -0.8079289 1.113138 1.2143711 0.48286602 -3.061834 3.3557796 -3.602666 6.0895853 -0.051154226 -3.166771 -1.7649755 -0.60218537 7.2272696 0.0627695 4.5296936 -7.713376 -0.2332992 1.4655133 1.2300712 2.8052592
flutist -2.1992724 -0.115829185 3.8772864 0.16617462 2.3486392 3.354449 -1.6632613 3.5059717 1.3490692 -4.0523925 1.4232705 -0.33244616 5.788797 -4.20147 6.039914 -3.391077 -0.5381435 0.2497778 -0.30455452 -0.56519383
mainstage 3.3682928 3.098352 -2.209315 -2.6535952 -4.528948 0.6578862 -1.6041614 4.1189938 -1.7238946 -5.079201 -2.2319252 -0.25471112 2.7299256 -3.7499835 4.3182797 -4.6030083 2.0141876 -0.66485405 2.5221643 -1.1392928
harpsichordist -2.7093682 -0.48905995 4.110045 -0.20642114 0.8763855 4.892453 -1.9630489 4.214266 2.7380104 -4.12609 1.3918082 -0.8913532 6.0854278 -0.088412985 7.098146 -3.0091069 -1.2486106 -0.30610237 0.29339826 0.47603375
recitalist 0.8892551 0.5053044 0.767078 -0.6987178 -0.33539292 3.3972363 -2.0489056 3.132053 3.8732429 -4.3846273 -0.2079559 -0.9182886 3.9425063 -2.2465951 4.6292543 -3.712134 -1.1378549 1.8115222 2.0092068 1.4168061