Centroid_55 0.9720759572585237 -0.2624996510568182 0.08006605371022726 -3.053153820409091 1.5014700720056806 1.3903408291818182 7.425924446590907 1.7398322720642028 0.06926371504943184 0.5356018000113637 4.590530757329548 0.33023302740909105 1.9783008578068197 0.5622206415556816 -3.1780552470511356 1.879135848493751 2.557648796386364 3.036506336193183 -2.523999014011364 -1.6806856943664779
man -2.8695376 0.87479025 -0.2819216 -2.2911918 4.7836437 -0.9024836 8.796296 4.917441 0.9787316 -2.2214627 7.1521287 0.9296348 -1.782175 0.041231204 -0.70479614 3.02907 3.409462 2.594124 0.32895747 -5.054884
hero 0.61098653 -3.2855237 -2.129394 -2.7089148 2.6082027 1.1776751 6.04304 10.2389 3.355641 2.3010733 4.3536363 0.23758021 2.0271478 -2.277971 -1.2386787 2.999463 1.5291934 1.3514655 -1.2339728 -2.4869792
evil 1.9181281 -2.1355789 2.1702857 -4.8042693 3.4889593 1.7673243 10.714063 5.3457713 -0.22309004 1.3916695 5.979141 -0.24257834 -0.8372208 -1.5284632 -8.344933 7.4112115 2.3284 6.631781 -2.2447348 -1.4831682
strange 0.13641424 0.30862108 2.504043 -3.6549563 0.7801175 0.4987658 8.507253 0.56515515 0.36808398 -5.6732855 3.9293308 1.2120494 2.0725842 -2.97892 -7.9426394 4.1702228 2.806257 1.3952698 0.027314154 -3.0120134
mysterious 0.6544782 -1.5531554 0.9743611 -4.592248 1.4121705 2.6157508 11.531912 -0.14695089 -1.6646128 -3.0135968 4.2155213 -1.8238702 0.9129518 -1.6649365 -6.5156918 4.0563817 2.4291143 0.028545776 -2.6580553 -1.8857152
warrior 1.1908712 -4.7263236 -4.24977 -1.787031 5.070766 1.6318735 8.742876 4.7972913 1.2478738 3.7763765 5.859149 0.87315804 2.6985173 -1.0364689 -1.9530245 3.1816556 2.654439 2.4622056 -0.6237552 -2.1490307
literally -0.22539355 -4.3854656 1.1428305 -3.250757 3.679427 2.6632278 5.3563137 -2.2143104 -2.0937252 -0.8231144 2.6135366 4.702089 0.20020962 2.2396095 -5.5535975 -2.1496909 2.9328632 8.0044 -0.52962583 -1.8082485
devil 1.1656038 1.814002 0.6619648 -3.0204797 3.144123 -3.3004155 8.144283 4.6047435 -0.46949586 -1.8849 6.3877764 0.8629476 3.1628108 -2.658413 -3.9967868 2.6314974 2.6465302 5.551355 -2.411744 -2.8654153
creatures 6.4799247 2.4293303 -0.3551736 -5.7452497 1.7384542 3.645797 14.439235 -1.282253 1.2364562 1.9983586 7.339173 1.9434814 0.8633027 -4.011147 -4.611153 4.011598 1.8953586 3.070164 1.1866716 -3.8778863
spirits 1.277667 3.3220847 -0.88315755 -4.0461674 1.9489828 4.0247555 7.533038 0.20689003 0.5404104 0.33177307 6.439261 3.024315 -2.0634646 0.2170958 -3.1650999 1.5695547 1.6461341 7.6493716 -1.7570709 0.5197746
treasure 2.3738334 2.9144409 -5.415664 -4.1069646 -2.2435944 0.13974169 9.186666 0.9355954 -0.8090218 1.4354342 6.6169415 3.6475313 0.39078093 3.8034854 -4.1651635 2.1575248 3.308195 0.31628278 -5.5638466 -2.1487687
darkness 1.8896154 1.575333 1.7645744 -1.1864554 1.0705148 -1.8160075 9.728671 3.5059552 1.0341274 0.34636617 6.5227203 -1.4011202 3.2707746 -0.065803 -9.619408 -0.84318095 6.1314797 2.4655695 2.5189106 -0.8261215
supposedly 0.36667082 0.3184791 1.0865422 -1.103861 1.7949684 0.11359019 6.821042 0.5517049 0.5933898 -1.175178 4.5997596 0.09550737 -1.9911509 3.133389 -2.71082 1.0035766 -0.044304296 1.5539874 -2.0620573 -1.4796299
magical 3.2655993 -0.7815129 0.6804914 -7.1294756 0.081069164 5.480115 9.805581 1.0739135 -0.16667551 -0.6717994 4.1054482 3.8667245 3.0745597 -0.17078187 -5.025372 6.7477317 3.7434003 5.6607566 -0.46933356 -0.31556296
witch -2.95169 2.5293126 -1.9636611 -3.6245046 1.3572525 -0.47181556 10.55633 2.30223 1.1250331 -1.5612881 6.1669827 -1.107112 2.0927012 -1.0856806 -4.319389 1.692848 2.7740827 1.1564376 -3.8566253 -2.5449777
creature 2.1528509 1.4711279 2.1027582 -5.3225245 2.6539717 1.3225456 14.573762 -0.07687222 -1.9663473 2.3994217 7.5359883 2.009477 2.1025753 -3.6559331 -4.9279366 3.6923115 2.4888449 1.9480884 -0.30810243 -3.2624247
fairy -0.966941 -0.78684634 -2.0530632 -6.747367 1.2248062 4.016224 8.971133 0.6438392 1.6805491 -2.6077662 5.833271 5.4599996 6.7546945 -1.2743604 -3.5794435 -0.35858786 3.0489602 2.5363345 -2.2415733 -6.2010455
demon 2.1331403 -2.0025089 0.72669 -3.8547494 4.64172 -0.5778882 11.653921 4.126145 -2.3571835 2.5344987 6.874215 -0.73339283 2.8004878 -1.5558678 -3.7658396 4.0415187 5.6246915 4.9675474 -3.7475083 -1.8668582
secrets 1.0700727 2.817139 0.14031433 -3.6576395 -1.6365621 -0.50057906 9.793583 3.7206743 0.45873487 -2.610697 2.9753954 2.3775792 -2.7924843 -0.1286178 -3.9806998 3.7010763 0.36258373 2.5093715 -3.1932902 0.57779545
supernatural 3.3416271 -2.6444986 1.4299214 -2.6862667 0.17460494 4.7261558 10.175774 2.944269 2.4539063 -0.13421535 1.7038034 0.42391738 0.5467877 -4.404708 -7.352036 6.3255305 2.3221993 1.4364314 -1.5370504 -1.9146358
brave -1.9430114 -2.426717 -2.6340392 -2.5258734 3.4960372 -0.2851504 5.13887 6.3966713 3.375238 0.1099333 4.6516066 -0.01636398 2.0587301 -0.76386243 -3.377931 4.503064 2.8015447 3.1749082 1.7436413 -2.2072203
demons 4.87907 0.5063314 0.022605604 -1.9244812 3.7037141 1.0507289 9.80369 4.080057 0.34730372 1.4573957 6.548498 -2.6181464 0.85322565 -1.427065 -3.3555686 3.1523564 5.3617315 5.474468 -1.7741346 -2.1918194
curse -0.4279682 2.4337406 2.4247863 -4.704458 1.4344434 -1.8903207 8.798504 3.2439039 0.26276928 1.0247751 6.435061 -0.8309666 -1.052356 0.7820726 -6.2525945 2.4201345 5.3011036 4.842801 -3.9655154 -2.5483537
destiny 3.555737 -1.6322498 1.8960639 -2.5294614 1.7138293 0.19104804 5.218758 5.1977 1.378978 -0.5028464 5.105191 1.5955676 -0.5421396 -1.3398722 -5.392604 4.1926913 4.627407 2.8981571 -2.1224182 1.129509
corpse -1.6538994 5.3278995 3.5620246 -2.6774962 1.3048905 -0.90613323 14.740938 -1.1260573 -3.182172 -1.1862749 5.888465 -3.8635476 0.7037366 3.7000604 -2.334849 -0.9707955 2.6448596 3.869908 -3.1658025 -0.8160403
ghosts 2.487715 1.6311628 -0.44020697 -3.8872309 0.5886826 0.31623617 9.863388 2.5885012 -0.022840314 -4.0509744 4.392273 -1.2478707 1.0122881 -1.9050187 -5.4104357 0.42931294 2.1508155 2.8362296 -1.6606526 -3.5518003
underworld 1.9117793 0.068720624 -1.8896827 -3.9579766 0.8056121 2.7679412 8.674754 4.5254717 -1.4455457 0.72510153 4.5291247 -1.5541186 -0.6814336 -0.044640265 -4.2262497 1.6776196 0.4050779 3.0909843 -3.6397653 -1.5826163
mortal 3.9221575 -1.4321713 3.5325563 -4.9404163 1.9797546 -1.0301634 8.470409 2.980988 2.8111346 1.7735231 4.471858 -2.552589 2.087996 -0.039998766 -4.8897896 4.0264444 5.5957184 4.5410013 -3.1232517 -0.78627294
ark 1.9352953 3.0816233 -0.9080769 -0.20227626 -0.78530395 -2.2920287 8.277446 2.021753 -2.0177617 -0.8996399 4.9536624 1.0230298 4.668945 1.1483904 -3.00904 -0.33576843 1.835056 1.209688 -4.0962768 3.2798498
wicked -1.4235455 1.0312585 -0.26928955 -4.212252 1.3731959 0.41379315 5.070534 5.1052003 0.0077757277 -3.1570122 4.690222 -0.73387474 1.1846672 -1.5446845 -6.555931 1.517575 1.7281661 4.936645 -2.2335951 -3.9151995
samurai 3.0314348 -8.713552 -4.107694 -7.8905864 3.9296546 2.986165 7.1307335 3.571799 2.5085287 1.6109475 4.3033915 0.20188902 0.3263256 2.75607 0.054755755 -0.33472687 1.5430204 0.99836636 2.3921041 -1.0789081
realms 7.9965777 0.21811025 -2.0494368 0.24217081 -1.5510439 1.4269744 5.866715 3.7565086 5.126743 3.8952014 3.3280156 4.428796 -0.7483955 2.929698 -3.3996136 3.1439853 2.7371542 3.687981 -2.0001564 -2.837811
spear -1.4423093 -1.4298781 0.13551958 -1.4366506 4.829914 -2.0330827 10.188775 0.9568276 -1.7971063 5.361844 5.665717 -0.6685693 5.285669 2.1692524 -0.13276231 2.0452948 1.8887511 3.1456974 1.8680284 -2.7507842
mythical 4.5078826 -3.2666707 -2.788002 -2.5388136 1.1448246 5.7517395 7.0387416 0.72239983 2.7819571 2.8326535 3.6786408 3.572154 3.6654928 -1.4866606 -5.5291386 1.6444557 2.8145254 4.132727 -5.991139 -4.7255
vengeance -0.11523838 -0.34154207 0.8846287 -4.2764034 2.183634 -1.8645914 7.954756 5.283029 -0.38786006 1.6903094 6.3976283 -3.9279573 -2.1826293 1.8618089 -5.791166 3.32879 2.130983 2.420796 -2.8076224 0.055199992
wonders 1.053476 3.8352115 -0.86287653 -2.8327901 -0.88620496 0.7932982 4.4728184 1.9641062 2.7231164 -3.9476664 3.3476367 1.1254143 0.5979144 -2.611838 -3.660225 2.1747205 4.4379735 2.843715 -1.8289727 -3.6766388
immortal 1.4101633 -1.8997253 2.7310486 -4.527046 3.2044566 1.0962211 6.8358874 2.913885 2.4276774 -0.87459177 5.3232975 0.26726857 3.4302082 -0.94234 -3.9606109 2.988517 4.3588257 4.8184524 -2.9139974 -0.26734096
witches 1.1585264 2.6817253 -2.215945 -0.7480193 1.9714651 1.4278643 9.751366 2.2756484 2.7252388 -2.5024738 5.1266155 -1.2571598 0.18337373 0.7299288 -2.8198562 1.850617 0.7680139 4.5138373 -3.0591164 -4.3339767
sinister 1.1957891 -2.6363163 0.6806881 -1.0958973 3.457749 -1.670942 9.342196 3.0250807 -2.2969184 0.5522879 2.4600956 -0.70698065 2.5469234 0.09654605 -3.3413236 4.3746023 -0.55248916 4.3531666 -0.505693 -5.546594
vampires 4.0615015 0.29271626 0.9183896 -5.7939425 2.4123204 1.9578593 10.332628 1.5431114 -0.043547444 -1.7224418 6.934281 -2.4240332 0.45195925 -1.6873806 -3.520332 2.4348013 1.0356631 1.8029556 -1.8150852 -1.1604677
serpent 2.922978 -1.5500222 -1.5126132 -1.6219951 3.40616 1.5218186 11.98857 1.3308731 -0.6229857 4.2149763 5.971749 2.1638389 6.235839 -0.4481369 -3.9730525 1.2470394 2.869229 5.63444 -4.109102 -2.0189087
satan 2.2497883 -0.2388759 3.8787458 -0.5043302 3.0176365 0.12598555 8.660067 5.29992 0.63941664 -1.5877153 4.850477 -0.5734344 0.6829373 0.19697642 -4.8447695 2.3643916 1.695522 6.7778044 -5.7285957 -1.3843697
dagger -1.1578007 -0.65990335 -0.19424242 -1.3709148 2.4456031 -2.9982476 10.465864 2.87143 -0.5547026 4.8766174 2.7367926 2.2160265 4.603559 0.62846214 1.2773322 2.7126644 3.4489987 3.8339565 -0.42135954 -1.4200491
dracula -0.45443183 -0.413468 2.5769804 -8.53766 -1.134049 0.465248 8.748059 4.7288914 0.6642378 -0.75815356 4.8951025 -1.4705255 3.9562435 2.1551552 -3.1749642 0.8375428 2.0441368 -0.9213462 -3.336573 -4.467101
sacrificed -0.8279847 -0.8027749 -2.2952435 -4.4824605 2.0243828 2.4729803 5.2698174 -2.8334832 1.3720317 -0.183519 2.5494595 -4.665626 -0.09652887 2.7798543 -4.2740993 5.15349 4.318845 6.2888417 -2.0956411 -0.0152126495
beasts 3.0146117 1.7493367 -2.2206275 -4.352458 1.9847585 0.79874134 9.535739 0.57808614 2.128548 1.3939035 6.6670947 0.42627794 1.7696537 -0.68455136 -4.3027873 3.5301747 1.3467218 3.7897394 -0.86003554 -4.1373515
heavens 1.7797289 0.50872254 2.0062885 0.061376978 1.2318566 -0.4394765 7.515391 2.6527212 -0.37365112 0.043749113 4.3525496 2.4000068 3.236246 0.82274604 -6.7211227 -1.2746286 7.715523 6.225311 -1.7558544 0.13792308
chariot 2.1134634 -2.1554606 -4.174891 -3.4163818 1.618495 1.6490998 9.051247 1.5788187 -1.1603068 2.987206 5.487014 1.8744478 3.8284624 5.701899 -1.5595151 -0.7019821 9.463023 2.9332495 2.0425498 -4.778867
necklace -3.070656 4.7176657 0.11762451 -5.638715 0.5328693 -0.7549045 11.153486 0.7115631 -4.7573714 1.4883637 5.751849 4.003525 1.5957909 3.5676575 1.5758873 0.37725937 4.8568835 5.648334 -3.5742548 -2.5367262
elves 5.2109027 -2.5398297 -2.113441 -4.2378964 4.6098123 2.5575533 8.686249 -0.30468604 1.4381814 0.24697125 9.005135 1.6753457 1.3921055 0.65619326 -5.1062837 3.0489995 2.6045723 3.449191 -2.021426 -5.1870465
cursed -1.8707315 -0.30073023 -0.26984677 -4.8680415 3.0768743 0.8526297 8.083859 -0.070436 -0.08498386 -1.0133005 4.973541 -3.1714237 -0.49954236 1.0505173 -5.9831853 1.7700145 3.9528015 5.9649453 -4.70117 -2.7322185
eternity 3.0200813 1.4843267 2.693942 -1.9614751 -0.5416494 -0.6402504 5.5025315 3.3525567 1.2032763 -2.3181942 4.503786 1.0891157 2.6421845 0.7978192 -7.2041326 1.4892076 4.3168755 4.461336 -3.3532705 -0.057100214
cloak -1.3778436 1.545106 -0.16910346 -0.5154497 2.3392017 -0.31960526 11.864045 2.5875268 -1.5244724 1.5697557 4.17963 1.8330607 4.046335 3.7469826 -0.3915618 2.6072311 2.2341778 6.574952 0.4899862 -1.6615201
enchanted 0.07729478 2.0037315 -3.6854627 -5.419743 -0.69601834 3.1651678 5.671171 0.8581388 -3.2846737 -3.1409698 5.3306503 1.5626255 4.8761125 -0.36338937 -5.3191237 1.2711399 4.3706183 3.0468354 -3.094897 -2.9167736
reborn 2.9450302 -1.1057101 0.09782141 -4.477878 0.5403518 0.29329517 3.05569 2.4990067 0.5213712 -1.0899434 3.2556827 -1.252532 2.2741468 -0.3833303 -4.322092 1.4675049 3.6212332 4.0402727 -2.8393378 1.6918604
horde 2.458463 -0.44203827 -2.8274686 -2.5492423 4.705592 1.155738 7.180666 4.5255733 1.0538018 7.485018 8.748896 -3.2119238 1.7396976 2.329278 -3.0039268 -2.0599377 0.36606142 5.7866783 -0.6079463 -0.1748839
likeness 0.10437949 2.3370361 1.5562593 -3.0117366 -0.732461 -0.20211121 7.161806 4.1069937 0.36554754 0.0937229 2.6286566 4.9279065 2.5597062 1.892765 0.7642157 4.920791 0.26032 3.9142327 -2.2046075 -3.8323865
monstrous 3.0504234 -0.9340667 1.4318099 -3.4011188 0.9858782 -0.92379516 9.9613285 0.083074816 2.7531717 1.982969 3.4830265 0.8912665 3.9505439 -1.0318934 -5.2993608 4.409471 1.4492998 2.4135056 -1.442462 -3.3252585
tyrant 0.25936556 -1.612976 1.0692929 -1.5040597 4.1337185 1.4073912 5.318484 3.2193122 3.4496603 4.461767 7.383808 -2.7038825 0.37532157 2.0125391 -5.2160797 4.195871 -0.5880885 3.274833 -4.7236247 -2.8964283
demonic 3.7572858 -1.3026751 2.3612437 -3.5467603 2.9280725 3.1341538 10.122876 1.6494972 -0.25445932 1.3526622 4.797819 -2.6888459 1.9036989 -1.1848818 -5.4778757 6.0560136 0.3425078 5.44519 -3.3372962 -0.85633326
artemis 1.9344652 0.6990204 -0.94122267 -5.051162 -0.21531889 2.0989099 8.752387 0.47868577 -0.1063274 2.0950336 5.2310185 0.41225082 3.4226463 1.061156 -1.3010393 2.0213013 3.4825428 1.2159388 -6.088344 0.9840435
riches -1.5515643 2.710148 -1.359436 -4.9411645 -0.12543502 3.577373 1.4779489 1.1698368 0.834172 0.12327019 7.0751286 2.824064 -2.0418637 3.3551521 -4.69208 2.8992178 1.3877954 2.3926344 -2.0684912 -2.4409974
mummy -0.3726114 3.3311267 0.83886224 -5.3746753 -1.9327433 1.4779918 9.919482 0.13507535 0.8735794 0.8754811 3.8679109 0.44610977 3.525297 1.1661792 -2.6603043 -1.9699069 2.7924783 1.4255002 -4.5058117 -1.4482719
fairies 0.59296757 1.5234227 -2.6738353 -4.73632 1.6520029 2.328256 8.540584 1.2443076 0.7805293 -2.6433675 6.185502 2.5072026 1.8199944 0.2254238 -3.3574665 1.1654505 2.889071 4.3267155 -1.7397418 -4.7096386
charms -2.0734735 1.7023184 0.80686444 -5.5556784 1.4800175 4.451743 7.4421954 1.0442265 0.78992265 -1.3761067 3.82868 3.388057 0.1821755 1.7562842 -1.697231 1.3013701 2.0139651 7.0353518 0.81693304 -3.2005215
lucifer 1.4777693 -0.6252581 3.9094682 -1.9079286 1.7643992 -1.7348999 7.6972723 4.7150583 -0.8136706 -0.48521188 4.796534 -0.45711467 2.3609998 -0.28410652 -4.8452263 1.9970665 3.0022628 2.5965447 -3.875547 -1.057736
sorcerer -0.45504797 -2.7569363 0.08400864 -4.4309106 1.5954665 1.4195578 8.718679 5.5031357 -0.5943351 1.4535269 5.40092 1.744933 3.1000695 1.9630994 -2.5416315 3.6738331 1.8593932 1.3682277 -3.8035433 -0.9036827
bracelet -0.30924708 4.102173 0.51705545 -6.593704 -0.4724401 -3.9417434 7.186345 1.0776689 -2.130182 2.2686558 3.4123158 2.5448434 1.5192337 1.2835667 3.9411922 3.0744548 6.2585316 4.796074 -2.568319 -0.7814274
grail 1.6572062 0.996126 1.1708491 -0.89116657 -0.87155074 1.6004273 7.2961874 4.4778366 -0.29967603 -0.63262004 4.382922 3.852078 5.0519724 3.2416265 -4.7300763 3.034543 4.909195 4.9741836 -6.403233 0.10028211
sorcery 0.7841807 -1.1645933 0.118854426 -2.8456354 0.58554924 2.2185867 9.82219 2.6752827 4.101168 0.81146044 2.7614942 0.99363387 2.3346248 1.6705478 -2.5961702 4.1231346 0.61200076 3.5905352 -2.832348 -0.013881438
dwarves 5.3700004 -1.7875803 -2.8221312 -3.8233187 4.291941 0.23676455 7.68614 0.24228474 0.26549283 0.40885368 8.677961 0.08975933 1.7830124 1.839598 -3.5232997 2.432449 0.5736449 2.981297 -2.210255 -6.198063
poseidon 0.5522775 -1.2649223 -1.064764 -5.1005077 0.18976717 1.3030211 7.2265143 -0.0040256507 -0.015959447 4.436797 6.289272 1.2579283 4.846859 2.1037593 -3.451922 1.1743729 4.4114304 -0.5265997 -4.7328625 1.6387205
wand 0.18072926 1.0924572 1.9603338 -3.073473 1.7270802 -1.4961185 8.212837 1.5306855 -3.9013598 -0.91058505 5.0000663 4.0000873 3.497871 1.4436537 0.023875043 2.3328707 3.591858 3.7319589 -0.5931568 1.3912581
aphrodite 1.3423841 1.5159035 1.0470288 -4.7322526 0.27766582 4.0306983 7.342702 1.0696214 2.4885225 2.8368177 5.9952674 0.88421214 3.9382167 1.4007319 -2.3204532 -0.6101302 4.7013884 4.251394 -6.42892 -0.67189616
maidens -1.0451896 1.8422463 -2.9502637 -2.7647722 2.273175 1.4924589 5.8706975 1.128389 1.6391387 -1.07744 5.3416147 -1.0462406 4.012138 2.8705478 0.022754075 -2.7878823 3.9737377 4.28689 -0.19872151 -4.474629
cauldron 0.19300419 4.1089416 -2.274638 -3.1797645 -0.47237703 0.503725 7.007651 1.7915155 -2.5048244 2.5975888 4.988641 1.7228006 3.8594637 1.9842811 -1.8334398 -0.9079905 4.1536164 4.5609193 0.83370006 0.50865936
hades 2.814859 -0.3762392 1.9326111 -3.8914378 1.6036377 -0.075768605 8.618621 1.8493009 -1.7691257 0.9886855 6.389825 0.64023393 3.031615 1.645211 -4.8996964 1.4422312 4.1267867 4.2380133 -5.202468 0.2781314
horseman -1.5918348 -0.40630504 -2.8544486 -0.71359444 2.6383934 1.2346063 7.101339 3.3108406 2.218125 0.4917613 5.516449 0.86416477 5.1492505 0.20271656 0.8315315 2.5551965 2.1838973 -0.8960152 0.17743507 -3.654855
disguises -1.8055748 -1.682803 -1.1365203 -4.989942 2.0682874 2.9486876 10.609539 1.362272 -2.6428528 -1.7424208 1.5219642 -1.105282 -0.44510934 0.093020886 0.16734026 4.4497237 0.8333747 2.7732613 0.35529396 -2.7393467
miraculously -0.92285293 4.2098927 2.966856 -1.1538527 2.2801912 1.3579456 7.795558 -0.7538508 -1.0277123 -1.2234602 8.327107 -4.2313137 0.35772142 4.073667 -3.1781342 -1.5313739 6.171622 1.7469859 -1.7444879 -0.6428926
odysseus 1.2789996 -0.44349128 0.22490147 -3.586904 1.9775051 3.2499447 9.37284 0.17080918 0.97852355 0.3811157 8.627043 0.024488904 2.828171 1.6103026 -4.2842274 2.87104 7.7592955 0.24590898 -5.8026567 -0.26207158
dionysus 2.8232064 2.1091523 0.59427345 -2.6710663 1.3714664 6.7011 8.533184 1.5457587 2.4911983 1.7953682 6.9691224 -0.18517986 3.575064 1.9772109 -1.9499009 -0.6804123 4.951028 6.189243 -6.099118 -0.37482098
apparition 1.1885191 2.78046 3.232615 0.7073645 -0.36558065 1.457399 8.44003 2.6195214 0.99286145 -0.687983 4.0870657 -1.8581228 1.1018163 0.9040199 -3.957601 -1.510551 5.8422227 1.8506074 -6.7148333 -2.6380742
ghostly 1.6687341 0.4067768 0.31729412 -2.3421235 0.43727407 2.0868862 8.611323 1.1083502 -1.1131365 -3.761949 2.0107043 -0.9815071 3.772346 -2.5960631 -5.1861205 0.7679086 2.2136574 3.1529999 -0.4521733 -3.1146708
cupid -0.9849748 1.6577206 1.8489946 -5.2792363 0.13816838 1.9606036 6.187095 2.9516902 -0.14471057 -0.50406575 3.9739532 0.8230713 4.8624115 -0.58822817 -1.6471163 0.8602071 4.950846 3.276261 -2.2843075 -3.2274323
nameless 2.769637 -1.7428085 -1.3186438 -1.883456 1.4291322 0.9342886 6.334174 1.0145941 0.46967968 -2.5307868 2.969496 -0.10253301 1.5459964 -0.92986226 -4.116475 0.8034596 1.7199627 2.0538244 -2.5317478 -3.1474414
immortals 3.2454789 -2.9105365 -2.7728877 -3.1914177 2.255168 0.35732257 6.652751 1.7836193 3.825819 1.1026878 3.5627446 1.4215802 1.0139517 0.79541814 -0.19609177 -0.06363045 5.1404214 2.7950618 -2.1125026 -2.5197322
curses -0.76055247 -0.045886565 2.3871644 -2.8880694 1.1321524 1.7215681 7.7464223 0.5791772 -0.98461187 -0.5797965 1.8251631 -1.3800032 -1.3367757 1.5780401 -4.7891984 1.0462614 2.9426153 5.5076413 -2.943623 -2.07897
ancients 4.9931116 -1.5172015 1.2638373 0.36465055 0.8904135 2.1246836 4.387494 1.3717467 2.2646487 0.96735346 4.9105964 3.75285 0.9317218 2.2623184 -4.0844464 4.21898 1.3985797 1.625771 -2.8057463 -0.8377505
omen -1.2608453 1.1355522 2.283203 -2.8155148 1.1327457 -0.5836149 5.0558977 2.753752 2.4073317 -0.0763937 4.947221 0.31099606 0.47690386 0.07793945 -6.634926 -0.27974877 3.9560409 3.4934218 -1.259048 -1.2387174
lilith 0.968553 1.9265059 1.6380191 -3.1388638 1.0638434 0.6059405 6.69752 3.7034285 0.27574682 -3.2377248 4.6175275 -0.2418375 1.4693173 -2.0422344 -2.7425506 1.6628344 2.2681355 3.9898453 -6.122386 -1.1497184
amulet 0.87716776 1.2698526 1.8934042 -3.7454283 1.5337863 0.94663686 11.385586 0.8556672 -2.2720275 2.45577 6.2898817 3.337899 2.2655492 2.621125 -1.5804414 1.7163428 4.8460817 4.5270605 -3.4294922 0.7983133
slay -0.59009445 -2.7004638 0.5985591 -3.218587 4.1109014 -1.6407616 5.996657 1.6807098 -2.4553201 0.49046543 4.7233815 -2.4384959 1.2827263 1.0367591 -3.078363 3.97641 2.8111439 3.9420834 -2.881947 -0.8577207
malevolent 1.0865768 -1.8220148 0.8593552 -3.227988 2.927013 4.142688 8.822647 1.1887968 -0.5448597 1.8487147 4.457779 -0.6950112 0.26559216 -2.143243 -5.7614317 5.688386 -1.264627 3.9480402 -2.0335605 -0.90116
theseus 0.94648165 -0.8118906 0.19681703 -4.373856 0.61969364 3.041334 7.8910885 1.1571796 1.0740696 1.3587815 7.4248853 -0.97095793 3.4236155 4.2780395 -3.9048119 1.7801038 5.388452 0.064044364 -4.783989 0.661016
vengeful -1.7434106 -1.3199269 0.29177585 -3.1729534 3.2782686 2.5255942 7.934047 2.6264317 -1.8634951 0.2938727 4.7890606 -4.68274 -1.3557231 -1.2768388 -4.926411 3.473553 -0.16570817 1.6328819 -1.925024 -2.0521398
shadowy 2.4791024 -2.386247 -0.86664975 -1.1564136 1.8139775 3.1160264 7.0159564 1.8616841 -1.1152879 -0.32190925 1.7271953 -1.3273728 1.4954141 -1.6495662 -4.141298 4.266695 -1.9387964 2.5941298 -0.56480914 -3.101736
magically 1.6530725 1.5605696 1.2326907 -4.0334697 2.279178 2.1659 9.625291 0.7749079 -3.9187205 -0.943024 7.362036 1.843964 0.7191852 1.2896779 -2.254159 2.7487512 4.39673 2.7734601 0.20084873 -0.43289444
fearsome 0.526426 -2.2119088 -1.8022352 -2.6243176 3.4563773 1.6544491 5.5434165 2.248509 1.1634064 2.3849306 4.112474 -2.0043085 2.3810236 -1.6723117 -2.669796 5.209099 0.86226374 1.5816134 2.3834362 -4.900464
mage 0.9571212 -4.082206 -0.84080553 -2.7969198 2.803616 2.2244115 7.86731 1.9443281 -1.0809331 1.3234909 3.6612816 1.6973603 3.0535657 0.008431735 -0.7162476 4.7304034 2.7335455 1.2410283 -2.5007825 -0.70162904
sorceress 0.19314545 -2.8721008 -0.048550904 -5.287548 2.9143877 3.5202532 8.594215 3.8713315 -1.9190542 2.301814 7.2445626 -0.22755107 2.9581163 0.36744457 -2.8685799 3.1865497 2.861256 0.8603346 -4.3147035 -2.0433862
sorcerers 1.8693911 -2.1828175 -1.8989118 -4.545485 1.3633815 2.5561488 8.646808 2.7190325 1.4192735 -2.1152437 3.6030183 0.7755633 3.0086865 1.4368043 -1.1908307 4.4119406 0.5025914 2.8845835 -1.8582451 -0.6135035
priceless 0.68452394 2.5970423 -1.9024922 -5.625351 -3.2744787 2.0209866 4.252955 0.7986042 0.722517 -0.7376482 1.9877611 1.8580036 1.0264452 3.7743907 -1.600825 2.329063 0.7380637 2.7158835 -2.8572872 -1.1396698
orcs 6.3990583 -4.66004 -2.7633815 -3.2237687 4.502067 -0.50400525 8.63045 0.37550053 0.20332377 2.7515497 7.477746 -0.9532608 0.6574144 1.6319141 -5.1767473 3.131076 0.39356595 1.4350855 -0.6799689 -5.9440947
agamemnon -0.68704337 -1.3986257 1.0463831 -2.1709902 1.5990928 1.0943322 7.7823424 1.0627275 1.3833871 2.1502976 6.4801083 -2.9439323 4.2354603 5.009482 -2.1762402 1.7695848 4.992381 -1.3073626 -4.114929 -0.38605136
coven 1.1707721 3.7400026 -0.31646785 2.2016244 2.9885492 2.150751 7.3152432 3.0344284 -0.16143025 -3.4085314 6.787172 0.4441134 1.3174983 0.01472571 0.37843332 2.5400853 -1.229312 3.3753724 -4.4547763 -1.2432278
gilgamesh 2.2140002 -2.9217525 2.5156355 -3.1935127 -0.124058664 1.235497 7.571252 1.6359292 1.5975326 2.2170439 3.7812254 3.7421677 3.514817 1.412986 -7.030585 -2.4931285 3.8689005 2.5922177 -5.374687 -1.5085295
swordsman -1.8840616 -5.7891946 -2.0194852 -5.0862975 4.495283 5.4018846 8.000299 4.6137295 2.1478899 2.2099736 6.595723 0.8036187 3.5406985 0.05899696 0.22995931 2.5339248 4.1892276 -1.0311378 2.26819 -0.809489
hideous -0.1353401 1.0150709 1.5832208 -2.7141151 1.2417747 2.064845 7.824261 1.6593598 0.34032667 0.013042121 3.5686107 -1.5989668 1.9343436 -1.2088349 -5.414817 2.671919 0.22924297 3.4521422 -0.44714865 -4.210219
impostor -1.1829104 -1.8934679 3.55438 -2.8015888 2.0599325 -0.2727608 7.472554 3.6731052 0.0836887 0.021806465 4.1695867 -1.844474 -1.2476848 0.96480006 -2.603216 3.1814036 0.47299075 -0.3117371 -3.8049748 -1.6341064
mortals 1.7876755 -0.12698029 1.0075381 -2.8363168 2.0866354 4.1101685 7.24065 0.7458612 2.0026712 1.0356183 4.8458147 0.5377052 -1.5649818 0.78621316 -4.034763 3.5528028 4.6024284 5.208664 -2.0288086 -0.7428865
werewolves 3.5217466 -0.55423075 -0.2287125 -4.1424675 2.6223352 0.53215235 7.7974596 0.5079442 0.7153379 -1.1155634 5.19469 -1.5046377 1.6090128 -2.1316206 -2.6882875 3.343716 -0.38939402 1.9481047 -2.34826 -2.6991348
trickster -0.14242396 -3.232384 -0.63735396 -2.7452583 2.7682981 2.8832924 7.2575 3.741939 -0.78993684 0.3434925 3.0427997 2.3792112 0.006719984 -3.672902 -4.0154943 4.3834186 0.17416531 2.3257463 -1.5710095 -3.8449903
fiend -0.085970715 0.46758896 1.0909109 -5.8006444 0.28869507 -3.8824944 8.381706 2.580578 0.82467294 -0.14862654 3.320764 1.5222888 3.737648 -0.95632887 -3.5802224 0.15920143 0.11763022 2.947334 -2.6978776 -3.187504
minotaur 2.431454 -0.677907 0.29987118 -4.402289 -1.0108222 -0.6887392 7.0723777 2.0255437 0.04824316 2.4089875 4.4495544 -0.0641423 5.3358426 1.2503844 -2.7573943 0.8436375 2.2100356 -1.1952121 -2.7440052 0.1931612
amulets 0.63338655 1.2351505 -0.2548 -3.8795042 0.7321666 4.589649 10.204851 -1.6232888 3.2552915 2.0696 3.5459096 4.065628 1.5547326 4.8516636 0.010415496 -0.41479644 0.5730345 8.057127 -1.3242211 1.2043792
reincarnated 0.108796895 -2.2790027 0.20890939 -4.268791 2.1755586 1.8789788 5.2693844 0.06799123 0.3545273 -1.3908025 2.6035204 -1.5936923 1.4905813 -1.1144639 -3.6854582 1.1206615 2.675135 4.3212605 -3.941054 -0.014225169
gawain -4.844907 -1.635743 0.8398023 -0.22023827 1.9398603 1.8700706 7.5741954 4.097361 -0.8809028 0.42924255 4.427558 2.8803394 3.2517335 3.3212516 -3.332845 4.7535477 5.779916 1.7239488 -2.7472215 -6.537383
golem 2.8728485 0.1810334 3.8073013 -3.5181425 0.19841859 1.7578142 6.707923 3.1793158 -1.3740895 0.047725987 4.4394355 0.17595145 5.054494 0.7434317 -2.9097185 0.3009329 -0.8739234 1.9724966 -2.7463717 0.3384788
faerie 0.0059771985 0.14575593 -1.3448534 -1.9557015 -0.31030253 3.1184912 5.8868065 2.761786 0.7846374 -1.1175258 4.140105 2.5543568 2.7772853 0.40525812 -4.579573 3.2407634 3.4601483 1.880402 -5.239591 -4.826468
shard 1.7288876 3.7162755 1.1999658 -1.7528888 -1.0131345 -0.7302311 6.2901874 1.7174795 -4.7937546 0.95685995 4.4353666 0.035069823 3.6204972 3.0603218 -2.0519073 1.7368301 2.206755 2.5405185 -0.61201227 -0.15757968
devoured -0.38473806 1.5268906 -1.0602287 -5.014454 1.8393042 0.7184714 6.6572847 -3.821563 -0.8226457 -0.25533172 4.223483 -4.1326866 2.1827931 -0.26042217 -4.693892 1.3549466 1.511523 3.9003751 -1.8975862 -1.8184791
devour 0.9726401 -0.044192735 -0.28334105 -5.872227 2.6074579 1.0273114 5.745204 -4.056194 -2.167461 -0.15884006 4.5346246 -1.2937794 0.43915427 -1.5808021 -5.242307 2.7064629 2.0300663 5.202641 -1.1485667 0.6580777
circe 0.76372164 -1.1266572 0.32164338 -4.1235723 0.4384789 1.3261571 6.5009913 1.5648335 0.042763446 0.81617165 5.6993556 0.07364362 3.906897 1.5086638 -2.7931547 1.2484177 3.368177 -1.0693696 -4.004178 -0.3278171
pyre -2.7502973 2.7005112 0.5812676 -1.5638918 -0.20825115 1.4523587 9.987364 -1.1202539 -2.524025 0.72915184 2.2310174 -3.1798856 2.263721 5.89421 -2.3145227 -2.865964 5.365372 5.9698696 -2.7374532 0.19097297
mermaids 1.2488401 1.9569306 -3.565122 -4.675398 0.3256104 1.8232529 6.0786495 0.31430426 0.22173534 -1.1393423 4.293532 0.64515823 3.348571 -2.5720453 -2.2793078 0.06151936 2.6135304 2.2432878 -1.2327867 -3.2012799
elven 3.3777406 -3.3679745 -2.8526905 -2.2435265 3.0450778 2.962176 5.999241 -0.56348383 -0.3610424 1.2314913 5.5001683 0.6584248 2.9134612 1.9932274 -3.2685375 3.1842399 1.8031785 3.0182018 -4.14527 -2.5582159
godlike 2.2983377 -2.9756665 1.9670184 -3.0714784 1.4689432 2.7038639 5.045206 2.0099227 0.41794217 2.0651731 3.322665 2.7753255 1.752015 -0.4119917 -4.7000275 6.359305 2.505378 3.8163912 -2.1157768 0.26666403
gnomes 3.472742 0.3925047 -2.8880339 -4.2861953 0.46203268 1.1311114 6.4909616 1.1217256 -1.552381 -0.7886122 4.5470123 2.107745 2.240847 0.44580895 -1.6668719 2.2739055 0.1887757 2.2732434 -1.8426793 -3.5054376
locket -2.2691605 3.369694 1.8581536 -3.3790338 0.7642155 -1.3656949 10.001164 1.1982483 -3.0379727 -1.7950709 5.33506 2.0852976 1.5894336 1.7104869 0.8169983 0.14148705 5.7748256 2.0000389 -3.6269336 -2.0573537
enchantment -0.15334733 1.3984717 0.53647995 -2.3754575 -0.21293399 2.328624 4.049228 1.6383767 -0.44657496 -0.45120758 4.1643624 2.2391071 2.6237442 -0.06611071 -4.683628 1.7426175 3.094844 2.3188195 -1.5935652 -1.3873947
satyr 1.5442508 1.0820801 1.163409 -2.679805 1.9000248 3.5741878 7.359002 1.3576511 1.282579 1.5822814 5.3209524 0.011310111 5.42575 -0.31301624 0.17494938 0.8752593 3.9253705 2.3323762 -1.8750455 -4.4191804
scythe -0.6172442 0.52400345 0.7428234 -1.5814568 2.2661636 0.053934876 7.2714815 -0.2962938 -2.346572 0.6046587 4.756437 1.4618199 4.1228366 2.300717 -0.41479787 3.2650967 0.3078353 2.2688034 1.7021738 -1.2375551
mages 4.5204988 -1.570963 -1.256442 -2.10044 2.2668555 2.3355746 7.58164 1.6817306 -0.5462749 0.015786583 3.8771 0.50974923 1.4624301 0.7783505 -0.39660743 3.7886374 1.788417 4.0844893 -0.43544042 0.5415396
denizens 3.2150025 1.193857 -2.5515828 -0.8608396 0.56879795 3.348062 5.3880396 0.66758263 -0.761848 -1.0230387 3.6181502 -0.09107974 -1.1174711 -0.667572 -3.799495 1.521059 -0.09389312 2.3810542 -1.5953773 -1.8845905
abomination 1.0948249 0.20364594 2.5010073 -0.7727874 2.0600872 -0.32396278 6.7352586 2.6017292 0.7236233 0.25443527 4.190663 -1.0409719 -0.28484604 -0.81016755 -4.9736457 2.9883037 -0.25251964 3.7742767 -3.758321 0.26370072
bloodthirsty 0.19068828 -1.9252758 -1.1216793 -2.6224525 3.595539 1.9435524 6.0473776 2.2862244 1.2584624 1.0611188 4.080613 -3.6127374 -0.3077278 -1.0851167 -4.425215 3.2389174 -2.2160408 3.118013 -0.75644296 -3.3191698
ishtar 1.5324146 -1.5392203 0.529245 -1.6407664 0.08674384 2.7828352 5.4850736 2.3985744 -0.44162956 2.1749198 2.6346424 1.3159058 2.2165673 0.92047536 -4.631967 -3.2047815 1.8513827 3.5611956 -4.4433327 -0.6512117
abominable -2.3848703 1.0152559 -0.291171 -2.1638942 -1.1111385 1.0644962 6.744371 1.6874237 1.2199621 -0.19186364 0.45562798 -0.20600292 1.0610107 -1.6729207 -5.569048 2.1877494 0.12229864 2.5544565 -3.3246129 -1.5448788
marduk 2.2098432 -2.2041235 1.9501634 -0.33584228 1.6231203 -0.2380311 5.466871 3.0752242 0.6883365 2.9991088 3.740441 0.24677745 3.5166261 2.6089823 -4.1338615 -1.0790888 2.1070378 4.562145 -5.10956 0.8773197
lioness -0.3990635 0.3741086 -2.9752133 -3.7623613 2.7443912 0.37307906 5.6084666 0.46930876 0.14354043 1.7314545 5.016232 -0.37348846 2.379146 -1.1770025 0.26216763 -0.056525048 2.108585 2.8209257 -2.5379863 -1.5890844
enchantress 0.5341045 -0.7642607 0.2460885 -3.6229095 1.9002458 1.5338156 6.9441967 3.295581 -1.627174 1.0770377 5.9902563 -0.77937925 2.615788 0.02861729 -2.340053 2.32511 2.8508158 0.7434014 -2.9530475 -0.8778183
earring -2.2783802 2.6654644 -0.2424651 -3.3530047 1.9434345 -1.0670134 6.622554 0.5598184 -0.6673774 -0.21446177 4.8889284 2.1451046 4.8611836 -0.24357502 0.3091765 -0.34724346 3.009132 4.471494 -0.6952054 -0.41107875
otherworld 1.9174715 -1.2672973 -1.3504219 -1.3265636 0.84037656 2.3626025 4.6915684 2.3344111 0.14334054 0.3621183 4.0813055 2.1318924 2.0913646 -0.5522383 -4.870097 1.3951919 2.1268406 1.9298723 -3.7433238 -2.869242
hecate -0.78529984 -1.0100522 -0.5535731 -1.2810146 0.948886 1.9883862 5.918601 0.41271275 0.09608634 1.9594405 3.6907787 1.6299609 4.484326 -0.10090321 -3.5385919 -0.55184287 1.7506661 1.2429556 -3.9883802 -0.3553632
necromancer 2.9100304 -1.092806 -0.55798924 -3.830557 0.47595584 0.8181059 6.0509176 3.3237236 -0.68655276 1.1672906 3.7913237 -0.36859757 3.235423 -0.055136 -1.6555841 4.772033 1.2329212 1.5664568 -4.1831546 -1.0810741
demigods 3.002963 -3.0677261 -1.945763 -1.7825266 0.030879099 2.978239 7.4406834 1.531701 2.7372954 2.8915539 0.38120782 1.3964899 2.6103382 -0.35699385 -1.1904529 1.2957089 4.2679844 2.7685614 -5.4490995 -3.2343874
slays -1.4831997 -2.7739575 0.21455193 -3.851431 3.2941735 1.2312654 7.485691 0.52432746 -3.0450633 2.9636087 3.57703 -3.4935124 3.4340005 0.09609033 -2.80612 1.5731642 2.9296875 3.249268 -3.2535896 -2.3361084
hathor 1.0511912 -0.32121822 -0.7376134 0.04859637 0.6876704 5.296248 7.797085 -0.8912841 1.0960135 3.1725316 2.8880563 2.8020797 2.998118 2.7286747 -0.47088274 -1.7021139 3.802513 4.483779 -4.977459 -1.6746716
maleficent 0.15087022 0.45035926 0.25965506 -5.5733867 0.28520325 0.8638791 5.5436625 3.8940566 -2.5327673 -0.055903427 4.962872 -0.6173833 1.4214585 -1.1942061 -2.963705 1.2889638 3.3374457 0.78917503 -2.830509 -1.6867932
cataclysm 4.6270556 1.2404878 1.0627736 -1.4088447 -1.1256943 1.4491591 4.372362 1.6281189 2.264536 1.886484 5.5973377 -2.4060452 0.24025714 0.5539624 -7.0104556 0.5024922 1.929909 -1.1804183 -2.3505356 0.24448274
nefertiti -2.1018147 0.8573922 0.718941 -2.6428084 -0.121459216 2.917356 5.505363 -0.12862 2.0321324 0.54662085 2.8780577 1.391138 1.9956609 4.5877643 -0.61443985 -0.98982555 3.9360223 3.64176 -4.6906104 -3.0828116
demigod 0.6973079 -2.1386473 -0.17814083 -2.344808 2.105061 3.139197 5.8568106 1.9951814 0.4994648 2.869044 4.006063 1.1570857 2.4519818 -0.0074840602 -2.277382 1.3830853 2.0278134 2.6735268 -4.5144916 -1.6375009
vampiric 1.5883163 -0.9032064 1.8490853 -3.8862512 2.010158 3.2065706 6.946963 -0.54077774 -0.39029697 0.68996096 3.9957786 -1.0135341 1.3748274 -1.6680017 -2.937076 3.7632563 0.36087206 1.403839 -1.7679684 -0.75938475
mordred -2.056075 -1.9939353 0.93038696 -1.8119966 2.5322123 1.0043298 5.310798 2.1614728 -0.7333889 1.0680021 5.850312 -1.2155944 1.5015862 2.9036074 -3.4519534 3.5137799 3.52914 -0.06547032 -3.4666135 -3.5957499
netherworld 2.3981218 -1.0075366 -0.15532467 -2.1364439 1.073565 1.5187519 6.83141 0.71796936 -1.7976992 0.5586283 4.152437 0.2955832 0.7205497 0.8570182 -4.6690693 0.0021076382 3.196872 2.4189281 -3.1398613 -0.21238483
fiends 1.2956753 -0.42955446 -0.5407874 -2.7659874 1.7267969 -0.32227078 6.4767766 1.8471032 0.7690326 1.6494356 3.7449532 -0.12970759 1.074467 -1.0400335 -3.3424118 0.47375533 1.8019793 3.278662 -2.174623 -1.7741463
thoth 0.79812074 -1.162304 0.12938425 -2.0426006 -0.32871372 2.4666123 7.1465664 0.9249905 0.18491344 1.3652495 2.0621681 2.873066 4.2387195 1.536279 -1.4234455 -0.20123528 2.621318 2.9056761 -4.3773594 0.34381592
quetzalcoatl 3.8640058 -0.794253 -0.17406388 -0.5080662 0.70973897 3.6525753 4.7139697 0.094774805 0.5932615 2.649499 3.778642 1.2989763 1.9964331 -0.25454468 -3.572455 -0.7029876 2.2155237 3.4385226 -6.6298113 -1.7776086
djinn -0.029642107 -0.86044693 -0.49950153 -3.3545506 0.81770515 -0.037561335 6.5719533 2.1098864 -1.7823728 1.006303 3.2554748 1.2416302 0.8450974 0.21464653 -2.5445657 1.4344888 1.9793974 1.608393 -1.7891833 -0.4698662
patroclus 0.4117555 -0.9156185 2.1400938 -0.72079855 2.0284686 2.6782622 6.1465745 0.10961599 1.4963802 2.3748055 4.1928954 -2.7009907 3.7896385 1.6374916 -0.7795713 2.5280983 4.782613 1.152443 -3.8947732 -1.0354576
banishes -2.8265224 -1.5888381 0.47225934 -3.0582876 2.0801942 2.8540702 4.4789486 -0.027058117 -3.9786067 0.5843646 3.1647077 -3.027332 1.1674674 1.3472598 -4.726012 3.0905426 1.9879596 3.7142417 -4.718369 -1.4171457
talismans 1.8270745 0.30931607 -0.44580746 -2.5766847 0.4440512 1.6177446 7.710045 -0.2604787 0.956288 1.2359656 2.59963 2.7277107 0.7318856 2.525328 -0.19479747 0.878933 1.7479024 4.08691 -1.4233524 0.70744246
ogres 2.441536 -1.1590838 -1.2666765 -3.9764566 2.6944795 1.1988294 4.6219573 0.68422985 -0.8394196 0.7650039 4.7554436 -1.0118382 1.6090856 -1.3147897 -2.0993788 1.783153 -0.06579151 2.708421 -1.171464 -3.1867433
personifications 3.0678039 -1.0947652 0.49866948 0.10171226 0.23133446 4.402115 4.8902836 0.21032317 2.074216 2.5096228 0.19222659 1.2906171 2.7275076 -0.20582812 -0.68870527 1.1674855 2.2619505 3.7893603 -2.3048327 -3.2567425
belial 1.9269028 -1.560447 1.9257841 -1.8161489 1.9080944 -0.16191074 6.3258038 2.0531483 -1.2372559 1.4506549 4.11275 -0.8694818 1.5124224 1.641374 -3.7351182 1.9131997 1.1676857 3.2628882 -3.1372738 -0.51463
chthonic 2.3503098 -1.2421325 0.023853477 -1.9724212 0.73658514 3.7627058 4.613786 0.16046047 1.1429263 3.2404594 1.9888425 1.2750107 2.8192077 -0.7774338 -2.639807 -0.3123352 1.8394496 4.63371 -2.9140694 -0.46010855
freyr -0.99574816 -4.021098 1.6675514 -2.4842322 4.043893 1.4451054 3.472763 -2.1469533 -0.45270932 0.7456413 4.3990993 3.0324254 2.2948577 1.8327559 -0.7507957 -1.4145163 3.6319358 2.7552807 -4.2926083 -1.0026819
tiamat 2.6841912 -1.8380629 1.4296377 -1.7965101 1.2523623 0.20568964 5.2622714 1.2943947 0.90975153 2.4288607 3.3714385 0.5156281 4.313326 0.21743168 -3.70844 -0.0009343053 0.93273443 3.073474 -3.263437 0.12722129
amaterasu 0.8198046 -3.162624 -1.1050292 -2.6116376 1.8139448 2.4333925 4.9565253 0.66932094 -1.1203021 2.2986264 3.5261967 2.1761813 1.0829237 1.0257434 -2.6528156 -0.8439386 3.712716 3.3371656 -3.2166238 2.1323452
atreus -0.0137846 -0.7116547 0.63197815 -3.156484 0.7164507 1.3039577 5.4472213 -0.08741429 0.49479407 0.5112476 3.576071 -0.73584086 1.0511056 3.4776475 -1.4136571 1.1783632 1.2348764 1.9942293 -4.5709743 -2.3110585
clytemnestra -2.1207504 -0.68383247 2.038665 -3.4276242 0.68384 3.1007886 5.930748 0.08628099 -0.24566838 0.59740216 3.097422 -1.9705435 2.3029811 1.4786094 -1.237044 -0.5810325 3.1410441 0.8258237 -4.216744 -1.8243449
exorcise -0.26975447 -0.8007544 1.3239326 -2.0044026 1.7402908 2.667717 4.4583144 0.5160048 -2.6124828 -0.7171965 2.2263446 -2.2646022 0.8467149 0.5706886 -2.810106 2.9220254 1.8490579 4.025361 -2.2685645 0.09967309
mammon 0.057590626 -0.734599 1.2616667 -0.64212465 1.0511451 1.4067096 3.9286172 2.3159385 -0.16044019 -0.18293473 3.097649 0.59679544 1.7072685 1.2500387 -2.6581163 2.2798386 0.6256775 2.5695317 -4.2694407 -0.8814516
shepherdess -1.3516835 1.032115 0.71235263 -1.8867823 1.0813674 3.484058 3.298277 0.55966866 -0.313033 -1.425066 3.6319432 -0.023231514 2.2656145 1.2951158 -0.4775618 -0.139004 2.483394 1.999537 -2.6655128 -2.8094103
ahriman 0.61982906 -1.8233796 1.7225393 -0.79213464 1.9867582 1.9642138 3.7071106 1.615615 -0.24401706 2.361215 3.7182133 0.35660213 0.7075783 1.1692647 -3.3874016 1.1221565 1.3656156 2.7823336 -2.5760744 -0.12820281