Centroid_171 -5.5726360292397645 1.4193009059239763 0.5095088182567252 -1.4958555126549702 2.3559858015175448 2.512284482783625 2.326364577532164 -0.14376579087134508 1.1679307111263162 -3.7619505759064342 4.035533592643276 -2.104942188409357 -2.2965668802222226 1.6895723181286546 2.077587509491228 0.10767354300701756 1.5987780000350873 0.6213388684894735 -4.361147990292396 -2.6158825623216373
family -2.439134 2.2014823 -1.2766658 1.4295615 3.8802247 4.4681334 2.0037584 -3.5127947 1.8629068 -4.089791 5.97797 0.64851093 -4.91463 1.9977533 3.8719902 0.09960878 -3.3711114 -0.22460096 -4.183484 -2.7534168
children -3.6780555 5.9759765 -1.4107264 0.51237464 2.276265 3.86794 6.261033 -3.9478555 5.5900283 -8.306223 2.3634045 -2.9349012 -9.24799 -0.9767536 7.290523 -0.8797017 3.5686052 0.6184922 -1.7261012 -2.9940243
son -11.839817 -1.3378618 1.0676913 0.33583277 5.373288 1.4412875 -0.47558466 1.6806706 3.4311213 -1.7339526 7.1788397 -3.8719163 0.2935683 4.771245 2.4690323 -0.59689397 1.6246825 -1.5019431 -8.297133 -3.8043258
father -8.145257 0.19954497 1.2874701 0.8432703 5.825362 5.2082253 2.4773998 1.9121985 1.5179992 -5.2527075 8.210908 -3.1083314 -2.9234822 2.6712487 2.4890924 1.4457629 0.531968 -1.3663694 -4.590278 -0.7972585
wife -10.901137 4.087364 0.30813384 -1.348666 2.681643 0.7777355 2.6479793 0.8623766 1.6363704 -6.690568 6.4406676 -4.542947 -2.6973393 2.4024606 3.3644168 -1.5492897 3.2367654 -1.3978772 -9.140842 -2.7647827
daughter -12.8390255 1.5615392 0.0022954203 -3.1251462 3.6964881 2.6164985 1.10527 -0.92252016 2.3205063 -4.5687594 6.3734794 -3.9866714 -0.9391428 2.1997843 2.9031193 -1.5588742 4.206696 -0.4978135 -10.319406 -4.08123
mother -7.918372 2.6939294 1.2676829 -1.9106617 5.370346 5.7448497 4.907341 -0.43886012 1.5528269 -6.782451 8.018281 -2.7361453 -4.3464932 -0.16950239 1.3071032 -0.9001728 3.5604334 1.5909424 -5.3975954 -1.1677793
brother -8.73415 -1.7755069 1.9506735 -1.513797 7.40071 2.1596966 1.5410908 3.2005095 0.78563356 -2.9651167 7.6510897 -5.401782 -0.61818403 2.3456202 5.838643 0.4365712 1.1155623 -1.3646512 -4.1719356 -5.429366
child -5.8645043 4.8747067 2.3408117 -0.5852409 3.1867378 2.6806195 5.111087 -0.8560001 4.762391 -4.3281574 4.086947 -1.1402622 -8.0176935 -1.9729266 3.2871504 2.3715272 4.9386287 2.5115628 -3.3826866 0.2584779
woman -4.4945354 2.5063279 -0.8524412 -0.82363236 5.4591827 1.7125785 8.802136 3.9388976 4.068152 -3.6883512 6.5140047 1.1485468 -4.9705577 -2.7228563 2.0114892 2.2216363 4.598868 4.423911 -3.1107397 -2.5164104
marriage -6.5706162 4.726677 5.198087 -0.15712576 1.6728989 1.0065699 -0.9088699 2.6544988 7.561295 -3.9049957 5.050246 -1.6963506 -10.247241 6.0358186 1.1256095 2.3298905 3.812235 4.519726 -7.467401 -2.523273
parents -4.8066654 4.0594597 0.77693266 1.0598974 5.148314 4.1408997 2.4747975 -1.9835987 2.0216048 -8.4945345 6.9474344 -1.7290057 -9.328216 -0.5797477 2.9071484 1.0434188 1.8769635 1.3922027 -2.4889975 0.7480629
sister -5.0856423 -0.8808332 -1.6353338 -3.7728944 3.9033232 2.28226 2.2986822 -2.8131726 -1.1131032 -7.8531466 5.27415 -1.9830042 -1.5052595 -0.96866626 2.7887928 -2.2976196 2.7257047 -2.3414485 -5.3832755 -2.465619
husband -8.491681 3.4262424 3.0226274 -1.6794541 3.2111933 2.0003307 3.9223962 2.781945 0.81808007 -6.1275544 6.713124 -3.4605079 -5.343502 2.2774954 2.8634448 0.40351617 1.8206033 -0.5767018 -6.7281246 -1.8654052
friend -8.804097 0.037912488 3.737451 -2.429076 4.346187 4.01923 4.3590283 5.665448 -1.7605598 -8.374137 5.793832 -1.9783735 -1.4160322 -1.4182352 1.6802955 3.988188 1.2404922 -1.3393526 -3.229922 -2.5361998
sons -8.291729 1.2723751 -0.816164 -0.541947 3.256167 -0.25823995 3.8707244 -1.0369252 5.078027 -3.08519 3.341778 -4.916083 -1.8016459 6.66932 8.216698 -3.4270635 -0.23131868 -1.1550121 -4.965824 -7.9810605
lady -5.994843 3.2792406 -3.7651362 -0.00282341 1.2798952 1.2086713 3.6140082 4.447767 -0.48591772 -3.4812977 4.650866 0.9916823 1.8711772 1.3122371 0.49549237 0.9215373 6.327553 4.0214996 -7.794159 -5.841991
couple -1.2498081 2.7412415 0.08042522 -2.6670115 2.992097 -0.60167325 1.89443 -0.39827207 1.1545424 -9.63234 6.0532165 -2.7477667 -5.5838046 1.0144728 2.6795256 -1.8053318 5.0104685 -0.6582947 -1.0822148 -3.3534486
maria -3.2599556 3.2240114 3.5986323 -4.3656116 -0.0089645805 5.8357706 -1.3519909 1.1005069 0.31218696 -2.6898992 4.2646856 -6.5918093 1.7041432 1.2798817 5.1053147 -1.9505723 2.9660578 0.7930883 -11.910632 -0.4233797
fathers -3.7801335 1.0589476 1.1290572 0.8523449 3.330719 3.9520192 1.758867 0.4088016 2.917544 -7.1531196 6.5403504 -1.467189 -4.8346424 6.2038164 0.7411442 3.3438475 1.0338057 0.94859594 -2.948964 -0.9974208
daughters -8.470329 4.3080487 -2.2496045 -1.3895798 2.5071628 1.9603062 4.8510566 -2.1234167 5.9549575 -5.785516 2.0557604 -6.5085673 -4.075283 2.0342977 9.578266 -4.4241147 3.4401207 0.94849354 -7.866855 -7.763097
sisters -2.7864077 4.2195153 -1.1259367 0.3815577 3.188514 3.6629066 5.120165 -0.33627552 0.9486546 -8.352876 4.47927 -4.023198 -1.8630624 1.0025392 6.847871 -3.2366345 4.361447 1.7509186 -5.30622 -5.2519307
princess -7.8231463 0.7429654 -5.274552 -7.065025 1.7947719 2.8738866 3.6194377 3.3456168 0.9712161 -0.36189622 8.975856 1.3840839 2.2046402 6.4759555 -0.13414897 -2.390012 5.8210826 3.6573086 -7.4067626 -0.039242387
uncle -8.70721 -1.1098047 1.2698468 -1.5649381 4.9792686 3.4401276 2.6321297 2.0457935 -0.74513686 -3.8078215 6.780838 -2.5722399 -0.9177933 2.8591592 2.0768716 1.6938238 0.2553486 -1.2736902 -4.8111024 -3.3148353
anna -7.62758 1.7910988 2.761486 -3.688361 1.5892117 2.5702593 0.80528957 1.7955686 0.13964657 -4.5254283 3.6820984 -4.0323496 2.2700799 0.69698226 4.4456205 -1.7606655 1.9700974 0.29544988 -7.2646017 0.8625381
cousin -9.062502 -1.3526822 1.6136221 -1.4856857 4.7658734 0.5941328 0.47835848 2.749037 1.5453517 -0.8020766 5.662737 -4.146221 0.54749334 2.5694282 2.7756662 0.44200563 1.3767146 -0.8357355 -6.220264 -4.6380925
mothers -4.252083 3.3373613 1.1333623 -1.9345814 3.7778227 3.558801 4.2189784 -2.9332888 2.7898736 -7.1054096 4.7563515 -2.176516 -6.154943 0.8284281 0.60615546 1.0522369 2.5221896 4.3542314 -1.8792971 -1.060806
elder -7.4573 -3.1198418 -0.27214864 1.1019726 4.5528574 4.1705294 1.6257915 -1.0682563 3.1496687 -2.9696505 3.6241941 -1.5066079 0.78932726 4.724034 2.5057056 1.185295 0.13535205 0.74465454 -5.343228 -3.5986938
eldest -11.888062 -2.094194 -3.2082071 1.1932124 3.7280931 1.6457276 -2.8383517 -2.880941 6.1670437 -1.5709804 3.569794 -4.892087 -0.1858678 6.6322374 4.178823 -2.0600815 2.6292787 -0.6143753 -7.79166 -5.65066
grandfather -9.226292 -1.2751513 0.6654424 0.84938776 5.7093515 6.3308244 0.6988384 -0.50543404 2.2634153 -1.9743782 6.947768 -1.320103 -0.31107306 2.2055626 2.5546474 0.971457 -1.4711692 -1.2798285 -5.94178 -2.7949378
widow -9.027077 4.0554376 0.52417445 -1.3064373 1.0297245 0.21159683 3.4141634 0.2432167 1.2727765 -4.3185472 6.0757465 -2.2459812 -1.8523309 5.83268 3.1359203 -0.38603565 0.7941029 -1.6324685 -8.4194975 -3.6952012
nephew -8.6900625 -2.3456922 1.9911662 0.03438609 4.065163 1.9790717 0.069982685 3.0532608 0.72700745 0.5203781 5.3493 -3.975756 -0.06288591 5.5468655 2.6041384 2.7317162 -0.7293154 -1.3885487 -6.656044 -3.9629261
divorced -9.845094 2.9447622 0.6083591 -3.210635 1.4654872 -1.6475109 -4.0179024 -1.3602662 5.4614797 -10.254374 2.3176794 -8.71773 -3.1416206 -1.0750548 3.4892004 -2.0425014 0.9584788 -1.8978719 -6.365713 -1.48129
siblings -5.5551085 3.34503 0.6317794 -1.6415528 4.5699277 3.0284784 3.6079264 -3.2817957 4.1259685 -4.919311 4.0859056 -4.9524236 -4.689291 -1.3806276 9.075158 -4.21536 1.9882909 -0.95613354 -3.3050504 -7.0921564
elderly -4.015149 1.312346 -2.283412 -0.34903663 2.7602792 5.363593 6.275907 -5.5302076 0.44437292 -6.1314354 1.2535697 -4.1489787 -7.0523105 0.20035973 1.7043868 2.2590404 0.18981044 0.92855555 0.259502 -1.2813151
husbands -4.9103894 2.2362752 1.2771134 -1.4914256 1.8747416 2.5873907 3.781728 0.35355076 4.1722293 -5.6003747 4.324532 -3.1238344 -8.279376 5.2713857 0.78776586 3.5508657 1.6712524 1.5260347 -3.2381282 -2.126038
grandmother -8.073877 3.1522782 1.2091706 -2.585556 5.1059427 6.1951776 3.3557115 -0.79431874 1.2352018 -5.4463186 8.778127 -1.452715 -3.5321105 -0.6182126 1.8658687 -1.8552663 3.2219603 0.9789074 -5.632185 -2.6848805
aunt -9.1563225 3.5308905 1.0660766 -4.026869 3.2223222 4.2906413 4.2176905 -0.20367149 -1.4714011 -7.261377 7.708222 -1.122582 -3.006482 0.15469863 1.1255915 -1.0295558 3.888849 -0.24253304 -6.226662 -3.5168242
diana -7.085416 2.564782 -0.41900188 -4.598616 -0.08130903 0.25469464 2.758706 4.059086 -0.23420115 -2.235403 3.6764197 -0.79033613 2.4600234 -1.5038037 0.07175364 1.0707012 2.2809348 0.13873826 -6.4242578 -2.7482471
wives -3.4091947 -0.23589413 -4.146621 -1.4288896 4.1984425 1.9816953 6.994427 -0.13537753 5.39906 -4.5139956 2.7406096 -3.1321611 -6.498327 3.9981477 4.31912 0.10616653 2.1387024 3.79767 -3.194846 -6.224186
agnes -8.20623 3.3672433 1.2590374 0.7793495 0.480857 1.8661329 0.0906197 -0.91232944 0.8002607 -4.019356 3.7450264 -1.2383171 2.7418272 2.1219788 2.0503948 -0.77489436 2.1576662 -1.3129462 -6.4793477 -3.7507331
bride -5.2109237 3.0685163 -1.0181247 -5.67918 1.1545424 1.7427014 6.3812447 2.804357 0.91722554 -3.4455953 5.3305416 0.88138723 -1.828904 4.7378798 0.20235986 -0.47368163 3.9286587 5.6550083 -3.6506975 -2.8181217
paternal -7.6663423 -2.6451304 1.1421071 -0.10489318 5.721444 6.8206964 -2.5971591 -5.9936314 3.987167 -0.71110064 4.2364345 -2.9729455 -0.9290605 1.0824744 0.83355385 0.677515 -2.1803896 1.8067088 -7.2578096 -3.5038605
grandchildren -7.3430667 4.5111556 -1.5476665 0.07500554 0.94343626 1.100203 3.0792956 -2.256724 6.3474236 -5.910799 0.009612042 -5.5043955 -2.9742217 -1.8994366 9.4396 -2.8813143 0.69945467 -1.5578371 -7.1218853 -7.4848804
granddaughter -10.230542 0.065801136 -0.800107 -2.3023143 2.0280852 3.513616 0.5724566 -0.8168342 1.0443537 -1.7614139 3.892459 -1.8823366 1.7427562 0.65944624 1.8706487 0.3161845 0.8472301 -1.1317639 -9.1180525 -2.8520465
cousins -3.2914522 -0.011617284 0.54553354 -1.2026705 4.36967 -0.092242464 1.8094202 0.2994085 2.0179045 -2.2933514 4.8403883 -2.3813035 -1.4996071 1.3245264 3.4308944 -0.09861181 0.39239037 0.18359956 -2.6282103 -6.0943556
niece -9.6497755 0.71633244 0.6868038 -2.8730748 2.4921162 3.7670698 1.5702411 0.62900096 0.14338298 -3.0249743 4.999482 -2.3876016 -1.2240669 2.0391173 2.3410947 1.1629336 1.9987587 -0.53258616 -8.748509 -3.2836008
mistress -6.576335 0.7084505 1.0598537 -4.679369 1.8493918 4.264209 5.263959 2.811428 0.06328017 -3.323299 6.005869 -1.4287119 -0.511474 5.3521075 1.6046257 2.2701209 2.4278293 1.2163327 -5.9757247 -2.9585443
marrying -8.092464 0.13755055 1.122824 -2.684066 4.259863 3.5021162 -0.31343064 0.16950284 2.0366552 -4.686866 5.571016 -3.6492212 -4.272572 2.7132652 -0.92085487 3.0520048 1.6647066 2.5639443 -4.231213 -1.6309469
teresa -2.7750723 1.367021 1.744282 -2.0344424 0.35748258 4.353988 -0.15990524 1.6826304 -1.3290075 -3.4470718 1.5213722 -5.2907896 -0.91007805 -2.9175365 3.773459 -0.7753149 1.9543153 -1.0145681 -10.252915 -2.787068
esther -7.0275736 1.9409354 2.269357 -1.3429574 0.8692628 0.9716012 2.4062018 0.5912663 0.12500398 -5.9334216 1.8565509 -1.1953499 0.8611638 -2.9172952 1.0645938 -0.5175387 0.2644298 -0.63102 -7.4627433 -1.0739007
maid -5.7874384 1.8899932 -2.6112669 -4.822623 1.6681833 2.6885786 5.8142285 1.095019 -3.3220575 -5.5797124 4.9442234 -0.092465974 -0.5389478 2.108459 1.7865483 -0.062395398 4.158792 1.4031647 -3.5964584 -4.014369
grandparents -6.0048423 3.489243 -0.39243844 0.89731437 5.6566777 5.318805 -1.1412877 -4.2547607 2.6188848 -4.50829 8.439745 -2.6275277 -3.8640752 -0.51957446 3.1564336 -2.011591 -0.53671414 0.41097626 -5.687603 -2.294438
unmarried -6.510185 2.4811451 -0.1943794 0.89925504 3.3910604 2.7385716 -0.16662373 -4.9827847 5.837192 -5.251297 3.5534337 -1.2203115 -7.220801 5.049964 4.3985815 0.88647336 3.3083618 3.689918 -4.758659 -3.386521
remarried -11.270698 2.911195 0.10361403 -1.2324665 1.1589922 -1.4680426 -4.242468 -3.2003436 4.5200768 -7.0797815 3.4800081 -8.113051 -0.15898702 3.043049 2.6060784 -2.361048 0.88256043 -1.7416288 -8.130469 -1.6603405
spouse -5.4977784 0.2290197 3.363725 -2.4046109 2.9274957 1.8953388 1.0869735 -1.7415506 4.044151 -0.8638231 2.8014333 0.017897196 -8.12003 4.713836 4.651541 2.379662 1.203625 3.704669 -6.5902424 0.31568724
lydia -6.1251907 1.6037378 1.0825198 -1.1571666 2.4932003 1.0363859 1.7038271 0.48196638 -0.02960234 -4.2196016 4.0862584 -1.8050721 1.6282268 -1.7348083 0.23653205 -0.038915414 0.49274623 0.6983713 -6.322785 -1.7482213
orphanage -1.8067365 5.125654 -2.4823904 3.022292 1.6332492 6.5242105 4.714412 -0.1968475 -3.3449352 -6.191989 6.2120695 -2.961202 -5.288856 2.7293637 4.080086 -2.6294756 2.7284691 -0.70347667 -3.7260003 2.3521273
orphan -4.18486 1.750384 -1.3685123 -1.6108434 2.2745323 3.925024 5.4032574 -2.2188761 0.57405716 -5.019403 3.926778 -0.53946364 -3.4781125 -1.4399538 0.9797863 -0.1638221 0.5896709 -0.10738118 -3.8030326 0.8284196
wed -4.9717875 1.0003544 1.4390492 -3.9064264 2.0347564 -2.58673 -0.29888508 1.0130323 -0.5888845 -7.84451 3.7853265 -2.5135443 -2.1565661 2.2020366 -1.405691 0.32977578 3.1441736 2.767857 -2.362931 -1.4538468
nun -1.2030741 -0.8859369 2.3843284 0.3789284 4.401985 5.9047365 5.2396955 1.0923766 1.5197248 -5.164266 6.1155 -1.3125569 0.49075645 3.3258226 2.2494164 -2.4926128 4.6882567 2.3949492 -5.6521473 -0.759775
joanna -6.828423 1.168138 1.5847875 -2.9492612 0.9074187 0.372934 0.67667735 2.7331908 0.0070516826 -2.613768 2.08286 -1.8716987 1.3926537 -0.7997587 2.9137208 0.6167615 0.029534033 -0.17486414 -6.375706 -3.680391
landlord -5.395739 1.8712058 -0.20776789 -0.4849801 0.6185853 1.6505351 1.5203265 0.71106625 -4.3105907 -2.796347 2.3100944 -0.030251782 -7.2842093 6.689215 1.4393313 1.6878374 -3.2969623 1.2619362 -1.2711935 -5.786102
prostitute -4.5305943 1.54625 0.5251789 -4.91022 3.1708496 3.5523636 8.050736 2.1584642 -2.1336951 -4.6224284 4.6280923 -2.0666037 -7.2356086 -1.6786653 1.6172925 0.054501284 -0.25985894 1.1332924 -3.235818 -2.6659577
dowager -9.781225 -1.9566989 -0.14912203 -2.8752851 2.8976831 2.1784785 0.13023941 1.5699273 1.0657667 0.801085 7.2846556 -0.009949101 -3.8903651 11.787384 -0.80459446 0.4648967 4.253653 4.27015 -5.014284 1.8168058
fanny -7.8237453 2.0476353 1.1078732 -2.6600037 0.7941879 2.3171492 1.3862312 0.4770067 1.1723008 -6.2898235 4.2827773 -0.6367936 2.5163517 0.36507714 0.9672504 -0.70019 0.9838205 -2.3807511 -3.83679 -4.2881722
widowed -8.370124 2.3719249 -0.98528385 -1.6544473 2.4380145 3.4249854 -0.50469947 -3.4962137 2.0756345 -5.73693 4.7942595 -4.8054895 -3.3285036 2.7722154 2.7003696 -0.7760356 1.4829515 -0.9633935 -5.7385116 -2.8767946
uncles -4.9972725 0.15159014 -0.033467345 -1.5027512 3.808345 3.5930603 2.0985413 -0.5509407 0.7108643 -4.3699045 5.5781913 -2.6547642 -3.5458653 4.810075 3.7188752 1.0941871 -0.19658044 -0.4641782 -1.9645199 -3.6117933
acquaintance -5.570245 2.0750735 3.6874158 0.3583209 2.0169232 4.294228 3.6200216 3.9343934 1.4931729 -4.810554 5.5231314 0.036220074 -2.0234122 2.1907766 1.7794545 1.5253444 -0.57412946 -1.897861 -1.8618362 -1.6839613
widows -2.8818138 3.5359745 -3.9485846 -0.4445783 1.4245366 3.8277946 2.8588254 -4.1432548 2.6294034 -3.8421206 1.9315381 -2.7130775 -7.0767803 4.1876845 3.6246574 1.6852591 0.4595827 4.300498 -3.9427903 -2.465304
cared -4.825192 2.5278454 -2.5531783 -0.40013343 1.8981812 4.2076025 2.6857634 -5.0908623 1.7313752 -7.1043034 2.4547422 -4.7497354 -3.0080607 1.9046602 -0.77621615 4.5061383 1.2921987 2.005472 -0.6514411 -0.75937647
cecilia -3.2944298 2.1475797 2.5299885 -1.6281419 -0.23504761 4.1070776 -0.72773635 2.106868 -0.08183569 -2.9886198 1.579441 -2.9632914 2.3472178 -1.6147549 4.9388256 -2.0617628 2.4279225 0.1762534 -9.055407 -1.3565186
marguerite -4.3305264 -0.33582038 0.92571676 -3.1842983 -1.2422628 4.4728427 0.3768919 0.6898914 0.19760723 -4.8785086 3.960949 -1.137983 3.920955 3.139951 3.036153 1.4580938 2.0016012 -5.6564784 -8.199026 -3.1352172
estranged -6.3079796 -0.057605844 2.4422092 -3.2608817 3.835384 2.0656815 2.1074536 0.5236676 -0.6820167 -7.1421256 5.183327 -6.124759 -4.6401534 -0.21597342 -1.5603746 2.7397568 -0.13892213 -0.70097184 -3.798528 -3.3016665
groom -5.544463 0.7599983 -2.202952 -2.7098598 2.5739598 0.8294344 4.305277 -0.27937812 -1.7576898 -2.9364274 2.4817333 0.93092847 -2.5105355 4.4398727 3.5257573 2.0690057 4.519637 5.089415 -1.1848359 -2.3732786
childless -7.501071 1.564532 3.309117 -0.37158352 3.1971393 1.4987097 -2.342991 -3.187991 6.5494046 -1.3491249 7.3488574 -2.6764758 -4.8093057 9.847218 2.2591414 -1.0668944 3.0020602 1.3810573 -6.3892817 -4.142004
stepfather -6.854097 2.1670115 2.484694 -1.038032 3.988357 1.2765781 2.3798923 0.7119054 -0.06991075 -4.9966297 6.211064 -3.6437247 -2.7287314 -0.6306581 2.2208586 0.7986199 -0.86321956 -1.804651 -3.9769657 -1.8380727
bridget -8.163991 2.9163945 1.1761311 -0.29117978 0.55557644 -0.73429775 2.0531473 2.1147647 -0.4302049 -4.788381 1.6896002 -1.5530157 0.1870716 -0.988315 1.4465454 0.9081682 2.0059774 -0.8719577 -4.1846714 -5.806838
orphaned -3.6219754 2.702444 -3.3626676 -2.001806 3.11303 4.6394897 4.3158975 -4.1136613 2.1611137 -4.422906 6.074008 -4.8872232 -3.6047657 -0.87450916 1.5961994 -0.49224192 0.6717151 -1.3805711 -3.513538 0.27210906
hilda -5.9450364 1.2015988 1.6611282 -1.5396931 1.5003734 1.5402169 0.7180142 -0.73539424 -0.614713 -4.1032605 3.3753138 -1.4964324 0.62507075 -1.7116601 1.5328552 0.48771158 1.3463926 -3.1632895 -4.778919 -2.7623563
friar 1.6776687 0.8523843 3.3379748 3.4714012 2.047516 6.8143973 2.0272243 2.5837111 0.21570209 -1.1576118 5.393026 -3.5947795 1.1126715 2.8060148 1.9115885 1.5784597 1.4452615 -0.07748623 -9.3747425 -4.6064243
dowry -4.32695 3.6779559 1.7370594 -3.65075 -0.17431661 5.0557766 0.95238036 -1.9919422 2.8800137 1.6041851 6.0085034 1.5475729 -9.965609 11.285925 1.7165518 0.39752257 2.7402914 3.51909 -5.0574746 -3.2821608
stepmother -7.9764934 2.6246233 2.2223988 -3.6522849 3.5079885 2.9934409 4.103351 0.3987901 -0.17883816 -3.4045465 6.5217066 -3.1083167 -4.115327 1.3179828 0.4782962 0.25741407 2.5075736 1.2319149 -4.564997 -3.7540824
nephews -4.0802426 -0.62143385 0.45160267 -1.7125903 2.819883 0.79901016 3.5486422 -0.38682956 1.2445271 -1.701617 3.2619996 -3.572158 -3.5954726 4.759791 4.0999975 1.5087506 0.13092841 -0.6300907 -4.601452 -6.469825
sweetheart -6.613743 2.337433 -0.061260637 -2.0712714 3.5905225 1.1469176 0.3507771 0.014871479 -0.9878685 -7.7180896 4.209872 -0.6534619 -0.7685026 -6.158227 1.5477508 -0.120380744 4.8979206 0.8360896 -3.3955007 -1.6243643
susanna -6.883601 2.8077738 2.7792425 -1.1898526 0.08235187 2.459024 0.8470973 0.5294232 0.69368213 -5.0913677 2.1358511 -1.6656377 3.1133673 1.3257366 3.1553524 -3.1146183 0.354395 0.20404354 -6.3018417 -4.5312977
housewife -7.1121297 0.8592815 -0.62958956 -2.724178 2.9094093 6.22966 2.113188 0.046956312 -0.08923328 -5.762004 3.2674012 -1.1456975 -3.6536558 -3.3263443 2.321633 -1.2559147 -0.16564047 -1.4359294 -0.21546806 -1.8833427
grandfathers -3.758344 0.8125796 -0.4703381 -0.8140775 2.439139 3.3548498 2.2866383 -1.3844084 1.1698567 -5.1748767 5.2421474 -0.4400172 -1.0638946 3.664366 0.18941224 1.6028649 0.40222013 0.67818546 -3.6653116 -2.007394
nanny -5.6197886 1.2387122 -1.1044134 -3.588605 2.2978683 1.9422845 5.098169 0.73074746 -2.2644892 -5.8642244 3.5534563 -0.26300308 -3.8224638 -2.881686 1.9609662 1.2276312 1.5226938 -1.2912692 -1.9842445 -2.771739
acquaintances -0.5598162 1.7690475 1.027066 -0.41953418 1.6668868 3.5811632 5.3641515 1.550087 2.3696446 -8.588432 2.9883165 -1.114503 -5.2586317 0.990566 1.8473921 1.9593381 -2.5077877 0.44432405 -0.7282623 -3.5906525
widower -7.5720735 1.2998947 0.9470031 -0.8522098 2.29131 1.73351 1.6324928 -0.6546478 1.3281591 -4.7757506 3.8958337 -3.329311 -3.1117957 1.2390993 2.5515633 -0.68634516 0.95138127 -2.5761166 -4.9951663 -3.8145738
juliana -4.6669927 0.84822214 0.9809771 -3.368636 0.58813643 1.6836402 -1.1249038 0.84818196 0.62012905 -0.76476246 3.343105 -1.7835602 1.4899054 1.7246864 2.0985548 -1.7640773 1.3384695 0.6370381 -7.340833 -1.1676016
princesses -1.8476601 -0.58616847 -4.494141 -5.779124 2.0093117 3.366136 5.9147406 2.1799905 3.5563557 -0.71903855 4.595366 1.0451727 -1.8744725 5.7062135 2.6460974 -2.2831929 4.060824 5.1875587 -3.140869 -3.5316117
grandsons -5.8373528 -1.3597964 -0.07155872 -0.36267945 3.4358175 1.6079713 2.7948513 -0.9561646 3.4973722 -0.47784978 2.321625 -3.019427 -1.501725 3.7459927 5.39867 -1.9583296 0.2683389 -0.29135245 -4.7944922 -5.7596874
housekeeper -7.574091 2.6326933 0.0045161946 -1.4970616 2.0436149 3.605101 5.5778613 -0.3359112 -2.2379591 -6.699529 4.1348777 -1.2200949 -3.5643823 0.8779623 3.3628163 1.4629959 0.35955155 -1.9458455 -3.518351 -3.3983166
concubine -7.767198 -4.5327992 -0.12906547 -4.9999747 6.010088 3.4695807 4.5938306 1.2168106 5.096705 0.6679784 7.5959463 1.9780484 -2.7781706 5.32732 -0.93091637 -2.5632968 4.1237345 5.123991 -5.004588 -0.22062263
predeceased -10.536058 1.4122384 0.050086446 0.91579235 0.2649062 -0.87869346 -2.4393897 -4.7109213 5.3629503 -2.800169 0.6065446 -5.979113 1.1440778 4.3842006 3.3140228 -1.6637336 1.8944653 -1.3988833 -6.9871197 -5.8612647
deathbed -5.113213 1.2877829 5.583947 1.4729958 1.8372265 0.95022845 5.833439 2.2094312 2.370479 -3.8322833 5.1160913 -1.9670136 -2.479342 6.575168 -2.1818538 -0.20930833 4.24369 1.6440816 -6.460031 -0.01684053
angelica -1.2703627 2.9523797 2.6793754 -4.8256345 0.75430185 3.3061998 1.9018073 -0.08193864 -1.7109904 -2.6459076 3.4758701 -1.1692643 1.0785861 -3.4447231 2.7666247 -0.616574 0.7327254 1.4110727 -6.991756 -2.5064018
aunts -4.326538 2.7327213 -0.34612006 -2.5182948 2.837899 3.6260426 4.038203 -1.7097033 0.06676029 -7.208972 5.23263 -2.562281 -3.1776302 2.1256554 2.3317533 -0.6823203 2.0739846 1.4106853 -2.867834 -4.370629
grandmothers -2.9137983 2.6423187 -1.1270272 -1.893134 2.6018727 3.110348 3.5672758 -1.2015085 -0.6629977 -6.506624 4.9611654 -0.43319613 -2.707336 0.7277807 0.8917835 -0.65208596 1.3586977 2.710013 -3.8023438 -2.3869858
maids -3.3056018 1.6784811 -3.9027882 -3.1903481 1.2461165 2.7170098 6.831438 0.45948824 -0.3377641 -4.4891996 1.906558 -0.7553055 -1.8547264 2.7779498 3.581948 -0.010376076 2.238688 2.8366795 -0.19989775 -5.283914
boyhood -2.5040739 2.8615396 -2.1464283 0.8786943 1.5130085 3.354773 -0.8156788 2.5098944 1.4909352 -5.3876853 5.422998 -2.07561 1.3768799 -1.6676425 -0.33886236 1.6368768 1.7493383 -1.1127952 -1.9363041 -3.2342782
parentage -4.0905886 0.60108155 2.5647056 -1.2322102 2.7010062 2.6036987 2.031817 -1.412781 7.3253903 1.2163364 5.2837186 3.0106332 -2.8474839 0.86539835 -1.2437547 1.047986 0.2788383 1.0785844 -4.6849318 -3.2212207
stepson -7.6430135 0.9325254 2.6480515 -1.2097577 2.4638314 0.28633913 1.3330331 0.7923998 0.266687 -1.0218964 4.471938 -3.2785215 -0.45648593 2.2453573 1.6626465 1.0991628 -0.5043274 -1.4014007 -5.2351885 -2.8614483
annas -2.1477866 0.7615103 2.4976199 -2.2478461 1.4481602 1.379243 3.1609747 -1.0390364 -0.74105805 -2.246455 3.29391 -3.7446122 -1.9644557 2.073066 -0.93540186 0.14195733 1.978664 1.3973566 -5.047598 -0.1703053
governess -7.464821 0.79611796 -1.094856 -1.2558522 2.2232575 5.958469 2.6014214 -0.06336163 1.656008 -6.061797 5.6852245 0.099034324 -1.8866638 5.085707 4.6894426 0.45465562 2.9521194 -1.7925643 -3.3735666 -1.2436255
firstborn -4.092262 -0.04073608 3.3004618 -0.6792789 4.231171 2.589354 2.5344772 -3.012098 3.4335153 -0.45634747 4.7192707 -0.82127875 -1.5994714 2.3749175 -0.18104663 0.2769481 2.6364787 5.451752 -8.497151 -0.7386973
midwife -6.9177213 1.1848106 -0.75269705 0.40141225 2.8898497 2.6277204 5.350034 -1.4617002 2.1862588 -4.612615 2.7923117 0.68556273 -3.3584275 -0.41726556 3.4085553 -0.04073274 2.0374713 -0.14113954 -1.4014298 2.682628
therese -4.9932346 0.74332434 3.5843954 -1.251989 1.6650909 2.5026853 -0.36993578 -0.8469153 -0.2946932 -2.9726906 2.2175424 -2.102826 3.4698043 0.38361722 5.2114544 -1.5049933 2.3176403 0.18054342 -6.1918216 0.36320162
suitors -1.6626813 1.6924626 0.40484926 -4.38829 2.493286 2.641926 5.5972166 2.375231 2.2036734 -0.9585873 4.794997 -2.2605863 -5.8302093 2.9861891 2.788621 2.8067074 3.9452162 2.4905722 -1.7227522 -5.721032
stepdaughter -8.394812 2.5328832 2.351476 -2.4045463 1.6160536 1.3788093 2.63735 0.295832 -0.6983916 -2.7200222 3.573283 -3.3678844 -1.6819973 -0.030028515 2.4217882 0.0010573823 1.0501554 -1.0026724 -5.7710953 -2.802454
divorcing -6.0525723 1.6667708 4.270184 -3.5289822 1.1698879 -1.1206748 -1.7351232 0.37808868 2.1630414 -5.4935336 2.2291327 -5.860171 -3.4301906 0.30048814 1.3000332 0.053908095 1.3583332 -0.18329589 -4.4368157 -1.0520234
matron -6.5213504 1.9941369 -4.2050014 2.58048 1.8781772 2.0764523 5.067825 0.22959334 -0.51999104 -4.3222747 2.2929354 -1.6182147 -0.4876603 1.3166265 4.4266057 3.100059 3.0999308 -0.65807474 -3.2015398 -1.0522527
suitor -4.9695997 0.658344 2.9255655 -3.5868332 3.293202 2.899313 3.3677785 2.751835 -1.4884076 -1.2412416 5.9337125 -0.4738985 -4.3434024 1.7437445 0.13863975 3.5510213 2.585281 1.4976258 -2.431757 -4.4061103
godmother -4.9808292 1.9714328 -1.0734829 -5.097444 0.25883853 3.5819113 3.513962 2.9426506 -0.2719535 -3.2510562 4.4397445 0.10298219 0.43150333 -0.38311067 0.80718374 -0.39547947 3.2271478 0.8216408 -5.64588 -2.4236434
boleyn -5.7378187 2.5639436 -1.0789334 -0.6895651 -0.44020557 1.2557188 1.6678963 3.4936743 1.4049662 -2.0026503 3.492583 -1.7259936 -0.47942212 5.8765416 0.81978786 1.2081654 4.2170205 2.0110328 -4.0041966 -7.327377
nieces -4.567103 1.8642019 0.3546888 -3.1837723 1.4472443 2.2890189 3.6581388 -1.497656 1.6945193 -4.2876835 2.894456 -2.9698865 -3.6585214 3.1637566 5.6947484 0.6123671 1.4751608 -0.40195727 -5.259936 -6.1010084
grooms -3.0445797 1.6070647 -2.660385 -1.8620486 2.301429 1.369805 3.8354027 -1.5951375 -1.2553023 -3.887696 1.438863 -0.44738877 -2.2179134 3.0981956 3.5421739 1.1417214 1.9474015 6.3057256 -1.1889375 -3.3071942
penniless -5.1878114 3.8281662 -0.23892541 -2.4241993 1.9588863 1.876745 1.0437869 -0.7983327 0.27921033 -5.3933687 7.5964155 -3.6773703 -4.1364045 3.4383636 -1.8694596 -0.0050551454 0.25918284 -0.7917856 -1.8174697 -0.9774652
remarry -6.79951 1.5499457 4.8068657 -2.4284053 1.5298766 1.0272758 -0.49991012 -1.3701758 0.76697594 -5.42152 3.3083632 -3.9132764 -6.4897227 6.295603 -0.43661222 2.5622406 3.4528022 3.3746989 -4.982115 -0.237803
grandchild -6.955271 1.0834169 1.8913642 -2.1112678 2.505111 0.9445247 0.90737456 -0.96321964 3.4151387 -0.9618589 3.6586685 -1.6639372 -1.2286727 1.2237065 2.0787845 -1.0050586 2.6590896 1.260691 -6.172262 -2.8262258
shopkeeper -6.3726773 0.88251925 -1.5791063 -1.8079886 2.3127594 1.4358858 2.566449 0.32016098 -2.4251637 -3.481687 3.3757095 0.68384564 -3.4204173 2.2774324 2.1298916 -0.853126 -2.3782284 0.4763855 -0.97996545 -2.6572254
sickly -6.1979117 2.1966128 2.2989929 -1.1748196 3.9432535 3.9639287 3.335111 -2.826599 2.0186791 -2.0947878 5.4220877 -2.8833823 -0.67978436 0.3505129 -1.9364315 1.4820273 2.1697998 2.134575 0.42169484 -2.2505796
recluse -3.013819 1.6451104 1.2651182 -0.3246517 2.8278835 4.85407 4.4128637 -1.4418963 2.638672 -3.5232677 5.523371 -1.492879 -0.33051142 -0.72222304 -1.9663131 -0.064104445 0.5459441 -0.28881696 -1.8294072 -2.8367572
wedlock -4.6362014 1.6404136 2.9317293 -1.2080803 4.351884 2.5170221 0.7897656 -1.5572093 4.9914417 -2.5088058 6.349608 -0.37926194 -6.5293803 0.5943432 1.3597926 0.2816495 1.5727602 2.0593698 -5.7848177 -1.4611624
landlady -6.5669985 2.6896937 -0.4532427 -2.5280657 0.82310396 1.3771814 4.4232297 1.3990504 -4.458768 -6.171085 3.1988974 -0.65217614 -3.1784277 1.9714398 0.63571596 0.12546128 1.0664842 0.30298868 -1.2878741 -4.449401
divorces -3.9024737 2.4055758 3.310941 -2.4473639 0.6929173 0.27685115 1.3539762 -1.4035401 1.9841027 -2.6499941 1.2880601 -2.9421453 -8.640547 1.3600833 0.45934027 1.4228973 1.764574 1.9370023 -4.186579 -1.8126675
granddaughters -6.0773363 2.0755289 0.049821842 -1.840809 1.7704394 1.4408383 2.9354446 -1.0137167 2.4084625 -2.0785413 1.2577577 -2.998366 -2.0984068 0.34761626 6.4332266 -2.658173 2.7407722 0.5277065 -5.2927103 -5.5100775
eloped -8.302253 1.2561738 -0.89337945 -1.8399509 1.7511208 1.3408858 -0.9097938 -1.0474577 -0.08241224 -4.373781 2.044152 -6.2183495 -1.4689144 -0.05259177 0.17419079 -1.746588 1.5584093 -0.0059865536 -4.3899627 -2.0122147
innkeeper -4.585866 0.5897344 -0.7478389 -1.1953424 2.2517028 2.5755992 2.2750242 -0.1579374 -2.7031007 -3.8764482 5.3045163 0.44963607 -0.03550817 3.5660727 2.1349492 -0.82328343 -1.5651106 -1.0433367 -3.1136148 -3.027902
remarriage -6.0311217 2.711006 3.5486677 -0.22768179 0.71986115 2.675194 -0.037831742 -1.1365055 4.0224466 -2.7315607 1.4760795 -1.7825905 -6.362687 3.8682644 0.40629557 2.1300511 0.5392418 3.2850804 -4.8486743 -1.9437182
newlyweds -2.6290336 3.3286803 -0.53363246 -2.3903265 0.6638344 1.5496217 1.8359892 0.7676404 -1.4913837 -4.9096246 4.233105 -1.7444191 -2.5635927 1.2267116 -0.054195497 -1.3028896 3.2847676 1.7619593 -3.0899003 -0.9924735
foundling -3.794898 3.6593611 -2.0688493 1.1500081 -2.111638 3.4297922 3.9387252 0.6520413 -0.51788026 -6.1918755 1.4215415 -0.30048648 0.051887512 3.4578679 1.7972507 0.53389555 0.8423045 0.0041565653 -4.885444 1.3111719
fiance -5.453393 0.8753056 1.8975593 -2.869728 2.803128 0.91383404 3.5850632 2.6446443 -3.26138 -3.4104195 4.489592 -2.9718823 -3.236088 -1.3997964 0.99225444 0.49076384 2.301361 -0.5763767 -3.5233274 -0.4773494
confidante -6.4051514 -2.2949703 1.573686 -0.6128504 2.8975704 4.7975016 2.3420947 3.896844 -0.39251277 -2.4894664 3.0041785 -2.059605 -2.4604955 0.5728391 0.99463356 2.8718817 -0.2310851 -1.16629 -3.8414404 -1.4153451
stepbrother -6.1689057 -0.14912142 2.7572072 -1.8868734 3.6153164 1.7416221 1.6547006 1.1177549 -1.1808733 -1.2688715 4.4461026 -3.4278708 -1.3715264 0.078146614 1.2769523 0.28975955 0.76263976 -0.8967798 -3.0033638 -3.188218
pensioner -5.306153 0.5646291 -1.7811803 2.123984 1.8092077 0.48057723 0.7119412 -0.63750416 0.9623318 -2.7033205 1.656209 -2.2803621 -2.4150052 4.2255898 2.9643393 0.0016683753 1.1361923 0.33680505 -0.7865055 -0.63207614
infirm -4.606798 4.062923 -0.63734597 2.3871973 1.7085543 3.7206833 3.9886518 -4.3678346 2.274767 -3.6074777 2.792612 -3.9551866 -5.1919236 4.630186 1.9384309 0.82518417 1.4455277 1.9105107 -0.26331738 -0.06571377
stepchildren -5.58964 3.9495528 3.2251644 -0.63374513 0.6338142 -0.5036439 2.791925 -1.2320498 4.3849816 -2.4524813 0.21538721 -3.475339 -3.0239334 -1.205662 6.097251 -1.0985543 0.6916219 -0.55316025 -4.532184 -5.7467227
brigid -4.271585 1.650835 -0.06853129 2.2223053 1.2593296 2.2422705 2.367625 3.183175 1.1034611 -1.6626229 1.0535457 -1.1751932 1.9862431 -1.3961998 2.4520936 -1.355952 1.406627 1.4017519 -5.6012344 -5.847165
milly -3.6268544 0.91652733 1.8861148 -3.0367632 0.9406485 0.3120333 2.5963795 1.642735 -2.6940098 -3.8167617 2.337551 -1.6663038 -2.0460484 -1.9072964 0.70999944 -1.2351468 0.86314714 -1.0032297 -4.7290406 -3.5243745
fiancee -5.54769 1.1897343 1.4191527 -2.8442936 2.32408 0.3681784 3.4367557 1.9033906 -2.7155745 -3.2679725 4.351657 -2.856985 -2.4038208 -0.64654994 0.8303592 0.60715306 1.8861465 -0.87609774 -3.7658064 -0.6768753
boarder -5.3379774 1.6779901 -1.2195798 2.266039 2.041182 2.50831 -0.051741805 -0.9464211 -0.41391477 -5.322727 2.3990157 -1.1309621 0.07536911 0.80357474 3.4741821 -1.0668536 4.35549 -0.31513056 -0.7468164 -1.4910522
adulterous -4.1835504 -1.4611347 2.5016973 -2.2611969 2.2488265 4.527205 4.1909447 0.8537988 0.950278 -2.5323884 2.138699 -2.8954628 -4.715633 -0.097745426 -1.8333757 2.628226 0.67324084 1.0735567 -5.027218 -2.6719058
bereaved -2.7803783 1.3416644 -0.24459477 -1.2225977 0.5433618 4.14992 4.618507 -2.2326882 1.0546029 -3.0952044 0.18182299 -4.645953 -5.764949 1.1987147 -0.27586338 1.7748295 0.40998793 2.3284261 -2.8683994 0.57971865
godparents -3.263197 1.2557766 1.524639 -1.2193983 1.1834465 2.0499008 0.45876762 -0.55741805 0.4458409 -2.331172 1.8924482 -1.8756604 -0.2140332 2.300494 3.903725 -1.3020902 2.294173 3.0277438 -6.7476993 -1.9808227
disinherited -5.385254 -0.38873398 2.4891841 0.077927366 2.547919 1.7007356 -0.530889 -0.05623894 1.7153367 -0.66568846 4.1361227 -2.131101 -2.3463156 5.7404227 -0.7038382 2.9258993 -0.9428768 1.8559864 -3.9093537 -2.6434007
stepsister -5.5063972 1.1534445 1.6775362 -3.440361 2.540194 2.562161 3.0772157 0.8140616 -2.1149223 -3.0799906 4.073365 -1.0957198 -1.0699733 -2.21731 0.76591253 -0.6108843 2.610029 0.48803106 -3.6011124 -3.0317667
surnamed -4.6188173 -3.696848 0.40414926 0.21380846 3.672749 3.7506065 1.0372488 -1.7229526 1.8700664 2.0911603 1.324139 -1.4061092 0.29960078 1.4390782 0.5368009 -2.0452926 -1.721176 1.9140962 -5.1245723 -3.2025092
unhappily -2.9001486 0.009504487 1.5212739 -1.8179332 2.2174006 1.7143378 1.5758915 0.7048707 1.0896019 -4.1440697 3.9647806 -1.5190058 -2.6317482 0.22470978 -0.8101303 0.8974092 2.3251147 -0.5534037 -1.942292 -2.1694782
widowhood -4.2354274 2.8183432 2.2365873 -0.46965256 0.16283664 3.8690548 -0.02560871 -1.8593152 4.682741 -1.6903483 3.027738 -2.5775754 -3.2591324 3.793392 -0.5116585 0.4931187 2.3046062 1.2500491 -3.6891668 -1.60374
unwed -3.3266473 2.420831 -0.08900473 -1.6935107 1.7005668 3.6554694 1.9282067 -2.457169 1.1887743 -3.935535 2.345249 -1.7281395 -4.3912177 -0.44759732 1.7335039 1.0939422 1.194301 2.8740375 -3.838145 0.20057279
housemaid -5.3082547 0.91248435 -0.7183099 -2.0301654 1.7096182 3.093596 3.815349 0.7121821 -0.90452844 -3.6471357 3.0966277 -1.2984487 -1.9545523 0.3286332 1.4651198 -0.49999335 0.7145768 -0.28330427 -1.7222188 -1.2301464
manservant -4.7841926 -0.73448414 0.020115696 -1.5207796 2.201522 2.1939533 5.3568254 2.5314736 -1.6660857 -1.7090106 3.2494218 -0.52974826 0.65708345 1.5107812 0.75068915 1.5436112 0.47272003 -0.20651832 -2.1083808 -2.7026672
englishwoman -5.2001185 1.2587032 -0.69040775 -0.6081219 1.5206227 3.251794 0.83504266 0.85168356 2.4090724 -2.4409437 4.4337053 0.08669741 0.58452064 -0.43305653 0.50855595 -0.11968846 0.66396743 -1.70075 -2.941314 -2.0377405
footman -5.3492737 0.28713298 -1.2764641 -0.6721634 2.3032491 -0.86266744 3.853757 0.74799633 -1.2330554 -2.0999725 2.9998233 0.4942788 0.4407049 2.5494626 2.239961 1.0565904 1.1935718 0.44626692 -0.67736214 -3.0935388
fathering -2.914437 -0.4422675 1.231473 -2.1791096 2.368464 2.048395 1.4851681 -2.922378 2.728418 -1.2297115 1.3542022 -2.794069 -2.3764648 -1.0122484 1.5053408 1.4999124 0.43186942 0.6898375 -3.0764587 -1.8544636
stepsons -3.321077 0.76457137 1.8693087 -0.5034765 1.9006633 -0.45318636 2.597787 -0.40981317 2.3995066 -0.84664017 1.9582657 -2.9888575 0.00814138 1.4086932 3.844609 -1.3646115 0.3356365 -0.16571021 -2.743328 -4.0940146
fatherless -2.9145427 1.4257694 0.5620991 -1.2216895 2.2706802 3.129082 1.8012687 -1.3701001 1.4913179 -3.5257847 3.3186548 -2.6583474 -2.6312795 0.08970648 0.57571924 0.5926334 0.99761623 1.5208286 -2.237656 -1.0200623
maidservant -4.14078 0.09099485 0.8389281 -1.2526064 2.0628583 2.7669823 3.9741666 -0.41389075 -0.9880312 -1.4612653 3.1221356 0.111216515 -1.4803603 2.4916027 0.64850545 -0.980686 2.2717052 1.930798 -3.6218846 -1.7931457
marriageable -2.7221696 0.33075422 -0.20782709 -1.5268602 2.722625 3.1536102 0.4941351 -4.7547226 4.105813 -1.7002472 2.106214 -1.3000667 -3.7457001 1.1322199 0.9900634 0.35696065 3.406097 3.4235346 -1.0957372 -0.82006264
moneylender -4.514466 0.5181774 0.40590388 -2.4519503 0.41833955 3.681529 1.0130192 1.126271 -0.49270606 -1.2638623 2.3313086 0.37476993 -3.7387342 2.5848503 0.35558087 0.21816075 -1.1583526 0.51528376 -2.5215251 -2.424685
governesses -2.976765 0.26242605 -1.6633602 0.02401048 1.3227707 4.111906 1.1328348 -2.0275564 2.9921734 -4.599649 1.7233661 -0.79580593 -1.7122011 2.3137383 3.8452733 -0.2705389 1.4080404 0.19983834 -0.8101053 -0.23801999
stepsisters -2.8438418 1.0230607 0.9998856 -4.0576053 1.9342568 1.5969695 3.3218691 0.8465733 -0.72827405 -1.9774586 3.224256 -1.8889793 -0.90024745 0.030342657 1.5941052 -0.6732157 2.6137688 1.8347315 -1.756598 -3.7810075
stepdaughters -4.093051 1.9953268 1.6212667 -1.4284192 0.7306423 -0.4545492 1.928627 -0.87114626 0.9228924 -1.5633304 0.7449311 -2.4903643 -1.8297174 -0.42243704 4.5147495 -1.703476 0.9393252 -0.58478343 -3.0558333 -3.9999638
motherless -3.7317786 1.780331 0.735035 -2.0531783 1.3653884 2.4109845 1.4161512 -1.2477188 0.901065 -3.8592067 1.709396 -1.0413036 -0.6999974 -2.456228 0.39798415 -1.4474754 1.8859364 1.9164522 -2.3263068 -1.6460271
stepmothers -2.9220304 0.81287086 1.5697001 -1.8443033 1.4537035 2.0572388 2.6617239 -0.25864708 0.14859585 -1.5513457 2.5403724 -1.4489225 -2.4198499 0.40807196 -0.27098146 0.73670053 1.1587968 1.3122244 -2.2355702 -1.7020593
laundress -3.6926763 1.0420957 -0.8421105 -1.0778197 1.6447499 1.7634768 2.226359 -1.4839512 -0.26663402 -3.11202 3.2474244 -0.5194718 -0.5277963 1.0541896 2.0563114 -0.24678445 0.005962463 -0.66853344 -1.8798356 -0.50211376
heiresses -2.1917398 0.5179366 -0.9500882 -1.2665055 1.4248224 1.7192787 -0.11646321 -1.0148143 2.4887414 -0.41443253 3.2014983 0.19388668 -1.9387398 2.8816192 2.429478 0.1378346 -0.46875 0.40653163 -2.9945357 -4.7291117
nursemaid -3.7051177 0.49221283 0.040472545 -0.9658271 1.903085 1.9803528 2.7287843 -0.39866152 -0.9896561 -1.8292955 3.2633617 -0.7763825 -0.4106127 0.775658 1.0055898 -0.39025307 0.91685456 0.06114589 -2.2622132 -1.0608917