Centroid_87 0.7063995887765715 -1.6482959960952388 0.06966329204761905 2.10115610852381 -0.03867814526666662 7.333177315523807 6.044526793333335 0.7252386116895237 1.9251050151428566 -0.11067404554285716 -0.0685813616190476 3.1361502435619046 -1.9675776021428582 2.352642122380952 -1.6288123409142858 -3.424925538380954 6.027071879714283 5.024280649238097 -1.3974265221523798 0.6212738566095236
temple 1.1519946 2.3581743 -3.3252509 6.4924135 -2.3960319 8.511552 9.78738 0.5100488 -4.2179513 0.2852684 1.6422563 3.2858846 0.86308306 7.83289 -1.8697559 -5.976704 8.526475 4.8489966 -5.213158 -1.3632199
traditions 5.792327 1.3103561 -1.4479886 5.6233177 1.5144949 12.140755 5.062266 2.3071666 7.837885 0.044840787 3.5745747 7.287884 -2.4513736 0.6728009 -0.6347907 -2.107792 0.20210317 7.591894 0.91771317 -1.1837975
sacred 3.1227543 3.0079825 -1.0421331 4.024141 -0.35719195 7.971724 6.276576 -1.9222949 0.9377122 -3.1468105 1.2022003 1.750663 3.2634099 1.3327898 -3.5579116 -0.25683415 6.3296638 9.799599 -5.973438 0.8638755
buddhist 3.6160698 -5.824428 -2.5679193 5.1421213 0.934014 13.66885 7.0839667 -0.97970974 5.149489 -2.20816 0.09047116 5.222149 -0.8482298 4.1413903 -3.5203059 -3.405019 4.887233 5.995362 -2.6330724 3.8458622
temples 5.934243 1.6311382 -5.7129045 3.3847136 -4.356744 12.614927 10.557561 -2.344672 0.7504461 2.7232528 -0.35915557 2.5538418 -2.7874982 9.470828 -1.7452042 -7.844055 5.509468 5.474891 -0.6771287 -4.272226
shrine 4.0205455 1.280181 -4.136374 4.394221 -1.2639618 7.6740513 9.12086 1.9507632 -4.0730743 2.5452218 1.8936434 -0.042763773 1.2517713 5.6389213 -0.4020189 -6.5485487 8.755005 5.661248 -5.939388 -0.7233776
buddhism 3.1670272 -5.054337 2.2974749 6.2457175 2.0767972 13.997722 4.76599 1.2958363 7.946051 0.49370807 3.3815866 7.4841166 -3.3654823 2.5322666 -5.7218056 -4.900069 4.99129 4.499226 1.2482852 4.9297466
guru -4.6113143 -3.4334602 1.6980971 1.1419728 0.13107114 8.264114 6.8782744 5.7619853 0.39589983 -2.4692044 -1.6296383 2.7135186 -3.461754 2.1705878 0.5771382 -3.729142 9.368901 3.250242 -0.5110426 0.38727388
shiva -2.2700253 -1.3666773 -0.20530403 -0.42340302 0.47019333 8.195156 12.426395 3.1419013 -1.7625879 2.530585 2.0807657 3.7083125 -4.123237 4.2859697 -2.7647474 -2.8941243 11.793656 6.57276 -3.169563 -4.9258084
deity 1.4530727 -2.4666796 -0.101371154 1.0933264 1.3295916 9.734806 12.952446 0.89927614 0.6255487 7.3147097 1.5658011 6.0074906 -1.2544211 2.9516215 -3.246575 -1.9994295 8.1221 10.249768 -6.965813 -2.354522
buddha 0.87625986 -1.2060844 0.6136548 0.79372644 0.01927414 8.69921 10.888312 0.6233566 1.8348147 1.111277 1.4535335 5.313059 0.35060328 4.2238917 -3.094161 -3.853747 11.398305 8.359302 -3.8274755 -0.056613944
rituals 5.6476727 2.648777 0.31971502 1.446763 -0.39284632 10.30467 12.9569 0.28379852 5.5673985 -1.9669437 0.9488131 3.179842 -5.277216 2.7870824 -0.46935615 -3.244338 5.499821 9.912006 -0.43342817 2.3734887
prayers 1.1445438 2.8133435 2.2793462 5.1169996 -0.27446786 2.6528804 10.65228 3.050192 3.398466 -7.149772 -0.67463726 1.0323869 -6.7156487 6.1195545 -1.3832431 -5.40683 8.497821 10.082754 -1.8882262 2.0631444
yoga -0.5698345 -2.3732681 1.6278937 0.41741276 -0.20788187 10.795624 6.631395 0.66729474 0.91043335 -3.3836343 -3.044707 5.673235 -0.27720687 -4.064297 1.6406982 -1.315512 8.967218 4.4070234 2.0606294 5.4352875
meditation 1.026737 0.43014467 4.714525 3.3172424 -0.46306354 11.566329 7.6552176 1.0758109 2.0854833 -5.0985184 -0.38574532 3.1443164 -0.68420535 -1.4480994 -2.9190242 -1.4396677 8.88711 5.3763556 2.1998327 5.748274
deities 6.617623 -1.3379816 -1.7468781 -0.52113366 0.5005379 9.824861 13.771261 -0.06616887 4.6824975 6.5733004 0.91081923 3.751788 -2.132412 2.5064297 -0.31085354 -3.0086503 6.216223 9.640192 -4.690602 -3.867204
hindus 1.0084277 -0.881535 -4.0320463 5.37515 2.05706 6.759736 5.7573586 -1.2404262 5.935263 0.41677597 0.88424623 0.4693494 -13.097735 3.4186587 -5.226114 -6.579526 2.4138 7.1814556 1.0918679 -2.5413845
pilgrims 2.8597343 3.8230813 -5.26563 2.5486348 -0.98585033 5.9274254 5.4948645 -0.003612327 0.6722628 -3.342838 5.1598625 -0.40626046 -5.1994076 6.7819643 -3.9582272 -4.1282544 7.1087737 3.7608497 -1.426796 -0.97731227
rites 2.8051944 2.6378448 1.5518403 4.1941957 -0.3493811 5.342785 9.103865 1.5681602 6.2374716 -1.3113408 1.5014253 1.7029043 -3.259032 5.606973 -0.7214441 -3.8432052 6.2236724 8.19101 -4.1668687 3.0272832
hinduism 2.0957959 -3.06655 1.090466 6.02423 0.5169449 11.965198 3.491175 0.0053535164 6.8649487 1.3666314 -1.2501509 5.9974165 -5.4383636 -0.044044714 -4.445999 -4.198104 4.332455 6.6911683 -1.485634 -0.86035866
shrines 6.257777 0.87749994 -5.2694573 2.2853563 -2.8552365 9.835532 10.274067 -1.6954529 0.44513816 3.052323 -0.7437957 0.75788796 -2.1918497 7.6238403 0.2714697 -7.5153913 4.8695045 6.983137 -1.7253948 -2.3832445
swami -4.9323664 -4.016937 1.3300364 5.083108 -1.748259 9.934115 6.59068 5.55721 1.0698328 -4.935681 -1.2158066 3.5333793 -4.7590857 4.047918 -2.1907232 -4.6390514 9.975451 -0.64479154 -2.734973 1.8990479
mecca 0.8151189 0.47841293 -3.3267667 1.7459135 0.64112824 4.028417 3.5121582 2.9409804 0.7110372 -0.9245328 4.277581 -2.6065 -5.676624 2.782526 -5.898319 -7.694164 3.9780934 3.2885082 -3.1149378 2.4954934
devotees 1.188158 3.2307835 -3.1557126 -0.33642876 -1.0576499 8.199337 8.792024 0.6757832 1.125539 -2.3289962 1.387271 1.7057977 -8.964795 4.6979256 -1.627143 -4.5725603 9.914761 8.783577 -0.19964546 -1.1535926
dharma -1.9626034 -5.7422934 1.6240182 1.2639425 0.75203466 7.61517 5.866392 2.1024773 -0.3099247 -0.7908014 -2.2166245 5.3036346 -2.797382 0.5670828 -2.4223747 -1.152196 7.403799 4.2975364 -2.2710161 3.024383
scriptures 0.74263954 -0.19428417 4.357672 6.513158 -0.7071179 6.0655165 9.32681 0.68392026 7.402021 -3.4158516 0.13369162 7.1750784 -3.2992315 5.4872236 -3.6930885 -2.9584298 4.933922 6.0186467 -3.202152 1.4441305
vedic 0.651855 -5.0144978 1.7562829 3.495736 -1.0758328 11.413359 4.35938 -2.5268476 6.6368713 -0.1817652 -2.0205305 6.5852375 -0.2456871 2.1253855 -5.043881 -3.7033095 6.8818665 4.083796 -2.1787345 0.4424754
castes 5.698555 -4.609849 -5.209046 4.3997164 3.3549242 4.112221 6.1023674 -3.4095416 4.288521 3.3553479 -1.1154232 2.3851438 -15.561313 3.6206172 1.3588346 -6.0074925 5.9492397 6.1857305 1.0266557 -4.007351
pagoda 2.0568318 -1.4992872 -5.3273554 1.3958752 -1.4946474 4.9250126 7.5538936 -0.97003424 -3.9676423 2.8189547 1.4902843 4.535913 4.397935 7.989148 -2.0887473 -7.3292623 4.9870787 4.5190816 -0.60319597 -0.31208402
devotional 0.6481892 -0.2717991 1.614232 1.7872504 -2.732997 10.030554 4.10522 2.103336 5.4779673 -6.87296 -3.611767 3.493394 0.70066804 2.0688386 -2.052194 -5.0564623 3.6541142 6.883236 0.12982765 -2.2228518
buddhists 2.0285013 -3.3889027 -1.7857374 3.8943753 2.3851528 7.257424 5.255758 -0.28961006 6.3675 -0.06697505 1.172443 1.4798393 -7.591324 2.9342306 -4.191702 -4.0523477 3.1702807 6.2985263 -0.4790152 1.8296603
goddesses 3.291501 -0.6669832 -1.815025 -2.347201 1.138603 8.083241 11.0073595 -0.5513993 3.5948763 4.2002506 1.8332419 2.1033266 0.49389312 0.91205233 0.16063553 -2.85793 6.275891 7.702911 -4.8128686 -4.3102503
sutra -0.51830524 -2.946128 3.3874247 -0.30041912 -1.8784556 5.93935 7.029073 0.9624389 3.1799006 0.76001734 -1.030211 9.964987 2.976698 2.3349056 -3.934594 -6.1098857 9.139554 6.935653 -3.6772375 2.2002883
ashram -3.3058417 0.80971915 -2.5988235 3.9200635 -1.3128127 11.13114 5.94034 1.5582023 -2.737822 -3.4828477 1.2122214 0.59198534 -6.7678094 3.1229622 -0.5540408 -5.899556 9.06044 0.31459653 -2.1762702 2.2857475
ramakrishna -4.660144 -4.638216 0.46240497 5.330427 -0.73557097 10.721122 6.008416 4.3217874 1.1725764 -3.9387066 -1.8329408 2.5538592 -3.5206742 4.4801784 0.16106607 -2.9623363 8.55301 0.11898118 -0.9833674 3.7809181
surya -4.0861535 -4.813172 -0.008220812 -2.7173169 -0.8642047 5.670782 6.0809116 2.3605714 -2.2342062 0.4554766 -1.9658803 2.3064804 -4.317806 1.2081355 -1.4420782 -3.5024388 7.814435 0.8324519 -0.77650565 0.15622668
mantra -1.0625048 -2.6389856 3.4001517 -1.031794 0.7505607 4.06652 5.8069806 3.208425 0.09353844 -1.2629328 -1.114084 5.76557 -0.9860394 -0.22295125 -2.0814817 -3.8935785 7.0137973 7.017282 1.2021965 1.4184991
siva -4.540091 -2.8993456 -0.19873188 -1.921773 -0.53192776 6.7732267 5.533047 3.3698347 -2.385678 0.87395865 -0.34894642 2.6823528 -3.3666558 1.9530585 -0.5636531 -3.6874945 7.6970983 1.9863396 -0.4447987 -2.8391843
brahman 0.58719623 -3.965616 3.5774238 0.89317924 2.2134767 7.8131714 4.339117 0.35417518 1.2619264 5.079384 1.483219 7.481413 -4.642324 -0.8725342 -4.906981 1.5165861 9.623345 7.241177 -3.5243738 -1.183464
buddhas 2.479552 -1.7782208 0.59413904 1.6116117 -0.021574743 7.731878 9.0072565 -1.4060874 4.1977906 0.578369 -0.41596508 1.8275802 -0.6691121 3.592655 -2.1240742 -3.5714047 9.569491 6.5567713 -2.8076446 -0.35429102
feasts 4.494705 3.5406768 -2.722414 1.2216983 -1.3078749 5.1088305 5.319608 1.0325326 4.8389754 -1.8260678 0.50231415 1.272297 -3.521257 5.5077643 1.8646111 -4.1288815 6.3212495 9.016756 -2.4824495 -3.4026368
abode -1.6710932 1.0670809 -2.8361008 1.7952641 1.1914679 4.39013 4.748016 -0.84533453 -0.61806786 1.8240666 3.3873153 2.934112 -4.0091505 4.723524 -4.2242856 -1.0050453 7.3723416 7.633563 -3.9001768 -0.68868136
acharya -5.8485975 -5.3259325 1.4340085 3.8308594 -0.8004841 9.464482 2.8792605 4.271659 1.9793777 -1.1109141 -2.9420426 3.5222268 -4.572847 2.5260906 1.4196097 -5.0697546 7.277397 -1.0358706 -2.446294 0.22429582
shinto 5.138935 -5.922988 -2.9097307 0.8881671 0.93913835 8.761413 6.1465926 -0.700464 1.9114376 0.3511274 0.12742488 3.176332 -0.41867325 4.2344785 -1.1556584 -2.7782195 3.3857384 6.2119823 -1.6628736 5.959933
sanctum 3.130698 1.4984077 -0.011684585 3.8592095 -3.367506 4.790582 10.401378 4.067539 -5.658126 3.953225 -2.248772 1.1058658 1.978153 4.1686554 -1.2269698 -5.965828 8.547131 6.449509 -0.41340154 -4.1620398
sages 0.81196094 -0.7048397 1.161073 2.0912611 1.737778 4.967533 8.19235 -0.24128607 5.0706363 -0.77496 1.7119607 2.4345782 -2.0925632 2.943993 -1.0926937 -2.1026468 5.733314 5.874252 -4.8274746 -0.33311555
stupa 2.6065183 1.1761386 -2.416206 2.7606053 -4.0888143 9.100642 8.068417 -1.3724207 -1.5640159 5.999726 0.9895031 4.416805 2.7036228 8.911118 -2.279745 -6.8637505 7.8677115 3.9607728 -1.0336925 -1.6530315
shabbat 2.268237 3.5372205 0.2966691 4.0299726 -1.6540653 -0.42658037 7.689808 -2.2983859 1.5586522 -8.3566475 -2.9882097 2.2672403 -5.9942007 2.0719664 -2.3840868 -7.534063 4.373626 10.020961 -1.0295546 6.968874
taoist 0.49809906 -6.023307 -0.2887973 1.0603276 3.0655482 10.175275 5.8161597 -1.1926006 2.293042 -2.1852436 1.5280857 5.826695 2.1226792 1.4445001 -2.826626 -0.36733985 3.1952257 6.363088 -1.7699703 4.170446
recitation 0.19901462 -1.85276 3.0075533 3.428113 -0.4666866 3.0410333 5.7337523 3.1351266 3.755724 -5.0999513 -4.0826087 3.0051525 0.087484516 1.5693845 -0.3361616 -4.3135915 6.2069774 6.841598 0.93406236 0.34558615
mela 0.020409217 0.7533777 -3.3001657 -0.6006017 -3.7882931 8.09286 2.3166487 3.4454017 1.5148965 1.0549598 -1.6058878 1.3244174 -5.499543 0.652279 -0.33987832 -8.243648 8.10768 2.740705 -4.8181357 -2.169619
auspicious 0.4328529 -0.83866304 -1.9424045 -2.2492106 -1.0308393 3.4539661 3.319252 0.35972145 4.119181 -0.45988262 0.6326792 2.9156413 -1.4503483 3.7614367 -3.3621902 -2.3763204 9.280269 5.755676 0.040156804 -1.0334706
worshippers 3.5324266 1.8191463 -2.2820039 3.3078299 1.1126922 3.6004274 7.741712 -0.117358774 -0.4793047 -2.342693 1.5575124 -1.0922376 -3.000096 4.672557 -1.582708 -2.3353293 4.319611 7.903765 -0.2575206 -0.27875444
theravada 1.9488087 -5.5474067 0.008620239 5.1262817 1.4317932 9.761233 1.9766167 -1.878545 5.7608156 -0.5362645 -0.97242165 4.132929 -2.1271815 1.6269763 -2.3693743 -3.5090582 4.621721 4.7126045 -0.8942291 2.5323439
mahayana 2.2986147 -5.541493 2.105598 3.8602152 0.2604736 9.853637 3.0817573 -1.3772385 4.7589636 0.40804 -1.3391626 5.206302 -0.093312174 1.5621388 -3.3224828 -3.2685802 4.9433823 4.318531 -0.63809973 1.7488114
tantric 1.5725533 -2.9732778 2.1558168 2.0711017 0.6847352 9.392384 5.7713604 -0.11517645 2.5746336 -0.9642106 -1.163609 3.858924 1.3659695 -0.10783475 -1.5543371 -2.4711897 5.3363314 5.788621 -0.13514414 2.6814015
divination 1.4984541 -1.788895 1.53571 -1.9442066 0.33975473 7.0583224 9.105794 -1.7952008 4.09468 0.28768313 1.3251855 6.393729 1.8012725 2.3815095 -1.673512 1.3957105 2.7767608 6.325073 -1.6997634 3.003535
upanishads 1.6870105 -3.5121896 4.7962365 6.8019247 -1.9321262 8.671105 6.2948494 1.5134746 8.82011 1.5633737 -3.1341586 6.6633654 -1.1940697 0.7515841 -1.693037 -6.0869164 7.430164 1.4911454 -2.4148357 -4.5674906
pilgrimages 4.5577774 3.2852983 -2.205227 2.216071 -2.3976493 7.818748 4.2959824 0.8200339 3.6005902 -1.6736983 2.3834448 -1.3837482 -4.7176933 5.415527 -1.4262923 -3.9995744 5.7570815 3.6707852 -3.1901245 0.10815533
sutras 1.0982366 -3.2531953 5.007793 2.3334424 -1.5893351 7.3927374 7.5558443 -0.20063367 6.0223565 -0.016823549 -1.9155946 7.2164726 -0.049709942 3.2966383 -2.105418 -6.1672764 6.7617164 4.2848315 -1.7738851 0.70227665
taoism 2.4885232 -5.094605 1.7854513 3.114395 2.0683618 9.751768 2.8380764 0.22582951 4.330267 0.10204167 1.7010821 6.216676 0.5027302 0.20157945 -3.8308742 -1.5904673 1.856798 5.156766 -0.08134817 4.102649
tantra 0.16828291 -4.064683 2.8808038 2.7086742 -0.46079552 9.58822 7.3857975 0.39252514 4.2010856 1.5872813 -2.420089 6.492846 0.30828404 -0.6556474 -0.95375943 -3.751812 7.506776 3.799021 -2.045851 0.85854024
nanak -4.004128 -2.8629334 -0.60260653 3.8000638 -0.6388343 8.594946 2.0568182 3.0143278 -1.1499847 -1.5390214 -1.6529961 3.324761 -2.647188 2.2546403 0.105508626 -4.9697313 7.7581954 3.2886145 -2.4507747 0.3557104
bodhisattva 1.1668724 -3.8980472 1.0113521 0.57169324 1.9713148 9.197903 7.1144004 0.14480245 1.1284643 1.8687316 1.6427491 4.1773677 0.88337916 2.3693602 -1.1265504 -1.4988211 9.7632475 6.785229 -2.6464105 0.7480468
worshipping 0.24509083 0.2192712 -2.3077242 1.1051745 0.85310715 6.48257 5.4469547 -0.2032316 0.19907841 -1.4609543 1.1055617 -0.15877041 -1.2815268 3.1919572 -3.5173948 -1.31684 3.9781508 8.10663 -2.3192084 -0.619568
samadhi -1.1392784 -0.47436136 1.5453807 3.7072542 -0.46126276 7.388138 5.007419 0.93155867 -0.25908542 0.70497847 0.4578451 2.6373322 -2.558647 2.4443307 -2.58816 -4.0329003 11.796158 3.7554724 -1.0313249 0.68956864
darshan -3.6620188 -2.2427914 -0.5838043 -1.042212 -1.3681027 5.7062626 4.0852566 4.2649484 -0.7627961 -1.9065741 -1.8269086 2.499004 -4.9253993 1.597613 -0.16200659 -5.1466393 9.106351 2.8206074 0.550195 -0.4804383
worshipers 3.4956243 1.7228606 -2.2254622 2.6000888 1.1089671 3.3244028 6.6574135 0.06889293 -0.325278 -1.8547192 1.6671721 -1.6190841 -2.9684808 3.2637715 -1.441968 -2.6569402 3.270694 7.070541 -0.7471794 -0.03374443
durbar -2.784222 -0.16722092 -6.229745 2.1116366 -2.9644387 4.9674788 4.0292845 3.930773 -1.1947689 1.9033535 -0.46237326 2.2474985 -2.4151654 8.400199 1.3520619 -3.9123764 6.605238 3.2259614 -2.5119848 0.17988767
ritualistic 2.8394203 0.5955765 0.7874956 0.5393971 -0.1311984 6.943946 7.30105 0.38532376 1.7781817 -0.92206407 -0.5436902 0.61052746 -1.546023 1.0674682 -1.6171975 0.78481907 1.5699754 6.5267744 0.20586751 -0.260677
zoroastrianism 2.4357853 -1.9942404 2.5495389 4.0465837 1.0541974 7.4288726 2.3227446 0.237308 5.6491637 3.09399 2.409901 2.5871792 -1.1324835 2.222101 -5.091475 -4.474813 0.6355732 5.2107916 -2.9719198 1.0300645
daoist -0.48290122 -6.2191596 2.0726366 1.2028496 2.5748718 7.9572005 5.2607985 -1.9361181 5.0465374 -0.993208 1.5006051 7.144648 2.1360047 2.600432 -3.6086066 -1.5314445 3.0349553 4.7970743 -1.7447853 3.777641
mantras 0.31107974 -1.786245 2.9055367 0.4322414 -0.01623454 5.7059684 7.2556863 0.744321 2.6566877 -1.1480619 -2.0312643 5.4803343 -1.4402746 1.8594111 -0.57906646 -4.9681897 6.712331 7.5843163 1.2674214 0.80600667
vihara -0.5143482 -0.27566388 -2.7770283 4.7344756 -2.6877522 9.235157 4.802335 -1.5523632 -1.0975516 2.1791656 -0.42850015 3.8088338 0.4519796 7.1187754 -0.19449332 -5.9777694 5.420563 2.0428329 -2.389915 -1.990151
nichiren 2.091862 -5.666551 1.3132699 4.2179594 1.8106443 6.455402 5.1876802 0.6630942 2.9268434 -2.7362614 0.16578652 2.1629827 -1.0353048 3.608142 -1.3490887 -4.5138144 3.6035502 3.706481 -2.578488 5.818145
moksha 1.2571095 -3.0937881 2.9952931 1.8398224 1.5941181 7.066434 2.6285162 0.98706347 2.304288 2.3205402 1.450691 3.742144 -2.4969475 0.05117624 -4.08398 -1.984403 10.490976 5.9449453 -1.5648211 3.010355
postures 2.4980605 -1.3453124 2.569266 2.168238 1.9931495 5.650539 9.6018505 0.907287 2.8130937 1.4142121 -0.9213343 1.0284908 -0.91806734 -0.104239695 1.4952127 1.0322299 4.322617 4.821405 6.031117 -1.2179041
sutta -0.6098284 -3.842549 5.7138457 2.4974597 0.30720797 4.764424 5.3361125 0.97728133 2.8425004 0.06552134 -2.610584 5.008707 -1.5765928 -1.087261 -1.7427489 -6.066993 8.2601385 4.314921 -4.7371902 -0.9076001
worshiping 0.54784405 -0.50811946 -1.6413769 0.64107984 0.53728396 6.1676674 5.50684 -0.22052744 0.09205014 -1.2514766 0.29579422 -0.012127193 -1.3784317 2.066563 -3.283797 -1.0685073 3.682082 7.1905317 -3.3925042 -0.028299952
atman 2.2338862 -3.7457955 5.6096444 1.9320287 0.5056397 6.665897 4.269274 0.5907867 0.25535205 2.8233252 -0.5537372 6.09375 -2.7284405 -1.5430069 -5.264244 1.5864186 8.9647455 6.763704 -4.359253 0.6916106
vajrayana 1.4499089 -4.5812807 0.44037625 2.933092 1.3342549 9.56059 4.0297585 -1.7461212 3.113673 0.7292404 -0.7429467 4.9356794 0.10407434 0.30760774 -0.60704356 -2.437329 4.4810786 4.4227815 -0.09236153 2.2150211
maitreya 0.21893255 -2.1416209 0.6286046 1.4335845 -0.2086353 6.332836 5.483774 2.556392 1.6692866 1.3430399 0.8143813 4.0795302 0.77052873 2.0482519 -2.4391994 -2.4720068 6.7472987 4.470617 -3.3310199 0.1694131
sadhu -5.090146 -3.6085296 0.19982387 -0.3883764 0.91737753 7.4290514 4.846432 2.5505478 -0.21634002 -1.2694011 -0.31656572 1.2487267 -5.088915 1.3322015 -0.7858981 -3.826662 5.6152754 1.2825599 -0.74859786 -0.66022575
silat 1.4270372 -6.3976936 -4.938642 -1.0907902 2.9838557 8.516229 4.8692584 2.719307 0.52952164 3.2785583 0.2024164 5.2291074 -0.9359674 -0.9857337 2.859751 -2.2645211 2.6713922 4.856241 3.5240283 2.1313026
bhagwan -4.720406 -2.7104406 -0.038152523 0.8501862 -0.65869695 8.30707 4.0257707 3.1772163 -0.87833977 0.8068908 -1.358736 2.041415 -3.348212 1.4834608 -0.11270761 -3.9894633 6.311256 1.5327936 -2.271431 0.20832618
meditating -1.420174 -0.31644073 1.4506363 0.96743935 0.8083777 6.702593 5.241462 -1.1862365 0.12317424 -2.3547938 0.88211954 -0.112340614 -0.44900888 1.0582857 -3.57229 -1.2033341 7.4725523 4.446361 -0.9233467 0.48767176
siddha -2.8770874 -2.907385 0.06965476 1.9214189 0.86080086 9.032627 6.620796 -1.5868144 1.9239093 0.20089374 -0.25514868 5.602134 -1.615042 0.035093393 -0.7303437 -4.3040743 5.152008 2.8184087 -1.1972858 2.7834637
sadhana -2.5749466 -2.3148656 1.1617395 0.1829825 -0.24621192 7.8152413 3.880926 1.7235937 1.2035159 -1.5429126 -1.3087765 2.7733529 -3.3679447 -0.6859387 -0.25938603 -3.7329457 6.427498 2.0737782 0.64139974 0.8992132
qigong 0.28518084 -4.51083 -0.22188562 0.2916771 2.001185 6.849439 4.356985 -0.90332764 3.2304735 -0.9103957 0.3657374 4.70132 -0.6786782 -2.3763103 -0.65617186 0.5198124 3.0903323 2.3675876 3.2303436 7.230105
kaaba 1.4102091 1.0555519 -0.4717457 2.941086 -0.529863 3.445695 7.1533084 1.5594174 -0.6087435 1.8154839 1.4666511 -0.99284166 -1.2523636 4.7742457 -4.323321 -6.083862 3.4240768 5.812338 -2.7501454 0.25928843
recitations -0.07201277 -0.60792863 1.0674702 1.3704422 -0.9652662 4.256435 4.1834564 1.5975708 4.198881 -4.8378806 -2.7511108 1.5379167 0.65161026 0.83964723 -0.058668062 -3.6227949 3.1223433 4.225588 0.7737662 -1.6699774
priestesses 1.9582715 -0.83896315 -0.8963514 0.49918622 2.391695 5.2990522 6.6391068 -0.5760579 1.4267823 0.29019248 2.5017583 0.090478934 -0.37453577 2.5128787 1.3560927 -0.8010976 3.5963259 5.184455 -3.8616557 0.06286922
yogic 0.37815732 -2.0979023 1.110917 2.4186215 0.1707207 8.785845 5.5166206 -0.37629047 1.5945723 1.2215105 -0.76548207 1.8207569 0.12642208 -0.41538876 -1.7523601 0.4778841 6.0048194 3.3599875 1.5154762 3.9118338
kundalini 0.34126276 -1.3642601 2.9841468 1.5590237 0.75765115 6.146506 4.832976 1.2530395 -0.10588867 1.1212667 0.38368154 2.6305509 0.3025306 -2.8015213 -2.3494432 -1.4189461 6.027522 3.4511535 0.5448173 4.5194063
salutation -1.3705592 -1.9819472 0.41839305 0.9933257 0.34234807 1.4341038 4.235401 2.1130161 0.54006636 -1.0531555 -0.95077777 3.3493366 0.55541426 2.8413866 -0.30797997 -2.883535 3.2407598 4.952301 -1.6155673 -0.43197897
tutelary 0.9167103 -2.6932619 -2.725648 0.68980116 0.81184053 6.501587 3.611572 -1.263266 -1.338444 2.70162 0.15144679 1.9028828 1.0219871 1.0499501 -1.0470872 -0.0647393 2.2240152 5.168131 -5.073186 -0.6191987
bhakta -4.511076 -3.4001336 -0.4077386 -0.39478266 -0.45624477 6.88527 2.9628966 4.0108194 0.18862794 1.2303296 -1.3861712 2.3297422 -3.1954079 0.0695858 0.4738269 -4.3903146 5.5951686 0.8081209 -0.54297435 -1.8817731
vipassana 0.079951555 -2.8883555 1.0041109 2.614367 -0.14954118 8.197196 2.0490935 0.5711099 1.4440855 -0.4292067 -1.2046976 3.2053387 -0.21345092 -1.4192421 -0.6660723 -2.3298562 3.8468144 1.9043608 0.36736408 4.85252
dhyana -0.00031687046 -1.932272 4.708762 3.0111172 -0.6668084 7.290095 3.7918694 0.5766962 1.7718936 1.154073 -1.6795948 3.4324684 -0.7560606 0.9077533 -1.2047261 -1.5680345 6.381612 3.4956343 0.57138133 1.7406583
madrasas 1.0661108 -0.8822376 -1.5570852 3.3054407 -1.1593409 6.7794228 2.3297434 -0.8378776 2.4925008 0.5040608 -2.1084535 -0.1581848 -3.5487604 3.7772713 2.3285701 -4.730174 0.8961577 1.3702888 0.92140067 0.5731857
initiations 2.3299656 -0.4452188 1.0183561 1.7295915 -0.38628066 4.093842 3.870555 0.10910745 2.7893207 -0.9015815 -1.1154492 0.23697734 -1.7759252 1.074123 0.31210598 -0.7277328 2.8215528 3.1064217 -0.7858461 1.0655954
bhava -0.5142996 -3.0865357 2.8080645 0.9916409 0.53512615 5.232126 2.4804509 1.7255734 0.56689143 2.3433607 -0.8419785 3.7800503 -2.0212755 -0.059009444 -1.9237281 -3.4224784 6.113413 3.5747042 -0.13315785 -1.2020859
prana -1.1878833 -1.2922 1.4865257 -0.067431435 -0.0577567 4.0576725 3.5676675 0.6677059 -0.68627286 1.2534217 0.3850274 3.5297341 -0.040134415 -0.61275 -2.2823267 -1.9875293 4.2568293 2.4478083 -0.13277386 3.3604016
asanas 1.2286109 -1.2725952 1.9626524 1.9410812 0.16485773 4.987193 5.9287925 -0.030586958 3.139659 0.50003976 -1.2106168 3.1693876 -0.428597 -0.08565532 1.1092726 -2.0567656 5.3778386 3.0213969 2.889799 0.55706674
pujas 0.2955042 0.25630596 -1.9325727 0.303894 -1.3687537 4.574477 3.8115776 0.74656415 1.0663127 -1.461455 -1.3603691 0.80656105 -4.1570024 1.9442003 1.4044726 -4.718126 5.4937954 3.2054296 0.51830924 0.22602305