Centroid_105 0.04873342239873417 -1.66090896465823 -1.6465212625569623 -0.23299605054113925 -1.5901053265063292 0.5179220353924049 -3.3738791212025316 -0.9228132251202533 1.898243736151898 -1.1210278618354432 -2.9140366827848094 -4.337758370443042 0.544398823170886 0.5351313287594935 -4.2820492624050654 4.54724170765823 -2.490603637645568 1.3752323973481004 2.843332616708863 -0.3739494184620254
made -0.52734125 -1.2203971 -4.125093 -3.750055 -2.6863542 -3.5025897 -5.1931233 0.7717863 3.6112726 -3.3173275 -3.5204117 -3.8806102 3.1730533 2.7844174 -2.3852181 5.441679 1.045935 3.36384 4.2624617 -1.6640134
led 0.5502364 -4.2794743 -2.9456086 1.5960941 0.2987869 -1.8928281 -5.1053796 0.8703569 1.56804 -1.2919006 -3.209687 -8.38497 2.390609 -0.7004286 -3.0754013 7.8661485 -2.5779653 -0.29704732 2.126803 0.7728822
leading 2.674961 -3.2117798 -3.1875772 0.616635 0.66583073 0.66237575 -3.2582886 0.6473369 2.7298946 -2.1685774 -1.4225309 -2.9920619 0.11022603 -1.6767758 -0.33155304 5.672313 -0.36601442 -0.53346914 4.1282516 -1.709253
involved 0.79320455 -1.876848 -2.878786 -0.9998139 -1.6874552 1.9752374 -1.1706698 -1.3386652 1.6569018 -4.467187 -4.1917696 -7.5220566 -1.9797164 -0.75084865 -1.335809 7.398412 -5.4839115 -1.0952507 3.8608472 1.423984
brought -1.7934333 -0.7558729 -5.2540855 -1.3712814 -1.2759321 -0.5370705 -3.3212495 -1.563206 1.8985636 -4.5678124 -1.6315358 -6.9393463 2.456783 2.8299863 -5.7128415 6.143893 -1.0010818 2.8868499 1.8981467 0.5124597
changed 2.387631 -5.991018 -4.025929 -0.82131624 -1.2873553 -4.0092273 -7.144831 -2.2152193 -0.23749824 -7.436667 -4.304923 0.9149324 3.2633939 2.6818476 -6.188287 4.7286777 -2.0036566 4.779915 1.5672385 0.04899379
supported 1.1659981 -4.304664 -2.8603697 2.4790003 -1.4113697 -0.9260013 -3.9532099 -0.21313204 1.2478259 -1.4567987 -6.6813483 -4.0735917 1.4509517 2.0889997 -2.0743523 6.173347 -6.3757176 3.9416845 1.3121463 1.1922385
gained -1.5636574 -2.6816885 -5.37852 -1.2713965 -2.3035023 0.5516388 -9.674838 0.4441358 5.2371907 -2.6172442 -5.233694 -4.2670374 2.4425743 0.095639974 -4.344448 7.733743 -0.23551396 4.5527864 4.6799254 0.4463446
resulted 2.332654 0.36003858 -1.6628485 0.53234273 -3.3172145 -3.7527406 -3.9186049 -2.0800183 3.664697 0.7056365 -3.3468943 -8.076686 -1.9958864 2.013874 -6.0731606 4.8464465 -1.6345148 0.06438984 4.7644243 0.031118007
showed -0.77072954 -0.9853636 0.88657767 -1.3769515 -2.3250678 -1.1094701 -1.3012198 -3.4972086 5.6503267 -3.6066773 -4.8777614 -3.4504945 1.1093074 -2.0364976 -4.5438056 5.7852206 1.5772659 0.87245685 3.1810694 -0.064955644
marked 4.6393204 -1.4629424 -1.8039422 2.0082855 -2.8665097 -2.4949057 -3.838379 0.5822761 4.470851 -0.28128314 -3.810843 -3.1006315 4.398391 0.6735091 -6.1074457 1.839844 3.571805 3.2121477 3.8088303 -3.477993
supporting 1.8827114 -3.3967512 -2.6217468 -0.57945067 -0.9101358 0.7890871 0.8567023 3.002007 1.2090814 -1.5296773 -4.508632 -3.2413657 -0.5931046 -2.18162 -0.58305556 5.0749726 -2.5513856 1.4136419 4.027259 -0.7158302
contributed -0.017300354 -1.4288356 -2.5343387 -1.0825475 -5.190953 2.2491593 -7.034689 -1.5783827 6.965572 -5.6866164 -7.4130964 -4.099647 4.3307652 -2.2780523 -4.5511446 4.751075 -4.5864687 0.511593 2.2153637 -0.83167565
opposed 0.14720488 -3.995994 0.5545837 4.661954 1.2161987 -0.60176116 -3.331427 0.56797045 1.5186259 -0.22426414 -3.9300692 -3.077365 -2.5588992 2.7446995 -4.9547596 7.7611427 -6.9216185 5.7825184 2.6684873 -0.21094216
focused 2.90482 -0.73441726 -1.6891153 -0.29734266 -4.493986 5.0626574 -3.3853147 -1.1504376 3.310578 -5.248329 -5.735563 -1.8407454 0.8690374 -5.129314 -4.5058584 7.38803 -4.201323 0.02222778 5.20414 2.6009774
expressed -1.9685175 -4.0023794 3.5394194 -0.16839261 -1.5261035 0.7145145 -4.7780275 0.34123877 3.3027601 -3.4224381 -8.168268 -4.8923593 -1.5352294 -2.577845 -7.9168653 9.074192 -2.7336535 6.5372367 0.8373364 0.056266345
maintained 1.5159802 -1.9913149 -3.8349042 2.9473357 -1.9701211 1.3768312 -3.3959424 -4.4464555 0.3307307 -2.2550817 -3.7125258 -1.3520677 -0.4581169 3.1648116 -2.9447868 5.7416444 -1.9222156 1.1985123 2.26355 0.890242
engaged -2.0546837 -2.6189516 -4.5963426 0.32547238 -0.046880364 3.12659 -0.586777 -2.3849156 2.3339257 -4.731039 -1.2892349 -7.696246 -0.06559492 1.6336638 -1.8330675 5.3668327 -4.258614 -2.5054774 2.5480049 2.079785
controlled 2.3463244 -4.7000966 -2.5924985 -0.534012 -0.8665658 -0.3876122 -1.5028032 -6.1768327 -2.4989958 3.225314 -4.75543 -3.053995 -0.15062112 2.7548506 -3.6963072 3.6734574 -4.8193984 2.9705734 4.8171835 3.3048816
retained 0.70522565 -3.910752 -3.465386 1.4320499 -1.1851193 -3.6704106 -6.3086424 -1.4278384 0.49350956 -0.39893955 -4.0312257 -1.1925334 2.1208763 6.0427675 -0.92074937 6.0603027 -2.2558928 2.9864023 2.745332 -3.0162702
involving 3.1916826 -1.3012209 -1.5207587 -2.3735523 -3.3579614 -0.42985034 2.8352392 -2.6531122 2.0049746 -0.5355319 -6.2913527 -5.712153 -1.5593611 -1.9066794 -2.2544408 7.208327 -1.9986537 0.528563 2.1669407 -0.76838964
criticized -3.4000523 -3.2367854 1.731918 0.59071714 -3.2503884 -2.0241575 -1.9934164 4.5308905 4.784434 -2.703129 -10.303807 -4.680149 -1.67035 -4.1387954 -7.006656 9.552991 -7.856378 4.3015537 2.4454951 -0.99803644
attracted -0.44257557 1.3193163 -6.7322636 -3.0347867 -3.314039 4.1047254 -5.1963468 -1.1486708 3.6223118 -7.3399987 -4.3541217 -5.8521833 -0.22442412 -2.7627292 -5.8898015 6.0538187 -1.6641607 4.785454 3.5870965 -2.315435
emerged 2.9391391 -3.2149363 -2.4448888 0.544533 -0.7149016 1.1356045 -4.8905015 1.7568815 4.437899 -0.5510671 -2.2891624 -3.7876325 1.5716994 -0.61396104 -4.3063507 2.5445077 -3.131544 1.9715779 3.260926 -1.2593402
attributed -2.146744 -2.0556273 2.5231 -1.5679877 -3.8246078 3.294512 -1.7091362 -3.978988 7.1824985 -1.01617 -6.535133 -5.0987144 4.654366 1.807661 -6.6969204 3.9164906 -3.186299 2.7210228 -1.2170186 -4.0294037
dominated 3.3941116 -2.8900032 -5.675789 0.78183836 0.44908234 3.388443 -7.84163 -2.329378 2.784577 1.3475147 -1.9351027 -3.376922 3.3035443 -1.9026662 -3.2695482 4.153992 -2.7801876 3.1642454 4.4793367 -5.2788253
initiated 0.93979394 -2.2653546 -1.865628 1.6870105 -4.569622 1.8389599 -3.8224623 0.1078961 0.8741899 -1.8086537 -6.2035966 -4.7326427 1.1558617 1.1001484 -2.7045102 4.741123 -2.617784 0.1945329 -0.8544581 6.8288765
assisted -3.0416486 -2.4057257 -3.0960104 0.46079326 -0.8583856 1.5033617 -0.84227586 -1.780092 0.25890508 -2.6708434 -3.1372116 -6.4896665 2.0926406 1.4821355 1.3173548 6.1411605 -1.8917091 -2.2385654 -0.14412035 3.149618
demonstrated -0.35269472 -2.8863149 2.567405 -1.1150571 -2.742191 2.120489 -1.648494 -3.976193 4.4858685 -0.9919126 -5.879179 -2.6984608 3.8422384 -1.8537323 -3.3505576 7.7851048 -0.046131473 0.09532651 4.502591 3.3770456
defended -1.6879164 -6.785156 -2.4261525 1.09178 0.9153451 -3.332292 -3.9508865 0.9367396 1.9835685 1.7137477 -5.007681 -9.109951 3.889967 1.2675952 -4.344562 8.67698 -1.7442907 3.2629101 -1.9436569 0.53026944
gaining 0.045440402 -2.1908917 -2.9101524 -0.7477627 -0.28598234 0.5709185 -7.3760457 -0.02426054 2.9806848 -0.7121754 -2.1822462 -2.9681146 -1.4782733 0.59929544 -3.1436405 7.35952 2.1931427 3.8868268 6.1350245 1.0972971
concentrated 2.3140836 -1.1168915 -3.138211 1.3118293 -1.4713527 4.5350375 -4.7511535 -6.0069327 1.5265535 -0.65180737 -1.6134522 -4.575946 2.6065228 0.4587963 -4.881716 0.4081656 -4.069336 0.17105599 6.3783097 1.2816958
shifted 1.620839 -3.3007436 -3.172726 3.206122 -2.1824129 1.8958081 -5.900357 -1.9329782 -0.78683347 -3.1669383 -3.8032188 -3.7045267 1.419893 -0.19770335 -7.216339 1.9581435 -0.37880498 -0.57570946 6.7314215 1.672847
encountered -0.33721912 -3.580189 -3.0247266 -1.1903325 0.36231536 1.022702 1.1108576 -4.8672414 3.0078027 -1.5407012 -0.4556749 -6.5044193 3.3563688 -0.12915953 -7.485348 3.8312113 -1.472371 -1.5263047 3.365447 -0.69088674
pursued -2.294823 -3.6690295 -2.114347 1.0518341 1.2569131 3.7807684 -3.3644664 -1.2273513 1.9952399 -4.102533 -0.16590153 -6.544361 1.6075834 -0.12601785 -3.2954571 7.301397 -1.322375 -1.8596497 2.2459397 3.2337797
backed -1.3284147 -2.5899332 -2.1735706 -1.5460193 -0.28983715 -4.1814265 -4.873153 2.5095186 -1.4296366 -1.5745636 -3.4543424 -4.2838216 0.55416626 0.5441901 -2.8397458 4.0149684 -5.464556 4.0916595 2.2248952 -0.5403948
acknowledged -3.0108166 -3.1370673 -0.19667192 -0.43359807 -1.95547 -0.34372687 -2.815015 1.9145417 6.5060735 -2.6492367 -5.233795 -2.1593208 -0.24916935 0.82109845 -4.360937 7.785926 -3.02327 3.180865 -0.85446846 -0.29325816
prompted -0.1253334 -0.9685919 -1.3951628 0.18604219 -2.3490293 -2.5815651 -2.9979517 0.8436444 1.4198071 -3.773882 -2.9520087 -5.9676957 -2.1801627 0.6880549 -7.1629186 7.0198092 -2.3815243 0.9662508 2.0667765 2.4612477
criticised -6.3230305 -3.6763854 -0.83974713 0.80183184 -3.280613 -0.9656644 -2.9200556 5.1178923 4.773787 -1.6098064 -9.838692 -4.778901 -2.4078217 0.51156133 -6.024611 8.267543 -6.11979 4.0645394 4.8104167 -2.0742967
handled -2.9943967 -3.0016167 -2.0188274 -4.4847865 -3.9268072 -2.4919114 -1.8272718 -3.181843 -1.3696909 -3.4290354 -8.28317 -3.0739536 0.82090396 -0.35026285 -2.1449897 4.247599 -3.8075557 0.62524724 4.0867515 0.82099056
revived 1.7260542 -1.8432904 -2.9376056 -1.3124593 -2.5403204 -0.6806772 -3.3083487 4.0680003 2.4214284 -4.9519515 -0.4131604 -2.3397434 4.5099893 2.973208 -3.8720052 2.279782 -1.1133922 0.57693696 1.0258731 -1.1090674
investigated -2.029166 -1.1551766 0.9245304 0.770743 -4.1641827 -1.3629085 1.4334282 -5.3655863 2.716891 0.32201108 -6.9607916 -5.1571255 -0.345783 -0.11950482 -3.1723151 5.920272 -5.2116966 -2.1254792 -2.3439329 3.8284743
dealt 0.047527485 -0.97074467 -1.3270944 -0.47023797 -2.8090346 -0.25181672 -0.65920615 -1.4699162 4.7661324 -1.712741 -5.5012565 -5.7164283 -0.029379211 0.54588705 -4.4346642 7.4958506 -2.8749766 2.7368133 0.8352009 -1.2697705
advocated -2.0926127 -2.5460546 0.8984525 6.050424 -0.3556162 2.5782382 -4.836071 0.66084313 2.7922685 -0.37498182 -4.9746003 -2.0440984 -1.0491661 0.52195036 -4.160214 8.780172 -7.458376 4.247075 1.1615537 3.6797671
reinforced 3.3628526 -2.15121 -0.8914229 3.5821202 -1.347137 0.3288851 0.91953254 -1.5598633 -0.32872516 3.7137163 -1.7232788 -4.8909235 4.8399577 6.428841 -2.9214807 4.0205774 -3.1723566 1.0110346 6.014438 -0.7781939
aided -0.8541951 -2.8768435 -2.5118098 0.4304755 0.31161502 2.443651 -0.33850554 -1.8892531 0.41851187 -0.7499687 -1.2976142 -5.4443364 1.0479195 1.2044626 -2.8440964 6.7011027 -2.4778323 -0.3819358 2.1482575 1.5547292
attained -3.38248 -3.655386 -1.9352242 0.83561605 -0.7866245 1.0254638 -6.9757633 -3.6816201 7.579381 0.5360302 -4.255205 -2.330162 2.5226347 -0.5821117 -2.9298334 3.9628248 5.9748025 1.9913834 1.296798 2.157501
retaining 2.3780088 -1.2468826 -1.092318 1.3447399 -1.6431991 -0.9161509 -3.1777468 -0.7575471 -1.721841 0.66556543 -2.7987306 0.04659292 1.4803712 4.310379 -1.6627831 5.2890005 -1.9537039 3.6251984 4.7770495 -2.9200542
favored 0.5403503 -3.0733783 -0.6287559 1.4583019 1.9727277 0.13735361 -4.6811523 -2.0069678 2.5122406 0.55017537 -1.9964408 -2.556229 0.14018375 -0.59046626 -3.509517 7.936699 -4.191422 4.353796 2.6820848 -1.7440772
securing 1.160133 -1.4778081 -3.1697764 0.21811908 -1.5356841 -1.3207982 -5.598468 0.50652176 -0.3338002 2.4199405 -1.7319125 -4.289539 -2.3828835 3.6719909 -2.1150172 7.176726 1.0830238 1.8138106 3.5175557 1.6944283
welcomed -1.5813583 -2.2727938 -5.2942924 0.47599664 0.094899796 0.28143892 -3.829904 2.5290074 1.500865 -5.094507 -2.2004402 -5.932579 -0.7309681 1.7823952 -3.418989 4.521825 -0.48740754 5.2491016 -1.6210936 2.1537876
blamed -5.0760126 -1.7819076 -1.0280042 -0.7456662 -0.5732168 -2.6661785 -1.2129283 0.58547956 2.119489 -0.4519539 -3.8498447 -11.8308525 -4.6287093 0.4924807 -7.478405 6.337918 -5.539791 0.7563313 2.5286217 -0.45015165
relied -2.244976 -3.7412446 -2.4487529 -0.8152401 -2.707735 1.8598808 -1.8811941 -4.622906 3.153812 -1.8628299 -6.605886 -3.3772016 1.725865 2.674083 -6.2097178 8.395038 -6.573959 2.498398 5.072448 -0.08769445
strengthened 1.2197803 -3.149748 -0.32345486 2.9977977 -0.46056575 0.7071521 -4.8346615 -1.9323173 1.511027 2.847268 -1.2712 -4.9319544 0.8402178 3.7513785 -5.2619543 4.3097134 -1.8706934 0.3267265 4.609493 1.6269495
triggered 1.135713 -1.4061551 1.2665287 -0.85547733 -3.1423974 -3.3014183 -0.7102038 -1.3319081 0.7314495 1.754939 -5.2558966 -8.276247 -1.3002473 -0.6456818 -8.875818 2.2885842 -1.8753551 1.8601255 3.3459973 1.5479311
campaigned -3.914156 -2.0404181 -3.9433818 3.326913 0.37133354 -1.2546198 -7.241709 1.2121414 0.8862256 -0.60723174 -4.52429 -5.8250957 -2.753297 0.08533462 -2.5043275 6.9516997 -6.3638954 3.8295543 0.22797424 -0.4290299
posed -0.6114747 -1.8916993 -1.6224414 -2.8090765 -2.1538434 0.6594043 2.3158112 -0.42355236 2.7323937 0.44373494 -3.5205126 -5.258053 0.20044738 -0.9327199 -5.9952655 8.57769 -2.3177168 1.4135548 0.91835266 -0.08099692
employing 1.026824 -2.0771074 -2.3478136 -1.2103271 -1.369219 2.6422267 -0.05587455 -5.348009 0.950484 -4.371454 -3.930804 -0.65879244 0.024488617 1.771961 -0.055557333 3.8806198 -4.6446633 0.8475097 6.8516264 0.063018374
speculated -1.0798813 -2.209627 1.4564577 -1.7424586 -0.7192148 -2.6112885 0.19053471 -1.7180945 4.0077887 -2.6896439 -2.26491 -3.1863825 -0.29643348 -0.46161154 -5.963494 4.7721095 -3.6369648 0.51951563 -0.45068687 -1.2081088
attracting 2.8063357 2.0499365 -7.7406707 -3.1640685 -2.8591065 4.220724 -4.8199563 -1.5471337 2.045512 -5.243808 -2.3098745 -3.3853295 -4.1519194 -2.1981936 -3.203842 4.1235785 -0.36521602 4.0352798 5.9792266 -1.2145661
culminated 4.268915 -1.5486779 -3.015769 0.671059 -3.5135348 -0.7888892 -3.953126 3.7168233 2.8649075 -0.7747185 -2.7566051 -7.98351 2.8926456 0.30445045 -5.3860364 4.949165 0.4679495 0.16604088 1.1591572 1.1927297
sparked 0.8849215 0.5497759 -2.8441148 -0.16278335 -4.0516543 -0.09249111 -3.4603355 3.0392034 3.916771 -3.1019022 -4.3378224 -8.242609 -0.81461954 -2.3509212 -8.6875925 5.076863 -4.1371183 2.465682 1.0013283 0.029702334
favoured -1.3885994 -3.856072 -1.4661366 1.0391537 1.2027469 2.9948514 -5.2909756 -1.0470277 2.6460176 1.1942348 -1.6638682 -1.3819147 1.4428364 3.7072675 -2.969472 6.151212 -3.2098682 4.178265 4.449682 -2.9766874
ensured -0.124061584 -1.7455584 -2.1244254 0.31679073 -0.98941785 0.7201941 -4.623378 -0.4408874 1.501944 0.2769791 -1.4046236 -2.7846458 -1.9022235 4.9441724 -2.4125655 6.947657 1.1706822 2.1545599 4.0607476 0.026109222
debated 0.8200008 -3.0246882 1.045349 4.397466 -2.08651 -0.64258486 -2.1935093 -1.8502202 7.504222 -2.0077622 -6.2989426 -1.6512166 -0.6265899 1.5150607 -6.340487 7.042038 -3.4229143 3.7686737 -1.3740131 -2.432504
diminished 0.96618366 -1.1259294 1.2320763 1.3041536 -0.8670681 1.9947332 -4.097389 -4.144771 4.5864387 0.8977083 -1.2805444 -4.4953628 -1.6007141 2.4143052 -6.225912 3.7986567 -0.7314616 0.5522576 6.9109206 -2.184964
resisted -0.49556324 -4.1722918 -1.6133602 2.2796025 2.6743753 0.575502 -1.8158557 -0.85720813 0.94451445 -0.19136208 0.3974088 -7.759945 -1.8951571 5.160767 -5.7609186 6.16799 -5.178277 3.1110055 2.2869763 0.17445627
coincided 2.5669827 -0.35212925 -2.5555236 0.9328636 -4.640734 -1.1330148 -7.475741 2.1083815 4.4634347 -2.2299623 -2.8144794 -4.8536773 1.7671537 1.0281526 -7.2294474 2.1029944 0.116976015 0.33123115 2.4152563 0.99877214
risen -1.2121841 -0.6686105 -3.6818533 0.58663815 -1.2592605 -0.84221876 -5.5461383 -5.0741954 5.842211 -1.8737833 -2.3768067 -3.8106883 -1.7150615 2.3667002 -4.051744 1.2286534 1.5231646 1.6125631 2.482089 -2.1293092
impacted 0.56690496 0.9518787 -3.754118 -0.35338607 -3.593012 0.84461206 -4.5021434 -7.196438 2.6405828 -0.54622704 -4.9533153 -6.7429605 -1.568689 -5.2256274 -9.111708 3.6449218 -3.0465906 0.16093844 4.850614 0.33072677
benefited -0.6999915 -0.33187917 -3.2247896 -1.1063411 -2.5708196 3.411664 -6.431713 -2.814524 2.0259674 -2.1150281 -3.0918376 -3.3067877 -2.7345316 1.2369374 -3.161533 6.249703 -3.8096051 1.236629 3.2260296 -0.07263157
prevailed -0.75966793 -1.8264741 -0.103224345 2.797053 1.4951838 -1.7067196 -5.5859437 0.05366388 2.8717597 1.5966606 -0.49426043 -5.480613 0.1916612 1.9895778 -4.326455 5.942528 0.95441806 3.448179 0.2788721 -2.5557928
envisioned 2.5180507 -2.0101767 -0.9650585 0.4053303 -3.5866997 1.9123758 -2.037933 1.2843878 -2.760105 -2.8472219 -3.262903 -1.235132 3.6867712 0.51865643 -4.271876 5.543762 -3.2355108 -0.03517194 1.5112138 1.3327467
disrupted 1.6602839 -0.9654274 -2.4183867 0.18601708 -1.8254855 0.99732894 -1.4014397 -3.2651682 0.1332953 -1.0810679 -2.3658333 -9.032045 -0.9084064 0.11758483 -7.215148 3.204418 -1.4160359 -0.4776785 5.4074497 2.2531765
plagued -0.28743988 0.4851673 -1.3966123 -1.3832603 -2.3759675 0.7347062 -3.7865236 -2.9168801 3.3612905 -1.493904 -1.8949043 -11.240679 -1.0505043 -1.8135687 -7.3540883 5.7807326 -1.4401934 -2.8298151 5.643171 -1.6557791
overlooked -0.52205795 -0.18504351 -1.789965 0.7999575 -1.2855927 1.8823354 -0.98064446 -1.3245258 2.5127256 -0.9279032 -2.333956 -2.1500013 1.4427505 0.14439449 -4.6677647 5.34719 -0.9515423 2.4745955 2.7797427 -5.270058
depended -0.9872046 -2.7573018 -2.7181008 -0.69495714 -2.0089881 4.245918 -3.8934126 -6.009377 2.6655715 -0.14169987 -3.1293056 -2.7024195 -0.8729615 4.346 -6.5020742 7.2740226 -3.1155536 2.2993371 4.1244645 -0.031442422
hampered -0.8655887 -0.18551627 -1.8563732 -0.6279042 -2.1283932 0.4458437 -3.7162397 -2.6717637 2.6317163 0.7167484 -2.0044627 -9.399902 -0.41291925 0.5918678 -5.9818015 7.796916 -0.17611186 -2.2657638 9.41622 0.052753933
persisted 2.0743065 -1.2494576 -0.2734896 2.5017302 -0.24334659 0.027709134 -2.5776827 -2.7687614 5.689097 -1.6794871 0.14805959 -4.2814803 -0.7907322 1.6981511 -7.2438745 2.8227248 -1.5603321 0.14058521 2.7379115 -0.9661735
reintroduced 1.3030463 -1.9338223 -4.203818 -1.3662723 -1.7075131 -4.7758203 -2.952068 -1.7639941 1.999178 -0.4106303 -2.7000713 0.20313424 2.6931736 1.4560124 -1.9782068 3.2166526 -2.3267584 2.0061026 1.3976253 -1.0114647
reacted -3.3953562 -2.6580222 2.0725393 -1.3347422 0.30716878 -2.5279107 -1.9618416 1.8851527 1.0900037 -0.53355294 -4.342967 -7.759615 -1.6308709 0.0686278 -6.45146 4.804575 -5.388335 5.3213387 2.729548 0.7657533
clashed -1.9267758 -5.584022 -4.2108874 1.7154398 1.5892733 -0.3193364 -2.1599057 1.7496125 -0.02210091 -0.6557269 -4.683665 -11.498605 1.8899716 0.83434916 -2.9243248 4.0871253 -5.027863 2.4524717 2.1946268 -1.9773688
fueled 0.58912975 0.6878525 -1.0452694 -4.17654 -2.8417044 -0.27948838 -3.2994406 -1.3432609 1.1443276 -0.7220234 -1.2834685 -4.9058795 -0.051384296 -1.7167517 -8.566267 2.9099808 -5.2625346 1.4694645 4.646229 1.1411659
concentrating 1.5483786 -1.284049 -1.2572653 -0.43086162 -1.1578321 3.6269186 -2.0422978 -1.6654402 1.3800039 -2.7481804 -0.5290444 -1.8964309 1.6164548 0.0378067 -3.234262 3.5392423 -1.9232674 -0.50960356 6.4814887 1.9941052
spurred 1.5023197 0.61921936 -1.8977826 -0.11551078 -3.3443172 1.7929689 -4.4013386 -0.22175686 1.4377017 -2.3166878 -1.4974526 -4.3797207 0.062215906 -0.83343303 -6.9755697 5.408608 -4.328361 -0.3630259 2.4449377 0.8381907
stimulated 1.34097 0.75198936 2.740582 0.31897953 -2.375393 5.1665454 -3.5352035 -4.372263 1.7227595 -1.8569158 -1.8973376 -2.461584 1.7155973 -2.0434728 -5.5358944 2.9978805 -3.6527267 0.83402604 4.200414 2.8595757
spearheaded -0.27037245 -1.9621412 -2.9616885 1.7832296 -2.9784343 1.2282503 -5.072531 3.0687072 -1.959003 -1.191535 -5.1428685 -5.3317113 2.037036 -3.1016395 -1.8685555 5.6400204 -5.811836 -0.92575365 -0.602292 3.073251
boasted 0.38924262 -0.33585966 -5.514271 -1.1049783 -1.6025285 -0.31749314 -2.1174269 -1.9329072 0.40471599 -3.365457 -3.1995394 -3.3711076 2.0213609 1.048734 -0.6152323 2.3198843 -1.8256124 2.3117378 2.2170036 -3.2093875
cooperated -0.39832217 -4.868872 -2.5535145 -1.1018142 -0.46790755 1.4920272 -1.7191409 -0.46748123 1.4068 -1.5650915 -4.2742343 -5.395877 1.3920877 1.5682167 -0.10591928 2.7101884 -7.791585 1.322191 0.29318818 3.8559382
necessitated 1.1221757 1.0292923 -0.3149036 2.497769 -4.18267 -0.5990444 -2.6938164 -3.7662485 -0.490816 -0.39185852 -3.4315536 -4.956679 -0.1027484 5.2565365 -4.225246 4.1166534 -0.26172215 -0.95407206 6.64194 0.61815166
stemming 0.60621554 -0.41763097 1.3896812 -0.15005389 -2.2471738 1.2922755 -0.7145558 -1.8282729 2.9466588 0.5191163 -3.6995685 -4.6058106 -1.7939924 -1.5703734 -5.0125985 5.0103745 -3.3710606 0.95251954 0.54283243 -0.46685588
boosted -0.44971645 -2.1789415 -2.68214 -3.5231707 -2.684687 -0.54900277 -7.4670067 -1.3709509 1.767526 -0.27831298 -3.3521295 -3.4986246 -0.30593 -0.42076448 -4.879544 3.4337833 -1.5423256 0.24302083 6.4979873 0.113085486
overshadowed -1.0704293 -1.6449064 -1.1166706 -2.252648 -1.4103501 2.1996872 -4.8273654 1.7757065 4.5266447 -1.3728154 -2.0297608 -6.7615867 1.9842411 -0.30315456 -5.2005816 4.883436 -0.47198728 0.94835746 3.613355 -4.641802
exacerbated -2.0570197 -0.5167246 0.58053386 0.4426199 -1.3662016 2.1199687 -3.061786 -3.5806396 2.2129526 1.1186177 -2.251769 -8.729267 -3.7443645 -0.07482382 -8.496252 4.9676056 -3.779582 -0.6406973 5.4805336 -0.8767776
utilised 0.19478114 -2.567022 -3.7267263 -1.541728 -3.0445662 2.3017302 -1.5320566 -3.5441217 -0.9339136 -0.7325639 -4.804598 -1.181854 4.113901 2.7675753 -1.8664712 3.0651872 -2.8367174 0.89194435 6.8570166 -1.0191069
undermined -1.3739543 -2.513807 0.048976783 1.7999625 -1.2405468 2.9689195 -2.7788868 0.4752138 1.9339747 1.9826555 -3.116893 -6.281452 -2.1379263 2.9376307 -7.3764634 8.8506365 -4.4644184 2.5996459 2.8664646 -0.22033845
contend 0.19021377 -2.6055067 -0.10595712 -0.35146374 0.4701542 0.5444946 -1.274354 -1.496212 2.4293504 -0.61389023 -2.1775277 -3.3559213 -1.6020396 -0.38878036 -4.891549 8.350357 -1.7717692 2.721926 1.4583981 -1.76073
ventured -1.7259907 -1.6430793 -4.872769 -3.2074678 -0.9499706 3.1241267 -3.6739619 -1.0790904 0.30099827 -4.081836 -0.27763042 -2.9910975 2.6044173 -2.1724427 -4.6557717 1.3541456 -1.714034 -0.10067306 2.0437973 0.847971
envisaged 2.0934482 -2.6572654 -0.79076093 1.9697893 -4.6028733 1.7320075 -3.6374245 -0.24959756 -1.0095798 0.46664158 -4.231729 -1.2235498 1.4323575 6.373472 -3.9546678 3.2474084 -1.9224708 0.24164835 3.2002966 1.6859336
marred -0.8378982 -0.23534027 -0.6557914 -1.6407453 -3.0326674 -1.0885793 -3.4801128 1.9626509 4.162006 0.5799861 -4.8234606 -11.118145 -1.0528215 -0.9738083 -5.590256 5.564307 1.289164 0.7149013 3.6846852 -4.76189
mainstay 0.70412433 -0.9466331 -3.6942635 -1.3615005 0.25466353 1.4398428 -4.873596 0.23020673 1.1795772 -2.7065685 0.8071486 -1.2026781 1.787221 -2.323397 0.13272184 1.0537406 -3.726058 -1.3627326 5.274151 -1.1829579
instigated -1.5724205 -2.4074357 -1.602102 0.90048236 -1.6619093 0.7347075 -1.0476218 2.1430893 1.1612041 0.35035965 -3.0165598 -6.534911 -0.12263446 3.0850966 -3.9194193 4.7643166 -4.7106786 0.67460245 -0.9467046 0.26085728
cemented 0.5645871 -1.379672 -1.5853807 -2.2113216 -0.7669105 1.3021519 -5.942502 0.08163635 1.5026835 0.46742994 -2.1601222 -4.3858275 5.5119743 0.14899375 -3.622493 5.2957387 -1.7110004 5.2370496 2.8911216 -2.5434077
stemmed -0.48400465 -1.3516669 0.46838298 -0.52521384 -1.8730272 1.960794 -2.5352778 -0.67613345 2.812235 -1.2984039 -3.6454988 -4.566254 0.24510956 -0.7984781 -6.3838725 6.267047 -4.089827 2.585806 0.74267685 -1.118688
waged 1.2041932 -4.9521785 -4.487069 1.177795 1.0295037 0.030204708 -0.03231694 1.671143 5.185356 2.984245 -0.36406097 -8.827236 0.08421276 1.2812902 -6.7770066 5.2952166 -4.342908 0.8347961 -0.58552825 -0.806983
touted -1.4164878 -0.9744497 -2.4998584 -2.7173266 -2.2161214 -1.2041314 -4.942308 0.9554662 1.11158 -0.38835278 -5.0398736 -1.7150402 1.2740127 -4.756008 -2.0972924 6.050016 -2.7132943 1.6848843 3.8398318 -2.000596
alternated 1.7474811 -3.4680502 -2.6073678 0.05042078 -0.83770454 -0.71422917 -2.5920742 -1.8650365 0.8779714 -3.412501 -4.7073727 -5.431532 4.88319 -1.011079 -0.40493694 1.286599 0.93111014 0.32443926 2.553672 -2.8805752
reliant -0.3815063 -0.9554841 -2.3490458 -3.3783946 -1.7129325 1.6200765 -2.4842541 -2.7680192 -1.3763407 0.6770294 -1.3724436 -1.0360274 -1.0068792 0.74777573 -3.4560108 3.9459202 -4.307826 0.5932866 5.7924857 -0.63789797
precipitated -0.32599065 0.049231764 1.2272445 0.16805063 -2.2070935 -1.2079682 -3.5955157 -1.1185719 2.411655 2.3337443 -1.733927 -7.8102274 0.28547004 1.2459255 -7.4746485 2.7285607 -3.9914002 0.9454307 1.1798316 1.2529539
supplanted 0.24714832 -3.3397582 -1.1674538 0.09787015 -1.4777107 0.6602172 -3.146772 -2.8494413 1.6602589 -1.0061135 -3.110095 -0.91860783 4.302504 3.235189 -3.8778589 1.1035721 -5.6412954 1.2084866 4.008644 -2.2213585
sprang 1.2114972 0.37483343 -4.103269 0.6249584 -0.41596392 2.7043405 -0.48835757 -2.3694808 -0.5230546 -2.8450518 0.6409688 -3.7392116 1.9156827 1.6278025 -4.8117576 0.31968784 -3.588068 2.1912453 1.8265094 -1.4047164
steered -3.1169937 -3.2110636 -1.8805419 0.7130794 0.2675943 -0.3792275 -3.8133647 -0.82664114 -2.718819 -0.2279409 -1.9503486 -4.254579 3.1739974 -0.36690822 -3.7871795 4.719554 0.9769257 -0.9321543 5.9537187 -0.16264813
heralded 0.9818195 -0.6549905 -1.9808834 -0.42615545 -2.8366082 0.6316007 -4.63512 3.194485 4.189057 -2.0951073 -2.1155195 -2.3856428 3.742708 -1.4701803 -5.9780383 3.0372186 -1.3410687 1.6290574 2.6475453 -0.8633919
focussed -0.3314105 -1.3264918 -1.3003749 -0.20041762 -4.045585 5.535228 -3.135471 -1.6414081 2.3973854 -2.216659 -5.1013412 -1.5181681 1.8021152 -0.6802203 -3.5241783 3.5184503 -2.9887118 -0.19180249 4.0889974 0.6454864
eclipsed -0.35948214 -1.1828299 -0.72199684 -1.2479904 -1.7420388 0.6732819 -6.472804 -0.9208515 2.8447635 -1.1664871 -1.4182178 -2.9554713 3.8605125 0.37625748 -4.4472322 2.527864 -0.7081638 0.46158332 2.7834058 -3.2659314
leveled 1.0671161 0.7557099 -0.30903128 1.1765848 -2.5851912 -0.6984239 0.6667239 -1.9650072 -1.5786309 0.54750943 -3.277491 -7.256327 -0.52891624 1.251381 -4.7989516 2.0624633 -2.1593542 -0.061312374 2.0740736 -3.9765687
waned 0.23146038 -0.81158966 -1.8498852 0.0154152885 -1.3994521 2.7763815 -6.879528 0.5363334 5.717471 -3.228139 0.43534976 -4.4001207 0.905369 2.4152355 -6.6590524 3.3377995 -4.204484 0.6294749 5.89219 -1.7409012
entailed 0.8455077 -1.0353454 -0.052734222 0.8293742 -3.048627 1.6358545 -1.2189393 -2.0733373 0.52564514 -0.7055156 -2.9238222 -2.870807 -0.96142143 5.722186 -3.3326256 5.117012 -0.7486026 0.8609793 2.6391878 0.9804339
solidified 2.330256 -0.99929607 0.87892663 -1.0899003 -0.4059618 0.36347803 -5.0167584 0.20842817 1.6790391 -0.040242907 -0.9901109 -3.9311023 3.4922552 -1.4619775 -4.550424 4.3145714 -2.2379239 3.611548 2.1580718 -0.07767057
materialized 0.5479954 -1.5051075 -0.44835588 -4.922531 -3.9756784 -2.6971116 -5.5343103 0.8232872 0.2588723 -3.0822418 -2.561113 -6.7200933 1.8547213 3.414453 -7.2944183 4.170126 -2.0116298 2.189447 1.1938316 0.95911086
sparking 0.6055756 0.29948032 -2.016259 -1.2537599 -2.035081 -0.61426365 -1.2719042 2.4847949 1.1168888 -0.68711543 -1.756456 -6.2185197 -1.4085274 -1.4066494 -6.6070237 2.7907007 -3.5027587 1.8464266 2.3008382 -0.21646677
furthered -1.4028692 -1.4766313 0.5256669 0.87851864 -1.5324453 5.1050887 -4.8235226 -0.29254538 2.77185 -2.6144989 -2.6482048 -2.7821622 2.459902 -2.1195571 -3.0695803 4.79071 -1.6672599 0.4205137 0.87796277 2.933621
eased -1.4245119 -1.5627098 -0.5863426 0.30034423 -1.0117363 -1.0167606 -5.1864295 -2.0573754 1.0404071 0.05380618 -1.7462273 -5.9278126 -1.5331494 3.3435102 -5.8941665 4.334095 0.57306874 0.7308699 5.3280463 -0.066418424
bolstered 0.297174 -2.1989906 -2.2783692 -0.09968372 -0.8273826 0.14213212 -4.3638964 -0.043061472 2.4175959 -0.5133653 -2.9319022 -4.8854356 1.0552754 -0.49495518 -3.6754587 5.4315977 -3.0340762 1.3829123 3.9736722 -0.58320516
capitalized 0.59002316 -1.742352 0.26831165 -2.4171507 -0.6582155 -2.5449314 -3.8435495 -1.2985325 0.5635405 -0.82631034 -2.2974746 -0.7965814 -0.066820785 -0.6949123 -2.9627717 4.4447556 -3.232712 2.3520403 1.6849631 -2.2000134
paralleled 1.7473112 -3.0291896 -0.6509121 2.9665859 -1.13273 2.4266791 -3.2994955 -2.9990861 0.5278999 -1.3945365 -2.8917565 -1.7263002 3.9259067 -2.3058465 -6.894571 2.2055144 -2.9189754 -0.19833164 1.8503913 -2.6099725
amassing 2.4487708 -0.2698991 -3.099583 -3.2912917 -1.4388413 -0.3558353 -4.8675947 -3.4365916 3.709411 -0.2998633 -0.9992659 -4.334647 -0.37058783 -0.7534533 -0.2651172 3.70236 0.59421366 -0.24275541 1.56441 -3.2315867
ushered 1.1780189 -0.4394065 -1.7732942 0.410235 -2.9266927 1.3918585 -4.7541757 2.1217663 3.1262577 -1.3843377 -2.0449955 -4.1169686 3.2615547 0.34405413 -5.3124795 2.2893126 -2.4965076 1.1231215 2.7528033 0.25488564
beset -1.3370403 -0.26702836 -1.8561581 -1.1467525 -2.0838525 2.7794623 -2.660435 -2.016654 1.9096444 0.029788237 -1.6116124 -9.297405 -0.6455109 0.66366696 -6.2380853 5.057331 -1.7597759 -1.4319189 3.2852995 -2.0839517
fuelled -1.6140584 -0.24371505 -0.3958691 -3.074691 -2.694846 2.661403 -3.3673992 -0.18501717 1.3881755 0.4054827 -1.7849604 -4.1541243 -0.18330084 0.49576247 -6.7080245 2.0111084 -4.2831073 1.0738733 5.193166 -0.74781245
reemerged 1.3458142 -0.6015046 -0.9463665 -0.6190073 -1.0672041 -1.2377355 -4.3254905 1.6517104 2.1561728 -2.1148386 -0.5901426 -4.513223 2.4763103 -0.30363107 -4.0586305 0.55780923 -3.233344 1.4220597 2.1858351 0.46659553
soared -1.3757865 1.5081799 -2.726322 -3.0120354 -2.6189654 -1.5194378 -6.3643665 -3.0161748 3.1146967 -1.9954622 -1.1622522 -2.4745681 -1.820441 -0.38516596 -3.8811321 0.20042147 -0.58731765 0.01982579 4.161495 -1.1595526
surged 0.7369168 -0.99034685 -2.8610256 -0.83910245 -0.65188926 -3.0400512 -5.2589135 -1.600715 0.6446174 0.43188378 -1.6214205 -5.8845024 -1.111917 -0.40631914 -5.1264234 0.8376272 -0.24800429 1.4193192 4.7859993 -1.877019
swelled 1.387207 -0.7761762 -4.5856013 1.135829 0.72132546 -0.15453893 -3.032773 -6.9109087 2.0947337 -2.2097063 -1.4441091 -7.015734 -1.6765498 1.5094564 -3.4462347 -0.56103843 -1.6788299 2.0198336 3.858586 -1.4017456
vying 1.1439412 -4.158703 -4.3514557 -2.6007237 0.99245477 -0.30804858 -3.1781762 0.061428636 0.26731697 0.37238145 -3.1423955 -3.9208004 -1.2402605 -0.4233172 0.046074793 4.9284477 -0.13075304 4.0519147 0.44585994 -2.8761146
profited -3.100663 -0.32823792 -1.2685313 -3.7280397 -1.9500426 2.0993972 -4.7823887 -1.5563616 1.4562931 -0.12149685 -0.5460752 -3.6617162 -2.7685108 4.662689 -3.331283 4.2332516 -6.8289104 0.7782318 0.5551577 -1.8293732
benefitted -1.1860025 -0.5881493 -1.3710698 -1.5562125 -2.2869859 2.9821074 -4.3309803 -2.2181098 0.4064901 -0.67808485 -3.368425 -2.8955228 -1.112546 1.4716637 -1.1069633 4.3450627 -3.0092301 0.7624948 3.1650708 -0.42231658
shrank 1.175239 -0.24649985 -1.3971329 0.47733995 -1.0038716 0.21403857 -5.2268953 -6.295315 2.7159998 -0.19205232 -0.39881778 -3.729639 -1.2954026 3.17337 -3.8685074 -0.2770294 -2.4970925 -0.48209205 4.3190722 -2.053214
downplayed -1.196947 -3.2597063 1.0795336 -0.44831255 -1.5482075 0.66632545 -0.74659353 2.2073345 3.7517927 -0.3581875 -5.093143 -3.9139094 -0.9627823 -2.242235 -5.1635184 6.044529 -3.7348852 1.5052615 1.1416245 -1.44777
galvanized 1.3718029 2.2156343 -0.5535075 1.7676793 -1.1791937 -0.8491909 0.725561 0.40561888 -0.25685528 0.6730572 -0.4169142 -2.904568 2.117639 1.9185163 -2.0617588 3.1121504 -5.6862426 3.3067696 3.9385545 -0.005207273
foreshadowed 1.2119131 -1.2693723 2.6264396 -0.16647725 -2.8526337 0.72379464 -1.6824111 1.2608509 2.8119185 -1.6510268 -2.945757 -2.817931 3.7376866 -0.11172173 -5.7691727 3.2575688 -2.6499019 0.7049368 0.84085506 -1.4777164
cementing 0.8276644 -1.5701698 -0.45275053 -2.2503262 -0.12808515 1.2414271 -4.595768 0.29686388 1.1018608 1.4209441 -1.1105294 -2.9016387 1.6487536 0.03879269 -2.776278 4.700102 -1.3999522 3.9907112 2.5579479 -1.1737808
reshaped 2.6943533 -0.6608156 0.3999871 1.3795398 -1.9298766 2.2369292 -1.8379096 -0.42557204 -0.5017781 -0.5928553 -1.4184251 -0.45564482 3.2647724 1.7020713 -3.2499654 2.2640402 -2.3767421 1.0520979 4.2521706 -1.7128687
mooted -1.2878945 -2.3521292 -1.4189371 0.8852043 -3.6385217 0.22388875 -4.4701085 2.244756 -1.0727614 -0.25703266 -4.338302 -1.7507356 0.33825853 3.8317 -3.7954893 2.7721727 -1.7990185 0.801077 1.8491518 0.04878975
vied -0.47101665 -4.0070353 -3.7670474 -1.0854359 1.1743486 0.6385537 -3.9633849 -0.18697827 0.5133622 1.7218796 -2.967145 -3.8481069 -0.04074578 0.8469822 -0.22962667 3.9226334 -2.0775898 4.4526443 -0.09855567 -3.3565054
mired -0.52762693 0.57238686 -0.16495627 -0.802976 -1.036168 0.15244856 -3.1525898 -0.62196153 1.2903682 0.32163835 0.24690548 -5.459358 -2.1516366 -0.7339766 -6.219557 4.1364098 -2.473007 -0.6250687 1.6516277 -2.9880102
rivaled 0.40765348 -0.59483117 -2.551088 -2.2570724 -1.1139127 2.5328445 -3.1581683 -0.9711834 1.222401 -0.18914078 -0.66454613 -1.0957636 2.8541481 -1.2759049 -2.4564505 2.051894 -1.9901797 1.2707541 0.45280224 -2.471755
languished 0.1983353 0.97971785 -0.93218386 -0.7304298 -2.9302962 -0.94401807 -4.075314 -1.6897472 1.4955128 -2.4685686 -1.1750343 -4.9642806 1.2262394 2.6551936 -3.191791 1.3415271 -1.4733889 -0.8827118 0.7443971 -1.2381263
capitalizing 0.55017823 -0.66819537 -0.30343723 -2.8325589 -1.208771 0.8483117 -3.2657762 1.051881 0.32826516 -0.66998625 -1.0582554 -1.2778641 -0.6165978 -2.258409 -3.671094 3.97391 -2.6962547 1.3575323 2.9726856 -1.0851653
skyrocketed -1.3427547 1.0227778 -2.3886073 -4.366387 -2.2346692 -1.0052207 -5.9415812 -2.633597 2.3876112 -1.900861 -1.3340602 -2.4137392 -2.8015718 -1.0440967 -2.8918998 0.2373781 -2.867345 0.3278574 2.3559854 -1.3953197
refocused 1.4179041 -0.9675804 -0.3927004 -1.2315114 -2.8410811 1.0191813 -4.1920743 0.5948481 -1.0427526 -2.790533 -2.5081398 -1.5188879 0.37618253 -1.8352239 -2.3092175 3.8771696 -4.1028214 -1.3426039 3.521859 2.6909375
ushering 1.995486 -0.6299483 -0.8307107 0.33993155 -1.7047068 1.7971119 -3.7927136 2.561487 3.2435176 -0.12880974 -0.26283675 -1.9594184 1.5949771 -0.22235258 -4.238252 1.1304748 -1.3853734 0.96122545 2.5871933 0.15576234
stymied -0.2705034 -1.4877081 0.07161866 0.20856619 -0.12560616 -0.7867399 -2.3062255 -0.8021112 -0.64460075 0.7295147 -1.3581251 -5.571261 -0.9145732 0.11717157 -3.6301167 6.0540276 -2.1554108 -0.010061675 2.6489031 -0.4289833
spurring 0.95656323 1.4310076 -0.7605274 -0.060630124 -1.8755242 1.8762426 -2.8116007 -0.46528098 -0.30523202 -0.9787187 -0.17638403 -2.5718544 -1.9179232 -1.1838439 -4.025215 3.266667 -3.0187993 -0.1807106 2.2485375 -0.094379775
reignited -0.17373471 -0.53379184 0.5721504 -1.1713324 -0.8498221 0.26218936 -2.3299696 1.7080446 1.0829211 -0.73382956 -0.7394838 -5.773094 0.41422513 -1.3973054 -5.1357293 3.1794803 -1.9754764 1.2741863 0.43548477 -0.20211889
stifled -0.7626111 -0.64856386 0.82839787 -0.55138177 0.11270001 2.4866548 -2.6478975 0.64199466 1.0213791 -0.57321846 -0.72944677 -3.4039702 -1.2654067 -1.3916152 -4.4227886 5.2698936 -2.3583672 2.2932415 3.2422037 0.14115933
outstripped -2.0556355 -0.70018697 -1.4153854 -2.1298988 -1.9454495 1.8745842 -4.120295 -3.9059138 0.22969356 -0.03867911 -1.2407136 -1.1072932 -0.94053704 2.963498 -2.9615684 1.4465253 -1.9025733 0.05474549 4.584809 -0.05226901
eventuated -1.9587761 -0.66369814 -0.66292447 -1.5655177 -2.0162134 -1.039141 -2.8532574 0.032180727 0.059033692 0.04042827 -1.7893019 -3.1211085 0.3875505 2.5157835 -3.8637414 1.4259886 -1.1835754 1.1211325 1.7967806 -1.3543178