Centroid_141 2.2646778146495565 -0.7980649212654867 4.932051507920354 3.6883915959557525 -0.5567157064207966 6.181292917433629 1.1345025623827427 3.408132335309734 3.984610400168142 -0.47993422638938044 0.2974425738827435 3.423279706384955 -0.7553898251504417 -1.4461720532522115 -2.817479074882744 3.5349957979336257 -1.358407688961947 1.6983077434676994 -0.1594954076991151 0.21365096655530988
culture 5.22867 0.83049005 -2.3231356 2.4675179 -1.3767436 12.427128 0.6511085 3.3194659 4.613017 -0.47013265 2.0229464 7.698117 -2.6958773 -4.363207 -3.986878 -1.509123 -4.3420033 4.2093253 0.13418716 1.564624
cultural 9.318249 0.2052106 -3.1539161 3.4773421 -4.614999 14.475793 -1.3856534 2.8357294 3.513209 0.7409365 -1.2348802 5.795823 -3.9354684 -2.829908 -3.0060165 2.3820488 -2.3798556 3.3267827 -1.4626799 2.3359706
influence 0.93342817 -0.08267755 4.0662556 2.6778188 0.9329523 7.681876 -1.7735909 3.6887324 6.544978 0.5190765 3.325212 1.0464023 -2.6266623 1.2600635 -5.335902 3.884731 -3.7310307 2.316259 4.5346546 -0.8805295
contemporary 3.4546664 0.024244888 0.14865029 1.2618762 -2.3566473 7.1382594 0.0024368535 3.8065672 6.864258 -5.4744306 -0.085784905 6.622185 3.3207953 -3.3943214 -3.044723 -1.0247788 -2.8419795 2.3742914 1.1451585 -0.6820067
literature 0.14925334 -1.0130304 1.8229115 4.538805 -2.0445695 11.41816 1.9803525 4.2537327 13.428908 -2.577127 0.3235415 10.120119 0.6786953 -2.7562945 -0.26586092 -2.4564805 -0.15880783 -0.34718472 -1.5478128 2.1640618
concept 5.6170974 -1.1998847 6.27689 -0.60759467 -2.3198767 2.932071 2.667484 4.8889813 0.68730396 0.014323506 1.422034 8.929603 -0.49546525 -0.5816018 -3.61623 4.129495 -1.140571 0.1831947 3.8020267 0.9706397
literary 0.633753 -1.9854023 0.3333115 2.2624545 -3.4713397 9.413521 -0.2531828 7.1086645 11.351686 -5.7388816 -1.571154 6.9204354 0.8213998 -1.6427255 -0.2811935 0.9111169 -1.8269715 -0.66615707 -3.066937 -1.3074343
philosophy 0.47763896 -1.4311504 7.6808157 9.218223 -0.14071183 11.784418 -0.9487055 5.341303 6.587995 -2.6093075 1.7593656 7.654103 0.5705188 -2.4503448 -1.8154523 4.101358 2.6418514 -0.3550044 -1.2986858 4.6445284
views 2.0152469 3.545135 3.1182277 5.9664288 -2.0340505 2.7923863 2.166292 5.223345 3.5989652 -1.9000987 -0.0938172 4.0133986 -6.9319673 -1.7915906 -5.4372416 0.6847177 -0.765141 2.2072175 0.9741158 -3.4165864
ideas 5.115817 1.5465072 8.00345 3.3731158 -0.94695157 6.534973 3.6078124 7.3799114 3.7476418 -4.731859 3.4922872 6.7951903 -4.0499353 0.21832022 -3.5930264 5.5081944 -3.0885231 1.1796635 4.5884724 0.25453064
scholars 1.8029975 -1.2976449 4.478074 7.0895786 0.77490187 8.069041 5.538548 2.9037201 11.999212 -2.0019927 0.9163724 5.8052025 -4.9614077 1.6449848 -0.15027474 0.8495785 -0.93760806 1.2693337 -2.6523697 -0.13119909
context 5.1769705 -0.8211639 5.2022185 3.7122238 -2.4519527 5.7539115 4.373051 1.6120754 4.9394007 1.6818988 -1.6384678 6.598488 -4.5784864 0.5021878 -4.4749513 2.701095 -0.8011635 2.775582 1.2594527 -0.12207764
influential 0.87320244 -3.5695763 -2.1785038 2.1092544 0.32609522 6.289466 -3.3767061 3.44935 9.961539 -5.1846604 -1.2570689 2.407875 0.1878418 -1.937443 0.2846209 4.180902 -6.676991 0.58219296 -0.26593703 -3.4105034
principles 4.0579715 0.4913473 7.29884 8.179391 -1.7945154 5.887192 3.1684494 4.729981 4.558691 2.4533823 -0.96958524 9.079892 -4.761225 3.0578635 1.1228899 6.6380453 -1.8105046 3.1398613 1.7987098 3.901731
spiritual 2.4790509 -0.6660844 3.1666539 5.678272 0.8212336 12.601378 4.0632534 3.398897 2.6074567 -2.8139904 0.89634913 1.6429318 -3.2587824 -0.16652414 -4.358113 4.909481 4.0130353 6.4885235 -1.7903912 3.511151
contribution -0.24513885 3.5636048 1.1449703 1.7746807 -4.715354 5.9478073 -2.8639266 4.677596 7.9083476 2.7029223 -0.38435996 5.710428 -2.3540874 -0.7303891 0.5664871 4.311962 0.8804276 -0.9548144 2.1392725 0.51423556
historians 1.1641283 -1.1951964 3.8710413 5.5200367 0.46547213 5.09413 4.6327276 3.746275 12.399671 0.1388551 3.5194917 3.5748963 -3.890955 4.5280776 -3.3885577 3.0498934 -4.574867 -1.1063542 -2.1033876 -3.4076226
interpretation 1.9540153 -0.477217 8.605629 4.6034856 -2.1192327 3.8110538 4.1895623 2.9631875 5.266615 0.12215164 -2.0207057 7.022423 -0.5658749 1.4790229 -4.316381 4.186662 0.9501978 4.271583 -1.2230521 -1.0735409
intellectual 1.3295535 0.61599 2.5430293 1.7521576 -2.6824946 10.232107 -1.3019937 1.67489 4.026892 -1.1373084 -1.5187749 2.994579 -4.3547554 -0.7364718 -1.3340511 9.51751 -4.813782 1.8014537 -0.8694491 0.6630651
beliefs 3.5172348 1.0788672 5.9131875 7.6790853 2.5241196 8.365228 6.7256784 3.4504719 6.7016087 -1.6365496 1.7316457 3.5836484 -8.23057 -1.0689604 -3.9074178 3.7136266 -1.9791235 7.583659 -1.4838868 -0.81413376
topic 3.7378905 1.1622614 4.795108 3.5352223 -3.2406528 1.8538651 3.8118362 3.2164366 7.1421485 -4.46922 -2.954382 4.6464643 -5.1442924 -3.7974598 -3.0836802 2.3090472 0.40221852 0.6129414 0.37647158 1.0427598
philosophical 2.057102 -1.9976932 7.0233016 7.5843067 -2.733407 9.5863 2.0600474 4.367358 7.3745766 -2.993012 -2.2500446 5.5024962 0.8845212 -1.1467652 -4.3700795 6.0803823 -0.4473901 0.055203833 -1.4841014 0.18523017
ethics -0.40189594 0.27045035 3.7790303 7.50704 -2.7217038 4.10029 2.6102345 3.2977645 3.9655704 -1.1539712 -5.3383503 5.6380944 -4.9556975 -3.8937256 0.7120249 10.524619 -2.1340005 2.0334063 -3.598795 4.9747562
notion 3.336084 -1.5964457 9.01991 3.5580893 0.8119957 5.095244 3.422129 3.2327104 2.06173 1.6304144 1.4400288 6.487017 -3.8765445 -0.2283138 -4.689248 6.654847 -0.5845586 3.2512827 0.32536817 -1.3798693
scholarly 1.7101916 -0.1411559 3.1497211 5.3665676 -4.975503 6.9920545 0.99243945 1.0132945 11.388591 -4.3199787 -3.854518 5.971551 -1.4639311 -0.52310216 -1.9610603 3.2610931 -2.128003 -1.3518746 -1.8627161 0.5582093
interpretations 3.672023 0.38518903 7.241836 3.003629 -1.9243417 5.157977 5.514704 3.3985724 8.478507 -0.61966425 -1.8892244 5.132763 -0.9674382 0.42646125 -2.7489383 0.74028635 -1.1225176 4.4773655 0.57594967 -3.8398635
ideals 4.27261 -1.3510084 5.508816 5.6608114 2.6913576 9.02365 0.989587 7.92139 2.8581955 0.8574678 3.234967 4.268295 -4.2240376 0.2147812 -0.93695164 6.098841 -1.0028542 5.253405 1.0058092 -0.5596677
realism 2.748523 -0.11362676 7.163199 0.85022557 -1.2878824 9.556003 3.3383398 9.9143305 4.895474 0.7476139 2.5120935 4.9374247 1.9954668 -1.5650005 -3.518327 5.405297 -1.5274949 1.3808199 5.2370925 -2.4283574
discourse 3.097359 -0.9671368 6.5286913 7.2606277 -1.2692899 7.408424 4.0554147 5.4989996 5.309826 -0.39364767 -1.7612051 5.3588376 -4.358947 -1.1896921 -4.3858824 2.3153505 -0.686403 3.0346558 0.059337292 -0.0127504375
philosophers 1.7869041 -1.0115672 6.9993725 5.690998 0.4665109 9.104469 4.5700603 3.9313784 9.9667 -2.0400825 1.547192 3.8534577 1.6801915 0.61182874 -0.9489821 4.634934 -1.8606112 1.170027 -2.4034617 -2.5061362
critique -0.048591204 -0.8423989 7.5587416 3.9958932 -2.729028 5.1428766 1.239249 7.4039927 5.8255587 -1.0641631 -1.8338186 4.374031 -1.5353879 -2.4282885 -5.464314 4.8078084 -3.3675172 0.31986246 -0.44185892 -0.008267651
conceptual 5.6277623 -0.61719704 7.741651 -0.30653304 -4.6618133 6.7675133 1.571256 3.5905623 1.4090133 -1.9935256 -1.8133991 5.6375623 2.6456637 -1.5437512 -2.8296292 5.810575 -1.8132424 0.13291298 2.6377025 0.92001456
perspectives 5.012174 1.2962916 3.9534733 4.545641 -2.9466598 6.4189363 4.1314507 4.0768056 5.4515266 -1.1004189 -2.9442585 4.933423 -3.8672032 -5.614824 -1.262623 3.3869712 -0.970497 0.86558664 2.0174415 -0.54486567
rhetoric 1.0782135 -1.7114116 6.680328 8.153267 1.4891868 5.772411 3.3422313 7.158074 5.280998 -1.4511572 -0.08312934 2.6346245 -2.2182374 -0.41381967 -3.1087575 3.673799 -2.4761643 2.8098648 2.0456996 0.33159277
morality -0.0031453152 -0.17442004 4.695957 4.48288 0.14946124 7.1970906 4.3969355 4.992568 4.516385 -0.48782232 -0.34386563 3.2329013 -4.700119 -0.7293356 -4.6948266 9.057602 0.24941313 5.214819 -0.90167284 -1.6053859
outlook 0.700419 0.342797 2.9102793 3.1882076 -1.957889 2.8925016 -1.226248 5.508029 3.545007 -1.5227046 -0.43481547 5.097882 -5.0697274 -2.1923354 -4.6702695 1.6471548 -1.1755342 0.19128948 3.4105754 -0.51848423
feminism 3.9530113 0.47703767 4.989924 4.8327026 1.614912 6.06412 1.3516808 6.920931 7.2178545 -1.1720858 1.0789202 2.842628 -3.9870274 -9.412581 -4.2358665 4.659963 -2.77946 4.201327 -1.1641963 -0.5783333
culturally 4.5662775 0.5269665 -0.7826365 3.5922384 -0.11601922 9.090485 0.33310544 -0.5290231 3.988714 0.4580543 -0.22023056 5.5033855 -6.1819506 -2.5509002 -3.6886501 2.3542383 -4.7584186 5.173149 2.2995136 -3.926938
aesthetics 2.4803135 0.89325213 5.2613544 1.6831812 -3.3768744 9.312145 0.62061 5.1450853 2.2794092 -1.2431835 -0.83538175 5.7329698 2.325329 -1.8324494 -2.6049082 3.546779 -1.61363 2.0088878 3.475703 0.26025167
proponent -2.884303 -0.52290314 3.429034 6.1145806 -0.062487014 5.8220053 -3.3052254 4.2375517 3.6241934 0.83240324 -1.3620791 0.9649215 1.3814423 -3.008026 -1.2275012 5.779068 -7.0615063 -0.30840194 1.7143321 1.7247405
paradigm 5.392035 -1.6689451 8.12014 3.9154277 -1.0142787 4.0117927 2.0059543 3.6687489 1.945143 0.4119099 0.050023425 7.3173637 -3.0283759 -2.6465063 -2.5806377 3.6576343 -1.4843597 -0.7988981 3.8490016 1.650545
spirituality 2.2658021 2.4027345 3.9357102 5.6808796 -0.29428306 12.185304 2.8614576 3.5127501 4.0541916 -3.4730148 1.5194492 4.098371 -2.0117705 -4.7480917 -4.2790523 2.3764975 2.3437169 5.036168 -2.1599028 2.138094
viewpoint 2.3354893 -1.2211003 3.4918785 4.6320596 -0.012143872 3.9122808 3.65904 3.7365406 2.0482523 0.32234433 -0.00140789 4.7729187 -3.1774876 -1.8730156 -3.9898462 3.7018006 0.24933793 0.8120698 1.1838249 -2.736012
notions 3.4914742 -0.31321242 7.0720944 4.1070385 0.36081123 7.09119 3.530942 3.8649654 3.3096547 1.4084482 0.82043016 5.9587946 -3.1348646 -0.56464714 -2.7580888 6.2916946 -0.4312714 4.1250925 1.1739249 -2.9766135
thinkers 2.7588813 -1.5719197 4.573345 5.2316966 0.51760876 8.307405 1.7945229 7.390363 8.715884 -0.9333173 1.1043731 3.7662783 -2.0608747 -2.0358593 0.06030536 2.5928473 -4.1312723 -0.012833089 0.9162719 -1.4789662
humanist 1.2511611 -1.1341182 3.2813349 4.570768 -0.08682179 8.90768 -1.6263224 6.941815 7.346858 -1.9308455 0.26696238 2.8311403 0.60005593 0.3813974 2.758914 3.3452768 -4.7089863 3.5076025 -4.9416866 1.5464457
sociological 3.4522882 -1.5798544 3.983455 6.208011 -2.492863 6.853819 0.60330594 2.2468264 7.4233823 0.42860025 -3.037135 4.9761295 -0.5423545 -6.048181 -1.6248487 5.291396 -3.962667 -1.4701034 -1.4762009 1.6022664
globalization 5.0187755 -0.5797212 3.3415954 1.7366883 -2.6928685 6.336088 -3.9164588 3.5226274 4.9472537 2.179596 0.60127807 4.2912 -5.8846216 -5.3837795 -6.3679924 3.102349 -3.8654282 -0.8810574 2.7733526 3.3495631
theorists 3.1782591 -1.9345285 9.239553 4.2504516 -0.055911463 5.672283 2.528911 4.5568933 6.739526 -0.4724966 -0.16106184 2.8655005 -1.9118333 -1.9752142 -0.5061741 5.9007297 -5.4999485 -1.6613872 1.0096492 -1.9932256
modernism 3.6894083 1.603808 5.4619226 4.585246 -1.6905273 9.646995 -1.8190278 7.5410204 5.5928607 0.047089424 3.558944 3.8083234 2.8958857 0.31854057 -3.175129 0.9420815 -3.851299 0.78710145 3.0669632 -1.113847
journalistic -0.18767464 -1.1637958 1.6932212 1.8110389 -3.0234663 3.3525581 1.0233284 5.04053 7.3252206 -3.880209 -2.74348 1.2921888 -3.6050723 -2.1562638 -1.7327586 3.513458 -2.3536372 -2.8509831 1.43518 1.61885
mathematicians 3.3653448 -3.9458413 5.4258456 2.936676 -0.320229 5.1090927 0.38173383 2.4693542 8.382834 -1.7244745 -0.7206716 5.432161 0.65908825 1.4395432 5.432579 3.2310483 1.3337512 -2.0297048 -0.5514656 2.0925615
visionary -0.16555333 -0.050238296 2.1029763 0.4350625 -1.1384374 6.063284 0.84183484 6.0556793 1.515001 -2.3990371 1.1570853 4.281939 1.3793869 -3.2955966 -1.8777153 5.0069566 -1.647765 0.42878664 -1.106346 0.7770769
postmodern 3.5898438 -0.113922864 5.487465 1.9603454 -2.7868311 7.605237 0.6460895 5.7680187 2.0621064 -2.449544 -0.3706089 4.4276996 3.494619 -3.5126026 -5.03988 3.4128642 -3.4536202 1.214119 1.0949274 -2.670349
cosmology 5.204816 -2.8581977 5.6851044 3.8017964 -2.314634 6.852398 3.4182856 1.065628 4.580787 2.7143867 -0.4588436 6.3470807 4.4394045 -3.272774 -5.542481 1.9959302 4.1669636 0.021058105 -2.014075 2.2853591
esoteric 3.2787058 -3.7698195 3.8007178 1.8534127 0.116692014 7.5495753 4.9675045 1.6132257 3.634674 -3.2484655 -0.82203776 4.7532663 3.3688898 -1.2022614 -4.4652567 0.94088274 -0.95277977 4.529546 -0.029589249 2.5200474
occult 2.1144812 -0.33495066 2.7307303 0.6720615 -0.6592887 6.4096045 8.642628 2.175441 3.8537433 -3.4739254 1.3115884 1.8920798 3.3227406 -2.2253597 -3.7581081 4.6548095 -2.4765334 1.5239538 -2.791403 2.4879143
psychoanalysis 0.91864675 0.31756288 10.145075 4.5276093 -0.81394196 7.668653 2.9226873 3.6839712 6.554563 -3.7242782 1.104568 1.9662696 0.45843634 -3.552212 -0.51801723 4.5269656 -1.2938992 -2.614579 -0.5682645 4.1404567
pedagogy 3.095802 -1.444799 7.399596 4.8308625 -1.001703 9.855516 -2.1450548 3.1291304 4.1888714 -3.9850278 -1.1693902 4.443874 -0.7244948 -3.1664023 2.7213936 1.4657282 1.5642987 -0.18418844 1.5247252 5.318832
metaphysical 2.5360904 -1.8308468 7.709199 3.18353 -1.5651755 8.475587 2.8539104 3.2609663 3.193489 -0.8558954 -0.28089246 4.1081357 1.4408652 -1.4372362 -6.288171 6.402811 1.7921616 2.503875 -1.7806635 -0.69838023
ethos 2.5328934 0.5274857 1.2582705 4.401207 0.58952445 7.0612216 0.9842292 5.770976 1.1891136 -2.2051017 1.3851725 4.9167433 -2.109525 -0.2040271 -1.5793475 4.7194014 -1.0565997 4.633937 3.4372637 -0.31717256
realist 1.5678703 -1.5052326 4.5095596 1.2266343 -0.26773718 9.698354 0.8088138 6.7926455 5.0955305 -2.072038 2.096475 3.0945425 4.0499206 -1.3765363 -1.5848521 4.6127453 -4.534972 0.45149627 1.6921014 -2.1197724
profoundly -0.26925978 2.0841959 5.3187265 3.5273514 1.5642506 6.32522 2.7871313 3.7372823 4.92341 -2.3487206 4.8269157 0.81465983 -3.3966525 -1.9977049 -4.955789 2.3352268 0.052192796 -0.08447068 2.2658195 -0.66578066
modernity 3.6752014 -0.5250348 4.6175876 2.6127236 -1.1831677 9.274637 -0.37089738 5.0995784 4.0442214 1.220072 2.262124 3.1941774 -0.36577675 -0.83571833 -6.7261376 2.5076497 -1.1243415 2.3530598 1.47599 0.4387185
mysticism 1.6353686 -0.29381564 6.251091 4.9371367 0.8189208 10.926102 4.960994 4.0808034 5.602973 -1.0275658 2.256383 2.9278312 2.5562835 -2.6348598 -5.3891363 -0.045527127 -0.3767717 3.9728677 -1.1020466 1.6420884
philosophies 3.563108 -1.2175641 3.9096854 6.08149 0.33351064 9.020108 2.051422 3.6824086 4.8425126 -1.0461276 0.46146238 4.95198 -1.9118822 -2.299763 -1.8558489 3.1658762 -0.6721874 1.3079392 1.6892636 -0.2504777
romanticism 2.3660038 0.33122215 5.957641 1.9227467 -0.07485104 10.679063 -0.6162422 7.7601233 7.2658744 0.90854084 5.136936 2.6243927 4.0612574 0.32240918 -3.9810498 -0.46252415 -1.830822 1.7363069 2.8004181 -3.2123575
metaphysics 1.3411789 -2.5051389 9.046087 6.210879 -1.2152499 8.243647 1.7413411 3.665897 4.402081 -0.5892227 0.122276045 5.716067 1.7730339 -0.8569116 -4.7231336 4.4873548 1.9541583 0.22538525 -2.4832482 1.2688733
critiques 0.76108104 -0.5367752 5.282772 2.6582954 -2.8388612 4.260411 2.3690994 5.172043 6.1376987 -2.0945542 -3.3753343 2.737234 -2.6538684 -3.0372956 -3.2139153 3.5132349 -3.039682 0.15718691 0.33251944 -1.4623657
standpoint 0.88683283 -0.5382235 4.1078515 2.758181 -1.287349 3.778527 0.6468724 1.9374936 4.1409698 0.07818877 -0.96228427 3.7642555 -2.7656913 -1.0015427 -3.0095868 5.865281 -1.3412153 0.18063705 3.2225528 -0.14808464
thinker -2.4595149 -2.6862597 4.6737065 3.2466128 1.8102484 7.5346417 2.418804 7.8337812 4.5191855 0.39571026 2.0960402 2.5887103 0.79101115 -1.7706782 -1.6079856 3.8882334 -2.8358903 -0.054507174 0.23218428 -0.30686563
rhetorical 1.1280786 -4.369638 6.559789 3.4973593 -0.6844431 5.504037 5.1516204 3.5264144 3.9225986 -1.620701 -3.4625497 3.8649364 0.78295314 1.0337328 -4.3219266 6.6041975 -0.73091215 3.1481092 2.5023646 -1.6417717
anthropologists 2.5774884 -0.89706105 2.3248327 4.1092234 1.219771 6.2081637 4.3058887 -1.9089153 8.271685 -1.4244568 2.612592 3.601695 -1.9581826 -3.8652523 -0.8199273 4.284914 -4.49639 -3.3877575 -2.4276016 0.2815492
anarchism 5.000762 -1.7295808 7.1426015 5.007464 1.6120226 5.365541 -0.73295444 5.986683 4.9610314 -0.6960547 3.0479078 2.3247342 -1.7438321 -2.4771035 -4.4232574 3.1420536 -8.602831 1.9500927 -0.3432914 -0.07944985
sociopolitical 5.2842064 -3.2725832 2.417627 2.593293 -1.7048169 8.490644 -0.2327786 4.169226 4.7860746 1.3598211 -2.3597298 0.44636387 -4.3722973 -3.3985105 -5.998122 2.104449 -3.127517 1.8941629 2.0795712 0.40964562
doctrinal 4.4826593 -1.2870724 6.4508915 9.995896 -1.5951219 4.2121487 1.0595214 1.9057574 6.360434 -1.080082 -3.8394804 0.90951484 -2.7482402 4.0219812 -3.0909178 4.7022943 -1.0049672 4.082064 -0.018106446 0.5265089
duality 4.4449143 -2.4102402 9.899035 1.999598 0.37550575 4.0828557 0.9465478 2.2190793 -0.007847786 1.8118222 0.3746526 5.9668646 1.1764392 -2.6310446 -2.5958292 5.4056344 2.9015958 2.90732 -1.636796 -2.8597026
tenets 3.5727131 -0.108734496 5.537005 8.484262 0.19009422 6.2519155 4.1554055 4.788041 4.3737197 0.14369585 -0.7726543 3.9177525 -3.5376582 1.3771349 -0.87396353 2.2729225 -0.3963476 4.586601 0.47525868 1.6906465
foundational 4.5786657 -2.3893344 4.3283195 3.8656762 -2.6097744 5.78368 0.46922845 0.04710403 3.7180452 -2.0876687 -3.0692668 3.8120892 1.2321349 -0.07398495 -1.4875544 5.0247326 -0.9461758 0.5533995 -1.3300822 0.9861108
worldview 3.291942 -0.5970033 5.5769267 5.277577 0.8646912 6.018176 2.864807 4.925042 3.3874393 -0.70164996 1.4748482 4.8295403 -2.2299016 -3.152988 -4.6861286 2.9160926 -1.0369717 2.9854107 0.52920413 0.56013954
atheism 1.1746526 0.03307407 6.508904 6.712279 1.0982503 3.757469 1.19632 4.580344 6.613882 -1.0417881 1.0023435 0.66849756 -3.5999415 -1.1328503 -5.408092 2.5641596 -2.3596754 4.1024084 -2.4056518 1.3305184
humanism 2.007375 -0.21242064 5.8969984 5.3075485 -0.38123924 8.963431 -0.99670106 6.8864794 5.6832194 0.26837623 1.7914983 4.178185 0.11617112 -0.83103126 -3.2462687 3.3988144 -1.6239152 3.6359372 -1.6734537 1.1245828
contradictions 2.6578867 0.18097721 6.9205475 2.6007364 -1.523064 4.327296 4.852092 3.5108194 4.775996 0.87136686 -0.30573362 0.40728053 -3.7773511 -0.07263929 -6.364985 3.9582083 -1.0890336 1.6115108 0.8739528 -2.7690597
harmonious 2.9049575 0.31257182 3.564788 0.70380217 0.14367488 8.914717 -0.8223432 1.523953 0.50939673 -1.1125091 1.5106078 2.7206466 0.34451056 0.92493886 -3.0844138 4.5747623 -0.012790917 5.8663993 3.0212023 -1.6523564
idealism -0.18964662 -0.4834257 7.0602527 4.3951592 1.513393 7.5860453 1.1125768 7.3448 4.6812563 1.2949106 3.9101508 1.9673331 0.7879552 -0.6427093 -4.89994 5.106164 -1.044704 2.0983403 1.3253791 -0.23558527
dogma 3.4780223 0.52594143 7.2921815 5.0321803 0.08356703 2.9748743 2.5419595 4.60255 3.79292 -0.4270007 1.0192316 2.6845999 -0.94344455 0.7844609 -3.4805667 2.9747431 1.3343407 5.3816323 -2.5030186 1.0166177
psychoanalytic 0.79549086 0.24665101 7.538859 4.9331393 -1.2158204 6.8410363 2.6027224 2.3836775 6.388526 -4.327409 -1.2605871 0.75950104 1.1703801 -3.5560763 0.24601218 4.99627 -3.0512524 -0.6219738 -0.52159864 5.4171143
coexistence 6.5221605 -0.649487 2.5142446 1.7585374 0.080354705 6.0973945 0.52302694 0.38045275 2.4970596 2.327313 1.0611068 0.6535833 -4.383206 -1.4110363 -4.695459 2.8634124 -0.656088 4.6028957 0.5307202 2.3570771
embodiment 0.68040675 -1.4267235 2.3788493 0.10285498 0.51691765 7.24514 3.5828536 4.1298885 1.7562081 1.9389701 0.8187788 2.7295415 1.1208653 -2.3597758 -4.609249 5.7741404 1.2585021 5.3570123 -1.3867544 -0.4441579
humanistic 1.6813893 -1.0724226 5.399527 4.6174197 -0.51659644 9.936437 -0.8260016 2.679112 3.5093927 -2.453181 -0.7790343 3.171044 0.31966275 -3.0555174 -1.0144058 4.12949 -0.29688776 2.071813 -1.0178157 2.558384
chicano 9.223784 -1.0561038 1.2845198 1.8608569 1.0940486 5.369086 0.70928675 4.4262633 2.278777 -3.480464 1.5627203 -1.0434757 -2.1578257 -9.457811 -1.9981863 2.0988944 -4.296476 1.8260852 -4.9817686 0.30652574
epistemology 2.1563962 -2.6101964 9.178268 6.9704514 -0.8807689 8.571157 0.9778697 2.3223808 2.9117413 -0.61488384 -0.70904016 6.3239465 -0.42859903 -3.6596334 -3.0060203 6.047717 -0.35368368 -1.0644592 -2.9384308 0.5614136
eugenics 0.29562232 1.7442584 3.7436566 5.606361 0.6465687 2.48389 0.82995373 1.5599115 8.0682 -0.5491747 1.7287148 1.1197944 -2.329288 -2.9753656 -1.4344466 7.028998 -5.2690086 0.13124627 -1.002746 4.5049367
intercultural 4.7709737 -2.7394097 1.4134147 1.7133952 -2.6799548 9.990058 -1.878233 3.195958 1.5227941 -1.3851382 -2.901351 2.8959637 -3.179381 -4.809292 -0.6457189 2.6159098 0.3349394 0.99849385 -0.71859235 6.863121
leibniz 1.4277383 -1.5682701 10.849786 3.123749 -1.7755104 3.4919727 -2.0838861 1.3798739 4.3950896 -0.9829956 1.8094699 6.774712 3.6244855 4.3609657 0.7419655 4.860418 -0.34623295 -1.5415355 -3.477468 2.8042133
conceptions 4.090921 0.21986604 5.307076 4.0586767 -0.47789717 7.4380956 2.5005848 2.8148408 5.570169 1.7836831 0.7876758 4.2888737 -1.3509752 -0.93511134 -3.5508866 4.298836 -0.38862392 3.3894963 0.8103992 -2.1962364
nonviolence 0.99224013 -1.3621252 1.9556191 4.837175 0.5093691 6.7035837 2.6881342 6.0318413 2.3876514 -0.48964933 -0.4399079 -0.20803617 -4.184437 -2.3594203 -3.965861 5.2750607 0.51687443 4.668961 -1.3138957 5.153816
counterculture 4.178161 2.7860453 0.9823956 2.1238983 0.44872847 4.8734365 0.67503875 5.8063083 3.11217 -4.7403197 3.2544858 0.4057778 -0.83505344 -6.8114 -4.319873 0.3135513 -6.442009 2.1191776 1.6605825 -1.2731286
pluralism 2.809203 -0.13899687 5.299753 6.517801 -0.8619042 5.929595 -1.6234548 4.8306355 4.0629516 2.1000073 -1.3826094 3.3455675 -4.749901 -2.1292992 -3.7987244 4.0728374 -1.7166411 5.236274 -0.9549214 2.4046571
formalism 2.668831 -2.2177618 11.177473 4.4764814 -0.5732986 3.8482974 0.14627527 3.1966743 1.9068733 0.72161514 0.0752282 6.985974 1.353854 1.2979393 -0.5370701 4.5266047 -0.13735649 -0.03390387 2.3978612 -0.3662078
rationality 1.3816664 -1.873535 8.30222 4.3555365 -0.33874914 6.4695783 0.6280196 2.8685915 0.7127291 2.6113923 0.10873173 6.415045 -3.129847 -1.5339127 -4.1061916 8.643265 0.61185074 1.4440612 -0.062294733 -0.6844312
egalitarian 3.667778 -1.8786379 2.1461203 4.5030046 2.0499525 7.2534537 -1.2730203 0.8228869 1.806959 -1.0890728 0.10577574 3.0344622 -4.2692876 -0.84448534 -2.5277975 6.066795 -3.8662572 6.168293 0.8685475 -0.76449126
hegel 0.7895575 -2.5517614 11.325407 4.3153806 0.13980944 5.6271024 0.09152583 5.1243353 5.5139747 -1.0993849 2.676885 3.9615328 2.1937387 0.60861915 -4.3143606 3.1126013 -0.38655794 0.17418022 -2.171277 1.298845
sociocultural 5.2678204 -2.3188508 2.304852 2.944773 -1.683693 10.850656 -0.21791959 0.31949705 3.0397875 1.6965176 -2.2330408 2.4543324 -4.1317706 -4.298886 -2.5021095 2.5122602 -0.60151917 0.5799993 0.71528715 0.077870436
naturalism 1.9586488 0.17342961 7.1072083 2.752333 -0.56379265 8.920434 0.79664 5.566213 4.250081 0.30858847 2.9645934 3.2485998 2.739052 -0.23795287 -2.9536166 5.063324 -0.41193658 0.62236106 1.7882979 -3.1039484
multiculturalism 0.5323687 -0.592571 1.0186822 4.504953 -0.44874522 4.5207 -2.2872431 5.677666 5.4218388 1.3302604 -0.5861812 4.01003 -5.7148695 -4.577751 -4.483964 3.5693915 -2.74612 3.2920299 -0.15584666 1.6620952
objectivity -0.4673264 0.02291484 6.0914407 3.2627773 -2.2127962 3.9608696 2.0660427 4.7922726 4.896458 0.8277396 -0.9653093 3.7283916 -2.737293 0.17761219 -4.2511883 7.5874925 -0.22025779 1.1825149 1.6719545 1.1181892
individualism 1.5809834 -0.034063477 5.2709374 3.497004 1.401338 7.5886593 -1.030165 5.4025064 2.7016509 1.5299265 3.168396 3.5171237 -2.72158 -2.5410037 -5.1719213 6.7730145 -2.836338 3.956868 1.241347 -1.2449025
dichotomy 3.1589243 -0.6378082 6.4374914 3.5099492 0.9387882 4.143862 2.0344133 2.8066626 2.7716868 1.9799253 1.2916514 4.694276 -2.398035 -3.335426 -4.587859 4.7802815 -0.024217097 2.8102882 0.47207674 -2.7941434
confucianism 1.844802 -5.7116838 2.7234514 4.1204004 2.3162327 9.324592 0.068138756 2.8618305 6.329011 0.39715838 2.495511 6.7639656 -2.0960636 1.8713562 -3.9374793 0.02740974 0.7114697 3.812409 1.4291369 3.8062103
sociologists 1.2097288 -1.8417617 4.9580183 4.170255 1.0349275 5.5469594 0.81212527 0.74417007 7.0516667 -2.3576617 -0.251737 2.491457 -2.1627398 -4.137802 1.0822867 4.769775 -5.3711596 -2.1714954 -0.83665746 -0.35837394
didactic 0.9740367 -2.2466416 4.844615 1.2378603 -2.822147 8.663083 3.7221189 1.5216548 4.5627 -4.3207855 -3.4561462 3.2209437 1.0693473 1.0202813 -2.6409929 1.117389 0.14097294 1.4572186 0.7458117 -1.915269
poetics 1.0199195 -1.0475012 5.125654 3.8312755 -2.252941 6.9062734 1.8546464 4.1594806 4.2986875 -2.4892797 -1.9633676 4.737976 4.5660896 -4.363184 -3.4929302 0.14449522 0.3434016 0.96478957 -1.8763641 0.6606666
theosophical -0.17238085 -2.8087056 -0.6321256 6.8129773 0.03346658 7.194635 2.8399405 3.419805 2.7956066 -4.764225 0.09872378 3.5184083 1.51508 0.45439407 -2.1741455 1.3225632 -1.8330191 1.1879013 -4.804081 3.7404735
transformative 2.204884 0.70523113 3.3788617 0.6134407 -3.1650772 5.7394977 0.06925062 2.8201036 0.6338648 -1.5908651 -1.107408 2.983202 -1.6273503 -2.7886603 -3.9765859 7.131446 0.015462326 1.302139 0.97737336 2.3954327
urbanism 5.688772 1.3067315 2.3310978 4.6428757 -5.1231017 8.500688 -3.6291816 4.3738546 -0.3831283 0.50248706 -0.7529922 4.8258524 0.026591906 -0.87009037 -2.1126873 2.5028412 -3.2933128 -1.0940046 -0.3477384 1.3398405
phenomenology 2.469296 -1.7934358 9.660832 4.5589075 -1.5320684 7.860801 0.6060178 2.9076836 3.9253008 -0.39683205 0.5039606 4.24106 3.8085527 -2.7752807 -3.2164865 4.3279986 0.72499245 -1.730474 -1.2019792 2.0142252
tenet 0.650509 -0.8139052 3.88495 5.71877 -0.6735064 2.2516103 1.9088094 4.20814 -0.026964076 0.21054168 -0.9550151 3.3845305 -2.7238903 -1.0357943 -1.7764184 2.602841 -2.5249488 0.7573121 -2.3995938 4.3152757
representational 4.3256507 0.03898083 3.7397943 1.3945042 -2.2646785 6.674693 1.672442 1.4849168 1.5907825 -1.572517 -0.9524146 3.2639487 0.7723559 1.8389614 -0.54006875 5.421725 -1.2862607 2.6829553 2.5973313 -0.77706605
ontological 4.0879984 -3.2841122 8.4365835 3.3203027 -1.3204345 6.6711073 1.0936877 1.3760146 1.7148931 1.5550354 -2.3816469 4.376224 -0.6625883 -1.4614813 -3.741588 7.5397234 2.291058 2.9439898 -2.4037926 -1.0074863
determinism 2.3339446 -1.0382404 10.131095 5.0720477 0.072474726 4.831922 1.3062406 3.1141958 3.0836995 2.800998 0.923941 5.3216834 -2.6376743 -3.109682 -5.2119045 8.05275 -1.1367999 1.3651115 -1.1167195 -0.35306442
understandings 5.0333085 0.2923948 4.4266367 3.662175 -1.535713 6.01376 2.5348253 1.85052 4.961271 0.81539994 -0.10177607 4.226472 -3.8606365 -0.4315122 -3.3502004 4.3250604 -0.55338967 3.051564 1.1658984 1.5472218
postmodernism 3.5412238 -0.7229218 7.3242154 3.6934414 -1.3398852 6.651116 -1.0378739 6.503181 3.5816836 -0.9875211 1.3111355 4.040879 1.4645368 -2.6101892 -4.462979 2.8178425 -2.6583 0.0032048007 0.4884316 -2.0131807
environmentalism 0.6926463 2.572448 1.9242048 3.2177837 -1.3922687 5.3553934 -0.9740139 4.1558533 2.2142239 0.3972917 0.15852182 2.7214074 -3.239305 -6.645288 -4.3147244 4.438331 -4.239743 1.7599641 0.04867391 0.54279995
futurist 2.8602815 -0.63969046 4.7749877 -0.8833814 -2.479085 5.7815237 0.3171526 7.094604 2.3714705 -2.3666916 0.5501729 1.2668188 4.390391 -1.6834413 -0.55392915 2.2866073 -4.9125495 -0.5291794 -0.5546326 1.0227298
creationism 1.6662068 0.81263185 4.2713 7.384289 0.82071316 2.5685215 3.1064014 1.9472768 4.7587914 -3.4336045 1.4239657 5.544925 -0.5444959 -3.69046 -3.4362657 7.5684037 -0.6027664 1.7370224 -2.3255012 2.128165
rationalist -0.21469972 -3.2825842 3.8267457 5.9429994 0.4023977 8.342755 -0.25764185 5.9994287 3.5074825 -0.2595791 -0.41644928 2.5355692 0.11633055 -0.30264932 -1.8707323 2.720277 -3.3628795 0.9813581 -1.1272289 0.29581815
championing -0.8335028 1.1715897 0.8229023 1.5849935 -0.7421163 4.0318933 -1.6996595 3.7905998 3.9993362 -1.5297459 -1.0549009 -0.08573662 -1.569712 -2.905475 -1.7044951 5.020804 -4.0026317 2.4865155 1.4374113 0.4002098
dialectic 3.0098245 -1.5888293 7.736817 4.578345 0.0060339915 6.6875973 0.9515417 3.6886032 3.039706 -0.92334336 0.6046171 4.094847 0.795286 -0.3364817 -2.4838982 4.7018466 0.0005812886 2.218529 -0.7740309 0.20535317
transcendence 2.0964653 -1.416451 6.2999663 0.051120866 -0.31898063 5.335331 -0.5161355 3.150223 1.077797 1.1940614 1.1343111 2.6641722 0.89252526 -1.9146824 -5.24897 2.8379254 5.1717353 4.0455422 -0.21810511 1.8654922
subjectivity 2.51294 -0.24359433 7.550307 1.6358899 -1.0498556 6.7950077 2.8877869 2.9702122 3.0480978 1.5425283 -0.2354569 3.5018501 -1.9974949 -2.9588223 -3.6431296 6.591704 1.4491651 2.6545308 0.09490904 -0.5045033
spiritualism -0.79737717 1.8021443 3.1454353 4.106363 -0.0041613006 6.8279805 4.2129865 2.8769577 5.6822824 -3.515938 3.0068479 2.0083807 0.32594624 -1.7806222 -3.8830583 3.050071 -2.6696913 0.07027699 -1.9295372 1.0452663
rationalism 1.0505472 -0.90621907 7.606347 6.532489 0.3303545 7.646652 -0.84781724 5.577836 4.7544155 1.8461957 2.5618813 3.2261825 0.7840321 1.0498683 -4.4561253 3.955348 -1.822 1.8405737 1.1333246 0.23841806
consumerism 0.63989997 2.122368 1.8345207 -1.2269416 -1.9712954 6.1492505 0.37753648 4.474165 2.2630472 -0.62810373 1.1246089 3.2909396 -4.2931747 -4.031235 -6.358397 3.4642513 -4.89308 2.923832 2.1959982 0.21583875
patriarchy 3.0026362 -1.0742029 3.9729521 4.246214 2.6337147 6.138073 2.6445854 3.1858344 3.5646734 1.5369428 1.3227981 0.5835357 -4.0619907 -2.2660842 -2.6746151 4.4988804 -0.5547391 4.9465747 -0.7086899 -0.40831947
deconstruction 3.171745 0.41683653 5.6205854 0.8348096 -2.4315333 2.4348514 0.24585775 3.8264039 1.2938845 -1.5063952 -0.030588884 2.059868 1.4357907 -0.5938645 -4.2201385 2.61159 -0.8351557 1.1414332 0.5209184 0.32061616
spinoza 0.07243649 -0.7314724 9.017164 3.5272534 -0.2096407 5.57572 0.1626602 3.354963 3.9501617 -1.2219902 2.2575648 4.187172 0.79798436 0.47559997 -2.35149 2.979658 0.19339614 1.5427535 -6.23886 1.696683
epistemological 2.6183696 -2.695455 9.441307 4.966753 -1.7330405 7.0910816 1.328675 1.2760476 2.355891 0.54663223 -1.9847186 3.4741454 -1.2733262 -0.66354424 -4.069856 7.149749 0.7320592 0.32315472 -1.4528558 -0.36735684
theosophy 0.82559484 -1.4827595 4.953105 5.7666206 1.0223318 7.445661 3.2390652 2.4710708 4.9305806 -2.3979518 2.5953958 4.3854833 1.5895679 -0.4222802 -3.87774 0.7726424 -0.21317767 1.3246008 -3.444622 1.6582619
individualistic 1.5259495 -1.0923783 3.3450541 1.3656913 1.5598139 8.12479 -0.1449062 2.1689029 2.7652743 -1.0341133 0.8741642 2.6095147 -1.3839995 -2.8574047 -2.7269542 6.211369 -3.078455 3.954177 3.853826 -2.5763843
paradoxes 3.092584 -0.95713127 8.66691 1.4897361 -1.4877123 3.78333 3.920539 3.1987863 3.3922162 0.3548159 0.38912994 2.6660721 -0.7628265 -0.51395476 -3.7910197 4.2671037 1.2284089 -0.600426 -1.0098894 -2.7891068
constructivist 4.4910493 -2.2109861 6.452691 2.3788598 -1.8127528 8.846877 1.0562621 4.620869 1.5677495 -1.8147191 -0.605378 1.8986344 3.3758605 0.44230878 0.91414356 3.3531487 -3.811875 -0.38528 1.9248108 1.521111
ambivalence 0.67788374 0.4282307 5.9125075 2.3187876 0.16990827 4.464607 1.5035632 3.8165092 3.061042 -0.45762244 1.4938369 0.030484693 -2.7745337 -2.0049615 -6.1895523 3.5888255 0.6819082 2.2131922 0.81511486 -1.2649491
underpinnings 2.6500385 -1.20315 4.633793 1.030113 -1.7673274 3.6130528 0.63045 3.0922484 2.0003693 0.9725373 0.560801 4.0292025 0.20324507 -0.4332004 -1.5774642 3.8261893 -2.475513 -2.67419 3.0772357 -0.76034665
phenomenological 2.3554327 -2.3294766 9.683003 3.6989236 -1.8335465 6.365403 1.1184945 0.18131123 3.1182115 0.100829355 -1.1221093 4.3339725 1.872004 -1.741399 -3.03787 4.92579 0.60566586 -1.7352968 -0.29435524 1.2259238
religiosity 1.8797297 0.8397632 4.6373887 4.3293233 0.5356477 6.211623 0.2500143 1.3577183 5.74677 0.9439599 0.47785884 1.1223135 -3.883725 -1.8752584 -3.5536268 1.3694338 0.88064575 3.6907465 0.6823909 -1.3860948
globalisation 2.2000613 -1.1091955 1.3815821 0.7156948 -2.601872 5.319066 -3.7661095 3.9080162 4.1908493 2.1277695 -0.4727445 2.4976158 -4.852171 -3.0078232 -4.8644996 2.8238633 -2.8333292 -0.2834332 2.0798736 2.3821106
rethinking 1.5401716 -0.914861 3.0534093 2.632427 -2.6230736 3.634758 -0.95507663 3.0241315 2.1122901 -1.5434166 -2.4334967 1.4684945 -0.98481625 -2.8148794 -4.506762 4.5475264 -1.6111273 0.07625034 -0.029208697 2.2031438
pessimism -0.2455727 1.0510194 6.8486943 2.4128275 -0.15165535 4.824095 0.3126917 5.3143 4.943801 1.0826695 2.675447 -0.19569519 -1.9342569 -2.1606286 -7.195101 3.0115545 -0.023323309 0.73146147 1.9375916 -1.4451237
idealist -0.9836958 -2.8332143 4.4778748 1.9628023 2.412588 6.5612903 0.65885705 5.0641327 3.6618564 -0.33946022 2.6293838 1.1876986 0.18333377 -1.4072798 -2.5140028 4.5756793 -2.0603292 0.8899666 -0.6760185 -0.42350492
constructivism 4.6412005 -1.3607571 7.5427337 2.9377084 -1.049459 8.246303 -0.5196275 5.62502 2.504326 -0.014761694 1.7876447 3.656561 2.6621616 0.6917488 -0.0088688135 3.3225443 -3.656625 0.09517742 2.4452755 1.7182043
hermeneutics 1.5819861 -1.1562413 7.46681 7.061735 -1.5172837 7.098944 1.5804257 2.3265023 3.5728056 -0.844798 -1.4212463 4.443294 1.6097722 -1.2564119 -2.1244783 2.455002 0.015693827 1.1984069 -2.1454573 2.5425656
argumentation 0.8440123 -2.6928139 6.91252 5.323588 -1.1118686 3.8744683 2.6023772 2.7343364 2.7083938 -0.47882146 -2.6582568 4.3707895 -1.6660521 0.5365376 -2.0765426 5.1359057 0.07833462 1.1956794 0.03393578 0.20721531
darwinian 2.77542 -0.97518265 6.9703255 2.1574886 0.272344 4.513628 0.6193272 0.5802635 4.4715877 1.0416459 1.822672 2.7071662 0.52132285 -3.656366 -2.9024637 7.970735 -1.3421243 -1.045436 -0.53596324 -0.51561767
modernists 1.1986618 0.8578226 3.7739186 1.8265114 0.40971437 6.731637 0.21947229 5.4587107 6.407467 -1.0798585 3.4506998 1.4477468 0.7456497 0.56576294 0.62693954 0.05710008 -4.408195 0.37105864 1.5209328 -1.4686694
philosophically 1.0438131 -1.9226867 5.7812157 3.6081848 1.511295 5.4879575 1.5604028 2.4317493 3.2521217 -1.4485447 1.0680236 2.387002 -1.3062315 -0.64758116 -3.2810862 4.8771305 -0.97000134 1.8740642 0.55400753 -1.7186105
relativism 1.4206758 -0.9407236 7.762214 4.8938227 0.03726639 5.684043 0.55259746 4.796604 3.2502265 2.0889964 0.7708094 3.3208945 -2.1320896 -2.6702113 -4.8903847 5.792278 -0.92545074 2.0994546 -1.3831836 -0.8212857
avicenna -2.0187848 -1.7111405 5.1304207 4.930351 -0.59310627 7.1152225 3.9727936 -0.7746566 6.295648 2.0447133 -0.4420062 3.7737205 1.6288806 0.32210243 -2.2300274 -2.1846786 1.1563796 0.32269567 -3.1401253 3.521153
pluralistic 3.6660638 -1.1442885 2.3334453 4.551787 0.02444784 6.6946497 -1.589134 2.606579 1.7234725 0.80570626 -1.0062013 3.0642822 -3.2104542 -2.5856931 -3.203963 4.1005125 -2.3275228 5.3603845 -0.21593466 2.384932
syncretic 4.7513185 -2.3586326 1.8781168 2.7006495 0.9611679 9.146656 1.5278732 1.6192629 2.7769759 1.0746782 0.9065214 3.7765493 0.55608076 -1.2165504 -3.5782492 -2.158301 -2.0337572 6.0392127 -0.5875618 0.2645902
empiricism 0.29372397 -1.4375482 8.239363 6.2466526 -0.40374377 5.50956 0.08196787 3.4284093 3.4801676 0.5679831 1.301418 4.4977126 0.4357023 -0.02756544 -3.8279011 4.8982844 -1.924969 -1.0848186 0.22502899 -0.17708078
nihilism 0.867986 0.23666777 6.967161 2.1395833 0.39943725 4.9000897 1.4564303 5.027205 3.005379 0.5350504 2.410692 0.8633616 0.74371636 -2.4529977 -6.367043 2.000025 -0.962191 2.8986425 0.5897718 -0.4024758
theistic 2.28299 -2.2860134 5.64912 6.7703176 1.3420568 5.257324 1.8763703 2.193152 3.5068593 -0.37663567 -1.0645567 3.4739382 -0.1037729 -2.453164 -3.4161873 4.121631 -0.9810387 4.71299 -2.578071 -0.5572892
syncretism 4.4360437 -0.786152 3.9851243 3.5309045 0.5056236 7.9698067 1.600118 0.90194297 4.7234707 1.6538924 1.6452225 3.1131651 -0.49353158 0.09604565 -3.781272 -1.2602565 -0.4196027 4.82871 -0.80650014 -0.50488454
pseudoscientific 0.24839233 -0.70490724 4.8490877 1.3689152 -1.2845217 3.697689 4.8073053 1.0741328 4.907576 0.078059986 -1.1542559 3.537894 -0.417039 -3.05852 -3.850271 4.6959653 -4.0676713 0.61587757 -1.1256288 1.554312
orientalism 0.03396432 -1.6580962 2.9528787 2.3634753 -0.83907855 7.235838 0.82712555 4.7935233 6.462498 1.2717189 1.6722692 4.4052854 1.2964392 -0.83441645 -4.516302 0.2147714 -2.328527 0.4763037 -0.4991825 -0.09173494
traditionalism 4.432984 -1.9453597 5.124008 3.5888803 1.4497267 5.441721 -1.4739443 4.3940334 4.3264523 0.07885856 1.8172451 1.3833134 -2.0695806 0.5391478 -3.0258827 2.0042298 -3.1692696 3.1313932 1.0285149 -2.4053664
discursive 3.7428303 -2.2465932 5.1898146 2.8361192 -1.4185561 6.06702 2.1942182 1.9259765 1.8574959 -1.2213104 -2.191023 3.2452335 -0.6302174 -1.3796923 -3.3120372 3.6655366 -0.42968577 1.810603 0.6506163 -1.1517956
realists 2.4731112 -1.0455064 4.844691 2.678483 1.1167353 4.4925427 0.7484796 5.0023446 4.3978186 -0.1973819 2.938668 2.4519248 0.38029566 -0.5470837 -1.4586715 4.8622622 -2.9682846 0.6379523 -0.15190887 -1.5283142
christology 2.5367384 0.8245307 7.4115186 8.825466 -0.15873145 5.273418 1.189912 3.0541937 4.2003684 -0.5854428 0.5090008 2.896735 1.502581 0.31806254 -3.0973606 1.8867323 0.69539 3.9056947 -3.4422963 -0.49787584
functionalist 3.5304518 -0.8583353 3.8012972 4.2136464 -1.8472724 7.3282957 -1.9689627 1.6462998 0.85842574 -1.3163539 -0.11349918 3.159639 2.4637406 3.7023883 0.85082376 1.698971 -3.542119 -0.13820499 2.2010975 -1.6515886
positivist 1.6675498 -3.0606334 6.1491656 4.9253135 0.1769843 6.962087 -1.2778274 3.6097212 3.7342527 -0.5882685 0.8162308 2.4628632 0.81855285 0.6679449 -1.6657436 4.3419914 -1.1588862 -0.7235334 -1.4501197 0.48643154
performative 3.0867128 -1.1765662 4.910641 0.7247434 -2.4197834 5.860334 3.0683856 3.3529713 0.62599707 -2.1788583 -3.0533228 2.7883883 1.3948039 -1.8577873 -1.754429 2.5152276 0.13561758 2.6211052 0.8326563 0.19332397
postmodernist 2.2013164 -0.7857206 4.682508 2.4286613 -1.6444141 5.7941947 1.1748562 4.6699038 2.0551593 -1.1441206 -0.62563854 3.1161807 1.7267115 -2.081826 -2.3664348 2.116462 -3.1724894 0.27779692 0.14576913 -2.4824677
occultism 1.8503245 -0.5397306 3.8225203 2.0422928 0.15009409 6.655028 3.6971517 2.8801665 5.64915 -1.4643145 1.6114496 1.9121395 2.5467312 -1.8834273 -3.173017 0.7914727 -3.1328695 2.132358 -1.45005 2.009897
theorizing 1.8023595 -0.48607883 4.76926 2.0932362 -1.4507799 4.481398 1.5012099 1.2597364 3.1403728 -0.24453072 -0.5941104 1.709777 -0.7366644 -2.531439 -3.500849 4.045588 -1.4484295 -0.75180006 -0.023273557 -0.2949183
dogmas 2.285179 0.81393576 6.5047107 5.4278936 -0.07013434 4.569676 2.818304 2.8575826 3.7716544 0.13435325 0.20392403 1.8431512 -1.9071891 2.158709 -2.3905308 2.0259612 -0.23256028 4.876606 -1.5353038 -0.021028843
libertarianism 1.8579967 -0.060622964 5.4209595 5.381026 1.2336609 2.3858457 -1.91195 4.4085174 2.865456 0.68123233 1.5036855 3.9532542 -1.7344792 -3.1538897 -2.8904712 4.1178594 -5.1265717 2.918408 -0.28341344 -0.60838586
egalitarianism 1.5364381 0.059755083 2.4220245 4.664096 1.4216648 5.192188 -1.0541568 2.8566713 3.4772651 1.1049495 1.3295618 2.3020363 -3.1875553 -1.8273859 -2.4205213 5.2141213 -2.4556324 3.9649994 0.23845555 -1.0558188
transpersonal 2.6102982 -0.918784 4.748752 3.9801066 -0.8688523 5.4893913 0.4740728 1.0312306 3.3471487 -0.1621556 -1.305242 2.884296 0.2598163 -5.757269 0.09451382 3.5462184 0.60248256 -0.7795346 -1.671125 1.4595689
semiotic 4.2083306 -2.6621597 5.1768246 2.954015 -1.5663908 5.8128476 1.1814638 0.8905395 1.3946126 0.4657963 -1.9518492 5.178867 0.7223343 -1.7956743 -0.6304712 3.161495 -1.0645518 0.047726378 -0.4109623 0.59030026
eschatological 3.2509315 -0.69189173 5.152244 3.9060364 -1.0395275 4.488034 2.7252102 2.4736168 3.61148 -0.011785637 -0.5264147 1.4541146 0.4107931 -0.32162604 -6.164314 1.3158851 1.8652338 4.7203374 -3.0216508 -0.78333133
dualistic 3.9896104 -3.0697136 4.6666055 4.255939 1.2002035 6.6079664 1.2641892 0.9906033 1.8671693 2.002462 0.08304379 3.2027833 -0.19170949 -1.1863732 -2.9127617 3.174215 1.5643302 3.937947 -1.3792855 -0.236551
theism 1.4797171 -0.8952689 6.844161 5.749981 0.5768582 4.0764046 1.0484717 2.7703094 2.8595047 -0.2795555 0.5716839 4.329361 -0.6546343 -0.754685 -3.7702668 3.8289924 0.70333874 3.6119797 -1.7595572 -0.3156359
creationists 0.7312962 1.1855994 3.8619864 3.9809265 0.6577172 0.94309044 3.8332393 0.4888549 5.4375744 -0.77409506 2.015555 3.0642414 -1.0890676 -2.3288264 -3.7785673 4.797142 -2.0092676 0.8034448 -2.1552126 -0.6866649
historicist 3.2926588 -0.72442585 4.642548 3.6080024 -1.6026037 6.290011 -0.93139917 3.0242832 0.9590111 -1.313567 0.0018081949 2.2719402 3.0970192 3.0973067 -0.41292062 1.8067153 -2.7356036 1.7039835 0.6783244 -2.1075406
esotericism 2.2158134 -1.7743152 2.4217584 5.179812 0.40490726 6.5393777 0.45042408 2.5258858 5.5910974 0.36972508 1.3888006 4.53863 3.3813365 -1.9866269 -2.138086 0.25958896 -1.7298278 1.5226415 -1.4976773 1.7405347
elitism 0.07252879 -0.6554804 2.1483746 3.4384642 1.2683878 4.027831 0.70676976 3.6055708 3.4762824 -0.50212556 0.10940547 0.48548296 -2.9804668 -1.7466798 -2.307566 4.2860804 -2.5483897 2.84754 1.2973855 -1.0545702
behaviorism 0.08863145 -1.7205827 7.339486 5.2850356 0.7470897 4.257739 0.6229863 1.8963748 3.0551755 -1.1268803 0.7613052 3.271061 0.18026638 -3.1219485 -1.6678776 4.8604507 -1.5309403 -2.564432 2.0185115 0.57616234
neoplatonism 2.8274152 -1.340242 5.950857 6.050162 0.3197945 8.070003 -0.12761568 1.5816652 4.6038685 0.7491061 1.9353775 2.5424757 2.9775681 0.13087718 -3.4363315 0.76726854 0.3005719 1.8181238 -1.7577919 -0.28124025
worldviews 4.2962384 -0.94306606 3.7121503 2.8475144 -0.032428175 5.2795024 2.0364528 1.391887 3.6920612 -0.10431015 -0.16365398 2.452608 -2.9205928 -2.1378493 -1.6419146 3.3695974 -1.0005648 1.8984275 -0.09653433 -0.6346254
dialectics 1.7460508 -1.3879322 6.4639053 3.933601 -0.84873945 5.3358107 0.2569122 3.2014825 2.7374125 -0.48848507 -0.36684218 2.625378 1.0075657 -0.23720437 -2.577033 2.1901717 0.11576271 1.3457073 -0.7720902 1.8349774
inclusiveness 1.9141227 0.2627111 1.2066803 2.6648538 -0.6245661 4.864074 -1.5286977 2.6742923 1.0637118 0.64541143 -1.659946 2.7261791 -4.2271986 -2.859429 -1.829224 3.7515416 0.19281855 4.8258905 0.49177152 0.90670234
stoicism 0.1650931 -0.589348 4.5189395 3.8383253 1.2079626 6.5295343 1.0255916 2.4831326 3.861296 0.70332557 2.3878012 1.3696868 1.3199519 -0.11278972 -3.3224976 3.447236 1.1784805 2.0431035 -0.6596339 -1.6019208
polytheism 2.9642372 -0.6030993 2.9546077 3.913956 1.6678563 5.333718 2.1950517 1.0343064 4.3095827 2.6405907 2.226852 2.3670557 0.22297318 -0.01697 -3.6132517 -0.43498212 0.23649265 5.7259183 -1.7671658 -0.7432651
collectivist 3.2233589 -2.5844438 3.7781875 1.7671416 1.7881616 5.122704 -1.4240683 1.6418052 2.7042224 0.070045374 1.4386252 2.025336 -2.8526695 -1.0087018 -2.247084 4.3538246 -5.03768 2.8550382 0.8851124 1.050554
scholasticism 2.3936183 -0.5805904 5.6409364 6.2563844 0.36747563 6.11154 -1.2271577 2.1430514 5.542825 -0.25311553 2.085433 1.631991 1.4198021 2.1821902 -1.5474834 1.6585352 0.62662196 0.56866336 0.33395955 -0.9073111
futurists 3.3115203 -0.17545854 3.5923214 -0.685212 -0.4671088 5.121454 0.717427 4.633078 4.08269 -1.1232252 1.9663111 0.7988922 1.1697677 -0.6662695 -0.19916405 1.369601 -3.2275553 1.5199884 0.673896 1.5257884
formalist 0.33090687 -0.9897546 5.5919733 2.5573196 -0.9124826 4.7075324 -0.037224576 4.063548 2.995717 -1.5956486 -0.5984067 2.1958544 2.1501513 -0.35844442 -2.0709896 2.8968148 -2.3511472 1.2819744 1.1238353 -0.44989
teleological 1.9748827 -2.1242142 7.0367136 3.512306 -0.6680059 4.903017 1.0153896 1.5895957 2.7362711 1.2227927 -0.12937489 3.1136925 0.37564993 -0.10605836 -3.3959522 5.582868 -0.14683458 0.82801265 -0.751612 -0.71105665
pantheism 2.167227 -1.0256742 6.1743493 4.219742 0.55738765 4.944575 1.4553947 2.7300045 3.2502823 0.28548065 0.923182 3.4467304 0.73369634 -1.2049216 -4.0436897 1.8374268 -0.6891675 4.033898 -2.9618614 -0.57308704
wholeness 2.1394637 0.1990119 4.7571387 1.797201 -0.18882209 5.747009 1.0500032 1.1998401 0.656281 0.62277293 0.5360847 2.497824 -0.43594527 -1.3207802 -3.015407 3.8328 2.5922148 4.3214145 -0.5821802 1.3637584
immanent 2.1016636 -1.3005567 4.607576 2.0923915 -0.8423303 5.5022388 1.1468283 1.4560016 0.5219417 2.0105865 -0.2487838 3.7713246 0.3514846 -1.1508496 -4.330171 3.0914319 1.8132211 3.864151 -1.3962388 0.34438664
pluralist 1.7419249 -1.6305189 2.2626135 4.3020954 0.12275984 4.0382876 -2.1892343 2.9869945 1.9784181 0.041644752 -0.7599381 1.9688181 -1.5079191 -0.19632077 -1.294715 3.665585 -2.8937542 3.046119 -0.82127464 0.3534738
theodicy 1.2945749 0.24535078 6.7393436 4.8073974 -0.5667588 4.117758 2.5152135 2.564656 2.3194232 0.08867359 0.8325501 2.7969043 -0.18123224 0.021777485 -3.7658598 4.1613383 0.19732796 1.9798107 -3.3010921 -0.5451404
hermeneutic 1.7396824 -1.303414 6.5489125 4.9323874 -0.53358823 4.6916475 0.96803236 2.0961692 2.473121 -0.31875736 -0.7054337 3.5722027 1.0882115 0.3238468 -1.7144563 2.7388213 -0.35833803 1.9621124 -1.1782228 0.17109968
physiognomy 1.1670039 -0.06426874 3.262552 1.672477 -0.1360009 5.1003714 3.5397913 -0.46517867 4.651566 0.368287 1.2634741 3.4584506 1.6958634 -0.5802156 -1.9353112 2.2308564 0.06747075 0.9687586 -0.32834533 -1.4365425
eurocentric 2.5112948 -1.8572426 2.640441 2.8802025 0.5933657 4.576577 0.12670098 2.419106 4.1529527 0.63734275 0.6228172 3.394805 -1.2387087 -2.2220564 -3.4823403 3.777127 -1.4727602 2.0464861 1.0525197 -0.396206
objectivist 0.8886567 -1.5212886 4.4622717 3.4884942 -1.1475029 2.737143 -0.17022033 3.4306724 2.645607 -2.5976403 -1.2741627 2.4896615 0.9357589 -3.2600868 -1.8625888 1.8054943 -3.8271847 -0.5825105 -2.3209999 0.8184161
progressivism 1.8038275 0.46286044 3.040794 4.7205863 0.86721295 2.691221 -1.8321695 3.3132145 2.0978887 -0.41271952 1.6924491 1.3588468 -2.0026195 -2.4922657 -2.7734818 2.902263 -3.7055838 1.1418799 0.5864642 -0.45390508
parmenides 1.5780866 -1.9657143 6.82374 2.882762 0.14844418 4.354445 2.0311003 2.258821 3.1084025 0.26846588 1.6317942 2.559562 2.1421785 0.03382958 -3.230354 1.8131685 1.3160564 1.2370905 -3.791064 -0.54175216
otherness 2.59747 -0.2907033 3.24908 0.25593695 -0.23239724 4.828865 1.612634 1.6894234 1.8495234 0.57068145 1.0969228 2.634165 -1.3455608 -2.323991 -4.122142 2.9910512 0.54520065 2.6794658 -0.8568638 -1.0762428
idealization 1.780525 -0.7762825 3.9884686 0.7102444 0.040503807 5.27516 0.92654765 1.9892085 1.8871768 1.3619788 1.3928853 2.190835 -0.11424017 -0.22974779 -2.4681847 3.5042892 0.07425802 1.7249724 0.40309578 -1.190354
primitivism 2.7896404 0.43897688 3.2986538 1.3771656 -0.07767061 4.749476 0.67735076 3.5379884 2.4933565 -0.18942222 2.0914466 1.44935 1.5177116 -1.7616714 -2.7881033 1.3506874 -2.7523093 1.919189 0.64105093 -0.8204144
communitarian 1.9349687 -0.9963645 2.4622169 3.3128943 0.35011163 4.7611284 -1.0929939 1.8112147 1.1109335 -0.24063674 -0.23081483 1.0494438 -1.6884762 -1.5784476 -1.6660526 2.743851 -3.792611 2.0744777 -0.5843819 1.4715862
theoreticians 2.4001477 -2.043277 3.4073353 1.870811 0.27876627 3.7321858 0.4709964 2.5290093 4.132912 -0.86094886 -0.38831002 1.4447662 -0.35890955 -0.33395857 1.415623 1.8882331 -2.5892653 0.35994327 1.4042027 0.13714427
reductionism 0.905775 -1.3035982 6.5934563 2.9728522 -0.14248966 3.9436402 0.41221923 1.7240641 1.6806314 1.2358977 0.2974174 3.1862602 -0.65767235 -1.7035816 -2.8889122 4.60122 -0.90683717 0.48607913 -0.322754 -0.5191655
objectivism 0.901588 0.25559437 4.8185377 3.7534375 -1.0069687 3.6368432 0.29904145 3.602152 1.5929518 -0.9995971 0.44598612 3.9706073 -0.47350407 -2.596948 -1.4085233 2.8761144 -2.596028 -0.46141675 -1.8705167 1.4092839
mariology 2.785693 0.9090972 4.417499 4.679247 -1.3845803 5.2510843 0.14450115 0.56210375 3.0943236 -0.8531423 -0.64921623 0.5422171 0.5450123 0.5399457 -0.5512988 1.7509036 0.90171945 1.7992216 -2.1038237 -0.6083924
hybridity 2.729649 -0.5756024 3.0037248 1.2216815 -0.5947695 4.5124235 0.2840332 1.5096508 1.7026315 0.9546977 0.36785275 3.0119927 -0.8373253 -2.9169228 -2.8947115 2.484067 -1.3503488 1.3245585 -0.2889074 -0.78691703
holism 1.996361 -1.2659079 5.781979 3.8463476 -0.2854904 4.0724416 0.036425035 1.4106694 1.5311973 0.8185157 -0.0043534394 3.7609699 -0.71140313 -1.4245712 -1.7569509 3.4536955 -0.22154935 0.7713778 -1.1533662 0.6032479
rationalists 0.9171097 -1.0968019 3.0809963 3.279772 0.9475785 3.3156447 0.6817221 2.1673496 3.7108119 0.09293292 0.9109222 1.4310961 -1.1048552 -0.04715685 -1.3421841 1.6252941 -1.6578987 1.730503 -0.9675652 0.052949097
pantheistic 1.8938996 -1.0037675 3.360008 3.1442153 0.3166411 5.032031 1.5841945 1.5303742 1.9784594 0.23968542 0.39858595 1.8275354 0.58743906 -0.659471 -3.2878466 1.2017068 0.35871258 4.0482492 -2.1905084 -0.14465871
baudrillard 1.2944038 -2.113612 5.3470244 -0.11650724 -1.0796072 4.015472 1.0419568 3.968328 0.9170858 -0.06310029 0.9644059 2.121272 1.6127198 -1.1386906 -1.4033281 2.2408636 -0.9932872 -1.4964689 -2.53605 -0.16808219
transhumanism 1.9630694 -0.55525756 3.66523 1.895613 -0.34041116 2.959289 0.04502822 2.1636178 1.9523643 -0.15025118 -0.024526082 2.3617282 0.40727177 -3.7100875 -2.045673 2.6253612 -2.0756664 1.0570825 -0.7657496 1.0719521
constructionism 0.56943417 -0.36615407 4.1387453 3.4146166 -0.4464766 3.747144 0.7452141 2.0908847 0.8249424 -0.24609466 -0.025397087 2.9710746 -1.1576403 -2.0367079 -0.6653698 2.7445292 -1.1232659 0.26234668 -0.19100718 0.21315543