Centroid_160 -1.553289181568 2.6692470871 -4.147915146699998 2.8346188811000004 0.9785197560699999 -1.569423714015 -6.859436151299998 5.209607955099999 -1.6600270009299993 0.36171648592000005 3.901574392500001 -1.7329490894699993 -0.8523313927999999 1.8981406053000007 4.078340455199999 1.0473757155499996 2.49784632771 0.026477250959999993 4.634946470500001 -4.486690112198999
club 3.1063983 3.9182394 -6.3588424 0.5729771 2.3139513 0.79663044 -10.073531 8.00969 -4.4357147 -0.010512348 7.3690577 0.67440736 -2.8787036 -0.3525046 10.581092 -0.9134836 3.1063998 0.5049551 5.820973 -2.3468518
football 3.3046112 1.3795731 -8.264372 7.055217 4.356279 1.2050216 -11.34462 6.929167 -0.6750724 3.7342882 3.346306 -1.0708096 0.52203995 -8.505013 12.267495 4.0141644 2.391821 0.8120323 6.9090858 -1.5083059
side 3.9438322 0.8238998 -2.043472 3.9146652 3.8388984 -1.3738585 -1.7394499 2.3029141 -6.8129563 4.0210247 5.0507417 -1.6618779 1.8396266 1.7632562 0.24830264 -2.4335704 3.0664775 3.6439567 7.621996 -6.087041
playing 1.1785257 1.7678362 -3.3987916 -2.2863188 3.4209197 1.1421419 -7.0734944 4.218779 -0.12053835 -5.4697766 3.217975 -5.7359166 3.2892132 -5.8755655 5.5173397 1.6790674 4.343741 2.0734863 10.106112 -4.6863127
manager -5.336269 0.63070935 -0.8253793 -0.33654353 0.43088683 -5.2128673 -8.738221 9.080492 -6.917511 -2.2309148 1.2866323 -3.8307066 -3.04689 -0.57717687 9.501309 5.026681 -4.2891593 -5.485236 4.3039756 1.6004472
clubs 7.817734 4.075421 -6.4601355 1.7480496 1.1659843 1.1854175 -6.7778516 5.5465302 0.4619818 0.4834968 3.4626157 0.60609955 -5.8182473 0.62116283 11.5334 -0.85854506 1.3322225 3.2151632 8.756229 -4.9183054
rugby 0.26857767 -1.4593831 -12.015013 4.7521615 4.3873973 1.8644801 -11.622318 8.061772 0.13182297 3.3053231 5.425272 3.1132019 2.0903776 -2.2316298 8.940711 7.556147 0.58673257 1.6734227 7.908444 -4.1068745
cricket -2.9941804 0.8244655 -14.492801 4.5731196 2.4017425 0.46647617 -6.978107 5.484783 2.4234169 2.032887 2.1042032 3.002281 -4.0557547 -2.28065 9.000091 3.8262653 6.610938 0.11430489 9.757921 -7.3413415
premier -0.4684381 -3.0188265 -7.2060905 3.0342402 1.1490726 -2.3369443 -12.215547 10.276682 -0.5368004 5.4785113 0.74747014 0.07091218 -1.4603474 -0.9669527 4.779221 1.8637013 0.21412076 0.9184436 4.5133243 -1.3099408
athletic 3.4028552 4.870057 -7.065565 8.264548 1.0724537 1.7950922 -7.741596 4.291806 -4.672966 0.26182342 1.6900591 0.048569232 0.46538925 -5.7557244 11.28178 8.234844 3.5103867 0.3505124 3.6932456 -0.9473589
manchester -3.0561771 8.979452 -5.966458 7.202369 -1.9785784 -1.5693647 -7.861709 7.9532843 -2.0134737 -2.3709042 3.9628367 -0.3333441 -0.77159476 2.6652813 3.4724112 -1.8048962 0.050501075 1.469519 6.2996273 -0.13544582
loan -1.655402 7.119014 0.43213615 -2.1794763 -2.1589856 -4.184218 -14.456863 3.9216394 -4.3462877 0.49300027 5.759129 -4.206023 -9.015089 6.6839643 5.848911 0.3354597 1.8984752 -1.2733885 4.904485 0.81557566
fa 2.5959125 -0.8230218 -2.9055116 0.7567178 -0.12189083 -0.5082332 -4.969995 8.845994 -4.828331 7.0400205 2.4099145 0.8148559 1.2003151 7.616671 4.620834 0.22866663 4.9220805 5.084719 5.2777205 -5.4934053
liverpool -2.561333 3.3599756 -5.479808 3.4858336 -0.23748323 -1.6541101 -6.476308 5.6727324 -2.6786048 -4.2660494 6.656793 0.88755697 -0.29078904 5.3277764 1.50518 0.10804478 3.2200913 -2.6260908 4.325157 -1.858689
substitute -3.1035712 1.4801265 3.3356173 -3.5768552 1.767913 -3.2163563 -9.165078 5.8546133 -0.55234826 3.7288227 3.6198294 -6.536218 -2.0192778 1.943984 4.1854153 -2.027279 4.786302 1.3638967 4.5305195 -4.2661047
leeds -3.8948882 7.976724 -4.6593814 6.66978 -1.374527 -1.6715726 -8.329844 8.655418 -1.6474301 -2.4502013 3.602713 -0.21025139 0.3802866 3.031584 4.1802745 -1.1670982 1.5552356 2.1233351 6.3099513 -1.8201675
newcastle -5.576659 7.8941717 -6.5530424 6.8177648 -0.2280613 -3.8134947 -7.3552103 6.260381 -1.2403089 0.3167857 5.9036837 -1.2054602 1.8769078 4.221151 2.0261042 0.18412381 0.6545272 1.0405042 7.2912383 0.0033497901
retiring -2.713324 -0.7841549 -4.0086684 2.8158784 2.455842 -3.1560178 -7.234706 2.4537823 2.1774142 -4.517422 2.8339968 -4.914689 -1.1403353 -0.22393867 6.8094444 5.281062 2.4865415 -5.3574705 3.0523808 1.9823283
sheffield -4.3549747 8.501371 -5.5181046 6.144185 -1.0368468 -3.0934565 -7.5055413 7.5679326 -1.9168047 -0.89051604 4.038335 -0.7181001 0.72308314 1.8471082 3.972294 -0.3824874 1.4726849 1.3406564 6.923539 -1.9425576
cork -0.61407566 0.21823452 -5.757114 4.600476 3.198535 -1.8583966 -5.443918 3.0300272 -1.6197125 0.6607738 5.1690574 -0.03943204 -2.6200538 4.265342 3.7562244 1.2696244 3.3985827 -0.51699567 1.6018162 -9.721329
rovers -5.793828 7.7211876 -4.807181 1.0016294 0.12268748 -4.950847 -11.509623 8.587184 -6.133542 3.8347502 7.488659 -4.699744 -0.9979069 3.7060585 5.2816577 1.0092918 5.0326705 -0.2658972 8.961174 -6.648732
bowling -3.86061 3.9262629 -6.6432285 2.8444793 1.9504223 -2.5010765 -0.33297673 3.1912467 -2.4038517 1.2907206 1.0696231 2.5965528 -1.1586474 -5.07348 4.5588264 3.3331113 4.9523563 1.3890945 10.250353 -7.331228
cardiff -1.0710012 3.3126152 -7.2341332 4.4493465 -0.44904712 -0.0028852855 -8.138641 6.7743278 -3.7890034 -3.4888885 5.2024865 1.3769857 -0.15788257 3.4356112 1.6023744 0.07130788 4.057754 -0.06897164 4.772152 -2.9361217
bradford -2.5987976 3.6647122 -3.3091006 5.519867 1.0036114 -2.5592358 -7.311525 4.54543 -4.6584425 -4.1635437 5.1610475 -0.021392802 -0.51176035 1.5440345 1.7888829 1.8164794 0.9981118 -1.5798671 1.4809378 -4.7237024
premiership -2.014379 2.4884357 -5.061543 4.434466 2.120503 -5.133873 -10.871877 10.751209 2.2575195 7.0968595 5.229958 -1.6833308 -1.0325192 2.9942296 6.015563 4.932383 4.9042563 1.3173132 8.021509 -8.681069
stint -0.81186384 2.7796369 -2.148764 2.2098558 -0.009023959 -5.02379 -5.730457 6.598925 3.4033685 -2.8442166 2.6932514 -6.4216356 0.19781111 -4.312953 4.075918 -1.8080878 3.3220694 -5.9364047 4.471789 2.1579876
leicester -1.4872236 3.459313 -4.891779 4.244703 -0.1894885 -0.502049 -8.280768 6.070038 -3.3635652 -3.849254 5.510019 -0.5456624 0.3013288 4.817664 2.7712264 0.95150584 3.764716 -0.9309476 1.938672 -4.7959576
hurling 1.0178885 -3.2273777 -7.184738 5.4176626 2.5693207 3.0172288 -6.482947 5.129388 1.7019182 4.79569 0.09226985 -1.2733955 -2.192066 0.34403774 9.206751 6.2972226 6.0702357 -0.45200643 2.8447654 -13.796659
bolton -3.925999 1.8679159 -0.8773031 3.2582805 1.0318807 -1.8344953 -5.998752 5.293477 -4.2008476 -3.3881228 4.2438936 -0.1385159 -0.49715412 3.5511746 2.8707333 1.2989582 1.8721628 -1.5595598 2.542838 -5.4447894
stoke -2.7867844 6.6134872 -3.4908483 4.407955 0.43037012 0.102448374 -9.290473 6.260426 -4.4845886 -1.7277874 7.2713723 -4.5521827 -3.0085769 5.3886676 2.5972605 1.1266811 4.8427896 -0.69309306 5.024414 -8.078699
coventry -1.9075018 3.6592565 -5.066138 3.5660236 -0.5354651 -1.2517085 -7.3513103 5.1086745 -3.6892402 -3.7796793 5.3354654 -1.1924016 0.8218185 5.6199207 2.4197626 0.4915331 2.2826173 -1.824628 4.238366 -3.6415436
dundee -5.6453767 7.3775535 -5.0247135 5.4046354 -0.31805483 -2.4169538 -6.5607877 6.149294 0.043029565 1.3625064 4.737053 -1.3972858 1.0178702 2.6867146 3.704789 -1.500101 -0.47526473 0.4233581 5.1456304 -1.9320861
fixture 2.363835 3.8027296 -3.9127052 1.2945162 -1.0490384 -3.1710534 -6.803603 7.394159 -0.9309562 2.090968 1.8947678 -3.2039626 -1.6586921 1.8589607 3.2778983 -1.5317382 4.7042804 2.3746147 7.330254 -4.875291
blackburn -4.685007 1.4026843 -2.0771368 2.108174 1.0340959 -3.5723834 -5.7929745 4.394468 -2.8738065 -1.3470262 3.8945441 -0.97783536 -0.57975686 3.2710652 3.6568215 1.8370422 1.4110957 -3.0376995 3.9171195 -3.9984183
wigan -1.619557 4.8044233 -4.8163066 4.9874654 0.6222718 -2.6701894 -9.415594 9.619876 -5.7521434 0.13712446 5.456079 -3.3473964 -2.5222595 3.5827327 3.9349375 2.1828249 4.9028788 1.0092908 5.6041827 -6.6825323
kilkenny 0.29834986 0.3744872 -3.723977 5.4655414 3.1845763 -1.9766864 -4.513874 5.3350067 0.38852492 1.9798007 5.246576 -1.5851828 -5.624774 3.9346678 3.8157663 3.2775528 5.544321 -0.73806185 -0.21210375 -12.44338
blackpool -1.9425349 4.147417 -5.5421576 0.91660404 -0.206656 -3.2642443 -6.557423 7.5727067 -4.4484634 -2.9651115 5.5736637 -2.6540587 -1.5976388 4.294416 3.0750225 -1.4487201 4.224587 -0.29932946 5.7298603 -4.686616
peterborough -4.2739663 8.640045 -5.1054196 8.054014 -1.1885066 -3.5123925 -8.059894 4.1643896 -2.079651 0.3117462 3.1217997 -1.606025 -0.5380689 3.8112574 4.0353827 -2.602591 -0.48701704 1.4496504 3.9717927 -3.3347287
tipperary -0.08903736 -1.9735256 -5.4375844 5.6646433 4.000276 -2.5336368 -6.2077045 3.934068 -0.14313298 2.5903316 4.5513587 -1.6469853 -5.1745234 2.982763 3.8006625 1.9705886 5.0552306 -1.4004145 -0.7502061 -12.869884
charlton -2.8359337 4.696915 -2.984889 2.3313558 -0.41939938 -2.6399748 -4.473501 7.6750026 -2.9796531 -2.09319 4.4738045 -1.9806768 -0.2173539 1.3887577 4.7465367 4.334828 1.8243706 -3.0320516 2.3657417 -5.763371
oldham -2.6637592 5.627212 -1.0090858 5.3037663 0.64547974 -1.1455816 -8.990468 5.4988236 -4.008968 -2.9883585 4.4592576 -1.0101371 -1.917635 2.121591 4.009487 0.8191033 0.89354116 0.031637926 5.350507 -5.3557196
managerial 0.27475885 -1.2132285 1.4418539 1.1941792 -0.81740654 1.0919847 -8.946496 3.6442156 1.60399 0.26541644 -1.3445426 -4.8469005 -4.1235647 0.80478865 6.302769 5.74927 0.2291075 -4.193654 6.812898 0.8558718
doncaster -2.1757896 1.9597063 -5.98214 2.33272 -0.14503242 -3.3340633 -8.036144 4.346954 -4.0631332 -2.1167364 5.4250364 -0.040438667 -0.38608235 6.167399 2.6979938 0.3809158 4.5087166 -2.6174545 5.05161 -5.8566446
colchester -4.374435 9.025096 -4.863117 6.9244075 0.081844196 -3.9605412 -7.167856 5.6350284 -0.76813763 1.2480906 4.7952724 -4.631643 -0.8031771 4.6562133 4.1656914 -2.9793599 0.011397696 2.1167305 6.0488005 -3.6625025
wolverhampton -2.5210097 1.9544836 -4.221101 3.5958197 0.26552874 0.0478599 -9.095603 4.8779182 -4.0551076 -4.231098 4.546443 0.49714768 -0.51316863 4.9999075 3.3763814 -0.013028739 2.605127 -1.0556049 5.0472555 -4.4373865
geelong -2.1470351 2.0914931 -7.166133 4.938152 1.248574 -1.3216115 -5.256464 2.7328491 -3.0937676 0.25280347 3.8600142 1.1903911 -1.1487958 0.5084874 3.971422 2.2154138 3.016948 -2.5956376 5.680803 -4.931488
luton -2.1556485 2.4770644 -4.9701786 2.590043 0.6071465 -2.0425577 -10.806767 4.492415 -5.77446 -1.9229045 4.491277 -4.409458 -4.137043 5.147007 2.9055266 -1.3281379 3.3190935 -0.95026237 5.637616 -5.753123
middlesbrough -2.9116461 4.344886 -3.0286305 2.3098545 0.34492144 -2.4466317 -10.19374 5.584386 -3.705203 -0.29504612 5.85149 -3.1955392 -2.1459222 4.4603567 3.8450727 -0.6451855 3.074532 -1.1453576 5.548556 -4.3141246
watford -2.5037677 3.294946 -1.7529106 3.1975806 0.39227608 -2.3581357 -9.485664 5.980184 -4.530979 -2.8388739 4.5831957 -2.7710311 -1.7064116 4.4807434 4.234387 -0.64448154 3.7997274 -1.0995513 5.995064 -4.0790687
swindon -1.487079 2.2997594 -4.66556 2.568353 -0.1361367 -1.5165315 -10.609623 3.9294956 -4.779947 -3.0392828 4.5399036 -3.006967 -2.1495225 6.187629 2.181472 -0.5460631 1.7995487 -1.7921073 6.526541 -5.829245
salford -2.0879726 4.2878385 -4.7926755 5.668038 -0.61471695 -0.10999544 -7.771451 3.6179883 -3.4163733 -4.0594797 3.4083252 0.6559002 0.17016463 2.510141 1.7928587 0.34726232 2.2497358 -0.15210694 4.0340443 -3.65912
wexford -0.44079703 -1.27873 -5.657218 3.9957275 2.6033373 -2.0658884 -4.0181684 3.1620903 -0.6706186 0.51805854 3.835727 -2.2088666 -3.8686678 3.198939 1.7794244 0.6321995 3.686916 -1.5952861 -0.9064045 -9.80782
barnsley -3.0989072 4.2010465 -2.3886616 3.3213654 0.5418727 -2.7830822 -9.8569355 5.446995 -4.0583057 -0.87100184 5.2960725 -2.860872 -2.394795 4.2537446 2.910806 -1.1395725 2.9736495 -0.5124881 5.859573 -5.2276497
crewe -5.6445146 3.130445 -1.8731242 0.63068163 -0.18432893 -1.3737341 -7.86146 5.7534714 -4.869417 -2.3703043 5.2863955 -1.6530308 -0.98781466 6.7292023 4.3915925 -2.0664496 3.765903 -2.1941907 5.0646787 -5.2056694
footballers -0.8427598 0.1533016 -4.232161 -3.3099952 3.6265922 3.199817 -4.724554 5.9943027 4.8144226 2.161283 3.078099 -1.8633726 -4.8249445 -1.2801421 10.947832 -0.100611866 -0.44115612 1.79679 4.369562 -5.8366885
hotspur -6.9943156 6.2304916 -0.6628366 -0.041710176 0.55417293 -2.621765 -9.335883 8.023474 -3.369272 2.5029829 5.4930415 -4.9520845 -0.8473137 3.448154 4.6575837 -0.16946256 3.7942867 2.2414365 6.023352 -3.2049809
hawthorn -3.2974277 3.2505639 -3.5172935 1.9434386 1.7662418 -2.3349664 -3.2032099 0.12811185 -2.297827 2.3302765 4.703695 1.1910723 2.0198858 0.17708352 4.452247 2.3219075 2.0209818 -1.9722884 4.1377482 -7.3334794
rotherham -5.9623227 10.637676 -3.8761833 6.0605936 -0.5524323 -4.2531977 -9.01536 7.222644 -1.81919 2.3934438 3.8871713 -6.074025 -1.919157 2.969048 4.251461 -3.1113737 -0.8523023 3.1932774 8.263876 -3.9045937
barnet -3.590384 4.2534647 -2.1546764 5.3688736 -0.25090727 -0.31645882 -5.6884346 5.151213 -3.2045352 -2.6448324 3.4755168 -2.0741925 -0.23185438 4.505659 3.128722 0.36555675 0.68263316 -0.69919324 3.4627926 -4.385367
premiers -0.17751712 1.1277298 -4.555316 4.650546 -1.384079 -2.1609325 -4.979723 8.545106 2.672963 6.2074757 0.3643967 2.2999692 -1.8086228 0.52770686 2.641971 3.287667 3.2274053 0.70261437 0.6530826 -5.0582595
manly -3.529736 2.7322397 -5.086298 2.8991354 1.7967409 -0.26609048 -1.9571501 3.0844777 -1.5113293 1.4170095 5.0093126 -0.26242292 0.9367713 -0.5144777 -0.49555174 4.4595113 3.8011491 -0.30859342 3.781196 -4.2376366
walsall -2.7759976 4.053984 -2.976825 3.9488478 0.18876271 -2.0583012 -9.5331335 5.2437267 -3.9959319 -2.019452 4.185947 -2.9850056 -1.9129522 4.832502 3.8596113 -1.5198538 2.7714844 -0.11437288 5.9966497 -5.1582932
semiprofessional 1.8271924 0.49779022 -5.0979724 0.5087764 2.3855243 1.776219 -6.588797 2.1870959 -0.5184889 -1.3980842 3.555686 0.598605 2.3573236 -3.5681117 6.9090657 2.076023 -2.0847661 -0.70235145 6.132911 -2.1565156
dumbarton -0.7761175 2.8993611 -4.265883 3.7970464 0.5769708 -2.726141 -6.5352 3.5332139 -1.3332007 -0.27823237 6.643473 -0.2938249 0.7482572 5.7785883 1.8393127 1.4913427 3.6575975 -1.8632789 2.6040673 -5.249625
gateshead -2.4430091 4.570935 -4.3542986 4.3325057 -0.33181122 -1.0853103 -7.324126 3.845368 -3.2153182 -1.6514994 4.2294607 0.4312928 0.37395734 3.348586 1.1234034 -1.6920269 2.101258 1.1897676 4.618899 -1.7906283
gillingham -4.1849213 4.131165 -1.4847232 3.2791839 1.0582426 -3.754867 -8.681183 5.488526 -2.9594922 -0.94238144 5.686938 -4.1880274 -1.6959598 4.5045033 4.055999 -0.67258567 3.3887346 -1.4157201 5.2769732 -4.3694625
hibernian -3.8797138 4.9896336 -3.132867 2.3237283 0.66464466 -0.7599595 -8.531102 8.869269 -0.18326484 -0.25078675 5.6325674 -3.2390232 -0.16302696 4.7922206 5.6116376 1.2596658 2.6660295 2.218216 4.234823 -3.2113411
roosters -1.963435 4.2081532 -4.484862 0.3471157 2.6474826 -2.57693 -5.8155184 5.0804505 -1.4613811 2.8283505 6.4328527 -3.3976429 2.8068902 -1.863351 1.9266636 0.30626428 4.353272 2.464443 4.8862047 -3.7633724
topflight 4.179466 -1.1327463 -1.2615614 -0.51918864 1.9443587 0.2767538 -11.546759 4.124932 4.216719 4.0897202 4.3626595 -3.6489654 -0.25908756 0.77620035 5.3725305 -0.90050226 1.312315 -0.04036001 5.374833 -1.8691267
stevenage -2.162641 5.2574787 -1.2381635 3.4376462 -0.49384677 -4.536866 -10.854133 6.261284 -3.3787496 -1.8008327 3.9693522 -4.2189865 -3.5349097 5.49564 4.008405 -0.8030087 4.5181937 0.690282 5.4487686 -5.3541927
offaly -0.32204917 -1.7570964 -3.2251682 3.7364573 3.1852202 -2.2694526 -5.5913177 3.4219782 -0.4722889 2.362528 3.8894227 -1.2885551 -5.409957 3.2645266 2.4541075 1.4175668 4.818133 -0.38280067 -1.2459787 -11.822682
premierships -0.5733171 2.8771367 -6.1781645 4.3932652 0.53769004 -1.9038249 -6.7017417 3.381302 4.266024 5.216805 1.0811826 -2.811012 0.6675445 0.8132323 8.738016 1.1835451 4.591257 -0.49916735 5.3392453 -10.968817
harriers -3.703195 3.5203183 -8.013293 1.6112659 2.2671325 -2.239653 -3.7900624 0.50211066 -0.9273779 2.3875308 5.305576 -1.0620512 1.1979293 1.2503138 5.798948 -0.27275702 2.8735428 -1.4401106 6.770064 -2.850075
morecambe -3.5991523 3.8230684 -4.0047383 0.9838808 -0.5018538 -2.9812992 -4.1491814 5.909934 -3.277807 -1.6216433 4.256665 -2.3992627 -0.24231005 1.3217721 -0.21911605 -0.7677134 2.479703 -1.400484 4.251816 -5.9238997
arsenals 0.5381383 0.22226173 -1.6391639 -0.29837197 -0.59748167 -1.586624 -3.5585084 4.3623614 0.46227017 3.643998 2.219518 -3.6726172 -0.5005213 4.5665226 2.256438 2.9540365 1.3556134 -1.4142336 6.273973 -1.1777583
balmain -1.8588893 1.7743993 -5.8453317 1.9800906 1.8050505 -0.93926954 -4.1938796 4.025285 -3.0709646 -0.2699266 5.257984 -0.86193985 0.6314948 1.3089614 3.261061 2.2774785 0.8839906 -1.2474642 2.6173744 -5.357974
dundalk -0.6037079 -0.06610406 -5.137605 3.2377694 1.3826302 -2.4738908 -6.266014 2.7953136 -3.4504685 -0.9843446 3.213927 -2.4577148 -1.620628 3.7294357 2.4966083 -0.89918745 1.3804475 -1.1124526 1.0052521 -4.9496083
interprovincial 2.9250798 -2.5271187 -8.273445 2.26718 0.13709514 -2.2315373 -5.884411 2.0582948 0.85787034 4.7492943 -1.2093805 0.03128486 -1.0202036 0.9748171 4.1199574 2.981613 0.08410161 0.7248032 2.751612 -7.165751
isthmian 1.9912101 -1.9046137 -5.224239 5.497249 2.0366735 -2.082982 -10.114659 3.8071501 -1.961925 -0.46927953 4.6498876 -2.1067019 2.5452933 4.405817 2.6389694 1.1353691 1.5738716 -1.012301 4.033622 -4.615937
woking -3.3520553 4.2987914 -4.565607 3.9579566 -0.93007356 -0.61524844 -6.3247705 3.3814585 -3.0411758 -2.4815497 2.5984695 -2.763898 -1.6239784 4.3977737 2.3798761 -2.169407 3.0824687 0.22399433 3.4432347 -2.7896357
souths 0.5859803 2.6180687 -3.2981474 4.1537066 2.1607966 -1.9718789 -3.1601334 4.2347617 1.0080575 1.9647201 4.1369004 -0.7256227 -1.4454255 -2.0335155 -0.30922383 3.485106 1.9240053 1.1416042 3.6160765 -4.3204823
goalkeeping -3.9472055 -0.27136526 0.4333275 -0.41295904 1.8591614 1.1924419 -6.5730886 5.333179 -2.3656726 0.64412075 1.50487 -4.4776306 -0.775292 1.0355563 7.7650323 3.3226178 1.8226736 -1.1593457 6.9910693 0.32575515
hibs -1.7447549 3.406603 -0.27486485 -0.18587 1.0839014 -2.9661806 -6.9237742 8.96316 -0.07911664 0.45092764 5.2541924 -4.741537 -3.2095966 4.561602 3.0958805 2.078961 3.0842059 1.8450189 6.6025 -5.3912325
ramblers 1.5943437 3.4797719 -4.209439 2.7941494 1.7873398 -1.630445 -4.3283443 2.9467003 -2.9661484 -2.927502 4.122397 0.88798535 1.4352534 -2.687714 2.6512094 -0.5842632 -0.17081437 1.1558574 1.9994757 -5.009316
gaels -0.00610955 -0.81525916 -2.3319488 5.2113833 4.9044952 0.36431894 -4.5759187 3.6564732 1.471147 2.1516306 4.485412 0.4013873 0.6701287 -0.7198878 1.8526018 2.3337505 3.69897 2.8893738 -1.0457629 -8.853777
schoolboys -3.2989645 1.1530138 -6.336828 3.0984921 3.9780753 0.6362748 -1.6172513 4.5547595 3.5789707 -1.6443734 3.9762807 0.19622016 -0.05816084 -0.42059818 4.9757123 1.6353973 2.5767398 2.73845 4.5829635 -4.1736574
harlequins -2.385481 1.5015512 -4.0595293 0.13245551 2.049506 -1.2703137 -6.0958056 6.1635337 -0.72680795 -0.31173941 4.873521 -1.6366096 2.600349 2.4979799 3.7945223 2.3379064 2.408606 1.7536485 4.973017 -3.7420797
dynamos -2.2658043 -0.16252813 -2.2459905 -0.48627597 0.6595833 -1.2470282 -6.008083 4.4841585 -3.0805902 3.570601 2.3737912 -1.657447 -1.332787 0.2928631 1.507792 -0.86807466 3.1369975 -0.9692922 6.9830256 1.6871037
shamrocks 0.3777268 3.3891711 -4.4283996 2.1492794 2.3224478 -3.4532468 -4.631442 3.629266 -1.6871301 2.4956908 4.5294814 -2.1155095 1.0089722 -0.49475652 4.038516 2.8867886 1.5349841 2.3168814 0.41001225 -6.8816876
flyhalf -3.505905 -0.8597073 -1.8396999 2.1175566 4.2477655 1.1319385 -6.3786125 4.621242 -0.8641814 3.0930095 3.1273553 -2.6821313 2.974355 -1.458382 5.5209184 2.9182312 1.3210706 0.35303092 8.019493 -5.097443
waratahs -1.5934834 1.3164691 -6.3982115 1.3770239 2.1597164 -4.023201 -5.28956 4.62522 1.21749 3.5064642 3.9797292 -1.702648 0.79906493 -0.9819861 1.9441668 2.2045197 1.8526381 1.3732547 6.3727045 -3.3468423
shinty 0.0010714332 -1.5936241 -7.441613 2.3075657 1.4931091 3.2962234 -5.6723046 3.4591215 0.005888512 1.1823409 2.0792387 1.9796815 1.0696732 0.47499147 2.6847868 4.0854177 2.1800432 1.1983134 4.4426494 -6.594978
derbies 3.7716215 2.7343962 -5.2859383 -2.1575832 -1.1832867 1.7992647 -4.034385 2.6590679 0.8029313 3.1276019 1.4993484 -2.256449 -3.3078732 0.49995908 2.9210792 -1.5805665 2.0552447 2.0154843 4.1302886 -6.1770315
showgrounds -0.5299103 4.7937512 -7.9322915 2.4923055 -3.688707 0.38370088 -3.8342717 3.3555717 -3.2420146 0.55595475 0.54959446 -0.30350986 -0.6043545 2.257882 2.2656176 -0.71631485 3.514435 -0.3325615 3.4534314 -3.8523662
brumbies -1.2643427 1.2112259 -4.583179 0.6223855 2.6094408 -4.078349 -3.752664 4.512014 -0.11160329 3.4447534 4.4061794 -2.3945723 -0.5854395 -1.0150702 1.220922 3.9762588 1.142587 1.1275148 4.6797123 -2.0846286
dalglish -3.9709089 1.7386621 2.8984196 -0.7332422 1.777739 -3.5809293 -5.3492236 7.8144794 -2.0154238 -1.7781991 3.1667655 -3.032369 -1.0059661 0.29110777 3.8369374 1.834977 1.748943 0.8257571 2.5854337 -2.6047676
hibernians 0.87716246 0.6211897 -2.9782274 1.3032941 0.6441489 2.3560941 -3.6046824 4.0105305 0.53794944 2.3342023 2.953236 -2.5375876 1.299991 4.549227 2.921535 2.0760252 2.421702 3.2444336 -0.82108915 -3.3089223
trialist -2.308342 1.3486391 -0.26564467 -0.067802474 0.96881837 -1.9020612 -5.9957557 5.097806 0.55208313 2.2060027 2.968723 -3.7706513 0.9880185 0.8216061 3.2474985 0.6054626 2.145636 -0.4582435 2.9673522 -2.9781587
casuals -0.6623126 2.6964264 -2.8134942 0.79180413 0.85049474 -1.187122 -2.659507 3.4681833 -1.2455907 -0.8780047 1.8686175 -2.7305462 1.1179101 1.048775 2.9500465 0.29004484 -1.473592 2.0477943 3.7584085 -3.5732265
trouncing -1.6039459 1.0219111 -1.4320128 2.3802373 0.28649157 -2.3591566 -3.6845412 3.2726529 1.5139612 4.760172 1.3902034 -3.4357393 -1.568849 2.0608633 0.9032431 1.1338187 4.7624435 0.8615163 -1.0205934 -6.32673