Centroid_41 -1.302483608786409 0.8971168112961154 2.873751194882848 -0.5685533168731394 1.0287514047300974 1.450729438044336 4.099064573766993 2.1969657935566316 1.7097909216116496 -0.5853359163446603 2.570001387284792 -2.6024880415663416 -3.316070314142393 -0.2985336527087379 -4.782509672783176 3.030909397708738 0.9904215257896438 1.5153815243851139 1.1528020836860844 -1.4042802253359237
relationship -1.9625231 1.6635826 8.016176 -1.2733926 2.4559712 5.4269876 1.9715407 2.289035 1.5141187 -3.577822 4.528747 -0.6403977 -7.60853 -3.4561205 -2.8306956 5.301227 1.0962336 -0.5005345 0.44832957 -2.2134366
seems -0.6758892 -0.63525856 5.630557 -0.6593177 1.8434169 2.8745275 3.7883346 -1.048895 3.5761344 -2.0900316 4.0283117 0.9457255 -2.1476598 3.763742 -7.6649866 4.0970316 1.7268695 2.605405 2.4323726 -5.304483
moment 1.8224082 1.0433428 5.907725 -0.85915947 1.2747159 -1.1841038 4.03086 5.769717 1.1528236 -0.65224653 4.535414 -0.17247467 -2.8532171 -0.13360909 -5.345735 1.7966309 7.389605 2.2409632 3.3677197 -2.03403
fear -0.027725989 1.4202336 2.5921466 -0.9884008 2.6539757 0.27198094 6.7893066 2.2526708 1.8466638 -0.5067316 4.945732 -4.312834 -6.3973346 -2.0406604 -9.616348 4.6435637 0.22869477 3.5425138 2.4347453 0.6115291
apparent -0.5611565 -1.679443 4.7630095 0.6940464 0.97511595 0.37652418 1.881836 -1.651568 3.6668775 0.84409934 1.2099892 -1.7074577 -1.1629993 1.5628258 -6.9925785 4.8867245 2.390331 0.68511105 2.7444701 -1.6687587
violent 2.5953429 0.07922727 1.0842031 0.5473471 1.631221 -0.0019660173 6.9079967 2.7487845 3.2271044 0.4313899 1.0961356 -9.113734 -6.889461 -3.4073408 -7.955488 2.795469 -2.8658383 1.272427 3.3514192 -3.5006318
seemed -0.19649002 -0.0016036395 3.337797 -0.3787946 2.485174 -0.6856529 0.7885286 2.3788621 2.9321897 -2.7508187 4.2842774 -2.4504445 -3.5064194 2.3369858 -7.294576 7.2511067 2.31688 2.8823473 6.632167 -3.2535882
feelings -2.6807015 1.5851878 9.744589 -1.8255625 3.875336 6.0771217 6.1386886 5.0735474 0.13143998 -4.154836 5.1934514 -2.0613108 -9.022731 -5.1271615 -7.184398 3.931929 3.8482702 3.9988294 2.7950869 -2.2155328
danger 0.06762279 1.7271869 1.23338 -0.5415051 1.5785807 -1.1700523 6.9332542 -0.013136725 0.17254011 2.013485 5.249875 -3.7543283 -5.477342 0.38752794 -7.6122475 5.0824313 2.2509685 -0.056374587 2.9373817 -0.17862126
fate 1.1431123 0.849969 2.3783572 -2.113174 1.2410946 -1.9916825 6.7077556 2.0785205 2.639375 0.7163661 7.178721 -2.7018883 -3.0631661 4.8061686 -5.507914 2.3471014 3.4730034 -0.753392 -1.2827663 -0.7384516
seriously -1.4920276 1.3320059 2.4141986 0.84291947 3.2857354 -0.76188534 5.2273855 1.5419594 2.8637753 -2.4024332 6.381252 -4.772729 -7.2802334 2.1058218 -1.7957298 3.468589 2.7265992 -3.487564 4.7905574 -0.033122066
encounter 0.7028612 -0.8092515 -0.7347688 -2.3644216 1.3998821 0.07493877 5.7488785 1.7609793 1.0474911 -0.70302474 2.5303023 -5.1623726 -0.45947424 -2.0483596 -4.643705 3.7292566 4.825755 0.000669657 0.37345183 -2.2154915
memories 3.2562892 4.004116 5.7169595 -3.0406878 -0.25412855 3.5939639 9.407361 1.795954 1.4402536 -5.8561263 5.4437857 -0.40512946 -3.283742 -1.8435389 -4.9265094 1.0836838 4.1340795 0.5956558 -0.10534993 -1.4611505
tension 2.0626383 2.5254972 5.8652487 2.8513815 1.0965618 2.1684773 2.485022 2.9366972 -0.12003139 2.4041588 2.3677866 -2.6769288 -3.497031 -0.9813637 -4.8422503 2.0457208 0.7511527 2.2899246 8.184289 -1.4308842
sudden -2.2204263 2.2280643 5.3642464 -0.78112066 0.07891385 -1.3175359 1.0384563 0.7980904 2.3504083 -0.49028847 3.1688116 -7.8916097 -2.8090603 -0.02823776 -8.042744 0.9077618 4.029989 -1.2561672 4.3315587 -0.04048391
worse -2.3515968 0.31763974 3.1444132 -1.6775281 2.8448853 -1.7134995 0.44924822 -1.073902 3.3954935 -3.0796745 4.1936765 -3.6908844 -7.620214 0.7654619 -6.339293 5.298596 2.9519062 0.47651798 6.2594724 -2.76372
thoughts 0.39884555 0.63455784 7.081103 0.8465291 0.5556263 3.4728913 6.9718027 4.195833 3.075267 -5.2305465 1.1988869 1.0226593 -4.4515586 -1.9932597 -6.225012 3.519867 3.3477912 3.7422047 1.2389305 -0.4445011
chaos 4.9967055 -0.52848905 2.805404 -1.362452 1.1978062 0.68036336 5.419585 4.7703342 0.6923562 2.4131234 5.5042086 -2.7325923 -1.1012914 -0.45065764 -7.826127 3.0095 1.4859512 1.322149 1.3157847 0.16136529
seemingly 1.8064063 0.79538566 4.6723857 -1.8878831 1.6222996 0.9082775 7.229408 1.8072884 -0.21171969 -0.51461214 3.8040955 -2.0965154 -2.7694538 -0.0062782853 -5.7068605 4.636599 2.1768148 1.6440529 3.7456856 -4.3982444
harsh -2.7522938 0.75161266 1.255764 0.643347 1.4902531 3.543078 2.7658935 -1.5842814 5.336242 0.3489995 2.448665 -3.2635534 -3.7916238 -0.81438804 -8.391215 4.0487638 -0.8581838 1.5721817 5.1265135 0.08548714
struggles 0.17829752 1.7393826 1.9895855 0.36867055 2.2685513 4.9949975 1.7839569 3.8303711 2.8962584 -2.0496058 3.9847872 -5.152943 -6.267092 -2.9119189 -3.9507167 5.530176 0.73776007 0.9396871 2.5456882 -1.9346422
silence 0.9727413 0.91771173 3.836781 0.54130614 0.46878302 -2.5394826 6.7418075 5.131345 2.0131435 -3.8738372 1.2366513 -2.4339368 -2.471167 0.4529142 -5.7062144 0.110535085 4.560564 4.156577 1.2690516 0.04090477
anger -3.6900778 1.9779149 5.1186986 -0.045496415 2.7335947 1.683625 5.9407134 4.96844 -0.46501073 -0.46742257 3.4781063 -5.3788533 -7.0262003 -1.580065 -6.812917 2.7993 0.5934142 3.4795082 2.9757519 -0.9000712
tragedy -0.7442121 2.8763065 2.2671645 -0.33890635 -1.312385 3.2640624 5.3932 6.806286 4.7834086 -0.7756859 4.253009 -3.6416671 -1.4760469 0.38961485 -5.882787 -0.51481175 2.6149404 -1.3111314 -1.0802181 -4.2154727
unexpected 0.5839203 0.3071821 4.099013 -2.4786296 -0.68594164 -0.6009943 1.0714974 2.5259168 2.122427 -1.6421314 1.8716757 -3.196788 -2.8767817 -0.9119583 -6.9017496 3.798718 3.8979418 -0.62420654 3.78254 -2.3150887
fears -1.3412144 2.852204 2.5375285 -0.6590631 1.4395128 0.36040226 3.7217443 3.4005198 1.5233555 -0.10538661 5.14066 -4.73569 -7.7129416 -0.58383256 -7.929984 4.365043 -0.6469768 1.3322846 2.2868166 0.29140028
intentions 0.25563464 -1.1643186 4.2780185 -0.28937435 1.4252827 -0.8500535 3.8143911 6.4789615 0.9843651 -1.0350103 4.028752 0.53430235 -7.0058923 2.1254015 -4.7483196 5.956106 0.9160477 0.8540813 1.386657 1.3156505
terrible -1.285136 0.834929 1.7213544 -3.5051928 1.1379412 0.085299484 4.666584 2.8356893 2.2115417 -1.2274637 4.741984 -5.9785666 -1.9716728 0.00988904 -7.905432 3.4521315 3.3279557 0.93567735 1.16207 -2.318037
panic 0.10995654 4.0452685 1.9325122 -0.5123274 0.6769905 -2.9768505 4.453746 2.412302 -0.6942756 -1.5918149 4.947506 -5.4942355 -5.2228456 -1.3441974 -7.138712 0.055689927 -2.5094328 -0.75849587 4.264608 -0.25358078
blame -2.7587917 -0.2740392 2.9199734 -0.71569186 1.9656831 -3.5551124 4.49612 2.9944663 0.5660587 -0.81937337 2.3873248 -4.2762637 -7.803377 1.8828872 -5.745098 5.121131 0.82257766 1.3106558 1.2494547 -1.8442647
presumed 0.17224431 -0.19157206 1.8158784 -0.8405474 0.8917484 -2.031414 5.4200053 -4.2163515 3.5965295 0.37772945 2.6286702 -2.2620356 -1.5466974 2.6886728 -4.5421014 1.4998302 0.49570343 -0.15539734 -2.7530954 -2.8779163
guilt -2.9716475 3.6896012 8.273044 -0.13655448 1.1122603 0.28939408 8.569241 2.8853676 2.689907 -0.73311776 3.5737736 -4.47138 -7.852538 0.9478307 -4.9920473 6.5433083 3.1097267 2.7901225 -2.6580124 -0.9951121
tragic 0.38000876 -0.56773627 2.1216745 -2.8681016 -0.70895666 3.8920457 4.7987733 4.190125 5.484006 -2.6196778 2.6401067 -6.064286 -1.4589753 -1.0342056 -7.9818664 1.9918343 4.547001 -1.1075604 -0.61406565 -4.597061
brutal 0.13153425 -1.0035666 0.37598595 -1.0715917 2.5130687 1.1345497 7.3332615 3.326786 4.012755 1.1875145 2.3826628 -7.975435 -2.3142576 -1.2675356 -5.9543295 3.5972226 -1.7934132 1.8880243 2.6821468 -1.9652675
innocence -1.7732935 3.0131192 5.7223825 -1.210701 0.08332464 -0.75820744 6.9842143 5.431707 2.758503 -2.3416827 3.2079856 -1.3842295 -6.484581 0.42083493 -4.2901134 5.161794 2.5620968 2.473807 -3.3632011 -1.5514812
weakness -1.1463401 -0.682382 5.640714 1.6100272 2.3617942 2.2342105 3.9255004 0.95014614 3.1554718 5.317965 1.9993719 -3.7239826 -3.243383 0.62055165 -4.6684723 4.560985 1.4856989 1.2105935 6.1643496 -0.91427857
cruel -4.2029896 0.06601495 1.0812179 -3.7035005 2.4621449 1.7506996 7.4967055 2.31102 4.4915733 1.3557199 2.7884207 -3.7283897 -3.164456 -0.03864112 -6.096681 4.692637 -0.34672788 5.2734194 -0.23612015 -3.19118
hatred -0.51466733 1.2664285 3.4411488 1.1881315 3.9959097 3.9782124 6.0036488 5.3336854 3.211012 1.8229474 4.8692665 -5.0868616 -6.330513 -2.5316033 -7.68436 3.5305297 -1.8050586 6.0888 -0.47397494 -1.2775233
sympathy -2.314754 1.5065371 3.109208 2.024215 2.594133 3.127213 2.6928506 5.5657835 4.1288047 -2.1898515 3.7936802 -1.6710366 -6.5973325 0.33143649 -5.397266 4.7532454 -0.41080308 4.557728 1.72592 -1.0372015
dangers -0.057254653 3.5103056 1.0105898 -0.24437527 -0.724579 2.325668 7.7008686 0.5144649 2.124175 1.040337 3.3335924 -0.97302043 -5.758123 -1.711064 -6.4399347 4.9179935 -1.3032737 -0.57791543 2.9799826 2.048675
painful -2.7014155 3.383123 6.5412507 -0.71079105 1.715997 1.605168 6.067615 -1.1238797 4.4922643 -2.3690178 2.073052 -6.557905 -2.408675 -2.4528775 -5.7501388 3.079608 3.9382389 3.0692408 5.305982 -0.44013357
inevitable 1.6352602 -0.34832898 3.9674482 0.2745862 0.62248814 -0.1220653 0.15833342 2.6303265 3.3293834 0.5601528 3.896063 -3.2374582 -4.1322765 2.542381 -8.02142 5.845147 0.8964046 0.530931 3.9786377 -0.27341777
grief -3.3875368 5.46443 6.7197185 -0.39865372 1.390439 4.3836994 7.2403674 2.796716 2.2965138 -2.3691251 6.164149 -4.813186 -4.8564863 -0.5591342 -6.0928326 1.2286446 5.4234614 2.1931298 -0.6176377 -1.5737199
shame -2.3964715 2.7510889 2.5803668 -1.75341 1.6969665 -0.6905505 4.5683 4.184319 2.1067371 -1.9792284 2.6804311 -1.6646899 -4.831832 -1.5867007 -5.657711 2.6001499 1.6177878 6.872348 -0.47690168 -2.0475147
emotionally -2.6352293 2.7507694 8.137842 -1.5647414 3.4543724 5.2209535 7.512202 1.7901038 -0.3722346 -4.2836976 4.7512183 -3.2779803 -6.231809 -3.5636313 -3.8528433 3.2053366 1.4499724 0.75190526 5.9278274 -4.297584
frustration -1.2769543 2.1700327 5.327349 0.47732717 1.7984561 -0.050415583 1.8908482 4.385929 0.54864144 -1.9369107 2.9019372 -3.0495257 -6.721428 -2.4416058 -4.879864 4.272703 0.46213302 1.1790178 5.0062866 -1.9271485
regret -3.398477 1.0978196 6.8946905 0.23564565 1.5843413 -1.6721349 2.316366 5.9829974 3.166925 -3.384472 3.5056117 -1.6526003 -7.8548617 0.6899552 -6.61014 3.1897795 3.2620575 2.3313694 0.61181706 -0.8582125
deception -0.43324146 -1.1001952 2.4476361 -0.9007911 0.06668391 0.16566421 9.104961 2.64493 0.30574894 1.7466607 2.5042381 -0.57400477 -2.9615014 0.8117165 -5.1023717 6.4619403 -0.4907997 -1.8470436 0.92591363 1.0614676
unfortunate -1.5882071 -0.42878655 1.6188405 -1.869871 0.21556763 0.061676107 2.602878 1.1630926 3.1054704 -1.2078942 1.2473425 -3.8802426 -3.2316964 1.4649966 -5.05996 5.1216273 3.4601345 0.36331367 1.2425632 -3.9637916
vain -2.6520264 -1.1843501 1.9453751 -2.3794823 3.3555863 1.0134062 2.6607065 2.771993 -0.48558706 -1.6839471 5.821245 -3.1992662 -3.1415834 4.5647216 -4.634034 5.1570153 2.1625931 2.8642142 0.09877989 -0.7374374
chaotic 4.7330403 -1.7697953 2.9741976 -0.22123067 0.09648835 2.7205215 2.137748 1.4823061 1.0675366 0.029798489 1.6642373 -2.6245673 -0.8663371 -1.0495692 -7.7879496 3.3992364 0.60642725 0.4180717 4.572577 -2.1182463
vicious -0.07205711 -0.5611338 1.6952839 -2.0907586 3.490512 -0.8124332 6.3533564 3.6822746 0.019931324 0.53288317 3.3990054 -4.996571 -1.3249598 -3.3910615 -5.163757 3.3158178 -1.5334836 2.564624 2.280747 -3.4260352
injustice 0.78656334 1.5637019 2.0395398 2.6193585 1.1432875 2.8971179 5.498722 5.437959 3.8600519 2.3908994 1.9518874 -2.8431036 -7.8585777 -2.4583006 -5.6844716 6.684841 -0.5066564 3.8363442 -1.7182262 -1.2401887
disturbing -0.85859674 2.1089885 2.3377147 -0.91044563 -1.779626 1.5897125 7.04131 1.3312347 1.153988 -1.9929372 -1.2065126 -2.289777 -2.4954374 -2.137943 -8.295832 4.0549793 -0.26624268 3.71024 1.2302507 -1.7054557
outsiders 3.660452 -1.0697541 -0.9713253 -0.24735855 3.0725985 1.3814596 3.6897492 2.5851188 1.2315704 -2.1187656 3.7924273 0.40875894 -4.9037104 -1.6086459 -2.7182298 3.9856904 -1.677942 2.707801 0.8645593 -2.5619934
dislike -3.9606194 0.84356505 3.833036 -0.3333338 2.7673535 2.4613993 2.1880577 4.3128133 2.4533374 -2.896706 3.377215 -1.028923 -5.586681 -1.1423359 -4.237803 4.7557273 -1.2857565 2.2826624 3.0526175 -3.6071317
jealousy -3.3085067 1.3645058 6.270316 -3.774035 3.1596866 5.733443 4.981412 3.6443503 1.2662425 0.0706936 5.5659933 -4.8900476 -5.4477625 -1.6456183 -4.9850836 3.2899842 1.8990043 2.5508683 -0.25336203 -4.1543517
ignorance -2.131214 0.8011834 4.812319 1.8170342 0.59564394 4.147526 5.4461713 1.9684192 4.654008 1.6390414 1.104038 0.059261046 -5.4313784 -0.31197348 -7.276683 5.624404 1.2820162 4.158921 -0.5641777 -0.60719556
despair -2.0075326 2.9846764 4.977159 -0.72099936 1.5233917 3.5616407 4.662879 3.1520631 1.2703385 -1.3600928 5.7545104 -4.2730074 -1.990405 -0.65297794 -8.98847 1.688976 4.0006723 3.0873833 0.15667057 -1.523938
shocking -0.81390584 1.3426515 1.8437023 -2.256457 -0.33151215 -1.0875136 4.543051 4.394817 3.076483 -1.2270579 0.62654907 -3.399557 -3.185009 -2.7631853 -6.445053 3.4861178 2.6006525 2.6647482 1.224618 -3.3701665
utterly -1.7728018 0.9694923 3.9993172 0.0564458 1.5598876 1.2018737 5.20748 4.8159547 2.6491506 0.09725349 4.74928 0.010159721 -2.8542035 2.4225721 -8.170067 3.681043 -0.063239984 3.0441034 3.168422 -4.567464
suspicions -3.1754093 1.6186371 4.5997887 0.37402758 1.4029067 -1.1380932 6.8781834 3.5485458 1.2491493 0.063865475 4.4154515 -4.2399373 -8.58728 2.6206787 -3.9424033 3.6205301 -1.4266949 -1.8064457 -1.059836 -0.016787473
plight -1.9461899 2.877525 -2.3105326 1.3121685 1.6991308 5.2221694 5.119266 2.5573132 4.098283 -2.3759289 4.363011 -2.9831414 -7.9994245 -2.3533857 -5.377257 2.067449 -1.376296 1.3498902 0.035736308 0.48645037
wrath -1.6448838 1.8484716 0.79630506 -4.555832 1.0253175 0.28911015 4.1976357 3.392748 1.2141275 2.364504 5.669344 -3.2306588 -1.9961077 1.4259285 -6.541123 2.579638 1.5916575 3.5697002 -3.1293805 -2.3573341
horrible -1.277951 1.1028954 1.7643523 -3.5838606 0.547635 -0.4029256 6.5234637 1.994977 2.0783105 -4.3160753 2.6973183 -3.3612297 -2.4703925 -1.9491637 -7.660908 3.0226572 1.8947114 1.8452092 1.0828975 -3.478625
dilemma 1.1721463 -0.11470289 4.386734 0.010191672 1.0694653 1.0938417 5.4455357 3.537711 2.0092187 -0.41105425 2.1726809 0.16867468 -4.990459 -0.72033054 -2.7708335 6.544074 0.7292968 0.2958516 -0.009252452 -1.927951
insult -2.3404145 -0.4421333 2.5418355 -1.1409006 3.1156635 -1.1516353 5.74398 4.1535926 2.3215837 0.6902539 1.7788055 -2.5232053 -6.1249433 0.6763078 -3.5134099 3.9740605 0.72358537 5.667206 0.04654797 -1.9146246
misery -1.4383962 4.033 2.9411016 -1.5003145 1.1183743 2.0996003 2.98044 2.0203598 2.3361611 -1.5974847 5.6740675 -2.9115157 -3.4569173 -0.8121881 -7.3454385 0.35773674 2.2039196 3.1267755 0.335631 -1.5478303
insanity -2.3808088 3.276831 6.5207176 0.9492006 0.29953736 -0.857898 6.8948307 1.4115407 3.522734 0.26787272 2.0336015 -3.3459504 -3.218699 -0.15021996 -4.03739 4.6369896 1.1166358 1.1986324 -1.315109 0.060357083
hardships -0.3793482 5.5447836 -0.09716514 1.4980748 0.6798863 6.478942 2.9139266 1.4380788 6.272382 -0.79979014 7.505035 -4.8568325 -8.17701 -0.26898757 -4.7411513 2.105464 1.3594357 -2.3371012 2.9253535 -1.2492089
witnessing -0.9803285 0.4797669 -0.59947765 -1.3284639 -0.23896118 2.4885306 3.7427714 1.1738402 1.2817268 -2.1484206 0.68368155 -6.4436994 -1.8160359 -0.49925002 -5.384788 2.9874766 1.7041155 1.4298663 0.042676803 0.7195227
unpleasant -3.918216 1.7867362 3.543705 -2.0549953 1.4489528 2.5688267 4.9369693 -1.8034114 1.5700138 -1.9483788 1.7239032 -1.6756482 -3.1231005 -2.298009 -6.683088 3.891832 -0.2189306 2.975386 4.8277187 -2.4490767
fearful -2.3387885 -1.8355823 1.3237559 -0.46890303 4.1498485 1.0899875 3.4633193 -0.31054476 1.0246824 -1.0285077 4.414539 -4.619591 -4.413969 1.2807333 -6.9158583 4.600089 -0.4604883 2.4217913 1.0818882 -0.2860146
sadness -2.5256855 3.4313545 6.599572 -1.0343978 0.9804323 3.4127665 3.48965 4.5870576 2.5811474 -1.8094169 4.0455365 -1.6326213 -3.1786442 -3.1468325 -8.781572 -1.1216258 4.7984166 5.182802 0.6928855 -2.6629891
greed -1.828195 1.9194521 1.9914374 -4.076128 -0.5169179 4.1796007 3.7928011 4.7985363 1.5812562 2.847118 2.8226852 -0.8283967 -5.3710012 -1.4431764 -7.446189 5.989432 -2.3443995 4.141162 -1.3942097 -3.1399665
misunderstanding -1.7278444 -0.6476167 5.1615577 0.26075214 0.59871584 0.8342518 4.0282555 2.5282552 1.5077666 -0.24934931 1.8205619 -0.5785671 -6.474032 1.3071159 -5.548617 2.660478 0.87546074 0.14037734 0.24171385 -1.6162624
embarrassment -4.096175 2.4527993 2.5812898 0.6462562 0.71132135 -0.053858895 2.3497884 4.4677143 2.5782373 -0.52976245 2.379655 -3.2868428 -7.039143 0.7071065 -4.550355 4.59072 0.08425542 1.2804787 2.1743107 -1.4071405
dismay -3.3615172 0.96295094 1.8224529 -0.6098939 1.9933535 1.1564721 1.5955867 2.4495606 -0.50239825 -5.1055603 3.4587612 -4.007765 -4.487665 0.9074628 -5.273211 4.0728936 0.41880542 1.5873793 1.1476065 -2.6038053
firsthand 0.40791225 0.3471883 -0.6818576 0.25058225 -2.134042 4.346586 5.9677577 -0.14349459 5.576359 -4.5919337 2.0696404 0.4296543 -4.5197434 -0.47415203 -6.227885 4.246371 0.52793163 -3.7828825 -1.0192578 2.2792957
worries -4.0298758 1.9015467 3.1076727 -2.64908 0.9576608 1.5371778 2.046666 0.8788958 -0.8504249 -3.148657 2.770129 -3.84738 -6.8298287 -0.73111886 -4.90617 5.0390964 1.6862433 0.7703828 1.5507116 -0.7415289
loneliness -1.4357787 3.725646 5.4321294 -1.8282946 -0.0021246504 6.3138857 3.5547416 1.7240458 2.7209697 -3.7332144 3.4735518 -3.0363271 -3.2531679 -4.185242 -7.870134 0.89714456 3.8748422 2.4113421 1.1727451 -2.2902668
distraction 0.18526736 1.044372 3.2431233 -1.8481723 1.2888715 -0.3681 6.1031885 2.910136 -3.0304925 -0.33451912 2.5631928 -2.7484877 -3.7462795 -1.2552859 -2.4533541 5.848554 2.3493762 0.73476785 4.5649157 0.17924476
ordeal -2.6578476 3.866335 2.4375825 -0.06704968 0.48025978 -1.1055889 8.009502 1.6822921 3.059021 -1.8216541 4.871092 -4.7631016 -3.6817346 1.7289288 -3.7440755 1.6088876 4.290109 -1.2061459 -0.62919986 -0.17781445
miserable -3.304016 2.3312457 0.7262846 -1.6560142 2.0558472 1.7866623 1.8786802 -0.6730632 1.2747698 -4.3910384 5.0563126 -3.855332 -4.1703405 0.34293896 -5.948321 2.5006495 3.569592 1.4980326 1.5705873 -3.389506
relentless -0.23697701 -0.58796525 1.1386753 -1.0326554 1.331185 0.21988869 1.579892 4.568184 2.40417 -0.34970254 2.3618703 -3.2618778 -0.4293162 -2.4285166 -5.7051744 4.4539394 0.2066213 0.88436526 5.449892 -0.081183955
retribution -0.9377047 -0.30941004 0.92391765 -0.62614024 1.1465656 -1.1279466 6.3584876 3.1739588 1.6208799 2.184078 2.243592 -5.5442443 -4.6463337 2.0247087 -5.5003266 3.712423 -0.9377635 2.5824823 -2.0249104 0.51838976
visibly -1.1021117 2.3281915 3.7797346 0.3670646 3.0414298 -0.8562163 5.169983 1.0853207 -0.85272074 -1.6387717 3.4021344 -3.3853536 -3.122906 -0.79629356 -1.9481506 2.2764428 3.0740762 2.0822349 3.9515636 -2.857902
disgust -3.1649742 1.1455915 4.2242064 0.21304017 2.7704072 1.339129 4.608591 3.708864 0.010135145 -1.9543548 2.9650126 -3.2510815 -4.2829404 -1.5304779 -5.190493 3.9872763 0.59420735 3.4019053 0.8429801 -2.1284382
dangerously -2.1523836 1.7119831 2.1823385 -0.5085093 2.1333046 -0.39184844 2.9580681 -0.62529397 -0.6404393 0.44215494 4.642196 -3.0604637 -2.3298717 -0.3278313 -5.1886125 0.76859367 1.1363987 -0.8557331 5.521532 -1.3840097
disgrace -3.12469 0.77513695 1.0596294 0.8590892 1.9181268 -0.3936553 2.4950037 4.7570586 3.0395331 -0.57751584 4.5116863 -3.4637446 -4.4848666 4.120809 -3.5569606 3.6373448 1.1657711 1.8989618 -1.9767729 -1.1932759
excessively -3.420264 2.330906 4.0302024 0.15387475 1.4932573 1.0630699 3.3133137 -0.5517179 1.8207837 0.3161574 1.7220659 0.0724991 -4.2001896 0.45957893 -3.356763 2.3338413 -0.4279051 2.6761515 7.212818 -2.478768
hopeless -1.889103 -1.3772205 2.6277153 -1.4783325 2.7437901 -0.59834373 2.4242213 1.6203992 2.2368176 -2.4909136 5.0350413 -3.5045533 -1.8433442 1.4332658 -7.175878 4.2510095 1.4946897 0.76174086 1.6888714 -0.61546266
desperation -1.7959492 1.22131 3.1930103 -1.9602368 2.518513 -0.09547835 4.0539637 2.191082 -1.6280372 -1.3363034 5.0729403 -3.46808 -3.8337076 0.0068914033 -5.4313965 3.02656 2.0759583 1.6199852 1.7783319 -1.2755755
intrigue -0.130472 0.08173827 1.3452219 -0.91232914 -1.0974418 4.8699923 4.486703 6.6328745 2.3001044 0.7418029 2.3096688 -1.7387041 -2.739597 1.8202833 -5.434941 4.3739247 -1.1201295 0.41721505 0.6308595 -3.3451073
helpless -2.8748167 -0.26001996 0.64677715 -2.3304582 4.233503 1.7611432 6.7752824 -1.2164285 -0.61683345 -0.541372 4.4558463 -5.260083 -3.801833 0.4700772 -4.453302 2.9387324 2.661089 3.112762 2.3852818 -1.5470201
animosity 0.05121713 1.5239085 2.8838453 2.6703088 3.2106512 2.2237945 1.1319424 4.4076324 3.1000147 -0.21534257 5.2145376 -4.577772 -6.1865354 -0.47683272 -4.604991 2.4076521 -1.6707727 0.7204985 2.9180343 -3.5978968
infidelity -3.2925854 2.9195929 6.6407576 -2.0427642 0.7598848 2.0578682 5.499076 1.7570695 2.2520585 -2.720098 2.5310595 -3.6535666 -8.246461 -1.5616367 -3.6766982 2.6228492 1.1495662 1.2077909 -3.5628173 -3.5700114
misfortune -2.5080755 1.9571127 1.9173796 -1.9281534 1.7316232 1.5292153 3.358196 0.79867256 2.7541482 0.39120516 5.6716084 -3.345303 -3.6595614 2.0441446 -5.034507 2.545745 3.5880487 0.8463967 0.527759 -2.8705769
horrific 0.46126246 1.9642171 0.7937794 -1.9602875 -1.0848429 1.3429843 7.007452 1.1577687 2.764796 -0.9402983 1.7929584 -6.5418 -2.0188162 -1.4813848 -6.935381 3.4629602 1.9804446 -0.6321571 1.2628502 -2.4582832
displeasure -2.8776581 0.5449575 3.630281 1.3141284 1.5611085 -0.37027517 2.022512 5.488219 2.093256 -0.7715198 2.8223584 -1.8654331 -6.263854 2.3216124 -3.861143 3.543488 0.9662153 1.2007107 1.5666189 -1.8762133
frightening -1.01391 -0.031625222 1.2759783 -2.8612812 0.39957353 2.125424 6.5890274 1.4151793 1.2485783 -2.766686 1.0551159 -2.6445405 -1.5260127 -2.9908054 -7.568035 4.2673936 1.964038 2.1347451 2.9173234 -3.7546835
remorse -2.5981855 1.4188093 6.4613614 -0.32984143 1.7236736 -0.81017786 8.240697 4.265219 1.8401762 -1.9452252 3.4080918 -4.4317336 -6.421093 0.23945007 -5.590237 3.357702 3.3542523 1.7219483 -1.3684131 -0.6968454
treachery -2.0636268 -1.3563721 1.9734473 -0.8674423 2.3012528 0.5915927 8.083852 4.1683164 0.9371452 3.204525 5.4103007 -4.311551 -3.874995 5.537341 -5.8364177 3.6718767 -0.16358413 1.3426406 -3.2711153 -2.4791431
lingering -0.64319235 2.866302 3.2503116 0.38763785 -0.20607316 0.89608026 0.80001056 -0.3765786 2.309794 -0.9558044 1.2493105 -6.802742 -1.9496258 -1.3159119 -7.0141535 3.5015929 0.96225595 1.7181606 2.4431694 -1.160059
seeming -0.39314157 -0.22084184 4.2043257 -0.20049557 1.0694386 1.771153 3.6358633 1.9026581 1.6557109 -0.74866855 1.1962165 -1.7430717 -2.2466362 -0.23178333 -6.882273 5.5721493 1.2402511 3.4762754 2.9001205 -3.3851163
terrifying -0.16546696 0.8194691 0.60175395 -3.2572827 -0.023680067 2.2507894 7.38444 2.1747139 1.2314763 -1.2549099 2.7232456 -2.6333609 0.51799536 -2.7898474 -8.246076 3.7986271 2.832279 1.8780788 1.7519357 -3.5587118
evils 0.011169168 2.4373453 2.1127245 0.20855746 0.5033725 3.352023 6.190706 3.6772065 4.522004 1.814053 2.567173 -1.1968457 -5.843461 1.0549442 -5.0584216 2.6969783 -0.4333743 5.3582125 -0.7962722 -1.3589816
rumour -2.9860005 1.0839115 2.269633 -0.16854481 1.1292598 -2.3424587 4.3758693 3.2299333 3.286468 -2.3631554 4.4922614 -1.0489212 -4.464597 3.7980342 -5.424481 -1.8479798 -1.470717 0.24668513 -0.04616845 -1.7450447
paranoia -0.6394801 1.7989256 5.020693 -1.0567783 0.10016905 2.1618824 5.635752 3.9590654 2.4440236 -0.33616486 1.7402033 -4.2565117 -2.4372659 -4.4051356 -6.590069 2.2596061 -1.9002907 0.36763713 2.3578968 -0.8438645
ridicule -1.6193146 0.4301042 1.8213507 1.282438 1.2287189 2.4307716 5.138981 4.7850003 3.8069844 -2.504621 0.7053008 -1.6430956 -4.8067765 0.104292974 -4.2806463 4.856408 -0.860691 3.8564253 1.4941053 -2.812988
unintentionally -0.7255174 0.5518817 3.20175 -3.114863 1.5155494 -1.7500046 7.3181314 0.840395 -1.3866445 -0.25624204 3.0511189 -1.3725488 -3.5249338 -1.0673642 -4.048567 3.2721472 0.36892924 0.64080906 2.1132536 -1.904704
sanity -0.06433492 2.5431583 4.6792274 -1.1198388 0.93643534 -1.3677646 5.17283 3.284488 -0.49883175 -0.93449914 4.4669847 -1.2618861 -3.0974615 -0.7834944 -4.752996 5.1329184 3.1361318 1.3583721 -0.11135945 -0.04593633
mischief -2.3176794 2.258362 -0.0033747412 -2.5915363 0.6205664 0.08999713 7.0378885 1.9597416 -0.2720936 -0.9425948 2.3642187 -0.7930017 -3.2413096 -0.043061763 -3.7884881 2.8377028 -0.08602818 3.342039 0.61612606 -3.0116029
forgetting -1.0910369 -0.5547807 4.4792905 -2.2123778 0.37100977 2.2834866 3.470675 0.41983837 -0.09132144 -3.646431 0.29499277 -1.341092 -2.4006906 -0.17506689 -4.613272 2.604556 3.4065409 2.7505198 1.1496671 -0.7807661
excesses 0.14782727 1.4883397 3.329692 0.7818998 0.05243667 3.036825 2.7853813 4.593719 4.271265 1.391923 2.5298178 -2.917488 -4.883619 2.306833 -4.9836583 2.4358559 -3.681383 1.9410468 1.9381566 -1.8198881
grudge -2.3711908 0.3986376 1.4167197 -2.7326722 3.2195883 -2.094096 5.1900344 4.7509823 0.5509801 1.3110081 6.0580716 -1.9888575 -3.638673 0.31285977 -1.3580008 3.477034 3.5479996 0.4810224 -1.3950615 -1.7846621
psychologically -0.49624962 0.18134604 5.3440347 -1.0147492 2.7698073 4.5439644 6.7295175 -0.6125301 2.253077 -1.2770243 2.568716 -3.863088 -4.9271617 -1.9766207 -3.1230545 5.20208 0.48606732 0.81911486 4.0406466 -1.517814
annoyance -3.786327 0.39903238 2.439398 -1.1784267 0.8733082 2.1139278 2.637808 1.356857 -1.0896603 -3.9913707 1.5755355 -2.746064 -3.7167287 0.41216785 -5.0039363 4.0602736 0.12454135 0.40207165 3.397454 -3.3907201
gruesome 0.09595065 1.2322743 1.6648993 -2.6077583 -1.5633602 0.95221686 9.521365 1.5223501 1.586023 -1.0526636 -0.3731584 -4.7276783 -0.71543556 -0.8578673 -5.1673355 2.614759 0.59034234 0.98306304 0.17264499 -4.1118684
inhuman 0.37258103 1.0902636 2.2931547 -2.5456898 0.5367648 1.2911204 8.623282 0.71399593 2.8378806 2.8916454 1.8707702 -3.427762 -1.4322587 -0.7169986 -4.4022 5.002654 -1.4818681 4.187476 -1.0685587 2.2627602
dreadful -2.5356147 1.5482659 0.75553304 -1.8398479 -0.45530754 -1.0135384 2.8402052 1.6449074 2.2638392 -2.600934 2.0527556 -2.799478 -0.29670691 0.35363021 -7.00018 2.2748427 3.0850174 1.3774347 0.75054324 -3.78672
seduction -1.1251978 1.0705029 4.210441 -3.8515842 -0.69741803 3.2407162 5.9509497 3.72567 1.557965 -1.641943 0.60996336 -1.1705332 -0.5420421 -2.4357965 -3.343923 4.164357 0.6244223 2.6052322 -1.5970739 -2.137151
arrogance -3.8362358 -0.45883322 2.7133121 -0.30522618 3.041133 3.737763 3.6211326 5.0201845 2.7232404 2.4812331 3.43316 -1.4205236 -4.2571135 0.39869535 -5.590208 5.8272285 -0.059114058 4.8524914 1.2732353 -3.27357
terribly -4.226309 1.4602479 3.1421752 -1.5616897 1.9114591 0.8423678 3.9012532 2.4929926 1.4853506 -2.7061965 4.317197 -2.1413639 -3.177256 0.16637829 -5.674543 2.1822639 2.3234622 0.97430205 4.1801357 -3.8678331
apprehension -1.2428428 -0.6082981 2.6106503 1.2862848 0.2737585 0.40572223 5.3825436 1.1369702 1.9683468 1.3155496 0.12971538 -2.919939 -5.695915 0.4833156 -4.218786 4.2378573 0.1433387 -0.022841567 0.6581512 1.2788069
outburst -1.16191 2.3335981 4.832381 0.5278999 -0.19064482 -2.3272376 2.9366465 3.8101418 1.3687345 1.0616043 1.4614512 -4.587621 -2.2070742 -2.0918894 -5.8386903 -1.0420651 2.132483 0.3835405 1.2192831 -1.2069466
relentlessly -0.89098823 -0.29996762 1.6228338 0.3274355 3.628544 1.1564136 3.6867101 4.0162053 0.9206815 -2.6640449 5.012244 -2.1279702 -2.0524151 -2.0995097 -4.0810723 2.839974 0.14060423 -0.11755011 4.541619 -1.6122714
cowardly -4.1863 -2.9911647 -0.2655166 -2.1473932 4.617836 0.52509403 8.294431 3.824959 0.11250604 1.4271828 3.7639945 -2.0815 -1.960225 -0.51113135 -4.710825 6.1078725 -1.7685328 3.3156178 0.6583687 -3.6838834
impatient -3.9086463 -1.7461934 2.264984 -0.99423856 3.777189 1.4423931 1.6458408 0.8787429 -0.06564583 -3.3605757 4.2769566 -2.435432 -3.6538558 0.817942 -4.124576 4.420082 0.09440544 -0.164879 3.7485542 -0.9986805
anguish -2.9859285 3.145513 5.404025 -0.14552212 0.45527667 4.534675 5.3130293 2.5686486 2.060048 -1.4302589 2.996479 -4.5954022 -2.6570315 -0.89679235 -7.3254614 1.0639278 4.0652823 3.2622538 0.01196546 -1.6024445
appalling -2.599987 0.90555483 -0.23704945 0.49197173 -0.52040166 1.3252677 3.5268643 0.12604225 3.353442 -1.0897003 0.35045102 -4.141439 -3.779731 0.19952574 -6.9325 3.7864833 0.33744657 0.28569403 2.360866 -1.0944272
torment -0.6590312 2.2053595 4.0760374 -1.9633042 1.6793133 2.2358515 7.379623 2.1521907 0.68098176 -1.8382984 4.0443816 -4.3061323 -1.0333728 -1.0723026 -5.3693204 2.6000063 3.580905 4.039052 -1.0722635 -1.1983929
unintentional -1.0612583 0.7121272 5.108206 -2.4876876 -1.2746714 -1.9815897 5.286763 -0.22998115 1.4915429 1.9809601 -1.9288021 -2.1643245 -3.871016 -2.098725 -4.6390514 4.0227103 -0.093203306 0.71075225 3.150151 -2.6500795
disbelief -2.0603228 0.901269 4.529726 0.48562974 0.8863508 -1.5206448 4.7259316 4.270821 0.43385857 -1.1833874 1.0922973 -1.9717169 -3.8664074 0.02147277 -5.699081 3.9715593 2.7594247 3.4741604 2.0936868 -0.16599014
boredom -1.8515071 2.1132884 3.6847246 -1.205761 0.7355028 4.338343 3.4457219 1.5195009 1.0067534 -3.0368884 2.9136753 -3.3137949 -3.3644104 -1.88124 -5.141439 2.0046997 2.1899946 0.54454017 4.3617315 -0.4144074
predicament -0.8281111 0.5663944 3.0351648 -0.50328606 1.3711855 1.8475385 4.4497614 3.0404565 0.049788192 -0.95440185 4.598378 -1.7131377 -5.1591935 0.4574569 -3.6331744 3.8388374 2.1518393 -1.143373 -0.41588593 -1.0539762
deceit -1.5696901 0.5931206 2.6790576 -2.0430298 -0.33884266 1.6775761 6.791298 2.7606652 -0.29583466 1.8436121 1.8701159 -0.07011051 -4.1897964 -0.18035802 -6.1853256 4.209807 -0.61909163 2.1001678 -2.9615586 -1.9598271
drunkenness -4.214099 4.1938314 0.8415446 1.6110917 0.70033115 0.4984888 6.117361 0.35819075 2.6643283 -0.3374126 1.0575465 -4.4655085 -6.3695083 1.6126951 -3.0042913 2.1900134 -1.0206436 3.3449175 0.42353117 -2.740058
frustrations 0.3552871 1.9684415 3.3212423 -0.26780713 0.72271925 1.2975287 2.0058718 3.8427455 0.3096069 -2.6301782 2.5743964 -3.0518484 -5.8193974 -2.3786113 -4.398418 2.085734 -0.38753405 0.3653483 4.034611 -0.9082732
delusions -1.0920087 2.4322112 7.631974 -0.06622229 -0.65999734 4.982329 6.3845873 2.1691773 3.140522 -0.99835634 0.73030376 -2.6737466 -2.2339258 -2.925013 -5.1800084 1.1356122 1.4371082 1.5417666 -0.078653134 -1.8370795
delusion -1.5466195 1.6624522 7.0459905 0.52142435 0.2932276 2.75843 5.726706 2.0759223 2.9621146 0.22486785 1.7616608 -0.47302216 -1.2939986 -2.3620741 -6.5104694 3.1993947 2.0071003 3.0300405 -2.2327924 -0.3567005
adversity -0.13844569 2.4359648 2.0162685 0.4765131 1.5808629 4.3900447 1.6269189 3.4844499 4.0849175 0.80831677 4.8695297 -2.4104867 -3.8809748 -2.6047246 -4.0985756 6.31321 4.5109053 1.1740161 2.5943642 -1.3479409
attentions -2.6449177 1.7179844 0.8443422 -1.1480906 2.703901 3.7525222 2.6602094 3.46221 -0.06901763 -1.5698999 6.649912 -1.9505959 -4.142572 0.7994635 -0.9733428 3.235627 1.2163575 -0.93351537 1.6668049 -1.5484377
uncontrollable -0.6522318 -0.110493444 4.4523506 -2.0955734 1.801946 1.3397527 5.4241295 -0.33719537 0.027467255 1.0714407 2.714467 -4.307721 -2.5586224 -2.0307848 -5.8627687 2.702801 1.2586751 0.11512979 4.6878695 -0.689577
machinations -1.2339829 -0.46908772 2.1043503 -1.0536629 0.8520268 2.7384415 4.0160933 5.5122113 1.0943487 1.6740048 3.8545167 -3.8924758 -3.6560943 2.3644998 -4.565534 4.8394027 -2.1751692 -0.31768444 -0.47650424 -1.9203773
painfully -3.5959866 0.834406 3.807736 -0.51593643 1.9926171 1.0135014 4.987413 1.6907108 1.914859 -2.115832 2.9060555 -1.975037 -0.9211796 -1.0146486 -5.9692764 1.8883393 2.200453 1.2938555 5.1838098 -3.6832135
mockery -0.7915737 0.023991827 1.4199579 0.24871866 0.51206803 1.4083807 4.3262277 5.837156 2.5615656 -0.18502404 0.31446573 -0.26393944 -3.3927567 0.28640357 -4.208513 3.3197165 -0.49064478 5.1856575 0.3530409 -3.0829089
hysterical -3.4185174 1.0307738 4.4902472 -0.051118676 1.9579984 1.9729276 6.787475 2.3801692 0.60346943 -3.6314201 1.9226218 -3.439138 -2.6959777 -3.0488222 -5.850515 1.2388339 0.96924174 1.6945189 1.8198864 -2.2575343
persistently -1.4598144 0.59992796 2.3963845 1.6551929 2.2205424 -0.04659211 2.5692716 -0.45834413 1.9066337 -1.1132343 1.8911102 -0.7990283 -5.5390873 -0.39980432 -2.297496 2.3850613 1.0940355 0.954853 2.399916 0.11394648
harrowing -0.89816713 0.7408434 0.26492852 -1.1542184 -1.2039356 1.8892245 6.2731547 0.8649097 3.0983968 -2.52292 1.4981251 -3.296928 0.70848256 -1.2619442 -7.389635 1.6646264 2.9809046 -0.9111459 0.5114957 -1.9221497
pretense -0.31681013 0.081245095 1.2798502 -1.3234334 1.0940378 1.0265076 4.5420914 2.2445464 -1.1639057 -1.495387 3.006955 -0.4713324 -4.601297 2.581172 -2.5551498 3.9393146 0.8623886 2.4978976 -0.7979651 0.9727287
cowardice -4.2860646 -1.5685376 2.5523672 1.1331805 3.0017653 -0.29776418 8.009823 4.058165 2.8624532 2.86806 3.1780415 -4.6553593 -3.9043517 3.3858807 -4.3103476 5.573746 0.05284731 1.2572651 -0.80500996 -2.0110383
feeble -2.7820947 -0.16043048 2.6494396 1.8576099 2.6634178 1.887679 2.717912 -0.207464 2.2402596 -1.0050513 2.5651855 -2.390411 -0.74117273 1.9968185 -4.2854576 3.2239344 0.817667 1.9983876 3.7065766 -2.281815
unravel 1.6389375 -0.93176323 3.0432618 -2.7817478 -0.5260832 2.5029883 3.6868355 1.6483657 -1.1611767 -2.992001 2.2023787 -3.2107637 -1.3627127 -0.598736 -5.5880013 4.956196 1.7508771 -1.0516496 -0.47449416 -0.4116862
indignation -1.9718183 1.9047534 2.8481183 2.5410166 0.7404951 1.7749732 3.6913414 5.663774 3.3549578 0.100332305 2.482673 -3.2623107 -4.33752 1.6401895 -6.3909836 1.5096786 -1.4556929 3.7473178 0.039222945 -0.51553357
intolerable -2.5043936 0.7761796 1.9306017 1.843911 1.6253006 1.5269308 1.6563358 -0.12050501 2.8953211 0.12254659 2.3536816 -2.5979373 -5.026498 1.8714329 -5.7359114 4.321968 -0.6689051 2.9244773 1.3135798 0.2812604
shameful -1.7533242 -0.1927965 1.5015248 -0.0032869473 1.663754 0.57584304 4.614592 2.6200137 4.578875 -0.2017148 1.2533557 -2.1353478 -4.9548063 0.6556298 -5.091569 4.460339 -0.17513299 4.9519963 -1.7810702 -1.3058726
unbearable -3.2643652 1.5123526 3.4783723 -2.0246036 0.6654446 3.1273603 1.8122102 -0.14055827 1.4923018 -1.3839713 2.7925756 -3.5514681 -2.1705394 0.4807119 -6.474394 1.0821016 2.488259 1.9771285 3.0256379 -0.5222217
misgivings -3.617824 1.2138066 3.608135 1.5714132 0.067052506 0.39230946 1.5297784 4.980059 2.6674743 -1.6720011 2.5945883 -2.5725253 -4.8471575 2.9295554 -3.9094346 4.7860203 -0.3423667 -0.76031625 1.0467806 -0.064148724
scapegoat -1.7697083 -0.6416748 2.1347492 0.60880035 1.516473 -0.76113236 4.544159 2.6376247 0.62050337 -0.40434456 2.6593912 -0.77295035 -4.564362 2.3230271 -3.9424078 4.4058475 -1.4469061 0.7467952 -0.23278677 -0.37437832
fanatical 0.68914425 -2.5112114 1.0347387 1.7329514 4.035918 3.8321798 3.8184419 4.1547065 2.5278897 -0.2728975 2.6448681 -4.2561126 -0.88863105 -0.091288544 -3.1478796 3.820554 -2.486085 3.5610845 0.87373006 -0.95418125
reappearance 0.054875527 1.0083314 2.0089197 -2.1863246 -0.8884534 -0.40046102 3.710606 2.8131993 1.9911306 -0.11661695 2.1641018 -2.9778998 -0.5688109 0.3603389 -4.4057093 0.13174173 3.657693 -0.59419674 0.03171649 -2.7513824
misfortunes -0.5806534 2.4112573 1.730368 -1.7854502 -0.2667949 3.2230587 2.9386587 2.0503874 4.9620056 0.03806639 4.7462845 -4.1170726 -3.7711766 1.9502612 -4.361591 2.2615752 1.4013599 -1.1463729 -1.0485246 -4.3379974
scorn -3.1986287 1.8049568 1.8010623 0.423622 1.7267909 1.4548286 3.4577932 4.3827534 3.2849262 -1.3310401 2.799468 -0.7094713 -2.880984 0.5816771 -4.8661575 3.713321 -0.09885203 5.234251 0.26674652 -1.7486084
grievous -2.0577402 1.0525275 3.6632872 -0.5014749 0.45888948 -1.0264407 6.5186286 0.061470702 1.1521342 3.9374666 1.0657696 -6.650562 -2.568574 1.5751216 -3.0683146 4.7805085 1.9921424 1.3812681 -1.6496599 -1.3490413
distractions 1.065511 2.9672954 2.7020943 -1.1570169 -0.9876436 2.501678 2.9566135 2.0238962 -0.022665769 -2.848369 0.80662376 -2.545635 -4.369918 -0.69992185 -2.8057442 2.9878998 2.041628 2.0475113 4.8246164 -0.50520825
acutely -2.776904 0.52475685 3.985511 3.0016963 2.2418315 2.2234092 3.0520449 -1.6252708 3.831258 -0.74228185 1.8372666 -1.1399628 -2.236092 -1.1581608 -3.768525 2.0483146 -0.8446373 -0.11516961 4.633156 -0.71054274
futility 1.9827609 -0.23180386 2.620272 1.3689557 0.66064155 1.1943651 2.3568792 3.3296583 3.2858202 -0.63993067 2.9268718 -2.5394113 -1.0161968 -0.20691618 -5.736863 6.7632008 2.496723 0.51784873 1.4740472 -0.116792195
perils -0.37349787 1.8848907 -0.7659976 -2.3673022 -1.4900635 2.1729689 4.9719157 1.2232977 2.5583465 -0.17995185 2.3604321 -0.590032 -1.8932042 -2.2050872 -6.078066 2.9418344 0.6688965 -1.0746176 -0.037707914 -2.6373365
wrongs -1.6040119 2.3995311 2.3051934 1.0110475 -0.018306702 0.88047975 4.773754 3.5282204 3.3585677 1.1371527 1.9783465 -1.6601775 -5.647455 1.5302807 -4.8301573 5.5643544 1.5980585 3.954035 -1.7324828 -1.5407476
compulsion -0.88374704 0.52424437 4.0899973 0.25200385 1.2923318 1.3458143 4.095352 1.1790279 1.533925 -0.36171994 1.788265 0.30704412 -4.305161 1.0787863 -3.135977 4.7178392 1.4211512 3.6590397 0.84205043 1.2052501
incessant -0.39945886 -0.3812866 1.3367821 0.24314433 1.3558626 2.4549143 2.6380866 1.1097549 1.8206966 -0.9178285 2.1882253 -4.8945537 -2.0475402 0.47197855 -6.002555 1.0002657 -0.53918064 0.66593224 4.313001 -1.1635602
embittered -3.2987807 -0.99273807 1.6317451 -0.09346347 3.1822934 2.6568744 1.1564406 2.0860305 2.420284 -2.4958358 3.9195461 -5.967387 -2.5504005 0.64142734 -3.964923 3.8480363 -1.7438095 0.10992331 0.10550887 -1.6564977
momentary 0.35969982 0.003971838 5.8293214 -1.0570726 -0.6244582 -0.6397291 1.336438 1.193612 0.12322067 -0.2756491 -0.094532795 -2.6014295 -0.7782659 -0.107459106 -6.463847 2.44977 3.9199667 2.4618914 4.0488997 0.43394136
perpetually -0.30911684 1.5261352 0.834511 -0.41855925 1.4936544 1.790378 3.0591762 -0.16280927 -0.41835538 -1.4657645 3.1987953 -0.86229855 -1.9352074 0.26097685 -3.8656466 2.7655623 1.420795 2.5225306 1.842674 -1.79273
unhappiness -1.8931218 2.3659132 5.148745 0.09162299 0.93507236 2.3676624 1.0085835 2.556263 2.7310266 -1.9143782 3.2341495 -2.178644 -6.461786 -1.0302248 -4.200739 2.6035664 0.97263473 0.8428437 0.5433017 -1.2484856
evasive -1.6713784 -3.7104797 2.9585445 0.630382 2.2434165 -1.6832296 7.3859253 1.2834334 0.17480648 -0.068909444 1.8328692 -2.043758 -2.3230119 0.9462987 -3.821453 5.420511 3.4306798 -3.0425735 5.153993 0.08985606
stupidity -2.8699906 -0.23278643 3.5707986 -0.988857 0.786102 1.6549932 4.804609 3.8323104 2.6693082 1.0817945 0.7378462 -0.5877691 -3.2163134 -1.1524982 -5.2876554 4.174512 0.6587493 3.0682986 0.6119779 -3.2893515
affliction -2.4733458 4.318951 3.6869404 -0.3245686 1.0937911 0.8366576 4.40979 0.86740726 2.810906 0.49242494 3.7430809 -2.4144502 -1.5841875 -2.2027206 -3.4490893 0.74154395 2.2284732 2.6815002 -0.54148054 2.0160894
unjustly -1.9449475 0.7117714 2.6610606 0.3546563 2.6976986 0.17653026 5.166375 1.9790812 3.108079 -0.43902883 4.4950585 -1.5859551 -6.626028 3.7848334 -1.225521 2.6054785 -2.8221061 1.3918568 -2.9268837 -1.7678998
wretched -2.495845 1.7702779 1.0034332 -0.74023587 0.6941765 2.115012 3.0000727 -0.34206194 2.3360791 -2.3049743 2.8159893 -1.8554888 -0.77281195 1.2645845 -6.645999 0.76434356 0.7452512 3.696941 -0.5984523 -2.3664322
ills -0.7418659 3.2700725 2.7708602 0.86199856 -0.6732256 5.623927 2.4654303 2.4929798 3.2609286 0.7161968 2.0087326 -0.72314054 -5.412802 -1.7600341 -4.621751 3.4956133 -2.6717467 1.9494953 -0.11867854 0.37966105
mishaps 0.20629005 2.2726817 0.86279213 -3.1289706 -2.7384484 0.23231208 6.5532374 1.539576 1.5089527 -0.17127642 0.81465685 -4.6517067 -3.6564884 -0.5572532 -2.2046251 1.676437 2.0752459 -5.192836 4.3404512 -3.23487
ferocity -0.9287104 -0.5962115 0.27364624 -0.08089396 2.7749515 1.5959926 3.9992468 2.061727 3.4298103 2.648403 4.164353 -2.627865 -0.13092905 -0.8352665 -5.5048757 3.2367382 1.7753493 1.1088691 4.780436 -2.6490226
trickery -0.8845055 -0.2774544 3.0333626 -2.8242419 0.7166038 1.2783338 6.357168 2.96552 -0.31584606 -0.04093669 3.035032 0.29917863 -1.4197302 0.95703954 -3.0818655 5.5149946 0.34232226 0.6201091 1.0728215 -1.1029662
needless -1.8031418 -0.09982555 3.2747457 -1.0413244 0.4701113 -0.14986117 2.5074625 -0.060126275 1.1298367 -1.7506869 1.1914243 -0.066371836 -4.5717773 2.047343 -6.1067405 2.7054687 0.7474395 2.51823 2.0009553 -1.9121544
craving -2.8520136 2.189273 4.5664396 -4.01701 1.1178793 3.868912 2.547078 -0.16265982 0.97584337 0.18408597 2.5878499 0.5758356 -3.2155225 -2.6818116 -4.5736833 0.7938443 1.8083758 5.1963506 1.7968886 0.9214995
anxieties -0.10027203 2.368036 3.5700943 0.7154712 -0.07111205 5.7857957 2.9756243 2.393639 3.921988 -1.1099037 2.4452899 -2.0874844 -4.5762053 -1.9704038 -5.8647676 3.2509894 0.23033968 1.4218309 2.3411205 -0.43857843
composure -2.0450199 1.4534545 3.9941607 0.48492205 3.0567691 0.42413875 2.1949642 4.7178016 0.5097843 1.0258614 5.4014955 -1.6022204 -2.2627134 0.17412648 -1.9354106 4.521117 5.96029 1.3992032 5.5291753 -1.0232457
astray 0.706993 -0.36560756 2.876542 -0.31036216 3.0306318 0.31674397 4.79972 2.554493 0.86841077 -1.6671377 5.6796794 -0.92218155 -2.7915552 -0.34037456 -4.1224284 2.8357086 2.6784186 0.7609644 -0.5693787 -0.9298925
hallucination -0.009061863 1.2683915 7.165412 -2.0392897 0.537707 1.6564585 8.919876 1.2449119 -1.0259194 -2.4284735 2.2176342 -2.313706 -0.5984367 -4.0676446 -4.395268 1.8342814 3.1912994 -0.18249905 0.31609675 -0.44982696
merciless -1.5608047 -2.382435 0.5255294 -1.9901944 2.2631989 1.7597176 5.700066 3.465645 2.0086448 1.2417343 2.5426507 -2.9260433 -0.47323892 0.07007824 -5.4022512 3.4940498 -0.98539096 2.363679 0.39448294 -1.814928
hateful -1.0263387 -0.47459388 2.177228 0.2922161 1.6005405 -0.48026198 5.929924 3.1986804 2.0462477 -1.475358 -0.58796024 -2.1519384 -3.3034997 -2.366651 -5.2979565 1.2330141 -1.9676414 5.0729656 -0.036074053 -2.4111757
sarcastically -2.546627 -1.2597659 3.6122155 0.1909858 2.5906491 -2.201663 4.2651935 5.2194967 0.20391406 -3.1825395 2.061005 1.2129127 -2.4727533 -0.4138536 -2.8761637 2.4384303 0.8576368 2.70495 -0.6535888 -1.2897742
blunder -1.500653 -0.19802436 2.1279967 0.56769353 0.02073204 -2.1598845 1.6855179 5.1792154 2.4348974 2.4099948 2.4554322 -2.3523545 -2.6616883 1.910892 -3.6299212 3.5881178 2.1448731 -1.9217774 2.2394915 -2.4027727
senseless -0.79847044 0.44349793 2.0975077 -1.2248502 1.344601 -0.53548384 5.9939857 2.6224906 0.90617764 -0.22446603 1.4795164 -4.6572185 -2.592492 -0.41577163 -5.802415 1.7787672 -0.2704529 3.7552757 0.3638396 -1.8580884
astonishment -2.366848 0.6880182 2.3373964 -0.034860376 1.075259 1.2312046 4.138577 3.017112 1.0630604 -2.302134 3.1365156 -0.8975945 -1.836345 1.7773601 -4.3519974 2.2893484 2.6831377 1.9690108 0.5596562 -0.8438502
inexplicable -0.5227572 0.14701238 4.2318497 -1.2489176 -0.8816752 1.4150698 3.9148467 -0.0425053 1.408973 -0.11573725 0.08917997 -1.976849 -1.3328508 -1.3753005 -6.8748736 3.5071628 1.3048847 0.6212268 0.46970025 -2.3247564
horrifying -0.2803269 0.52664703 1.6623641 -2.3720243 -0.9010206 1.6234828 6.9938006 1.650528 0.8866922 -1.5590755 0.76303244 -2.623407 -0.70717424 -1.9367338 -6.875715 2.4991436 2.1304483 1.4565176 0.56161267 -1.9653814
heartless -2.1033084 -0.4132021 0.5669286 -4.228764 2.0054393 0.45411733 4.6485443 3.8626618 -0.22024468 0.5344496 3.8735416 -1.2012558 -0.9164121 -2.0227602 -5.6051507 1.9153252 -0.62232757 3.3774197 -0.85194683 -1.952701
misdeeds -2.0728118 1.4253101 2.4338865 -0.824523 0.036202535 1.4230994 6.698992 3.1366408 1.5723352 -0.122786395 1.7019241 -3.1564298 -7.162982 2.3034225 -3.2853749 2.8395872 -0.36157984 1.7359697 -2.3305137 -1.7722208
estrangement -1.4947464 1.9542061 5.8653145 0.49355143 0.968834 3.8274052 0.313996 1.9813526 3.7364674 -3.61758 3.579454 -4.429815 -4.2146955 0.8658089 -3.2481253 1.6986935 -0.04130421 -0.094442934 -1.1408743 -2.3663025
selfishness -2.3058941 1.3899865 4.8146906 -0.27219507 1.8195933 5.4733305 3.2400086 3.1758442 1.2547731 2.0428727 3.5071933 -0.590701 -4.3813443 -1.80063 -5.0798817 6.127087 0.9877039 4.080227 -0.83712596 -2.2986493
wanton -3.020963 1.5345432 -0.1780549 0.26052862 0.56187105 1.4326991 5.9654636 0.5934064 1.3659946 1.8960525 1.6971318 -2.6910312 -2.2256477 1.3188933 -4.368734 3.319183 -2.205751 2.701137 -2.643665 -2.6303039
contagion 1.0962075 1.2131369 4.0751433 -0.9839023 -1.2865392 2.774422 3.240679 -0.6664516 1.8693435 1.0252054 1.2017789 -1.0854844 -4.3313117 -2.859428 -5.174202 1.6654087 -0.70508957 -1.1343517 0.67741257 1.7720593
unrelenting -1.6066887 -0.22893065 1.7806873 0.004060857 0.34720904 2.2301154 1.3487967 3.1130357 2.3019729 0.3152008 0.675227 -4.2026954 0.11803645 -1.9360178 -6.762886 3.5270057 0.15959571 1.9218717 3.5145729 -0.53390956
cruelly -3.2498758 0.8233616 2.0087507 -0.6139754 4.106672 1.208008 6.7322598 1.0893601 0.9816997 -1.0609078 5.48142 -3.8846242 -3.5817943 2.5900443 -1.8398803 0.8791857 1.0720319 2.1797392 -0.38520905 -2.5844846
transgressions -0.6412544 1.4879525 2.88216 0.9891732 0.3833731 0.7640287 5.916261 0.6245901 2.9610775 2.2785504 0.29256263 -2.5964978 -5.044771 0.46357614 -2.8426569 2.9556918 1.5352827 2.9384115 -1.6388946 -1.4209075
negativity 0.839624 0.8485147 5.215953 1.1494275 0.87729996 1.3030498 1.7000059 2.7358289 1.7334491 0.61132663 1.2504877 0.095162295 -4.839127 -3.614831 -5.6223483 2.4521396 1.4524363 2.7456627 3.4188373 -0.8694921
terrors 0.3079811 2.2632716 0.34059578 -0.82281804 -0.13541377 0.5219935 5.4130416 1.7865531 1.9034548 -0.85370004 2.1266568 -4.3339934 1.0222816 -2.3264816 -4.8180747 -0.08923922 1.9850295 1.3252056 -0.64276403 -1.3872056
understandably -1.8075829 -0.50207216 1.74437 -1.1920054 1.7158765 0.9879789 1.4472975 0.83414805 1.5685809 -2.2949648 2.1737719 -1.2863892 -3.5839505 0.5857776 -3.5444977 3.989153 -0.020987436 1.3533434 2.1813393 -1.1557574
unease -0.5905237 1.0557265 2.872447 1.8598505 -0.1581982 3.4587736 1.2981749 3.4548464 2.8664708 -0.30026776 1.5370352 -1.39864 -4.5264378 -0.79838324 -5.85524 2.1027699 -1.2319298 1.0899465 2.057977 -1.1992283
harshness -2.1650305 1.2410759 2.677059 1.2071432 0.5407256 4.004098 2.1371722 0.36292318 2.9435425 1.5110354 2.1761096 -1.5753475 -2.3185632 1.0381761 -5.9230566 2.5440404 -0.90442634 1.6254282 3.533006 -1.2746947
heinous -1.3791331 0.07871003 1.3189377 -0.25066665 0.639429 0.28553158 8.115818 1.3808907 2.833656 2.518477 -0.16222195 -3.1982548 -5.8807755 -0.6766704 -3.6921628 3.6548388 -0.73201877 3.1412723 -3.1985457 -2.126103
fanaticism 0.57088745 -0.056963846 2.586962 3.1769617 1.9462643 4.9960117 3.6986697 4.4385195 3.2233577 0.93693155 2.3978035 -2.874975 -2.8474362 -0.16868082 -5.055274 2.1589825 -1.5013008 3.7654595 -0.11426319 -0.8871734
distressing -2.2999089 0.8383564 2.9206243 -0.46370608 0.027268369 2.5768127 4.2151995 -0.7049173 2.244657 -2.0939682 -0.088818684 -3.1912386 -3.047305 -1.024346 -4.9775333 2.109913 1.274361 1.5641952 1.6276307 -0.90661496
outpouring -0.58715713 4.31036 1.479982 1.6067058 -2.4365973 3.1342225 1.6128346 4.519345 3.6252353 -0.8961195 0.3424543 -3.6920998 -3.3966622 -1.3019584 -6.2064757 -0.08772006 0.6419079 3.0618489 0.26508206 1.0296133
shyness -2.6907089 1.9278568 5.020808 -0.5486967 2.336963 5.0797987 2.6266673 1.0279487 2.5288656 -1.3652092 3.4442043 -1.3150959 -4.1109633 -3.3849008 -2.2603085 3.4873328 3.162994 0.8541954 4.174065 -1.4741886
sordid -0.8546972 1.4584744 0.5694785 -1.4590787 -0.64103204 2.9517336 5.024426 2.4861305 1.5551226 -1.8054031 1.1281631 -1.5138143 -1.7514126 -2.0590975 -5.102364 2.767814 -0.7260007 1.3851165 -1.1059638 -3.727596
coldly -3.8418846 0.1310164 4.8080783 -0.6674516 2.6567345 1.9754624 5.0777917 3.1674035 -1.6129262 -2.7105818 4.3118434 -0.75751394 -3.5716214 1.1925533 -2.08492 2.3598282 3.1362512 1.6955956 -0.9799053 0.1022383
horrendous -0.3121709 1.2361162 0.95176595 -1.887756 -0.20483343 -0.99995047 2.7476466 0.5974249 1.9063218 -0.122147255 1.2202675 -5.2441587 -2.2903862 -1.2139959 -4.682117 2.5296528 1.377074 -0.026740754 2.0039258 -1.9683106
nagging -2.799245 1.4960577 3.674909 -2.176482 1.7167369 1.0146722 1.7041484 0.058970325 0.70421714 -1.5803643 1.6187694 -5.0308743 -2.7123451 -2.1453 -1.5762523 3.715341 2.4756339 0.9532213 3.246677 -2.560726
egos 2.3672833 1.0980157 4.578388 -2.5904741 2.0222998 1.2729379 4.305398 4.6478777 -0.15073231 -0.098478414 3.3426242 -0.11365043 -2.60681 -2.5168462 -0.80485225 2.6952872 -0.02440584 3.3220701 2.083868 -2.221465
loathing 0.27864188 1.0724436 0.86224234 -2.3285298 0.11543295 0.79957914 2.7499657 3.4033453 0.51461697 -0.15412378 2.868835 -1.3427017 -0.92776924 -4.0454373 -7.7830167 2.8026755 -0.96949834 2.702505 -2.9498749 -0.57134944
hopelessness -0.6593629 0.6789736 4.7530746 0.58942974 0.8642869 3.9342892 1.4509377 1.5661097 1.8765458 -0.4636618 2.410132 -3.167748 -2.2171595 -1.9634337 -7.7894106 1.5313945 1.2859017 2.2284844 1.3655398 -0.6464169
miserably -2.4459112 -0.23934726 0.9030882 -3.7877991 1.3150595 -1.021499 1.004091 1.6864891 0.031770024 -0.19202694 3.280268 -3.2499905 -4.2618794 2.4311972 -2.9773643 2.3787465 3.0920823 1.2367179 1.5686767 -0.33343485
traumas 2.8342464 3.0231185 4.5531836 -1.8513273 -0.1720785 4.0460305 3.353627 0.7095794 3.2708642 -1.0543706 2.775814 -4.423616 -4.2818274 -4.3089767 -2.1009057 1.8435808 2.9098125 -0.41746053 -0.11266129 -0.072131254
disheartened -3.1992233 -1.203555 1.0114154 -0.6125146 2.7090914 1.1606468 1.1493512 1.2696874 0.0913674 -2.589985 3.1093419 -4.723416 -3.144757 0.7942016 -3.8456676 2.585294 1.2813413 0.6174739 0.93333834 -0.03937522
impotence -2.9654663 1.8861644 5.403036 0.26772776 1.0956264 3.290205 3.9798713 -0.29921404 3.2326102 1.8246734 1.0883343 -3.0535161 -3.7971098 -1.065114 -2.3897402 2.0123107 1.3575938 2.3874705 -0.032335732 0.35769105
inevitability 0.53077257 -0.15606599 4.1576986 1.2278397 -0.15361828 3.1103601 1.306817 3.241155 3.2832658 0.69462144 1.8581688 -1.7815163 -2.2161722 0.5793362 -6.4919596 4.4056687 1.692123 1.8486723 -0.2441673 0.040142152
laziness -3.2829547 0.9031843 3.7899346 -0.4033851 1.2042776 4.0587635 3.4041486 1.8148692 2.7349656 -0.20155483 1.4155632 -0.9088034 -4.477276 -1.2607714 -3.5224488 4.0518217 0.38034242 2.1861832 1.8052746 -2.2935758
insecurities -1.1853427 2.653876 4.497128 -1.7764325 1.2979845 4.0849886 3.2678833 2.3267431 0.7312338 -1.9509351 3.1538131 -1.9582092 -5.605705 -4.046894 -3.9411 3.6404643 0.9652833 1.6582613 2.3248487 -2.1028495
insidious 0.19353741 -0.47549537 2.7602882 -0.8765288 0.17116013 1.2517326 4.71311 2.3824742 1.7708768 0.5747252 0.5349578 -1.6407903 -1.8650589 -2.2600408 -5.7280912 2.8811462 -2.12732 1.3512921 1.2298214 -1.1024811
indecision -0.26472008 -0.3994434 3.5664513 0.75264525 0.29848513 -1.3713827 0.5460267 2.594238 1.9294722 -0.4133607 1.1685898 -3.609183 -2.018114 1.0742793 -4.613669 2.0008924 0.077351674 -0.022422368 1.3539795 -0.33865735
aback -3.3228786 1.1782752 4.0101285 0.41079322 1.7035035 -1.4038866 6.514958 4.8725114 1.0831088 -4.174137 5.4856253 0.89791936 -4.5451965 2.1711628 -3.809703 0.75579774 4.121297 0.03320632 0.043444667 -0.1266121
helplessness -1.5660806 0.55435556 4.7040167 0.67752486 1.7107841 5.076507 3.7461538 1.0490545 2.1091661 -0.30121383 2.8164158 -2.1137438 -3.3671443 -2.172174 -5.303999 3.2421284 2.4142268 1.9207507 1.3196644 0.92288995
feigning -3.4264843 0.25297222 3.010378 -1.7127336 1.8354201 1.3179246 5.0930424 -0.48757082 -1.2262821 -0.18985002 1.4260391 -6.825309 -2.0988789 0.36897454 -3.1549094 4.544279 1.6052285 1.7724719 0.116312906 0.81952536
carelessness -3.1559336 1.4087237 3.571074 0.036694918 -0.5996721 2.087884 4.5762453 0.20397462 1.1876394 0.2278832 1.3360999 -2.5602713 -3.4042642 2.7120147 -3.7927759 3.5631359 0.24307387 -0.67733324 1.4578193 -2.1673522
complacency -1.2521603 0.18422006 2.0521874 0.9929804 0.88906956 2.1789577 1.644156 2.6659384 2.2099001 0.44178084 2.0480394 -1.7622262 -3.610164 -0.080785386 -5.074446 4.362057 -0.9545599 0.89723164 2.8611336 -0.3173891
grisly 0.43989798 1.2157379 0.8133976 -2.100009 -1.441745 0.57947344 8.064177 0.8747033 0.6237569 -1.4250517 0.47814438 -3.482389 -0.7524808 -1.0283976 -4.7949696 1.0949721 1.2153103 -0.07939274 -0.9515736 -3.4348457
blunders -0.7144828 0.79939646 1.3187038 -0.55219984 -1.0316826 0.38141418 3.4345942 4.370879 3.4336648 1.0956801 0.6039917 -2.428889 -3.636492 -0.1003914 -2.1198356 3.2285914 0.41786146 -1.6395863 2.2998345 -3.8036969
inescapable 0.27052703 -0.5330008 3.3298945 -0.8873239 -0.38288587 2.0541422 2.0704648 1.6611631 1.6087601 0.34925333 0.9531009 -0.48489136 -0.6177912 -0.93714964 -5.652516 3.7825227 1.0643424 1.3923428 0.33735335 -0.8614303
tirade -1.7494932 0.6698474 2.3637702 0.79470074 1.4400213 -3.36943 5.021845 6.186501 -0.030395277 -1.792525 1.2995851 -3.2854903 -2.707135 -2.3151062 -3.1968422 0.7659233 0.57207763 0.94209206 1.2816883 0.22234543
riotous -0.086778775 1.0204666 -0.60472655 0.2249633 1.0084232 1.8841796 3.5121677 2.0305936 0.3907649 -2.254916 0.57506716 -3.4855506 -1.8033904 -0.3866642 -3.29275 0.9396898 -0.18446751 3.8795016 0.7968917 -2.5488842
recklessness -3.1568854 0.22294994 2.9976182 -0.0015060295 0.7825091 0.25890467 4.1370535 1.3779231 1.2355454 3.6353278 1.1928105 -0.75476116 -3.5920596 0.20591106 -3.1733975 5.771567 1.0557227 0.7527806 0.7666321 -1.5485674
entanglements 0.1675263 1.4032158 1.1776315 0.14531985 -0.46144715 1.8937935 3.9818053 2.0059998 1.2789059 0.9590513 1.5169863 -1.965032 -2.2644162 1.1583955 -2.434154 2.671124 -1.9506091 -0.3493285 2.7530499 -1.7362769
ruthlessness -1.8599691 -0.87734646 1.3281229 -0.22424896 1.9417009 3.430057 3.735829 3.3266704 2.5944521 2.305319 3.4958656 -1.7597421 -2.792851 0.75976807 -3.2548628 5.4682827 -0.06731077 0.3137563 1.9572067 -1.3681872
restlessness -1.4919515 2.1707654 4.220609 0.57183355 1.0019326 5.1663914 2.5123653 0.7266331 1.80082 -0.08014507 2.2703784 -2.5025206 -1.8795824 -2.5766737 -4.52488 0.33855435 1.4054364 1.8348792 3.2632918 -0.562767
disagreeable -3.6915865 0.42640665 2.4947426 -0.4611248 1.5127845 2.529053 2.9456432 -0.9860135 1.5374725 -0.9822815 1.7780383 -0.07257749 -1.6924412 0.30718625 -4.334749 2.97679 -0.33659548 2.6587899 1.8292327 -2.222049
tumult 0.48707703 1.1409037 0.9635518 1.5517813 0.32013756 1.6696004 1.856164 2.5286937 2.0646539 -0.19908507 2.9620078 -3.8842587 -1.4818993 1.3598294 -5.0392394 -0.62561625 0.39277545 0.9051754 0.06542925 -0.55712813
nervousness -2.787468 1.877717 4.146214 0.13143763 1.1125613 1.5294524 2.8206525 1.5818958 1.4495989 -0.5326007 1.559415 -3.5449438 -2.9046767 -2.1354876 -3.336234 0.750728 1.9773754 1.1348457 3.936981 0.0021569312
unspeakable -0.24515924 0.53996617 2.2035346 -0.32119942 0.07932825 0.88499343 5.368697 1.9886452 1.7362682 -0.239792 1.2672589 -1.7610601 -1.3142484 -1.2201339 -6.0748854 1.3030767 -0.038694434 3.0847208 -2.4548542 -0.05696982
unending 0.77812016 0.08568946 1.7732375 -1.4550232 -1.1061738 3.165407 2.4539704 1.0989916 0.34454 -0.19165444 0.74697846 -1.9100065 -0.6484563 -0.81547266 -6.179219 2.1539578 2.3359652 1.355579 0.7144066 -1.102837
depraved -1.4452804 0.48337203 1.5230622 -0.9238198 0.89209497 3.134813 5.208355 1.8132058 2.0971346 0.0039002625 1.1150439 -1.3052835 -2.1754663 -1.609942 -4.8902416 3.2887511 -1.0188613 3.8154855 -1.7386899 -2.8765419
despairing -2.5530589 0.06652628 2.0428097 -0.5755049 1.2612258 2.5242448 2.7789562 1.2932901 0.33921486 -1.6983898 2.6169589 -3.7277524 -0.6146219 0.6732073 -5.024353 2.1233923 1.8563911 1.5655054 0.13653053 -0.94358677
subconsciously 0.99186504 -0.5906425 4.919458 -2.0001488 1.7198825 1.7962711 5.1734962 0.41874486 0.031068664 -2.519014 2.8569517 1.1280364 -3.0074947 -1.5874131 -3.8007948 3.5160785 1.6469669 2.0729663 1.0451349 0.077733696
throes -1.8507937 1.9468973 1.6031426 -1.089147 -0.08425029 1.7626762 0.123341724 1.5069644 2.4642873 0.353373 2.368481 -5.342885 0.65678823 0.08783088 -5.529523 0.6974288 -0.008017513 1.8950454 -0.41415557 -0.10349579
frightful 1.2810934 0.74918866 -0.02372082 -1.2443514 1.2668778 -0.13565052 5.8202105 1.1202493 1.426632 -0.1730669 3.2810242 -3.7034757 0.40862727 0.40777332 -3.936844 1.6068004 1.5347185 1.8644618 0.5950457 -2.5947564
torments -1.5815206 1.8356463 2.864757 -1.5661659 1.2460599 2.8013747 6.509641 0.59154856 -0.25184965 -0.2928637 2.8703272 -3.268577 -0.49033117 -0.6615119 -3.568267 1.8941079 2.7490869 2.6680703 -1.0001849 -2.1828651
posturing -1.1933616 -0.17146045 2.3459003 1.3771123 2.2351823 1.634531 3.6371727 3.0591633 1.7357278 1.1213182 0.8272321 -1.6290847 -1.5744731 -2.3876996 -4.0039296 2.7202775 -0.77530295 3.5744796 4.3772683 -1.8895506
regrettable -1.4689486 -1.0338298 3.1555903 0.31307235 0.015906034 0.36664554 0.97553885 2.7801096 2.513815 -0.06553401 -0.19831322 -1.6165278 -2.7866127 0.06551963 -4.7940025 2.9306178 0.33388466 1.7263447 0.58598924 -0.9673256
needlessly -0.9613602 0.047153622 2.7913005 -0.5744594 0.7073955 0.550539 3.820282 1.0302123 0.7572208 -0.43688402 1.6740303 -1.2533377 -4.494805 0.79824144 -3.9029636 3.3407829 0.070967026 0.08786413 2.8271725 -1.7518173
aftereffects -0.33776346 2.683853 2.5182493 -0.8511385 -1.7090721 1.7540504 2.2297368 -0.08761583 3.261228 1.5245416 1.3787752 -5.0137863 -1.3510606 -0.9744863 -4.53794 1.1992213 0.04275194 -1.4197652 1.3236616 1.2816391
fated -0.7990807 -2.186464 1.8392338 -3.8411984 1.7811126 1.5650976 2.9546669 0.49378684 1.3093877 -1.1682154 3.1267993 -1.9604676 -1.0945799 -0.11266617 -4.884979 0.66304964 3.6053033 2.0925183 -1.4642191 -0.18527609
halfhearted -1.1946323 -1.3194989 1.9152272 -0.4990394 0.829988 -0.5428553 0.79316527 3.5236773 0.9097725 -0.18266337 1.7325428 -2.5634 -1.7790792 1.9603373 -4.479219 3.1827848 -0.6453161 0.923741 2.9159157 -0.73165303
slowness -1.0458694 -0.9951809 3.8133671 0.79174227 -0.25627095 0.6428062 1.734751 0.9304134 1.5982964 0.714628 0.47041962 -0.23954119 -2.3239946 1.295802 -4.0204897 3.1004646 0.9795909 -1.2637091 3.8522677 -0.12570618
pasts 2.4695644 0.95571965 1.3852822 -1.4461495 0.35607046 3.0119781 4.479898 1.6325 1.0055865 -2.1951997 2.106923 -0.68510497 -3.1118164 -1.1577003 -2.0103595 2.6596105 0.5387964 1.7851118 -0.7384267 -1.4141256
abuser -3.1523418 1.6481715 3.9579272 -1.5866525 1.4759992 0.28006122 5.220207 -0.1161307 0.89187956 -0.48148444 0.5786222 -2.8170776 -5.4682727 -2.2219532 0.19229156 2.5263765 -0.9500705 1.6392494 -1.0055726 -0.5850345
protestations -3.3809457 0.43467128 2.4773314 0.63943815 1.0615101 0.037028447 1.9085972 3.259388 1.8201119 -0.24982037 2.548598 -3.0124238 -3.0884793 3.441253 -3.1722467 2.9359114 0.47970662 1.421675 -0.18381949 -0.99314183
unrepentant -1.8936567 -0.5068669 2.51461 -0.4786152 1.63008 -0.14541155 3.3412495 3.3776042 1.6385112 -0.9345151 1.3914769 -3.778552 -1.8659195 0.292932 -3.6300914 1.4855483 -1.8800161 2.698278 -1.9983718 -1.612546
duplicity -1.4076456 -0.72690773 2.8097098 -0.09344364 0.7333756 0.89022946 4.351661 2.842276 0.8132389 0.43430427 2.2391706 -1.4478981 -3.1866267 1.2226273 -4.0042524 4.060809 -1.451225 -0.07696739 -1.38733 -0.39271563
normalcy 0.17456461 0.05456967 0.97999126 1.0509036 0.24943271 2.0396078 0.7609879 1.531888 0.74949276 -0.9035262 2.2491004 -1.921031 -4.189092 0.7534125 -5.1272006 3.119044 2.2424326 1.1049633 0.1480918 1.2921615
homesickness -1.3021576 2.4089093 2.834736 -0.39530012 1.2126743 2.9410574 -0.72276795 0.5205258 3.2087502 -2.04835 3.940906 -3.5742679 -3.0200121 -1.3379971 -3.5461247 -0.04501547 1.9782959 0.1473996 1.7969099 0.289689
excruciating -2.3193805 1.6637268 4.6841254 -0.4689918 0.4402996 1.0123584 3.6019478 0.62530106 1.378425 -0.6077218 0.81576234 -3.464769 -1.0453362 -2.0657601 -4.2660723 0.85496795 3.3348675 1.6819054 2.3990507 -0.054636564
squalor -1.7459422 3.718009 0.2890929 -0.42607716 -0.42595807 5.1337595 2.5550256 -0.10006565 0.25557116 -2.2137408 2.9487216 -2.9866426 -3.0470576 -0.45446423 -4.510565 0.36183488 -0.4160985 0.72690886 0.007060009 -2.3854227
revulsion -1.249449 1.6103691 2.8828392 1.022695 0.502074 2.9603498 3.5548012 3.1647263 1.9722877 0.6437993 1.86776 -2.5024753 -2.4853692 -1.4444829 -5.708031 1.7622523 -0.9760379 2.577583 0.7072991 -0.45906627
hubris -0.7198417 0.1362426 2.5319166 -0.7805788 0.14876068 2.2805045 3.8467174 3.75193 1.6385666 1.8565098 2.253758 0.15482208 -0.27133095 -0.70410895 -5.0328817 4.3465285 0.08707439 2.4118516 -1.2441077 -1.1300194
ineptitude -2.4636016 -0.23619449 1.8005737 0.48632342 0.44145447 1.717494 2.8128302 3.4624925 2.0684507 0.9118824 0.8208027 -2.1926363 -3.126528 -0.10552378 -2.8004534 4.917549 -0.7034642 -0.85021985 2.3826647 -2.0616045
denouement -0.328166 0.58592063 3.2802496 -1.2068816 -1.0504802 0.80296344 4.9931107 4.12729 -0.08428351 -1.2595745 1.28941 -1.9874355 -0.2900065 0.4870065 -4.3710294 1.6969334 2.767959 0.029100008 0.15318671 -3.7799377
coldness -2.3455865 1.5379226 3.7244108 0.24952674 1.5625429 3.101449 2.8851986 0.3238993 0.9720736 0.2037435 2.9036186 -1.2557676 -1.0293137 -1.02231 -4.6425233 0.89170367 2.866042 2.6310308 2.3169804 -0.3408605
inhibitions -0.5193134 2.114735 4.6121902 -0.49954352 1.4348731 1.7870185 2.9671392 1.1277716 0.42841136 -0.0161923 2.4134216 -0.46799773 -4.3063965 -1.0283868 -2.2978518 2.341503 2.0522535 3.3890574 3.163953 0.80974734
immaturity -1.8266656 0.7085274 5.015874 0.045218877 0.93107885 2.9057808 2.0076597 0.8311987 2.067836 0.28785872 0.86891216 -1.045581 -2.9433985 -1.9732939 -2.522994 3.2884681 1.0375649 1.2114053 2.0605807 -1.4785249
woefully -2.4350514 0.42645845 1.1446536 0.8276538 -0.61954236 0.073392145 2.4464326 0.6901751 1.8923523 0.27484515 -0.04825015 -0.71550715 -2.75471 0.48095897 -3.841779 3.3146622 -0.28622773 -1.2626696 4.4428144 -1.9410574
deceptions 1.3424015 -0.65434635 1.7986645 -0.7221286 -0.3313357 1.6866306 5.508455 1.9306359 1.2077688 0.6125776 1.9246019 -0.815419 -1.3301038 0.6668543 -3.516426 3.1266632 -0.40857998 -1.0303984 0.3225013 -1.0830477
avarice -1.7133126 1.2021823 2.3865814 -1.2263622 0.34878692 3.1329033 3.118213 1.6959683 1.0141219 2.209937 2.4513485 -0.28567573 -1.224901 1.573347 -4.261727 3.8486235 -0.80410457 3.9049535 -1.8637235 -1.7425752
agonizing -1.774177 1.2046878 4.1996675 -0.7778958 0.9087289 0.91906554 2.9968827 -0.054259278 0.67003024 -0.88187003 1.5383363 -4.5692353 -0.62842363 -0.6584006 -3.6967685 0.92756754 2.7932496 1.7332916 0.69365597 -0.045482464
coolly -2.329539 0.4590948 2.5471985 0.13646045 1.4294692 -0.14614844 3.2448804 3.3433821 0.1750231 -1.0258367 2.6439958 -0.5531479 -1.1071461 0.5524767 -1.7781852 1.4493397 2.5697472 0.37867326 1.9102988 -0.6837493
stubbornness -3.1473184 -0.52000993 2.5241802 0.59321064 2.129644 2.7785687 2.394143 2.3673234 2.2458782 1.3669566 2.7594259 -1.8165148 -2.6127014 0.6301286 -3.4660113 4.475255 1.3363581 1.425481 1.2535793 -1.4598699
misbehavior -1.6027268 0.45657423 1.9733976 0.27628157 0.6525479 0.8348534 4.5449104 0.6711683 1.4872957 -0.420801 -0.25589398 -2.164145 -5.2347302 -0.4649876 -0.8248299 2.936067 0.88731825 0.8301237 0.12351095 -0.8582252
bewilderment -0.66303784 0.4100537 3.3004684 -0.1582685 0.39651313 1.5033681 2.6352282 2.2554348 0.83512527 -0.91384137 1.5065721 -1.401296 -2.0480385 -0.96937233 -4.6961594 1.9166403 1.9909824 1.4091636 0.28220114 -1.7048457
claustrophobia -0.91835505 2.1680784 3.7888415 -1.1038346 -0.36560524 2.4795914 3.6720364 1.0744812 -0.33634016 -0.7116706 1.3180159 -2.1082127 -1.2824422 -2.596992 -3.9235804 0.5370582 1.2945828 0.1654884 2.5783052 -0.7765203
grudges -0.51999146 0.433237 0.9400638 -0.78186107 2.0088103 0.38818264 3.360343 2.1937993 1.733692 -0.54410183 3.424796 -2.0332434 -3.5302873 1.1574484 -1.8308234 2.077959 0.87423813 2.2087555 -0.73028374 -1.2551016
sickening -2.3225322 1.7665621 1.3224399 -0.95776665 0.10777562 -0.049680002 3.2876747 1.4324856 0.8162708 -0.029857226 1.0162317 -2.4212663 -1.1489769 -1.8267863 -4.7195425 1.1730791 -0.40487692 1.6321555 2.08867 -1.9266034
uneasiness -0.5108923 0.4460857 2.950558 1.1604992 0.6874324 2.847989 1.7947171 1.3205103 2.1462297 -0.11047343 1.6776323 -1.6114591 -3.2431498 -0.28928018 -4.3486304 1.6529891 0.58815 1.2394568 1.2933906 -0.114877746
indiscretion -3.204232 1.0129353 2.514497 -0.47070926 0.37535715 0.5608252 2.8884287 2.2220037 1.0941349 -0.2712648 1.1688162 -2.5838006 -2.834037 0.770346 -1.6966575 2.089993 1.0777564 0.5788813 -1.1959492 -0.87347
rudeness -3.1082675 -0.15924786 1.7304374 0.82351315 1.9734973 1.4818454 3.423121 2.422513 0.67249066 -0.14211987 1.5656741 -1.0575281 -3.4806883 -0.11073468 -3.0797646 2.8942773 0.36540276 2.0886822 1.2921752 -1.9899988
overconfidence -1.6320804 -1.1688364 2.5374756 -0.39366984 0.85131955 1.2946577 1.4814721 0.9842884 1.8977364 2.8530777 1.090644 -1.8666689 -2.3456638 -0.29336345 -2.9467177 4.717085 1.1677994 -0.47386646 3.0034072 -0.728227
irresponsibility -1.7180052 0.94702107 2.6698904 -0.115105234 -0.055938013 1.8742287 1.538859 2.0296593 1.135733 0.3529767 0.6129237 -1.3850069 -5.2188544 -0.65933985 -2.5172775 3.2222307 -0.4499352 0.5201024 0.4308481 -0.82756644
infidelities -2.4599793 2.4244182 4.026742 -1.606292 0.19211891 1.7290604 2.3398354 1.3788996 1.7180945 -1.975689 2.4163504 -3.1392567 -4.6254287 0.2532786 -1.2571617 0.56803095 0.4041088 -0.16286488 -1.5035515 -1.9249183
ordeals -0.09140265 0.94449264 1.4388982 -1.1739444 0.17765446 1.7790143 4.4926143 0.59723365 2.827417 0.040641572 1.7729231 -2.295386 -2.2973506 0.3779979 -1.3322613 0.7496925 2.4144664 0.5976584 -0.8735639 -0.30722514
exasperation -2.4632986 -0.36379176 2.2422733 0.36272255 1.7008828 1.0036354 1.8149171 1.4027368 0.037364524 -1.129368 1.5217948 -1.4475652 -1.7475272 -0.37820297 -3.4506984 1.3158017 0.3534585 1.7672988 0.9246921 -1.4982886
cruelties -0.6875609 0.75602955 0.83289635 0.28843102 0.87564707 2.155924 3.92315 1.3864069 3.558398 1.5490017 2.76201 -2.8113005 -2.2483497 1.1178379 -3.2444222 1.6470852 -1.7488619 0.96643215 -1.2234378 -1.0899879
unforgivable -1.5972924 0.13094892 2.076191 -1.0193084 -0.12008546 0.5989543 3.486153 1.7047715 1.0014429 0.31936276 0.17546858 -1.119724 -2.4282298 -0.50549287 -3.5503242 2.109193 0.18238458 2.26864 -1.883828 -1.299629
clumsiness -2.245613 0.37984377 3.4236097 -0.6624163 0.85237336 2.5895524 2.61282 1.2579699 0.83487195 -0.03466936 1.158893 -1.2144231 -2.0461354 -1.0221632 -2.39029 2.4486825 1.0236372 0.48343515 3.2091522 -2.246649
betrayals 0.788602 -0.1656426 1.5594856 -1.4958272 0.17352884 2.161768 3.4290578 1.7095848 0.7875782 0.2120962 1.1178681 -3.0294104 -2.6272674 -0.22527911 -3.2673573 2.2498686 -0.36038598 0.92134404 -0.63029593 -2.6622243
humiliations -0.68555206 1.0004935 1.4133848 -0.8005459 0.28473407 2.7606244 3.7172332 1.4439985 2.224838 0.92548186 1.6605217 -3.955618 -2.5185628 0.65152204 -2.1688676 0.8443907 0.46356994 0.6224684 0.5033808 -1.0675857
indignity -1.3398603 1.5460224 1.2911196 0.35031927 1.2393497 -0.04870233 2.6324842 1.059622 1.0826619 0.4919697 2.821361 -2.8545732 -2.9542332 2.0835774 -1.6425706 1.514524 1.7358645 1.3896554 -0.11368007 -0.2670405
arrogantly -2.091116 -1.2902209 1.568949 0.04954891 2.2978985 0.9787958 3.448302 2.1209383 0.111336306 -0.4981057 2.4344304 -0.42384115 -1.7599688 0.8289624 -2.1090608 2.328138 0.982046 1.856799 -0.4606104 -0.19746298
regretful -2.5458117 -0.46856466 2.484577 -0.8771779 1.4231956 0.7710211 1.938573 1.4527497 -0.5188775 -1.3137168 1.6534033 -1.5628886 -1.6885544 -0.78315043 -3.1389725 0.8721081 1.1105005 1.5084169 0.080338456 -1.0521034