Centroid_9 3.4632180532978727 -2.346054692595744 -2.2736738334893616 4.1074662181914885 2.854307739957447 -0.9124865392553191 4.4233785512765955 1.8631592197872329 1.6837781391808506 5.238138184042553 6.4436446936170215 -5.901275109574468 -1.2404247583510641 5.839827697446808 -3.1841323986170207 -0.805510280234042 -0.6028750684606383 -2.6977317889361716 3.7477947717446813 1.0947133417021278
war 3.9199088 3.4046586 -7.045844 7.8365655 -0.5797949 -1.9723133 5.820578 7.575241 12.538896 4.2497563 10.8178 -4.228723 -0.58097017 7.9484863 -2.290465 3.3050294 -0.97380346 -7.536029 3.9491441 4.9535303
army 1.323824 -3.8706267 -5.5063457 11.912955 6.311037 -4.3199716 6.8969173 3.7961352 3.53787 7.45929 7.96308 -4.1973195 -1.3060344 7.274205 2.4368079 0.9331999 -1.1699411 -4.667588 4.723648 6.822256
battle 3.5525846 -3.2341263 -3.339523 5.579809 3.328159 -4.348194 5.9241877 4.922 1.9073904 7.3354387 8.163305 -9.518093 3.4618647 4.8275623 -5.5379653 -0.3604087 6.128915 -5.4145784 0.30903193 -2.2212896
forces 4.2521305 -4.41895 -3.2255704 7.7628565 5.1779604 -2.2785163 8.170787 4.3074055 0.62812066 11.846504 6.934271 -5.241623 -5.5662456 6.009865 -1.5043579 -0.38473758 -2.7945495 -2.6055398 7.4501405 6.6560116
attack 1.183386 -2.1447957 -0.30913976 1.7411087 2.7824943 -5.3895097 8.803637 2.7636547 -1.4762553 4.7143564 5.343467 -9.980765 -2.7809427 3.698982 -6.591964 -0.30394176 1.3149077 -3.3170264 5.0130954 3.6003633
troops 3.4209807 -2.479524 -5.1312366 7.7020173 6.2979813 -3.4468117 7.8964767 1.7892015 0.3401985 8.911996 10.964397 -7.7935805 -5.6187215 10.707218 -1.547614 -3.011066 -1.5046042 -3.5064445 6.9306974 4.7286534
soldiers 2.9755478 -1.0278933 -7.086111 4.6579614 6.0326962 -1.744235 12.979939 0.41024202 3.5357866 2.2863574 7.881845 -6.768287 -5.4338417 7.194516 1.5637347 -0.83734155 -0.9016346 -0.40969387 4.3659034 1.5824629
fighting 4.6183796 -2.9765408 -4.3892126 0.71566516 4.7553935 -1.6246014 4.581379 4.003898 2.5445914 3.650363 5.876041 -8.925294 -0.94062793 0.27189866 -3.3001509 3.5706775 1.8165921 -0.12273842 6.26226 0.050702263
enemy 4.249118 -5.3115306 -0.74882805 0.7577031 4.9376693 -4.0026307 11.177199 0.4389011 0.19444905 4.6852045 6.434204 -6.2584033 -2.8210685 4.6527486 -6.23269 4.4409723 1.6292943 -2.2030718 7.2423363 0.39028522
invasion 3.400153 -1.679435 -2.635469 1.7610352 0.9887285 -2.882044 3.6841698 5.3002524 6.6739445 8.844827 8.718962 -6.2994246 -1.0932188 6.589513 -8.788257 -2.2581239 -1.931077 -2.3428695 2.8167975 5.7546787
resistance 3.3542018 -1.9510924 3.8971732 2.5989618 4.0252256 2.0694463 3.9628055 0.5996448 3.3297946 5.94341 4.9402275 -4.094162 -3.7909684 2.6007783 -2.359938 0.6783862 -4.9336934 0.3678197 7.4617653 5.0039377
wars 6.5380764 -0.6105436 -5.1228633 1.960529 -0.8188258 -0.7360714 4.9102054 7.6269803 9.914617 5.8273296 6.8223367 -2.861475 0.6866343 4.500724 -4.988324 1.6727362 -2.6362832 -3.6176744 2.2091289 -2.5757704
offensive 5.9185843 -2.4916112 1.5716463 7.6844115 4.495629 -5.969166 1.204427 6.2483416 1.2942988 4.818999 4.4275885 -7.8571396 -0.10975773 -2.2939408 -0.8802173 3.0415735 1.8231515 -4.037868 9.509097 3.254489
allied 4.8737373 -5.678385 -4.898052 3.096329 1.9556843 -1.0164597 1.4493484 -0.22464347 2.482192 4.9836173 4.22419 -5.155894 -0.3511546 6.0996995 -3.718892 4.0090475 -3.587936 -2.7976615 4.137256 6.247621
cavalry 2.0299308 -5.26529 -3.121476 12.006643 6.492419 -3.973101 6.721909 0.06674685 2.917881 6.5069923 6.19404 -5.893664 3.595654 7.382508 2.5556853 0.9065563 -0.8844439 -5.8529625 5.4727273 -0.9593153
siege 1.74986 -0.6517808 -1.8434529 5.919692 1.5553746 -0.07258028 3.7123923 3.1948695 0.20572457 5.2438235 10.066317 -11.873993 0.30080953 12.710428 -5.482456 -2.9856188 3.7262142 -5.697484 0.79653126 1.9470421
allies 4.393926 -3.2410405 -1.5426606 2.0300002 5.439286 -1.7055445 3.7692544 3.7435043 2.8010206 7.1008625 9.096811 -4.559209 -4.5596566 5.59837 -3.631688 3.314871 -3.5669734 0.4073728 2.7958105 2.1011717
germans 6.569814 -1.9673132 0.4549626 2.691918 5.4399147 -1.1974884 4.748861 -0.059385035 3.4553092 1.7585899 10.877157 -5.7605147 -4.598459 10.039651 -2.8168612 -3.0247498 -2.5505574 -0.7788406 6.369498 3.8468406
rebellion -1.0344813 -2.943358 -1.3432988 4.3395023 5.523482 0.09021209 3.182638 6.730345 4.682541 6.770457 9.658473 -6.010615 -5.937331 6.8813605 -6.504091 -1.7434306 -3.8076012 -0.8058537 0.014037204 -1.2684991
battles 7.172602 -2.4338675 -3.9290364 2.9626603 1.4989203 -0.45524642 6.846429 4.8710146 4.2901444 5.806848 4.403815 -7.368815 0.27838346 1.7249422 -2.944325 0.3383056 1.3747327 -3.4446564 2.8606486 -4.239276
casualties 0.7915202 1.2344447 -3.4878535 6.9758797 1.5795062 -5.7880445 8.20988 -2.8665028 8.868109 10.42421 5.407033 -11.682411 -7.5401926 7.012492 -3.3650658 -3.671303 0.9689566 -8.311844 10.122642 -2.3518817
rebels 3.5048952 -2.7904158 -3.477766 3.861271 6.7748685 -3.6393466 4.647872 4.5661764 -1.222685 4.976909 8.106422 -8.750037 -7.091908 3.5802207 -2.462235 -1.9712336 -1.1472616 0.15076587 1.9850994 -0.3724881
raid 0.18187672 -0.3383433 -5.7473516 2.5639517 -0.3705474 -5.0702972 7.969045 1.8279111 -1.516603 2.9491038 4.4039774 -7.9619594 -1.4429941 5.7372036 -5.1493454 -2.866419 -2.3709445 -5.969261 2.0738332 2.46721
warfare 5.3592234 -3.5077808 -1.6970829 4.906007 0.123610206 4.201887 8.621413 0.9934381 5.7728634 6.018889 3.3517747 -0.6495812 1.3675961 1.4357419 -4.1440334 4.2183685 -3.3512838 -5.9461045 8.385631 6.299743
armies 5.93174 -4.4016643 -2.2047832 6.398452 5.5704827 -0.2024514 6.26192 3.3028772 4.9581685 10.226736 8.751733 -4.6212115 -2.248042 10.090051 -0.9712652 -1.6200528 0.07265987 -0.7236375 6.2686114 0.5947048
defenders 3.5732424 -1.0419649 -1.0829132 2.9357626 4.13886 -2.2539802 4.8764853 4.058799 -0.87995034 4.7244334 5.349079 -7.1260066 -2.415315 3.0711446 -1.0069711 2.7109578 0.2592836 -0.08718045 4.7085867 -2.0552475
battlefield 4.267484 -0.981493 -3.1674128 4.4346924 1.0837178 -0.43908435 8.299609 1.2763062 0.7587475 3.062017 4.4587164 -2.273596 -0.031187367 3.314733 -3.3277936 3.4761388 3.0626 -2.9920106 2.9936092 0.23810564
russians 4.547117 -1.7277895 -0.3739952 0.932005 5.689726 -0.37211296 3.7593806 0.41412824 4.8967876 3.2368674 8.7737 -5.537807 -4.4394875 5.9936185 -2.400571 -2.9491532 -1.7813487 2.6147816 4.057624 4.1800375
forts 4.8028393 -0.48643097 -5.047674 7.4859247 -0.37422404 1.8064438 7.368704 -2.4154422 -2.2508552 7.047425 5.5090656 -3.9259033 0.6241258 9.730769 -3.5477343 -2.2012691 -2.6130712 -6.2289596 2.7554705 -4.664791
normandy 3.4543934 -3.963301 -4.31553 2.5487473 0.65744966 1.593039 -0.43147397 -0.4849241 1.4789381 2.0180414 9.240665 -1.9072993 2.6324441 9.653192 -3.2405722 0.69569 1.6674032 -8.334008 -0.9114632 0.13735557
fortifications 8.03224 0.49763018 -1.9663935 7.506569 -1.4581695 4.786934 4.871415 -0.9438652 -2.4803276 7.0277 7.259585 -4.1116023 1.2585746 13.1506815 -3.2563179 -0.47847995 -2.8268807 -5.649945 5.2962985 -1.5594559
reinforcements 1.4678745 -2.3594913 -0.9801885 5.783392 5.363773 -5.0586734 5.8951287 1.2707931 -1.0469722 5.8234754 10.844609 -5.224411 -5.2886987 9.833915 -3.0451002 -1.7129989 2.5973475 -4.9643908 6.3164163 4.416698
defenses 5.323236 0.070107386 -0.4082567 5.393875 1.759097 -2.9734526 4.9074183 0.020560198 -0.62143224 7.67253 5.655666 -4.7331743 -1.0215526 2.4963188 -3.2514663 3.3308957 -0.69020516 -4.3397655 5.250303 2.5620859
soviets 5.5732923 -2.0286343 1.5595317 1.4477446 2.7491958 -3.3697207 3.965068 3.4546874 3.0829616 3.9447184 6.7926593 -4.345756 -4.6125875 7.276223 -2.3229392 0.01866726 -1.6503452 0.41424647 5.1799545 8.813289
blockade 1.4252551 -0.7834299 -3.6242216 2.2444134 1.6722472 -4.058425 2.2235737 0.13705797 -0.41438848 8.793981 8.401061 -4.8332434 -3.7165935 5.5187025 -5.5238023 1.5534893 -0.6322123 -5.4424925 5.014576 6.873022
defences 3.2583177 -0.25572816 -1.8511505 6.487906 0.25197893 0.9125457 4.663023 1.5857466 -0.97699076 9.329024 6.842821 -3.5798948 -0.9595746 9.773072 -4.8173823 0.36901298 -0.2431839 -5.2811303 9.461377 -0.23815784
ottomans 5.801096 -3.009956 1.2403358 2.2924922 4.1543765 3.7567334 1.8840109 3.3683212 2.5928748 7.7997813 10.137737 -7.437984 -5.9684544 12.094363 -4.0704856 -3.3056161 0.40364695 1.864517 2.811224 2.345359
danube 6.6588163 -3.2270267 -0.1781638 3.7590005 4.01098 3.8760247 -2.3473601 -3.9501004 -5.267398 7.957989 9.009569 -1.9113356 3.9879298 6.7873015 -5.7124987 -5.149863 0.073405854 2.0198555 1.5723342 2.479981
hostilities 3.2334366 1.2340034 -0.99061173 5.940164 0.55838895 -4.2181993 1.0589513 3.891621 6.1793957 4.76202 8.208671 -6.7689314 -5.5219803 7.42857 -6.4320903 -1.9070116 0.24400496 -4.242594 3.919924 6.2760086
invaders 5.4186935 -3.2466366 -2.1187577 -0.9765527 3.9082294 0.15113795 5.374898 3.0507452 1.5740656 4.9917245 8.326796 -2.7381625 -0.80458903 2.8395193 -5.6337748 -0.34437433 -1.0901896 0.52022684 1.3978983 -0.004749793
counterattack 3.3079827 -4.536064 1.3198241 3.915455 4.5277314 -4.1262407 4.917977 6.2142024 -1.2811944 7.8111134 8.625214 -9.026302 -2.1146884 7.0688567 -4.49515 -1.7056594 2.2398336 -5.0691915 8.866577 2.5059588
insurgents 5.255128 -4.05979 -2.626746 3.4736018 4.374901 -1.7652831 7.61002 2.0470204 -0.28871194 5.445649 4.4926105 -8.687202 -8.471967 4.0255747 -2.0399632 -4.3816366 -3.7105486 -1.1613711 3.3837755 2.0038822
crimean 2.6560001 -3.2215521 -3.992252 3.7373962 1.2783259 2.7066157 2.1490004 0.040780727 6.01957 4.382837 3.9484165 -5.2267547 1.3175235 6.5544887 -2.6714184 -2.0108917 -2.5798123 -0.18550362 0.08256351 4.9275775
boer -0.25598577 -3.6480484 -5.7892303 4.0044637 3.045938 -1.7047197 1.4494891 4.053659 6.432748 3.2575357 6.725912 -3.949771 2.4078443 4.8665013 -0.69144106 1.7961631 -1.1987532 -4.16516 0.24547729 0.0182315
mutiny -2.1990376 -1.7965938 -4.315375 2.8345077 1.1009579 -3.1116612 6.664444 4.940854 3.7716122 3.9169562 4.6131616 -6.309074 -3.6125572 4.7316046 -4.004212 0.5251713 -0.20701124 -5.0914836 0.32783768 0.5548454
invasions 3.8810794 -2.090015 -2.4862056 1.3760493 0.70018744 3.1211517 2.8293214 2.4469736 7.8588934 9.722909 6.5034823 -4.3874574 -1.9951969 6.0084887 -7.6584296 -3.6165004 -2.1153193 -1.2010041 3.2405567 -1.7248657
mercenaries 3.3060775 -4.002078 -3.7690032 -1.5831772 6.1615148 1.5200413 6.853045 2.2153227 2.5702753 3.725077 9.256554 -4.177994 -3.2173386 6.870696 1.5609671 1.547378 -5.672695 -0.5773293 2.1568696 -0.36028296
retreating 2.784441 -3.457211 -1.130972 4.0548315 5.4093933 -0.36996132 2.7615104 -1.5491862 -1.8535827 3.1025476 7.541043 -9.620456 2.1546338 4.0275536 -6.530816 -0.49110234 0.7257449 -1.6199778 5.9775643 1.2101476
outpost 3.843211 -1.8143126 -4.8657246 4.7810893 1.268233 1.4307513 5.674575 0.25557873 -3.1779056 3.5168772 5.621573 -2.3784058 0.047971386 3.2371624 -4.4048276 -2.3140385 -2.7080052 -4.001013 -0.29524103 2.27416
adriatic 7.843074 -2.415753 -5.168821 -0.30230835 1.1871932 3.8268 -1.5511643 -2.0699594 -1.3219817 10.955702 8.041149 -4.2167587 2.2298734 3.983041 -3.8857446 -4.3772635 1.7666391 -2.0279763 3.14123 1.7266042
raiding 3.21409 -4.0658374 -6.8797665 1.4996536 4.1014047 -0.1484495 2.4526715 -1.5903658 -0.20187832 1.8736563 6.058259 -5.8979836 -3.051189 4.385419 -5.6437764 1.9460434 -6.399076 -1.5534292 3.5806828 -0.39588103
legions 7.9963326 -3.0319715 -0.78491396 4.563858 4.2490983 -1.7030588 6.9081445 1.2710912 5.774848 4.986359 5.789807 -4.3323355 0.9014208 6.918215 1.6137516 1.0081484 0.35091007 0.8821876 -0.2813662 -1.2751498
somme 2.9620905 -4.894239 -2.495735 6.8409314 0.47813943 1.3843772 1.3223654 1.73357 1.1991426 2.8284075 5.5233617 -5.9252267 3.7103682 6.1789994 -3.7501717 -1.167197 4.1358256 -9.396912 2.641977 0.09929822
insurrection 3.1226692 -1.6559002 0.022435052 4.2775774 2.572826 -0.63470584 3.2089806 5.886304 3.383192 4.5198445 5.964003 -7.089076 -5.3031883 5.2467904 -3.7691076 -1.3441497 -3.8218818 -1.3632014 -1.1350037 1.3227654
bolsheviks 4.660783 -0.8667256 3.0182285 4.5667624 3.9802692 0.1407136 3.3385775 6.795952 4.072547 2.2536442 6.5536814 -7.3189125 -3.609451 7.131872 -0.3231285 -1.5045583 -5.450496 3.1819818 3.5680544 6.0132055
fortresses 7.0506 -2.5577886 -2.0168242 2.5774052 1.3974562 4.0287504 4.217885 -2.0054805 -0.3915744 8.231116 6.8690705 -4.1039133 0.029755218 11.415058 -0.63513285 -4.560437 -1.1574395 -2.3828857 2.5161414 -2.2040858
byzantines 4.7445474 -2.546219 2.648528 2.8281944 4.1592827 2.8267639 1.9531991 2.7048564 4.0110946 7.2757225 10.407283 -6.3785586 -3.0209217 10.65284 -6.1586757 -1.4466951 -0.19414501 1.3804446 1.0586985 -0.26009262
skirmish 1.5148755 -1.6053855 -3.3859534 5.315534 3.130736 -4.4330626 5.0540743 1.5646542 -0.35305956 2.8158333 5.0924797 -8.802603 1.0414237 2.779494 -4.7154393 -1.4748822 -0.88996565 -4.0580564 1.3163064 -4.304509
garrisons 2.8747606 -2.2827003 -4.2249784 5.379434 3.3530939 0.7132752 4.155455 -1.1592009 0.17274806 4.9729137 6.063634 -4.5975733 -3.5422447 8.658968 -1.4495701 -2.1352832 -2.3318775 -2.150712 3.648492 0.44889516
gallipoli 0.1368692 -2.2767854 -7.262134 4.815914 0.22469153 -1.8927834 3.6371496 4.799955 4.148415 3.8308663 4.8783765 -6.5770864 2.4342308 4.63846 -3.0176926 -1.1883082 1.9916064 -5.963907 2.358975 1.8093978
horsemen 3.932391 -2.389266 -3.0777047 1.6643398 5.043723 -1.8531895 8.317101 2.8438659 2.7951539 2.4173799 5.3260226 -5.8452015 1.6561245 3.4272156 1.9624647 -0.891233 1.0067029 0.19480169 2.4664757 -5.185207
skirmishes 5.647848 -1.3791277 -4.8639717 5.121593 1.4288723 -1.373002 4.745807 0.970796 4.086639 4.9872656 3.4878812 -10.400399 -2.6418993 2.5368154 -4.035069 -3.0884058 -3.4713943 -4.548438 4.1445646 -5.0035677
outposts 5.9619184 -1.5954973 -5.3987246 4.8189254 1.6056937 0.82113934 5.6785355 -1.0848855 -1.390114 4.429522 5.113022 -3.2103198 -2.634037 3.8366182 -3.4392595 -2.7334702 -4.0384145 -3.5099132 3.2113857 0.51306087
incursions 3.6803336 -1.8955745 -2.8492773 2.563989 2.4432194 1.5851902 2.8439298 0.6283052 4.0600395 9.063742 6.7837334 -5.083206 -3.7056482 4.3365846 -7.377126 -1.6547617 -3.941751 -1.2414106 3.5157325 -0.7410937
ypres 3.1342287 -2.3693893 -2.0439408 6.480491 0.49828392 1.5580589 1.272424 2.4949286 1.3080336 3.0041535 5.583138 -7.61882 6.047334 8.00463 -2.185015 -3.2587364 3.7019596 -5.1971684 3.5563476 0.06661044
encampment 2.5429623 1.8795755 -5.895942 6.3622074 2.106237 -0.3385871 6.2850094 -0.8879401 -2.1804109 0.6240927 5.795201 -4.354354 0.2911653 3.0344646 -2.662263 -1.7013712 -0.6917557 -1.1028912 -1.1754291 0.44247574
counterattacks 5.042997 -2.6730642 0.17855789 3.4958568 2.8438714 -2.668062 5.415677 5.0156155 2.0017989 7.6257057 6.226421 -9.459569 -2.4623756 5.8178525 -2.7377565 -2.918358 1.5761602 -4.5554285 11.696753 -0.52860665
stalemate 3.809319 -2.4860463 2.102987 3.5766811 2.9602253 -3.9191377 -0.36430818 4.220191 2.2419083 4.53863 6.0995264 -6.088056 -3.3256266 4.859141 -5.401268 1.855964 3.4586413 -1.1711437 4.5892234 0.22139926
euphrates 2.5930996 -2.5525572 -0.886989 5.370727 1.3652009 2.0564935 3.6848245 -1.737049 -3.2169437 8.370513 5.514668 -2.6788435 -0.93293315 4.237109 -11.682578 -5.216192 -0.7172128 0.18065964 -1.2819752 0.77137625
militarily 2.8398304 -4.4596324 0.59701914 2.5563717 4.763451 2.1953208 -0.33996248 0.8856409 3.163581 6.8734727 7.1958427 -3.3646748 -6.1153965 6.355637 -4.548567 3.1808155 -2.9674056 -0.22164652 4.825896 1.735443
redoubt 4.1732163 -0.7992297 -1.6194838 6.3717203 1.7339946 0.3014271 4.137617 0.5107169 -3.5546806 5.7890096 6.8553104 -5.3975425 3.313019 7.564291 -2.4259582 -1.7467039 0.75748646 -4.5297313 2.738021 -2.6194088
incursion 2.4404442 -2.014111 -1.9131912 2.1701832 1.4530429 -0.8830012 2.9170966 1.9724416 2.1185448 7.206738 5.0898595 -4.4288 -2.7928019 2.9764543 -6.542849 -0.93286014 -2.2260115 -1.887044 1.6599001 2.0553296
counteroffensive 6.335871 -3.9310875 1.9048585 4.7926626 1.2114125 -2.4364474 2.3971477 5.823145 1.4421529 8.6661415 6.1500077 -8.213794 0.7150817 5.482012 -4.8439507 -3.9977899 1.1988546 -3.8536038 4.5414743 7.652417
militiamen 2.2917273 -0.9055354 -4.38033 7.116261 5.1381307 -4.1533055 6.6374097 -0.1588446 0.4617074 0.8798833 4.7545533 -7.9126763 -4.8994164 2.7559876 0.57320094 -2.4531336 -4.9083414 -1.9491104 1.4842571 -0.50555885
tobruk 2.1659403 -2.796083 -3.9840865 2.973452 0.8285765 -2.2915335 3.9906895 2.687146 -0.7216215 5.4585648 5.1831017 -6.773023 0.6703754 4.293532 -3.649713 -3.845402 0.8000134 -5.766972 3.9425845 2.199632
offensives 6.2795825 -2.3370342 -1.4071046 3.3411899 -0.10734926 -0.95865315 3.0003915 4.7335086 4.0948896 8.211752 4.224408 -7.607881 -1.7003951 4.9812565 -3.751965 -3.567235 0.0072140507 -4.2596054 8.390648 3.4447236
encirclement 5.628373 -3.5952344 2.0666888 4.4292703 3.7276063 -2.304385 2.4073355 2.7723749 0.14528345 7.4333067 7.045926 -8.530686 -0.40870202 6.250885 -4.777396 -1.9916732 2.4438047 -1.3836569 6.5824265 4.8511786
boers -0.47040984 -1.4035965 -2.8736675 4.0400534 5.508222 -1.3205706 2.40421 1.6187736 2.4059596 3.1297607 8.672617 -3.4134326 -3.0584898 4.3031797 -3.6719732 1.4273157 -2.2746332 -1.0872147 3.760276 -0.6396236
besieging 0.40865013 -3.9858732 -1.9357086 3.5240703 3.5842986 2.0608912 0.23240985 -0.24606067 -2.7379785 3.9674861 6.3242455 -10.407875 1.1107378 8.72378 -4.6399603 -0.07966997 -0.28318983 -1.5536717 -0.39711988 0.46351358
rearguard 1.5601796 -5.0487633 -0.2599207 6.0757422 4.8167057 -0.93719137 4.682584 3.6196728 -0.97691303 5.3040857 6.3351645 -8.286402 0.18796343 5.770696 -3.2393613 0.2096968 2.0864882 -4.649098 5.5125394 -0.82653475
contingents 4.191868 -2.186612 -5.9378953 4.670069 2.940382 -0.30338323 4.7003403 0.88434 4.6872134 4.720861 4.083781 -2.5300927 -2.8076203 6.217595 2.411893 -2.104251 -1.0923009 -0.11495829 3.764717 0.29766208
dardanelles 0.86288184 -2.9254382 -4.4233923 2.07308 -0.39234984 -1.9009326 2.9470825 2.3131902 0.06686602 6.426648 5.666797 -3.8343549 1.5527027 7.2534347 -6.0798316 -1.6170797 1.9135227 -3.9676075 2.1809397 4.0294824
redoubts 6.451256 -0.82217354 -1.8524554 4.7146792 0.520485 0.13834767 6.282067 0.14605607 -3.582351 4.8558297 4.2437463 -6.458069 2.3577092 6.004627 -0.2562686 -4.136478 -1.025101 -4.8883696 5.9789147 -4.277264
infantrymen 2.003659 -2.4016252 -2.9640858 3.448973 3.6817381 -2.1111517 7.0591283 -0.40971804 3.3404455 1.9962549 4.0926948 -3.783089 0.058300808 5.99232 2.2850173 -0.32512125 -0.2315369 -1.9433551 6.7760625 -0.49205232
liberators 3.6853738 -3.8001146 -1.0127095 1.7930931 2.45538 -3.268794 4.3969755 1.2652946 2.3573167 2.1788182 4.0576334 -2.6336913 1.1888969 2.6145573 0.6521431 -2.5248802 -1.5553629 -3.8011017 0.9191609 1.7291446
besiege 0.47701588 -3.4352865 -1.0763515 2.512452 3.63718 1.81297 -0.5862314 0.57209253 -4.1222 3.076188 7.8462157 -9.075928 0.38078928 9.830301 -4.351253 0.3551532 1.0409914 -0.8694699 -0.34945452 2.0796435
cavalrymen 1.3200902 -1.9974138 -2.8576121 5.1905217 4.982993 -2.688345 6.472219 -0.9140261 2.5499237 2.125565 5.5230174 -5.3932033 0.76524854 5.4747663 1.3735087 -0.88719606 -0.7017399 -2.1411538 3.2813184 -1.5867009
passchendaele 0.78444874 -2.76478 -1.1290365 5.762889 0.12896243 -0.35185194 2.5577202 2.0364065 1.9873105 3.2894828 2.6536427 -6.9259963 5.7493234 3.679262 -3.6315515 -1.4042633 4.124903 -4.957506 3.6661143 -1.0434667
skirmishing 2.2765498 -2.04206 -1.3481416 5.5806165 2.7062562 -0.95398736 3.9964597 0.3733883 2.015028 1.6146936 3.8763673 -7.4508 0.79188746 3.1795201 -4.08073 -0.1994218 -0.13165307 -3.3960483 6.0063996 -0.7894709
besiegers 1.1383202 -1.3639733 0.45397612 1.7447064 2.6352024 -0.73443395 3.7905774 0.2781907 -0.815719 2.0402074 6.608041 -6.2794127 -1.6763555 8.112362 -3.5948195 -0.024868777 0.74722403 -1.5416921 2.8665524 -0.2891706
janissaries 1.1600417 -4.599458 -0.92884105 1.4688956 3.8427007 2.7026055 4.641724 1.9579777 2.350297 3.0974343 3.5225122 -4.4433575 -3.4997869 7.95211 1.2324864 -2.0723622 -0.7325738 1.1155033 3.6466875 0.79467994
skirmishers 2.5032651 -3.139924 -1.7046406 5.6518083 4.853693 -2.656977 6.3316746 0.21301994 0.020764943 1.9546351 5.0007777 -4.6767406 1.9634073 3.7627864 -0.6150261 1.236962 0.22185628 -2.5242174 6.562463 -1.3961924
entrenchments 3.1609845 -0.7922219 -1.783052 5.793108 2.1197486 -0.37575227 5.0895343 -0.7034802 -2.5690522 2.5843794 4.9619803 -5.9539237 2.1132236 5.268401 -2.9771538 0.111495025 0.67000306 -2.8688824 4.5317645 -1.2749597
mutinies -0.24020249 -2.6090152 -1.2209747 1.2539506 1.0547824 -0.6989483 3.6431608 1.1826262 4.6132503 3.484621 2.5960047 -6.434899 -2.7898962 3.4361868 -3.685045 -1.3241338 -1.7323284 -3.7588236 2.9474146 0.2513343