Centroid_142 2.247355297881721 4.773282356666664 -4.821671154086021 -1.0960273767064515 -3.0050857304005376 1.3532558613951615 2.003438054795699 0.10004701758064524 -6.080455844032258 -4.28069066793011 0.44019805834408626 1.046462425420162 -1.5267460060913989 0.9494385841344083 3.0275509791666666 -1.8605018432763456 -0.4243071397311828 1.540199984860216 1.5843679191397841 -1.8117262772258074
hotel 0.818401 7.6458306 -8.468789 -0.676478 -4.99321 -0.47821164 2.6730063 4.142302 -11.009795 -5.010376 3.6978958 0.2766449 -0.9541021 4.473096 3.2109964 -3.1473413 -0.07515363 -1.0565407 -2.6884246 -1.867753
facilities 5.0171943 7.620458 -7.5781584 4.291396 -6.8224936 3.6594067 2.5145555 -6.52452 -7.5904255 -0.99851686 -1.5567691 2.4438097 -5.3539395 2.508496 6.0344634 -0.62053055 0.5325016 -4.480148 7.9263144 5.154378
store 0.19767998 7.674359 -4.0099673 -1.9928061 -4.8040433 -4.7764134 3.024552 -1.7321769 -10.756768 -8.232054 1.2712356 5.085752 -2.7055693 2.9860697 3.8366666 -2.1650083 -5.326811 -0.71424854 0.8807155 0.63237107
garden 0.9894949 9.842547 -4.721169 0.50851595 -4.8584523 6.709134 2.4563184 -0.50974524 -5.9022427 -2.7010686 4.1663785 5.9806795 4.017182 2.4121108 1.343893 -1.9288859 2.6610196 3.3612278 -2.6747386 -3.0901463
locations 8.770137 6.4690833 -6.9790115 1.4059659 -5.3264666 -0.0013957428 4.9712787 -4.396965 -1.1365646 -0.09337967 -0.29516867 2.8477845 -4.4020596 -1.0112106 0.44687682 -5.4748354 0.29250318 -1.1579255 3.8950083 -1.3424988
stores 3.8713658 8.331638 -7.84324 -2.8809009 -5.7075543 -5.4477797 1.3561423 -3.4032423 -6.084654 -4.169426 0.41343066 4.1266274 -5.6554 2.1595776 4.411084 -5.089909 -7.596456 0.23116817 4.2288857 0.7713856
neighborhood 5.1632466 7.4390917 -2.3099618 7.110385 -1.320851 5.3490286 0.31739408 -0.7956775 -8.854333 -5.3160534 2.1699307 -1.0095757 -4.439333 -4.7560263 -0.9992773 -4.061232 -3.1575758 0.92674613 -1.7361621 -4.47519
arena 7.3413258 6.949942 -6.160552 -0.48611942 -3.1528983 -3.790713 -4.3920913 6.4491935 -9.806378 0.49698573 2.169616 -2.062442 1.8821942 -2.848142 6.365419 -0.3276618 3.3872166 2.7487733 0.89950824 1.8406209
rooms 5.98991 8.521486 -3.6258962 3.3588355 -5.6956625 2.537193 8.676012 -1.8078448 -7.6527376 -6.824957 -3.798875 1.6018606 -1.0984231 6.190068 9.153957 -2.0994437 3.8550854 4.9734707 5.8700457 -2.5207703
parks 5.159535 8.0585 -9.924896 3.596628 -6.619044 2.6940534 1.9981753 -0.5182716 -7.3719897 2.429323 -0.66073245 3.8783317 -4.0501122 -3.295753 2.4825509 2.7134063 -0.43754008 -2.4618068 -1.0724375 -4.123995
shop -1.9048687 6.7187443 -5.3996477 -4.2538743 -2.3384268 0.5017511 4.681901 -0.10627091 -10.729357 -10.846451 3.4254944 4.3357024 -0.21442655 4.5745354 5.4958096 -0.4707715 -3.051542 1.6591526 3.3058603 -1.7116863
restaurant -0.12612791 5.858035 -7.2666097 -5.2946076 -2.398555 1.2856225 3.0611482 2.56531 -10.876493 -6.3911533 3.2858598 4.0732703 -2.3620446 0.40019023 5.5241876 -4.3928204 -1.5057389 2.2095914 -1.2161776 -1.3473665
venue 7.245215 6.8783016 -6.7259207 0.27052087 -4.250222 1.2587837 -2.1636555 7.0517836 -6.392757 -3.069256 1.0695157 2.208301 -2.1332572 0.39185813 5.5495954 -2.6950464 5.1631103 4.248339 4.0865993 -1.1280572
shopping 5.531211 7.3064594 -7.81347 -1.4396905 -7.5087814 4.2851253 -0.4105963 0.73566407 -12.709301 -4.1266866 -1.9003855 2.2156878 -5.4719973 -1.5120306 0.9469842 -5.1001816 -0.51348686 1.5328369 3.2370791 -3.131923
apartment 1.4165709 8.04028 1.3622695 -0.78575116 -1.9542114 1.7727159 7.2655287 -0.80396104 -11.141347 -10.472425 3.5614011 -4.75583 -3.7380562 3.7825406 2.9949262 -2.6229265 0.9790393 -0.38072345 -0.98476607 -3.3251839
mall 4.639691 9.843878 -6.250924 1.8558596 -7.648614 -2.3833735 0.13098937 2.912116 -13.546083 -1.0381545 0.060152967 1.2047296 -3.3488903 -0.78578645 0.6111615 -6.162818 -0.8009225 -0.23290117 -0.8874469 -2.198211
shops 2.9720821 6.9963017 -9.092968 -2.445938 -4.8924007 2.8761654 2.6386185 -3.1583922 -7.5848007 -6.3146095 -0.32131708 2.9191744 -3.9196122 4.6757293 4.013173 -5.400806 -5.5995674 3.202778 6.1167183 -3.8183932
restaurants 4.221634 6.923943 -11.35916 -5.5291023 -4.0594544 3.3310392 1.6522932 -1.864269 -7.3047624 -4.9576144 -0.2462772 4.0715914 -5.8124676 -1.6808703 5.859861 -6.741685 -4.447664 5.0817366 3.6797225 -2.7888675
parking 6.081353 7.8240037 -4.711877 -0.36046278 -6.8418136 -2.0753298 3.613494 -4.735232 -16.82946 -4.5462165 -3.249237 -1.7663629 -6.744406 2.181593 0.18017383 1.4468392 3.1602964 1.3168715 7.6390147 -4.2942367
venues 9.878353 9.146932 -8.1554785 -0.47760502 -4.7606316 2.8384666 -0.53447974 5.4126506 -1.1337006 -4.9844317 1.1652068 2.4086547 -3.1139462 -3.1214192 6.8796678 -6.3072968 1.6408062 3.6987467 6.4380975 -2.2164657
plaza 7.8746243 5.251142 -5.1282096 3.1055522 -6.583967 0.28618827 1.1792073 4.361905 -13.148908 0.08062561 -0.5727312 -0.9980055 0.2587813 0.5676999 -0.09236502 -3.2687826 0.136395 -0.08591945 -5.5598855 -3.3152719
hotels 4.7529454 6.0171027 -11.538644 -3.9551287 -6.1086464 2.829111 0.8028266 -0.17832696 -7.4071445 -3.0090108 0.75566816 1.6198863 -5.0173078 3.341647 5.125537 -4.42905 -2.848574 -0.28648826 1.7072881 -2.7198055
halls 4.06652 5.3657207 -5.5540524 4.0843306 -3.5311089 3.9838061 2.5852919 1.006626 -3.7257543 -7.565839 -2.3615375 0.72645533 1.7377586 2.248282 6.0386686 -1.2632535 1.8044792 3.6481547 1.3750218 -3.294933
basement 4.3046665 8.4378605 0.7565746 1.9380343 -2.3156812 -0.32901618 5.652506 -2.1478999 -8.1724615 -6.202011 2.601637 -1.7549773 2.5644176 2.2081764 1.9039139 -2.6344843 0.9374347 2.1197176 2.215314 -2.1026306
casino 5.0939455 6.0845137 -7.5455422 -5.0780816 -4.7029853 -3.792976 0.12991898 3.3269193 -10.264813 -1.3182836 3.9241657 1.6790282 -2.5172844 -0.21735384 0.44570097 1.5052044 -0.6986451 0.22768551 -3.9005392 -1.3655498
attractions 5.9735556 6.448556 -9.87129 -2.0801907 -6.856049 7.361851 2.229244 -0.017855626 -5.0777683 0.41659215 0.4882975 3.7091253 -2.900434 -2.4788969 -0.08581982 -4.9247026 1.5104393 -0.45087844 0.43070596 -6.465195
luxury 2.6043348 2.562222 -5.9257994 -7.9992466 -4.835642 3.404076 0.13600764 0.38564134 -4.496639 -2.8009467 2.0273468 5.3492913 -1.8030945 5.23843 1.9224802 1.0694134 -1.8444355 0.48512402 4.254966 -3.325451
garage 2.0969102 5.9970684 -1.4783554 -1.739535 -2.2804058 -2.3985372 2.9602146 1.3782694 -10.315425 -7.8900537 2.973815 0.44287556 0.95337117 1.3478085 1.831856 -2.0398188 -2.6029193 -0.6628371 5.652389 -4.019379
lots 4.711802 6.5921545 -1.3219341 -0.95705867 -2.3117754 -0.37549418 2.028284 -2.841478 -5.0455637 -5.065285 3.0078576 2.9007008 -5.8828197 2.7639744 -0.28488213 0.08528698 0.30287772 1.6784915 3.0620959 -7.570156
pavilion 2.992188 6.9170346 -6.6228805 1.4052998 -5.3753014 3.8189027 1.6484389 4.3635225 -7.194597 0.5432881 1.1810828 2.457502 5.5389495 2.6426203 4.7357397 -1.9483005 2.7326407 2.1699147 -0.18338732 -0.34554103
dining 1.3709657 6.0620174 -7.1108737 0.50421345 -3.9747088 4.1665854 4.642141 -1.1521832 -9.078112 -7.30882 -2.665966 2.821368 0.2642627 2.8264155 7.338589 0.0012415166 1.9029691 5.7482996 3.08513 -2.3700793
theatres 2.6480746 5.403739 -6.996961 -1.0412297 -6.5523934 3.3792288 0.8849316 8.177699 0.20767887 -4.7336416 0.55579567 1.1185483 -0.42967218 3.35622 3.7999988 -6.823239 -1.1072687 -2.1621706 5.423034 -1.1333425
pub -3.1347742 5.109116 -7.413307 -0.08339408 -0.22886701 -0.6429362 3.0565915 3.7646747 -7.691623 -6.4080105 3.4358299 2.8741531 -0.9906339 3.8100612 2.4902034 -2.477379 -0.18105939 3.766235 1.7942924 -7.9697833
warehouse 1.0589819 7.1693144 -3.5120535 -0.7560718 -3.950121 -1.8138102 3.5796952 -0.56650776 -9.97546 -4.410283 3.1287289 0.8831007 -0.31871757 4.2392883 2.2763581 -1.6445284 -5.3638287 -2.0460598 2.1370335 -0.03857116
auditorium 4.18942 7.2177634 -2.2716696 5.606076 -5.8568096 1.4533997 1.0923746 4.6279883 -9.660069 -5.001254 -4.65426 -0.80364555 3.4440918 0.13463002 8.1317005 -2.699807 3.6699023 3.0320127 -0.23873591 -0.6155995
spa 0.46973988 4.1719894 -4.1153445 -4.521284 -4.6854334 5.317328 -4.624358 -1.4886882 -6.17221 -0.101492785 1.9585326 0.40189743 0.25123402 4.1266947 4.337187 -3.8329198 2.1155653 -1.2921714 0.4225927 1.3682951
cafe 1.1921307 4.8477144 -5.699212 -4.4060354 -2.87292 1.4575555 2.7498353 3.4390962 -9.080043 -6.822289 1.1968538 1.8905474 1.3511803 -2.0052238 2.0560641 -4.389558 -0.6367667 3.7287738 -1.1258266 -0.6701401
rented -0.21685886 3.5801728 -6.2760625 -1.1689448 -3.5568452 1.4254794 -0.767677 -4.8042464 -7.4574842 -10.319326 -1.351878 -3.7546725 -0.077148914 6.2312007 3.6212275 -0.32857382 -1.6303817 0.22614251 -0.55140626 -2.261217
lobby 4.188091 4.3923645 -3.6687756 4.2893753 -2.7924435 -0.7103397 4.076078 4.746156 -6.334213 -1.6772646 -1.6653395 0.12091334 -1.99952 1.8818921 2.1185477 2.8273304 -4.201071 4.585367 1.4584259 0.8954049
gym 1.8719374 4.348113 -4.699759 -0.86483824 0.66274416 1.9873925 3.3500466 1.1049186 -8.965634 -5.2066016 1.3214753 -1.3053174 1.0073416 -3.248654 9.953181 1.9093124 5.294697 1.7337399 3.1155372 1.9733037
rental 2.0226996 3.6734412 -4.884292 -4.7056136 -6.6056743 -1.8010907 -1.5197752 -7.675528 -6.5976434 -6.126472 -3.287012 1.6397299 -8.127285 4.230428 2.8310242 0.3324026 -1.0623682 -2.3875194 2.078567 -1.237697
lawn -0.31973597 8.050841 -8.27494 2.6230712 -0.5826398 1.2170856 2.405581 -1.4089106 -7.1668873 -0.64750105 2.4360487 2.2464552 2.5909193 -0.9466613 4.98567 3.103208 2.5779557 4.9954376 1.0027398 -3.766542
patrons 1.1328683 3.9749975 -3.4814706 -0.44681504 -1.2213655 4.5810747 3.8520894 2.6477306 -1.0052524 -5.6069784 1.2525152 2.1989825 -5.240676 4.746581 4.801152 1.8778925 0.16171281 4.1195 0.8845631 -2.8806143
amenities 1.6770794 6.7669964 -7.281582 3.3024366 -6.0532827 6.6139426 2.8498611 -3.7177694 -7.551324 -2.0897331 -2.8123078 4.503722 -5.69812 2.2427342 3.5407937 -1.0415074 0.42813468 -0.26741347 6.259311 -4.9060445
alley 0.10796651 4.0902486 -5.7535825 -0.5604317 0.10141961 -1.2551318 4.8717084 2.655484 -7.893147 -2.771841 2.0168047 0.6362778 3.8911898 -3.2663405 1.3487036 -1.9428611 -0.009805399 2.5183642 2.092278 -4.5377283
nursery -2.3336504 4.6669097 -3.14763 0.35315415 -1.0248101 4.908515 0.58363265 -6.261224 -2.2581394 -7.0110226 1.8786745 6.792001 0.8691962 -0.06794345 3.7701302 -1.9225047 2.2050617 0.21903196 0.07037221 -3.2548125
lounge 2.0147176 4.2117906 -5.795693 -2.7438128 -2.6688807 -1.0823209 2.7464738 2.0336761 -9.412057 -6.865496 -1.9165514 1.4687945 3.4748328 -2.5856915 4.637602 -3.1904724 0.72113734 4.8768897 2.2095103 -0.02365762
nightclub 0.7808103 5.8894525 -4.4299912 -3.8465867 -0.56161153 -0.05950641 2.7745879 7.187239 -8.045133 -7.5319757 4.383132 -3.2787554 -0.8843429 -2.8208168 1.7169718 -3.928545 -1.3635577 2.4539175 0.2116392 -1.3072695
grocery -1.3763326 5.5707326 -5.1259212 -2.9057407 -1.2125453 -2.103828 0.754695 -4.772543 -8.783812 -8.790349 1.8732924 2.5293894 -4.9592347 0.06365427 4.824256 -3.0657558 -7.2800837 0.79763705 0.4476639 -0.056051485
picnic 3.528363 5.8068037 -9.458934 -2.7658045 -3.539916 2.2774653 4.670903 -3.5136547 -8.940969 -4.7355714 -1.3912739 0.017727576 -0.088399164 -3.5992208 0.9909767 0.48477367 5.807496 4.735017 0.93920267 -5.1923943
playground 3.25449 7.083772 -6.225673 -0.11879401 -3.6281495 4.2960906 4.6927304 -1.0222625 -8.6175785 -5.127781 -0.8379188 1.5076377 1.2976509 -4.0216975 4.4152064 2.3654659 3.521124 1.9881383 2.0001242 -2.901713
supermarket -0.19450189 5.175403 -5.741434 -5.194322 -3.3395808 -1.0301789 -0.056658678 0.16589494 -9.864478 -2.5280247 0.8831593 2.1078434 -5.1550817 0.8010389 3.2939727 -5.249416 -6.271552 1.302972 1.2780975 -2.0275502
ballroom 3.7654085 6.3148456 -4.8565865 -0.7895665 -2.2176077 1.5257277 0.78734124 7.1071978 -5.9558535 -6.789647 2.6792445 0.3152668 5.0066214 -0.37055975 4.7525873 -3.4980757 2.1932685 4.907961 -0.27319118 -2.1840909
stadiums 11.03649 6.600412 -5.7458115 0.3159152 -4.0312185 -0.2991242 -3.3068657 2.5645804 -4.6620617 2.293562 -0.023436654 -0.8456501 -3.6290627 0.5977363 6.717032 -0.4241924 2.4703465 3.2018607 6.735024 -2.9223979
fairs 6.0973277 6.574227 -9.214474 -1.6752546 -5.1604447 4.295457 -1.9647444 1.852095 1.3477951 -3.7296753 1.4040998 3.843102 -4.161191 1.9781069 3.3759317 -0.89476866 1.7494937 4.002712 -0.5602729 -0.72471434
catering 0.17370692 0.6920016 -8.842632 -2.5098202 -2.3785453 5.9688845 -0.52144307 -2.8676038 -4.345922 -7.250128 -2.8065827 1.768459 -4.6044345 -0.3650478 3.9497886 0.49098063 -2.2217348 1.3013995 5.691097 1.345684
malls 7.2893047 7.4372377 -6.1119165 -1.1576036 -6.8240843 0.7224331 -0.34057721 0.3260965 -8.439909 -1.4130799 -1.4566485 0.18252948 -6.701095 -0.922775 1.1700695 -5.7361307 -3.1148326 0.79053026 2.5115151 -3.8281074
bakery -2.6860828 5.258742 -4.651159 -3.445163 -1.3450178 1.9921167 0.8290587 -1.4887971 -7.453522 -6.2868114 3.3104813 1.9051921 -1.1496359 2.5060928 4.927907 -4.847331 -5.3577785 0.77052724 -0.48373762 -0.32182106
clubhouse 5.0174036 7.0172806 -6.0936913 2.5068116 -1.9631034 -0.27135473 1.3245127 2.303532 -8.666755 -3.8788157 3.561256 0.32104242 0.046191934 2.2355237 6.798213 2.479672 2.1717174 -0.2745762 2.956195 -4.76412
pubs 0.04764601 5.7673793 -9.886243 -0.18255523 -1.3225117 1.8924302 0.3898372 0.10890502 -3.1932838 -6.1908693 0.7978856 1.9206573 -3.3303487 3.7001398 4.8844786 -4.8624797 -2.4498637 5.141572 5.9778748 -8.845226
coop 1.9854923 2.7264564 -3.5483491 -2.0777912 -1.3794659 0.6566733 -1.4832842 -0.5653922 -7.536511 -4.547663 0.42941803 3.773023 -2.8869443 -1.2174867 4.3577175 1.281992 -3.7305872 1.1482161 1.2005711 -0.16389848
onsite 3.0535197 5.3453355 -2.4540684 -0.8354917 -5.7173467 0.66881025 3.9602664 -4.857148 -4.6912236 -4.257771 -1.977896 1.5435667 -2.4921937 1.823262 3.7667315 1.3145267 0.8757599 -2.0045412 3.2767549 4.6758714
chinatown 3.380764 3.9882724 -6.2523146 2.166485 -1.606024 3.7132874 1.6715319 2.5966828 -4.9631085 -4.4726853 3.1951246 0.4258544 -3.9094062 -2.4748895 -4.224334 -4.3619475 -2.8237815 0.69090694 -0.28395373 -1.4388144
dormitory 1.4698737 4.224745 -2.983039 6.0500994 0.16280225 4.1533265 3.9097471 -3.5702739 -5.8413124 -7.8263755 0.02370701 -0.51659715 0.016472934 2.48573 8.033552 -0.6751669 3.2241101 1.2385145 0.8035079 0.43044502
hostel -1.5331959 2.3181493 -6.610398 2.8143892 -0.2756114 7.3301573 3.6498399 -1.6264602 -6.0177374 -5.5542493 -0.2474851 -0.48720992 -4.0360713 2.93394 6.6677856 -2.1929018 4.3983045 1.3367391 1.8010583 1.2736675
arenas 9.311402 3.8434548 -3.9679468 -2.125028 -2.5683262 0.64688987 -1.1000849 2.0857499 -3.308977 0.4750803 1.1854204 -2.7319467 -2.169098 -2.509091 4.303151 -0.16985008 1.0619452 0.21723886 1.1431798 -1.9116555
upstairs -1.3348935 4.9660153 -0.9734241 -0.12695685 -0.5231719 -0.25487965 8.274841 2.1724102 -9.290602 -9.803017 1.3232325 -2.140165 -0.5990315 2.8835394 3.378658 -0.8539251 3.2001224 2.9402819 1.744954 -3.8664489
stalls 3.0673273 5.3214726 -5.5307226 -2.625922 -2.8035376 2.33617 4.2084017 -1.4697933 -6.1723094 -4.2028594 0.123265944 1.0484102 -1.7667639 5.153254 2.8643694 -3.6525705 1.0431843 5.872332 5.7728715 -4.1220317
bazaar -2.1929061 1.0105866 -7.31023 -1.0856277 -4.497357 3.962828 4.9596496 4.907329 -2.7850635 -2.8272545 -1.0589645 3.6052773 -2.6430516 2.950758 -2.3529642 -9.254831 -2.1274881 1.1596833 -1.3248652 -2.0105755
motel 0.05673945 5.7900877 -3.1311624 -2.2492414 -1.5117999 -2.9308486 5.912046 -0.21030788 -10.235663 -6.4838467 2.977657 -1.8819431 -1.9047315 -1.1052881 0.5038492 -1.4454333 0.5649302 -0.76264876 -2.22092 -2.4739563
supermarkets 1.8455282 5.4696383 -6.872045 -4.9586525 -2.9518757 -1.2818911 -1.5495496 -2.4427466 -4.719342 -1.146789 1.0427239 3.715293 -7.1453786 -0.13061172 3.6332042 -6.2467766 -7.2643185 2.3761103 3.7949271 -1.2434226
soho -0.22705454 5.192547 -3.800031 -0.6574974 -4.408122 1.3657136 0.2923818 4.8759875 -5.069966 -8.003466 0.9432848 1.4347339 2.3446264 0.54277176 0.24867827 -3.6917717 -1.834191 0.6417343 -0.77808046 -1.4871328
casinos 6.7566957 5.286514 -7.360735 -3.332782 -3.2982905 -4.1900086 0.27025452 0.32003325 -5.1259165 -0.58304787 2.2383707 1.4918413 -8.026351 -0.076708265 1.6406323 1.2430705 -3.1170971 0.94809765 -0.2433386 -2.0131297
cafeteria 2.0580568 5.378446 -2.4826958 2.2338407 -2.321031 1.5124527 4.7154307 -1.6627474 -9.29627 -8.296299 -2.8370988 0.47804224 -0.6924683 0.023002999 7.3838797 -0.7378156 1.8978077 3.5807135 2.6059258 1.6323138
boutique 0.36346003 5.017579 -3.7067492 -5.8004584 -4.544515 2.1663582 -0.3109867 3.7231407 -7.439998 -5.826498 1.6285037 5.163371 0.7043513 -0.09661265 4.1986947 -1.8967459 -3.0292099 1.0816065 -0.37231168 -0.019055812
loft 1.7085234 5.8997717 0.7046659 0.35469335 -1.9762967 0.47534442 3.1529288 1.172404 -7.7159023 -7.3631244 1.9980532 0.12964833 2.41099 2.1997461 2.5959542 -1.4651904 0.5896309 1.5108993 2.207251 -2.8722095
accommodations 1.4815048 4.440514 -5.4201365 0.8595969 -2.897592 1.8192044 4.4118624 -3.9705222 -3.7681556 -3.9339535 -0.4186706 2.1040087 -6.4321055 4.210058 3.5017445 1.3689333 3.1990294 0.36198583 4.702694 0.26474094
disneyland 5.5858417 3.07742 -6.6921153 -6.0454183 -5.713886 -0.0019074237 1.9708383 4.208094 -6.9170146 -5.8174872 3.3938255 2.329833 1.7447466 -0.99256057 -2.7811694 -0.797413 3.236466 -1.3855742 -1.9551201 1.1666584
diner -0.57359135 4.4628787 -2.7024298 -2.943004 -0.002649239 -1.8217052 5.915147 1.6998916 -10.323192 -7.42811 3.3898382 1.3005713 -2.0992439 -1.919956 1.3575642 -1.6290529 0.3498247 1.0739838 -0.18776324 -4.016121
lodging -1.232041 4.259576 -5.4754105 -0.15366182 -2.1748605 2.1225321 3.823082 -4.1291924 -5.1985183 -5.659198 0.48756418 1.2628559 -5.5764236 4.8990393 2.619053 1.2406445 1.0275638 1.5726054 0.24786037 0.5287282
marriott -1.3142203 3.8744133 -4.588853 -0.93971527 -3.6013615 -1.3757685 -0.7489827 4.4807997 -6.933078 -4.200417 1.1679864 0.32191327 0.46142408 0.6246419 3.9970152 -0.24111296 -0.88752556 -2.357904 -2.887887 -0.3345874
upscale 4.018098 3.4942555 -5.130407 -2.8337612 -3.0430655 4.092146 -1.1497302 0.16611724 -7.717289 -5.0477443 0.5546231 2.8503802 -2.8121066 -1.3572444 1.9565458 -1.3068936 -4.581764 0.9929204 1.8553195 -4.068359
rooftop 2.8829963 4.4545174 -2.6868956 -2.3734748 -3.8393087 0.5357509 4.695319 0.4662121 -9.26691 -2.8335211 -0.49210545 -1.115833 1.1666965 0.3688298 -0.26606023 -1.0372123 3.2667215 2.3299673 2.8083754 0.10738641
booths 1.5273076 3.2448208 -4.236094 0.21626876 -3.4580402 -1.8660477 3.9794166 0.44584313 -4.8110094 -5.527792 -3.02213 1.2849202 -3.4618773 2.5630193 1.3263775 -0.6521476 -0.5250361 2.661193 2.6798472 -2.6586857
backyard 2.1269565 5.367391 -4.1060762 -3.2718542 0.25510725 -0.109723486 4.2948294 -0.88574976 -5.213969 -5.269272 3.8587692 -1.3991038 -0.20347358 -2.4297538 1.2600375 0.8587742 0.31296244 2.0780547 1.2854812 -2.4964886
kitchens -0.15150936 4.817042 -5.016783 -1.1775938 -1.852939 3.7125533 4.7106333 -2.974571 -4.5665493 -5.308706 0.21488786 1.6761388 -1.2430725 3.6476567 5.441611 -1.6139297 -2.268591 3.0945456 4.0042205 0.9306512
nightclubs 5.08933 5.4620366 -6.694633 -3.3563511 -0.4441303 3.1673646 0.41839164 3.1348383 -3.2055101 -8.099804 3.142418 -2.526738 -3.7692742 -3.2408502 2.821181 -5.4720645 -3.11449 3.9318383 4.1803527 -2.1731098
carousel 3.0276282 5.488936 -4.1048017 -3.0801024 -4.2402053 -1.8396364 3.8069894 2.104424 -6.1019354 -5.1499405 3.030509 3.4673336 4.611538 0.61982787 1.3423704 -0.93296343 1.6525512 -1.1825515 1.2588632 -2.816019
cafes 4.1803584 3.3283854 -8.188054 -3.8569903 -3.1337256 4.964044 1.8851072 -0.2882443 -5.60386 -5.665494 -1.3429443 0.39334005 -3.8733854 -0.17984723 2.4060414 -5.2618575 -2.7261956 5.1966248 3.8189528 -1.9207423
bingo 2.2596993 1.7919588 -5.686515 -4.7277703 -1.0047904 -2.7030733 1.8432662 3.150242 -5.7693086 -5.1399817 -0.13609286 2.3695576 -3.6016507 -1.8631033 2.7539468 1.1884308 1.3074182 4.210893 -0.25379834 -3.7449706
parlor 0.8487149 5.578241 -4.0293126 -1.6153165 -0.48833877 0.1829882 5.148889 1.34621 -7.1771307 -6.0754213 2.0959327 0.86181873 1.7939396 0.8176676 4.7469406 -0.101898566 0.061603315 5.240725 0.7847694 -1.6074914
dormitories 3.4481008 5.2743697 -3.0747921 5.9232016 -1.2858784 3.4770684 4.2099648 -5.5971794 -4.369126 -7.4420066 -1.767389 -0.8922696 -1.8561553 2.0687582 9.087415 -1.531437 2.2422352 1.1732074 2.5396235 0.78375876
sidewalk 3.8817432 5.756504 -1.5793074 1.3792387 -2.154523 -1.6829613 5.387553 1.2839916 -8.363577 -4.184863 0.93627316 -0.89281255 0.030508708 0.09550441 -1.3086532 -0.45226324 1.6691394 3.1339831 2.8261456 -3.1917365
amphitheater 6.269358 7.540453 -3.1196382 1.6395965 -4.736326 1.3797001 1.0853758 0.5090961 -7.197849 -1.764287 0.060165286 -0.8218498 3.7100701 -1.9986438 2.0304892 -1.5475277 2.6707354 2.4475057 -2.0328324 -1.2325634
renting 0.6505093 4.060468 -3.1149237 -2.5557048 -3.4583116 1.2705669 -0.35368294 -3.066778 -5.647556 -8.152825 -0.035715003 -0.96093315 -4.322183 4.4462886 1.8478724 1.828775 -1.3644452 -0.04175509 1.1441013 -1.9679111
canteen -0.534179 2.6232634 -6.0315676 0.25631887 -1.4457481 1.8854141 5.2103095 -0.5313447 -6.1796494 -6.4765863 -1.0619016 0.039285917 -0.8681553 2.3940034 5.5154576 -1.16041 1.6868904 1.7008706 3.274443 2.21013
marquee 4.3465447 4.5440035 -3.3525703 -1.7874575 -2.823957 -3.274442 -0.5665 6.1636863 -4.021442 -3.7689328 0.6471498 0.33247575 2.0564034 0.13065962 2.9659 -0.19218175 1.6103805 3.8274093 2.8538694 -2.8048182
rentals 0.27346098 6.112247 -6.8285246 -6.1780896 -6.341928 -2.3619988 -0.51733047 -1.78373 -2.8725512 -4.243636 -0.031437963 3.9291375 -4.6622725 -0.61381716 1.9653795 -1.3628465 2.6331384 -1.8527465 2.7664032 0.35808834
bathrooms 1.8525369 7.667544 -2.7037795 0.42600834 -4.2335944 1.5823262 5.7869625 -3.660919 -6.336633 -3.462304 -2.946733 0.7279554 -2.2457304 3.3323495 6.346546 -1.2266196 1.5866234 4.4684224 5.3643017 -1.3902305
penthouse 1.0848796 5.0382137 -1.702674 -3.3997507 -3.7556667 -2.5940788 3.459822 1.8325578 -5.2775755 -6.852182 0.19312456 0.38824233 0.46463776 0.6125827 2.1940627 -1.0503275 -0.41563502 0.46570128 -1.9252669 -2.6939785
clientele 1.1835088 5.143946 -3.1907935 -1.7032839 -0.4683002 4.5613317 1.9436138 2.3828564 -0.18934256 -4.2517323 3.695271 3.5392282 -6.378604 0.49111497 4.2094946 0.20228694 -4.0566583 1.2841575 4.0034604 -3.2351387
playgrounds 4.250301 6.3491845 -7.2172956 -0.0049092434 -3.9604058 5.9406176 2.8469992 -4.03343 -6.246409 -3.935566 -2.7849967 0.30775243 -1.7819221 -3.1223972 6.3886905 3.2813709 2.6958094 2.0400157 2.6949642 -3.9505162
shoppers 3.1942503 5.0368195 -4.5570955 -4.1988597 -2.4554267 -0.5646579 2.1721735 -0.2304409 -5.676246 -4.6873245 2.2873719 1.6245644 -9.883442 -0.5514188 -0.93519056 -1.1322075 -0.62816715 1.0711688 2.8208115 -0.8572551
condominiums 6.5456643 7.1036687 -1.9466407 0.33086377 -6.18143 1.929949 -1.6187717 -2.093523 -8.116398 -4.052793 0.6021966 1.0391732 -3.2357454 3.5446522 3.1956406 -1.7663789 -3.209559 -1.2880746 0.6976879 -4.687708
ritz -0.84557277 1.9440566 -2.2559133 -3.4801068 -2.2129717 0.5214253 -1.2094718 3.7669497 -5.0961604 -5.7751384 2.0642698 1.3204722 1.826808 1.1447729 2.1250155 -2.683135 -0.7646939 -0.5315517 -1.9630766 -0.95827824
hostels 1.753824 2.1184623 -7.398068 2.2594976 -1.4414836 6.5008845 3.1229916 -4.422387 -3.678946 -4.804162 -3.06513 0.10137665 -5.8173504 1.4849217 8.196355 -3.705658 3.2036996 2.2017212 3.4228344 0.8153454
nightlife 4.2139397 4.3409095 -4.8236055 -2.021484 -2.8030066 6.9942327 -1.9428 3.9910903 -3.8060682 -5.4266167 0.7577133 0.19967654 -3.4282155 -5.400516 -1.6520491 -3.8527896 -1.5385183 3.2633402 1.8244877 -2.1017928
mayfair -1.1232693 3.7796152 -6.1072097 -1.2394658 -4.3394084 0.67873085 -0.82512766 3.4712384 -3.663992 -6.313125 0.6305996 2.5130005 2.2015839 1.6941346 2.218862 -1.3547039 -0.25661197 -0.8393295 -2.7209232 -3.848024
showroom 1.6932982 5.025354 -4.19062 -3.241888 -5.771023 -0.27266285 -0.5844296 2.5805175 -7.8898478 -4.250835 0.25291723 2.9285753 2.562252 3.4278321 4.5377145 -2.0262327 -1.3614055 -0.7918854 1.5490615 -1.2880377
lawns 2.2532132 9.065265 -4.399931 1.6486925 -2.033574 5.664335 2.4343598 -4.195669 -5.672293 -0.4565639 2.2053924 1.9785824 -0.5851834 -1.2028466 1.7774031 1.6360706 1.5131936 4.0807424 4.0864143 -6.613396
rundown 1.3456266 4.2539277 -1.1689646 -0.3159964 -2.3092475 1.5137542 2.1008892 0.058778126 -5.6100736 -5.6597724 1.593389 -1.8382725 -2.665764 1.6484576 -1.6403977 -0.32798377 -0.48299566 -0.79776984 2.1689694 -3.5687315
restrooms 4.2284164 6.9285736 -5.9048915 0.45714778 -5.785439 0.1748851 4.8836846 -3.5325437 -10.130834 -2.4296465 -4.8243036 0.8699659 -3.7302747 0.96322966 3.7179601 1.1773534 2.6240957 5.424639 4.1190295 -0.02120554
garages 3.0841362 4.6901903 -3.95104 -0.009704949 -4.0492606 -0.53161716 2.5563507 -2.473869 -7.587108 -3.3463275 -0.86472267 -0.8090672 -2.1970816 4.8593965 4.9865627 -1.7216213 -1.8833253 -1.840098 6.587115 -4.197838
kiosk 2.4602892 3.0769837 -4.3832173 -1.5047749 -4.885988 0.07166224 4.8861356 0.09021864 -8.3194065 -2.9116733 -1.7231497 3.8231547 -1.1278701 4.0355935 1.6143228 -2.6335988 -0.2019945 2.2377987 0.24476045 -0.041830547
bandstand 2.242385 6.64527 -5.5952578 1.6012995 -2.5680413 -1.2665826 3.6565213 6.2959776 -2.7135873 -4.5437994 2.4108884 0.72058874 3.6763384 -2.9035285 2.0430317 -3.0726266 -0.14386587 0.27628085 2.9827976 -3.4114978
manhattans 2.1452303 3.9087975 -3.012977 4.2953176 -0.46034634 2.581657 -2.0069394 1.1883049 -5.4541054 -5.4790697 1.838402 -0.18241099 0.5887865 -1.3905247 -0.49863243 -3.777507 -1.8075649 1.6859097 0.9804172 -2.735018
patio 6.768446 5.4842954 -1.380006 -1.2537007 -3.3361356 2.8882346 3.9453373 -0.4659715 -9.305619 -0.5413341 0.5767351 -1.0291607 1.1711751 0.82383114 2.7653096 -2.8414338 1.3250949 3.5400655 -0.8685101 -3.7262352
saloons 2.8633769 2.9404862 -6.0451603 -2.138019 -0.99273086 -1.7672462 1.5118325 -0.68999696 -3.5534875 -3.929157 1.630881 -0.35265055 -2.9946654 4.7243276 4.006731 -1.7597625 -4.7528167 0.8810894 4.71855 -6.108932
parlour -1.5207427 3.9435256 -3.4071052 -1.4546338 -0.64266545 2.0972674 2.9157743 1.9442822 -4.8144293 -5.5022235 0.8559067 1.187686 1.785305 2.4214334 3.9350429 -0.90213287 1.3894057 5.0112004 1.1885697 -3.5933273
buffet 0.4308995 0.21002312 -4.0845804 -4.1323056 -0.76452744 0.6459647 2.2125523 1.3964306 -5.94101 -4.4793186 0.36698267 3.11773 0.5425284 3.2714338 4.796171 -2.986367 0.5174212 3.0094795 2.8698647 -1.5939257
kiosks 4.91966 3.4388862 -5.8775516 -3.2728221 -5.8116035 -0.94841814 4.53925 -1.5671465 -6.512566 -3.0922854 -3.0351663 4.424313 -3.8518095 1.7200054 1.8651109 -3.522612 -1.0200843 2.749649 2.2848825 1.1290238
storefront 4.5837183 6.24274 -1.393676 1.7288128 -4.4847555 -1.5053444 2.3420036 1.7322315 -7.02252 -5.748276 -0.12826176 1.9453129 0.6146838 1.3134637 2.09144 -1.9531322 -2.569673 0.9365546 0.6211573 -1.6639584
airconditioned 2.0161006 0.7169094 -4.9807296 -1.3471626 -4.7381263 0.81559664 1.7048911 -2.068962 -7.6889567 -2.6664474 -4.5405135 1.3494446 1.6654941 3.9867685 3.8985734 -2.3570745 2.0135531 1.5583143 6.3927054 0.9067901
lounges 3.9381266 2.1815107 -7.4440374 -2.7331898 -3.9152179 0.46054083 2.2591634 -0.51164675 -7.2434688 -4.746651 -4.229149 0.58646894 -1.1116353 0.8169097 7.2218356 -2.8881776 1.1254709 3.156381 4.570103 1.1741554
boutiques 2.9050639 5.140514 -6.0350385 -5.7842546 -4.685876 3.748632 0.1503203 1.5240468 -4.98043 -4.074025 0.054231033 3.1923203 -1.2264545 0.089353025 5.7090564 -4.5451083 -4.29741 2.4622486 0.7721709 -2.0307615
taverns 2.1791995 3.5464966 -6.261691 -0.24912521 -0.36286062 2.2965891 2.4954371 -0.7595942 -2.3501313 -6.4723554 1.927472 -0.2321596 -3.2892656 4.3849783 2.3826911 -2.3324826 -3.7021608 3.6963704 1.6586286 -4.8349004
bakeries 0.31109756 4.3387213 -6.2668324 -4.427309 -1.4301009 1.0160192 0.15618622 -2.3877215 -3.0641155 -2.3505728 2.5433013 3.029651 -3.5115228 2.2500331 4.311848 -6.3806043 -7.662793 2.753651 2.5452566 -0.6637775
caretakers -0.19702692 2.8134835 -2.8437138 0.95710975 -0.16158837 3.358268 5.537226 -3.481236 -3.2330434 -3.932883 1.057414 -1.371407 -3.2888846 2.9536042 2.3271728 2.5449774 0.006638269 0.6763037 -0.5170716 -1.7955967
diners 2.1065545 2.9821446 -4.4479814 -4.625675 -0.8507558 -0.39488247 2.9680235 -0.06513357 -5.03942 -4.6011357 1.2976457 3.1680992 -3.690244 0.9025809 2.7605608 -0.99138886 -0.29284084 4.1986985 2.2992623 -2.293402
firehouse 2.2043447 3.8195677 -4.037708 2.5120785 -1.7709942 -2.9727333 4.960584 1.0734129 -6.9835267 -6.0067024 1.266469 -0.9583969 1.716912 0.4492726 1.7886888 -0.3220756 -2.4706135 -1.8669338 0.8413411 -1.6969575
sheraton 2.5038457 2.825877 -7.1204624 -2.3423183 -4.7800484 -1.3067077 -0.6411523 3.590948 -7.3327856 -1.0353373 -0.009344312 -0.7800986 1.2710454 0.8261075 3.575075 -2.9798706 0.020166237 -0.2234594 -4.439694 0.46763742
daycare 0.75473565 4.010345 -1.7560683 0.54390514 -1.4987111 4.043715 3.5189166 -3.8648946 -5.8625193 -7.7085147 -1.2211598 -0.95018524 -5.8229666 -2.5647783 4.923424 -0.5300435 1.7492805 -0.2934028 -0.52648205 2.6248207
upmarket 1.0542548 0.34557477 -4.6280875 -3.571003 -2.6159205 2.9394069 -1.7564441 1.4888976 -5.4348884 -2.930746 1.1020163 4.786678 -2.325282 2.7300334 1.0874037 -0.98722535 -2.5278132 -0.6642849 4.427576 -4.5059614
refreshment -0.6902159 3.3226671 -5.0438514 -0.4761438 -2.5636609 1.8381385 3.1625361 -1.6260589 -5.7722883 -5.14628 -0.09785208 2.4670734 -1.8793207 5.212458 0.9606244 -1.9823042 2.4773064 3.8431306 3.8596272 -0.5915194
gyms 4.12658 4.0570784 -6.304542 -2.615886 -1.5753238 3.101597 2.6290214 -1.1014556 -3.785866 -1.9880835 -0.97186565 -1.3275157 -1.2265729 -2.4805126 8.124374 -0.52040535 2.275025 2.3882504 5.1158714 1.0570452
pinewood -1.042074 4.3130383 -5.4384074 -2.4878092 -5.627407 0.91664195 -0.36328232 1.9640429 -3.998378 -4.1457353 1.4531738 0.38537407 3.5946317 1.3989896 -0.26756954 -4.2682085 0.6558946 -3.8178005 2.0399954 -1.3064843
bistro -1.4441022 1.9504261 -3.650026 -4.7531486 -2.0149791 1.6188042 0.31941658 3.0974488 -8.151363 -4.3293624 0.8303545 3.2092354 0.39569348 -0.39545923 3.3981771 -3.6238418 0.49833292 2.0243711 -1.4500252 -0.4740523
storefronts 6.915723 7.123586 -2.2468476 1.790327 -4.9580045 -1.2090131 2.8046215 0.87866944 -5.0047927 -2.672024 -0.49970022 0.05892027 -1.7710427 3.018269 2.1018438 -2.6359935 -3.6579914 1.7411648 4.26142 -5.902508
motels 3.588996 4.565855 -5.3159657 -2.5095897 -2.5039804 -0.5478767 1.7793669 -1.6968307 -5.504702 -5.451364 1.0930713 -0.4178411 -2.9854462 -0.7274245 0.8337413 -2.934303 -3.5575101 0.12755658 1.791598 -3.6829731
emporium -0.60839564 4.2276344 -4.108586 -2.0194058 -3.3340917 1.279653 0.91765755 1.7300506 -4.376379 -2.5845613 3.018812 3.0526228 0.9191978 2.2504423 -1.014437 -2.668349 -3.1013343 0.059236776 -2.0133302 -1.586426
condo 2.1492822 5.39693 -0.9489933 -1.9635512 -4.1027765 -1.2062194 0.49627492 -0.73773724 -6.469315 -4.4042716 0.33795354 -1.1800554 -3.0935802 0.40228474 1.2080693 0.57426876 -1.8250045 -1.5369455 -2.0794811 -3.3644354
hallways 4.6066704 4.6247106 -1.5265439 3.1089354 -1.8261738 1.6664262 7.220716 -0.61244565 -5.7488046 -5.15277 -1.3934613 -1.6221782 0.28989667 1.0041747 2.2728608 0.14905837 2.6847944 3.2235758 4.6263056 -2.5692492
coffeehouse 1.3250437 3.3288324 -2.6193798 0.6470563 -1.2190404 2.2807348 0.9668972 2.966454 -2.9739087 -5.9955134 1.0964468 1.4092208 0.017519549 -0.45644835 1.1349078 -2.9291487 -2.2467 2.9469461 -1.0222692 -0.14067246
multifamily 4.8526363 3.7554643 -0.276005 0.046187185 -4.2799788 2.8724263 -1.7621789 -6.6148114 -5.2853165 -3.028977 -2.694144 -0.00019924785 -4.609621 1.5875257 4.827687 0.19912928 -5.9692764 -1.6623474 0.70857024 -4.817922
refreshments -0.35597247 3.5451167 -5.848943 -1.9667602 -0.98305565 0.015907593 4.1467037 -0.5963446 -4.556653 -5.950224 1.0764376 3.0400498 -3.3392265 2.7962735 2.9817731 -2.2848864 2.3705752 4.2578983 3.4605904 0.96082217
lofts 2.6728356 6.7000046 -0.89089906 0.84388024 -3.9094503 0.9414151 -0.1292479 -1.0162318 -5.917063 -4.9173946 0.8428652 1.7301785 2.1111863 1.5699016 3.5474467 -1.3445919 -2.8961632 -0.121796414 1.4841212 -3.6759999
showrooms 2.4483888 3.7588658 -6.040861 -3.6394572 -5.506818 0.7065651 -1.0029533 0.29802233 -3.9750998 -2.7338555 0.07543639 2.805123 -0.15432554 3.8464856 4.4632816 -3.9772742 -2.7365046 -1.696039 3.4472585 -1.099269
fairground 2.7204792 3.2149734 -4.3974237 -2.7062557 -2.5578198 3.3098202 1.2769945 1.153534 -4.556996 -4.415376 2.1290727 1.0019852 1.4357778 1.5990928 0.593291 -1.4980396 0.68725544 1.1535544 1.7713916 -2.5247104
drugstore -1.17829 4.4809704 -1.5653185 -1.9855633 -0.5679318 -1.5174462 1.0753083 -1.0232276 -5.7469726 -5.844946 2.9112175 0.99629796 -1.0944257 -0.6233107 3.2607942 -2.261567 -4.5404377 -0.7528716 -1.3411204 0.8426553
carpark 2.3361676 3.920042 -4.1228747 0.856349 -3.8332434 -0.097576424 2.0674791 0.6786488 -8.617604 -0.95021886 -0.13068771 0.5313327 -0.18399854 2.4784284 0.21523754 -2.916497 1.769244 0.5428977 2.7222946 -2.7367876
eateries 2.542352 4.1752734 -7.3676753 -3.0476258 -2.8341815 4.005819 2.5844414 -0.18085614 -4.8411226 -2.6384654 -0.7728185 3.0519338 -4.23198 -1.3558618 3.7236462 -5.7640867 -3.0972674 3.6258757 2.4835234 -3.4019027
gazebo 3.2346652 5.272995 -3.305594 0.14825536 -3.335506 2.4106963 4.5503225 0.41318858 -6.821921 -2.1324434 0.79755443 0.50360537 3.1582544 1.1532472 1.916931 -1.0115147 1.3113344 2.1373928 -0.7376072 -4.6371636
guesthouse -0.19988501 1.3743408 -4.3654356 0.28241843 -1.2402147 4.446428 2.5598664 -0.97275084 -5.3586617 -3.1416004 0.7557774 -0.48700708 -1.4625782 4.4010434 2.693155 -3.5968797 0.76951635 1.2692956 -2.5387297 0.11548219
parlors 2.6870763 4.9948525 -5.146124 -3.0376525 -1.5124974 1.5353988 4.2392707 -0.5351238 -4.7611146 -3.0178332 -0.5173147 -0.13245381 -2.3022792 0.19127025 4.4008904 -1.2303584 -1.535319 6.5347066 2.1899364 -0.3105096
hangout 2.1364667 1.7490611 -5.339032 -2.2188518 0.22170903 2.3451576 2.93492 2.8218744 -5.19475 -6.379498 0.56237626 -1.2806964 -2.1371632 -4.560091 1.1680723 -1.57444 -1.5530552 2.96888 -0.1288335 -2.3222432
auditoriums 5.462039 3.9055336 -3.087072 0.9747032 -4.68509 3.4408252 1.0941813 0.7430879 -3.4261224 -3.895425 -3.7278583 -0.20832269 0.4800305 1.3302759 5.8422537 -3.0655994 1.4609678 2.5785139 3.1473386 -1.0805322
beachfront 3.262572 4.676263 -5.068332 -0.9243846 -3.5688698 2.3645349 1.2914146 -1.6786116 -6.76079 -0.33569083 1.7820909 -1.5807704 -2.6512568 -0.23952295 -1.2717332 -1.4645176 0.27743608 -1.5532806 -0.78005755 -3.6832285
shacks 2.4548497 5.08637 -4.686514 -0.78567785 -1.37348 1.4204341 4.706907 -3.7527192 -4.3733997 -3.6811998 3.787555 -1.68826 -1.8841506 3.329082 -0.9362029 -3.633299 -3.389789 -0.11248123 2.5815446 -4.0359488
amusements 1.243949 4.1085234 -5.1780186 -1.7613499 -3.3840575 1.9493966 1.7980213 2.668558 -1.63344 -2.5309365 0.8218783 2.0591838 -1.9854574 0.43598405 0.9856851 1.757729 -0.27544314 0.7903275 0.73262006 -1.8355786
pizzeria 1.0179324 4.819549 -2.0552027 -4.6316457 -1.1603498 0.059472453 1.4357184 2.0841494 -8.349019 -3.3839576 3.4061222 -0.27713406 -1.9327209 -0.8298234 3.6455677 -3.2975357 -2.2965221 1.3603908 -2.2546816 -0.9562196
superstore 0.3727306 4.7765694 -5.277286 -2.8415463 -4.0434694 -3.8638344 -1.5817719 2.9970987 -7.450981 -1.880897 0.30709764 2.838851 -2.1318831 -0.65837824 1.9114772 -3.1733735 -3.0586739 -0.013432978 2.3030152 -2.4880197
condos 4.21338 5.39109 -1.2025561 -1.3234453 -4.6558123 0.66952467 -0.4650685 -1.068182 -6.157085 -3.975585 0.37645152 0.1471248 -2.9280922 1.7425523 1.8919687 -1.3214831 -2.1991081 -1.1575986 0.26818123 -4.0418105
hairdressers -3.3360386 2.0191898 -5.044488 -3.1171408 -0.9641783 3.6433568 2.8639069 -1.5518563 -3.1329415 -5.977344 -1.7467428 0.7843278 -1.6273544 1.3619382 6.9730415 -0.70334977 -3.0566044 2.4911292 2.0455885 -0.9377467
speakeasy 2.0018027 2.7857182 -2.8974054 -1.9143531 -0.9797695 -0.8225641 1.4130813 2.8262908 -4.3035245 -5.8707614 1.6356215 -0.12403478 -0.4712112 -0.9784994 0.85075355 -1.177982 -3.900227 1.6332858 -0.726283 -0.6646262
bazaars 2.5043514 1.8047332 -7.036821 -1.1694617 -2.9331183 5.8245525 2.7119586 0.16885242 -1.0884696 -1.5443805 -0.31156078 0.89484113 -4.4416113 2.992293 0.034055725 -5.8367805 -0.5819562 2.502336 1.4180505 -2.0776157
skatepark 4.3039064 5.4889913 -5.416929 -0.22605255 -3.8324559 0.8980368 0.18439974 0.9932702 -6.8594756 -0.8658821 0.44819257 0.8294825 1.9864653 -1.9503601 3.510357 0.45610487 1.8005984 0.5297348 0.8247944 -0.72833437
hairdressing -2.7853627 3.1968129 -3.0326288 -4.01794 -2.0687354 5.7639627 1.1834052 0.384818 -3.5898278 -5.7684507 0.3391336 2.1292372 -0.06058873 1.1555972 5.2902775 0.53116775 0.7434856 1.5024512 2.097862 1.264514
cafeterias 1.8322875 3.886406 -4.200627 -0.45849055 -2.6384666 1.9471588 1.6032188 -3.4907951 -4.7276144 -4.9715695 -2.629158 1.925982 -2.1405654 0.16397604 6.0010757 -1.7712456 -1.0281227 2.9564822 1.8329957 1.1249784
breakfasts -1.9757841 4.163797 -4.9255867 -2.0517676 -1.9250154 2.4857635 2.8978202 -2.124231 -3.5404675 -4.834897 -1.9578596 0.94383997 -3.6598978 -0.6469559 2.9330034 -4.0386186 1.4007702 4.3947163 1.7045485 -0.49788877
eatery -0.123655334 3.3120878 -4.4604683 -2.091127 -0.8101454 0.7129894 1.8575656 1.4138677 -6.1597433 -3.5827563 1.879312 2.3342376 -2.3940835 -0.74247783 2.437258 -2.9941618 -1.0971363 1.9343553 -0.40881744 -1.2941545
newsagents -2.9279099 2.4308848 -5.458085 -1.9998395 -2.1887221 -1.7591801 0.50847554 -0.31850567 -2.7051852 -4.6553764 -0.87959415 2.263895 -3.0832195 2.8158097 3.2796404 -2.798928 -3.8603826 0.7015787 1.458245 -2.6795175
rooming -0.5315527 3.4775975 -1.4871372 1.5692395 0.5393229 0.36590347 2.0501664 -1.0292716 -3.5282197 -6.6483097 1.7874923 -2.0579853 -2.2316244 1.5910128 3.140066 -0.5907659 -2.2143698 1.0025696 -0.52438146 -1.8573699
ballrooms 4.964732 3.3430934 -4.1560426 -1.0870279 -2.6623816 1.9431335 0.7715404 2.0116022 -2.6828704 -3.880375 -0.717819 -1.3193694 1.0933646 0.534748 3.5450103 -2.6494339 -0.009125452 3.4573374 1.4253774 -2.5637445
canteens 0.45904094 1.572714 -5.678819 -0.69624597 -0.9897065 1.8398387 3.4086506 -3.0233762 -2.4551075 -2.768681 -0.76970094 -0.31034523 -1.6143812 2.2739592 4.394291 -0.5867981 -0.87965584 1.3232896 3.5150473 2.4840727
bathhouses 3.0279436 5.0945244 -3.8469224 0.22859944 -2.8770154 3.5549324 3.593778 -1.5501363 -2.4755216 -2.243505 0.14694941 -0.70177627 -2.35126 1.9835129 0.8744588 -1.5193743 -0.8436159 2.6449304 1.1404192 -1.3953084
barbecues 1.4237776 3.5930622 -6.2908154 -3.2212727 -2.0978708 1.9966896 2.7602625 -1.2226248 -4.1303225 -2.2235756 -1.0076673 0.50174665 -1.6167496 -1.3406917 2.530933 -0.85435694 0.5896219 3.7489781 2.9322915 -1.1508486
beachside 0.20409946 2.5781045 -6.492136 -1.0587736 -1.3587989 3.140869 -0.35936412 -0.4956397 -5.849571 -2.7418487 1.6220471 -1.0101244 -1.473153 -1.4503878 -0.36260465 -1.7916627 0.6402375 0.06115916 0.22675611 -2.7969644
tenderloin 1.15552 2.8283281 -2.4039214 0.8608691 -0.0044513755 1.2498457 1.6573408 -0.6026589 -4.6686006 -2.5384333 0.39289567 -0.09701848 -3.0251439 -2.6732347 1.1577303 -2.3978765 -1.6972119 1.724394 -1.0637407 -1.8832124
chalets 3.1158466 2.1947908 -4.9554763 -2.4359808 -1.8396202 4.3418555 1.2895654 -2.9276233 -4.1801 -1.0034307 1.491014 -0.048241545 -0.98139536 2.154631 3.478952 -3.0898197 0.44373453 -0.3368813 1.2192035 -3.2523034
funfair 1.171815 3.056063 -5.4326386 -2.2361472 -2.4870794 2.15245 1.891428 1.5565416 -3.2609727 -2.7221005 1.9119544 0.42047077 -0.43461114 1.7451208 0.9091706 -2.743008 3.3449326 0.9574161 0.6035958 -1.5674437
washrooms 1.2655574 3.3892477 -3.5616553 0.10142927 -3.1268857 1.1520163 3.9266355 -1.9736718 -5.958703 -1.6032073 -2.6916323 0.7213447 -1.6310834 1.7219744 2.760042 -0.37946025 1.4301703 3.1733487 3.3075154 0.7447124
ramada 0.14750874 1.5286944 -5.386258 -1.6881872 -2.3687623 -0.5094104 -0.80311567 1.4080545 -6.4840846 -1.206657 -0.043829016 0.14051805 -0.79121697 0.29061055 1.5071652 -2.3534124 -0.7101257 0.33951515 -2.4400988 -0.60597974
parlours -0.24613398 3.085265 -4.327318 -3.0346615 -0.6986105 2.68649 3.9550235 -1.0153611 -2.979766 -2.4103873 -0.30360594 0.5503141 -2.432854 0.4184709 3.4308155 -1.8738675 -1.6241663 4.83016 2.34171 0.47272947
ensuite 1.0100234 2.3384755 -0.7984874 -0.44777626 -2.97218 2.340299 1.9021081 -2.294159 -3.846695 -3.5750415 -2.7159827 1.1818607 0.748714 2.545693 5.419394 -1.9974346 2.358482 1.4524142 1.8110043 -1.4588883
tearoom -0.6173878 2.4790645 -3.294845 -0.5065833 -1.6766459 2.1121438 2.0999548 0.90174484 -3.4434652 -3.7673824 0.8803501 1.9944028 0.5882794 2.5002484 2.2841184 -2.1870031 -0.31401524 1.4984692 0.49915463 -1.409307
guesthouses 1.4469782 0.94659775 -5.128286 -1.7058836 -2.1427217 3.7453086 1.2959582 -2.6253028 -3.1044753 -0.688541 -0.69343984 0.033722628 -3.506961 2.3901608 2.534993 -3.5999405 -0.5964567 0.56363875 0.6388824 -2.012245