Centroid_40 -1.0765844133905547 0.2569682614777779 2.454741712622805 -1.82041153141228 -0.15621116575116953 1.038779400052632 2.3940907669403497 2.8625268884444424 1.221212276906431 -1.921579865883041 0.723687353814035 1.2497687504065504 -0.5008878214716369 -1.7861176025576033 -4.248061184210529 2.5559166899020473 0.9812123261842112 1.8891312893464902 3.60289723769006 -3.919881954748537
little 0.44553596 2.169641 -0.38650927 -0.31363234 2.1194932 -0.087165974 2.3741395 -1.2732723 0.49263963 -5.307514 6.036452 3.0596724 -1.2659215 -0.8250525 -5.9688134 3.046571 2.0131361 1.0833836 4.0745487 -4.9575195
critical -0.9366553 1.1067213 4.6668186 0.07903617 -4.829678 -1.481243 -1.3393465 4.1734514 5.921136 -2.7180414 -3.8138416 2.4420984 -2.3623776 -4.9798174 -8.236165 3.7394955 0.93576086 0.09387105 3.2906573 0.7553422
quite -0.011395488 0.2452125 3.0736616 -1.8266747 1.5668865 3.237519 2.205759 -1.6501342 4.1512346 -2.73838 2.4616797 2.5331144 -2.101019 0.875997 -5.749159 2.6364634 1.3055571 3.667612 8.553739 -7.280663
showing 2.2969244 1.2322947 0.098926544 -1.9009906 -2.598919 -0.64922863 3.7485101 0.028472425 3.3107162 -2.731175 -2.9641778 -1.1250637 0.783846 -0.7785488 -3.9819005 4.1126747 2.6096172 3.590281 3.4780183 -2.7266097
somewhat 0.31478184 0.3000067 4.7925897 1.9521555 2.2367773 1.4412278 2.8215642 -0.4074899 4.11043 1.0320544 2.6419086 2.748637 -0.9188346 0.59645575 -4.7022963 1.5404243 -0.5071451 2.1394649 7.6135244 -7.4021883
perfect 1.4945618 0.41577658 4.8802423 -3.1376112 0.6278356 -0.9575735 1.1729479 2.423752 0.790593 -3.1024091 1.3773593 3.869674 0.8109187 -2.9355533 -3.0250802 5.4105377 7.6219363 4.3802686 4.0124483 -4.533414
looks -2.0832713 0.25175458 2.1377304 -4.11095 0.9185622 3.1647604 6.6579723 0.6339872 -3.0462434 -3.277461 0.35188234 2.0482988 -0.07377521 -2.5272267 -4.5490475 4.3195906 3.1893666 5.2128673 4.329482 -5.7199636
noting -0.44511068 0.46102744 3.3164265 -0.74868923 -1.665133 -1.7294418 1.6071732 2.1620333 4.4944444 -2.7705357 -1.7445976 1.7118185 -2.863289 -1.6536915 -6.604759 5.871571 0.6069178 2.4256516 2.811454 -4.350453
occasional 1.642868 0.81123877 -2.4526463 -0.628717 -0.5608753 0.7681877 2.4303503 -0.9065089 2.3575184 -5.976043 -0.6575369 -0.54777914 -0.61843646 -2.929578 -2.3203402 1.1522429 0.2598996 -0.10541215 6.3343873 -4.0959454
obvious 0.86741066 -2.1373222 4.323627 -0.85463315 0.60547644 0.92197657 2.174113 -0.5098835 2.2490175 -1.7261314 -0.5321847 0.4931212 -1.8806813 0.7438574 -6.178562 6.582272 0.5185989 2.7081375 5.524585 -4.630383
tough -1.1928673 0.4803749 0.23310758 -2.2639582 3.869003 -0.76781315 0.5513321 2.6630197 0.095252015 -0.98091614 3.735783 -1.40744 -2.8846097 -4.098778 -2.1288142 7.1958566 2.3843038 2.432404 6.935549 -4.4601445
highlight 3.4677298 0.64312255 -1.413945 -1.6983428 -2.6678927 1.4496727 -0.7778482 3.6553025 2.8775878 -2.722336 -2.1760302 0.8728626 -0.5987645 -3.5793052 -2.5461836 4.942321 3.4763553 2.6989806 3.1506155 -2.671198
amazing 0.5709432 0.57545495 -0.35327026 -5.38963 -1.0787439 -1.4139395 2.5589058 5.1759768 1.8684248 -5.6089807 2.4098465 2.6094654 2.2754207 -4.9505444 -4.2104373 5.0873437 5.582213 0.6381216 2.1311383 -3.6301734
wonderful -1.8726673 2.3446097 -0.055375107 -4.7984686 -1.0105057 2.4318762 2.272629 4.5193267 1.67255 -6.766734 3.2318125 3.6166017 1.8646034 -2.9402075 -5.4843607 3.3820324 5.1372657 3.4676995 2.0095654 -4.297188
spectacular 3.335562 3.1935537 -1.9733276 -3.4752827 -2.8869963 2.1899018 1.4093292 3.5826864 -0.07846196 0.534515 2.4051569 -0.73514307 2.8172705 -2.05484 -3.2688916 1.7539599 5.578172 -0.16107921 4.6402097 -4.937196
exciting 2.584891 1.5887731 0.35495615 -3.0430923 -0.81908274 1.5413201 -0.14327814 5.660782 1.6696203 -4.9707317 2.7861965 2.427453 -0.7411253 -4.098035 -4.8795996 5.9859385 4.609538 1.5136138 7.40573 -5.1752844
twist -0.2863843 0.051537152 4.7378416 -4.387866 0.8736973 -2.3179796 4.7319007 3.9008222 -1.3689318 -1.1958022 1.6403008 1.7517667 1.1324854 -1.5687342 -2.9647753 0.98320574 3.610355 2.6985712 4.9464903 -6.758351
commenting -2.4472594 -0.5882571 2.4363267 -2.0632064 -1.6560215 -2.1609144 0.8994332 5.5276284 3.6313539 -4.4313254 -2.957648 0.37410918 -1.3420076 -2.890288 -5.9992485 5.150927 0.8859103 3.325548 3.0088797 -3.403368
praising -3.039747 -0.8571757 3.3777535 -1.9416349 -3.224892 0.23575 0.689331 8.084566 5.098262 -2.9359686 -5.55248 0.93363625 2.1280153 -4.1436615 -5.815868 5.2863894 1.6301062 4.7461104 4.7355623 -5.107292
plenty 0.34669748 3.0203938 -2.944567 -2.7922761 -0.23250848 1.4064012 0.7071605 -0.6343068 -1.9162204 -3.2757258 3.0137403 2.6275399 -1.8186358 -2.1687357 -5.244488 3.5335977 2.8854082 3.0809083 5.7143927 -4.07771
obviously -0.1102137 -0.7950939 4.214329 -1.2270446 1.4675037 0.6317964 3.209481 0.85085624 1.4827913 -2.533018 2.024157 1.9159346 -3.2579641 1.5948997 -4.518 4.464561 1.5161767 2.6997285 3.670748 -4.1478553
surprisingly -0.49819762 0.98127085 3.1125011 -1.758766 1.4889183 -0.16816461 -0.018950788 2.643723 1.8591069 0.07491078 2.8350894 0.4182433 -2.0958712 -1.1393663 -2.375092 2.4194107 2.4836485 1.538096 5.23381 -4.532221
entertaining -0.75542074 0.7061544 -1.4976805 -3.0740101 -1.739536 3.4732435 3.7501817 5.028964 1.7957474 -6.3719563 -0.78196985 2.485457 -2.2675416 -2.6239545 -4.1824546 5.207801 2.2136643 2.2689922 6.442228 -6.5209436
incredible 0.43824562 0.75019705 1.2415912 -5.954613 -0.6303959 -0.51515836 1.9031632 3.5396826 1.9589401 -2.6431918 2.8388956 0.87981665 1.476694 -3.680594 -4.5724506 5.9221215 3.8963263 0.5526658 4.444369 -2.8486686
surprising 1.0220137 -0.5408641 3.2682326 -1.6182791 0.47912008 0.5010898 -0.19192542 1.8056043 3.5734422 -1.1563444 1.5337931 -0.25566414 -1.5338621 -0.6487371 -4.8703146 4.733107 3.0339494 1.5664048 3.7106535 -4.5177007
comparisons 1.7666165 1.9095285 5.882443 -1.1145084 -1.2038517 -0.3546182 1.9382777 3.4291027 5.657467 0.22346257 0.0061268862 4.053077 -2.1173143 -3.580636 -1.3049967 2.2413914 -0.011686298 0.71194583 3.4414194 -4.6374664
climax 1.7277657 -0.92889154 2.6896033 -2.687771 -0.6056352 -0.1809948 2.7679994 5.93922 -0.67475075 0.39867026 2.5959644 -1.581077 0.833857 -0.92588526 -5.7076945 -1.2629386 6.118538 -0.7888784 3.6422439 -4.4486594
dull -5.168333 2.4065957 1.5357622 0.5151108 1.9919778 -0.99586505 4.928607 -0.27560303 3.668563 -1.5084134 0.8574485 1.5535728 2.6457362 -3.6219459 -5.5609236 3.1808732 1.6467848 5.174274 7.6675663 -6.4036636
compelling -0.16312806 0.41981643 3.7616606 -0.693636 -1.9216964 1.5142006 3.8885343 3.0691698 2.7584221 -3.2318132 -1.0470605 2.5811527 -2.132211 -2.0389824 -7.437379 7.3664517 0.8556036 2.6285124 2.919199 -3.637899
appealing -0.24204873 -0.4516687 0.7239204 -1.7700672 -0.3047299 2.4394257 0.52878094 1.918097 1.3649303 -3.2908883 -1.6547527 1.5131739 -3.6183586 -0.66640127 -3.9195814 6.5204434 -0.9898639 5.264871 3.9796696 -3.7511
clever -3.4254835 -2.3149617 3.2080069 -3.9194975 1.2680185 3.0772786 4.373483 4.1314616 0.7151089 -3.2382634 1.2750845 3.6661937 0.4140121 -1.2296917 -4.1792784 6.5085015 0.3889043 1.9393762 5.780705 -6.6692767
lean -1.7770516 0.14185981 2.9122918 -1.0364627 1.522658 0.86607254 -0.89524645 0.049866203 -0.79590017 -1.8469154 0.74981993 1.8960586 -0.44645444 -2.121753 -1.9345754 2.7649062 0.13134047 2.2868063 7.725452 -2.2674181
endless 3.9125614 0.883872 1.3947173 -4.282538 -1.4682947 1.3306358 3.374183 1.0146264 -0.65462446 -2.6316078 1.6700088 -0.501052 0.9955581 -1.6207103 -7.6566815 2.2855573 3.3546858 3.0779912 3.643901 -2.1206539
remarkably -0.19325511 1.88546 2.8780947 0.7262484 0.010476327 2.5917337 1.4882586 -0.74744606 4.4067063 -0.43387115 2.6049824 2.4871876 0.7011382 0.7754377 -2.4925754 2.3980715 1.6092613 -0.20362023 6.215646 -4.995477
straightforward 1.3682483 -3.1576676 6.384006 -1.2232753 -0.23021345 1.6377836 1.3543397 0.38518643 1.1320646 -2.701009 -1.1457602 4.573208 -0.3207899 0.3280419 -5.568865 4.9907303 1.140504 2.178354 6.38473 -5.020557
excitement 0.565421 4.932628 2.4865434 -1.1773658 -0.60978895 1.247596 2.0990398 5.5095806 0.2969642 -2.6929166 4.591507 0.37228844 -3.9377897 -3.0755258 -6.0959206 3.2899296 4.3471947 1.5844023 6.08451 -1.7628345
novelty 0.76991886 1.8166147 1.024101 -4.15254 -1.1917279 0.17321695 1.479138 2.4899049 1.7790976 -4.0719786 1.2499511 4.7669344 0.8290654 -0.59216166 -1.5723703 2.1918454 -1.8568257 3.200017 5.052167 -3.3601024
superb -2.4962704 0.42628595 1.0404592 -1.8632214 -0.52159965 2.4833906 0.97663885 4.102154 1.9193857 -0.43168393 1.2550023 2.4720376 3.9555821 -0.89868057 -0.8906383 4.624061 4.2583222 -0.0142751215 6.5392156 -4.75946
satisfying 0.84445244 -1.0821452 6.221228 -3.0312858 -1.9887835 1.342276 -0.8467238 0.31820393 0.69256884 -2.4881082 -2.1874907 2.9698465 -2.3690548 -0.73977923 -4.7346153 6.500556 4.4641876 2.6451597 3.701056 -5.2662663
incredibly -1.8014278 1.8202788 3.1201289 -3.5180848 1.1472782 2.246196 3.1250262 2.4430783 1.8218709 -1.7677613 3.5429964 1.7073807 -1.8553058 -3.0963602 -4.16489 4.1777678 1.6926169 1.4997909 7.604978 -4.749527
boring -1.8209251 1.5215195 3.2500234 -2.0806475 -0.24642012 -0.1315262 3.2750287 0.42790183 -0.9329722 -5.052944 2.3607593 1.9879634 -0.44965032 -1.0010718 -6.0692134 3.3990357 1.1253301 -0.15961967 6.654459 -4.383675
stunning 0.57470137 2.3032718 1.3855479 -2.1422663 -1.2912397 1.1855026 0.69523996 4.930683 0.39418456 -0.012988026 1.3643337 0.107751764 2.0890617 -3.0161545 -4.2579947 3.370762 4.709679 2.360465 4.2562633 -4.497027
awkward -1.8935648 -1.9646018 4.4012866 -1.6006696 2.3955348 1.0651392 4.1203084 2.2139819 -0.8501648 -4.883057 0.11692475 -0.6894985 -2.416511 -1.9969655 -4.0789804 5.184923 1.9692549 2.1386378 6.440363 -6.748684
daring -0.36304557 -2.4613278 -0.9168346 -2.5085535 0.9457218 2.469827 5.1652455 4.819655 2.1717286 -0.92562276 3.1897604 -1.2534789 1.232416 0.64664155 -3.954765 5.2991567 1.5191019 -1.00572 4.2239475 -1.9620589
hints 0.42707232 0.25404453 4.0996203 -2.0593178 -0.8032961 1.5653257 5.092295 1.2018723 1.5059701 -3.193061 0.16707051 1.6755377 -0.48903647 -0.38530982 -4.975201 3.4031258 1.3397768 2.5746005 1.4302822 -3.980669
predictable -0.28700262 -1.7925757 5.6611695 -2.3595693 -1.2175122 0.4845687 1.707815 -0.66260904 1.5447048 -0.8298045 -1.8886746 1.8644569 -3.153841 -2.4552355 -7.7913756 3.900038 2.2544363 0.50929177 7.9720726 -5.7006435
enjoyable -0.63766974 2.155048 2.7083993 -4.8161073 -2.330804 1.2822639 1.3789049 4.1548386 2.1497025 -5.750669 0.5618317 4.3022876 -2.4776406 -3.8693466 -6.5142136 4.977565 4.3455467 2.3406744 8.062225 -6.663462
silly -1.855837 -0.569117 2.5553787 -4.573487 0.85992104 -0.49691945 4.561129 3.9954855 0.28633672 -5.844829 0.65810746 1.6131116 -0.27768913 -2.6919107 -5.6313443 2.6459973 0.40586716 4.083543 4.374771 -7.97662
restrained -2.7514346 0.04937744 1.5166823 0.12819353 0.7019091 1.7996 2.9100103 1.4262451 -0.4071694 -1.3966027 -0.4199388 -3.4393306 1.6517022 2.6167307 -2.2263846 5.7914753 1.3740497 2.9551103 5.753387 -4.5582857
optimistic -1.4148854 -0.9035499 3.7516925 -0.43071947 -0.15712647 1.072449 -1.5051402 3.2212744 2.76761 -3.1400268 0.99509066 -0.016991468 -3.5408754 -1.5363469 -7.982842 5.704637 1.1354163 0.4465224 4.653891 -2.0493512
unpredictable 0.6268595 -0.7481764 3.5615473 -3.699188 0.010590806 2.1075685 1.80711 -0.46724415 1.2842844 0.4947556 0.18501921 -1.2334862 -2.3332481 -4.3400064 -7.1682715 4.952548 1.5705677 0.7771719 7.733717 -4.629074
bland -4.6618986 0.3383266 2.6867828 0.54182893 1.2977829 -1.847427 1.0596778 2.0983567 0.40482548 -2.233409 1.3221035 3.520791 -0.7335047 -2.0001097 -2.5043771 1.8232816 -2.8372595 -0.041314498 1.9380895 -5.8311906
absurd -0.67571676 -1.4127803 4.804804 -1.1635166 -0.9051531 2.4878561 5.2369237 5.315229 3.0174503 -2.1755438 -0.7315225 1.2827917 -2.185024 0.0031450773 -7.0272446 5.11634 -0.9964793 3.151648 1.6706647 -4.624894
genuinely -1.4459981 0.48526964 3.841083 -1.7324291 1.4317939 2.977532 3.285876 4.786509 2.2599635 -3.5438554 3.337233 2.5132096 -4.8882656 -1.3275906 -4.9156585 5.616965 1.0262451 3.2185438 3.079603 -4.2052903
ironic -0.8061998 -1.8023391 4.363818 -1.2641604 -0.035579238 2.1281214 3.8172188 5.3995442 2.8478763 -2.2161186 -0.341877 2.0520585 0.20083494 -0.84776443 -6.847996 3.128812 -0.9517596 3.928559 2.411534 -5.8381343
deserves -4.4140196 0.52623224 2.054638 -2.5575018 -1.350441 0.6366133 0.462857 4.63641 4.157846 -2.999629 -1.4550459 2.7567034 -2.181355 -0.9782455 -4.5260196 6.8520536 4.4351006 5.3900924 0.26796985 -3.3175168
ridiculous -1.9669659 -0.5804363 2.9771698 -2.6894612 0.015982412 -0.8578671 4.522471 4.967776 1.6421402 -3.4777668 -0.08630107 0.604753 -3.4143734 -0.02763221 -6.437345 5.4252977 -0.8437006 4.2595887 3.0421739 -5.6943016
fearless -2.3373852 -1.8156848 -0.37375376 -2.6494577 2.608749 -0.8730602 3.524784 5.6280684 2.9754353 -0.8652875 3.809205 0.49326402 1.2826015 -2.3153276 -3.1454473 3.8464036 0.18813981 1.2881474 1.6928502 -1.9808973
hint -0.46388096 0.08783638 4.4108796 -1.9777926 -0.0012189785 1.0683688 3.656988 1.6012757 1.359688 -1.2853421 0.8017927 2.121098 -0.41068625 0.6372524 -5.690199 2.4404616 1.1998099 4.6200485 1.7146971 -3.6199398
nonsense -1.9586902 -1.9015262 5.8026924 -0.4381195 0.882279 0.20163596 4.726851 3.1162121 2.5281518 -3.7213216 -0.34421855 3.3738892 -1.7204479 -0.6050197 -5.5690055 1.6776673 -0.80375487 3.1664135 2.0857396 -4.0912185
extravagant -0.3278033 1.813233 -1.420565 -4.495894 -2.0075605 5.2758484 2.5843582 2.6604984 2.2291274 -4.129109 1.2407314 1.0409222 -1.6480647 4.1320353 -1.8926538 2.4641607 -0.3777066 3.7469232 2.579932 -5.3745885
thrilling 0.5961061 0.8375767 -0.56138635 -2.3512785 -1.2144761 -1.2533914 0.42919436 6.055935 1.8242955 -0.9146091 1.9956676 -0.07559141 1.295228 -3.5363464 -5.89557 3.8500814 6.8226447 0.67322826 3.4250648 -6.4093037
scary -0.5980835 1.3902506 1.0478586 -5.430416 -0.25100425 -1.9907808 5.5521884 3.9864395 -0.3772122 -4.0571833 1.9643954 1.1886286 -0.9750257 -5.261509 -7.2415576 3.3959563 1.7885246 3.0039022 2.8921287 -6.5585237
intriguing 1.1859794 0.45804024 3.7063465 -2.570962 -1.8874536 3.223167 3.0410826 2.8272722 2.2508962 -3.3104544 0.3018259 2.3939774 0.27483246 -2.6861107 -6.2837796 4.2393565 0.90901554 1.2842458 2.9411888 -6.0136614
erratic -1.5251222 0.93943447 3.3346884 -0.30884618 1.1868597 1.3510221 1.4976661 -1.4023057 2.3330004 -0.69998235 1.8392637 -2.765212 -1.5161644 -3.8949046 -5.504793 3.2712874 0.7336216 -1.9536842 6.605789 -4.2746735
awful -2.8376596 1.592522 2.0782826 -2.939395 0.041794367 -1.2953947 3.085732 3.4547818 1.3731734 -4.4024596 1.8151505 -0.7982409 -2.4179947 -1.891373 -7.61141 3.3713589 2.7771194 3.1230857 3.2727525 -4.925692
wildly 0.8735546 1.3096344 1.3568065 -1.7375519 0.5715962 0.3209711 4.009739 3.5093815 2.4371982 -1.7949804 2.343965 1.0302703 -2.250524 -2.1466315 -3.5940583 1.0898607 0.78105146 0.96305966 6.847089 -5.5447206
twists 0.7236542 0.67818034 4.415088 -2.3599474 -0.68012077 1.5784092 6.454721 2.6585667 -2.6041694 -0.66656125 0.4385775 0.9501777 -0.8995788 -2.402414 -4.8452754 1.0610533 4.8699317 0.9698746 6.263141 -9.332462
astonishing 0.33690834 0.36095408 1.8308424 -2.8202112 -1.701387 1.2810528 0.9008379 2.246989 4.3985753 -1.5590848 0.8041555 1.1903157 1.4250753 -1.0680758 -4.4356613 3.714933 3.9288414 0.5625056 3.136203 -3.4245567
outrageous -1.9728457 0.2803812 0.376099 -3.0552013 -0.24107933 -0.5518895 5.1479697 5.381249 2.079831 -2.6851761 -0.64586276 -0.4077881 -4.140584 -2.1908538 -4.588894 5.313184 -2.1850886 3.5829005 2.3777761 -4.9413924
terrific -2.1975033 0.579026 1.7938443 -2.4478905 -0.04211873 -1.3144884 2.0402122 5.725377 0.24884252 -3.1451614 1.555444 -0.22142988 0.77633107 -3.7738893 -4.623437 4.1846323 3.7889526 0.22427608 5.320607 -4.5621095
cute -1.9387065 -1.6801142 1.2446824 -7.101826 2.2039902 1.2944475 5.428026 3.3878741 -0.93721485 -3.5022304 1.5946523 4.0186353 -0.5664402 -5.608476 -3.3946524 1.9643761 2.1233897 5.0022554 4.04138 -4.7467027
remarking -2.805791 -0.23488206 2.4353912 -1.5618404 -0.45465624 -0.8866352 0.97254765 3.4221063 2.9303749 -3.8258028 -0.78787464 -0.025732072 -0.53632665 -1.0239596 -5.4267936 4.088017 1.5769285 2.7127728 2.982587 -3.5593612
recast -2.502744 -0.9276478 3.6753626 -1.1974076 -2.2938802 -1.0942483 1.0791094 4.434336 -0.107757874 -3.8100674 -2.847621 -3.6691403 2.5355155 2.1666899 -0.9343081 2.7250843 -0.56583935 -0.8315096 1.5788779 -4.6296716
stylish -1.8459058 0.66768247 -1.0084192 -4.452486 -1.0593989 3.3380253 2.5161269 5.716946 -0.13231209 -2.3970356 0.64262325 4.6610265 1.451537 -0.5078077 -0.8692014 2.9069676 0.17710067 3.053974 7.0816813 -6.862286
frustrating -0.11441451 -0.6715653 2.669527 -2.7644787 0.021398589 -0.76063865 0.04174619 2.7064335 2.286606 -2.753029 1.0732026 -2.1840074 -2.9137177 -0.9013979 -4.9151096 6.291234 2.5413456 -0.49912596 6.7005157 -4.6057963
mildly -3.056256 1.7588056 4.545562 -1.5618255 1.4255577 0.06296501 3.0783732 0.31145692 2.4962132 0.31399754 1.7110097 2.051756 -2.404939 -3.0019636 -3.1526847 -0.32791063 -1.3290381 1.8771322 5.1767044 -3.944967
phenomenal 0.3852728 0.07047982 2.3929777 -2.672987 -0.65227246 1.7774365 -2.7138824 2.6248565 3.2064693 -2.093875 0.8123225 1.7986668 -0.5059809 -4.0355806 -3.8391664 3.4387467 3.7363899 1.1189401 3.681669 -1.6936483
charisma -2.5331302 -0.27146417 3.9928896 -2.3903646 1.337102 2.6786911 1.160785 6.388841 2.951097 -0.5623632 1.7969184 2.0170894 -0.99183804 -2.40271 -2.314799 4.705131 0.48897177 3.1743405 3.951034 -2.2064784
meaningless 0.27565753 -2.680037 5.201831 -0.9188359 0.59500295 0.1268665 2.1335502 0.9617878 2.5177534 -1.6634605 -0.92763615 1.4865514 -2.4443517 1.2667332 -5.9620647 4.8589272 1.1926861 4.3983936 2.296527 -3.4289021
annoying -2.7718973 -1.5333961 2.4090374 -3.8712835 2.0106113 -0.83615994 5.2195363 1.7565665 -1.3333313 -4.2803307 -0.08573933 0.5531284 -3.9479582 -4.0964026 -4.7623487 3.2558525 0.64395237 2.57708 4.3946247 -6.260467
strangely -1.5067458 0.4009612 3.4439917 -1.2468348 1.9096982 1.4011569 5.485974 1.8286887 0.78648263 -2.6661305 3.1047966 0.14275387 -0.8800462 -0.5302138 -4.1813736 2.1228633 2.3515291 1.683433 3.5618227 -4.1101985
pacing -1.1728482 1.0513359 3.2448168 -1.0305287 -2.1833918 0.14246652 3.407811 3.9863353 0.58527434 -0.5921922 -1.4368072 0.39753065 0.3364192 -3.1856055 -4.050869 4.1446195 4.738617 -0.9854879 9.130189 -5.291437
tricky -1.4443039 -1.2605999 3.039451 -4.037771 1.4963621 -1.4537783 0.24331242 2.3518312 -1.6069348 -2.1104681 1.8974196 1.2237948 0.42034015 -3.69208 -3.5150216 2.726725 0.36531228 0.3079168 5.2694945 -4.144985
worthwhile 1.0994183 0.68780744 1.8708599 -3.538959 -2.0593977 0.80782425 -0.3785154 0.3133257 2.1274517 -4.0224175 1.5461192 3.0470123 -3.4577222 0.50029534 -4.868318 6.5410266 1.887703 0.21985975 3.7417762 -1.2589675
simplistic 1.247833 -1.953897 5.465093 -0.86284065 -1.0704052 2.6043563 3.0177588 3.4611611 1.5567715 -0.566404 -1.4725915 3.8544018 -0.9845543 -1.7767224 -6.1330357 5.367961 -0.93372583 2.2969427 5.765981 -5.4165864
uncanny 1.6301504 -1.2438141 2.680297 -3.115935 0.4079514 1.7966726 4.9883986 3.4753633 1.6584241 -1.5957011 2.0203595 0.49515975 4.1305113 -4.6777053 -4.0479097 6.9500823 0.53733987 0.11945797 1.5937316 -2.9116323
addictive -1.3838316 1.343849 5.6389503 -6.852432 -0.96929425 -0.543421 3.0711389 1.5020634 1.9668955 -0.1179678 -1.0305475 3.2727847 -3.5526328 -7.6338973 -4.6452527 4.4355726 -2.1725788 3.328132 5.2387276 -2.2354193
ingenious -0.99751365 -0.66196233 3.7673268 -2.4521224 -2.1768925 4.423099 4.8281755 2.221676 0.37779018 -2.3703246 0.3397206 3.4743917 2.1590457 2.314153 -3.0007024 5.726838 -1.1706929 -0.9041331 4.2089524 -3.371826
awe -1.5154673 -0.035376173 1.2208579 -0.65135455 1.0379081 3.3662524 3.4868674 3.3580604 -0.30728137 -0.9237625 2.8744519 0.98729706 0.09237148 -0.43632486 -5.4746985 2.6985257 2.8143435 2.829906 2.274403 -1.6443403
clumsy -3.4748359 -2.705961 3.1349134 -3.2782242 2.226893 1.8843943 5.4765987 2.413265 0.14306846 -1.7137957 1.1994604 0.11200109 -0.13531494 -0.86962193 -3.6080358 4.528096 0.2059571 0.75830454 5.865456 -6.142479
oddly 0.21359639 0.7870012 2.808066 -0.8418993 1.4957385 -0.32443544 4.002432 0.57915217 0.5310897 -2.3869193 2.5992787 1.4565142 0.55562335 -0.34105563 -3.6378036 2.2455595 1.0988553 2.136389 3.9838097 -5.4846425
improbable 0.35922205 -0.9566349 2.4567888 -1.0397227 -0.25736877 -0.12929536 1.4635772 0.34562075 3.7581825 -0.25131828 1.172273 0.19801787 -0.34997684 -0.49415454 -5.5453963 5.332306 1.8222542 -0.41542596 0.7273328 -5.098374
startling -0.53670156 1.1900885 3.1300535 -1.1145121 -1.7112881 0.574086 3.6998477 2.3195982 2.8644295 -2.3149672 0.40560883 0.8740194 1.1325854 -1.6057955 -6.382727 3.3617947 2.1206615 0.95362514 2.6335526 -3.031575
retrospect -0.31305188 -0.07505627 4.067494 -0.53335536 -0.41347998 -1.3310597 0.3819801 4.2739553 4.874315 -3.3809955 2.2580862 1.9144921 -1.0076057 0.47267154 -4.562178 2.9822645 -0.16042106 -0.21493582 2.2694187 -2.583128
abrasive -3.0772934 2.7973547 5.0587206 -1.5889077 1.0915581 1.2837025 2.456414 0.52370375 -0.3298945 -0.4037258 2.2381008 1.6307622 1.9827589 -1.4846159 -2.9054868 3.671277 -4.521048 3.40965 9.027636 -2.5103595
nicely -0.00058705197 1.9583484 4.3167825 -1.1545317 -0.023247916 0.5610227 3.8150685 3.8446834 -1.1045803 -3.6735673 2.9534962 4.7813053 0.5641853 -0.7423562 -2.7209816 1.2263454 3.1925447 1.123216 5.954622 -6.017696
penchant -1.22946 1.1368523 1.5888678 -1.7781576 1.2700084 4.228083 3.6725485 3.873858 1.5906407 -2.1958432 1.7890518 0.16696467 -1.0540808 -2.7289414 -1.4745839 4.2951474 -1.7498095 2.039795 4.860903 -4.5186496
irresistible -2.3132536 -0.28841746 3.0560193 -2.5159833 1.19046 0.7757411 1.3925117 3.8740823 1.1967584 -1.0881937 2.6313903 1.6514089 0.8865586 -2.1552017 -6.086343 2.4356415 1.6774577 3.4885178 3.1653223 -2.4294462
gripping -2.0961967 0.7222362 2.3323116 -1.5917668 -1.3650916 1.3817446 5.8962674 3.7487905 0.874706 -0.2551821 -0.59571946 0.61230105 2.2498417 -2.5482867 -6.4908485 3.2849064 2.8663948 1.8845232 6.3713026 -5.113848
tedious -1.4262401 0.44211823 4.03653 -1.6261138 -1.8568248 1.1093297 4.1566296 0.20111549 1.3816729 -4.149349 -0.3041169 0.48597932 -1.9247891 1.4891323 -5.7339487 3.9733822 1.8311836 -0.6295568 6.496742 -3.586748
pointless 0.30651632 -0.5870905 2.205408 -2.1251113 -0.44915876 -1.9673443 2.5891867 3.6677692 1.9927286 -2.1548674 0.6069465 -1.5576471 -3.1776068 0.7229051 -5.1122546 4.5293813 1.7796272 1.3303448 2.9376311 -3.198855
convincingly -0.28874564 -1.2027634 2.5654473 -0.6400763 2.259483 -0.54077744 0.17927767 3.5196955 3.139696 0.8601239 2.2813358 -0.24431117 -0.5398464 -0.9710298 -1.7186077 3.870466 3.5968187 1.7048364 2.258989 -4.1752057
astounding 0.22062239 -0.15164255 2.0303879 -1.9135815 -2.936895 -1.8151103 0.8975321 1.6449801 5.019153 -2.8924663 -0.11890942 2.180268 1.4600295 -1.9087095 -4.363218 3.247677 3.7863715 -2.663014 1.43818 -3.1446512
unforgettable -0.18645942 0.686452 0.5845383 -3.4896717 -1.2803882 1.92408 2.2030554 5.3482013 1.7375027 -4.1967106 0.33450463 -0.73013103 1.4810925 -3.3748147 -3.9078982 -0.3667675 3.7839115 2.4135745 1.50833 -2.789804
lukewarm -4.173687 2.0661314 4.23079 -0.8277874 -2.5232682 -2.764943 -2.1517844 6.9147716 5.417193 -1.0226046 0.0008781292 1.5322394 -3.8829942 -1.165423 -6.2654915 0.36687198 0.18880662 1.5268962 3.3817627 -0.06749138
unbelievable -1.1516079 -0.119182736 1.878051 -3.1403604 0.16031294 -1.6378977 1.4905823 3.5887988 1.5789869 -2.7589662 0.9849857 -0.8254751 -1.5158137 -2.37372 -5.360072 3.8916473 3.550274 2.0412734 2.7276258 -3.6472726
characterisation -2.1434584 0.17790125 6.0107536 -0.9188351 -2.4573147 3.657548 3.045251 3.858381 1.7266108 -0.7404655 -0.9696048 2.0936491 -1.1358703 -2.58565 -3.5969296 3.8826828 0.015439811 -2.8796191 3.0510266 -4.408061
contrived -2.1665213 -1.3920149 2.7529507 -1.6467986 -0.67242366 1.4962302 3.6900315 2.2357407 0.38917118 -1.418321 -0.38103306 0.08047448 -0.82476085 2.430142 -5.972466 4.362544 -0.25340822 2.2544851 2.2024817 -4.9868107
chilling -1.9390149 1.9858028 3.2503803 -1.7021321 -1.7945578 0.27670395 4.5910945 1.5669852 1.3344249 -0.6994518 -0.86663723 -0.018841412 -0.43994886 -3.081956 -6.9616323 2.601834 0.7707045 3.0414608 2.189716 -0.60443467
knack -1.2530409 1.3146102 3.292277 -3.0615718 1.02929 1.9322304 1.7539696 4.106927 1.3308032 -4.123487 3.4779587 1.8663865 -0.12849098 -3.6869025 -2.0042934 4.0369353 1.3602247 -0.086291306 5.13829 -3.3660696
believable -1.5389966 -0.40608743 4.0600963 -4.439777 -1.501206 3.2698054 4.84807 4.4108367 1.0400575 -3.0992093 0.15253608 1.6149324 -1.6862462 -2.9892497 -6.029171 6.2172375 1.4538224 0.62869847 4.120286 -6.232941
flawless -1.4373626 0.58369434 3.630768 -3.0794709 -0.9012371 0.16512111 1.4511428 3.80843 1.9061213 -1.3987904 0.19762786 2.2514381 2.1559498 -1.7826589 -3.1613116 1.6846727 3.9109693 2.5179226 5.202015 -3.091462
bittersweet -1.0403993 2.13678 2.554937 -3.696084 -0.03556233 0.96476847 0.06346476 2.4913425 2.244245 -2.260722 2.8641243 1.8241489 1.7548717 -4.233359 -5.911204 -0.78440636 2.672594 3.7947054 0.8761587 -3.8749242
sharper -0.023177568 0.53078675 4.130456 0.23179458 0.5984428 -2.1190498 0.79052526 0.45115393 -0.35965735 -0.39510632 0.91409546 3.363778 1.8333659 -1.5516636 -3.3393192 3.2901278 1.6357067 1.6285787 7.4463286 -4.4007344
cleverly -0.39690843 -0.25987798 2.8689322 -1.3326632 0.5379171 0.094167754 5.865196 5.557616 -1.1361148 -0.59980565 2.9192045 2.546411 -0.61690784 1.9041566 -1.8958242 2.2579691 1.7416993 0.51851547 2.9034412 -3.8523517
depressing -2.0794277 0.7631227 3.1931756 -1.4921802 -0.1824928 -0.077492245 2.0154448 1.07592 1.1827846 -3.2864625 0.4955575 -0.6590635 -1.7531676 -0.8074726 -7.463082 1.7319059 0.745977 2.4730077 5.9272265 -3.8299928
messy -0.83662415 2.6083066 3.0892017 -2.9458835 0.03683938 0.18282853 3.4411483 1.3145107 -0.74928015 -3.0977015 0.98020524 -1.0329963 -1.8932859 -1.957829 -4.095398 2.1317549 -0.29140472 3.2987595 3.872996 -4.5731516
menacing -1.0062467 -1.1109476 1.2117404 -2.4430058 1.9906337 1.1425104 6.256764 2.9077356 -0.6820078 0.16468225 1.8833405 -2.1698742 1.0503759 -1.9309387 -5.582928 2.7222211 -0.7491523 2.6536844 4.0048537 -4.5670366
pessimistic -1.5690004 -2.5021908 5.0394325 0.87007374 0.19833167 3.3094249 0.24502234 3.060398 4.327088 -1.0331916 0.634015 -0.25701594 -1.8966155 -1.4875972 -7.8269944 4.571106 0.18758829 -0.45038286 2.1909745 -2.5476248
fleeting 0.32749605 0.36063224 1.9251003 -2.7987125 -0.6384689 2.42789 1.5923043 1.6747099 2.257995 -1.0912461 1.5956184 -0.9766887 0.7594723 -0.9991729 -5.608909 2.614263 3.2795513 1.9813167 2.0311525 -2.8313277
understated -2.78347 1.3842974 3.3739307 -1.5229465 -1.669136 3.0721786 0.4908577 3.195459 2.046328 -2.291209 -0.9603494 2.1593487 1.059639 -1.0935503 -4.8973594 2.3709948 -0.34100112 3.156967 6.0673075 -5.7233915
exaggeration -2.4326117 -0.97834456 4.0141077 -0.29874662 -0.37749434 1.7518295 3.997908 1.2754894 5.3263984 0.2918433 0.010082218 1.3541629 -2.3438354 1.4743409 -6.844692 3.2498004 -0.64895386 1.9813627 2.2652013 -4.1676993
sloppy -1.1138828 0.96700734 2.7801948 -1.9349575 0.15502647 -2.6331313 2.3363864 1.9961234 0.68635416 -2.549795 0.817953 0.47703895 -1.0343673 -2.3312755 -3.594063 4.088585 1.7975864 0.4958044 4.8088264 -4.748749
tenacious -0.39754945 -1.5801237 1.1226636 -1.3962367 2.8007362 1.024045 0.92896223 4.1461687 1.301305 1.1042917 2.868962 -1.4014696 1.474874 -2.745959 -1.3692269 5.215698 -0.20562124 0.8945361 4.0569396 -2.0615194
confrontational -0.8075486 -2.0834587 3.6512642 2.3010736 1.9518353 2.516787 2.0504956 5.5687127 1.9984475 -2.438139 -0.6955919 -1.8469585 -3.0378816 -2.601631 -4.874433 4.240006 -4.089081 2.7876446 6.282414 -2.7234902
heartbreaking -1.2086641 2.5054193 2.8915253 -1.8675761 -0.4189782 -0.19471724 0.87717134 4.166258 2.4356914 -1.8265173 1.8361285 -3.2565308 -1.2004791 -4.277333 -6.6258397 2.931797 5.280051 1.9399481 1.2412393 -5.421438
deeming -2.675455 0.5167524 0.93417186 -1.4729517 -1.5590385 -1.4165138 0.83722967 2.296992 2.7094371 0.028709363 -2.1909719 -0.664708 -1.5146936 -0.20719506 -4.979393 4.42084 -0.47619596 3.499888 2.055384 -2.9700637
thrills -2.6430876 4.0169234 1.9582001 -6.0290103 -2.3393414 -0.7156598 3.5003996 4.5932074 0.0789156 -2.034764 1.9920968 2.035319 -1.0528574 -3.5336123 -5.227888 0.6747274 2.0963893 1.5222257 5.117071 -3.3058448
smarter -0.8190085 -2.4359643 0.57016337 -2.7150078 0.5630057 0.07264394 0.8241345 0.6334121 0.30921224 -4.2963843 -0.034907274 3.283911 -2.3528333 -3.6701834 -2.7499225 5.739407 1.9040799 -0.5253211 4.0462255 -2.0421722
absurdity -0.6238976 0.0566215 4.225874 0.8347062 -0.589962 2.3505054 4.574162 4.9197426 2.9286518 0.109650455 0.4207191 1.2344162 -1.7885822 -0.694781 -6.835553 4.8970156 0.41366294 2.7357318 1.4604763 -3.8072507
irritating -4.4352837 -0.23025048 4.304883 -2.482328 1.8816186 0.783766 4.1697483 -0.71624094 0.41981673 -1.2510618 -0.106482364 -0.29081097 -1.8166728 -3.2490616 -5.248835 2.4271445 -1.905077 3.4423656 4.5375443 -3.3065047
unsettling -0.9211508 1.5315012 4.184723 -1.256141 -1.1552464 3.322627 4.0811634 3.5866413 1.4229043 -1.9110231 0.511074 -0.42187756 0.33366764 -3.0814905 -7.316241 3.098695 0.8747325 2.2773554 3.496575 -4.486661
audacious -0.91203636 -1.250534 1.1731019 -1.3719465 -0.5397901 1.3913468 2.5409844 4.3024406 1.3006675 -0.6360575 1.378109 -0.4375559 1.2542578 0.7235209 -4.6618247 4.054922 0.7815899 -0.328629 3.3793173 -2.0797076
formulaic -0.6848743 -1.1546519 4.460062 -1.8349832 -1.3283222 2.1246736 2.8339117 3.527205 2.5193503 -2.6112459 -1.0646936 4.2368617 -1.2237476 -1.6935037 -6.4598637 1.9271518 -0.25335535 2.1864302 5.2988853 -6.226076
hindsight -0.5671122 -0.2869598 4.4054456 -0.78833526 -0.88564605 -1.192711 0.7960144 2.6132536 3.5552866 -1.8447121 1.095235 1.1385882 -2.620007 0.622383 -5.4104223 4.3864822 1.2131916 0.08683729 2.2918062 -2.06367
endlessly 0.93156326 0.619442 3.3955789 -1.5740788 0.7237282 1.5854924 4.0096188 2.3816562 0.37592605 -4.106526 2.425124 0.8750973 -1.0089225 -0.7819337 -4.413774 1.9091 2.1439095 2.2860572 3.791037 -2.2199914
finesse -1.9214671 -0.5014608 3.9084702 -2.651959 0.8914973 1.3498551 0.5719546 4.8320327 0.33088568 0.7507999 1.432254 3.6411126 1.111301 -0.8726124 -1.2207063 4.4879775 2.6070485 3.0752602 5.4174924 -2.9971383
pathetic -3.0301201 -0.75764304 2.9901311 -1.6146607 1.1015238 2.5167806 3.950884 3.9739678 1.3813406 -2.0180829 0.86580867 -1.1564854 -2.3432832 -1.3038964 -6.067964 3.2295048 0.812779 3.2469237 1.4227439 -4.947075
shameless -2.9433022 -0.48103857 -0.43490008 -2.9625776 -0.40212634 -0.62485176 3.2294655 5.4776754 0.82597035 -1.1788608 -0.84183484 -1.0401924 -1.9536465 -3.991169 -4.0761447 1.1861901 -1.1737127 1.6060324 0.82425314 -4.0741944
amazingly -0.5064009 1.5167081 1.7938571 -2.1241002 0.117616706 0.48326385 1.7416179 1.6920999 0.94899714 -2.2072399 2.232454 0.47009382 0.016256167 -1.0118139 -2.1581542 2.1948497 2.7541463 0.6986947 4.50279 -3.348535
flashy -0.12701656 0.72991973 -0.20644216 -3.82602 1.1419132 1.5519631 2.6278756 3.7207 -0.89884454 -2.2406602 1.4931054 1.4656627 1.1410077 -3.3574245 -1.2526162 4.038045 -0.3752476 3.5159576 6.548076 -5.412107
breezy -2.7295673 1.6760417 0.7687117 -1.2445949 -0.20858087 0.9982231 0.8214064 2.2673063 -2.0872777 -3.9896085 1.4953166 3.7100365 1.4504948 -4.822454 -5.876456 0.07167198 2.3145292 1.6729279 4.659238 -4.9387426
pretentious -3.3057835 0.33173323 3.340194 -1.2681383 0.06554457 3.2185361 3.0994253 4.599704 1.3613759 -2.915287 0.8924975 2.41003 -0.75492895 -0.81834066 -5.8667064 2.580253 -2.1894014 2.972042 3.681098 -6.8243127
effortlessly 0.09631201 -0.73813987 3.658315 -2.7812636 2.064453 2.3446126 2.8172855 2.797399 -1.4352936 -2.2454464 3.134448 2.096047 0.8768462 -2.017357 -3.9970143 1.8326743 3.2460704 2.895906 6.1959457 -3.1215386
underrated 0.07968943 -0.33129746 1.6610299 -2.8287091 0.58598775 -1.0477258 -1.8652256 3.256492 5.949615 -2.8613372 0.12567876 1.6940616 1.9868969 -4.995614 -2.0180874 3.5185964 -0.79121256 2.2524424 3.0451756 -7.4002023
incoherent -0.65098774 -1.2985529 6.1610284 1.5950614 -0.1728966 0.69185024 4.767539 1.54834 1.2294995 -1.6661019 -1.0851527 0.8982176 -0.95311326 -0.65612096 -6.2487774 1.1967589 -0.6339409 1.0563173 3.1048803 -2.5946903
perverse -0.922811 0.3166769 4.484101 -2.5108752 -0.16719012 4.3510265 3.5066473 2.3134604 1.2774613 -0.072175644 -0.0660027 0.9597929 -2.597773 -2.2409067 -5.0889263 4.5563765 -1.0723736 4.415096 -0.23935246 -3.126293
compliments -4.0824785 1.0731474 1.8423817 -1.7681849 -0.39301452 0.7956925 3.6337316 3.3259096 0.56754607 -3.1648276 -0.91792965 1.714412 -1.2119633 -0.3325395 -0.6034347 3.3002024 2.8287556 3.506159 1.5463923 -1.8197151
gamut 2.8271906 0.8148171 0.5090104 1.5780214 -1.4001653 0.30794257 1.8441538 1.4196278 -0.04154939 -2.3912895 -1.7981921 5.1981354 -1.375733 -4.2258096 -1.550714 0.13359375 2.6069417 0.95777905 5.873426 -3.8048387
stale -2.2988636 2.2256477 2.7456913 -3.569835 0.013444392 -0.13705154 1.9081278 0.71695685 0.15003867 -2.643161 2.4048522 2.883957 -2.1106799 -0.46340564 -5.4250765 0.47488496 -0.41236642 3.5245266 4.926125 -2.6300762
outlandish -0.28607255 -0.1590045 0.90078217 -3.1266212 0.0044362186 2.43654 5.2859125 3.5556054 1.6468979 -2.4815984 -0.077853315 0.8279925 -1.003822 -1.691919 -2.504907 4.564291 -1.9756596 2.8598747 3.3853688 -5.291248
nonsensical -0.23819776 -3.2099464 4.826463 -0.9110611 0.07029875 0.5725253 5.404408 2.8618357 1.2197089 -3.1201458 -2.0505145 2.674356 -1.5310094 -0.9171017 -6.3054647 2.082553 -0.6427096 3.1862977 2.1733103 -5.9501324
endearing -3.4280853 -0.045416854 2.2946284 -3.7688859 0.6658441 4.0949907 2.090895 3.7368057 1.440043 -2.8259048 0.8411258 1.6090847 -0.83266985 -3.9720626 -4.386518 2.6938381 1.0227224 3.3628745 3.1389554 -6.9473658
incomprehensible -0.5107073 -2.8218768 4.048095 0.052472297 0.4333402 2.2460482 3.9219656 1.214643 3.479876 -2.577891 -0.8923029 1.1938521 -1.5480206 0.87098944 -6.642951 1.882419 -0.5350764 3.4660623 1.8717198 -3.3561654
unremarkable -0.48682618 0.3009982 1.3789505 -0.5283557 -0.21253203 1.0805552 -0.9637627 -0.45919895 3.3942163 -1.7366728 0.5196802 -0.23155011 0.27246222 -0.2548993 -3.437642 2.171259 0.9645314 0.15657401 3.83786 -5.6697216
monotonous -1.0951885 -0.053799022 2.753324 -0.6758627 0.66757965 3.2807178 2.7046556 -0.20936379 1.1750305 -3.4517984 1.090415 0.30028048 -0.13655297 -1.0369825 -5.781956 0.0124764815 1.7608693 1.4064304 6.976584 -4.2745633
riveting -1.6396468 1.8800195 2.8896298 -1.2542744 -2.650605 0.9410211 4.048583 4.0850363 1.0537235 -2.111848 -0.55904424 1.7359378 2.0837905 -1.9727333 -4.8025784 2.119707 1.5567287 0.47084892 5.497076 -2.8806896
appreciative -3.5435994 0.29343024 0.6603335 -0.8089999 -1.3068645 3.0988257 0.8760691 3.4723141 2.7272348 -4.325346 -1.6328007 0.52088135 -1.1398947 -1.2147946 -3.3780048 4.2080903 0.88916874 2.5902889 1.9816661 -1.17632
stuttering -1.5154736 0.5048247 5.7818365 0.3067384 1.7511996 1.1004071 2.7699873 1.8790928 1.405536 -3.2506514 0.21139133 -0.12786058 -2.1942842 -5.616657 -1.2610289 0.8734747 1.2798908 0.47951436 4.5489373 -0.6041605
marvellous -2.5694213 -0.08858163 0.27728578 -1.8703868 -0.66149664 3.2080755 0.8305012 3.243504 1.9312899 -2.062212 1.3536693 2.37847 2.7558522 0.55503964 -3.6939826 2.7938907 3.519734 2.2434502 1.2307591 -3.969228
likable -3.713775 -0.85340726 2.1252012 -2.860885 1.162163 1.6130682 2.923793 4.243886 1.431027 -2.4079578 0.725159 2.6129172 -2.426625 -4.9913774 -4.4054546 5.333334 0.7113689 1.3746202 4.736723 -7.9688063
complimenting -1.7689044 -0.037563313 2.7405334 -2.592665 -1.4525294 1.4367306 0.35962468 3.7177112 1.0459123 -2.4913378 -3.2123744 1.042843 1.4438561 -4.50091 -3.1012454 2.369272 1.017057 3.5909998 5.237471 -4.2709327
pleasantly -3.1205215 0.4366172 1.2878189 -0.9437444 1.9780302 1.1719873 1.5049953 2.1743407 -0.41047207 -3.9984734 3.432639 1.8262974 -1.100926 -1.7535114 -5.0250444 0.7975903 3.3236282 2.045596 3.5831652 -3.6749463
downright -2.9999347 1.1726497 3.46585 -1.2825198 0.4760843 1.2877358 3.573282 4.1750064 2.580856 -1.2150494 1.0337539 1.1367013 -1.8303605 -3.0146909 -7.1269145 3.0193596 -0.7517257 3.6247258 4.206477 -6.1245394
cheesy -1.466614 0.5228207 3.1981037 -4.587828 0.2217344 -0.012487209 2.6112494 4.7661777 -1.1131413 -2.4082184 1.0142447 2.563521 -0.84658945 -4.285649 -5.817118 -0.07145656 -0.64546496 4.3011217 5.4506607 -5.970243
ludicrous -2.165691 -1.291686 2.5039246 -1.5437071 -0.43007284 0.26286387 4.247344 3.0785458 1.5286771 -1.5638853 -1.0692484 1.1847104 -1.9752425 -1.3678043 -6.259113 4.1669154 -0.47741207 2.4705615 1.6045743 -4.4012465
palatable -1.663734 1.4865093 1.5789317 -3.1353612 1.5226945 1.7962606 0.0024815218 -2.117838 2.586783 -0.9950028 2.1543875 4.4925036 -3.2929263 -2.101866 -3.2733815 2.5113513 -2.1101801 5.392878 3.7514591 -2.1746309
flattering -3.6424842 -0.52934355 2.6577425 -1.3249373 -0.17940284 1.1591172 2.2925973 2.7022789 4.4833164 -2.3862941 0.19153757 2.5467114 -0.42323682 2.2670662 -3.289704 3.9095933 0.88676697 3.2091415 0.6775194 -3.7169385
likeable -4.904957 -1.2533106 2.2035115 -3.3960962 2.0188088 3.1176412 2.285753 4.5485544 1.8234398 -2.3168776 1.526022 1.9758495 -1.6475158 -4.591321 -3.7500849 4.245983 0.58585125 1.7013264 4.848472 -7.5224457
classy -2.162722 1.1518548 0.41608408 -4.089719 0.24095102 0.733287 -0.07479224 4.965907 -1.2906865 -3.0718167 1.4558038 3.3646467 0.12797163 -2.856838 -1.5603839 1.3953804 1.6573414 3.5258498 4.1676908 -5.069582
undeniably -0.8437235 1.3061466 2.5094726 -1.5001538 -0.48090732 1.7231532 0.6711139 3.8508806 2.9173095 -0.7837382 1.2886806 2.45515 -0.39358404 -2.7745633 -5.597684 2.412434 0.123349406 3.1862657 3.2130582 -4.42702
disappoint -2.1624918 -0.33230942 1.528281 -3.7419899 0.5358674 -1.6424845 -2.0953066 3.1211462 0.56182814 -2.7211862 0.44797865 -1.7887939 -1.3639189 -1.4091265 -3.9869707 3.4688337 3.9605258 3.7541428 2.766595 -2.7867005
comically -1.1381422 -0.026483804 2.2376943 -1.4584206 1.9784089 1.142033 6.806913 3.93041 -0.36580613 -1.8042504 1.6258863 0.019175721 -0.49312103 -2.446711 -3.2333617 2.5102048 0.4584232 2.6840918 3.6958678 -5.9404283
sarcasm -3.300897 -0.7026267 4.490994 0.7510172 1.3166168 2.3710613 5.3326163 4.7319627 2.1401627 -0.83868504 0.5097145 2.5023832 -1.973607 -1.4961112 -5.234863 2.0653217 -1.3214339 3.3844447 3.724302 -3.9445443
exhilarating -0.2297915 1.6029539 1.8806375 -1.8762046 -1.4167404 2.2874613 1.6544107 4.144976 1.6046212 -2.7156484 1.3854007 1.4996823 1.6036247 -3.5957074 -6.443172 2.1060646 3.7380116 1.8204381 4.6323075 -3.3384407
redeeming -1.4525216 0.3934528 2.2181935 -3.045794 -1.1382911 2.3981798 0.35939124 1.9638773 1.5823092 -0.26187736 -0.29351532 1.8250849 -1.7977166 -0.06629598 -4.4700828 5.134087 0.8282537 4.2982535 -0.25605962 -4.2668867
predictably 0.08345309 -0.4567914 2.912469 -0.34969595 1.448761 -1.2967445 0.59726655 1.0448256 0.88614064 -0.4881631 1.7564555 -0.43048802 -2.4189885 -0.39851263 -3.9429464 2.6275547 0.83234525 1.1950086 3.6364384 -2.463273
crass -1.5393232 0.43568292 3.010279 -1.2982199 1.1131381 0.30020538 2.1093805 4.820401 1.559367 -2.7541316 0.644504 0.4131444 -0.6291242 -2.2796848 -4.3140373 1.4201744 -4.5876594 4.937043 2.6186914 -2.3724923
deft -2.808441 -0.6717228 4.2988753 -1.0718952 -0.29382583 3.0426722 2.4898596 5.0556464 0.7218347 -0.8102491 -0.14734663 2.0862904 2.0551906 -1.8304564 -2.9864836 4.230839 1.5583054 1.1200191 6.546554 -4.035805
bolder 0.8553876 0.21198985 1.7066242 -0.55617416 1.4478775 0.2078548 -0.49948922 1.6874237 0.40367588 -2.00287 2.9892893 2.5445144 1.6519434 -0.57619697 -2.9465466 1.9051051 -0.41983485 2.5940247 4.9206505 -2.6570451
spectacularly -0.4889498 1.2143425 1.2065897 -2.1029806 0.28480628 0.10552509 1.3646158 2.8476899 0.6563516 0.02848699 3.640664 -0.54758114 -1.0104746 0.34167713 -2.891846 1.5511057 1.9953183 -0.5011879 3.278124 -2.5987992
downbeat -0.30598757 0.41948226 3.9968278 0.29151946 -0.18613021 -1.7346016 -0.42878175 4.737232 3.1683154 -3.9687119 -0.7656982 2.663852 2.1589553 -4.745988 -3.4631498 -0.90766597 1.2840449 3.220715 3.568316 -3.6372778
relatable -0.7673311 -1.4501635 2.4498222 -3.360787 0.15774967 4.306126 2.7545047 2.649708 1.7641817 -3.8512437 -0.6474612 2.5424197 -3.0717242 -4.5447187 -5.38233 4.1656575 1.096181 3.7472925 3.3832257 -5.1189103
audacity -2.2411902 -1.0639023 1.8662732 -1.5697643 -0.26973104 1.137128 2.2545304 4.3796782 2.1099842 -0.210479 1.6579127 0.92312545 1.0591211 0.5479545 -4.637553 4.0001183 1.5846928 0.8863743 1.6762367 -0.4466864
admittedly -1.7916543 0.37946266 2.829168 -0.77015615 0.059095133 0.627023 0.61511123 1.2114955 2.8193524 -1.2725768 0.6326221 0.2955744 -1.4876397 0.42840317 -3.5304317 2.7524128 0.77308786 1.2965101 3.2567928 -3.5144396
fuss -3.1722732 1.3109447 2.8019905 -2.6619928 0.9284001 -1.4930203 1.6732433 1.9680105 1.130844 -2.6067915 2.5095022 0.48727643 -2.5254223 0.95434153 -2.6367817 0.5974363 1.4329449 2.8619916 1.6827854 -1.3205701
romp -0.5403409 2.7411833 0.39973503 -2.0591404 -1.1581781 0.28478795 1.4457608 4.5492067 -0.025433267 -1.3962338 1.6422071 0.91713995 1.0309429 -3.861566 -4.355081 0.9729878 2.0743053 1.5254767 3.2240288 -5.1352696
expertly 0.47247472 0.9567318 2.9847503 -0.5095189 0.22787014 0.88278335 5.7120013 4.8256783 0.100237176 -2.3646538 3.2357473 3.1689186 1.6731511 -0.46852285 -1.4731693 1.2465131 1.3544073 -0.64564854 5.028027 -2.624015
breathless -2.0171325 0.53227067 3.8257158 -2.7164147 -0.31518623 -0.24100879 1.7882872 4.847125 0.5373991 -2.704365 1.2834532 0.24026498 0.9046057 -2.2582076 -4.5105977 -1.3298622 2.4129252 1.934901 2.9876385 -2.479513
opining -1.5152148 0.011013825 2.4922028 -1.3985518 -0.91798335 -1.0583214 0.63933295 3.7062988 2.511673 -1.6174172 -1.3468606 0.9300342 -1.3285832 -2.5932217 -5.1020646 3.0076115 0.7499266 2.6826198 2.9083607 -4.267924
mediocrity -0.08593501 1.5064349 2.4625645 0.13705055 0.46047953 1.6481701 -1.7234787 3.1168509 3.5864077 -0.5588033 2.416109 -0.9306446 -1.5586098 -2.0230274 -4.2800283 3.6027396 2.197721 0.9050209 3.1469953 -3.3648612
unfavorably -1.8321112 0.17647107 3.5859053 -0.43134916 -0.43666497 -1.3216746 1.1516508 3.0489566 5.251156 0.1544895 0.75801384 2.4082105 -2.6562662 -2.7722743 -4.456844 1.5208021 -1.3828843 -0.8757159 1.1287109 -3.5160408
wildest 0.4554579 0.69034165 -2.4325893 -3.8602796 -0.6513346 0.6228806 0.015188262 0.8318261 1.0976305 -2.458822 1.6955125 -0.31627226 0.9058172 -3.2297559 -6.3156323 1.2984377 2.3318145 2.7732298 0.34428856 -3.1502788
jarring -0.20970309 -0.18508162 4.562349 -0.86076725 -0.14074054 0.36469188 2.4595263 2.5492938 0.6560268 -1.6269054 0.004518534 0.153785 1.0214945 -1.7354176 -5.7041388 1.5772314 0.9091381 2.2933502 5.7117224 -3.2775195
quirks 1.2490376 -0.12551638 2.6582217 -1.4783137 -0.042807568 1.7824813 3.9092288 1.8480633 1.0612234 -2.5253775 -0.3193821 2.8632596 -1.6885138 -2.567343 -0.92495775 3.9831924 -0.27519584 1.1577635 3.4730458 -5.0366664
deceptively -1.5792719 0.59679127 3.4599621 -1.4605913 -0.3294874 1.6692438 3.6248982 2.998862 0.05750863 -1.6061225 0.22499675 3.4188583 0.62691754 -1.2316612 -3.7671397 2.1956527 0.008217501 3.104487 4.556252 -3.963625
farcical -0.3214707 -1.4448406 1.714298 -1.7208843 -0.981578 2.5843697 3.6933966 4.865633 1.9001942 -1.2125157 -0.7084884 -1.4468333 -0.95579183 -0.45868182 -4.013939 2.2135234 0.6590914 0.35816315 2.0742025 -5.664175
misogynistic -1.1871654 -0.70656747 3.7777581 -0.12788555 1.6067408 1.8769047 4.4559793 3.9970334 3.4565141 -1.0897874 -1.3668965 -0.73837274 -3.513918 -5.384802 -4.5329595 1.8563566 -3.3373485 4.78477 0.47953862 -4.0402613
illogical 0.0010578634 -1.5725582 4.4736576 -0.01551738 -0.5955464 1.357842 3.5215952 2.276521 1.4016451 -0.05828697 -1.0394412 0.918357 -2.5481012 -0.51080465 -5.775606 5.3798037 -0.33216885 1.45263 1.707361 -4.322172
approachable -1.2082059 -1.2998071 -0.8344988 -0.70833284 0.07841819 4.7062855 0.6705297 0.5987278 -0.85887766 -2.0372057 -0.65732986 2.8077402 -1.4905756 -0.7616994 -3.0523093 2.6447628 1.779476 3.0793629 4.235613 -3.9877944
gratuitous -0.7176534 0.93487114 3.0621972 -1.9237936 -1.3947828 0.50536764 5.0289783 2.7681384 1.9685947 -0.28201076 -1.8217355 -0.0009800149 -3.6572042 -0.8672958 -4.2870064 2.7270625 -1.3289635 4.013263 1.8062464 -2.9310033
engrossing -1.6908317 1.2568215 2.4730341 -1.0602565 -2.744348 2.144522 2.866106 4.734948 1.7842997 -2.5226035 -0.6721622 2.898644 -0.167663 -3.1497214 -5.7649856 3.1048846 1.7244464 0.32493344 3.5804193 -5.0601
gentler 0.057645243 -0.4490318 2.3968873 0.53494847 1.885544 3.7944016 -0.32256755 -0.5631579 -1.7285261 -1.949603 2.6618178 2.3037744 0.9249104 -1.252987 -4.3065333 1.9175361 1.5388707 1.7225895 4.915786 -4.0980015
deftly -0.11990564 0.652477 2.9025567 -0.16289975 0.04791078 2.0409179 4.973058 4.9187164 -0.427578 -1.9504241 1.9665388 2.3938978 0.22864802 -1.4687304 -2.9770834 2.2422314 0.5505782 0.14684448 4.347886 -3.0426984
imaginable 0.8348014 0.7074477 1.0758932 -2.3025548 -1.2199837 1.1357892 2.8738241 0.49228963 1.2933409 -1.2231739 -0.8935515 1.2639245 -1.6960204 -0.78100586 -3.9684865 1.7942781 2.8109293 3.5602098 1.9420966 -3.8192735
flimsy -0.572086 0.9594993 1.0470073 -0.85902536 -0.49147516 -0.26449785 4.559043 -0.8073383 0.06967885 -0.3353758 0.2279226 -0.05056316 0.47457027 2.590327 -3.2784715 2.981301 -1.4351159 2.3323429 3.5666819 -4.2770247
dreary -1.9800205 1.7157295 0.32595623 -0.6357739 -0.04445882 3.0143678 2.4897003 0.79448915 0.64604163 -3.4182017 1.7897052 -0.62318975 -0.058496363 -0.86766124 -6.306896 0.5797668 1.759867 2.1551433 2.8857355 -3.8666756
sardonic -3.179647 -0.18598522 2.5531185 0.34505722 0.87189347 2.8523498 3.8033245 3.974587 1.0458615 -2.562489 0.2028078 1.5471605 1.5784125 -3.3306644 -4.5283465 1.6501019 -0.69820285 2.3820102 3.0012982 -5.0232725
racy -2.123373 0.2860442 0.8008727 -2.752184 -1.187088 1.4759928 2.813426 3.9700813 1.9052814 -3.3586087 -0.6676629 3.1932743 -1.2140485 -2.3850842 -3.7630074 -0.22452068 -0.37968242 2.0167916 2.7931101 -4.974197
deadpan -3.0334377 -0.36498258 3.3710325 -1.045698 0.14765742 1.9901347 5.113802 4.820012 -0.15375856 -3.1239347 -0.61388475 2.6318274 0.42833003 -3.8277352 -3.7047048 0.8704129 -0.23023318 1.7027717 4.970734 -4.950225
imaginations 2.9239972 0.67870176 0.8121059 -2.6421244 -0.57264644 3.1986718 4.293557 2.0349007 2.2481914 -4.170222 2.0235596 1.9192411 -0.5953491 -1.6704711 -4.0860667 4.2281117 -0.7539775 2.6972024 1.4259564 -1.3453262
escapist -0.37875253 0.20646405 1.4198843 -3.4322665 -2.2660146 0.5787825 2.3668 5.821831 1.0197769 -1.4291813 -0.380064 3.3995068 -0.8099834 -3.5603979 -3.6876855 2.1616738 -0.2808691 0.50248104 1.5917748 -3.4319253
thankfully -0.9387577 1.2129982 1.8005711 -2.9391525 -0.027677456 -0.5360747 1.1841562 1.9120263 -0.4447981 -2.8717906 2.226288 -1.4138958 -1.1247478 0.42369944 -4.4123063 1.8969312 2.1340039 1.9959427 3.0636802 -2.0676835
campy -0.7039457 -0.10694412 2.0659616 -3.7351758 -0.56994855 1.8414724 3.2695568 5.7111287 0.42255226 -1.5407325 0.19167216 1.0778346 -0.127023 -4.733205 -4.8981013 1.3782256 -0.22425613 2.3743324 3.6261024 -5.910064
eccentricities 0.20697406 1.1298171 3.3052578 -0.06502219 0.65247256 3.5359452 3.271541 0.57570136 2.574114 -1.8706775 2.1617186 0.8488509 -0.3863757 -1.8766025 -2.8830314 1.8371834 1.8489118 0.37009498 3.1395016 -3.6843026
screwball -0.8843967 -0.4433071 0.43456724 -3.1157615 0.048917886 2.160372 2.86734 4.422228 0.789027 -2.3064227 2.0232913 0.9312024 1.1387173 -4.9993086 -2.874435 2.0435088 0.6427342 -1.770287 3.1309254 -5.9314094
uncharacteristic -0.6587893 -0.27532858 3.137936 -0.85937667 0.49464983 1.1000547 0.52779174 1.2722965 1.618563 -0.44689998 -0.23394515 -1.8268652 0.6210364 -1.1280657 -2.95742 2.9753876 1.9480724 1.8404619 3.2826633 -3.8900747
uninteresting -1.1608421 0.24417083 3.3622696 -1.2737094 -0.561472 1.5963132 2.5777876 1.4662602 1.7240245 -1.9576632 0.3471116 1.9957168 -1.1625047 -1.8835341 -5.341565 2.8004982 0.96381474 0.59772754 4.1756167 -6.5141735
unapologetic -1.4693041 0.04644453 2.5276344 -0.32974643 0.7198476 -0.4547224 1.0720322 5.033 2.384395 -1.7709639 0.20390707 0.67053974 -1.3351501 -3.4054506 -4.6630354 2.0798397 -1.2757483 4.129015 0.7931545 -2.0753586
asides 0.8066961 0.056424957 3.0624292 -1.5171567 -0.78179765 -0.822769 2.9497604 2.0520916 3.1629875 -2.7413142 -1.253539 1.9712541 -0.6156081 -1.2613491 -2.2911425 -2.4075603 0.5513098 2.5918553 2.7834382 -4.343145
dour -2.819881 -0.22821502 0.5511702 -0.35079333 1.460995 2.76645 -0.53291625 3.6670573 0.41570464 -0.5224381 2.347106 -0.00072476506 1.1736687 -1.0452719 -3.3440359 0.75136757 1.4464583 1.5757153 3.0082023 -4.6972966
intelligently 0.4253548 -0.93963957 3.0733755 -0.91410065 -0.7905649 1.0513597 4.54746 2.5399592 -0.3510452 -2.3085198 -0.077729836 3.3876982 -2.463091 -0.048850052 -2.3837872 4.0392337 1.0801396 0.74397904 2.8828351 -0.15388376
suspenseful -0.4964166 0.6214802 2.9039373 -1.5155476 -2.6108403 2.596452 4.910406 4.843652 0.7108866 -0.8443505 -0.052085508 0.8432381 0.72235495 -3.192789 -7.075045 1.9641421 3.1806598 -0.515983 3.5276165 -5.915507
cliches -0.26219216 0.7177732 2.63356 -2.2643301 -0.59202844 2.3586826 4.166248 4.9714346 1.4937372 -1.2249157 1.2542489 1.7591153 -1.3623621 -2.321669 -5.273641 0.93276656 -0.7339824 1.5699043 4.292322 -5.1288247
unpredictability 0.44048613 0.02153482 4.10834 -2.4405816 -1.4721591 2.6838636 0.28582895 1.5779041 1.4628012 1.3558745 0.26430663 1.5103496 -1.9855181 -2.2923143 -4.7506604 4.2392397 1.9622973 0.3971626 3.9992633 -2.2473328
corny -2.2422087 0.13173582 3.2260697 -2.332016 0.44467217 0.097470164 2.2714925 3.7048516 -1.3349788 -3.93898 0.46102804 1.3958577 0.0064107887 -3.09675 -4.1851807 0.85790825 0.6226356 2.48494 2.8434973 -5.5563135
preposterous -2.5364277 -0.60735255 2.9859285 -1.3996575 -0.3968052 0.20724659 4.213067 2.9929483 1.8497795 -1.1272794 -0.16395217 1.0608289 -1.2565296 -0.50651824 -5.746426 3.5937176 -0.9708302 1.9636663 0.77149075 -3.95633
kudos -1.9447901 -0.3437942 2.0682929 -3.4668243 -1.1194168 -1.3844007 0.25875562 4.850964 1.5080093 -2.4379122 -0.082594156 2.5754623 -1.3176105 -1.8341707 -0.42437285 0.4631571 2.0497909 0.055176422 2.159539 -0.86591065
tasteless -3.4035466 1.5738366 3.223887 -2.9946501 0.13904272 -0.05676589 3.5820045 1.5875177 1.7296633 -0.23032382 0.46281874 2.0127394 -1.3346816 -2.1142745 -4.371551 1.4564126 -3.1993444 3.8946657 2.7938118 -3.1892896
bravado -1.5403514 0.22406678 1.6761761 -2.0928023 1.786286 0.9317205 2.2123382 5.096866 0.492152 0.10860986 2.583628 -0.8236463 0.18883245 -2.254181 -3.8768888 2.9057326 0.59269816 3.51088 3.448245 -2.8142803
nightmarish 1.5835061 1.3424524 2.1171439 -2.5249908 -1.2366146 3.1993756 5.6573277 2.4698858 0.18856743 -0.945266 1.9691168 -1.2415295 1.9069625 -2.954111 -6.240788 1.9951434 1.7461534 0.9773143 1.331757 -2.444944
cartoonish 1.4978498 0.13234156 1.8883902 -3.1037414 -0.3211853 1.7945604 5.214852 4.5435777 0.8448137 -0.72328234 0.879519 2.0248582 1.7629098 -2.8430648 -3.5053318 2.7167912 -1.1259187 2.7809048 4.901009 -5.688969
supremely -3.250107 -0.36265305 2.3667512 -0.5810895 1.2654536 3.3864534 2.516349 4.182987 2.0572333 -0.5586219 1.5453362 1.7556903 0.15260394 -1.463208 -2.6311097 3.798618 2.0708919 2.2996478 3.3990843 -3.7030694
bloated -1.2447737 0.8907296 1.937041 -1.4525853 0.60418814 -0.06686658 3.0710475 -0.58341134 0.03152508 0.39271912 0.8657146 -0.60450476 -1.4225012 -0.38239604 -3.8358777 2.1387005 -1.2318009 2.0374968 3.9007387 -3.3417335
underwhelming -1.2724249 0.45428902 2.8326232 -3.7107046 -1.357819 -2.9383574 -1.1574638 3.119477 2.9605072 -1.173539 -0.31254312 0.024723692 -1.9591017 -2.6321073 -4.8701267 1.530097 1.8860345 0.82647735 4.3861823 -3.8684628
ridiculously -2.6611454 1.31466 2.3403974 -2.6295547 -0.33874547 -0.17589846 1.843873 2.7769675 0.08471852 -1.3310611 0.8305327 2.5917726 -2.0766015 -1.3119494 -4.494808 1.9891233 0.87626714 2.7643864 3.7694664 -5.004333
claustrophobic 0.054565832 1.7985158 2.7629924 -1.4733423 -1.2650548 3.923397 3.7124004 1.7492745 -1.5874996 -2.0138047 0.71711844 -1.2183232 1.112174 -2.0399704 -6.0348783 1.2768025 1.490734 1.7615047 5.0762153 -2.854824
raunchy -1.3971604 0.433165 1.7384866 -2.9194534 1.0809292 0.3519281 2.6066945 4.365114 0.56202596 -3.3043232 0.4265171 0.89051515 -0.67446655 -4.6902194 -3.3457887 -1.4778581 -0.3786254 4.4779825 3.7930956 -3.8576436
funnier -2.4239795 -0.45504382 3.2122903 -3.7408357 -0.43138725 -0.6039999 1.9235829 3.4556322 0.5315985 -4.5188847 0.51564 1.401826 -1.5405552 -2.296226 -5.3606334 2.3017027 1.8923916 0.86376923 4.1505103 -6.459683
astonishingly -1.689017 1.7187756 2.5372698 -0.5628318 -0.540423 2.0488148 1.0587679 1.4646351 2.3352408 -1.0522736 1.5881037 1.1306547 0.20486487 0.10436424 -3.1444807 1.4830537 1.6755966 0.55792063 3.7391365 -3.8220165
delightfully -2.400958 1.5227141 1.9794061 -0.8457749 -0.3603401 2.058334 3.0757859 4.4934874 -0.24175847 -2.0394502 1.7047278 3.6075974 0.74170834 -3.1923354 -5.4136724 0.22388941 1.269292 2.09377 3.0089011 -5.64015
disappointingly -0.5400059 1.3255066 1.9971623 -1.9509034 -0.48747182 -2.1722236 -0.5004425 2.6715307 2.200138 -0.18887804 2.0114338 -0.27391738 -1.2620617 -0.03459773 -3.6246786 -0.26817814 4.2840934 0.47659492 4.1309743 -3.907009
zany -0.7850911 -0.4000978 0.8936939 -3.693382 -0.2267086 2.064903 3.4062915 3.9734087 -0.7605196 -2.958682 0.23869298 1.630116 0.3464101 -4.4009614 -2.3479846 2.2885551 -0.24506861 0.66297376 2.588902 -5.376358
incongruous 1.1915458 -0.20612471 2.2910492 -0.3700149 -0.58756316 2.5980415 2.4945474 1.641046 0.45389393 -1.958698 -0.6804428 0.96039397 0.73550004 0.39650849 -3.8462422 2.4326417 -0.79685456 3.6915631 2.6551266 -4.8007765
throwaway -0.22886662 -0.05128097 2.0366123 -3.6329298 -1.1055063 -0.08508237 1.5770452 1.1712186 -0.6612817 -3.0565324 -0.74911135 2.2482173 -1.0697784 -1.7083038 -4.781847 0.6683204 -1.1788416 2.6451197 3.242938 -4.7152166
cluttered 0.59579974 1.4287477 0.90936536 -1.6950532 -1.9924781 1.9464778 3.3433788 -0.2704439 -2.1687908 -2.77055 -0.9271843 0.07870118 0.5780136 0.12770961 -3.6936958 1.6100125 -1.3311702 1.5651788 4.934796 -3.925676
tiresome -2.4717152 -0.33924747 2.6892588 -1.6385504 0.06157541 1.6273413 2.247949 2.1343822 0.84654933 -2.8611026 0.9693211 0.4865881 -1.7739464 -0.83086497 -5.550044 1.9381827 1.04312 0.67772216 4.114376 -4.0985394
snappy -1.8480017 0.32354042 2.135728 -2.050073 -0.17413951 0.15531443 2.7120788 3.3106713 -1.5137044 -3.2816598 -0.015010385 3.1412485 1.0421048 -3.1576529 -2.6535194 1.4350051 -0.34343827 1.8960999 4.798275 -4.020084
unsophisticated -1.302159 -0.87448406 0.9898631 -1.2016363 0.94255674 3.9004567 2.2312524 -0.06790418 0.8950949 -2.029953 0.7885484 1.7415719 -1.9963386 -0.21409547 -2.93811 2.707099 -2.1426644 1.5267522 3.665954 -3.9813764
awkwardness -1.6006632 1.4170468 4.4340577 -0.5033158 0.5232357 3.521313 2.8305037 2.883609 0.645227 -1.6993525 1.3922944 -0.47775975 -3.8315995 -2.2959135 -3.1626663 3.2752032 2.437253 1.3047496 3.1082714 -3.3820536
cliche -1.0293118 -0.9069804 1.9430096 -2.461756 0.348115 -0.5577615 1.0470166 3.9526842 0.96479034 -1.3066391 1.598693 2.3117075 0.08720777 -2.0152612 -3.0584745 2.4320009 0.41336864 0.46715426 1.7207506 -3.762922
coincidences 1.6099691 0.031259906 4.811723 -1.3957665 -1.5897886 1.6364619 5.2670183 1.5779963 2.6134098 -0.11479862 0.5666415 0.74422747 -1.6654922 -0.17317057 -4.0403576 1.5543143 1.7047303 -0.9201908 0.18435027 -4.4747357
farfetched -0.8401189 -2.037914 3.3955755 -1.4939158 -0.47606087 1.2870482 3.319033 1.5185219 1.9465904 -1.4736806 -0.07369329 0.87882745 -1.3482893 0.13477908 -5.932203 2.828222 -0.8457575 0.626927 0.5758149 -4.188995
acerbic -3.7415211 -1.4492819 2.443705 0.44292358 1.1428103 3.2080889 2.7653706 4.004311 2.0597808 -2.6694932 -0.7120147 1.210681 0.5144886 -3.5538752 -3.103317 2.2205226 -1.868369 1.1891863 2.5032146 -4.8904233
watchable -4.6358113 -0.13305333 2.2312703 -4.1555552 -2.0890524 1.4898785 2.35519 4.0289555 0.8791111 -0.3092977 -0.9736871 2.152845 -1.7373955 -2.7030313 -5.7621613 1.1974239 2.2470815 0.530945 4.4480577 -5.7409124
unoriginal -1.4291528 -0.16493034 4.687723 -1.896552 -1.348576 -0.57743686 2.6408944 4.2926474 2.0596333 -1.3497097 -0.20454635 2.9899642 -0.7836269 -1.8408219 -5.770248 1.464325 -0.9867749 1.2117292 3.0000196 -5.4896617
heartwarming -2.3326178 0.032107018 0.95924324 -3.2011552 -1.2992109 3.1113718 2.6121547 3.4663792 0.32808313 -2.9140327 -0.10393359 1.5703125 -0.8637094 -3.8606384 -5.678857 0.8549985 3.1146498 2.1063886 1.1026442 -4.084272
theatrics 0.92206794 1.7025992 1.5649973 -1.8055084 -0.31487048 1.920707 3.2344837 5.9609118 0.84223855 -2.8980768 0.99878716 0.16958582 0.5088402 -2.5114863 -1.3633863 1.3289264 -0.50334316 2.8604887 5.0310583 -1.8084872
baffling -1.3459661 -0.08842106 3.0273 -1.3012455 -0.5642031 0.8936254 3.1296804 1.7398466 1.7558041 -1.0890287 -0.19360362 0.7167097 -0.62641597 -1.5865262 -4.104054 3.7510772 0.13250291 0.9686448 1.950717 -3.1853807
impossibly -1.2144274 1.0986372 1.9303023 -1.545452 0.17745088 1.628535 3.2408488 0.21300921 -0.039986853 -0.9338294 1.4767258 1.8280374 0.32035038 -0.33353543 -3.9235864 1.8777806 2.1372397 2.4346025 4.5776367 -4.3097343
trite -1.6622432 -0.5962979 4.4788737 -1.6754079 -0.4311515 1.9343375 2.4277377 3.3321116 1.2472874 -1.2866448 -0.14966755 2.0051174 -0.38192475 -1.5893116 -5.811256 1.3924378 -0.6209323 2.451571 3.2212224 -4.6822085
giddy -2.0889785 1.0103848 1.7305198 -2.6348944 0.38933623 1.2788683 0.6462678 2.589627 -0.33526915 -2.5939326 1.7755892 0.60261023 0.9261977 -2.083433 -4.489188 0.11054355 1.3822826 2.9786685 2.6412778 -2.7022731
punchy -0.841029 -0.5242954 3.5524685 -1.4280989 1.2918329 0.27683726 1.481415 3.113071 -0.5315586 -2.4451978 1.3042625 2.0504563 2.0263484 -3.4294922 -3.9803245 -0.67760056 0.032359105 2.677495 5.2881026 -4.0167093
smartly -0.8081676 0.6299523 0.83757436 -1.141945 0.7921876 0.30024943 3.5688322 3.9259405 -0.48539934 -2.4432616 2.6722853 2.9605756 0.3319469 -0.29033974 -1.401947 0.86744815 1.8397346 1.354145 3.8049161 -3.3731172
gratifying -1.7010453 0.2161991 2.164904 -2.0120702 -0.42367584 2.1199877 0.58329904 1.6864876 1.9806694 -3.2272203 0.12572877 0.45833126 -1.68161 -1.1334089 -3.8824353 3.4044867 2.2228978 2.5054102 2.133829 -1.5710918
gaudy -1.2729352 1.7720925 -0.7868406 -1.4580625 -0.1645499 1.7118392 3.8294518 2.387266 0.45442984 -1.4285297 0.53778875 1.2384841 2.3346987 -0.24760045 -1.2550088 2.0538177 0.28403577 4.2244296 2.5343342 -4.1739917
tacky -1.2709955 1.5904406 -0.11189745 -2.790985 -0.025896486 0.29037023 2.7482023 1.650918 -0.47378165 -0.8399883 1.4496989 1.9800134 -0.4758952 -1.1853248 -3.607453 1.0793386 -1.599743 3.457749 3.0334933 -3.4423375
silliness -1.6728978 1.241543 2.4962223 -1.4818604 -0.1148344 1.2647109 3.0343294 4.218576 0.68439204 -0.9158615 1.3613749 1.8742405 -1.7308359 -2.8292694 -5.373371 2.016267 1.2352544 2.4299893 3.234436 -4.290535
laughable -1.8268228 -0.74520665 1.9781514 -1.4558251 -0.34153542 0.6899118 3.1507478 3.450129 0.9277781 -1.0514495 -0.45432273 -0.022125974 -2.006298 -1.573322 -5.079488 2.7646654 -0.36039338 1.7919284 1.9754869 -3.9492164
sensationalism -1.2831361 1.4311072 2.0263405 0.19793513 -2.0679033 1.7210613 2.7327428 4.233217 3.4249854 -0.6271973 -0.7620736 1.150157 -3.620766 -2.7705312 -5.351661 2.3598418 -2.8398054 0.6013545 2.1546268 -1.8627864
hyperbole -1.2925166 -0.9605966 3.3592544 0.0497438 -0.09199855 1.0461073 3.658253 2.9941368 2.965066 -0.3020094 0.41010845 2.4643483 -1.0589834 -0.7242832 -5.662181 1.9010046 -0.5761635 1.6616842 1.5357268 -3.403411
gibberish -0.5635102 -2.8333519 3.725168 -0.56382555 1.6488764 0.438956 5.2726674 2.190025 0.8589866 -4.303489 0.27139872 3.7615073 -0.6680673 -0.8367025 -3.332791 -1.4229332 -0.31459042 2.6732635 1.6891872 -2.182626
unsatisfying -1.3577088 0.6598591 4.589537 -2.0736673 -0.568961 1.1671386 0.8641711 2.1703682 1.787696 -1.6322745 0.8948007 -0.11413402 -1.5513227 -1.8569962 -4.4250617 2.5457838 1.8158523 0.33631405 3.0845354 -3.8171666
lousy -2.4973757 -0.04954593 1.1101898 -2.7251863 0.54539704 -0.60409236 1.2937627 1.9945604 0.5638408 -2.8969545 0.84949243 0.75571686 -1.146826 -1.8558544 -3.3742068 2.2148716 0.8699749 1.9850367 1.6056875 -2.603774
wishful -1.1919892 -0.47992614 3.9916587 -1.3082674 0.027013969 2.1046758 1.6670626 2.207965 1.6351297 -2.6298501 1.3059354 1.3117092 -0.612593 -2.1558588 -5.7144256 3.4540505 0.6301058 1.4652294 0.37207198 0.088659436
stunningly -1.1673477 1.5953182 2.0137784 -1.7402725 -1.0916518 2.1533709 2.22725 4.3153324 0.8621329 -0.67957366 1.2552372 1.4776058 1.222115 -1.4683261 -3.156267 1.4936832 2.0571125 1.6459454 2.9802353 -3.8415341
trifle -3.1710732 1.243648 1.6996593 -1.5455996 0.60778517 0.755198 2.7821293 0.6948525 0.6775691 -0.6634811 1.8608797 2.8489532 0.10450569 0.8429674 -2.640192 0.8469763 1.81101 3.114378 2.72036 -5.026153
eerily 0.43682897 1.0737143 2.7760754 -0.25735593 -0.48638555 0.7694451 4.713874 2.6885152 0.72975 -1.4640391 1.4578067 0.3387481 1.9999155 -1.4513104 -4.81144 0.57110703 1.0761395 1.4519347 2.0445569 -3.3014812
gloriously -1.3430245 1.316764 1.6253308 -0.7368969 0.3848377 1.2197182 2.4017153 3.5723526 1.0325094 -1.073354 2.3520255 1.0287505 1.6684351 -0.8423407 -4.7100616 0.13085386 1.8872533 3.4965637 2.4646363 -2.8258717
ponderous -1.1598233 -0.13899651 2.8407257 0.47931528 -0.43945497 1.8932545 2.2789547 1.4376671 1.437497 -0.5997637 0.46219528 1.2870636 2.3637583 0.6147305 -4.848933 1.240035 0.15306045 1.0883023 4.1732883 -4.3138995
panache -1.8299452 0.4614359 1.29616 -2.0938342 -0.54850245 2.340324 0.88920206 4.425511 0.60419625 -1.0033879 1.5296333 2.7979946 1.4914683 -1.0619761 -1.9143138 1.8862771 1.6217821 1.084637 3.1642115 -2.219667
enthralling -0.8224514 0.83318424 0.9920786 -2.3178387 -1.7153802 2.1942544 0.6662704 4.45791 1.5354346 -1.1609092 0.17886712 1.0759374 0.88432693 -2.8630147 -4.205164 1.3407035 2.6801698 1.8503935 2.2665775 -3.3722675
unfocused -0.22352585 0.31454098 4.291522 -0.8713669 -0.07441147 0.9312274 2.1158423 2.1970599 1.5818632 -1.3313079 0.92208 1.0267962 -0.19124283 -2.3919604 -4.9512067 1.6851449 -0.08259508 0.89778864 4.28692 -3.5334172
folksy -0.81228244 -0.3363723 0.99370104 0.56962055 1.2982255 2.7083704 0.842717 3.4252226 0.50214463 -3.1049485 0.6748854 2.8174274 0.6107269 -2.7867608 -2.9318607 -0.23186718 -1.5892265 3.4239304 3.1078124 -4.101528
unappealing -0.6742721 0.48528883 1.6352599 -1.6298664 0.5250693 1.3790277 1.7978959 0.32111406 0.8834187 -1.3440673 1.0927314 0.7040751 -2.3923466 -0.86291134 -2.749899 3.5819964 -1.0660179 1.6264553 3.4412184 -3.8055212
insanely -1.5767211 0.19721189 2.6008868 -2.5173411 0.88876057 0.7901708 2.4993262 3.492404 -0.397366 -1.6550955 2.118059 1.6091495 -0.40660554 -2.6130633 -3.584319 1.8155773 0.22789824 1.8502929 2.6901278 -3.1920831
unbelievably -2.6817842 0.5212856 2.2906702 -2.258031 0.28390536 0.5584196 1.3228624 2.3388233 1.0547367 -1.1305753 1.4589044 1.2969933 -0.70625514 -1.2688245 -3.8090563 2.6050873 2.3816724 1.681165 3.5000076 -3.0991218
letdown -0.9723433 1.4089522 2.7324636 -2.5809376 -0.37912172 -1.13593 0.28574464 2.7104287 1.0561609 -0.24795455 1.2084996 -0.59791034 -1.4354533 -2.7576175 -4.3445134 0.106599525 2.5984766 1.3630038 4.137236 -2.8227499
edgier 1.1814896 0.5201106 2.4732816 -2.2269816 0.18056427 -0.4122566 0.0006557378 3.5922787 0.95614356 -3.2695706 1.8607904 2.4926176 0.42004895 -3.2931976 -4.1449 -0.33485332 -0.7151423 2.4850647 5.2744684 -3.8868623
quips -2.6262064 0.22486311 1.1097648 -1.3541625 0.41621011 -0.10559982 4.2495003 2.8359418 -0.16152154 -3.3416111 -0.27842176 1.1334754 -0.95553035 -2.0613444 -2.1242988 1.5612578 0.33342144 1.8528808 1.401625 -3.9997928
gutsy -1.8269287 0.4575148 1.1723574 -1.5496538 0.9114112 0.41599548 0.521655 3.8069484 0.62369055 -0.9343789 1.9706547 0.70999503 0.71352565 -3.313781 -2.72121 2.7037835 2.512609 1.5403612 3.7350492 -3.0356216
highbrow -0.55515134 -0.56782234 0.53944385 -0.576943 -0.65542746 2.6652048 1.3040291 3.8453212 1.8866836 -3.1271005 -0.5767985 2.7803066 -1.4901389 -2.632616 -3.6514187 1.1394744 -1.4499474 1.8500044 2.9590652 -2.2718534
brimming -1.4343168 0.5035641 1.057575 -2.192204 -0.53218746 3.2684817 0.12479026 2.0325003 0.047826413 -0.66008985 0.3236961 1.3982661 1.5991255 -2.5069094 -5.174111 1.7422386 0.25784716 3.9926028 2.732732 -2.13055
unimaginative -2.5193923 -0.79251504 2.3797138 -0.84704286 0.24092245 1.7980678 2.7548866 3.3478572 1.6471161 -0.50231 0.5995719 1.029995 -0.6800878 -0.6352222 -4.0226707 2.5997405 -1.2399961 0.6229283 4.0123496 -3.7951841
clunky -0.5244417 -1.141032 3.7576532 -2.0587497 -1.1278175 0.7805471 3.1746957 3.8342717 -0.2180699 -0.97766703 -0.8577715 1.9360261 0.8418297 -1.3735514 -4.345347 2.2457197 0.30900493 0.7040306 5.65515 -4.1430416
overused -0.6441503 -1.4812456 2.306409 -1.9597542 -0.05860595 1.0532564 2.2944036 0.5689512 1.2067732 -0.9231324 -0.7000401 1.7234142 -1.356561 -1.4692951 -3.5312445 2.5516315 -1.1375924 1.0121745 3.4826527 -2.9833407
unfunny -3.1942208 0.07901949 2.1165411 -1.9603631 -0.64163405 -0.04759765 4.304098 3.8330512 0.52660614 -1.6006317 -0.1853546 -0.06699534 -2.0373938 -3.1345177 -5.87163 0.934988 -0.40876424 0.3382613 3.5028434 -5.712522
absurdly -1.6010376 0.89124167 2.1991613 -0.50021195 -0.24661045 1.2294025 3.2471793 2.1696613 1.4997201 -0.4980131 0.9388053 1.42735 -0.8439579 -0.22597075 -3.7821126 1.6314644 0.37747985 1.2514057 2.9291599 -4.1175323
droll -3.1761174 0.3566469 1.1443555 -1.1255304 -0.29471335 2.7304695 3.1646671 2.989069 1.1579303 -1.684637 0.46628106 1.9542505 1.6573795 -1.7190734 -3.207493 1.6626241 0.6848866 1.5523837 2.5657828 -4.447696
overlong -1.7054768 -0.2744058 3.8711255 -1.3075815 -0.48838052 -0.07199059 2.8018532 2.55702 1.35506 -0.6577178 -0.19640262 0.7158172 -0.6229219 -0.858696 -5.0609813 -0.35763747 1.4587942 1.3717564 4.330692 -4.915687
awfully -3.0127835 0.82143795 1.2089416 -1.977316 0.6482081 0.029370682 2.1239636 2.2926867 -0.044069882 -2.064034 1.8302038 1.3366598 -1.0072042 -2.2188118 -4.1453066 1.3398384 2.449358 1.9435717 2.742822 -3.8531282
garish -0.6589691 1.9801148 -0.7744595 -1.9731348 -0.2625955 0.97388 4.490014 2.8830266 0.40558153 -1.1701707 0.7748186 1.9082435 1.858461 -0.44297212 -1.4327862 1.7114735 -1.2175578 4.5548115 3.5814254 -3.5914636
plodding -1.9716694 -0.5604589 3.2072484 -0.7622084 0.3653702 1.3832943 2.0247812 2.5164344 1.3176131 -1.3508747 0.8870192 0.47760704 1.2310272 -1.056446 -5.080815 0.81229144 1.0484914 1.2120485 5.028556 -4.496007
shenanigans -0.75915676 1.693943 0.44663915 -1.4933925 0.1819165 -0.11709052 3.2617793 3.4177747 -0.3524907 -2.0558105 1.5335455 -1.3424194 -2.9106226 -2.4761941 -2.4328465 1.6006151 0.6293301 0.54131836 1.8035066 -3.0648172
misfire -1.7039187 0.52637905 4.066588 -3.5596807 -1.0128144 -2.355214 2.1161835 2.0416305 -0.36681983 0.57923543 1.5297879 -1.1426982 -0.8129199 0.4707207 -2.775977 0.86010677 1.8864383 -1.9501474 4.771929 -2.000488
beguiling -1.914382 0.82532054 2.3426714 -2.1001217 -0.504007 2.7302241 2.1430259 3.3839817 0.840238 -1.6340797 1.1888404 2.0937839 1.7703617 -2.36059 -4.263143 0.8154692 0.6652032 2.3096857 2.0124688 -3.5320783
weirdness -0.5935295 2.113292 3.3654485 -1.0118927 -0.74088377 1.340732 1.886617 2.6089666 -0.06592025 -1.7770227 1.1258719 1.8934917 0.46755704 -3.040753 -4.9817605 1.0732309 0.80846214 2.5802956 2.3009331 -2.5923898
trashy -1.5301847 0.42935324 1.2191014 -3.300439 0.2280045 1.0674073 2.5566564 2.8292594 0.34822863 -2.8585644 1.0072311 1.7875822 -0.9788001 -3.2918549 -3.5010424 0.68882835 -0.5124056 2.5924554 2.1551647 -3.3182652
unnerving -1.4087214 0.09215105 2.4085345 -1.0941918 -0.15992701 2.5745175 3.660979 1.7961165 0.23474135 -0.79963875 0.08133333 -0.011471592 1.0027262 -2.5302334 -5.072989 1.7241285 0.9995025 1.9280405 2.8763275 -2.3509715
rollicking -1.0412289 0.80979264 0.43566072 -1.2506367 0.12701055 1.1296793 1.5581725 3.5087726 0.4970616 -2.443434 1.0283918 1.850345 2.0830326 -3.3020322 -3.4498982 -0.08745116 0.812246 2.923659 2.6324847 -3.7762017
deliciously -2.1278005 1.6009641 2.1500745 -2.0285025 -0.15554029 0.91539264 2.888607 4.4913864 0.13766146 -1.4824433 1.3800175 2.483421 -0.08049249 -3.079191 -4.5936036 0.08989292 1.090414 3.161715 3.1066706 -3.9582367
playability 1.7777783 0.4996281 3.4641545 -2.7628424 -2.5619662 -0.34302413 0.18712898 2.9786992 0.9469444 1.2067611 -0.34147266 3.6284714 -0.181795 -0.9450938 -1.7774209 4.130139 2.4879913 0.35497555 5.5163703 -2.1394305
unpolished -0.7933257 2.0153544 1.9591329 -1.2601908 -0.63749105 1.0384138 1.3465159 1.5080516 0.934549 -0.5170204 1.5391458 2.247176 1.8350765 -0.59582335 -3.364066 1.1845413 -0.29118627 2.5299282 4.144561 -3.1616404
hilariously -2.3311899 0.2241883 1.949927 -1.3240389 0.013138383 0.92750496 3.727223 3.962564 0.22883646 -1.8556869 0.3340738 0.2570721 -0.6680531 -2.9329228 -4.6076784 1.2959789 0.9860641 1.4404129 2.6954546 -4.8397884
outrageously -2.3774464 0.63807815 1.2389086 -1.7484722 0.5984951 0.85351795 3.5493705 3.1011107 0.22151995 -1.4284948 0.94202477 0.5545995 -1.8609723 -1.1686609 -2.6048956 1.5674314 0.46116248 2.4955418 2.4862006 -4.17306
insipid -2.3008997 0.35930243 1.8463318 -1.7062345 0.39254674 1.3507545 1.6677974 2.3378353 1.3125458 -1.4018445 1.2715954 1.8817838 -0.5623598 -1.7199705 -3.8120584 0.7185643 0.43655366 2.189016 2.102402 -3.6747346
fantastically -0.41071862 0.71624935 1.3646424 -1.7831234 -0.17287955 1.7076159 2.3669107 2.7466378 0.5958952 -1.5158138 1.9585124 1.8573959 0.6389595 -0.80268615 -2.9040604 0.93308675 1.2074893 1.2572367 2.9306355 -3.4145322
hilarity -1.144055 1.9873149 1.6475849 -0.82882744 -0.69652706 1.0224406 3.0769675 3.8070607 0.39182207 -0.9506063 0.986883 -0.39375913 -1.4839227 -2.1469488 -4.137773 0.25509188 1.6176988 1.4402868 2.334543 -2.752403
overdone -1.7922542 0.20367983 2.8618608 -1.9533889 -0.43872586 1.7263519 1.8130084 2.3828318 0.17546022 -1.3846574 -0.23436119 0.6617007 0.01619381 -1.4133512 -3.7712262 1.3838341 0.43980727 2.272419 2.9408514 -3.8305664
cliched -1.7556926 -1.3961408 2.6661782 -1.9007773 -0.33302313 1.5197551 2.5321531 3.166682 0.6906296 -0.665546 -0.5596214 1.2691616 -0.69039613 -2.7225842 -4.979469 1.510352 0.7312793 1.1196834 3.250324 -4.3130126
offhand -2.0328581 -1.2288357 2.514554 -1.0277342 0.3937778 -0.42405912 3.238457 1.8364631 0.8104788 -1.947396 -0.48698878 0.8265258 -0.9723484 -0.6514865 -3.2200394 2.1076324 0.24628657 1.7672309 1.4468415 -2.200893
disorienting 0.2763897 0.3321585 3.305809 -1.0609125 -0.51057774 2.4388154 3.0535579 1.3902406 -0.249394 -0.14979568 0.07840704 0.13176449 1.2319843 -2.670932 -4.3104343 1.4231414 0.98682606 1.5614132 3.9059541 -1.9530741
reshoot -1.0500494 0.4588138 2.7261877 -3.460496 -2.6416214 -1.541 2.8378384 4.7503576 -1.243382 -2.166096 -0.522332 -2.3578126 -0.706028 0.81781733 -2.4003413 0.28500056 0.9087899 -0.9747894 2.5917141 -0.3615549
startlingly -0.79620963 1.146946 2.188878 -0.8673735 -0.922256 1.9011291 1.7405258 2.6821384 1.8863679 -0.9620511 0.7036317 1.9023695 1.0781821 -1.2551564 -3.513231 1.6510688 0.5050189 1.8904482 2.6233075 -3.3901641
filmgoers -2.1737366 0.4095604 1.9989855 -2.0036552 -1.4502369 -1.0856193 1.560891 2.729612 3.9506092 -0.5257541 1.1741697 3.356298 -3.3267548 -1.2633288 -2.5610995 -0.83275205 2.120642 -2.1973972 1.5740833 -2.8389971
repetitious 0.25157535 -0.5959584 3.4812884 -0.08749311 -0.7480124 1.8837696 2.5931218 1.2445854 1.0026921 -1.6086442 -0.81061155 1.6426897 0.034945164 -0.9012193 -3.6596668 1.8602433 0.5516794 1.2014114 3.6171076 -3.253653
unapologetically -0.3080076 0.35147083 2.0350466 -0.45065594 0.57191753 1.085684 1.8015474 3.991232 1.2034113 -1.7069727 1.0736607 1.1973351 -0.48064137 -2.874807 -3.4382012 1.4480627 -0.98507094 2.3428743 1.6803265 -2.2141037
aplomb -2.01734 0.58815986 1.5810834 -0.5902629 0.2910262 1.3424106 1.4534559 3.4555964 0.7117076 -0.73096967 1.062307 1.1025386 -0.4018568 -0.9392998 -1.3927221 1.4016167 2.203925 0.9904847 3.0579603 -2.3644888
grittier 1.1933265 0.0070964214 2.3179045 -0.8458949 0.09385492 1.1862668 0.7363673 2.5741758 0.33506313 -1.8698847 1.0991591 1.3488458 1.3406597 -2.9005892 -4.4190454 0.15562493 -1.0308453 1.7687986 4.637482 -3.3687003
tonally 1.0874821 -0.6525281 4.3225636 0.5306548 -0.08494932 1.4722619 1.6247429 2.4971704 1.1791427 -1.4226415 0.050871786 2.124165 0.7799839 -0.8020618 -2.570472 -0.05660621 0.5908757 1.3018354 3.9569805 -4.252649
inane -1.2717757 -0.6029308 2.2329533 -1.3162514 -0.10495119 1.275344 2.9948976 2.752745 0.111555874 -2.0210063 -0.72749203 0.37936 -1.0092449 -1.5482641 -3.9359794 0.8960681 -0.5384397 2.2237093 2.3060007 -3.2515411
irresistibly -0.83910376 1.0474437 1.9120228 -0.9426461 0.39401376 1.6487453 1.4196514 3.1038663 0.22387461 -1.5850775 2.4786866 1.8497063 0.13074407 -1.4165769 -3.6521215 0.9007288 1.3154367 2.1617556 2.2314675 -2.6811159
gorgeously -0.57759625 1.6193228 2.1539567 -0.9388354 -0.67460674 1.3028681 3.2283642 3.820982 0.39577025 -1.6171968 1.6893642 2.4557047 2.1479192 -1.4566743 -2.8995216 -0.7481651 1.1920474 1.3090115 2.12437 -2.8836858
preachy -2.1790748 -0.35500678 3.5658808 -0.61107755 -0.06473659 1.7715696 1.782417 3.330792 0.90762347 -1.3513305 -0.028392801 0.5833635 -1.4227483 -1.8833851 -5.162286 0.7889546 0.76851064 2.108728 2.6050954 -3.482706
charmingly -1.5151145 0.71084756 1.7700812 -0.69095033 -0.011642503 2.3384843 2.6741366 3.0408182 0.28208044 -1.8714122 1.1320822 2.1903167 0.978083 -1.5151935 -2.542367 0.3792197 0.90666807 1.960932 2.5731084 -3.7241793
frustratingly -0.54493284 0.006875218 2.1852477 -0.80002874 -0.3222518 0.091720976 1.3135828 1.6041434 1.5910405 0.2819579 0.53195775 0.5595417 -0.5607131 -0.8146273 -3.6184247 1.6591974 0.80752635 0.57140386 3.2874627 -3.4435632
offputting -1.1897129 -0.18250822 2.5489864 -1.124259 0.24443272 0.9796277 1.8068342 1.366422 0.8253496 -1.1685569 0.11609361 1.2170044 -1.0218683 -1.917494 -3.8382318 2.0970354 -0.51210845 2.3345394 2.640704 -3.4676824
gimmicky -0.38205796 0.2795839 2.5730355 -2.3699753 -0.88923407 0.18919 1.9007556 2.7401624 0.57791096 -1.4115231 0.03610773 1.4470017 -0.4956118 -1.7697457 -3.2608852 1.5757018 -0.4900213 1.1240708 2.9536066 -2.6708887
weirdly -0.9413497 0.8198503 2.537727 -0.9925697 0.13970514 1.0699701 2.045124 2.3042934 -0.07916884 -1.4084855 1.347222 1.4130433 0.14320132 -1.9553708 -3.3984869 0.7229558 0.39315367 1.4485018 2.0893972 -3.150874
sexier -0.39846963 0.46743196 1.8110582 -2.5799682 0.35737044 0.48010215 1.3496873 2.1924193 0.38732532 -2.6691704 1.0438379 1.7066281 -0.02551992 -2.0536282 -1.8119562 0.45489284 0.5841444 2.7473054 3.1880493 -2.3462691
enjoyably -1.1777011 0.15988186 1.0476642 -2.2353017 -0.4846833 0.45957664 1.1583676 2.6500032 0.16230074 -0.20733313 0.3389626 1.5570648 -0.49518508 -2.933498 -2.913327 0.4256214 1.4191344 1.3875101 2.3763957 -3.268798