Centroid_98 3.8192330120000006 2.215642573388889 -1.4329650524777793 -0.6483061110222224 0.6552095543666666 -6.0127042344444455 -5.282140289444445 4.812520032744446 1.808200453155555 5.847457884222224 3.082641282177779 -1.3837039794222226 -2.148743531633333 -1.1912180595866675 6.543766994621112 0.44707888444444405 9.560912665555557 1.1135129075055556 4.257982554666666 -4.499324077499998
season 5.2059712 7.368226 -0.76861036 1.7813772 0.58286196 -10.666205 -7.331226 10.16979 1.2348006 1.6901373 7.3481183 -4.581902 -1.7036844 -5.1250305 7.062228 -0.3574861 10.870763 -4.181187 9.283794 -5.448728
team 4.6013036 1.9798256 -4.05951 1.1363723 3.8236709 -5.5308137 -4.000449 7.9530225 -0.4624891 5.1218615 6.5642843 -0.1557738 -2.7942522 -4.49721 11.087336 4.530383 6.064307 -1.7607247 5.834157 0.53144044
league 7.580502 4.3840923 -6.502303 6.579338 2.7780068 -6.270105 -13.327782 10.222313 1.1227616 8.763864 6.9845862 -1.6150411 -1.9672085 -4.05187 10.589892 1.2362481 1.2698476 -0.29533058 8.493564 -4.0262876
games 9.79075 6.7239122 -4.0575204 -1.9146677 -1.8199883 -8.307887 -0.24392611 7.4596796 0.9135002 3.2213674 3.2920954 0.34409252 -2.5490625 -7.849388 9.065717 1.0812862 7.3528748 -2.0235302 7.4691286 -4.3833723
final 4.281006 -0.12137391 -0.45649615 -0.64634293 0.5108137 -9.706339 -3.7434099 6.942061 1.0546165 1.9952974 3.0509846 -1.48278 -0.39312217 1.4908282 1.1204805 2.2201612 12.743279 1.9788918 2.8351946 -3.115968
division 6.546104 -2.022621 -4.3722725 9.678451 1.5977621 -5.8878756 -5.700989 3.6985786 0.20801757 10.060783 2.8645995 -0.6671848 1.2200527 2.0405319 7.6548724 -0.6286086 2.8659742 -5.04593 5.4050674 1.476994
top 5.8788815 -0.41720608 -4.492533 -1.486484 2.0128956 -7.4016304 -2.4652095 0.2131042 1.7207172 -1.0920895 1.2978171 4.4647703 -0.23501201 -3.1324463 4.5614996 -0.5155393 7.4744806 3.221474 6.8572326 -4.324947
cup 0.5274401 3.1130319 -10.333491 -3.9086225 -0.30795652 -6.521909 -12.009827 10.765847 1.6553842 14.747659 5.8562083 -0.7435334 2.3814514 -0.21441463 8.557356 1.1760516 9.525336 3.6312523 3.340226 -4.6512036
championship 5.2662683 0.2820616 -8.15553 -0.46794432 1.481175 -9.355146 -9.0883465 9.31564 1.0131161 11.950479 5.4425087 0.5464774 2.0362113 -3.8743832 10.070194 4.044742 9.964537 -0.68223643 2.66925 -3.0286322
teams 11.5808935 3.2902992 -4.865102 2.997752 2.1863234 -5.698886 -2.1938882 3.2206237 0.24850592 5.216977 3.069744 -0.10048733 -6.3753924 -3.2290287 12.923066 2.3296294 6.2865624 0.50398034 8.92842 -3.5865433
round 3.211627 4.3376684 1.1824763 0.44692454 0.79589033 -12.284143 -3.7591143 6.983605 -1.4146123 10.333823 3.2702036 -3.6021674 2.2548923 -0.6791464 5.9832773 -1.4573176 12.676561 4.2226715 2.5596619 -3.9479253
win -0.01873674 3.027642 -3.5845928 -1.8417299 2.7029874 -9.88457 -9.861159 7.5652065 0.18181473 5.041054 5.672071 -5.549207 -2.5033157 -1.6204512 3.4333572 5.58376 12.698564 3.6348908 3.0481174 -4.55366
match -0.6103536 2.379912 -2.5051908 -3.7710004 2.4568803 -9.651089 -5.392436 11.46636 0.33939844 9.27865 4.802658 -6.0091624 -2.7704017 -0.48372948 3.9094346 0.6041535 11.143255 4.599951 6.2820745 -5.2486606
event 6.956101 4.3591275 -2.9387615 -2.209584 -2.829896 -4.4370203 2.7594008 6.684712 0.95745915 3.095709 2.4788613 1.5634415 -3.7687507 -2.1455495 3.1831536 -0.22546747 10.81178 1.2195584 1.1447648 1.7643842
race 3.4382577 -0.33380395 -3.6960986 -1.6361291 0.18555728 -5.8717637 -0.49623433 2.5814023 0.3099978 3.5851579 4.730237 2.641257 -3.7110538 -0.15445422 1.7298753 5.2294254 12.391823 -4.593147 2.8429644 -5.0555086
players 7.148947 3.3956945 -0.9726718 -2.077648 2.6642609 -5.212489 0.97519535 6.5587287 1.47266 1.5050329 2.6672556 0.8490365 -7.2938156 -2.244463 11.609071 5.703764 3.712357 3.3461742 9.73347 -5.4546685
competition 5.607006 2.2650921 -3.2384772 -2.292759 -0.8303895 -1.5609468 -3.7705336 6.9135313 2.363252 2.7916825 2.4709644 4.1384835 -2.5369425 -1.4224163 7.7192454 1.4694693 8.515161 2.3302038 5.7935023 0.6505415
tournament 7.844277 3.4310381 -5.096007 0.41906977 1.5713034 -7.400753 -5.4732594 8.633406 0.64274174 9.107202 4.457849 0.840664 -2.4927776 -6.1129875 9.366848 0.09275658 13.504863 4.943309 0.27392995 -0.30580837
championships 3.9026127 6.2252073 -9.957573 -0.7761153 -0.17038819 -3.1761327 -6.524083 3.826415 5.7797456 11.590035 5.9445915 0.3472033 5.5902057 -5.131864 15.004646 -2.3450167 15.54247 1.5041519 1.2663336 3.3111537
goal 2.2086656 3.9844272 4.69357 1.2745188 0.11647785 -3.0666156 -7.223132 6.833757 -1.75216 5.7960334 3.7343745 -3.9761968 -4.818832 -1.2905084 2.9024048 4.577661 9.254731 -0.7397214 7.42249 -1.8743577
winning 1.4992028 -0.7140432 -4.130542 -2.2401268 0.8299664 -6.073484 -8.356507 5.1582146 4.3443494 2.318007 0.33181065 -1.298204 0.55846477 -3.1283462 4.731219 5.5801125 9.78712 2.6297536 2.3128397 -5.8124213
victory 1.6496809 1.6304595 -1.8013741 3.7628376 2.7445042 -8.061893 -5.739631 9.026962 2.014116 8.6989975 7.1250033 -5.979677 -1.3711008 1.7330321 -0.94509 3.4054263 9.179081 0.17541446 2.6606116 -4.5699973
matches 4.958842 1.9101098 -5.1019745 -2.0740108 1.7257137 -5.9070807 -5.086394 7.35086 2.5192268 8.112714 3.0437658 -2.9316938 -6.4367456 -1.2073544 11.199493 -4.6862073 8.383407 1.2191272 9.080766 -9.060341
goals 3.554402 3.3618393 4.323351 0.5555257 0.11672434 -0.8197815 -8.883558 4.817155 1.7453418 6.013212 1.1209226 -4.1726346 -7.4766803 -2.7178864 9.453035 2.3101728 7.339924 -1.5896577 8.052926 -6.8827333
seasons 5.8137994 8.03201 -2.4461665 1.2752281 0.016429758 -6.1809726 -4.6117344 3.9261744 4.0436506 0.61380786 3.8233597 -5.867222 -1.199743 -5.99264 11.713335 -4.864728 6.691669 -4.333128 8.129134 -8.872188
score -0.098059215 3.418119 6.7746973 -0.21271132 -0.87378085 -6.2783732 -4.3790393 7.649878 2.5099597 0.99772674 0.24899629 3.161094 -1.0448321 -4.5992246 4.4131575 1.0698191 13.183932 0.3170665 6.7382364 -7.5050316
appearances 1.702075 7.462534 -2.738423 -4.0353394 -0.87526214 -4.928659 -4.071365 11.518021 3.4426816 -1.0055008 3.337748 -3.9144788 -3.8639967 -5.286414 9.836509 -4.356864 3.7262592 -0.6953466 7.909201 -10.973212
races 5.623589 -0.9278965 -9.895393 -3.8143952 0.24441457 -4.1816483 2.3099406 -0.0948535 3.3671606 5.963657 2.2516165 1.5920879 -5.194119 -3.7756612 7.031077 1.6849538 8.902581 -5.503955 3.9627142 -11.789521
champions 4.847176 0.08463758 -4.032269 -0.5253053 2.8579562 -4.5843406 -9.323924 8.180833 0.41644707 10.155555 4.2737827 -1.3139575 0.39450568 -2.7926185 8.391504 2.395545 7.8621917 4.894218 0.14777403 -3.1081493
draw 4.0427103 2.9475806 -0.060535543 -2.8561156 -1.1970882 -4.239428 -5.5221386 6.288629 -1.5844083 4.0611625 1.6722621 -3.59868 -3.5263078 2.9923553 1.5835122 0.85479385 9.620839 6.1199994 4.6788487 -3.2598372
scoring 1.2253612 2.8165653 0.72408044 0.06510069 0.35757273 -5.4478335 -10.258115 4.1000867 1.4410161 4.05185 0.44864902 -6.6109548 -0.5613826 -3.8680217 5.694516 3.556884 10.969899 -0.46190956 8.93845 -9.087465
finish 2.8708737 1.305947 0.94110876 -1.4772475 0.42813042 -5.9468255 -5.0939865 3.141522 -0.6088599 2.4945202 4.9840393 -1.0530691 2.8896372 1.1418253 1.2770811 4.653152 16.212431 -0.5911241 6.5837364 -4.792121
wins 2.304554 -0.013814173 -0.29564086 -4.407902 2.4963398 -8.829568 -6.1356635 0.9080258 3.6249392 3.8622465 2.588527 -2.2690065 -2.112129 -4.37598 7.299299 3.6025734 9.576213 -1.2097797 2.023836 -10.449421
finishing 1.0410761 -0.013238641 -0.9632415 1.3114218 -0.22937778 -4.6899247 -7.918995 2.3604422 3.2363708 2.9861028 0.8466946 -3.2615418 4.67674 -0.0070653628 3.371064 1.4206656 13.572617 -0.4255979 4.4771585 -3.0325134
winners 3.7648466 -0.22885966 -3.710928 -3.4553535 -1.37814 -5.403734 -3.4556546 5.989588 3.775718 2.9841738 -1.4296699 4.1704946 -2.1607418 -1.6094422 9.161443 1.5460027 9.253825 3.0506148 -1.3512802 -6.684656
finals 6.688344 2.7262235 -3.0800972 -0.86927915 1.9151967 -9.073773 -6.2013264 7.2637334 0.62508094 8.237857 5.1883593 -2.1155143 -0.49164486 -4.804833 6.3550706 -0.01652316 13.668015 3.3895288 1.6237388 -3.3620803
consecutive 5.196707 0.527812 -2.646945 1.3743359 1.4734255 -11.053785 -6.849885 1.2938452 7.503844 0.4467723 0.9421856 -2.6906166 -0.7996764 -2.8356457 7.2351556 -0.53002703 10.953699 -0.038033407 1.9363662 -6.4748464
trophy -2.8335931 2.2176247 -6.3307 -0.70740974 -2.0263896 -5.7727127 -5.3464193 8.593806 -0.9087046 8.522437 0.5073158 2.3669896 2.5414913 0.26158893 10.449134 4.427096 9.565863 -0.7130518 -0.31922433 -6.2244253
qualifying 4.741351 -1.269024 -2.361317 -1.9782528 -0.1102372 -7.05101 -5.8829484 1.7844863 2.8365438 5.7442894 0.5050097 -0.34980857 -3.0529373 1.9246528 6.9187593 3.014473 14.49084 2.3110254 5.333003 1.5270385
leagues 8.647129 4.4575286 -4.4003334 4.7956085 1.5523552 -3.9730985 -7.1934915 4.4362774 2.554074 5.878113 4.2216415 -0.21259896 -3.81784 -4.775352 9.807237 1.334494 -0.2702072 -1.559595 6.3710227 -4.435224
playoffs 10.575128 6.5599294 0.8627455 3.1578798 2.323887 -12.624724 -9.645784 5.3366804 -0.72355586 8.784363 8.936833 -2.9191365 -2.0319285 -3.5549183 6.4934554 3.264963 10.426432 1.4038019 4.021391 -3.2006567
playoff 9.54739 3.510071 -1.0790247 1.9923593 0.6012452 -10.671471 -10.762267 5.0446053 -1.3698118 8.217139 3.9639292 -3.832353 -0.3337777 -2.7469015 4.373127 3.4934847 11.003051 3.2812333 3.5280132 -5.3785033
semifinals 4.5740337 1.9589529 0.33792016 -0.43599784 4.1981235 -9.076123 -7.781945 5.5872307 -0.8166708 10.378596 6.404418 -3.7419255 -1.2824218 -4.725148 6.4808593 -2.7549667 16.263756 4.5820413 0.1282396 -0.55834115
innings -2.8528996 7.7142625 -1.2098995 3.8375442 3.533753 -13.008126 -2.5515337 4.2041163 5.97086 6.1984153 9.485632 -1.9122763 -7.3149104 -4.8893995 5.039192 0.57422113 11.767953 -8.369822 11.4683895 -16.746294
qualification 6.1667066 -2.4779189 -2.5750198 -1.2850884 -0.5876572 -2.7820508 -4.873484 -0.044469923 5.766662 7.8083515 -0.703481 2.1630948 -4.371434 1.7554603 6.796692 2.831874 12.054203 3.392693 4.122082 5.7332
tournaments 9.440763 3.2462294 -6.0809426 -2.5631166 -0.7015563 -1.5725378 -1.7847867 4.7059646 4.5537367 6.3097258 1.1458225 2.0047414 -5.045356 -4.774284 12.506633 -0.8348199 9.1411705 2.7133598 3.8191066 -2.146543
semifinal 1.4887072 2.1094909 -1.1508286 -1.0292368 3.1499636 -7.8258767 -8.504257 8.362547 0.8345865 8.984281 5.266019 -4.2714834 -1.2216563 -1.8071578 4.748211 -2.6488934 14.6884775 5.801394 1.7011476 -3.7050583
liga 14.577471 -4.858953 2.6995556 -3.8717413 1.49522 -2.6715302 -17.559082 7.918671 -0.86336833 9.558742 5.7877717 -2.976651 -3.924573 -0.58908796 9.599309 -8.951043 4.1061883 -1.186142 3.0008402 -2.4163294
victories 3.741504 -0.02340613 -2.196732 1.4100498 1.8936843 -5.168692 -1.3420568 4.6738973 8.798291 8.35677 4.866685 -5.362906 0.1946944 1.2737838 4.907419 0.2282495 7.13143 -4.356796 4.060625 -6.266572
tier 7.765396 -2.136591 -2.4329264 3.3502655 0.7680897 -3.6010659 -10.87224 2.4935875 2.925922 9.347535 1.3942041 4.5242977 0.9749245 2.9304678 8.642746 -3.9713514 4.432311 2.5368729 7.3590503 -1.0103674
quarterfinals 2.4600399 1.64742 1.3859317 -1.2777963 5.2713375 -7.0831523 -9.092958 5.2320457 -0.065641046 12.136294 8.01871 -4.529593 -0.39690548 -4.7216763 6.0992646 -2.1763685 14.727076 4.6089587 -1.3657941 -0.04008762
wickets -11.528703 5.1192055 -4.926094 2.485863 4.707509 -8.659887 0.01871217 7.7213173 8.419242 8.71453 8.596452 0.42181718 -11.3376665 -0.46537745 8.720267 -2.7464762 16.395653 -6.130628 15.134829 -16.603344
relegation 6.2413626 1.6924453 2.927146 0.4249923 3.0851867 -4.3461256 -11.529323 4.72954 -1.3409312 11.792674 7.754228 -12.590676 -7.8950567 5.8142147 2.450618 1.0943414 7.9606037 0.18426782 10.424034 -6.1629405
standings 8.653907 -2.7770555 0.24376255 0.6962317 -1.2738035 -9.904441 -6.5819383 2.6317503 1.167723 8.746455 -0.5656564 1.6173326 0.6352196 -1.488149 5.453734 3.60057 11.19438 -1.1442167 2.12709 -4.670232
scorer -2.4412591 -0.016633445 0.5856696 0.106448464 3.3354325 -1.7012026 -12.384172 5.5588756 3.6327364 8.122655 0.19773778 -3.868256 1.1628443 -7.278201 11.207748 1.4454079 6.8695226 0.5599622 5.7602906 -9.464545
runners 1.481323 1.8870325 -5.4314265 -1.3339825 2.1112294 -4.043349 1.9078383 0.2147699 0.91890395 3.6118407 4.653398 -0.31711373 -1.2898463 -0.5571027 5.110341 -0.6715574 10.529252 -1.3857558 5.620013 -6.6947103
bundesliga 7.3638525 -1.7346668 4.8257365 -0.24724016 3.831442 -3.1093154 -14.64899 4.2130566 3.5349607 3.79716 6.5741115 -3.4397445 3.1561468 4.1643844 11.6906805 -2.5532126 5.539535 1.3912528 9.869115 2.0904844
heats 3.4229853 3.5589662 0.10583566 -3.7593832 -3.3508887 -7.981562 -0.5533118 -1.2744607 2.3508806 7.685118 0.5011526 -0.09091107 -0.017582372 -0.9742307 5.0170097 -3.3970895 17.964247 1.7387489 2.3248386 3.584719
podium 3.6349027 0.19251172 0.5722118 -3.104324 -0.67526656 -2.5655043 -0.13038604 3.8451903 -0.19796245 2.9669516 3.06149 -0.28829685 1.3454477 4.303199 6.2630854 0.5832756 13.0134535 -0.50733584 2.9996893 -3.780577
quarterfinal 1.1135849 0.83575875 -1.0683662 -2.9743426 2.9682598 -5.6279893 -8.936501 6.110971 0.4506014 9.385086 5.5162134 -5.487627 0.091545425 -1.4338791 3.322476 -1.1686338 11.797506 4.696987 0.54337066 -3.1372566
entrants 7.5484076 2.9953163 0.3294027 -6.8778048 -3.66864 -5.453328 -2.9543383 2.8575683 2.6969693 3.2474444 -2.1460605 2.7438579 -6.6854424 3.11591 11.492975 -2.9059656 8.825405 7.5718865 2.0501277 0.78950506
fixtures 5.1148996 5.4639053 -3.3154886 0.24200414 -3.5259323 -3.3077805 -2.8356802 5.04858 -1.074916 3.8400002 0.094035186 -0.5040338 -2.0368161 4.773714 6.3342185 -0.7077085 4.3609066 2.876482 9.78859 -4.444072
bye -0.9060432 3.5597417 2.1331851 -1.3469096 2.5003812 -8.889544 -4.023775 3.7777007 0.47072113 -0.12924996 3.3372066 1.8293016 -0.7296349 -4.7637415 3.8407261 -3.235173 13.275946 6.2597494 -2.7885594 -2.2839942
replay 1.086247 3.6322777 1.3788419 -0.10978759 -2.5845323 -7.2460613 -3.82365 9.064977 -3.5019035 3.2774482 0.7927683 -0.034764748 -4.7783065 2.3077326 -0.0009893901 2.4973676 8.338446 2.3681037 5.9929605 -7.2622294
seeded 5.946907 1.8715174 0.35582644 0.09423222 1.7548711 -6.6540647 -5.5786333 -1.3932277 2.338078 9.001639 0.5862449 -0.8316756 1.623786 -4.3077397 6.5396366 -0.6382656 8.802657 6.52766 -1.9115076 -1.8742284
semi 1.6740639 0.44850498 -2.0637512 -1.2225102 0.6834523 -2.9728374 -3.9433694 2.133958 -2.5178363 7.04201 1.7897184 0.22352374 1.2120515 -0.70547897 1.9321898 -1.8777391 7.3359933 3.4847953 3.9996083 -3.0138307
qualifiers 5.2637815 -0.7603694 -4.4281425 -3.2949562 0.9788159 -4.870672 -4.0251827 3.8365192 3.221208 9.584252 1.709969 -1.5267947 -4.659928 -0.33723292 6.1107225 -1.3509836 8.794758 4.3926105 2.6587892 0.073925465
berth 4.169756 4.0507965 -2.8864071 0.5780756 -0.20593947 -8.872566 -3.0014722 -0.9415324 -2.3978734 6.831308 5.5068383 2.8341348 -1.5445458 0.57273537 3.2723184 3.43105 9.297762 -0.53234655 1.6389027 1.3371382
unbeaten 0.08839197 2.810538 -3.6306055 1.203792 2.5543616 -6.028042 -8.049023 4.294664 3.185336 3.2178516 6.5519896 -4.23484 -1.8521221 -0.9959745 1.9121971 1.5197693 11.212563 -0.97691154 5.94702 -8.162301
tally 0.5294149 1.1472818 -0.15042299 -0.6523076 -0.3974241 -5.9486604 -3.2024481 2.7022967 3.53705 3.917516 0.66398114 -0.54402167 -4.0628433 1.2377832 2.9836316 1.0517145 7.0529976 0.0031618625 2.5992622 -5.6898804
scorers 2.4795763 0.40236512 1.437801 -0.008391631 -0.014388025 -4.4640484 -7.4024134 3.637486 2.3561256 6.8094587 -3.287355 -0.79244256 -1.4283407 -4.8032584 8.783371 1.3425845 5.229531 2.3180087 4.8265886 -8.495859
finishers 4.7651477 -0.55333155 -0.5040335 -2.7257686 -0.51692766 -8.049366 0.2773497 -1.9838386 2.9359581 6.321324 -1.3540608 1.6473812 -1.109665 1.0458888 10.875385 0.04555452 10.860057 0.2347411 1.454712 -6.0622067
furlongs -2.328802 7.005888 -6.188726 -1.2126497 -2.9221213 -6.7655354 -0.5713883 -1.8492267 0.3490899 0.71990234 5.7539577 -1.159995 -1.5942374 4.249383 3.4457893 -2.606578 15.749577 -6.1850014 3.1066365 -14.350133
federer -0.8286427 5.0329986 7.3438344 -5.6618276 2.288492 -5.0703864 -4.4741 6.9839025 4.3703513 7.413034 8.969841 -2.120133 1.321298 -1.4673965 5.472607 3.6446643 11.876513 2.5080216 -2.7561984 -4.618126
decider -0.11748476 1.7200751 -1.417487 3.9812255 1.8829732 -5.0796494 -5.0204425 8.354079 0.7643451 7.884304 4.849729 -3.243449 -5.1207194 3.4619396 1.0325735 3.0615304 10.126565 1.5448766 2.5623832 -11.975697
wildcards 17.947094 3.7450018 11.850561 -9.724289 -3.155807 -7.005924 2.8372386 12.370557 -0.19017902 5.7282786 -1.9068716 6.513177 -14.202137 1.8946419 23.31947 -4.8998914 18.252707 13.76604 1.0999064 -3.3710446
friendlies 3.4253876 3.7915025 -5.240276 -2.2337763 -1.3310469 -2.8736386 -8.533404 6.066989 3.4976075 5.46444 1.6569195 -7.320105 -2.981333 0.08864663 6.552598 -3.758373 3.2049747 1.6555747 5.338784 -2.3803205
tiebreaker 6.343842 1.1134193 3.2415838 0.89732504 1.6137813 -9.257452 -3.1123037 2.0796518 -1.4395956 6.2180576 2.4034333 0.7710463 -2.2981613 -2.3072038 2.4990616 5.488336 9.323991 4.07028 -0.09346349 -1.8220693
matchday 3.9017212 0.8367436 1.4620303 -1.904037 -1.1986285 -4.4045057 -8.496024 6.859293 -0.22662629 4.321673 0.7494848 -8.2414665 -2.4504507 4.237961 5.735961 -4.381212 6.6083393 1.6992631 5.2245307 -2.3517132
attendances 3.4444814 5.83082 -1.9099629 -1.1729116 -3.5803 -1.1396036 -9.74252 1.1450406 2.6657774 2.657457 -0.5680668 -0.6504496 -7.0339546 0.2198801 3.505086 -4.0455217 5.682369 1.9324666 7.3060164 -7.070875
goalless 0.052244145 4.349982 0.2909665 -1.5948538 0.34856305 -2.3486679 -10.773138 7.724066 -2.0527792 5.90858 6.075838 -9.891602 -2.9779332 3.6162527 1.3569437 -3.1502323 9.524355 2.958635 4.9601703 -4.778168
semifinalists 3.404695 0.011175494 -1.5253029 -1.5831277 0.54877245 -4.789227 -1.4572445 3.4232497 3.944423 2.295244 -0.6919346 0.4170088 -3.5193887 -1.9423436 8.342156 -1.2685053 9.332663 3.4956522 -2.1847923 -2.220112
odis -5.076669 -0.9425889 -6.5769234 -0.023764025 1.6055535 -4.667638 -2.4871664 4.388303 10.334161 5.480844 1.1259696 -1.9821415 -3.3102155 -2.2688146 4.8065224 -3.0596056 9.963152 -2.6691792 10.057409 -6.001839
goaltenders 4.7072334 3.6803586 5.627571 -2.614575 1.8477597 -5.846085 -0.16903755 1.6763989 3.3939404 6.535027 2.3455217 -0.7907727 -5.0269027 -4.8661895 13.104365 4.017886 4.244234 -1.7178459 5.738672 -6.4110403
scoreline -1.7708051 1.8135773 1.7810222 0.48843995 1.3408686 -3.0071898 -7.4081793 7.1538982 -0.64393336 6.6568766 3.967113 -4.672459 -2.7153594 2.3990571 0.015108706 0.7466614 8.692952 2.9056783 2.633876 -8.477315
podiums 4.3019977 -1.8584893 -0.90800583 -5.63582 -1.0704914 -2.7802644 0.19770026 0.6609908 2.6940117 5.1395307 1.4302397 -0.2812783 -0.32193533 3.2849596 8.329828 -0.25951597 9.205501 -2.9725828 3.1678584 -6.499658
disposals 0.09919368 8.952666 -0.07485953 0.8492847 -3.030295 -5.7749476 -3.9775667 0.36314127 3.423953 3.4637427 1.7289282 -1.7958862 -2.6918368 -1.2647997 4.7491517 2.340092 6.857084 -2.4418843 6.5484376 -10.044337
placings 3.6130145 0.2266664 0.52156043 -1.9033297 -1.0754274 -3.3447561 -3.7372398 1.184913 5.833708 3.9115088 0.30202907 3.0947978 -1.5956038 1.2624522 5.2098956 0.63414615 8.602424 1.3280189 4.0504174 -5.004555
matchups 8.8252125 3.0686843 1.8096597 2.0456932 -0.50672805 -6.179074 -1.3858925 3.1285217 1.8377737 3.7499619 -0.20243254 -1.7296016 -3.7116537 -4.4754996 2.2437394 3.0957727 5.261962 2.8642159 2.1583166 -4.264252
byes 2.41292 2.569388 1.3037769 1.4250053 1.5429503 -7.636894 -4.0395713 -0.5894731 4.498155 3.9206457 2.315039 1.7349936 -3.722445 2.7421255 7.7084565 -0.528604 10.239828 4.334843 0.6234126 -1.515021