Centroid_59 0.6672757655652174 0.43360577438405806 2.120627261797101 -2.475602850152174 -1.434576855847827 1.045778886376812 6.55647870268116 5.837325837782606 1.7313727765579718 -3.4447991528913047 -0.5070475063623189 1.328436358659421 -1.311233075253623 -3.440689723086957 -2.6702817478043497 0.6047275067934783 0.6024268891376812 0.8061329892028987 2.64325768697826 -4.986335024202899
story 0.810175 1.4884915 2.280507 -0.9872427 -2.0897818 0.4628726 11.707718 6.969628 1.7285469 -5.64703 3.063463 3.4260857 0.21516284 -1.9530984 -6.354981 -0.3000636 3.7552078 -2.4258208 -1.2110441 -7.726649
character 0.24152505 -2.174928 4.6592264 -3.5943127 0.89653194 2.7655447 9.835494 9.275215 -0.20105536 -1.0547322 1.6786118 3.9629867 -0.45147216 -4.7721252 -1.3068757 3.9047866 1.2964728 -0.9639248 2.127541 -9.792475
shows 4.585416 2.490611 -1.1504657 -3.3705738 -2.8614242 -1.2046944 3.8989348 3.7216747 1.675147 -6.2424545 -2.2447147 0.83289564 -0.58956665 -5.604155 -0.51372087 -1.4597183 2.8545322 1.9392769 4.206922 -4.7626433
writing -1.7940503 0.7048319 4.3425016 2.1764987 -1.9159226 1.4655123 2.198376 6.4902925 7.4054894 -11.693808 -0.14302659 5.933341 -0.34611183 -3.381906 -2.7364328 3.2236152 1.3407892 -2.10128 3.5563362 -1.5810267
characters 5.4588547 -2.499759 2.956738 -5.268061 0.14717638 2.1025832 13.922446 6.6943593 1.910239 -1.9276875 -0.1384119 3.9334571 -2.591021 -4.169802 -0.36862156 2.4459116 1.4313029 0.6304567 4.7904425 -11.915339
plot -1.8304496 -0.77748555 0.4025752 -4.445606 -2.7235122 0.8542615 8.565556 5.422118 -0.50617844 -2.1440587 0.17635484 -1.6037439 -0.23234333 -2.3591254 -5.2268147 0.56684595 2.6240969 -3.5868223 -1.9197518 -5.18772
stories 2.451707 3.5766883 -0.32209614 -0.014644011 -3.6571488 1.7557329 13.386132 4.03637 6.908323 -7.285638 0.8339165 5.0642886 -1.3779677 -2.8880374 -3.5500243 -2.4505334 1.6474823 -2.0340583 0.5793589 -9.037595
scene 2.4712777 4.601924 0.5136805 -1.3616297 -0.49302658 0.92884034 8.796537 9.338441 -1.2392194 -4.84944 4.077083 -2.4732478 -0.26057062 -2.1910908 -2.3006587 -2.3239503 2.2473886 1.515176 3.870603 -4.3761497
voice -1.7467959 -1.5046003 4.088122 -0.70471954 2.2001626 1.3288908 5.0741296 7.344683 0.39895818 -6.790455 -0.7295509 4.245999 -1.1466181 -6.7193027 -0.52427447 -0.50501275 0.83052325 2.9778616 6.1050014 -2.1815817
critics -2.1568718 4.6465907 6.002011 0.44658065 -3.1294017 -0.7291485 1.0981933 13.062478 10.832293 -1.9246633 -1.197438 6.9301615 -7.1088667 -7.2471504 -2.69599 1.4285353 -0.71590835 3.6123335 2.7214942 -5.3366113
theme 7.135148 0.19871257 1.8798263 -2.4128048 -2.176403 2.6305356 5.4071507 9.8288765 0.9267718 -3.0024364 0.953877 4.3340507 1.7999494 -4.5074987 -4.07308 -3.1500113 4.874102 3.6798396 2.7200303 -4.3815994
audience 3.1689563 3.2831526 1.8429673 -1.2076483 -0.088546425 -0.07408757 5.520993 9.208368 1.8766428 -6.664732 0.91662556 3.8171215 -9.024889 -3.4670894 -0.3619052 -0.6992879 4.035484 5.1353083 7.0346603 -2.8163688
scenes 3.1435752 6.20183 -0.23895897 -3.205185 -4.682789 3.7154016 12.539723 7.8633 0.45147967 -4.498555 1.0167452 -2.7781034 1.0780046 -0.90966284 -2.1786356 -2.6486492 3.008133 0.19092327 5.045676 -7.6038036
picture -2.1149404 4.8285184 2.2666173 -2.3183281 -5.3492956 -1.6635853 7.972952 8.399003 0.9813529 -2.4999504 -1.0265875 6.1125255 2.5060258 -0.745972 -1.9630167 2.0171206 3.3169358 2.0453055 3.168792 -1.4364567
reality 5.1217256 -2.229809 2.315339 -3.5947006 -0.49358195 1.9692725 5.9657655 6.920689 0.6455777 -1.4968066 1.1955867 3.860214 -3.6632 -5.922004 -4.937228 3.8318012 3.5458856 1.0785402 3.0926514 -0.257229
script -2.1742516 -3.169011 6.5564785 -2.1391983 -2.5554903 -1.0554473 8.586388 9.608342 3.5219243 -4.779619 0.069925845 6.8432093 -1.123022 2.953219 -3.531014 -2.5582592 -0.26531398 -3.5427835 4.0293055 -3.9090397
themes 6.6486783 3.3290699 5.08114 0.12070593 -3.4265208 8.513403 7.4638567 8.268612 6.641351 -2.9993324 -0.19360399 3.3456266 -1.1418359 -5.516733 -4.0087028 -1.1277518 -0.6760231 2.9913208 2.6213222 -6.405824
horror -0.18262212 2.0314174 -0.6946468 -5.9186096 -3.6478126 1.4776685 9.772198 8.904703 2.884981 -1.287439 1.4156476 0.09574503 3.8675513 -7.693987 -7.8829346 0.6108976 -0.0805857 -0.32051954 1.4104016 -5.286561
dialogue 3.4768803 -1.6712409 4.9675617 1.7078369 -2.2614944 5.1129913 6.1645675 9.589213 1.8642663 -3.0548024 -2.5368052 2.9677958 -4.0072207 -1.6567941 -3.8686695 1.1933433 0.42123324 2.5098822 3.5300705 -0.93394595
mystery 1.6877754 1.0748442 -0.08469721 -2.5003507 -2.8223078 0.40184063 10.067535 4.526573 0.77696323 -4.8121305 1.8782935 2.4092472 2.0554295 -3.2713223 -6.0259414 3.7231104 3.2362356 -2.1399856 -2.2640898 -5.6907353
commentary -0.0750752 -0.7936232 4.1496067 3.0371742 -3.2774918 -0.6569892 5.4930387 8.173716 5.1573596 -4.2093096 -5.3998294 5.0386105 -0.5308541 -4.6999984 -2.1996257 -0.86329806 0.63065046 0.80496573 -0.33969012 -2.363065
voices 1.6733059 0.79730487 3.3400307 0.58440936 0.9828477 1.9638115 6.5186214 6.6292195 2.373448 -5.531134 -1.5485752 2.089384 -0.23119903 -5.7672553 0.6567311 -2.5614116 -0.07574215 4.824977 3.2681916 -3.7507267
moments 1.3175105 3.3479812 5.49555 -2.656019 -0.93734235 -0.5811228 5.981595 6.6543736 2.5638704 -1.7559639 1.7719111 -1.2603227 -1.4658618 -2.938342 -4.268149 0.9391871 7.0416064 1.9877281 5.888531 -6.9049664
sequences 7.9123483 -1.1960177 8.822397 -4.202874 -2.833519 -0.0644026 8.883024 -0.093034886 0.8854049 -0.017569829 -2.7729225 1.9125841 -0.2202212 -3.8150861 -0.8403723 -1.4821011 2.3833203 -1.7675116 4.7105017 -5.3899283
conversation -1.7607871 0.05237888 5.014752 0.6573321 0.5267398 0.040606964 8.633322 5.205764 -1.3231922 -7.6504755 -0.17297143 0.8719598 -5.3880653 -1.2118497 -2.449435 2.2376618 2.1381717 1.0361112 0.8111632 -1.2023234
protagonist -0.9167458 -4.3865056 2.3848662 -5.2050114 1.7034998 4.729748 9.432006 5.9494996 -0.20053114 -0.95034474 1.2619538 -1.0641483 1.2466735 -5.842118 -2.2758555 2.3971052 3.8243465 -1.5796503 -1.8327291 -6.4872127
reviewer -4.8682556 1.9993097 5.869004 0.15505451 -3.19985 -3.4527652 1.6577088 8.823207 4.800367 -5.157031 -0.9598822 7.8032303 0.31854627 -6.4742513 -5.7022047 1.6692455 0.2503945 -1.1117644 1.2070724 -5.719575
humor -1.9567589 2.431864 4.6262674 -1.3974038 -1.4964172 4.2412906 7.2048836 6.767952 2.7474754 -3.949573 -0.93293107 5.452846 -0.9441377 -7.6765027 -5.8167024 3.8800025 -1.504626 3.447376 5.568699 -7.0074472
personalities 2.8096414 -0.73813814 -0.5806548 -0.42733374 0.14362048 5.177372 5.636983 6.8813815 2.9118953 -3.2989328 -1.3782806 1.3846011 -5.3037777 -5.4468107 3.6998725 -0.8344782 -2.7901113 -0.24311389 2.601207 -4.9685483
funny -3.345646 0.5460388 1.8010111 -6.08263 -0.22241884 -0.8601239 5.8141394 5.5611877 0.45626214 -7.0003223 0.3839042 2.4725046 -2.360782 -6.041334 -7.3553205 3.4952729 2.4065847 3.0269227 5.9406786 -9.692757
sketch -0.06351976 1.0154375 0.65366167 -0.8489669 -2.6459212 -0.009320276 7.7099605 6.3574724 1.1258248 -6.212183 -0.10235372 3.7831838 2.9377728 -1.4777339 -0.43620527 -0.7507324 1.0748678 -2.0640035 1.3130794 -5.390277
adaptations 1.2842157 0.16783613 0.6741981 -5.2226353 -3.7929213 3.2789469 7.286055 1.3054767 6.2807555 -2.0071821 -0.72485924 2.677576 2.6632276 -3.2565458 -1.9562216 -0.348761 -0.3536616 -3.7360063 3.494374 -5.747065
memorable 2.3906891 -0.51789755 -0.28666082 -3.0581346 -0.69572395 0.14079975 0.93119127 6.578722 3.9298031 -4.107454 -0.050696753 -0.9558502 1.0213972 -3.4074717 -2.1579256 1.9896249 4.920887 1.4570006 3.9351606 -8.753631
narrator -1.4740351 -2.1527028 3.6763356 -1.6130662 1.2902225 2.4074833 9.621909 3.684228 -0.08434577 -6.7817335 1.2830129 1.6109391 -1.1675369 -3.955176 -4.6725025 1.3043243 3.7636502 -0.41476274 -1.4162197 -5.6799965
cartoons 1.9989233 1.5975038 -1.1243486 -2.9072928 -3.5698667 -1.789509 9.087999 7.9597726 4.9485354 -6.4267626 -0.6898935 2.957707 -1.1136628 -3.2923028 -0.31817988 -1.6641464 -5.249898 -2.6562948 2.996643 -5.742819
scripts 1.4315273 -3.3148773 3.2263207 -2.4916954 -3.3120458 0.30375135 9.012933 5.2267547 3.8428843 -5.863688 -2.477281 6.290221 -2.7143407 1.4241256 0.04176636 -2.7518737 -1.0556453 -4.0428896 4.6746335 -3.7669125
parody 0.19749428 -1.2982754 0.87223834 -4.424131 -1.4445322 -1.4022708 6.2297654 8.099684 0.24638063 -4.1680455 -1.1616954 2.5203664 1.8687725 -4.920304 -5.184242 0.3383105 -2.6340008 3.0119264 0.022121588 -5.8876
premise 1.5368581 0.1797174 2.743324 -1.5165726 -2.4115849 0.034279197 5.6007767 5.1795945 0.08584222 -2.0541897 -0.25965843 3.2283585 -3.476063 -4.0338597 -3.7973826 3.3282728 1.6953387 -2.2695959 0.8189092 -3.8142805
reviewers -0.38536674 2.6672666 5.68236 -2.1583986 -3.9086444 -3.2112765 4.9910235 9.186725 8.733766 -1.3716563 -2.2876632 7.0329747 -4.5877366 -4.7531095 -2.5203552 2.840048 -0.687431 0.5153103 7.2005825 -7.2416925
viewer 3.128834 1.7278386 4.7916594 -2.366873 -2.5739243 0.70610136 8.486113 4.9042625 -2.4658728 -3.202537 -1.5605819 3.6421158 -4.4022603 -1.9538586 -4.0718026 3.7586403 6.202401 4.499317 5.0589137 -1.9135323
humorous -0.40957934 -1.7625682 2.448189 -2.3130496 -1.757666 2.884184 7.460649 4.9920626 4.0763535 -6.3184285 -3.2207806 3.2021666 0.1392118 -3.426539 -5.150446 1.9919106 -1.4651239 2.255064 3.8451653 -7.8772974
joke -1.9394035 0.12772074 3.1139681 -2.7248476 1.6082053 -3.3411396 7.806272 6.5418296 0.64227796 -6.0214853 2.218057 2.0408397 -4.270867 -0.937985 -2.89547 1.5232813 0.28489202 2.1935337 3.3373194 -5.2149525
conversations 1.3266879 0.1325371 3.5345595 0.39019483 -1.2759534 0.3109593 8.258564 3.9462078 1.5102178 -8.737622 -2.458928 0.94789606 -5.2608395 -1.8042824 -1.1650178 1.4247236 -0.762517 0.6693624 0.22486377 -0.49852705
satirical -0.55025166 -3.1399455 0.8011193 -0.75861174 -2.4499495 2.7513309 6.3148756 8.490004 5.142418 -5.2222257 -3.4062235 2.5198326 1.7203144 -2.1593103 -4.577987 -0.6892485 -4.8138638 1.1818972 0.46031418 -4.6719437
storylines 3.9728985 2.5510435 2.461825 -3.9995997 -1.3293982 -1.175583 7.980555 8.687969 0.52732897 -2.9801877 2.2453017 -2.3103452 -6.0312424 -5.118665 -0.5241419 1.6637559 2.3413038 -3.4836805 3.157142 -9.383083
onscreen -0.96282345 -1.0579468 3.393204 -6.108059 -0.95719224 -3.496217 6.0710526 7.8009787 0.7601362 -4.662733 -1.0555323 0.07111559 -1.995817 -3.6436372 0.5412561 1.6981027 3.8133416 -1.1020383 4.10833 -5.5354953
jokes -1.9876416 0.8474102 2.7545981 -2.587843 0.60889953 0.44527414 9.559712 5.4900045 1.8351625 -6.1132526 -1.1114569 1.7442181 -5.241196 -2.893591 -2.4423065 1.285263 -1.0455984 3.5502563 6.6454535 -8.322768
satire -1.8645188 -0.98459756 2.6182854 0.9012028 -1.7945054 4.889358 5.8808327 10.334628 4.9064074 -2.036475 -1.2988188 2.4539642 -0.9692308 -3.280761 -6.4213533 0.7007346 -4.2407975 1.1794447 2.1731277 -5.8119164
persona 0.8578462 -0.96832246 4.4595194 -5.0636044 2.0432186 1.6805503 6.30454 10.202892 -0.4602855 -0.56804585 3.3338845 2.3999317 -1.6062949 -4.222565 -1.0094594 2.7005281 -1.0807099 3.0684004 2.1769047 -3.535616
weird 0.671265 0.7430902 2.5562878 -4.080885 -0.70529264 -1.058197 5.534658 4.0401793 0.9102884 -6.1454773 1.3945655 2.9978352 1.3023349 -7.358114 -7.5118093 1.302911 -0.20528474 2.0291002 0.68012816 -4.5885224
protagonists 2.9481742 -3.0424554 1.6728309 -4.5326967 0.8201033 5.500346 9.0539 4.3852415 2.1275628 -0.6685196 0.44260383 -2.3194704 -1.7085935 -4.2281313 -1.4177746 1.643954 2.4599276 -0.6433041 0.2759418 -7.41957
bizarre 1.8792164 0.56775767 2.0595827 -3.901755 -0.86973447 1.4029348 6.821446 3.1185796 2.0090492 -3.3563292 0.10886354 -0.87927806 -0.14008573 -3.4917908 -5.111099 3.632607 -0.38595292 1.8515017 2.3248897 -5.6748466
comedic -0.09022902 -1.4973241 2.6469069 -4.3120375 -0.7864947 3.5909102 5.240207 7.2593503 1.4086977 -4.391641 -1.7444797 0.73778987 0.24810888 -7.11823 -2.3178473 1.9899828 -0.38753247 0.19672902 6.3272133 -7.286851
narration -0.9231997 -0.8792917 5.3555555 -0.380062 -2.572391 1.8642607 9.027605 6.662171 0.9741653 -4.080043 -1.8433162 3.6302516 0.5279511 -2.245101 -4.029706 -1.7903154 3.4816065 -1.3096094 2.1604605 -5.1710644
scripted 2.909968 -2.6412933 1.3070898 -4.820848 -3.9095523 0.243732 5.5096245 6.637169 0.13993235 -2.0474093 -4.439405 -2.29309 -1.5114771 -4.3338485 -1.0281487 1.0353749 -0.1137142 -3.6496089 4.130055 -6.534699
gossip -2.054705 0.6185513 -1.0587058 -1.9936283 -0.48262385 -0.41980502 6.006323 3.8419485 1.3334559 -7.7989163 -0.59681123 1.0508881 -5.1208878 -4.0871286 -4.2886224 0.39489663 -1.695611 1.5457009 -0.81996936 -4.414763
flashback 1.2803812 0.1323845 3.4755752 -4.249912 -0.92897266 -1.3192279 10.70932 4.3314486 -1.7301227 -5.341368 1.5419271 -3.2063525 -0.62534124 -3.2557628 -3.5975718 -0.19518101 6.611603 -2.4090445 -0.7112458 -4.519689
dialogues 1.7002158 -3.5830395 5.119654 0.012612037 -3.174618 7.150955 5.6260552 7.5517254 3.9886055 -2.804057 -4.119506 2.013929 -2.4653869 0.04159542 -1.8436501 -1.7562737 3.090895 0.75208914 0.771751 -2.7015765
pornographic -0.66028637 1.4240936 -0.58628607 -8.6436 -3.2621694 0.702415 7.497714 4.130419 4.7435045 -4.003949 -2.1403682 1.2581142 -3.5809557 -4.809051 -0.31063342 0.25858876 -5.4080153 1.8977453 -0.086009815 -0.83504814
visuals 1.9442465 2.4765415 4.619349 -5.05428 -4.459738 1.0036054 5.6407304 9.785955 0.4788266 -0.9100374 -1.001538 5.1351748 1.110321 -4.2636228 -3.1566086 1.2403684 1.8020891 2.0734272 9.161486 -4.0121007
laughter -3.0771058 3.2304006 3.5506785 -1.1273587 0.5566207 1.136778 6.9189095 5.9117184 1.1765113 -3.4995923 1.8863214 -1.1331834 -1.5945156 -2.9216933 -5.775509 -0.861277 3.7725086 4.769164 4.2544084 -3.0648334
parodies 1.7397263 -0.64739656 0.25966516 -4.1097383 -2.7887 0.53445536 6.0596137 6.316613 2.8667324 -4.6770287 -3.3235939 1.3965235 0.50372607 -4.3343463 -2.9701712 -1.7153938 -4.2257853 2.5863976 1.3490463 -7.427211
provocative -0.4684956 -0.20668043 3.109241 -1.2431128 -1.0084214 3.0010862 5.642075 6.6841273 4.4208446 -3.1762972 -2.3296196 0.24574353 -1.6673439 -2.779586 -4.719869 3.1930244 -3.4051223 4.7853484 3.5493925 -2.858698
gag 0.89360785 -0.7799782 2.3565302 -2.411816 0.4849984 -4.65312 8.672004 3.324727 -2.3890312 -3.7055647 -1.5098858 0.70149183 -2.881567 -2.9928095 -0.6954665 1.8695004 0.49410474 1.398679 2.6809475 -4.581259
suspense -1.7093841 0.7131639 2.0752041 -3.5991068 -3.5800219 2.413979 6.731302 6.608259 1.1305445 -1.1063503 0.06598634 1.8456918 -0.22053808 -3.3880405 -6.65623 1.9045126 2.6487803 -2.1462245 4.899455 -5.199324
flashbacks 1.825403 1.271093 3.9780262 -2.4161515 -1.309905 1.8256953 11.791148 3.4703624 0.82901686 -5.6856027 1.2455488 -3.959197 -1.6730546 -4.0958476 -4.026866 0.51538163 5.0262475 -3.2214546 0.5765441 -5.552436
laughs -3.374451 2.878373 1.3420885 -4.8209033 -0.39023978 -0.057079792 5.409643 5.2605543 -2.0077684 -3.9809742 1.3279897 0.34064934 -2.9037325 -3.696037 -4.500472 0.9579346 4.051026 3.6433785 3.8032243 -5.985857
stunts 0.69578546 3.0113187 -0.40699384 -5.661997 -1.559344 0.79315645 9.287239 7.061408 -0.617768 -2.4795623 0.7755859 -1.8773986 -2.178221 -4.0474954 2.9974952 2.1323197 3.0637157 -1.5912534 9.265263 -2.3410127
melodrama -2.9396503 1.419294 1.8119757 -3.1322834 -1.8378431 5.0905175 4.5392795 7.9044504 1.7360303 -0.92683333 1.9172776 0.3355509 1.4402604 -2.8227937 -5.5338073 -1.7179729 0.069615 -0.2742685 3.4955077 -6.4216504
incarnations 5.3538523 -0.20262484 -0.8715244 -1.2916322 -1.2056396 0.004083808 6.3821096 4.451477 4.872958 -0.21892871 -1.125847 -0.8360129 0.67964745 -0.7798056 1.4503598 -1.520989 0.8919515 1.5843863 1.6269606 -5.699229
nudity 1.0743136 4.975635 1.3609041 -1.7020911 -3.0672376 1.7169662 9.558303 4.8723726 4.4792686 0.19523238 -3.6184099 0.04724892 -5.3632536 -3.0298016 -1.7037181 -0.09286705 -0.6607861 7.2799993 3.2485955 -2.8117623
amusing -2.8917122 0.17719238 2.4725509 -2.730182 -1.1972768 2.4062397 6.6017118 3.383834 2.3372405 -5.295673 -0.701397 2.2532957 -1.1483055 -1.9717791 -6.008029 3.1953948 0.9549498 1.6253703 4.033123 -8.260417
portrayals -1.5323515 1.3164833 -0.5563104 -0.3800655 -1.3754817 5.216613 7.015896 5.644531 6.877869 -1.3709587 -0.6432696 -0.15998419 -1.2677463 -4.354154 -2.90976 3.0690799 -2.319409 0.3108989 0.4487959 -6.4688807
monologue -0.7294808 1.406931 5.7914987 0.96177673 -1.4484366 0.94632024 8.556243 8.941684 0.111632735 -5.1813455 -0.8509213 0.524288 -0.23484938 -2.047327 -2.2899585 -3.4846036 4.3904905 1.1483746 1.9198664 -4.5094576
antics -0.9873946 2.4949815 0.7572485 -3.7454064 1.2763263 0.9271601 6.377055 6.3039594 -0.53229654 -3.4389281 1.9858934 -2.7390366 -3.3232546 -4.1664534 -1.0886897 3.0222154 0.14865576 2.1401358 5.504894 -6.194908
montage 4.103628 1.9276644 2.8052452 -2.760604 -3.6472054 0.02216549 6.401076 7.0958853 -0.96033657 -4.3671293 -1.3482821 -0.32633275 1.9068693 -3.553916 -1.3904179 -1.8557063 3.4281056 0.23336332 3.578125 -2.4285107
fantasies 1.552373 2.9849725 4.7216034 -3.5124748 -0.8010966 5.3633227 7.54588 3.5259905 3.8186772 -3.4949296 1.6039462 0.048161805 -1.776963 -3.7373476 -2.6708815 2.3040814 1.4342456 2.8343174 0.885348 -3.573961
spoof -1.3134408 -1.0541608 -1.0945001 -4.6253877 -2.6838539 -1.9259449 6.2146983 7.0615244 -0.95361644 -3.4543738 -2.2376876 1.5418831 0.8249257 -3.6453736 -3.8181741 0.069805585 -1.5282817 0.7295244 0.6948793 -4.8950834
backstory 3.6669652 0.2683427 2.879191 -3.0522745 -1.3105196 -0.030694539 8.791313 5.9405613 0.42688844 -3.7686546 4.0633473 1.9082187 -1.3470918 -2.367669 -4.1444526 4.7431993 1.9837387 -3.9460535 -0.43405393 -5.1570435
episodic 3.9285505 -0.4284452 4.2626657 -2.3556426 -4.4128013 2.161228 5.4820986 2.0312023 2.1054997 -1.6896248 -3.775969 -0.04272146 -0.65208054 -6.052924 -3.711911 0.32973894 2.3147247 -3.2289605 3.3371713 -3.5891278
farce -2.5306551 -0.19410416 0.72161865 -1.4523151 -0.8868702 1.5988925 4.6410313 8.516316 1.7137266 -2.6500723 1.1972203 0.12316684 0.09495069 0.7257834 -2.5413303 -0.17395428 0.06891913 -0.5218216 2.9657123 -6.3729124
hilarious -2.8360598 0.34969592 2.7226734 -3.3597336 -1.1967885 1.3882076 5.893003 5.6961575 0.8004721 -3.74832 -1.3131926 0.5490483 -2.6597984 -5.2187667 -7.018053 2.5462244 2.1828146 2.1543264 3.8242528 -8.2206545
comical 0.19018865 -2.4612095 2.0208461 -4.2357535 0.12808435 3.5459468 6.856214 4.88983 1.1800582 -2.7611706 -1.049943 -0.5388193 0.06135211 -3.301062 -3.8257565 1.9356486 0.029110946 1.7817764 4.5980787 -7.5046115
inspirations 1.3029158 1.4046036 2.7787795 -2.3488162 -1.0644537 3.293181 2.1990948 5.5701265 2.645244 -3.33066 1.3960222 2.2081702 1.9570357 -3.7734325 -0.71451354 -0.59365565 -1.3536291 0.7572623 0.71295357 -4.919845
lighthearted -0.7058033 -0.85047185 1.3993016 -2.7285714 -1.2797862 3.3425925 4.4076433 5.6743884 1.9788132 -4.932665 -1.153305 1.9756553 -0.19170433 -3.5406625 -5.307541 2.0386863 0.87152064 2.0248916 5.0110316 -7.073962
caricature -1.3382841 -0.11011085 1.4976957 -0.6577488 0.2557687 2.4000194 6.2932754 7.170367 2.7055058 -2.2216573 1.0547771 2.451389 1.2625079 -0.64540416 -1.5064986 2.9331596 -4.0052705 2.2783892 0.51201296 -5.499238
gags -0.07505041 2.0396163 3.0055935 -3.256495 -1.6685197 -0.045636773 9.428741 4.2381563 -1.0975947 -3.8143826 -0.9234263 1.782916 -2.8523428 -2.6469626 -2.5851731 0.07091425 -0.16070133 0.632424 7.339125 -8.891168
heroines 0.8192903 -1.444104 0.02187367 -4.590869 0.15807317 5.4907255 6.5072937 5.320752 4.352729 -1.1989346 0.8569248 -0.2301398 -0.8005439 -2.172235 -0.36255372 0.7682349 3.8378263 1.4945682 0.61569715 -6.9804864
closeup 0.5631334 2.0321872 0.39703792 -4.1184897 -2.5832253 0.09400389 9.294176 3.7432427 -1.0175934 -2.492749 -1.5200266 0.17411037 4.1326256 -3.2446682 -1.2838496 0.8323088 4.277567 2.494739 4.9970407 -1.7478104
subplot -0.24524139 2.4571106 4.51972 -2.3829195 -1.4663857 1.4581624 8.731156 6.172599 -0.5819872 -1.7204438 2.3356342 -0.07252363 -4.466407 -2.8406203 -2.8850965 2.5273194 1.8408422 -3.1871543 0.46354347 -7.782
happenings 3.546846 2.2564747 -0.58747196 -0.08608085 -3.0749006 3.9978662 5.1730933 4.0577865 1.3705473 -4.625677 -0.24831907 -0.1406458 -3.218116 -2.2094426 -3.046148 -1.0882192 1.2153362 0.3089692 0.37025017 -1.4252542
makeover 0.8067775 5.334151 1.1852883 -3.3573577 -3.541269 -0.7839103 3.1401582 6.38332 -2.108005 -3.488709 0.9889154 1.7872487 -2.8320792 -0.86158407 0.8678503 0.47170955 4.0271497 0.5811997 3.536961 -2.0526223
pranks 0.036499158 1.6828598 0.31492382 -2.130247 1.4339837 2.5777876 8.322571 4.2714605 -0.966327 -5.79936 0.49474135 -3.1086705 -4.553609 -3.2577865 1.8164692 2.1098065 1.4209018 1.5215391 4.508999 -4.503813
monologues 1.0820916 2.0128443 3.8473055 0.9331677 -1.7295976 3.568914 9.121292 6.5023956 2.5705545 -6.034993 -3.3848317 -1.2895426 0.5111753 -4.722404 0.60337883 -4.8781714 2.1600595 1.9988844 2.7164664 -4.827206
caricatures 1.5666149 0.44676572 -0.49783677 -1.0129989 -1.3065931 2.9551 6.4147973 5.631537 5.3821554 -3.8746135 -0.58486956 0.4362379 -0.05490619 0.084664464 0.94039077 0.8753494 -4.8544407 1.0630804 0.6534315 -5.851337
skits 3.8226063 0.2252575 -0.015792282 -1.7649902 -0.7368362 0.7467118 7.303879 6.776905 0.60312235 -7.527558 -2.46716 -0.09683445 -1.8384948 -5.6297746 2.2796695 -3.2824042 0.6975317 1.724556 5.028022 -5.6145744
creepy -1.0148649 2.141363 1.9855345 -3.4115555 -0.8481781 0.31735554 6.9282866 3.612576 -1.357588 -4.448411 1.1051797 0.95713943 0.7187055 -4.9097857 -6.439858 2.6744258 -0.65984654 2.1612813 2.5957048 -6.324121
funniest -0.39062467 -0.8673554 -5.029418 -4.8569994 -1.3686297 -2.425113 2.4151614 4.7149196 4.8786387 -5.937209 -2.05208 2.1943402 -1.74328 -8.04331 -3.1667776 1.8689649 3.7636085 2.0303001 -0.96368206 -7.5696397
vignettes 3.8273358 2.7302046 0.8871363 -1.6569484 -3.5176902 1.1306587 7.4861846 4.764775 3.1569545 -3.7767515 -0.66245055 1.0994722 0.48736113 -2.5973265 -0.9273735 -2.5723958 0.6001213 -0.6557572 1.7275925 -5.8138747
skit 0.41565594 -0.2785923 0.15229088 -2.2195885 0.34519836 -2.5760024 6.582489 8.092952 -1.0673579 -5.1947875 -0.6268016 0.9047262 -1.8130972 -4.9762964 0.023859663 -2.6127167 2.191917 2.3025863 1.4661511 -3.770569
slapstick -0.25735778 -0.78416723 -0.27786815 -3.4566734 -0.639563 3.0523782 6.5777273 6.902826 0.36471677 -1.7113527 0.2130037 -0.23410015 1.0925987 -4.7331715 -2.7897823 1.1827617 -0.39147648 -0.59056294 7.359204 -6.7947464
candid -2.2147717 0.33622867 1.8096073 -1.5562185 -2.0429404 1.5716312 5.7735176 4.355974 2.6425033 -5.840348 -2.3162434 0.854946 -0.14896604 -2.4365034 -3.1278968 3.075742 0.07307687 1.2984592 1.6167495 -1.5669501
cliffhanger 2.3522727 0.16387372 4.3878765 -2.50584 -2.0342736 -5.007688 5.3270793 7.403491 0.3323392 -2.2973366 1.713123 -2.6954808 -2.2917986 -2.2541459 -6.358584 1.1047056 6.301407 -2.9880602 0.9965848 -5.9484053
slasher -1.2736644 1.4695367 -0.27785113 -4.784438 -1.5538123 -0.67700636 5.625991 5.852552 0.89499176 -0.18245794 0.7632658 -1.0038255 0.5552296 -5.6552763 -4.1048117 -0.47864446 -0.23631857 0.16583727 2.4801848 -4.664689
offbeat 0.16441755 -0.098942935 1.4554917 -2.470226 -0.9340881 2.6890728 2.7053628 4.86222 0.54172355 -4.262351 -0.6486189 3.0105193 0.55812794 -5.7243953 -3.6461084 0.6339837 -0.079051785 1.5414513 4.6292763 -5.508986
profanity -1.0313946 0.72808963 3.2177913 -1.0358778 -0.074722566 -2.878393 8.233616 4.435175 2.4355881 -1.8878131 -2.3578377 2.0619345 -5.686256 -1.8500783 -3.8801193 -1.2217443 -3.64095 5.3304553 4.2371993 -3.3759177
puns 0.14729778 -2.2931285 2.4453623 -3.0647573 0.029745374 2.3436992 6.7337356 3.5941277 2.621203 -2.0695982 -1.7754438 5.154499 -1.4076296 -1.5388447 -2.5649905 -0.31907654 -2.0916255 3.9803107 3.334921 -8.25954
tropes 3.7323892 -0.69220567 3.2003393 -0.9742886 -1.1862276 3.59802 7.252903 5.92238 3.0856674 -0.92233545 0.07734213 4.569433 -0.9011003 -3.1638808 -3.9182591 1.2770776 -1.4975576 1.7890302 2.8348398 -5.634206
humorously -0.34543177 -1.0449116 1.860449 -0.96908677 1.0809025 0.22831668 5.336429 4.488668 1.4556867 -3.7876396 1.1902719 2.9586303 -1.5623589 -2.0222266 -2.964893 2.0032334 -0.41333634 1.6471344 0.7994966 -4.4795766
irreverent -1.1860579 -0.9300735 1.7351046 -1.1072558 -0.17913371 3.455376 3.8135486 6.258948 1.9809012 -3.7767806 -1.0571905 3.0248682 -0.8022795 -4.3652163 -4.7981634 1.9673818 -2.176042 3.3785484 3.3390465 -5.6559415
rant -0.8900616 -0.5395114 3.0433505 0.002134463 0.55287206 -2.7365217 4.529973 6.5811133 -0.52395535 -2.9898589 -0.20112279 -0.10407809 -1.7309287 -2.7384148 -3.8779998 0.0044506765 0.36533815 1.9076873 0.51117915 -3.203428
banter -1.1000135 0.38775638 1.7403181 -1.7615093 0.51277804 0.9052437 4.8784537 5.709694 -0.7663794 -4.7164726 -0.84607095 -0.4284867 -2.712655 -3.6652043 -1.794601 1.5030136 0.48328793 2.3172643 5.3173985 -6.2895503
idiots -2.0554998 0.01403951 -0.54164934 -2.735955 -0.23606542 -0.6209574 4.8337913 3.8049872 2.6890707 -3.42975 -0.23273027 0.6923726 -2.173121 -1.2494316 -2.2629795 -0.42509255 0.73931134 2.285294 1.1768662 -2.2746785
antihero -0.83871144 -2.1934571 1.6675886 -3.786146 1.0482224 1.9099166 6.1900597 6.931053 1.1580557 0.41809916 2.7015476 0.61878604 1.3905857 -4.4139395 -3.2217367 2.153633 -1.1426988 -1.1352922 0.7152503 -5.531518
memes 5.316644 -0.96553874 3.715665 -2.2267654 -1.8442942 0.21970037 4.9887385 3.6159022 1.9441204 -2.416598 -1.8785117 3.8052783 -5.714655 -5.5138736 -3.9607382 -0.2671323 -4.2400036 1.4979584 1.0267881 -1.447638
rewrites -0.35241354 1.7768188 6.252965 -2.509297 -4.5414033 -2.2511654 4.420054 5.372255 2.693331 -4.925205 -1.5085332 -0.91315943 -1.9822496 1.5366046 -2.3489528 0.41032466 -1.0446377 -3.5120192 2.9746199 -3.7200415
personas 4.680038 -0.6958524 3.2251172 -4.0815024 0.41687638 1.3307028 6.4472375 5.2277336 0.40507424 -1.359914 0.67063975 1.2810541 -2.8104255 -3.5084655 0.7682291 2.5135002 -0.68563867 2.331411 1.5921676 -3.5987916
parodying -0.18048595 -2.110631 -0.5200307 -2.5663981 -1.3769969 0.75894487 3.6525671 4.9589334 -0.1173653 -2.5646577 -3.6148505 0.11528185 1.3973562 -3.8436792 -3.3025966 1.3097041 -2.399218 2.9330466 0.87862337 -4.384227
subplots 2.5219429 2.2333143 3.66573 -1.4824377 -2.787066 2.3794649 8.174054 4.9486375 1.339571 -1.9506006 -0.42203972 -1.2940484 -4.526641 -1.6920671 -2.1092575 0.2658857 0.7664417 -2.1939402 3.5765984 -9.382258
plotline 2.1590762 0.10124556 2.9227538 -1.7966074 -1.907127 0.49984047 6.3942714 5.927985 0.8461627 -0.6849225 0.9619452 0.74888426 -1.7648449 -2.3224072 -4.003773 0.9955138 1.4905664 -2.269777 1.5480659 -5.329334
interviewees 0.5987522 0.5111111 1.5909513 -0.8173768 -1.3219103 0.19126084 5.188009 3.2092068 3.7344472 -2.8907301 -1.9878385 0.80966645 -5.4371343 -2.4892564 0.28658274 0.75245005 -1.1132573 0.18130139 0.14126852 -2.4261413
closeups 0.66904384 1.9556347 2.3124344 -3.471907 -1.98192 1.6199733 8.3659525 3.7510414 -0.8665127 -1.2755594 -1.578454 -1.1883882 2.0394936 -2.495215 -0.99168 -0.025890384 2.1932654 2.1016707 6.6000404 -4.2296057
innuendo -2.2044466 2.1290264 3.859354 -1.1423587 -0.24256282 -0.30220243 6.2122345 4.4391565 2.4068956 -0.91173285 -1.5997823 0.8960786 -4.5783505 -3.0002193 -3.6314824 -0.08121798 -2.3805585 5.3640437 1.8086832 -5.383396
catchphrases 0.26257077 -1.1047381 0.26574308 -3.1857667 1.1977623 -0.99212307 5.4351106 4.7405233 0.5715109 -3.4446383 0.30206376 3.7785738 -3.066962 -3.137412 -0.13784379 -1.1937841 -0.28601235 2.6071365 2.8262024 -6.045115
gimmicks 2.114033 1.1403708 0.34259272 -5.0397644 -1.1850119 -0.7831115 3.885455 5.2388854 0.8757245 -0.5964888 0.55659497 1.6634166 -2.3438368 -1.5280246 -0.3053702 2.9640586 -0.58984905 2.262428 5.0619226 -3.412495
unscripted 2.4328396 -0.26234978 0.74365026 -3.137797 -3.2161646 -0.006708859 3.705589 5.0771074 -0.18976846 -3.4088032 -2.956837 -0.06874994 -2.5034606 -4.9780045 -2.1029959 -0.15761264 -0.3146993 -0.9749729 3.397551 -2.155385
softcore 0.6062131 1.4481893 0.28474155 -7.369342 -2.714273 1.1117058 5.051032 3.6192298 3.2784944 -1.2393067 -1.5973903 1.1148504 -1.7486424 -5.319208 -1.0377364 -2.093885 -3.0701253 2.153989 1.7965102 -1.8215396
rants -1.044773 -0.18147644 1.8200738 -0.6915631 0.16986223 1.2083439 5.169566 3.8861074 -0.78001803 -3.3837974 -1.1059707 -1.038967 -1.8934909 -3.569662 -3.5689871 0.97595584 -1.9558774 1.8214375 1.1653957 -3.7007275
plotlines 4.086905 0.75599307 2.753125 -1.0601037 -2.49222 1.0192819 6.151782 4.2637553 2.193109 -1.6858069 -0.06639014 -0.47078955 -2.4670928 -1.1579784 -3.0446196 0.57647264 1.0915732 -2.0161433 3.120528 -6.57088
blaxploitation -0.4675535 -0.63043934 -0.39107364 -4.4718843 -1.3150961 1.889846 3.6359394 5.3545365 1.6276381 -0.22538544 0.18888763 0.4798242 2.0247576 -4.938474 -3.9307864 -0.7864137 -3.3972733 0.51242644 2.5791667 -4.785438
spoofs 0.1885952 -1.4325101 -0.43918377 -4.144352 -1.8709666 0.5416226 4.580805 4.5254126 0.99144655 -1.5827272 -2.4293647 1.1918796 0.116973005 -4.5115504 -2.0586984 -0.7554467 -1.4585147 1.0481981 1.0843483 -4.3123484
sexualized 1.2828678 -0.4625803 1.4787589 -3.0831785 0.6862457 2.988082 5.918675 2.5551553 2.9983702 -0.4770716 -1.2190871 0.642504 -2.5709064 -4.904591 -1.4739715 3.586755 -2.056265 4.7608542 2.2533998 -3.1709197
finales 3.8317664 -0.7899185 1.6186345 -2.3096924 -2.6582508 -1.333393 1.0979224 4.1052513 1.7824391 -1.391245 -2.0650015 -1.5596589 -0.31271708 -2.5399654 -1.8266416 -1.691074 4.150896 -0.58823806 2.7130415 -4.7714562
sensationalist -1.3784523 -0.7232082 0.8719888 -0.28339985 -2.1225245 0.88054866 4.0384727 3.503139 3.787177 -2.5187795 -2.4091234 1.114848 -2.8529065 -3.57539 -5.3521132 0.7230414 -4.261977 -0.2377303 0.38465273 -2.61771
whodunit -0.5535013 -0.70518994 1.2586281 -2.228155 -1.9433142 0.9520694 4.921186 3.8140442 0.7494461 -1.2157493 -0.47871947 0.91525775 0.1014591 -1.9193681 -2.8861785 1.0323995 0.7725193 -1.7736696 0.5473664 -4.8354163
montages 2.810474 1.1492456 1.9162967 -2.837764 -2.911711 0.89068747 4.4619975 3.45555 0.7447379 -2.8784797 -1.5380498 0.68985325 1.1091359 -2.5493777 -0.84175384 -2.0800097 0.98111117 0.7409904 2.9500232 -2.1104343
bloopers 1.65923 0.51117957 0.5476482 -3.218926 -3.0977497 -1.5429976 4.17299 3.5469942 0.50949156 -2.5972755 -2.3069706 0.66591233 -0.62516004 -3.2390447 -0.3964298 -1.2579974 1.1838596 -0.738525 1.7480013 -3.5205433
innuendos -0.09796487 1.3763934 2.9025455 -0.90058273 0.44089845 0.88018894 5.3327627 2.9757483 1.797073 -0.8185067 -0.09782825 0.23956451 -3.1708934 -3.0416028 -1.3926964 0.06717093 -0.20960772 2.9357176 0.7686929 -3.373856