Centroid_27 -0.8032724231908539 4.485391465000002 -1.0917561894024397 -3.2941911217682933 -0.976115012662805 -1.5462866959207318 6.0780289463414645 -1.77487324587195 -3.8339781066463385 -2.328797211018904 1.2384273738048768 1.4955195388292688 -0.0051568553536586 2.3587759067012195 2.03323187522561 -0.5362510747317073 0.4385209364189024 4.090158404762195 3.8549059060060977 -0.4316787043170733
room 1.1952417 7.6572194 -0.089785844 0.97276497 -1.9299945 -1.1786321 10.268977 0.48818684 -9.731126 -8.414894 0.92257696 1.1085352 -0.36658064 3.7670217 4.134985 0.6865945 5.3311625 4.5783644 4.295385 -0.73484635
items 5.0708714 6.766796 -1.4591459 -5.783565 -5.2492924 -0.21088408 10.453124 -3.4309745 1.5152822 -1.2822163 0.8351435 8.146598 -5.559582 6.013066 3.9552102 1.3686574 -0.7941844 3.6148589 3.973308 -2.1427507
door 1.7093941 3.985973 0.5504168 0.18188033 0.04688855 -4.4293065 9.782295 3.9037545 -11.9480295 -2.9377646 2.5271432 -0.9079 0.4901115 6.6575828 1.5239712 -1.571059 5.176046 5.672567 4.351154 -4.7098565
bed -4.018331 7.764987 1.6717829 -0.41372654 -0.18808429 -0.3425422 8.029316 -5.4565926 -7.435633 -4.1788645 3.5388815 -0.41588753 -0.52205974 1.990802 -0.5319391 -3.1458194 5.363499 2.4169555 2.7663403 -1.1498178
clothing -0.6432703 5.0793886 -4.9373636 -4.170248 0.19921987 2.2664862 7.828019 -0.2055556 -0.4577898 -3.9061675 2.6682534 5.399979 -1.2767055 2.5708935 4.911215 2.0687683 -4.4070325 6.8231993 6.7004967 0.90804785
kitchen -0.58231896 6.5732207 -3.4677975 -1.429501 -1.9291105 1.6386704 7.8347898 -0.9270994 -8.220693 -7.181987 0.9464096 2.2384543 0.9141716 2.8465192 4.2675834 -1.6898679 -0.28363523 4.4222407 3.2436175 -1.7998605
clothes -3.316182 6.222782 -2.7090218 -4.506917 1.7878637 1.9220679 11.370648 1.1821362 -1.9885705 -4.668628 5.1330643 2.6131377 -2.4092422 5.0757256 3.551169 1.1867232 0.4947647 8.222075 6.45093 -1.5643961
boxes 2.7859883 4.8511863 -2.10298 -2.6301684 -3.3848681 -6.1710863 8.006078 -2.4979963 -4.643621 -2.1921103 -1.709976 4.965996 -0.7027951 5.1115074 2.9751813 -1.6117841 -1.3025132 5.0492954 6.0421753 -2.6250873
shoes -2.2437754 5.656249 -2.550118 -5.1215825 1.7225275 -2.2693598 6.789431 1.0220133 -3.4325752 -3.5042284 3.8733313 3.2403638 1.319996 1.3632505 6.4111814 2.0967386 1.0717102 6.5614886 6.4659443 -1.6562179
lunch -3.966948 5.9325624 -2.1510205 -0.9072816 0.78207576 -4.0981855 2.2772 -0.64373255 -4.797642 -8.539801 0.28394243 1.5283288 -8.036741 -0.57533026 4.5901923 -0.7603642 5.5230494 5.6999707 2.2849061 0.41530418
bag -3.9937475 5.8966417 0.6874982 -6.2651496 0.11822526 -6.1640906 8.93358 -1.2917088 -6.042906 -0.89274 2.474342 2.6870968 -0.81708145 2.0641644 2.7623014 -0.6371796 2.1039047 5.7911205 3.8498547 -0.5721133
smoking -4.59665 7.593831 -0.78091043 -2.6413805 -0.5604495 -2.0548081 5.833369 -2.0535932 1.0392249 -2.725161 -0.22686386 -1.4870634 -7.0850563 -0.5480218 -0.024339385 0.25919336 -2.8617127 6.621744 6.103761 2.4834695
bottle -3.793445 7.0947447 1.80501 -8.79199 -0.6358792 -4.5716996 4.6988816 -1.7102938 -5.7224307 0.28692767 4.800639 3.8900242 1.1816525 2.917778 0.80243844 -1.3339926 1.114801 6.861248 2.7306242 -1.7166011
meal -3.237316 5.581597 -2.3315089 -4.259308 0.9301697 -0.5138977 6.3760433 -3.4235826 -2.2556167 -4.6525545 2.0081341 4.653697 -7.5106297 2.1496475 3.0253372 -5.092855 4.8834276 8.564682 3.303538 0.9829359
cleaning -2.4559307 7.6980963 -0.33634135 -2.7988176 -3.88927 1.6667 6.3971314 -5.5019674 -6.499985 -3.2250035 -0.28821185 -0.694443 -1.3259761 3.1293101 0.7909126 3.0567455 -1.8046459 2.09465 6.8514194 3.1081772
desk -2.0366035 2.068655 -0.52961737 2.147285 -2.0529563 -3.9173086 9.134581 4.0889235 -4.446395 -6.8176365 -3.054978 4.0127845 -0.8367956 1.537257 4.0814347 1.7790436 2.3584812 1.3997688 2.8775828 0.67574847
meals -2.3614712 6.775306 -4.8728557 -2.542905 0.025253095 0.48644683 6.0710077 -4.872597 -2.9353456 -6.140052 0.5070535 3.9374595 -10.141002 1.9219629 6.1149006 -3.8308117 2.929147 7.243878 5.1923046 3.574834
shoe -2.2937043 4.9823437 -2.9559233 -4.1550603 0.4319997 -2.1012807 3.4386075 0.34507355 -5.3070827 -2.61753 4.05387 3.6847188 2.6249359 1.6509027 6.255464 1.1698512 -2.8877718 2.335391 5.1813893 -0.9702846
wrapped -1.0891954 4.3751698 -1.650615 -4.7728014 -1.9149259 -4.308428 4.5374403 -1.9618235 -2.7587729 -1.7224169 -1.2002612 -3.418005 5.977205 1.1063977 -1.7129647 -2.205863 2.1556737 7.25423 4.1605005 -1.3236474
watches -1.6370138 1.3987926 -1.2435976 -7.5596547 -1.5624131 -1.8043392 7.689862 -0.77864116 -3.477385 -3.9592834 1.2632684 0.34176615 1.2732496 0.74135154 -1.2885009 1.8619035 2.2005148 0.74376816 2.8807483 1.0025109
bags -2.2242234 7.862741 -2.87087 -7.304841 -1.9430468 -5.308992 8.003202 -4.084419 -4.7655764 -0.78469396 1.9672725 2.040845 -2.187814 3.9827583 4.191826 -1.0150858 -0.9834968 5.7139225 5.842084 1.3786513
accessories 1.4000331 1.9808615 -3.7228816 -7.39175 -3.20612 -0.3794305 6.2157154 -0.37850022 -3.1835103 -1.8027457 -1.776402 6.616412 2.1308343 2.1930242 7.4654336 1.5596628 -3.7448983 3.4418685 8.804279 0.03339292
bottles -1.492816 8.402122 -0.7986712 -9.909997 -2.6511314 -4.131748 4.407069 -4.486398 -2.63234 0.7249304 3.3711047 2.139104 -0.65656537 5.516863 2.9260888 -3.9758878 -1.512689 6.7391057 3.8177006 -1.2507031
tent 2.7335408 4.3953214 -4.751084 -0.2534057 0.6940867 0.15066563 7.7280617 -0.28666276 -5.851701 -3.4237783 4.16664 -1.8886209 0.15032208 2.2945955 0.4922828 -2.111706 2.0762765 3.6157982 1.8652647 -0.12383249
dressing -1.685636 4.733692 -2.019661 -2.2668927 0.43655235 1.8416212 6.5671043 1.6352012 -4.5627656 -4.9256005 0.52652884 -2.1247308 0.39520922 2.1957903 4.155064 2.174264 2.3457928 7.008802 5.659246 -1.8719124
toilet -2.1102746 6.471369 -1.7271068 -1.4342895 -2.5949564 -1.1122642 8.372362 -3.7880657 -7.9753175 -3.4016275 -1.9698803 1.5916177 -1.5506853 3.1662874 1.8451802 -0.9042642 1.463251 6.353191 5.8025002 0.58987385
mess -2.2627015 1.8417045 -2.2438242 0.08167398 1.0490543 -2.6703434 7.784646 2.0994513 -3.296388 -5.542046 0.8937734 -0.050430927 -1.726953 2.2773921 -0.02187657 2.0678532 1.2392943 3.2901247 4.889719 -1.5190694
bathroom -1.7202824 6.9596157 1.6573621 -0.99367124 -0.2813059 -1.2599626 10.283661 -1.0799387 -9.543204 -5.8570585 0.7319707 -1.7358067 -2.663652 2.110501 3.8413372 -0.64579684 3.3204706 4.9173417 3.1227286 -1.5143759
glasses -2.7866056 5.633978 3.2908185 -4.917126 -0.22441325 -1.73702 8.692471 0.98742646 -1.5932151 -0.8141671 1.7307767 4.1559186 2.996781 1.147733 3.8269687 1.2385856 1.710475 6.4023438 6.6838794 -0.60934186
garbage 1.2549595 7.067336 0.05870815 -5.141639 -3.6489198 -3.4418292 6.46099 -3.1255412 -6.0539594 -2.242444 1.8463445 1.3384631 -3.7342725 1.2492136 -2.8314908 -0.8082285 -1.5380912 2.2224138 2.0331721 -0.32942113
packs 4.1190715 2.5530689 -2.0948164 -7.598785 -1.6173979 -7.0568447 5.8099284 -2.6800232 -1.6632358 -0.80058646 0.79376847 2.7190351 -0.8100123 0.28297526 1.8617721 1.3739444 -0.012275802 2.5889306 5.713244 -1.7243584
cigarette -5.480558 5.2710695 -0.41287497 -6.1048512 -0.9237614 -5.364521 5.94538 -0.39610857 -1.001611 -0.807913 0.9890255 2.1385496 -2.8915498 1.423942 0.6524537 -0.24015489 -4.091228 4.470081 5.617512 0.21830261
washing -3.2120118 5.3913674 -0.7348833 -4.4900985 -1.5605032 1.994551 6.253907 -6.72007 -4.730944 -3.4621778 0.7728885 -0.5691912 0.69524956 4.5388002 -1.2313865 -0.7724632 0.31692353 5.9989057 6.768138 1.8751161
trash 0.53972673 6.9407253 -0.6778163 -4.7231345 -2.0014474 -3.862078 6.8205614 -0.88485354 -5.4781256 -2.8408117 2.3467777 0.6970295 -2.5515664 -0.90707755 -2.5046036 -0.091870114 -1.5082685 3.7171779 1.8680809 -1.5584688
nails -1.1141583 6.504941 2.8263054 -2.9681883 0.30550173 -6.918701 7.5153623 -0.749055 0.33492267 -2.1658244 1.5491823 -1.5167353 5.2980213 2.4700718 2.959087 -3.4935353 -0.91861624 6.114994 6.4421883 -4.4556465
shower -1.8717623 6.103172 0.70019424 -4.032757 -1.7175013 -1.3955237 7.7033143 -1.6244057 -5.323006 -2.1958182 1.1873697 -1.9900595 1.0156895 -0.82912904 -0.67108166 -2.5095227 6.0829473 3.46253 4.3733287 2.0753348
toilets 0.48360005 7.853448 -4.541494 -0.5421763 -4.665099 2.2554255 7.0931463 -4.1661477 -9.245228 -1.4883566 -2.9705114 1.1684763 -4.123873 3.7781262 3.234203 -2.2284987 2.0627706 5.9956503 8.051024 0.61152637
laundry -3.0473745 5.900424 -3.5554433 -2.6443467 -1.7797368 0.9367777 5.5350695 -3.692128 -6.210481 -6.1539207 0.8513112 1.3746549 -0.72571796 2.771504 3.8966753 -1.0440946 -2.3957982 2.5371048 4.3040776 1.7664883
packing -0.7427997 4.774015 0.98075473 -2.655076 -1.1403341 -1.361588 1.8217543 -6.4315796 -5.744758 -2.2278023 1.509861 2.2699056 -0.023625275 2.0635006 0.83284926 1.8607785 -2.9380133 2.1089458 3.4276822 0.36049592
cellar 0.626594 7.1926894 -0.35455656 -2.8147404 -1.2827659 1.227171 4.8252206 -2.599756 -7.036068 -4.2698817 4.590153 -0.7008606 2.2494435 5.3507853 1.0669609 -2.3605583 -0.0024478433 4.4238877 0.073581465 -3.3526685
bucket -0.21798363 3.3896549 -0.15395255 -4.179714 -0.077960506 -5.2896786 5.015963 -1.3305483 -7.714435 1.6184351 1.0603936 2.1553302 0.18139431 2.475981 2.1718903 0.115737714 1.8839458 4.9913735 5.216928 -3.3823328
pots 3.3299603 5.4858685 -0.40851113 -5.9464045 -0.46619684 1.6904321 4.817544 -4.5269713 -1.3348958 3.1058726 3.7933638 2.8006885 1.1711769 4.967966 3.455602 -3.4955854 0.1052838 7.755292 4.3785925 -2.6328747
cleaned -0.65977895 6.939487 -0.10133196 -2.1041636 -3.1212702 -2.1554043 5.2754016 -5.697679 -3.974729 -2.6116138 1.1401068 -2.2492418 1.350429 6.58448 -0.9671613 0.8035175 -0.110590234 3.5531547 3.7780757 0.8154391
storing 2.156822 2.24839 1.3282912 -5.4304247 -4.921265 -0.12981522 5.361082 -8.037681 -4.2388654 -0.39260215 -2.2995236 3.134146 -1.6295937 4.7514935 -1.4526714 1.5539716 -1.7976797 2.1500676 4.1518087 2.6722445
slides 2.7989335 4.7131133 0.528302 -2.207832 -3.666571 -1.26404 7.946764 -2.489302 -4.543373 -2.149624 -1.4208635 2.3847044 4.469001 -1.20418 -0.07445629 -0.22827502 3.3638504 2.0089855 6.893015 -1.695548
candle -2.6605296 7.0934887 1.0350534 -1.5605735 -1.9636792 -1.2977103 6.757439 1.5554761 -2.5333028 -1.9819623 3.5026846 3.6526046 4.4973874 4.5236006 -1.8457116 -2.7914908 3.9327788 7.0116215 1.8095452 0.39187348
candles -0.54846996 7.377881 -1.595482 -2.412646 -2.2746298 0.1335567 8.94818 -1.3111883 -0.49105814 -3.0303032 1.7356967 1.6094285 2.729462 5.6973386 0.33416808 -4.994303 3.5465991 9.091775 2.6011431 0.41760612
stuffed -2.152145 4.572789 -2.6846423 -6.581958 0.67889035 -2.0119245 8.054659 -3.4476938 -2.9806614 -0.7576365 2.0504224 1.6635199 2.7192578 -0.24707179 1.6614785 0.29567802 -1.6470219 7.37675 0.18277785 -3.3836863
props 2.5721943 3.6757076 -0.44383204 -5.5771976 -3.5374813 2.0762231 9.6462755 3.8971567 -2.4672306 -4.2640576 0.13775261 1.6045244 1.9248091 2.1210926 3.1860485 1.9468925 0.17983186 1.3627739 8.476649 -3.3949172
luggage -1.07571 1.3460152 -2.4933956 -5.3218107 -1.6418623 -3.8415902 7.3161883 -2.9926565 -7.3920474 -1.7176923 0.7181749 1.1902529 -3.1108294 6.903035 3.4580522 -1.2087197 2.307121 0.51871914 5.1238017 0.545914
oven -2.9223053 6.3849974 1.1479734 -4.233677 -1.4553123 -0.38212353 5.05706 -3.7635155 -5.7883697 -1.241636 3.5692685 4.235625 3.290247 4.0473747 0.005894035 -5.7254715 -0.090297155 5.4851327 6.0555634 2.5555742
wrap 0.81203014 2.3310266 -0.44137156 -3.361767 -0.36718974 -3.5671842 3.8324442 -0.560816 -3.4724164 -2.5704298 -0.7081904 0.02352838 0.887675 0.21401618 -1.0797465 -0.11579387 1.2909851 6.5449443 5.6076913 -1.4048985
cans -1.5845759 6.9318395 -1.0726779 -8.373074 -2.057234 -4.6441855 4.3321433 -2.4506388 -3.790791 0.024455436 3.0001128 2.727689 -0.43496528 2.7966757 2.2273166 -3.6548603 -2.0764222 5.227269 4.8268924 0.32654494
homemade -0.6871638 2.5193582 -1.5836306 -7.4461503 -0.32294038 -0.7821754 6.2313175 -1.6278423 -2.798152 -3.9569263 1.6249964 1.5020304 1.0514513 0.7319089 1.2119507 -2.1865773 -4.064697 4.0026274 5.5823708 0.5959472
cardboard 1.3065274 5.2583437 -0.048748314 -4.7806587 -3.174088 -4.208306 8.846339 0.22530527 -2.671775 -3.115108 0.13715297 3.4519713 4.2540727 4.0602465 2.2429001 0.40314832 -2.9288325 5.218749 5.138973 -3.0287867
flush -1.087449 2.9889646 -1.19565 -1.7638911 -0.43272 -3.6813624 4.9548764 -2.2904842 -4.539741 1.501493 -0.11270884 0.018012235 0.9493051 2.8649898 -0.073690385 1.1095362 1.6559663 4.7866125 6.1470456 -1.4655253
showers -0.96877694 6.8309574 -2.289097 -1.7229798 -2.6336763 -0.1270527 5.273637 -3.459513 -3.3613422 -1.5788546 0.37796387 -2.058343 0.022670798 -2.057283 -1.7212216 -4.1713424 4.6635504 2.1685228 5.549879 2.2261527
baskets 1.7247225 6.0592012 -2.541826 -4.4285946 1.3811594 0.74154663 2.2541454 -4.643126 -2.140797 -0.1421442 5.7020802 2.2448246 1.2443312 3.3170428 6.1703753 -1.2825198 0.6236074 5.4475927 4.0994678 -1.5060858
wardrobe -3.114209 3.882608 -0.82763916 -4.00593 -1.7068208 0.7486278 7.9571366 4.7516046 -1.248824 -4.137071 0.90202755 1.7507682 0.33716688 2.6825364 3.1934736 2.6098113 1.1273526 2.564664 2.822272 -2.9887562
tshirts 2.5562935 4.0131493 -4.7834296 -5.143366 -0.8851902 -5.2937217 6.71842 4.2413054 -0.4707936 -6.1703773 0.53026843 4.527888 -0.31108367 0.7729444 4.073231 1.8613721 -3.6844027 8.142396 3.3030424 -0.9656099
shelves 3.6197066 6.058583 -2.1075573 -2.268547 -2.8183877 -4.582891 4.7027736 -3.529991 -1.2398368 -2.914969 2.2363036 4.5128865 0.0461919 2.8725913 -1.1405481 -1.3723636 -1.3220208 3.3879817 3.4727485 -0.8252704
stove -4.526674 7.3130436 -0.110078976 -2.6430285 -1.7145437 -0.6711279 4.9857674 -2.9104993 -5.306269 -1.7334688 3.2017326 2.558237 3.8081188 4.496069 1.7523854 -2.6583054 -1.4456456 3.3707776 6.4047413 0.9976175
massage -3.7422285 4.9141016 -0.45372614 -3.0685036 -0.29153353 4.7918544 6.5072865 -2.5610464 -3.3684938 -3.7718034 -1.531385 0.7470853 -1.6391178 -2.4627457 5.3866167 -0.31306303 1.9745641 6.230607 4.7591906 6.1158404
vending 0.65600187 0.54861546 -4.7029457 -5.5226626 -2.899438 -4.593317 3.2754889 -4.7442183 -8.933425 -7.217874 -3.57431 4.482593 -2.2834234 3.4586263 2.8519871 1.0143083 -2.5006363 4.7912197 5.9458423 3.1230714
pans -0.11951678 3.9401422 -0.92816675 -6.1120152 -1.725658 1.9665521 4.125756 -1.6864641 -4.568509 0.43708423 1.9038936 0.7445922 3.6204047 0.6527745 -1.5190765 -2.4738746 0.5067825 4.780693 3.5561545 -1.43348
underwear -2.3699274 4.511602 -2.1373255 -5.0256324 1.193319 -1.7978749 7.9959793 1.7930439 -2.3109171 -2.8163874 1.6797346 1.9349877 -0.26538357 -0.3710753 4.923878 1.4886131 -0.0904899 6.8729954 3.7126148 -0.08554248
downstairs -2.2862334 4.0523806 -1.0965773 -1.0029476 -0.44060537 -0.8785682 8.003463 3.0529006 -8.610847 -8.7252245 1.3078104 -2.064892 -1.1160996 2.179138 2.224033 -1.6312375 3.662907 2.3514855 2.0053992 -3.758951
blankets -1.6520108 7.05246 -5.3844028 -2.349195 -0.41373038 -1.3652802 8.315123 -5.223893 -1.152228 -1.4134886 3.6137831 0.64644426 0.12594385 4.184657 1.4600787 -0.8753013 -1.4889709 5.029926 5.4419003 2.3978708
wrapping 0.7251224 2.886404 0.2042288 -2.640787 -1.8410264 -2.5473216 3.8011866 -1.8681558 -2.4460533 -1.3339819 -1.2789292 0.27028513 3.4597645 0.7803491 -1.6072422 -1.082663 0.8337425 5.37346 5.519381 -0.21759656
curtains 0.5804697 6.3279824 0.16548161 -1.4147153 -1.9226646 0.5467327 8.0978365 2.8033226 -4.603064 -1.6859803 1.7649574 0.39446652 3.3637588 4.444212 1.52053 -1.9499145 1.7236319 6.3461943 6.483229 -1.8800288
suitcase -1.4222625 3.7867632 0.45088884 -5.6200495 -0.54163796 -4.579348 9.7657995 0.05325455 -4.895617 -3.6179686 3.7678428 0.7092498 -1.5935404 3.2446985 0.95983595 -1.7686493 1.8357804 1.1977242 0.31989563 0.056629427
brushes -2.775557 4.1228156 2.9541078 -2.4266307 0.5769786 0.58506876 5.837257 -2.2531934 -2.8134975 -2.8114557 1.8458778 2.2793357 2.3392687 1.7689279 1.7980603 2.966102 -0.9276842 4.020627 6.194649 -1.3875717
lighted 1.9441246 4.6933537 -4.6191754 -0.29131964 -3.0239344 -0.61155117 5.3161097 -1.6723111 -5.779135 -0.39653736 -2.1739218 -1.0225363 4.7723556 0.9571556 0.60370255 0.7500295 4.5537004 5.9893284 4.374866 -0.92371565
rubbish -1.7730323 5.867439 0.7835315 -2.3577943 -2.3237844 -0.9428269 5.811685 -1.7930019 -3.6575534 -1.2920101 2.5945728 0.9993573 -3.1721191 4.051657 -4.4968224 -1.8965691 -1.6604013 2.332256 2.3654885 -3.4354935
tray -1.0385704 3.5838125 0.7508373 -4.309133 -0.32704508 -4.2398586 6.788109 -1.1270634 -6.8601756 0.9944488 0.6476755 4.1375346 1.1634825 2.620237 3.3260925 -2.123923 1.8373601 6.465377 3.7681396 -0.9224993
tub -4.031421 5.291316 -0.15923631 -5.088906 0.104644924 -2.3275313 5.103121 -1.9992757 -5.768987 -1.1988151 3.7682376 2.1452723 2.7817338 1.0420744 0.20506957 -3.2013798 3.201353 3.9433053 4.8551607 -0.9601837
refrigerator -2.614128 4.723308 0.43606842 -5.2499785 -1.7525471 -2.4763522 4.2013392 -3.6737604 -5.3513556 -3.22708 1.9253976 2.5306828 1.0341201 1.8239387 1.4612981 -1.7783216 0.37037948 1.4284228 4.672135 2.615012
stitches -1.5216792 7.1370745 4.4042315 0.9310724 1.8202709 -4.479427 8.008209 0.024846915 -0.49909213 -1.4386399 2.1667037 -1.2381788 0.20265895 2.6584187 6.6414065 -0.8335176 4.7899365 5.2309303 8.465589 -2.3787394
chores -3.446122 3.2788954 -1.1140006 -2.6736717 0.87153774 4.2542553 6.555683 -2.0332074 -1.1098925 -7.0710583 2.1279733 0.17271781 -6.9497957 2.0518396 4.7729683 1.4575876 3.2971046 0.26215774 4.837315 -1.5257807
bedding -0.69172186 6.8431745 -0.86403817 -1.6559886 -1.8697813 0.74833107 5.2311225 -6.656522 -2.6131353 -1.0468009 1.6942166 2.0135672 1.8521702 2.4855907 0.94549686 0.14501597 -1.2874472 3.333156 5.2466917 -0.92443824
envelopes 1.8767278 3.5256348 1.896795 -1.0773036 -2.6319623 -6.9334674 7.315651 -2.7874353 0.00915498 -1.6172451 -1.1556063 5.1290507 -1.078663 4.8523626 1.3862425 -0.85046667 -0.43747914 4.0886135 1.9882364 -0.08836119
bales -4.627585 5.9512424 -1.1830406 -1.8534082 0.18050037 -5.059511 2.3355403 -4.097443 -1.4340552 0.038464453 4.4748178 1.0917891 -0.50119483 3.2199259 1.0800482 -0.8399969 -2.511961 -0.19753413 3.4955418 -2.8822591
groceries -2.9741182 5.3543515 -4.2493377 -4.911519 -1.1632426 -1.259653 2.5352912 -3.9909296 -4.584223 -5.326303 2.6152027 3.919302 -6.476418 2.17946 2.7703035 -1.6183807 -2.90807 1.9427346 3.4226308 -0.24756123
mattress -2.5187566 7.1676583 0.70995826 -3.1290767 -1.3829342 -3.7213566 5.45087 -1.9566785 -5.1838737 -3.6805158 2.3623054 1.3034912 0.58358324 1.2044499 2.0465689 -0.15171172 -0.15669808 2.948646 3.1323075 1.4668683
bridal -1.58156 2.7243438 -3.659604 -3.956226 -0.78761417 2.6653244 4.5383925 1.8350656 -3.032259 -5.2114944 0.7721554 2.2202024 1.3372416 2.4530532 2.3437889 -0.84876364 1.8592402 7.129668 -1.1371008 -0.14043292
cleaners -3.6503909 5.2092843 -1.0082586 -3.0676665 -1.1039028 -0.3694892 3.4609194 -2.6866744 -5.51137 -2.8570995 1.569684 1.7851274 0.3629252 1.5826527 2.211155 1.2675419 -3.8870864 1.9092028 7.4687767 2.7466784
desks 1.7945346 2.8623407 -1.5410057 1.2122113 -2.8546743 -1.0781928 6.1356807 -1.6982911 -4.1345506 -6.361246 -3.918096 2.6566467 -1.3377855 4.841184 5.005784 0.73527104 0.5107524 3.9968672 5.092016 -0.22583544
bins 0.54757667 5.2369795 0.056672912 -2.803594 -3.2284615 -3.1344686 5.052398 -4.995965 -6.079617 -0.07460981 -0.48879576 3.5115983 -1.9426612 3.3262067 0.082193814 -1.8347782 0.35462216 3.2347474 3.7944496 -2.1219094
pantry -3.298583 2.4940317 -5.0630503 -1.1502056 -0.2118597 -1.7748487 5.5019975 -2.2210307 -9.232381 -5.1462746 -0.9810924 2.2279797 -1.9384987 2.4267347 6.170703 -0.27149394 1.1845783 2.7892547 3.4357023 -0.42377612
buckets -0.05529629 4.4744587 -0.257812 -4.265627 -0.8138915 -3.2317564 5.957783 -4.7756186 -5.4107995 0.07737901 1.9896713 1.7628665 -0.54334384 3.6825743 1.6118258 -1.1608696 1.7102867 3.4182272 5.401565 -2.097542
sofa -1.9854444 3.2725804 0.09288878 -2.074376 -0.0059881867 -1.0505753 5.6690836 2.3411083 -4.962057 -3.6261306 0.8120031 1.2810689 0.7864693 1.8310639 2.4429126 -2.061572 2.401806 5.0431995 2.3907447 -1.7889285
cocktails 0.30642053 4.2077446 -1.0993953 -7.433957 -0.4208328 -0.3635322 6.5465417 2.140337 -2.9287806 -0.807241 1.8849497 -0.84736985 -1.5131872 1.4199731 2.5031762 -4.7322683 -5.472425 6.6751165 2.7102735 0.42335904
bathtub -2.7654526 5.9425397 1.7091079 -3.5423195 -0.22800443 -1.0603117 8.276754 -1.3625691 -5.599816 -2.4127786 3.3796518 -1.4028281 0.90090543 0.90481323 -0.17335807 -1.8887258 2.5207648 2.4923508 2.408453 -1.9066163
bulletproof -0.9559523 1.3684113 -0.97530556 -4.4781113 -0.4889102 -4.9977164 8.526096 1.8414854 -3.2594504 1.5461802 0.37726483 -1.1344858 2.3265681 3.0064743 2.2650852 1.904891 -2.5211868 3.1467774 4.088038 1.1363983
chests 1.6128818 3.8884676 -3.203887 -3.386092 -0.3208851 -1.9461495 8.149629 -3.0215847 -0.2684752 0.92134035 2.7869236 0.6563642 1.2200829 5.5523033 1.3436538 0.67214054 0.7222183 5.34194 3.1039531 -2.5096655
drawer -1.5252122 2.8367507 1.4061033 -2.084461 -0.6224684 -3.587873 7.1617327 -0.21818039 -3.2161915 -4.0119333 -0.224586 3.18212 1.5013506 2.6387649 3.6669157 1.506264 2.4904706 3.3474038 1.8593695 -1.4653068
backpack 0.644947 2.0745194 -1.2884923 -3.593685 0.25612158 -3.2557144 9.349882 -2.2325714 -5.0233016 -2.4515336 2.025881 1.9391669 0.3057839 0.39314738 2.4357338 1.0595303 2.725439 1.0675707 2.9809024 1.8900902
restroom 0.57424515 4.588946 -2.6012042 -0.5530219 -1.2200956 -1.1120574 7.6492834 -0.7434801 -8.775745 -4.2990828 -1.0331216 -0.6661395 -3.7518232 -0.0790405 3.5654192 2.2750397 3.242876 3.8472009 2.084446 1.3640138
crate 0.017742408 3.3120272 -0.7467013 -5.904652 -0.79193896 -4.387228 5.4591675 -2.112795 -5.5638514 -0.8819067 3.1297078 1.7698191 0.5765986 3.130261 1.629698 -0.74329704 0.45544532 1.726201 2.0448344 -0.32041007
torches 1.8556892 3.7365777 -2.581617 -2.0659297 0.53940934 -1.4456364 9.21296 0.07319771 -2.2873046 0.7508006 3.995505 -0.019005798 3.3323948 3.7091885 -0.010478032 -2.1600046 2.4164798 5.782329 4.905083 1.4986676
sauna -0.4450516 4.478788 -2.6513743 -4.2865686 -1.845751 3.767418 3.451153 -2.4609466 -4.847438 -2.305218 0.46673378 0.41082838 0.58740115 1.7153313 3.2304935 -3.316862 2.0531979 5.072614 4.6882744 3.451571
crib -1.4012033 5.2543445 1.3535583 -0.45357037 -0.78205144 -1.2691151 4.304192 -4.2413898 -5.343001 -3.4345243 2.4840014 2.6872358 2.039464 2.7342858 0.05659195 -0.44522953 -0.20934713 2.1989894 1.3994133 -4.6509523
blinds 1.0466702 3.2546542 -0.41868863 -2.5086465 -1.4216397 -0.7104409 5.730135 0.7248249 -4.2151504 0.22376464 0.7428037 0.56759214 1.7960718 3.0684311 -0.15044479 1.6203184 1.2141836 4.6367855 4.0959034 -1.9498544
handcuffs -2.0420272 1.8020617 0.6863039 -1.8080885 2.660764 -6.2732935 11.576543 0.92189056 -6.248632 -1.5632051 1.1604209 -3.295144 -1.4967687 1.5604055 3.5475223 2.0340607 0.6680311 3.6930377 2.6038318 1.1593283
scraps -0.22158462 5.241305 0.21643834 -3.7459059 -1.0111933 -0.5761446 7.0165477 -3.2925403 -0.21601354 -4.1718535 3.0697544 2.2275922 1.1311915 3.0324361 -0.64047384 0.05481416 -2.133909 4.002246 1.4615691 -1.0604004
walkin -0.6646896 4.187912 -1.6391122 -3.015108 -1.4008557 -2.3281875 3.5248108 -2.0063033 -4.467723 -4.9256353 -0.32841268 0.6639163 0.20512211 -1.9043427 0.4892399 -2.5411255 1.9461421 3.668038 1.7876022 0.31933308
bunk -2.4104214 2.511433 0.09496379 -0.121415205 0.85146457 -2.889404 7.033936 -3.3915343 -5.6670704 -5.527971 0.017569594 -1.7499735 -0.9203525 0.4872308 2.6987667 -0.2808994 1.4595606 -0.001815417 2.076695 -2.078838
paraphernalia 1.0189129 3.8288472 -2.2825096 -2.9278636 -2.0046313 -0.07473318 7.5561824 -0.63249844 0.67153984 -2.3490658 -0.067141555 1.0972126 -0.81738675 2.4837759 1.6548141 1.3944218 -4.499104 4.2769084 -0.15484422 0.4622894
lockers 1.7076529 3.8113604 -2.8229282 -0.87695223 -2.2709115 -1.5620841 5.7681355 -3.2387555 -7.01508 -4.357544 -2.3196905 0.4650304 -0.5814064 2.101248 5.757944 0.72849977 2.5765498 2.796492 4.38081 0.5777833
chopping -2.1952722 3.0149143 -0.424846 -3.0424638 0.8896311 0.061691742 5.7166514 -2.089019 -4.4366107 -1.6818475 1.2378763 -0.91521084 1.2008559 0.7971488 -0.18972266 1.4510267 -0.695014 4.2033324 5.018537 -3.5458324
pouches -0.116165586 3.3756075 -0.46251303 -1.4049981 3.1922295 -4.125619 9.023077 -6.5011444 -1.5446844 0.7248871 2.3470078 3.29346 0.043682057 0.99611187 5.0885606 -1.4115341 0.15023682 6.186171 6.2457347 1.3751123
trays 0.8999265 4.942711 -0.66479087 -3.9453988 -1.6293446 -2.127865 5.901981 -4.175789 -3.9069982 -0.0016847331 1.1504996 3.7863512 1.5866882 3.952932 4.117862 -1.5683419 0.27499476 4.784145 5.7344737 0.25757343
wheelchairs 1.1702664 1.566934 -3.826856 -2.6273208 -1.3026145 2.2149904 5.252607 -4.089127 -5.9397573 -2.9858122 -1.8001481 0.0894509 -3.4889448 1.9687775 4.803752 2.460229 3.5293021 1.5631572 8.44265 0.33198443
cupboard -2.4208455 4.0316114 0.7090963 -1.6700199 -0.35804856 -0.87574935 8.144747 -0.3493141 -5.140379 -3.6626182 1.8457476 1.3306599 1.3246659 4.1211367 1.3196747 -0.49016386 3.0535553 4.209707 1.1005703 -2.6459239
stuffing -1.5477111 2.2962892 0.5224979 -3.0069284 0.76958764 -5.0313997 4.6634536 -2.0270967 -3.1682844 0.8443162 -1.4140986 2.2091348 -3.189546 0.52776295 0.7067297 0.3365196 -2.1347406 7.4659815 2.8124533 -2.4117608
freezer -1.7834343 4.9010873 0.7161572 -5.348408 -1.0057287 -2.0572126 5.3484178 -3.799747 -6.206183 -1.8749164 3.1206384 0.8015654 -0.041143112 1.0089215 0.48287433 -1.4304538 1.4586421 1.4015734 2.8073514 2.4273214
milking -2.565288 3.6453195 -2.0894723 -4.112279 0.45816988 0.68380195 2.7633681 -6.420647 -2.7481225 -2.4384882 2.6933138 2.1235137 -0.87833947 1.6676842 2.0397708 1.4153072 -0.41960812 1.9765625 5.3007092 -0.8436973
mug -1.6306418 2.5443618 -1.6293951 -5.726171 -0.09178704 -2.9035347 5.8870926 0.11612015 -2.804459 -1.3375752 1.6090271 2.027647 -0.0856981 1.6255958 1.605632 -0.15460011 1.3618897 4.6040554 0.20457837 -2.4236813
umbrellas 1.291992 2.4370737 -4.6606064 -3.37025 -1.1251658 0.8586345 5.702689 -0.026512468 -2.0012069 -1.2604097 1.7267494 1.681289 1.7809763 3.5899436 1.668668 -1.529176 0.59107333 4.167256 3.5029728 0.4186027
grills -0.0012201703 5.422946 -3.0391998 -3.0207064 -2.038601 -1.4154474 4.5767894 -2.1745558 -6.8017273 0.039819527 -0.4554094 2.0622494 1.1003019 0.3974813 4.6147103 -0.125223 -1.5428588 4.208592 4.463953 -1.5709125
pillows -0.48985407 4.813456 -1.3253661 -3.389735 -0.058893993 -0.9717996 6.3951893 -1.3222544 -1.2702796 -2.3679366 1.9463882 1.2930825 2.0321136 1.960278 2.6724865 -2.2671149 0.31198183 6.058022 4.450782 0.58399093
towels -2.7357194 6.986488 -2.7088132 -4.1824646 -1.2930129 -2.1418912 5.806729 -2.182142 -2.2263927 -2.1373458 1.1447595 2.2660668 0.39173144 1.6002326 3.0640523 0.053826164 -0.7440738 6.228189 5.2796917 0.7518051
drawers -0.36275238 3.7186844 -0.38154244 -1.1483989 -1.6725717 -1.9167341 7.7315764 -1.7636533 -3.566509 -1.3958046 -1.0850688 2.7445683 1.974361 5.53816 3.6664479 0.46753952 0.32914525 5.576179 2.9962177 -2.797168
stash -0.6563458 4.041655 -0.559046 -7.232864 -1.114433 -4.064344 7.3121448 -1.2824253 -5.5931187 -2.125375 2.6937807 -0.33878604 -2.5312579 0.8856385 0.28375992 1.0361981 -2.2473645 2.1626356 -2.6548033 -0.6055774
cushions -0.33393648 3.4107797 -0.15979157 -0.40817776 0.77607894 -1.0196816 4.774004 -2.4499097 -4.629566 0.62222147 0.31306854 0.9854947 1.8092157 4.324901 4.17413 -0.60478675 0.90239435 6.71546 6.227873 -1.9727609
sew -4.2078643 0.8563455 -2.30934 -3.7539127 2.9973712 -0.36533856 4.1866307 -3.1508498 -1.0560995 -6.0100765 3.0157309 3.2912352 1.4804372 2.7283015 2.7491245 1.4569455 0.77306885 5.0191116 3.7827573 0.7010384
bandages -2.7282841 6.276457 2.5664103 -1.0106524 1.3280306 -1.596479 9.569665 -1.283888 -0.97539806 -1.7579906 3.8213649 -1.0772717 1.6093526 2.3835466 1.8408536 0.35124245 1.1152112 4.405363 5.0263424 2.1375096
mattresses -0.8903448 6.896926 -1.8043643 -3.4660792 -1.351844 -1.4753344 5.921745 -4.8471045 -3.5414774 -2.4894757 2.3555293 0.88616085 -0.2672849 3.4668262 4.158514 -1.2403946 -0.22230308 3.4259155 5.628396 1.8164136
purses 0.32231784 3.8402615 -4.290829 -6.5100865 -1.4841918 -3.0720332 2.1726255 -1.2555332 0.6327667 0.49716365 1.4547465 2.2208607 -3.3325124 3.375425 4.946485 2.329638 2.742481 3.794706 1.775961 -2.14807
handbag -2.5946186 2.8079855 -0.62612194 -5.9702625 -0.3177266 -2.4561415 6.437716 2.0562556 -3.6200254 -3.4570112 3.0217664 3.0106459 -0.47624293 2.5038795 2.4576752 -0.10046612 -0.177467 2.708552 0.32125902 -1.278431
tubs -0.8929114 7.0954914 -2.5160658 -3.640415 -1.4718803 -0.79000264 3.0171375 -4.6990557 -4.9169927 -0.85686934 3.2997599 2.2446911 1.5859344 2.2156441 1.9834079 -3.6876013 1.1850917 3.7002208 5.974248 -0.3330955
outhouse 0.053223655 4.207578 -1.5975094 -0.15112987 -1.2984052 0.6073852 4.95377 -1.7936835 -5.2549934 -3.9710298 1.7288976 0.8370698 1.1430997 3.0342748 1.3088858 -1.1279527 0.0538818 1.5659524 1.4679762 -2.9003928
lighters -2.1163254 2.595477 -2.734038 -4.8585463 -0.84827924 -3.9030123 4.508017 -1.7053347 -1.7390959 0.0977131 3.060812 2.3184125 1.0021784 3.1316612 0.558858 -2.4716544 -1.0639633 0.52064294 5.647535 0.25604376
lids 0.59117323 4.49309 0.34895527 -2.5480893 -0.677301 -1.7911446 5.319441 -2.4085472 -2.895949 1.7475476 1.9913101 2.6109507 3.1831732 3.950813 2.386205 -1.2006056 -0.30418396 5.3864493 4.376739 -2.1383243
lavatory -1.2452986 2.9284327 -2.092329 -0.15674339 -1.0613078 -0.5148348 5.988722 -1.0905266 -5.4600973 -1.8286126 -0.37005067 -0.27599162 0.017259588 4.452996 2.7362874 -0.4809744 1.8941755 2.767433 4.151604 -0.5359407
diapers -3.5380142 4.677457 0.66582876 -4.808103 0.02937272 -0.3599308 5.190464 -2.8625362 -0.14477961 -2.9060109 1.6188728 2.971278 -2.9614053 0.37110317 2.2190216 1.1054229 -0.69684875 4.355159 4.8104663 1.2576847
mugs -0.6427353 3.434903 -3.1427913 -6.0772915 -1.4941864 -2.0690804 4.731773 -0.60768825 -2.0876005 -1.8206801 0.46976966 3.6761143 1.1914022 1.4164594 3.1617427 0.37576804 -1.2709297 5.2556763 1.5796491 -2.490763
suitcases 0.4640523 3.537752 -1.0235211 -5.0638466 -1.3620613 -2.6501017 6.924263 -1.9278924 -2.259799 -2.8138173 2.3350093 -0.26536256 -1.8546798 5.031455 2.2446446 -2.4948692 -0.0167377 1.6559417 1.0455736 -0.9101122
closets 0.3542735 5.360384 -0.831393 -0.93552876 -2.875357 0.91825926 5.981299 -2.9682949 -4.814867 -1.99827 -0.53613293 0.038599428 0.29724404 3.5859919 1.1244552 -0.05144182 0.18872291 4.147542 2.3288205 -0.9835754
mannequins 2.4044495 2.6414075 -0.5868804 -4.236584 -0.84941953 1.3101139 8.783218 1.5059104 -1.542835 -3.6331062 1.7979722 0.5967375 1.4745562 1.1838313 2.7517421 0.07970428 -0.065509945 2.5394437 2.0346618 -0.68039614
confetti 0.40645272 3.7576556 -1.5130327 -3.8572204 -0.5020085 -2.4792705 4.6892323 2.1175716 -1.9667152 -1.1595443 1.6161405 -0.68651795 2.5572033 -0.6178902 -0.6536672 -2.931863 1.5222547 5.459878 3.16776 -0.43341243
brooms -0.9840346 4.419059 -2.8053467 -2.4727645 0.97156787 0.051461767 3.7795618 -3.449144 -1.3881788 -1.5172148 3.9745889 1.9617296 1.591326 1.4859107 2.0625484 0.4085455 -0.31734267 2.9587328 3.8283474 -1.4662153
dishwasher -3.377973 3.7421186 -1.1926684 -4.508332 -0.07245336 0.48320884 2.9708552 -1.8127335 -3.7169163 -5.0739355 2.8708072 1.1053143 -0.46030587 -0.010522791 3.3061922 -0.7500065 -0.6543973 -0.021713752 3.2649071 2.1255817
dumpster -0.144818 4.449657 -0.9290464 -3.549668 -0.35415587 -2.4405391 7.3032002 -1.1838695 -5.4187512 -1.3239495 3.463899 -1.411806 -0.008292279 -0.51518685 0.05390674 1.2829304 2.0589447 0.9462826 -0.14548053 0.65329576
straws -0.942858 4.543903 0.66700846 -2.0554612 0.2281813 -2.3918047 3.3260212 -0.75270426 -1.3775778 -0.08689398 2.357646 1.373799 0.3926869 1.7051796 0.8605496 0.16464712 0.63802314 4.751113 2.310359 -1.6340796
cartons -0.97114027 4.649878 -0.54987985 -5.4418426 -1.9723306 -3.7984679 2.9312143 -3.2617366 -1.1928284 -0.93494993 1.4574835 3.2437344 -0.069599904 3.0097518 2.8426561 -2.5461652 -2.552459 3.0955791 1.7254561 -0.055057347
backpacks 1.1460283 1.9840157 -3.2351768 -3.7735002 -0.8675999 -1.2119725 6.294066 -3.395655 -1.9557775 -2.2880497 0.16105628 1.703491 -0.59929204 1.2727817 3.5155916 0.48664746 0.90843505 1.7979686 4.233563 1.6764557
ironing -3.2957969 3.5836194 -1.6429534 -2.063006 -0.61451733 0.26557168 4.7685566 -1.469536 -2.2466345 -2.203642 -0.36421478 1.554231 0.31127465 1.1662036 2.7894163 1.5157262 0.28447804 3.9996216 4.768946 1.2081045
napkin -1.0338149 2.7108014 1.05709 -1.9926441 -0.3401439 -2.2400293 4.762771 0.32288253 -2.3515851 -2.8227851 0.6458267 3.6317432 2.0383244 1.6791246 0.9935069 0.84006023 -0.14682917 4.8788733 0.8932507 -1.1862247
safes 0.8929725 3.181873 -0.7086434 -2.7289314 -2.6725097 -2.4690135 5.063412 -2.218795 -3.2141967 0.22985907 0.4200612 2.1436932 -0.87239045 5.5132256 3.051041 1.078038 -1.6371229 0.9310423 3.1785803 0.029195363
cubicle 0.5265881 2.6618824 0.36479583 -1.5737566 -2.1322646 -1.6852243 5.543864 1.2230161 -4.002748 -3.509019 -0.25540575 1.0774139 -0.016583286 1.466376 1.02 0.55644864 0.12028868 1.1750257 1.180009 -0.39075288
pail -1.6404775 3.5363977 -0.50279653 -2.8943744 -0.22823663 -1.3111942 4.54153 -2.271105 -4.954618 -1.6441542 1.9724661 1.8557924 -0.81046695 0.9963333 -0.35012048 -0.82523423 -0.13391688 2.9866834 1.3042649 -0.72394556
wallets 0.73976433 1.7083052 -1.0423108 -5.6492143 -1.4250139 -3.199204 4.3360643 -1.0608498 -2.1272693 -0.7512978 -0.22529867 2.5404208 -2.088173 1.6362296 2.392818 1.2398893 -2.2908335 3.7917168 1.0399919 0.053455204
firecrackers 0.49734962 2.139839 -1.8880105 -3.3388848 0.2076785 -0.6986863 5.6385665 -0.06886227 -2.1452832 -1.0196929 1.712166 -2.1231475 -0.6140223 1.599833 -1.0914909 -2.3599076 1.1646051 4.111905 4.222149 -0.13813648
kegs -1.9442545 3.2486804 -2.336963 -4.070885 -0.5306441 -4.225489 2.2643843 -3.3438346 -2.3547606 -0.3777 2.8270032 1.5948519 0.5785592 3.912847 1.6278129 -2.3041894 -1.5073981 2.3573112 2.5672562 -0.06904914
receptacles 1.7353586 3.225833 0.7663957 -0.38597253 -0.8884055 -1.421782 5.5836105 -4.517916 -3.1806169 0.8146892 -0.01584133 3.8121557 -0.102197565 1.6321043 1.6914752 -0.21277052 0.09114171 3.5030706 3.8521945 -0.107330345
cupboards 0.9339073 4.0448527 -0.30816838 -0.493413 -2.007045 -0.17857161 5.953745 -1.7167436 -3.9425845 -1.3618784 0.15042932 2.155776 2.0594141 4.823271 2.6164308 -1.1996391 -0.032194298 3.9236147 2.5828755 -2.7472637
couches 1.7220026 2.843977 -0.57121694 -1.4827356 -1.2624514 1.6348237 5.3631163 -0.05859308 -2.7510474 -2.5133612 -1.09609 0.6750883 0.31807068 2.2098935 3.458431 -1.3856232 1.7497429 4.726605 2.6983294 -2.343911
washroom -1.0162104 2.5335238 -1.2562599 -0.780557 -0.5717705 -0.10702095 5.3379254 -0.7789939 -5.631635 -2.4270802 -0.18061458 -0.9882233 -1.3980553 1.7283258 2.7951674 -0.59783584 2.174421 2.0349834 2.110282 0.58197045
saunas 1.208385 3.503503 -3.6920297 -3.2567213 -1.6333526 4.085222 2.7781374 -3.3957684 -1.4970082 -0.8362589 -0.076775715 0.675002 -1.4089663 0.9862743 2.5075502 -2.6666234 0.46633214 4.3234196 3.6028564 1.6257877
napkins -2.4865406 3.958749 -1.1735818 -3.446207 -1.141054 -0.4788272 4.5852113 -1.9794389 -1.5961868 -1.9419159 -0.22124946 3.467363 0.19131322 2.2043877 2.8659263 -0.6061072 -1.5981373 5.4550695 1.9816219 0.28329197
urinals 1.1894175 3.995706 -1.6589304 -0.4586592 -1.8183509 1.2242882 4.4503345 -2.335023 -3.6547565 -0.508405 -0.5017321 2.0236835 -1.0843674 1.1489253 1.6860493 -1.3264475 0.8594493 3.5367699 4.339782 0.76701546
cubicles 1.8223819 2.6106012 -1.2220149 0.092874385 -1.8557193 0.8406377 4.877077 -2.2434373 -3.257586 -3.0164127 -1.3798432 0.6715062 -0.5608601 2.8237963 3.044717 -0.8290413 1.1071177 2.2809222 2.3203697 -0.6870562
utensil -1.4507712 2.4049938 -0.06607593 -2.4510064 0.25974005 0.4573805 4.1045775 -1.4229642 -2.412821 0.03665791 2.4565625 4.7195325 0.3736402 2.1200361 1.7634531 -1.4003593 0.07126719 3.7062993 3.2696083 0.41662043