Centroid_86 2.04591701381295 -0.829533584129497 -1.9464546296690644 3.476761578417265 -0.5754104659280574 1.3700830270812954 -1.285087055229496 -4.498642339784174 -5.7301355117985615 1.4446788445223024 -1.2061585347482018 -0.7259100374748196 2.5635520649007177 -0.6041858065755391 -4.4465124061517995 -0.7468843798345324 1.5315430488733819 1.5865269889424471 2.1540167308273395 -3.51339824532374
located 2.204518 -0.06802716 -11.280302 6.5070786 -5.324955 4.720556 -6.521138 -10.0119505 -11.177429 1.0026214 -6.655538 -2.815693 9.876156 -1.7829273 -1.8921632 -5.296304 -0.8057595 1.4054999 -4.0806074 0.57858074
along 2.8070972 -1.9144508 -3.5948286 1.6100374 1.2776881 -0.7309435 0.28839168 -2.759623 -5.614047 -2.08059 0.6938308 -1.5044713 2.197375 -1.6992898 -2.823219 0.0896689 -0.026328603 -0.36190608 1.7268643 -2.8243937
main 7.2154417 -3.5752194 -3.64679 0.9852494 -1.7080548 2.713792 0.046300508 -2.3896174 -4.795035 -1.0487338 -2.8679118 -0.2727278 0.94025075 1.1928965 -1.5938078 0.86071885 1.3688965 0.7344818 3.844955 -2.7848663
central 5.6934834 -1.0344942 -6.3168793 7.730764 -0.8383484 2.1669178 -3.6812634 -1.24068 -3.215953 2.6297476 -1.0152961 1.7830688 0.6211426 -1.9951355 -1.9510635 -0.60253865 -1.1523671 0.9974263 2.0588946 2.2276542
upper 3.5547612 0.50843024 -1.8092963 8.83887 3.3723488 1.9342427 -2.158012 -8.339097 -4.259763 3.5990515 2.8546457 1.5616617 3.6567118 3.5219963 -0.84105664 -0.8738995 2.2851622 4.3009167 4.1713805 -3.0514286
lies -0.7311241 -2.2768202 -1.25806 5.118593 1.4963611 3.347414 -4.449708 -8.501928 -8.02098 4.0280957 -1.7697338 -2.0717895 5.5691123 -2.0685391 -7.747068 -6.9531817 2.6031291 6.8391767 -3.2425256 -3.277442
northwest 2.6550698 -0.66253483 -6.269593 9.230486 1.8720448 -0.567546 -4.805019 -5.215601 -6.3203664 3.7378466 3.1241612 0.16893198 3.567339 -3.2777865 -4.2294617 -5.9833074 -0.0006423584 -1.4728036 -0.7900129 -0.2633572
mile 2.0311983 2.7976325 -4.964708 3.4384756 -2.1945422 -4.012247 -0.99956673 -6.40929 -6.5351043 -0.5653221 0.3358333 -0.11890498 0.17167923 -0.25747663 -2.0329182 -4.047846 10.865857 -2.9562533 -0.16843571 -10.926712
northeast 2.185768 -0.2653743 -4.651365 9.7524 2.381013 0.04324124 -5.678434 -5.6414537 -7.846012 3.661569 3.082234 -0.94057184 2.6137838 -3.6043549 -4.278033 -7.409904 1.4161562 -0.8455672 0.059318088 -1.1666439
situated 0.04742751 -1.1482964 -9.134383 5.7076387 -3.6577294 9.486583 -6.218098 -8.975504 -9.47721 3.9285605 -4.244044 -2.8256528 7.7022877 1.7998334 -4.327172 -5.6796207 2.4062738 2.7829812 -1.1153777 -3.7294824
southwest 2.5289938 0.04110537 -5.9751706 8.776875 1.470804 -0.0059835697 -5.2708473 -5.0058136 -6.660201 3.4496758 3.0499032 -0.31241742 4.086205 -3.8458593 -3.4832382 -7.633918 1.6002091 -1.3256006 -0.91598415 -0.62853795
connected 3.3460586 -3.999488 -2.3978422 1.747949 -2.6325576 2.5557039 -0.97412163 -6.408693 -6.764873 -1.4386591 -6.603271 -1.6958228 3.3037882 1.4884499 -5.493421 0.36366093 -1.9204565 3.286154 3.2270336 -1.640174
passes 0.6114137 0.21323934 -1.2304873 5.195038 0.945617 -2.0907583 -1.0514014 -6.3475027 -9.668297 -0.6301277 -0.6094369 -2.7388263 -0.8449782 -2.9465156 -3.1670406 0.6335489 7.1188602 -1.7186936 3.002441 -5.0698566
adjacent 4.3218617 2.708347 -4.670551 5.780463 -2.9256198 2.175982 -0.5562784 -7.9935484 -10.784481 0.41295382 -1.4078625 0.09362529 2.8038964 1.99933 -1.9769076 -1.0212822 -0.7411259 0.85533303 0.38042095 -3.083047
stands 1.8063103 1.6340172 -3.1989138 1.6738931 -1.9379096 2.558914 0.56155294 -3.1642935 -5.465762 -0.6493511 -2.2456896 0.22568291 4.4288616 2.0090687 -1.769438 0.85992426 2.7838926 5.7440515 0.11345014 -5.800993
separated 2.1343849 -2.444486 -1.0607641 1.1858385 1.6930301 -0.019497486 -1.2553126 -8.275692 -1.6580901 -1.7980658 -1.3550396 -4.2735715 2.2654996 1.3578014 -2.5027075 -0.8463128 1.0711191 2.659434 0.8759499 -2.882611
inner 4.1248927 0.008157292 0.69753444 6.1553893 1.3348817 3.6566424 2.824623 -2.593643 -4.5620804 0.6470638 0.6449728 1.2009574 3.5998864 0.76773214 -5.1782837 -0.6008232 2.631529 6.962756 3.373535 0.15806358
flows -1.7535872 0.9786724 3.3447862 3.134056 -1.1548377 3.410934 -6.9384456 -7.7034745 -8.620869 7.6594768 0.4526068 0.6041014 1.9237331 -4.2374597 -10.60586 -4.5383782 1.1846325 1.2366512 1.9319751 -3.877104
forming 5.3796844 -1.0462315 -0.17169663 3.6093934 1.123617 0.46720523 -3.2198522 -3.1123416 -3.0628457 1.7404194 -0.91261345 -2.322667 4.107921 -0.78532636 -2.2016783 1.299617 -3.8804955 4.1476035 4.8326144 -0.5463255
surrounded 3.3982587 0.543309 -5.781348 1.8569165 -0.1046318 4.5255184 3.0880477 -6.7630563 -5.734788 1.8529569 -1.6124591 -6.909966 4.891569 1.8880098 -4.431125 -1.0326182 -0.25093377 6.4003835 1.4550834 -5.480789
connecting 3.8728077 -2.6916509 -2.9045339 4.417301 -2.748478 1.4075582 -3.638306 -4.831014 -10.249324 0.3168895 -4.03927 -0.85715526 2.6376429 0.450668 -5.387108 -2.3906481 0.52389705 0.19560726 4.7199574 -0.1715412
lie 2.3130448 -3.1890302 2.8570228 0.50036067 2.0118291 2.2141218 0.72547394 -5.4011116 -4.104452 -0.7029974 0.15750943 0.28376427 1.3531518 -0.23914601 -4.8388963 1.554908 2.945406 3.4311113 -1.6992004 -4.4988074
reaches -1.0473804 -0.55316186 -0.48388818 0.75309795 0.88888234 0.028042475 -1.60412 -8.416775 -5.53002 1.9832677 -0.5501307 -1.3338754 1.0869763 -3.042813 -7.7997737 -1.3594642 8.057191 3.4353998 2.4088347 -2.520069
crosses 0.9576801 -1.5763859 -2.2144914 5.962454 0.82571363 -1.2519354 -0.82556504 -5.578844 -8.692761 1.1138326 -0.2901333 0.20794065 5.5754232 -0.23012577 -5.760585 -0.33367446 2.8364136 1.854168 -0.5930587 -6.2605734
connect 5.2259135 -3.11555 -2.8591456 0.8286997 -1.8965052 1.3565791 -1.7226192 -3.784545 -9.951107 -3.8604317 -3.4937305 1.183923 -1.4693382 -0.2336867 -5.1634874 2.445581 -0.108378485 2.7152333 4.7107196 1.201866
elevated 0.5797709 -2.437078 -0.08901257 4.53582 -1.0651128 -0.22777991 -4.4253926 -6.418304 -2.5638628 1.8540306 -4.982606 -3.81048 2.5633159 3.07306 -1.960205 1.0534922 2.7303848 2.40084 1.1326902 -0.04268667
connects 1.5683626 -4.64941 -4.5675673 3.466167 -3.2357514 3.053102 -5.631215 -5.187129 -11.828845 0.98712325 -7.070821 -1.7531153 4.9377 -2.8256273 -6.2014484 -3.068891 1.1521729 1.9335883 0.83509654 -0.29068065
nearest -0.63753295 -4.5269346 -5.7575965 2.3747406 0.07393071 2.2908647 -2.6441882 -6.9971495 -7.8832903 -0.11831393 -2.779368 -0.90058625 -3.5053842 1.0133212 -3.8441293 -1.3983216 6.2601075 -0.16589518 2.8926547 -3.5178013
extending 3.943538 -0.2575476 -1.6719289 5.475199 -1.7095417 -0.9553969 -3.5656035 -5.205662 -2.987617 1.857263 -2.3424835 -0.8528805 2.6790516 0.21482871 -6.2898655 0.8861756 1.5959148 2.1000242 4.744556 -1.5036188
extends 3.078675 -1.6705446 -2.3580496 5.1708117 -2.3744512 1.6612523 -3.1744003 -7.4499497 -4.6509595 3.6037033 -5.791862 -0.12823313 5.8162045 -3.6633394 -7.5617175 -0.14862122 1.5490676 4.283173 2.0528266 -3.0285249
sits -1.4817928 0.8763176 -5.3878617 3.161548 -2.1396415 1.387278 0.0002913951 -3.6596646 -9.433405 0.32639626 -5.944542 -1.7462265 5.3768806 -0.7957756 -0.88116616 2.1309695 1.60097 6.3515916 -1.2312652 -2.9595842
rises -1.9470896 1.1593306 -0.2113534 1.6347119 -1.280138 2.3294811 -2.648674 -5.3697996 -5.463691 3.974088 -1.0363662 -1.7547703 5.6030254 -2.3730688 -8.534877 -0.97675127 6.27291 3.7743952 2.155664 -5.0944395
bounded 1.3644867 -2.724268 0.13731025 7.655087 -3.207231 2.1984904 -5.973884 -7.4633284 -8.002102 5.036122 -6.7192183 2.4302545 4.018826 -1.808776 -5.7729225 -0.78587526 1.4284704 1.7444417 -2.7816324 -8.441095
bordered -0.17301828 -2.50967 -6.0087805 5.738984 0.6990236 3.112546 -5.856078 -7.209355 -7.93436 5.2624626 -4.1556854 -4.2248054 6.740582 -3.8533828 -4.6974936 -5.4364667 -2.1745875 6.2002106 -4.127126 -5.880034
occupy 6.200535 -1.0773445 -4.3458304 4.0362287 0.60907406 0.13995636 -0.5090141 -4.398645 -3.0989404 -0.58435935 -0.35117278 -4.4985986 -1.3213749 3.1757724 -3.5889738 2.7619438 -0.20914397 3.6754131 1.7818854 0.19140612
linking 3.0790424 -2.9757655 -1.8500206 2.7143297 -3.6116898 2.493317 -2.4260743 -2.3523693 -5.272294 0.45097348 -4.2813945 -0.94974226 0.90258026 1.2881149 -6.900879 0.30758423 -1.5130955 0.04564593 2.1521304 -0.639959
flowing -1.9300085 1.0621973 1.3269738 0.84530705 0.24206206 3.9408715 -2.1374683 -5.6752315 -7.606193 4.2457175 1.3451732 0.98508394 3.1330376 -2.3599706 -8.849281 -1.7707748 1.9563739 4.4466267 4.843251 -2.2802365
paved 6.0038204 -0.30632916 -3.3642514 3.1233153 -3.9870107 0.40299487 -3.2486956 -3.702445 -6.6848216 -1.2980773 -2.6773605 -1.5658253 0.9336037 1.3939203 -7.5215406 2.726541 2.6748624 0.70078427 3.6519518 -4.277631
accessed 3.328866 -2.0372045 -4.313707 -0.3853714 -6.12733 -1.9909074 1.6418104 -5.832075 -10.035258 -0.6951948 -8.736616 1.7547232 1.2696611 1.223888 -4.6587486 -0.12098027 2.2575562 3.9152803 0.43407938 -1.2325748
lined 2.1083047 2.787717 -5.6414795 1.3135618 -0.870706 -1.7358794 0.5961095 -4.933555 -6.595111 -0.1007422 -2.8153386 -4.7336993 5.9568315 1.6004361 0.0037876049 1.5995611 0.5891468 6.2207084 4.719596 -7.6950097
positioned 3.237541 -3.8515854 -2.9963908 1.9551127 0.04591546 -0.96280617 0.64369833 -4.121797 -5.6247864 2.457733 -4.0439477 -3.499084 5.630196 1.4303774 -2.567782 2.0022967 1.4017702 3.435505 6.1076736 -1.8484435
occupies 3.7172692 -0.14616486 -5.9279575 4.128893 -4.6553197 4.021321 -3.3189373 -7.972942 -5.6348658 1.7346609 -6.67645 -0.8040622 6.0302835 0.28081954 -1.8855107 -0.4867512 0.7279224 3.32396 -1.2035064 -4.005037
overlooking 0.6188375 2.180309 -6.8744907 5.0264454 -1.835675 5.9059 0.7961192 -3.2421265 -11.2878895 2.7341661 1.7343525 -3.8321557 7.5752535 1.4892325 -4.922208 -0.4170633 2.4517028 0.6089022 -0.6745501 -5.93116
spans 5.5374894 0.8740428 -1.736213 3.7681332 -5.1673727 0.8937855 -2.5580616 -5.661767 -0.61565584 -0.28101653 -4.5356417 0.05432763 5.852245 -1.6978397 -2.736015 -4.307873 2.0459983 -2.2855299 3.6628711 -5.9078465
stretches 2.5930421 0.9359633 -2.2816117 3.851644 -1.2254747 2.8096664 -2.6425817 -5.4863915 -5.0508695 2.9479678 -0.5207117 -1.1613098 3.099551 -1.9102143 -6.756056 -4.16887 2.8649616 1.9529073 3.3314712 -6.24175
intersects 0.21826649 -1.871082 0.63337463 10.262453 0.48493993 -3.4280581 -3.2226236 -4.852819 -12.177941 -2.735236 -2.6051316 -0.18592483 2.0014703 -7.599771 -8.013849 -0.6412544 2.5093846 -1.4411587 -1.669993 -6.0629153
focal 5.2709203 -1.8726095 0.43352786 5.880947 -2.6512694 2.9479961 0.2922401 -2.9881375 -2.7453542 0.7813899 -4.4844146 0.4830618 1.8540137 -1.9561759 -5.4042506 3.2317576 5.84883 0.31332958 4.235871 -2.1752386
dividing 4.8900337 -2.2574959 0.4438371 4.59994 0.38940585 0.8146676 -1.9297479 -5.6411805 -0.9995931 2.0343246 -1.2388313 0.8037106 -0.2983841 2.2919083 -4.4744177 0.8116708 0.5994945 2.636734 3.6319141 -4.2893467
separating 2.6589096 -1.6413242 0.1970594 1.910777 0.55673546 0.49171218 -0.8001436 -5.484337 -3.3722887 1.1576954 -1.4050578 -1.9065398 1.6635612 0.6544035 -4.285625 1.4606856 -0.15261446 3.341483 1.7535115 -1.9484081
stretched 2.274607 -1.0539596 -2.008554 1.5507895 0.07368976 -0.918021 -1.6239821 -4.3274584 -2.849473 2.0336087 0.009864551 -2.4243472 4.6459656 2.4900439 -5.3125224 -0.54580104 1.5369364 2.7570286 5.910054 -3.4878912
centred 0.6554713 -1.6575651 -5.069512 3.0320427 -3.180106 6.4112725 -3.808326 -1.5562694 -0.8277408 -0.019014629 -3.6649206 -1.2463378 3.9429824 1.0460293 -5.7437663 -0.34356827 -1.7887524 1.6367116 1.918244 -4.304634
stretching 3.3062785 0.16459635 -1.8144598 3.5464458 -0.35527796 1.8204473 -1.9624065 -4.9479036 -3.4500384 2.5859597 -0.27849725 -2.0383847 4.5137033 -0.69622463 -6.2796607 -2.062693 2.066489 3.0536318 4.901813 -2.5781412
separates 0.9262343 -3.240105 -0.27086717 1.433087 0.22091378 2.2741477 -1.1655523 -6.010702 -6.0654473 3.5312188 -3.3313673 -1.6911229 5.3589582 -2.939854 -6.337854 -0.4540416 0.81599456 3.707595 0.7524268 -3.571268
descending 1.9836298 -2.8134208 1.7840782 1.9896978 1.707127 1.1837085 1.4984398 -5.49193 -2.5652778 2.0567293 -0.33764562 -1.4796205 4.107645 1.3415103 -4.500975 -0.87914234 6.9542727 3.227388 2.873011 -4.22463
winding 1.4728278 0.40156022 1.508774 1.6603982 -1.037171 0.18697846 0.36626118 -2.7371185 -7.721616 -0.7403084 0.48701152 1.1069112 2.6537125 1.5474253 -4.099705 0.44785318 2.335561 -0.3457765 6.9522724 -4.421996
drains -2.9639919 3.5565298 0.03969587 1.9272325 -1.8439348 1.0776725 -1.098671 -7.577676 -9.851129 6.6342373 0.15522 -2.3276865 2.1144724 -2.9052794 -8.146342 -1.311674 -0.114217825 1.6696723 2.3229764 -1.8980181
bordering 2.3187544 -1.2102896 -4.7176557 3.5384123 0.2514132 4.287985 -4.399878 -5.4806204 -3.7844634 4.8413153 -0.13006875 -1.7801764 1.0943483 -1.8659276 -6.400164 -2.1537187 -1.7161304 3.809172 -1.1328298 -2.448539
splits 3.6623964 -1.9621226 1.0949578 2.574267 1.933922 -3.016893 -1.013544 -3.677481 -5.2821517 -1.3135716 -1.5569874 -2.3531055 0.0078078276 -3.5333898 -3.5694933 -1.4466895 0.68190527 2.2056198 2.6663117 -4.6546073
southernmost 4.8114448 -2.667407 -5.8059983 4.8329983 -0.067467615 0.36029273 -4.3523245 -6.446233 -3.415563 6.7547398 1.372122 1.4287616 3.0698133 -1.4099419 -6.4159765 -5.424845 1.0888102 0.2896469 -1.7871932 -3.299785
northernmost 5.026859 -2.4887846 -5.9551544 4.6500278 -0.2483439 0.06443729 -4.7306666 -6.819807 -2.6796327 6.1061563 1.3725977 1.5634046 3.2336094 -0.9450593 -6.2415624 -5.355685 1.2357836 0.19045402 -1.406805 -2.8284254
feeder 1.6672841 0.0205907 -3.415264 2.528404 1.0246295 -0.3892285 -3.1540916 -5.247288 -5.814187 0.40435258 -0.5558521 2.8479464 0.0032804976 -3.1677473 2.2459753 0.8228705 0.67219526 -0.035006415 6.8896265 -1.2605509
sheltered 1.3045626 2.041642 -5.180499 1.3258954 0.09230201 5.410267 3.9770293 -6.463417 -4.30557 0.58445436 1.9368126 -3.2504044 0.612617 0.77074534 -3.8605042 0.5385947 0.55517083 1.1308833 2.7724345 -3.5879292
surrounds 2.1559107 2.4909825 -1.9107292 2.9096262 -2.8956554 2.9242423 1.5322348 -3.5260653 -5.2152553 2.6052232 -3.3086107 -1.5233696 3.9004438 -0.29609126 -5.0814857 1.0541642 -0.89966947 5.598429 0.6461571 -4.472235
traverse 3.9072905 -1.0783902 -3.406171 1.5561626 -0.3394517 -1.2073923 0.024766417 -4.018626 -6.724903 0.8174165 1.5589335 1.4830102 2.6498973 0.06816802 -3.873932 2.0250163 4.1555204 -0.84159756 2.653002 -1.1928462
terminating 0.34882498 -0.857159 0.26836878 4.4527917 -1.0295779 -3.4298398 -3.5067797 -2.7108858 -7.278021 -0.62168795 -2.4664912 -1.1266404 -0.37552264 1.2768129 -3.9170983 -1.7129701 1.056682 0.98595345 3.2099543 -0.14422165
descends -1.9741409 -2.6072226 -0.005942194 1.122425 1.9353349 3.7704155 0.25667566 -5.1152053 -5.22298 0.963391 0.3418867 -2.747864 5.693899 -1.4684598 -7.0301538 0.66054904 4.7405095 2.9172306 0.62942815 -4.4469357
intersecting 4.466914 -1.0810342 1.619104 7.51627 -0.12606436 -0.50019306 0.3648451 -4.015 -8.621496 -1.9075005 -2.2549324 0.6078184 2.5330994 -4.2769837 -4.4443936 0.6440318 0.9909735 -0.5077404 1.725171 -6.8386455
sited 0.36526075 0.64975643 -5.4622693 4.0093365 -3.9373188 4.355723 -0.98998463 -4.910116 -6.8604198 0.8477317 -3.0806894 -2.176915 6.0620127 4.1972985 -4.027978 -0.11761023 -0.8652541 0.8850874 2.6891403 -4.664692
terminates -0.47332996 -2.1127188 0.9336977 4.9523215 -0.99105424 -2.2573628 -2.175754 -4.290148 -9.738547 0.4134594 -3.6767633 -0.29520154 2.1911724 -1.5623779 -5.5684533 -1.6614982 2.9174345 1.2227529 0.47410095 -1.9670063
dominates 2.0273516 -1.1296178 -1.1550332 0.5233587 -1.9648764 6.2108107 -3.1815631 -3.315267 -2.9266944 2.3334563 -3.0564687 -0.042000063 4.2072053 -2.6049469 -5.633439 1.6002239 0.17105588 3.885065 1.7611051 -4.2840652
flowed -0.89186734 1.7413361 -0.265468 0.3903377 -1.4615085 1.2729617 -2.979172 -5.656356 -4.184186 2.091664 1.1023508 -1.8215855 2.5371952 1.1552962 -9.990252 -1.4251335 -0.056312274 3.4901135 1.959539 -1.9801908
sloping 1.2694218 2.902009 -0.18096499 4.4886813 -1.0314122 4.903426 1.0399448 -5.23402 -8.010586 5.6627793 -0.08562275 -0.5157146 5.2256126 1.469452 -4.0436344 0.1534565 2.447103 3.6906667 9.059115 -10.043661
converge 4.646158 -3.009971 2.220184 1.8526155 0.079220556 -0.18812585 -0.47625852 -3.973111 -3.8054075 -1.2509739 -2.296506 -1.132695 0.3959793 -1.6408861 -6.012064 1.4428993 2.105861 1.9675149 2.478689 -2.8805604
traversed 1.8888173 -3.1825423 -3.5180917 2.9654632 -0.49137545 0.6582152 -1.7138405 -6.41665 -3.994553 2.1378307 -1.3493193 -1.6938263 2.945921 -0.81674767 -6.8485065 -0.5408956 1.9545758 -1.2083187 1.867122 -4.423974
overlooks 0.20223106 1.1051337 -5.173407 3.7145624 -2.827351 6.729488 -0.53878784 -2.8443315 -8.810425 2.8328068 -1.4279141 -1.6956041 6.3153315 -0.5198935 -4.365333 0.019294415 1.6689856 1.7920873 -1.6500443 -5.186239
narrows 0.9470648 1.5394741 -1.3092126 5.407282 -0.710171 -2.2162967 1.355778 -4.5406923 -5.8396645 1.4751593 1.1168958 -0.5125869 2.450801 -2.3668902 -6.180956 -0.5426988 2.4101598 -2.4590878 1.5721732 -4.69849
westernmost 5.0854974 -2.5681937 -4.379449 5.539919 0.5511487 -0.31639034 -3.895242 -5.486959 -3.8227055 5.7486 1.3815295 0.5982295 3.3062172 -0.21263947 -5.3550663 -4.883524 0.5602586 0.89160556 -1.315665 -3.0093024
bypassing 1.1001323 -1.7474871 -0.04467567 4.623384 -0.34382898 -1.2019402 -2.824164 -3.071525 -7.126518 0.82299596 -1.170492 -1.7235345 -1.000886 1.9321213 -5.478741 0.365552 -0.76626825 0.22717625 3.003964 0.7760942
easternmost 5.244094 -2.4471972 -4.326612 5.7367606 0.13736215 0.009644126 -3.8646266 -4.894231 -3.4468832 6.017931 1.126277 0.14964369 3.4867709 -0.041157287 -5.228417 -4.7477283 1.0796707 0.9762047 -1.331699 -3.124673
bends 0.6186085 0.32540685 2.4903915 2.5875642 2.1017475 -0.16484933 0.88052005 -3.904042 -6.789724 0.33906174 1.3060913 -0.515341 2.5148041 -2.0307975 -4.632939 -0.052876197 4.2358747 2.065781 6.9494677 -5.8050942
curving 3.2352617 1.034983 1.2047001 7.234225 1.7884654 1.3773899 0.7177723 -4.247416 -8.117838 -0.0030428644 1.2890671 -1.423654 5.052042 -2.6290176 -4.943682 -0.9216896 2.66553 1.8979939 7.305502 -7.063991
nearer 0.9967368 -0.7212945 -1.2062783 3.0712843 1.6567147 1.574117 -0.44632995 -3.67172 -2.7212493 -1.4530317 2.8711636 -0.3182981 0.45848727 2.5092728 -5.770121 -0.59024817 4.29906 1.5626673 3.030189 -2.6242814
merges 0.8600399 -3.0462308 1.1330843 2.2503293 0.039184995 1.589323 -1.155643 -2.15437 -7.1934357 0.7101426 -1.9624847 0.024629101 3.1422498 -3.1557045 -6.3328533 -0.28969088 0.66317147 1.9461313 0.5170668 -2.0191913
empties -3.6512306 -0.48313457 0.37726042 1.0241137 1.2155819 0.9948703 -3.5463555 -5.5500684 -10.243636 5.286522 2.3113163 -2.1358943 4.356405 -2.7328556 -6.7050877 -3.189952 1.0238284 1.3051417 -1.446759 -0.7619727
clustered 6.404602 -0.2624374 -1.5391257 1.9031013 -0.63085014 3.741359 1.5169511 -9.359038 -3.242286 -0.23293395 -3.3833354 -0.8906566 2.0787718 -1.4429327 -0.5029292 -3.663574 -2.3229127 3.593312 2.6536357 -4.865488
traverses 2.4724483 -3.0872784 -2.3183074 4.6382904 -0.29827562 0.64596677 -1.9849988 -5.5070653 -7.143469 2.5847316 -2.8815732 0.8681635 2.0741317 -5.576297 -5.787106 -0.12826632 2.5974345 -0.18147694 0.66851526 -4.8206396
overlook 1.627718 1.8654262 -1.8059111 2.2394156 -2.24023 2.5305927 2.0640163 -1.383555 -5.0427465 -1.4429011 -1.177441 0.4178862 -0.084900334 -1.182055 -4.801091 4.678614 0.9487384 1.8270639 0.32032394 -4.0947366
uphill 2.546629 -1.1562386 -0.2774798 1.7662451 1.6599474 1.4956039 -0.24700491 -1.5344561 -6.373155 0.9852532 4.179392 -2.1981385 -0.05827274 1.4420724 -4.026151 1.2295659 7.5329566 -2.2527292 5.817668 -5.275718
traversing 2.9970467 -1.8109142 -2.2821937 1.5214565 -0.4905855 0.68848115 1.2530897 -5.2704735 -5.1803374 2.4082758 0.28098518 -0.1201323 1.39232 -1.072875 -6.273698 0.44330978 3.0412865 -1.2608799 3.926789 -2.5460682
paralleling 1.383735 -1.8571199 -0.30170497 5.326079 0.36061034 -0.11776415 -1.4607298 -3.6991403 -4.6910152 -1.5949655 -0.75211245 -0.46250153 2.5631685 -4.3287735 -7.6933327 0.65549654 -1.4008034 -0.7702237 1.0378094 -2.8525357
congested 1.2529807 -0.8648233 -2.5312939 2.9294279 -1.6458067 1.5106596 -2.053894 -5.208871 -5.770089 -1.445292 -2.0565217 -2.4540098 -5.2324796 0.5422 -7.149626 -1.1278132 0.117950246 -1.343246 8.273663 -3.3307493
bypasses 0.6851294 -0.5454123 1.1809837 6.2300434 -1.3160794 -0.4853136 -3.0002391 -3.11756 -9.093148 0.054916028 -2.3284333 -0.52710164 -1.2870598 -0.29343316 -4.7506332 -2.5885565 -0.14819695 -1.1298269 2.9534376 -2.7021542
gated 4.104607 1.6907108 -1.772885 1.9481312 -1.8428453 2.984944 1.5281291 -4.763684 -9.490799 -1.5789399 -2.3465223 0.019348875 -2.803414 -1.910922 -1.1253793 -0.48481998 -2.04611 1.4141917 1.8481643 -1.8223113
perched 0.70186305 1.537623 -4.646246 0.69002366 1.5150747 1.926621 5.135311 -4.7009077 -5.153557 1.9792211 1.1166769 -1.4102046 6.655503 -1.2581854 -1.9135122 -0.2934749 4.4054976 5.5854487 1.9406673 -6.1432657
straddles 1.2789059 -1.3738029 -3.466471 4.690942 -0.7787054 2.2790394 -5.122811 -4.6910043 -5.4432273 2.9883347 -2.317808 0.33266404 3.709279 -2.9683113 -4.9734 -1.0184612 -1.4287045 1.8942666 -0.60792804 -5.0787444
adjoins -0.5743457 0.7507625 -5.598545 5.0605607 -2.418581 6.1870937 -3.4729424 -3.6021972 -8.723475 4.318842 -2.2795963 0.19243895 3.6955678 -0.69058865 -0.8354802 -1.1498144 -0.7309956 0.65471345 -1.148996 -4.956305
banked 1.1106614 -0.66916466 -0.6900552 0.76871496 -0.5366865 -2.1683338 -1.2399884 -6.9209256 -6.2482395 -2.6424725 -2.0394707 0.06774271 3.3897939 0.62845904 -0.8481345 0.96683186 10.685622 0.681654 6.5120425 -5.9837146
encircling 4.839283 -1.5709972 -2.1388915 3.4544234 0.4762771 1.4344534 2.9310493 -2.0821576 -5.2193904 3.9013433 0.04544579 -3.8462658 5.333855 2.9468107 -3.2290332 -0.8380989 1.2728615 3.7436562 3.426789 -1.3075702
converged 4.2597785 -3.5470133 -3.335858 1.9192778 -0.54947037 0.5855884 0.243679 -2.8160646 -2.7113848 -0.36619183 -2.8733594 -3.0988522 0.26299152 -0.1826699 -3.762246 0.27828926 -2.0627313 0.4258046 2.975186 -0.5118651
meandering 1.0993882 1.1276805 1.8109787 2.3104212 -0.59712106 3.9343686 0.19248153 -2.2088795 -4.399141 0.03480386 1.3278759 1.7714003 1.3558692 -4.1689987 -8.453082 -0.4572437 2.3901296 -0.015866406 5.0734205 -7.667825
converging 4.920735 -3.2803338 0.8881609 3.6564226 -0.28208235 0.997326 1.3155432 -2.6592011 -2.28725 1.508308 -1.8557584 -1.4298774 1.6058425 -0.41988212 -5.0428023 0.43929088 0.73911077 -0.38839948 4.44444 -2.0226195
ascends -0.80677414 -2.3763788 0.4563607 1.023588 1.4900368 2.3121963 1.1549693 -3.2087932 -6.777359 2.0931623 -0.00678243 -2.1457593 4.827637 -0.8814209 -5.453515 0.63151276 6.96765 3.6860387 0.56261605 -3.4067247
intersected 3.1978228 -0.58752114 -1.0252547 5.7726417 -0.653718 0.046742085 -1.0750512 -3.2854521 -4.8755674 0.6273323 -1.1688327 -0.3833536 3.2843668 -2.0286407 -4.27131 -0.89656717 -0.15271764 -0.86750716 2.0741012 -5.4739766
widens 1.5215735 0.45347732 1.4999123 4.8681245 0.86592144 0.3799752 -0.17805947 -6.166668 -5.511155 -1.1438202 -1.4066824 -2.0637999 0.1955933 -3.404889 -4.0261536 -2.4052181 2.8804588 0.3997336 4.862025 -6.6181087
bisected 1.5859896 -0.35840708 -2.3318644 5.67528 -1.4851968 0.40460283 -1.8859245 -4.696311 -7.3182173 2.6521354 -2.298036 0.070855245 3.1001396 -0.27112657 -3.864716 -0.62921387 -0.18851297 0.3151978 0.87863153 -5.9808908
bridged 2.5468736 -2.8648582 1.8885808 1.6771404 0.1098398 1.284038 -3.1658182 -3.2565553 -3.1276839 -0.121372186 -1.0299101 -0.9453 3.1373308 -0.28912517 -4.0738 0.6488371 -0.8979789 -0.35727426 3.4422727 -3.038402
enclose 3.2645931 1.6284952 0.34363723 1.9913255 -1.2969106 1.0482483 1.3494596 -5.1584597 -6.024239 1.877912 -0.9414339 0.111540556 2.6930437 5.134063 -1.3821236 2.1371431 0.0005046528 5.233331 2.173798 -3.9425888
straddling 2.2265267 -1.6498218 -3.2542171 3.1225693 -0.24648978 1.130878 -2.4336336 -3.5677004 -4.411823 2.7179704 -0.9478728 0.039630167 2.8687875 -0.9910101 -4.4715786 -0.21471387 -0.4764889 1.7405598 1.413068 -3.553418
nestled 0.91192 2.7020051 -4.705145 2.0219002 -0.95959514 5.996712 -0.29248717 -3.8719969 -6.6769896 2.1971943 0.010137694 -0.964731 2.7624035 -3.2537496 -2.1154773 -2.5764337 0.99718547 2.7811 0.060078297 -5.7222967
steeper 1.4578518 -0.11590607 1.5252934 3.107227 1.2125261 2.210202 -1.8574045 -5.8390245 -4.796966 1.3770202 2.6127377 1.9986616 0.6603209 0.10450518 -5.103509 1.6311533 5.083601 -0.6130207 8.922616 -6.8059087
sandwiched 1.7073004 0.34641245 -0.91591334 -0.25772315 -0.7292865 -0.84779996 -1.6996964 -3.673191 -3.8474915 2.181095 -1.8626354 -1.6212076 4.0661345 -0.25862828 -0.2925094 -2.5541236 -1.0238934 2.5064676 3.7009137 -4.3093452
narrowest 2.886987 -2.579806 -1.6594319 4.6538324 0.98820776 -1.9956133 -2.8431797 -3.262957 -1.6940331 5.2145605 0.07405965 1.219107 1.2654411 0.10896051 -5.9856396 -0.32821172 4.242594 2.2497866 2.7738755 -6.251637
radiate 3.8741934 0.2304389 1.0700862 2.0028632 -0.3441789 1.2173448 0.88670206 -4.243658 -3.9086487 1.1773295 -1.6911632 -0.3417722 4.460806 -2.6210175 -4.747959 -0.8287736 1.6772404 4.836222 5.3685293 -0.44234252
diverges 0.78325415 -4.097762 3.0511386 3.075965 -0.7752103 1.2516237 -3.010993 -2.0945902 -3.3605845 0.24460815 -2.7214108 1.8855844 2.379144 -1.4921976 -6.593296 -0.29206583 1.5491446 0.08425063 1.5987338 -4.9090858
northwesterly -0.40762782 -0.79122365 1.6838067 7.0049257 1.6791877 0.59515715 -3.4246042 -1.332295 -6.2554364 1.0234406 4.1580734 -0.3375248 0.8661186 -3.928877 -8.717252 -2.851736 4.7866 -3.5923607 4.1667786 -1.3552939
reachable 3.2892315 -4.383638 -1.323405 -1.0041829 -1.2562251 1.5218945 -0.018971017 -5.846266 -7.5946636 0.8383931 -2.7456517 0.97013175 -2.3709197 1.3403313 -3.9949405 -0.795174 4.7507467 0.980593 0.9352726 -1.5692049
veers -2.0585527 -2.615487 1.5617628 2.9607573 1.6358823 1.2967436 -0.623761 0.15456972 -6.497343 -2.2654443 -0.28781644 -1.7136521 2.288763 -4.5299616 -8.863703 0.2619548 1.6205759 1.4113175 3.3248372 -4.632811
equidistant 3.060015 -1.9486172 -0.343222 5.115076 -0.7005161 -0.006098496 -1.9612682 -4.907112 -2.927277 2.31201 -2.785802 0.8366804 1.839504 0.73168504 -2.605247 -3.437793 3.932917 1.3349748 1.5604815 -4.618331
demarcated 2.969558 -2.1267986 -1.723566 4.326809 -1.047287 1.7009217 -0.66304535 -4.593191 -1.6871607 5.4092693 -3.6356258 -0.13296801 1.0363585 2.0897527 -4.1661673 0.108527325 -2.3116212 4.097503 1.0798814 -3.0605085
skirting 0.6700625 0.9232885 -2.2884517 4.1952977 -0.39375252 0.43021864 0.26467943 -1.1893332 -5.421568 1.7338506 -0.09138668 -0.01597718 2.776547 0.1699552 -3.2447202 0.24697064 0.39963382 1.9012529 4.07838 -3.4823353
bisects 1.9393903 -1.6785212 -1.4223859 5.8278794 -0.769043 1.0719622 -2.1750667 -3.6808748 -8.32381 2.643948 -2.0165036 0.4232556 2.186355 -1.8462121 -3.3821874 -1.3167784 0.853696 -0.2719384 0.45915928 -5.2272716
encroached -0.3334497 0.47250253 -3.6362135 1.9396232 -1.3318855 4.00597 -1.5446144 -5.181027 -3.1722534 2.4922676 -0.7987916 -4.208751 -1.4211465 3.1794884 -6.6924376 2.4136095 -3.2898204 2.7334313 1.4433645 -2.2058182
abuts 1.1538084 1.3345039 -2.953938 5.6023993 -1.0953025 3.1837273 -1.6271393 -3.7586598 -8.036363 3.211744 -0.98878443 -0.60294443 3.7208498 -1.4832572 -2.010311 -1.2612629 -1.5686183 1.1734829 -0.13506937 -3.6963372
encircles 3.4412806 -0.14157 -1.5475028 3.3120356 -0.7390205 1.9362955 1.2892616 -3.6347423 -7.0712495 3.0098405 -1.4029309 -1.1805503 5.4854383 -0.11379712 -2.112563 -0.9079969 1.9537785 3.1933806 1.2853128 -3.3299623
straddle 2.9888797 -2.0398116 -1.5046368 0.79418916 0.9168275 0.38274318 -0.7276411 -2.8119013 -3.908382 -0.13040216 -0.091827914 1.1874956 0.7728676 -0.013332857 -2.8330433 1.9225905 0.39142737 2.1768346 4.449365 -3.41342
unobstructed 3.515337 1.0626202 -1.4329807 3.8162875 -2.6126375 1.8653022 2.559011 -2.2164598 -6.3419347 0.3521881 -1.3756108 1.6644783 -0.1920248 1.2156537 -5.531959 3.2272184 4.6481986 2.4991424 4.067691 -1.102366
straddled 0.4325532 -2.3935885 -2.6082878 1.7509058 0.6401779 -0.33951104 -0.79898185 -3.4417195 -2.6001756 1.2325872 -0.5161477 -1.9236394 3.4672804 0.58080864 -2.8131564 -1.0571972 -1.27765 -0.67036337 2.8875828 -3.6282132
jutting 1.4891489 0.38128024 -1.9349779 2.835625 1.3684691 1.7211415 2.2408483 -3.0833945 -5.4481244 3.4159036 2.3566265 -0.9086738 5.6558137 -0.8762949 -3.132691 -0.9567754 0.92596626 1.5501939 2.9822438 -4.566202
signposted 2.3032804 -1.7928134 -3.5679877 2.2385845 -1.9478321 1.1105633 -1.1656159 -3.0093546 -5.6728272 0.8337728 -2.129092 1.9577346 -0.5118732 1.3691494 -3.0492558 -1.6814827 2.5927124 0.48371917 2.634931 -4.556314
crisscrossed 3.2713327 -0.5377968 -4.321373 0.9663604 -0.56407213 2.2824793 0.37063423 -3.5668347 -3.3277075 -0.2053181 -0.559795 -1.1821367 1.8635007 -1.955162 -2.809691 -0.7459004 -1.8107312 0.032016784 3.4452496 -3.2559073
turnoff -0.37068352 -0.46981785 -0.32403195 2.0534873 -0.5688087 -0.5629881 -0.7244359 -0.72443825 -6.1580133 0.6678273 0.07030152 1.2412783 -0.20697051 -1.7183089 -3.7279174 -1.6035597 3.6159902 -1.1359321 2.3913524 -2.624041
crisscross 3.8199728 -0.8231355 -1.058376 1.0126216 -0.41523498 1.7263185 1.888709 -2.1955466 -3.6156454 -0.30000195 -0.6641626 0.6979956 1.7237296 -1.061712 -2.1239865 0.37229502 0.23070171 1.0470362 3.058355 -3.4794545
hemmed 0.62538904 -0.4345409 -2.105883 2.0864878 1.1660572 2.0400522 0.5865706 -2.5427942 -3.144275 1.4333893 1.2482457 -2.460785 1.3650064 1.7685671 -3.1758957 0.68053174 -0.6677259 1.6539317 3.0615656 -3.387064
juts 0.6336703 -0.077821076 -1.7426636 3.7040498 0.21195178 1.5899805 0.72986543 -2.866381 -5.461078 3.5324285 1.3626379 0.2271756 5.183854 -0.70621246 -3.485747 -1.7057743 0.91023076 0.57750565 2.2289505 -3.2054048
bisecting 3.0435638 -0.74008197 -0.07857894 4.620165 -0.3646645 0.23234609 -0.40781975 -2.471724 -5.036652 1.068695 -1.1039122 1.1445911 1.8479793 -0.49232063 -2.0539145 -0.27068806 1.5990278 0.89982224 2.0043123 -3.4893448
waymarked 1.7659854 -1.6411445 -5.278749 2.5315592 -1.6228293 1.8401533 -0.14463131 -2.6735218 -4.5380764 0.42265093 -1.6958107 2.1426897 0.75702024 -0.61877364 -2.2510376 0.58614355 3.865777 -0.81481206 1.6495893 -5.939838
bridleway 0.3654063 0.1885167 -2.9176707 4.4310613 -0.8975783 1.3865317 -1.16706 -1.0146291 -5.7211266 -0.6524529 0.90202856 2.752875 -0.97014165 1.267852 -2.6872585 0.17964026 3.0917943 -0.9427387 2.416058 -5.3575544
abut 2.33712 0.29825878 -1.3605565 3.4990885 -0.19234394 0.7462797 -0.64630365 -2.5913131 -3.8218265 1.1936905 -0.5101059 -0.5882645 0.79935324 -0.35572603 -0.76602876 -0.83577764 -0.09904586 0.7564625 1.1239023 -2.9296515
metalled 0.6348629 -0.75014687 -2.349976 2.6004393 -1.0959542 0.74680537 0.08366426 -1.77984 -4.533135 1.0281818 0.009641319 0.67552 -0.56850344 1.5847485 -2.377064 -1.5213363 1.3265355 -1.4239362 2.7229838 -2.9688747