Centroid_24 0.16044907409459458 4.229363171148648 6.092474054932432 3.1613207463851367 1.7532335243918922 0.03985017414864865 6.163452624999999 -4.797307608445945 -1.0806233016783786 1.9400059031148646 0.8661876192297295 -2.292315164445944 0.5832625839168923 -2.067201982229731 1.0464306436817572 -1.215624304506757 1.7391663318310813 3.303094263175677 4.752174646621621 1.0685248763651354
body 1.5145205 3.152846 2.8032043 3.1921206 2.3708777 0.9851576 8.248482 -2.783338 -1.9207097 3.6585855 1.4752215 1.1976653 -1.6612948 1.2690885 2.548553 1.9154122 2.7259648 5.6668234 2.9832325 1.6013501
bodies 4.2971945 4.440494 -0.43347397 2.8254788 0.093133815 0.68875504 8.898492 -4.863101 -0.04018159 4.214091 1.0306962 0.25087902 -3.6837618 2.8117046 2.7148194 1.2036178 -0.4926141 3.943834 2.4662108 1.6194124
bone 0.61482364 7.788223 7.755851 1.7237862 1.0886457 -0.43778872 6.644191 -5.6083765 0.345795 1.9424059 2.6886394 -3.7916613 5.140311 -2.4624684 0.93436056 -0.33673143 0.40737897 3.8950214 2.692801 -0.97879094
tissue 3.2896283 10.199916 12.204644 2.6594048 -1.0210342 2.8082008 8.867897 -9.849777 -2.0176826 3.1606412 0.6950127 -1.5599333 -0.74153405 -4.05941 1.8859646 -1.355006 -2.3527906 4.570609 5.448375 4.632101
muscle 1.7533876 4.013752 9.41607 2.3803163 3.124549 0.60464 4.2958465 -3.9467115 -3.037985 3.5895085 0.3349676 -6.3833547 0.2723875 -7.0369325 2.9407816 -0.5024289 1.7461002 2.0070825 11.108161 1.8236275
breast -3.2525485 8.048815 3.908065 1.1305413 0.3780117 -0.7596301 7.000932 -4.2748504 2.5699213 0.80169785 -1.3021555 -3.293344 -1.0297459 -5.5931625 3.8707287 0.7941578 2.9996328 5.6493864 2.4043145 4.5771956
chest -3.3326373 4.6396832 1.9475341 2.028296 2.7746582 -3.0356033 11.473425 -2.1487706 -2.7753506 1.5736442 1.8254061 -4.5934887 2.9120936 1.2501948 1.6241237 0.3809123 5.2225256 5.4161334 4.277614 0.049821634
nerve -0.095884725 2.4494333 10.092752 5.976144 2.4090471 0.30001462 8.031933 -5.1393833 -5.32285 2.8818266 -1.3886063 -5.721117 -0.73974603 -4.80491 0.30089664 -2.7797668 0.05106406 0.47263587 6.8915663 3.4253151
ear -3.029001 3.7770731 5.178044 3.3862386 3.6004326 0.65785897 8.302826 -2.6374924 -1.1786224 -2.470516 1.9332579 0.02764747 3.2449877 -3.1610785 -0.59904796 -0.71325916 2.6781852 4.993799 6.438118 1.4455845
throat -6.7062693 4.882393 4.099348 2.3009384 4.8734064 -3.5166144 9.883796 -2.6512473 -1.3080598 0.44015262 2.5208397 -5.3576493 1.9470066 -3.5998983 -0.77990913 -1.8708022 2.7969527 5.3134546 5.432441 0.55877584
muscles 2.1000054 3.5193906 9.451402 4.8037806 5.5664015 2.8855002 8.505631 -5.3193297 -3.0800865 4.830118 1.7697182 -6.153496 -0.23297065 -3.840168 4.2014995 0.9474132 3.521913 4.9316483 12.228433 2.2315614
stomach -4.6201053 6.270501 6.7597356 -1.3169891 2.865693 -2.247108 8.242552 -6.538138 -1.6823735 0.8455409 3.3769047 -6.4007325 -0.96611655 -1.791385 -1.2379253 -2.8158932 3.1919856 3.7484639 2.8880775 2.08913
cord -1.1110364 4.523922 5.774387 1.9463998 1.6140615 -0.8261191 7.287247 -3.8205345 -5.7813783 2.0463815 -0.35704446 -4.023154 1.2563127 -1.9435875 4.631032 -1.1055793 2.6493218 2.5946608 5.464554 1.864887
breathing -3.505833 3.7567084 6.1540337 -1.242687 -0.2003672 2.0296893 8.02347 -3.7862074 -0.8074183 -1.4578109 0.31841418 -2.408264 0.3769931 -0.7228767 -2.7625148 0.04270473 4.9808545 2.5820868 10.180568 5.2760243
spinal -0.8004855 4.271185 7.1147614 4.125809 0.47761807 1.1146095 6.3150396 -5.4393325 -3.529 0.65706116 -3.180792 -8.138292 1.5555958 -5.7596707 4.2320366 0.42917186 3.4485497 -0.3353192 6.567298 3.0658622
bleeding -4.31454 6.9205356 6.7887015 1.9483811 1.4704746 -2.6195261 7.876782 -2.3306885 0.32554904 0.3830095 1.0673479 -7.672192 -1.3376063 -2.4924095 -1.9723547 -2.0368068 2.1958165 3.6792486 4.502177 1.1896726
spine 0.8363163 3.9177248 5.0477324 5.7226915 2.4116812 -1.1758355 7.4308953 -3.7260842 -2.3632703 3.126198 0.58255893 -2.479225 3.232279 -3.8281083 1.023459 -0.9427702 3.2638142 1.9939083 6.124219 -0.99682343
cavity 3.2131572 6.6932473 9.146781 6.3744197 0.9595596 -1.2974159 8.855909 -8.298871 -4.6098294 4.1337237 1.7861421 0.7480904 3.334941 -1.3999685 -0.6983205 -3.7504745 2.1184285 4.8440723 7.0132318 3.4555464
limbs 0.5872828 3.739857 4.314459 2.8803606 4.502918 1.7324044 11.143453 -6.422534 0.53142375 4.6242146 2.6863399 -3.7783635 1.7990808 -0.9978299 1.8931695 0.65924346 3.9280984 4.699545 8.5149555 -3.6282885
joints 1.9230515 5.6670513 6.087018 3.5711145 0.5073088 -0.77878624 5.4568906 -3.5744135 -3.7492068 3.4636247 -0.49091107 -2.0480924 2.522445 1.1651368 3.0434618 0.49796814 -0.8090174 5.0491033 11.831485 -1.5856217
limb 0.7712435 3.1612198 6.475597 4.54383 2.637929 1.412513 7.1428747 -5.5058246 0.06145752 4.1035547 1.0943358 -3.3445127 1.9254694 -2.9905531 0.39836913 0.54436684 5.8886733 1.92734 6.107719 0.17271632
abdominal -0.14577909 4.529077 6.406529 6.757029 1.8326508 -1.1167264 7.135995 -6.9998393 0.85806394 2.2263606 -2.5840678 -6.4297004 2.285608 -4.662205 1.47006 -2.9580462 4.319119 4.1329794 5.891626 0.75449955
muscular -1.5512933 2.5312567 4.8306603 0.75254923 3.1607072 5.3027277 6.054921 -2.212442 0.43283314 2.5253172 -0.48288116 -4.317214 3.014645 -6.2365365 3.099097 3.9385526 0.4437172 3.5983453 7.5070534 -2.3245814
nerves -0.16985512 2.958466 8.111363 4.0996847 3.0501876 1.6770458 8.040026 -2.8917642 -2.9969728 0.85842776 1.0319434 -5.215941 -0.69747657 -2.6424108 0.23246545 -2.2272348 2.6490173 1.7441207 6.7511396 1.1016899
gland 0.67223287 5.172425 8.290537 3.9059732 3.2346056 1.434942 7.677882 -8.697714 -1.9488013 3.3574007 0.98215836 -3.1917853 0.9007073 -5.441083 2.4238203 -5.6965213 -0.36320302 4.4449587 2.4209146 3.3057137
penis -1.270591 3.5934503 6.0605726 1.0812941 3.7739155 0.24211656 10.51182 -4.463716 -0.42519927 1.8062384 0.2673339 -1.1999263 0.019315017 -2.6707199 1.0008211 -0.40476814 3.00501 8.314959 2.7083294 -1.5247526
cervical 0.6630451 3.466791 7.213184 6.0562453 1.0626699 -0.8564918 5.8549876 -6.002676 3.1764858 3.2970598 -2.8187456 -5.4404035 1.2748861 -4.9113955 3.0853763 -1.0647486 3.4110577 1.762606 3.8710153 2.2056336
bladder -2.507388 6.9825315 7.257632 2.6470776 1.2137591 0.37261194 7.0812817 -7.900541 -2.5203557 1.2599615 1.3654627 -3.8545344 0.6775299 -1.6521941 1.7002703 -2.1453063 2.0480492 2.6317487 4.5693107 3.3458216
breasts -1.951572 6.0027623 3.3710992 -1.6480463 2.601121 1.4419768 10.405113 -0.29152495 1.1105018 1.1297486 0.93791395 -1.2321156 -1.1492335 -2.2024093 2.6811025 -0.07148126 3.1096506 9.688443 5.0960546 -2.7169025
duct 0.25952166 5.3170867 8.422922 3.4484522 0.2920394 -3.4095964 8.3821945 -5.296217 -7.5268407 1.1830494 -0.8348775 -1.9274783 1.7964203 -1.3439746 0.8025166 -3.812345 1.0657163 3.4419801 6.5724106 2.649678
scars 0.675708 5.520344 4.1009283 -0.13220839 1.7269268 -1.3978772 8.774763 -0.578348 2.614188 -0.29630712 3.3172448 -4.846205 1.9130459 -2.5459018 -2.3385959 -0.30075356 1.851977 4.0155635 2.9048185 -2.284973
rupture 1.7613652 3.5307796 7.5498114 2.5920162 -1.4461906 -0.58921576 1.5835702 -3.2834764 0.7127181 4.529671 0.26781002 -6.5182886 0.09923554 0.8428686 -4.6245565 -1.2248684 1.7470671 1.1197582 2.7993505 2.1607928
genital 0.72227544 3.3011053 3.8244374 4.9153733 2.9317694 1.5848742 8.615543 -6.3469906 4.666834 3.140398 -3.4899426 -3.7829525 -3.223315 -5.8661942 1.8673224 0.44502714 0.8993182 8.472819 1.8661404 2.2844155
intestine 1.8903613 6.837643 8.487419 2.7262053 2.7137794 1.2179153 7.7314363 -11.375991 -3.493257 2.5441966 4.01532 -2.185498 -2.5646558 -1.7765803 1.0945339 -8.175515 -0.70788085 3.6490297 4.289128 2.005057
vaginal -3.4671085 5.2762933 7.9605684 2.7796865 0.5924549 0.25639126 7.565392 -6.907291 2.161134 1.2894943 -3.1924767 -1.7395061 -1.2874972 -3.2055144 0.7978989 -2.1958413 2.9453728 7.294718 3.580676 3.9393141
cartilage 3.2021039 8.050142 9.810088 5.7167206 1.5130591 -0.006321162 4.194921 -4.952445 -0.5643218 3.463953 2.4874077 -5.435366 1.7959388 -1.8011589 3.708391 0.95249283 0.5574875 2.7822046 7.0716605 0.4746833
cords 0.57465595 3.8834362 5.259042 3.1974387 3.2361336 -1.9541969 6.907975 -2.0577378 -1.7491099 -0.73794246 1.0761788 -1.7687597 1.702554 0.23747166 3.591444 -2.3573518 0.6037408 5.2914195 9.60927 -0.22193186
implant -0.40486088 4.8041754 7.5218687 1.1056978 -0.8462463 -1.5265877 7.3957996 -2.9043646 -1.3683883 0.19091909 -1.0169932 -0.806899 1.3017931 -0.99551046 2.8815043 2.4444044 0.8959395 2.4387517 5.041111 7.2711654
kidneys -0.8218689 6.2295213 7.7941713 -0.51428896 1.0231922 0.2130666 4.6969085 -7.88598 -1.2663431 1.2383788 1.6565125 -4.179168 -3.768558 -1.9104682 1.7974494 -2.8952663 1.082359 3.227201 2.6888814 4.0327883
implants -0.94274014 6.5404353 7.327641 -0.23936532 -1.0446012 -1.6079893 9.575788 -2.490334 0.29287675 -0.39360976 -0.93156457 -0.6971807 0.43217054 -2.2194388 4.342912 3.0271184 -0.75490767 2.604075 6.012572 6.882127
cavities 4.6210546 7.3545766 5.424542 2.4563787 -0.21134125 0.36402875 7.3588405 -9.2396755 -2.6002676 2.8867798 2.737803 0.62703234 2.4153235 -0.9989144 -0.1306433 -1.7159556 -0.41053814 3.0478833 6.232863 -0.14143783
filaments 6.364536 4.5180883 7.6040797 3.878928 2.9491503 -1.7613602 4.8900886 -6.973376 -2.634927 3.1293182 3.2909431 1.4921618 3.6401143 -2.99545 2.8945003 -3.3706048 -1.196569 4.088621 8.471109 0.6924022
retinal 2.3412812 1.6562605 8.427823 5.044357 0.4066625 1.9625841 7.1706486 -5.5859513 0.12112287 2.0544446 -2.3765783 -3.7286007 3.0419714 -5.6109095 -0.03190773 0.45625746 0.17150737 0.32687613 5.1017523 4.5644937
slit -0.8860095 1.3548049 4.57978 2.6444135 2.7865222 -2.3682415 9.389899 -4.007772 -4.124877 1.1746203 0.57247823 -1.3235465 4.4238634 0.28635722 -0.67888784 -1.4050566 4.005903 4.6693106 5.0405955 -0.72900033
pores 4.160167 6.3072166 7.809636 2.936234 2.2900157 -1.7933302 4.330882 -8.828362 -2.5996928 5.127821 2.931888 0.7964564 1.2882403 -1.1888192 1.2717723 -3.0186083 0.3177034 6.629778 6.87484 -0.3707413
olfactory 2.5651424 0.76747733 6.8102555 2.5333085 1.9290432 4.2667017 8.5113 -8.481216 -2.4950807 0.076392554 -1.6352822 1.5990645 0.09462844 -8.619281 -1.0191072 -0.06414922 -0.22850172 2.415876 5.2522206 2.7242706
sheath 1.6051441 4.202348 6.0804033 3.7879608 3.166293 -1.8997931 7.6386213 -5.1664605 -3.4813836 4.6820345 2.5422359 0.4211917 3.9438682 -0.287374 2.3236585 -2.0296183 0.3522306 6.245147 4.730442 0.41910538
forearm -0.19797383 2.1170528 4.7942076 3.068022 5.1286955 -4.3805313 6.3937354 -2.090941 -1.7897266 4.1586456 2.76086 -3.7399561 2.6725683 -0.92809176 2.2602456 1.0607268 5.1772985 4.82122 6.224741 -1.0478222
airway -2.925631 3.65215 6.3435655 5.833425 -0.5408812 -0.22526611 6.3676744 -5.1771855 -4.4859233 2.8623645 -1.94079 -2.4408479 -2.7887423 -0.35912374 -0.20116138 -1.1013303 1.783929 -0.36289108 8.024435 5.4971733
stool -3.0706167 3.4189816 3.405529 0.56886214 2.5974514 -1.2782717 6.506578 -2.8056643 -1.3715166 0.5170254 1.1615013 0.4254323 0.8241764 1.3938675 3.0089855 -1.0484332 3.394772 6.268108 2.45162 0.12149675
ovary 3.6056168 4.420993 7.3382263 4.0701966 4.7754006 2.033498 4.4674563 -8.768753 1.2227435 2.4199824 1.9640639 -0.2048706 1.9260131 -3.8510997 4.8240027 -4.2211933 3.012614 8.378201 3.554033 -0.8931995
genitalia 0.06281455 1.9258186 6.6712565 2.8800452 3.6675768 1.3580012 11.91506 -3.9067264 4.910594 3.5634558 -1.6101075 0.5159221 -0.6653466 -3.8816185 4.1575117 -0.045300707 2.0462754 6.7296124 2.0588489 -2.691013
pelvis 1.3223183 4.0213327 6.507206 6.3143597 3.4868846 0.46623352 6.542733 -5.6430306 0.013296281 3.6415334 2.1558127 -4.884367 1.696386 -1.4406002 1.7749603 -0.183191 5.1454806 2.1865883 5.3174224 -2.582045
epithelium 5.854706 6.921593 11.127981 7.5536714 1.9961213 2.8012724 6.901971 -6.979385 -3.1191826 3.9397051 1.9322501 -2.7968292 -0.0016759691 -4.191324 2.2282658 -4.514836 -0.4163586 4.680847 4.1075153 1.5481372
ducts 1.9658731 5.4953446 5.3071833 3.1263833 0.24157757 -0.7782294 7.2014093 -5.9353704 -7.0690374 2.8050826 0.5039363 -1.9425088 0.93508476 0.07400028 2.117153 -4.0888467 0.8036179 2.823038 8.587746 2.5967302
diaphragm -0.32010895 2.6490226 8.261502 4.3078117 1.7439044 -0.94443226 5.7265496 -3.0200317 -4.5633183 2.3812575 0.7020854 0.990822 2.4952815 0.7906855 1.5587407 -2.551256 2.3021452 3.272889 10.050703 2.9445302
femur 2.8997798 3.5599327 7.9429135 6.463644 4.572257 -0.9291436 5.4230804 -6.3769197 1.7886069 4.945202 4.4756703 -4.3738084 4.201592 -0.8853861 2.4568565 -0.45788985 4.45378 1.4298396 3.6277726 -3.772748
umbilical -0.95845973 2.9889436 5.5630183 3.8777275 1.8596557 -0.667515 6.962008 -7.129756 -4.9799614 0.5690159 -0.08119827 -2.2232254 2.1619718 -0.72829664 0.5659969 -2.7584631 2.4346118 2.9292235 4.6304355 2.3480952
amputated -4.4463243 2.1044548 2.7831824 0.23317468 4.4183984 -1.5002397 4.761031 -5.445542 -0.89222264 1.0766735 2.4931238 -12.162998 2.9042063 2.0295715 2.0707524 1.6555024 5.9785867 2.6486075 4.1080427 1.9859304
spleen -0.44799778 4.7493606 8.229239 1.9633281 0.5699335 0.91580313 5.6580505 -4.6295676 -0.26138833 1.5213075 0.80521464 -4.3792477 0.3019909 -1.4421734 0.644294 -4.0904307 1.4089445 1.9181123 1.726508 0.78246915
scalp -1.7202461 4.2927895 2.5565417 2.0728056 2.7046404 -1.5606697 6.7164493 -4.219813 -0.2626297 2.2930622 1.8397062 -2.9969394 -0.009133714 -2.1416402 0.78259385 0.36718553 2.3490002 3.3330321 3.8322024 0.00052535004
cysts 2.98059 6.9759474 9.729766 3.7273366 1.328367 1.143411 7.2373157 -10.012514 2.5342488 2.1328726 2.34022 -2.7222948 -0.3209751 -3.5533872 2.3707519 -2.9406006 1.3988545 2.0313165 2.7754505 1.6504322
midline 4.9176645 0.9346429 6.889082 9.020112 4.777071 -2.139902 5.359815 -6.1644387 -3.7912369 3.3923624 1.1940923 -2.7660954 2.5095403 -3.619827 -0.78789663 -3.705824 4.1149845 3.5723577 5.8702397 -2.6443317
genitals -0.94918907 3.9072983 3.4069762 -0.21716729 2.71151 0.24632291 11.313253 -1.8448758 0.6681514 1.1148663 0.47464913 -1.311998 -1.4673704 -2.371589 1.8695993 0.93638116 2.8289676 7.709821 2.0403 -0.44409463
nodules 1.9880798 7.778897 8.276879 3.7848384 1.5394802 0.694436 4.0715003 -7.8567386 1.6391417 3.1513426 3.3722522 -0.5232409 2.9482522 -3.617127 0.9450791 -3.5215049 -2.8644152 3.228217 4.6198406 -1.1020448
mucus -0.21841928 6.4527535 7.286402 -0.3498262 2.7946086 -0.057240784 6.9242244 -7.695224 -3.3507538 2.8583767 3.6288948 -0.37168002 -0.71852654 -4.335065 0.036844436 -2.2265592 -0.46582565 5.1104593 5.581756 3.0409172
secretions -0.08692698 4.4600105 6.4348845 0.8215572 4.258534 0.9916847 7.195189 -8.550381 0.0032695176 3.4284396 3.5044851 -0.4973327 -1.7224078 -4.799171 1.4771875 -1.7728883 -1.3769372 4.5359454 3.9482758 3.8890178
incision -0.5115164 6.928751 8.861423 7.0988345 1.0867388 -0.53136754 8.401903 -5.1722035 -2.4558208 1.7419322 2.234695 -0.7291815 1.1958863 1.9996166 1.5391465 -3.0025918 3.7490008 2.122132 6.8016815 1.4421129
cyst 2.5828707 7.131607 9.75044 3.6207802 1.7441229 0.25157312 6.3098893 -7.33542 -0.12721853 0.19131915 2.6609209 -3.1616793 -0.05648593 -3.6927352 1.2633816 -2.4630117 1.3388696 2.7133248 2.863151 0.9243243
catheter -3.4053118 5.0716553 8.596224 5.4654603 -0.38820782 -2.465554 8.804193 -4.466176 -4.7746277 0.8893949 -1.2794108 0.33124515 0.547162 1.1328465 2.5914214 -2.1573656 2.0324788 1.4619951 6.1261683 6.080653
esophagus -0.95864946 5.433491 8.670012 5.886225 2.1206865 0.10156458 7.820124 -7.283634 -3.1138554 1.7518382 1.1742997 -2.9047222 -0.17852744 -2.2113674 -0.027926393 -4.6139627 2.404876 2.7473335 4.890635 2.1630523
mucosa 0.45632774 5.8381534 8.917275 6.2223353 2.1454573 1.1280966 7.6394753 -7.560655 -1.7080052 3.3065364 1.1258903 -1.555818 -1.127076 -3.1759934 0.006874544 -4.5098543 -0.98742265 3.9166605 4.532927 2.4494708
tendons 2.719333 4.4687734 7.209586 4.8167443 3.240742 -0.04418666 5.28874 -4.483233 -1.8923796 2.8067153 2.781243 -5.1288877 1.5604585 0.6197791 3.5263157 0.9000091 2.276279 3.2471168 7.4745846 0.1252893
hernia 0.25408554 6.2029753 6.8566875 2.911886 -0.46189627 -1.404842 4.040818 -2.2812667 0.5879714 -0.47604665 0.3653726 -7.9669957 -0.50336415 -0.59241414 4.3102803 -0.11176303 4.738742 -1.5599887 4.808689 2.5864758
bruises -4.258166 7.7516985 4.1566553 0.044293445 1.7238376 -3.459934 9.500578 -0.9027865 0.036800884 0.36368805 2.1930459 -6.962722 -2.2221973 -2.2324588 0.016680477 -0.92569786 3.3211656 3.7386897 4.294513 -2.6817136
scarring -1.061867 7.200604 7.729935 2.1012263 -0.20363249 0.91958797 6.980309 -3.7732496 0.5288684 2.3947778 0.5539588 -6.2438154 -0.5254885 -2.0348904 -0.9101182 0.72343993 1.0833254 2.685885 5.1355867 0.45401102
sweating -5.1299796 5.391826 4.581218 -0.01237298 0.6204154 1.6376141 5.017888 -2.8012686 0.32993948 1.1247505 0.662711 -4.1908135 -0.6035012 -2.3800128 -3.0062122 -2.076299 2.5788147 4.5418453 5.9036007 0.44827154
thickening 0.8764654 5.2446437 6.957716 3.0330403 0.90082276 0.85995835 2.9014242 -5.8060393 -1.973579 3.897985 1.1715078 -0.64667475 1.3653713 -2.4984388 -1.1023498 -1.7285163 -2.0775192 4.173704 6.534352 1.0677774
warts -0.92308825 4.488924 5.2079 2.3456292 2.2078998 -0.2790967 7.1483617 -4.3852625 2.5371723 0.8726574 0.8576026 -0.42017815 1.2705159 -3.762764 0.1188515 -2.2524064 -0.25873452 4.7472053 3.0456107 -2.3105903
rectum -0.6049245 3.9993284 6.8311996 5.061371 2.3587267 -0.73921907 8.068857 -6.377802 -3.1726887 1.3297089 0.47713324 -1.0030868 -0.7496414 -1.4234563 -0.097347885 -3.656335 2.8599567 4.928176 1.3694029 2.5825298
capillaries 2.918306 5.7169576 8.589702 4.4207463 1.0723071 0.2871619 4.0177436 -6.9936976 -5.1597037 2.2962801 2.7192876 -1.141366 -1.619335 -1.7018684 -0.89366716 -4.3185077 0.9072704 2.5392218 5.890258 3.6789544
nipple -1.5210302 4.263688 4.7902527 1.6609658 2.4306352 -1.7047327 6.811254 -2.5458355 -1.7300922 0.24597716 0.67292446 -0.5776023 0.5770313 -2.081042 0.79117274 -1.0374739 1.7077059 6.121126 4.298298 0.11465163
rectal -2.7975585 3.8212142 6.9479775 4.761563 -0.12107876 0.3347017 7.0763307 -6.392668 0.46024966 0.28474826 -2.605748 -0.42391044 -1.3003914 -1.7854695 0.4284404 -2.6762576 1.7152773 2.9578035 3.508366 6.141534
itching -3.7527184 5.189432 5.7302475 -0.12597924 1.1714587 0.72872347 6.8435297 -2.9166453 1.0551574 1.5827299 1.3495408 -3.5494342 -2.3558326 -4.6694093 -2.9767258 -3.5673862 0.47880173 3.7904432 6.1441255 1.5410937
periodontal 0.85792834 4.6748886 7.847834 4.7799096 0.28152004 2.2477753 4.7517424 -6.4644423 1.0041076 2.6885478 -0.4432101 -2.4627497 -0.15361401 -2.2666702 1.5077634 2.0118396 -0.29146406 1.5079658 5.0269017 3.2286456
prosthesis -0.06123523 3.6321187 6.148944 1.604122 0.19794169 -0.16908383 6.8234267 -2.2539728 -1.5711101 0.6159949 0.08855153 -0.08212727 1.4358028 1.1586236 5.3283362 2.3706987 3.0284452 1.1715685 7.5849166 4.067723
testicles -1.0112325 3.7061138 3.082395 -0.8791105 3.7536938 -1.1184989 7.3034143 -4.208429 -0.75024307 1.2895108 2.8648362 -2.8430624 -0.6472917 -1.3153548 1.4300417 0.29021874 1.8108315 5.3680115 2.034428 -0.49923584
eyelids -0.6823313 4.352508 3.9718742 3.5151422 2.8475337 0.018421667 8.295667 -3.6652913 -0.8032397 0.9902 1.9259936 -0.79715645 1.7151892 -1.6620927 -0.89741886 -1.4436888 2.7830489 6.3423424 5.657422 -0.08643081
follicle 4.649107 5.9319797 8.082987 1.2727623 1.8180106 1.3185323 3.1611412 -6.8987904 -0.59325063 1.9175649 2.7199755 -1.5114995 0.13723963 -4.293469 2.600827 -2.9328806 2.611668 4.1482716 3.5275254 1.9939344
eyelid -0.9459217 5.028078 6.3380156 5.6815042 2.3161745 -1.2789931 6.5071383 -3.2953188 -0.6210082 2.5206876 0.46259543 -2.1232114 1.2241931 -2.0871687 0.4794945 -1.8590692 3.5681434 5.091642 6.5429635 -0.5456064
pharynx 1.6577082 3.407278 5.3934803 6.2731643 4.318762 0.37376228 7.814296 -6.7182236 -2.685442 1.82034 2.2556973 -1.2796898 0.6089998 -3.6735415 0.25624093 -2.8893363 1.7633073 4.240343 5.278132 0.86903393
orifice 0.341773 3.1479332 5.9635587 2.6741269 0.85409135 -1.9093685 4.157027 -4.942995 -4.527247 3.751414 1.1528438 1.5702046 1.6594762 0.5339229 -0.19290528 -2.14628 3.762085 3.0608284 5.582956 0.9145451
mitral -2.672364 3.3783572 9.542811 4.5495963 -0.024328955 -0.28246215 4.261635 -5.0462103 -2.1565673 -0.030203523 -1.9457542 -3.1293929 1.2393073 -1.2891477 1.5482018 -1.8233896 2.0833023 0.12944844 6.1875677 2.647876
mucosal 2.2260928 4.409464 8.049856 4.060206 0.90427506 2.065148 4.969673 -6.2383633 -1.385688 3.9403868 0.5502981 -2.7270625 -0.9837189 -3.506035 0.3915808 -0.45932582 -0.11273333 2.3605115 3.329115 2.9957678
nipples -0.59578145 4.3388276 3.1551561 -0.27149498 2.0085523 -0.93287605 8.413397 -3.1253314 0.7867282 0.38515618 0.12361166 -0.82124317 -0.44705862 -1.8955798 1.7698495 -0.2725656 1.7875342 7.0489717 4.721577 -1.1933992
spasms -1.5217587 4.007146 6.7895613 1.235605 1.5916762 0.4748812 3.9945214 -1.552321 0.76343566 0.85347426 1.7138098 -6.88262 -0.74506104 -3.29708 -1.3393925 -1.5908431 3.0711014 1.5120548 5.5694346 0.5756988
clitoris 0.60261095 3.3407469 6.2643294 4.3909893 2.4014027 3.0068696 7.2538695 -3.586922 -0.17891075 0.8664158 0.004428901 -0.44063634 -1.1734418 -2.6071784 1.355669 -0.33241257 3.235234 5.1132174 2.3362057 0.106079325
grafts 0.30901083 6.0258827 6.0701733 1.2287238 -0.06325232 0.055844937 5.2364907 -5.263687 0.00499137 1.0491263 1.257545 -0.6836103 0.42996344 -0.46435434 2.4853823 0.8810031 0.41683158 2.225827 3.7946718 2.8110752
sores -3.7117743 6.102301 3.5704465 0.38462457 2.135798 1.1155344 7.054767 -5.1110287 -0.34262553 1.8591822 3.8068419 -3.2224832 -0.65320015 -2.1373303 -1.0490175 -2.2905402 1.5283583 3.460691 2.833913 1.9083271
biceps 1.0490382 2.55733 5.5889635 2.9374733 3.9038804 -1.8289536 3.8555148 -0.6909438 -1.8903216 2.2168586 2.111849 -5.065742 2.3452182 -2.119032 2.7798872 0.90612054 4.007487 3.8600585 5.5657854 0.45881408
plantar 2.0112255 3.1019409 7.383347 6.4716053 2.7620823 -0.5834796 2.9814565 -3.6824944 -1.9303405 3.1390622 -0.22135754 -6.0246263 1.835639 -3.257358 2.6245818 -0.21583775 3.9329705 2.84734 6.452731 -0.6103164
blisters -1.2951654 5.595626 3.951882 0.36559916 0.82678807 -1.1618226 6.1756835 -3.6176434 -0.2165298 1.6178944 2.3221116 -2.773488 1.2779707 -1.5416093 -0.5281821 -1.7699612 1.3966049 2.4036605 6.4939885 -0.6166895
buccal 1.108213 2.092007 5.8313155 5.592254 3.0766861 -0.016352063 5.7739534 -7.987766 -2.4960172 1.9946904 0.16548975 0.034035552 1.3362569 -2.3807695 1.1454657 -2.2777271 0.8660578 3.6319907 4.8951807 0.9799633
discoloration -1.8885107 7.585577 6.0079455 1.8043171 0.498527 -0.8658436 5.333486 -5.862712 1.1712455 3.666039 2.3906214 -0.38955796 2.017532 -3.323126 -2.3901894 -0.64983827 -0.7989421 4.550518 5.378173 -0.6638652
defecation 0.35826585 5.1620994 2.5131137 1.7955434 -1.1343834 2.3883328 6.4103913 -3.3022983 -1.404898 1.4482944 -1.0360044 -0.8715153 -6.403821 -1.4079846 -2.0421166 -0.9468468 2.6634822 5.0186 3.8864312 2.7308233
necrotic 1.968504 4.9035735 6.1734138 1.1227899 1.9818991 -0.11218948 4.543375 -7.6761336 -0.9385928 1.4255853 2.3960629 -2.6434069 0.20270045 -4.809178 -1.1472918 -0.9270684 -1.1172082 2.99229 2.9094317 0.394708
sinuses 1.7026939 3.6916878 5.593269 7.5739207 2.2496676 1.1246524 5.9805207 -5.3778915 -2.5446908 1.737591 1.2260149 -2.389643 1.5417825 -2.8489459 0.1988463 -2.8476307 1.7011392 1.4665706 4.7386327 0.6337745
incisions 1.5996003 6.0112605 5.456233 2.9118438 -0.46896544 0.007482019 8.080137 -3.8969855 0.76785874 1.3891822 1.2504077 0.24531628 1.9648147 2.1437786 2.2138762 -2.1718214 2.0409286 3.044191 6.50058 -0.6102001
redness -2.1374774 4.8675165 5.5289283 2.6223953 0.28759542 1.314716 5.755804 -4.1561003 0.3500443 2.896122 -0.094543315 -0.87609947 -0.2429633 -4.0278225 -3.0099561 -2.3412888 1.5160147 4.183019 4.726124 0.14384945
scrotum 0.25286493 3.4259474 5.22218 3.7367496 3.681992 -0.33765686 6.264799 -4.916893 -1.5275484 1.0985644 1.4834008 -1.7164285 0.42384878 -2.1314528 1.6124724 -0.66184604 3.2918298 5.266226 3.1704035 -0.016704336
peritoneal 0.5073851 4.112809 7.3234425 4.1912947 -0.67253006 0.48842475 4.349811 -6.891285 -0.9745356 0.6223862 -1.487313 -1.9254982 -0.44723523 -2.1769168 1.5956554 -2.5470862 1.6140822 0.6612797 1.9951016 3.5142398
jugular -0.13263187 1.9062748 6.666545 4.923412 1.8093668 -0.5217746 4.99539 -1.0416771 -3.4420137 1.0388054 0.42480087 -2.8134954 1.2306579 -2.6170628 -2.5688484 -1.939809 0.8644216 2.3844156 3.6986682 0.46963495
glans 0.46078536 2.8147516 3.9702933 5.122754 2.9991884 1.0470632 4.837965 -4.996561 -2.3837276 1.9869946 1.0537701 -0.15585472 0.97543955 -0.73765725 1.0329703 -1.9983817 1.8330914 5.07236 3.200619 -0.6275192
calcification 1.5250293 5.029534 8.194068 3.2370985 -0.38760597 1.9252177 2.3497553 -6.176358 1.0555696 2.9255812 0.67089266 -2.1724713 -0.23458387 -3.1263208 0.4077114 -0.7638355 0.65494716 0.13088696 4.092468 0.40369648
foreskin -0.21913294 4.370469 5.3863277 4.272896 1.1720575 0.26209608 6.9449115 -3.2443705 0.33458656 0.77671623 0.5739365 -1.0575671 -0.5404257 1.0268482 0.16921254 -0.6194975 2.0394206 5.2086754 1.4386399 1.2787164
tracheal -0.71821404 2.2293556 6.3936877 3.2958868 1.0962601 0.16814798 5.1565638 -6.3690896 -0.3654142 0.71962345 -0.05377744 -0.71347636 1.7684009 -0.7041633 1.1659297 -0.2983176 0.95950997 0.8550169 5.3519783 2.9399467
rashes -3.1121857 5.3339868 5.0860596 0.32731095 1.2179481 1.1907544 5.4345284 -4.2820396 1.2948718 2.3950224 1.6022724 -3.2469544 -1.3256997 -4.924904 -0.7665129 -2.7404513 -0.30822527 2.5450394 3.640516 1.7355232
nodule 1.1061802 4.5632606 6.455673 2.2862613 0.75793815 0.50042456 3.044861 -5.4729886 0.41412082 2.0328863 1.9314007 0.17525882 0.83005124 -2.512515 0.0019350119 -1.9608096 -0.12557968 1.5475515 2.472771 -0.08660763
catheters -1.6795145 3.912756 4.810161 2.417332 -0.5019063 -0.2989948 6.9234033 -4.315307 -2.5874724 0.22542414 -0.9215975 1.1274662 0.42164096 -0.18102294 2.979379 -2.4083302 -0.11842899 1.1933466 5.169493 4.8177004
brachial 0.023002947 1.2103653 6.1762323 5.0369053 2.2291942 1.0496268 3.198822 -4.8549128 -2.650681 2.1767075 -0.5691122 -2.9974678 0.72555995 -3.1761527 1.2198389 -1.4601204 2.8229957 0.92532474 3.8807402 0.279157
supine -0.84045106 -1.0719371 4.0679398 3.0890396 3.0195901 0.62250346 4.827054 -3.2912076 -1.1775427 1.1541508 -0.85288674 -0.8116682 0.36916584 0.11894481 0.88030726 0.9838317 5.6834116 3.7409625 3.8298461 -0.0359367
urethral 0.013061714 3.3268657 6.4929547 4.6194134 0.7404961 0.650099 4.8858967 -4.3827696 -1.5908315 1.4324399 -1.5603734 -2.4135542 0.2648389 -1.4138784 1.2739811 -2.002801 1.5154859 3.701046 3.0758324 1.8512034
photoreceptors 3.481959 1.6375704 5.7071 1.9016709 1.5018146 -0.48603866 4.9432683 -4.4969816 -1.0088812 2.226119 0.9004544 0.9859635 0.3983706 -5.0505786 0.19044338 -0.9464912 0.73273396 0.6940786 4.6310263 1.7797458
splint -1.4407175 3.405513 3.5282214 1.8434793 1.48886 -1.9393891 4.801229 -2.6401205 -1.265536 0.5736081 1.8412757 -0.5872802 1.7981907 1.4308071 2.320175 1.4482813 1.5819764 1.8506423 5.9057183 1.7822018
lacerations -1.6817704 5.216023 4.0214024 1.8076072 0.31343275 -1.1148348 6.9579544 -2.7746506 0.18918584 3.0522113 0.95039326 -5.5677147 0.2215608 -0.7703504 1.4994148 0.3897681 2.534649 0.703215 4.407486 -0.7691845
endometrium 2.0320525 2.6171527 7.43487 2.2839584 1.6036884 1.7443033 3.091994 -4.9918804 -0.45167714 0.87058365 1.2852143 -2.1576803 -1.7894963 -1.9584196 0.35331747 -2.5446148 1.3322467 2.4286442 2.3148954 2.5750728
clitoral -0.7319468 2.2765965 5.571363 3.6930518 1.5678816 1.4191341 5.586565 -3.2446244 -0.8641937 1.5604511 -1.5150378 -0.7623074 0.0028057308 -2.6550314 0.89881307 0.672502 1.9118359 3.9481742 3.8305051 -0.07523162
foramina 2.8391218 2.9544249 5.16005 7.186076 1.6712037 0.4901089 3.9558125 -4.549589 -0.3213642 2.195441 0.42602003 -1.2964824 1.8972778 -1.8700111 0.80073655 -1.1964893 1.0690268 1.4774421 4.619883 -3.016874
papilla 2.137531 2.6846166 5.502545 6.1872063 2.9283004 0.58965015 4.4638925 -5.048907 -1.122981 2.9081237 0.9827047 -0.31416264 0.9879046 -3.0114021 1.9942431 -2.8793151 0.93458974 2.6083648 2.9810216 -0.80269843
hyoid 2.539558 1.6691941 5.416341 5.421851 3.0790637 1.2661842 4.892211 -4.8984394 -0.93472695 2.4884205 1.7990257 -0.79357266 2.786427 -1.9604219 1.6539133 0.5628849 1.5832429 2.2834651 3.255993 -0.66980463
swellings 1.2922816 3.3547518 4.884465 2.8227296 2.254777 0.895123 3.6859028 -4.9601283 1.09355 0.82602125 1.4515264 -0.8813906 -0.935279 -2.4525712 0.32469383 -1.2183007 1.1591954 3.1764379 3.5286205 -0.78087497
sebaceous 0.6767204 2.7543519 5.08707 2.0034935 1.9542351 1.6740084 3.1274316 -5.75511 -0.41285306 1.1421231 0.9260919 -1.1105129 -0.09816548 -3.6562784 1.8831918 -1.8107427 -0.14146195 2.0415032 2.0144756 0.27914992
urogenital 1.9616975 1.6328123 4.9049387 4.6628265 1.4749004 1.4648502 3.3573644 -4.754035 -0.98978025 1.4276592 -0.293312 -1.2695074 0.5140992 -3.107766 0.9861083 -1.619437 0.7261743 1.8316895 2.124184 0.47420382
perineal 0.08110957 2.553929 4.349316 4.4937205 1.655755 1.6490672 3.8761797 -4.8650565 -0.7031772 1.6874715 -0.16496316 -1.6794097 -0.47432542 -2.2686684 0.9164244 -0.9455245 1.50537 2.6641746 3.133598 1.2548299
splints -1.5753299 3.1109762 3.0591195 0.41750455 1.1693743 -0.3212421 4.907644 -2.0943341 -0.51711744 1.4395125 1.294381 -1.8541307 1.0415236 0.5984244 2.737214 1.4452271 1.828069 1.4730383 6.544986 2.0194607
patellar 0.8226766 2.341531 5.701976 3.157083 1.1997418 0.18650071 2.0095425 -1.8741416 -0.97423893 2.672325 0.3946553 -4.5997233 1.1322814 -1.7477343 1.6029985 0.8635116 3.1978505 0.97998416 3.4619663 -0.004306277
contusion -0.08340584 3.0686643 5.0588408 1.6895982 0.6637427 -1.5964646 3.1630442 -1.8605045 0.2332396 1.9428825 0.9600358 -5.1201615 0.22645162 -1.4868819 0.6972533 0.12832619 3.2308187 0.20037743 3.2379775 0.27295274
denture -1.4683607 4.3564496 4.265699 1.7842604 -0.22505783 -0.23170999 4.25256 -4.0533 0.15530883 0.9698844 0.37242377 1.2012758 0.3516441 1.7039868 1.6171167 1.3839705 0.4726815 2.8628259 5.0774264 1.2541231
occlusal 1.1948164 1.4772586 5.018671 4.052257 0.9326661 0.83450246 3.5541947 -4.511647 0.43654618 3.05151 0.09521944 -0.7245946 0.58730525 0.0675131 0.4677731 2.1821733 1.2914453 1.1987069 4.872099 0.24052918
pustules 1.0756127 4.027493 4.0669737 1.9123536 1.5841838 -0.5675082 4.466197 -5.032165 0.9588797 1.2325203 2.0523288 -0.91095805 0.9723057 -2.5959144 0.05024221 -2.4847264 0.031027671 2.51191 3.3390543 -0.62507313
cannula -1.6228573 2.2352574 5.2937107 3.2699316 0.96873623 -1.3020856 4.3329234 -3.5431361 -2.7484453 0.5175865 0.92601776 1.6460009 0.7590134 0.79128873 0.4673659 -2.4188612 1.6783931 1.6699394 4.3022656 3.5511732
laceration -1.1912131 3.4897418 4.4496446 2.2491777 1.2130252 -1.185152 3.9532368 -1.9199709 -1.1986192 2.2732863 1.1341475 -4.5277433 0.77421016 -0.7992669 0.68629193 0.3750237 2.1152484 1.4248996 3.4449244 0.116845846
ileum 1.3241581 2.4777591 5.566759 3.3366528 1.4719214 -0.03973348 2.594712 -5.764586 -2.3490856 0.74259096 1.3623921 -1.0081449 -1.1904421 -1.3398042 -0.15262125 -3.674361 0.8321627 0.8912068 2.1391451 1.3715812
acetabulum 2.928049 1.7188219 4.2278028 5.0096917 2.308093 0.23088816 2.3561926 -3.3966417 -1.1446837 2.7861855 1.3639477 -1.1144382 1.672952 -1.5361178 1.2823563 -0.39993945 1.6020415 2.3485467 3.3193781 -1.1414831
cartilages 2.7765129 1.7026342 4.734732 5.5136147 2.3228614 -0.5968934 2.8573577 -2.6088893 -0.014012271 2.1504354 0.98946947 -1.8585937 1.286488 -1.1267674 1.6070228 -1.3256679 1.2561818 1.8325088 3.4977028 -1.0219367
sclera 0.22471793 2.763375 3.4213488 3.5208547 1.2268051 -0.17018974 4.6256537 -2.8761144 -0.7400863 2.1269135 0.75144863 0.09903838 2.127228 -2.5335736 0.015035754 -0.6014442 1.3760526 2.949805 2.8077133 0.6854452
papules 0.48599687 3.5446184 4.1993384 3.1575732 1.8199159 0.28530592 4.452435 -4.5132957 1.0536314 1.8850746 1.0002358 -1.0561656 1.5881387 -3.132233 0.7887965 -2.319192 0.1805394 2.5533977 3.0141633 -0.80419135
flexors 1.3331681 1.1640439 4.844829 2.3207319 2.1175156 0.33803806 2.1015358 -1.8976085 -1.7546257 2.068167 0.19032547 -2.5980098 0.045097835 -1.793851 2.4844263 0.5144377 2.0329413 2.400979 3.6630983 0.61363506