Centroid_65 5.874210569626865 -2.082494571455225 -2.303760201925373 -1.5996704510820896 0.5691683767358213 1.4231325710522384 -3.100457225320899 0.0032933524701489435 -0.029318938119402595 2.1324044409776124 3.665043670298507 -1.656077260895522 -3.975319507313433 -3.078359968432835 -0.09916073949402983 -0.9038742853208954 -0.449250069358209 -2.5397009081343267 -4.985580697014926 0.519200421977612
spanish 9.665457 -7.3764353 -4.2106934 -1.524013 2.6605642 3.1711445 -0.6072959 1.3586755 4.9908967 -0.7331404 6.520595 0.6238568 -2.8031967 2.050044 -1.5562947 1.5594271 -3.2496047 -3.7081587 -3.5469546 -0.9243934
mexico 10.379782 4.1244926 -5.3839903 1.2665548 -0.30948412 -2.1807559 -3.5852196 0.17163362 0.74002975 -0.6497386 8.216398 0.19087034 -5.176743 -5.50214 -2.438856 -1.525739 -1.91776 -2.2357748 -5.7578497 3.8337047
spain 8.3723545 -0.7810925 -4.1230183 -2.2006266 0.13440415 1.9703603 -5.7169657 2.2539074 5.4966936 2.2972236 8.9578 -0.6862742 -4.5015664 3.7412105 -0.8262981 -1.2680262 1.4705279 -1.8451598 -4.814903 1.6134351
brazil 7.0347176 -0.101080544 -3.347076 -4.459834 0.36241308 1.4017708 -6.496462 -0.028793348 4.369991 4.5557404 6.6524186 1.5718669 -5.36354 -3.6139736 -0.36171445 -2.264632 1.0663837 -0.8112813 -3.8634315 3.118972
mexican 9.823657 -3.9184585 -5.4640293 -2.4296467 2.2836473 0.17504446 -1.0880224 1.2849623 2.2872472 -1.1697224 4.465562 -1.3823575 -4.515501 -6.1253586 -0.82685757 2.9047396 -6.217783 -1.7226578 -5.774967 0.5643038
philippines 6.3746905 -2.1659095 -7.118202 0.7845512 -0.33924618 -1.001658 0.82195514 0.35658476 2.2257855 2.5723135 2.5154634 1.1241955 -6.2577066 -4.2703533 -0.5821416 -2.274487 1.7422792 -2.5669012 -5.3038735 6.4128647
portuguese 6.0317955 -8.404105 -4.797725 -3.734005 2.4946282 5.2157283 -2.8884015 0.9768266 4.7618356 3.6558247 6.5331397 1.3165859 -5.4663367 4.419384 -2.3522775 -0.16689262 -2.0625937 -2.6824703 -2.6200526 -0.5287226
quebec 3.815172 -2.895795 -5.9000645 4.263255 0.3830243 0.20406453 -10.577988 2.6136427 -1.2005904 -0.4158809 5.1107793 5.2109075 -2.0494516 0.6588242 0.58499134 1.8929003 -3.149628 -4.171196 -5.169408 -0.33305457
argentina 8.028843 -1.3422627 -3.960522 -3.7729769 0.9673231 0.16267343 -6.5784597 0.89211965 5.0058055 3.8699129 6.797472 -0.62634104 -5.2489495 -3.257633 1.2210907 -1.9080507 0.4081973 -3.1215556 -2.9889922 1.6479719
portugal 6.0897737 -2.3624272 -3.8449996 -3.8354578 0.18950549 1.7854004 -7.735753 2.2124321 4.1464295 5.0956078 7.649947 0.22699521 -4.576393 4.498224 0.19772936 -1.4831998 2.1959121 -0.99353456 -4.676701 0.65541154
latino 8.781911 -6.306518 -7.1019597 -1.0993953 2.0129263 0.73570853 -2.362293 -0.7224789 7.5755243 -2.3441985 -3.6324434 0.1483714 -11.484365 -14.643883 1.0167164 0.7563392 -0.762965 -0.3320086 -6.8125443 -7.3931284
madrid 9.200805 0.13064958 -0.1869786 -1.9295688 -1.4522573 3.7453105 -6.929689 5.365182 -0.8308686 -2.0039072 6.3851604 -2.4812653 -6.326466 2.7414446 2.898137 -0.8235768 4.6488705 -3.1585045 -4.8863516 1.2862352
chile 8.376013 -1.3633604 -3.1832948 -1.6023405 0.10082274 0.9624648 -5.0550756 -0.6612755 3.3144665 4.4576287 5.955587 -0.28746867 -5.4031534 -3.5873585 -1.1051341 -1.6763488 0.44217545 -3.7161362 -5.136998 3.6816125
philippine 6.8430266 -5.3303595 -8.292243 1.4459937 -0.9045688 -1.632964 1.9212338 1.0982287 1.194841 2.825694 -1.094872 1.0877922 -3.4634504 -3.79935 0.15228042 2.6354132 -0.17129192 -2.678589 -6.00313 4.8236403
cuba 6.369962 -0.18974866 -4.2241015 -1.5262593 1.3129548 -1.4176741 -0.22781195 1.2249926 3.550476 0.7467032 7.811724 -3.242722 -5.171158 -3.7096648 -2.006985 -1.1327174 -1.6241355 -4.762795 -4.489621 5.577762
colombia 8.004715 -0.860155 -4.0383615 -2.7046456 -0.24525914 0.44758043 -4.0779724 -1.1772172 3.198954 5.2415953 4.0115767 -0.8905279 -6.551188 -5.7831664 0.25117525 -2.300749 -0.5327673 -2.2651634 -6.035942 4.0221987
peru 6.7170916 -0.9953645 -4.1914325 -0.6363059 0.82880956 2.1231563 -3.4779747 -3.0100946 2.8634515 5.9273596 5.7575016 -0.74138135 -5.2264805 -3.569455 -0.8778339 -1.8803176 0.87853694 -2.4118998 -6.2329926 2.9105499
argentine 7.039693 -6.635518 -3.429229 -3.3608139 1.3101737 2.16429 -3.4772081 2.192893 2.4563165 1.7771899 2.776319 -2.5140831 -2.3234267 -2.9191854 1.6548849 3.099346 -3.5482426 -5.0845537 -2.6448138 0.7443201
venezuela 6.8331575 -1.1749036 -3.0375457 -2.1117463 0.2705301 -0.10336072 -4.3542066 0.14041527 4.4084888 4.6143813 4.785659 -0.8001374 -7.2101517 -4.8970037 -0.5408527 -1.6575998 -0.64876544 -2.884351 -5.722764 4.0603733
manila 8.125872 -2.5483327 -7.129352 1.5861286 -1.748845 0.22767344 1.823331 1.8150339 -4.8319173 -1.1886151 2.270665 -1.4331251 -5.249501 -1.8166348 -0.7589865 -3.2061253 4.0631504 -4.9371347 -6.457732 5.4317017
cuban 7.403853 -4.229024 -2.7647738 -3.6501715 2.0418227 1.1615413 -0.4869958 2.488542 3.6870928 -1.3787152 3.600989 -3.7976894 -2.439349 -6.1723647 -1.1258569 2.3433177 -5.7411385 -2.6998672 -2.5810547 3.1856086
filipino 4.083217 -5.9467115 -5.4663324 -2.7139058 2.7150698 4.1262364 2.0802774 2.0770261 3.067515 -1.7254261 -0.07131849 -0.47155848 -4.656915 -7.499227 1.5383967 0.29036638 -2.371484 0.5908654 -5.4618387 0.5929452
santos 3.7996898 -2.5631075 2.2865274 -4.486608 0.55584466 -0.35249883 -5.0764937 5.355371 -4.4870977 1.29135 2.7807791 -3.8722174 -5.648251 -6.413076 1.6076518 0.05251326 2.2440875 -4.025963 -6.3328514 -1.4611154
chilean 6.3833356 -5.556783 -3.8780167 -3.2782114 0.82497644 2.416839 -2.4814095 -0.08287087 2.9652865 2.073866 3.121262 -2.134423 -3.0042577 -3.135938 -0.60609436 2.3176646 -3.8827667 -4.92869 -4.592691 1.8408356
ecuador 6.3070126 -0.9933067 -3.797539 -2.1754858 0.8576425 0.9813827 -4.183877 -2.6621501 3.9345624 5.9516773 4.639661 -0.7036502 -5.453393 -5.144804 -0.1297752 -1.5729126 1.3125043 -1.0092107 -6.3730216 3.1015906
uruguay 7.389922 -1.2803593 -4.033091 -2.4842572 1.050106 0.5448784 -6.684116 0.71696115 2.7908223 5.1811304 5.79777 -2.2564907 -5.4318333 -2.741389 1.5276629 -1.11132 0.8744235 -1.3221687 -4.317986 2.0312774
guatemala 7.593349 -0.53185433 -4.0373554 0.49279237 0.60655624 1.5476266 -2.3072777 -1.2478042 2.180705 2.7985911 4.872704 -2.508718 -7.1536193 -3.1717443 -1.4546062 -1.124531 -0.9875406 -1.9583216 -7.179011 3.0112782
santo 9.22642 -3.074327 -2.4648468 -0.03701568 0.6941356 4.8507695 -0.6746983 -1.0522224 -5.1190424 1.6597234 4.3859577 -6.128851 -1.2621194 -3.5919726 0.72142804 0.45841295 3.9724705 -4.309327 -11.209941 0.99199635
bolivia 6.916729 -1.704905 -2.7481365 -0.648576 1.2729322 1.668554 -3.8168325 -2.8570952 2.4019597 6.8076944 4.5799437 -0.8494138 -6.7308645 -4.505616 -1.0267296 -1.9272738 -1.0378784 -1.4570495 -5.33741 3.325942
colombian 6.4422417 -5.5274224 -3.459215 -4.4918013 1.180814 1.549498 -1.8481351 0.32530713 2.2787147 1.6733608 1.287368 -2.7616053 -5.053394 -5.4152274 1.123091 1.8990759 -4.1892295 -2.776524 -4.9739122 2.132552
haiti 4.00287 0.23893371 -4.063979 -0.99050486 -0.729955 1.834148 -0.7837254 0.21787669 2.9853165 1.2760973 4.8457627 -3.3019612 -6.0411377 -1.8015878 -2.8314433 -0.26608503 -0.5701093 -3.322927 -4.747894 6.6031046
valencia 7.332861 -1.6877327 -0.9808597 -1.7927903 -0.114284515 2.1729357 -7.1400423 1.1130129 -1.5403662 0.88645005 5.1497245 -3.527098 -3.662254 1.3754404 2.187832 -0.6929748 3.022641 -3.2724593 -5.0856414 -0.1971198
leone -1.0104134 -3.284506 -7.341645 -1.7347313 1.9634123 1.8684442 -2.6470525 1.43313 -0.22910336 5.835381 4.929693 -2.3163323 -8.187453 -5.6545067 -0.6536422 2.23184 -2.5959144 -6.241043 -7.071736 1.172865
basque 10.357588 -7.6076584 -3.4755778 -1.0095665 3.1503317 6.7834725 -5.029895 0.07035086 2.5793283 -0.17571455 3.765701 1.1289642 -4.821211 0.29759336 -1.2826449 -0.19141898 -2.5701473 1.5462371 -3.1188924 -3.6622102
porto 7.7641997 -0.3171538 -0.3857342 -3.648253 -1.5514623 4.7185802 -8.67679 1.9680725 -3.5039573 3.9592626 6.096874 -4.2763085 -4.6312294 2.1173239 1.5349191 -2.6985695 3.551619 -3.5692656 -4.836376 -0.71408916
venezuelan 6.0275226 -5.085096 -2.3013809 -3.2822149 0.7189482 1.6143879 -2.5664797 1.2446979 2.7808893 1.664342 1.4071897 -2.3195894 -6.1417675 -5.181239 0.5034713 2.3400342 -4.091415 -3.6376567 -5.079195 2.359559
honduras 5.062604 -0.82213634 -4.833805 -0.57391465 0.9047512 -1.4206898 -3.0433793 -0.007434231 2.2800097 5.5373716 4.9358044 -2.5624883 -7.9891267 -3.7979336 -1.2060161 -1.0346929 -1.6758138 -3.2007504 -4.518731 2.4350698
paraguay 7.2890835 -2.6021235 -2.6783342 -1.9817289 2.0037556 1.1087711 -5.6822677 -1.1295013 2.9270685 6.229574 5.930632 -2.0786974 -6.4063516 -2.6867123 -0.27412036 -0.92728174 0.8934733 -1.8806542 -4.1194377 1.457448
catalan 9.675764 -7.9501266 0.7879622 -1.197669 0.3414832 7.258829 -3.8314545 3.1745934 3.8383188 -0.23751079 1.012256 1.8679951 -3.0723293 2.9064238 0.8855487 0.26813322 -3.3060942 0.14930022 -4.5297446 -2.7949147
peruvian 6.283346 -5.1264896 -4.159413 -3.6200697 1.3663485 2.656736 -1.6990273 -1.1358978 2.105819 3.1935945 2.9859 -1.7878813 -3.0945117 -3.8115532 0.18316618 2.0533488 -3.1229615 -3.409383 -4.885459 1.4615309
havana 6.301402 0.92116237 -4.562712 -2.0310004 -0.23352991 0.23612824 -1.1554613 0.7282758 0.09055197 -3.4282124 6.5382204 -3.4788175 -0.7070694 -2.9946742 -0.13440327 -2.39867 0.18075718 -4.597724 -6.251602 4.162416
nicaragua 5.4937015 -1.2765738 -3.7088482 0.098789826 0.50293946 -0.8088403 -1.6217967 -0.76162636 2.3230278 4.4021697 4.913147 -2.9337223 -6.754164 -3.2954862 -2.99487 -0.38147798 -2.4081132 -3.7775676 -5.190795 4.8430414
senegal 2.4977016 -4.825312 -4.7133594 -1.3273668 3.189813 3.4687035 -4.8732257 -0.42900833 2.3585868 6.4502788 4.85541 0.011885792 -4.710305 -3.4392598 -0.7524533 -2.7430685 1.7930028 -0.994073 -2.127377 3.870217
tobago -1.9455719 -1.0307097 -10.908645 -3.0072649 0.287081 -0.7168808 -5.6246686 -0.5547617 2.982123 6.888735 2.945819 -1.2444725 -5.7388678 -5.363492 2.0371397 -0.92606443 1.0572442 -3.2375903 -5.7281704 -0.012789289
liberia -0.18371719 0.062073473 -5.833362 2.8353784 2.0223196 -1.0812113 -2.0174205 -0.31451872 2.31117 4.010998 4.5913568 -1.472988 -6.0519295 -2.8554885 -0.4779371 0.57352537 -2.269407 -1.8887267 -4.2481823 5.6638165
vicente 6.4031353 -4.848863 -0.103357516 -1.3382958 0.8887846 1.5742669 -2.9742944 1.5333071 -2.245588 0.79796034 2.3848064 -6.3294663 -3.8184652 -3.974114 1.8974452 -0.06182727 -1.7277424 -5.923103 -9.902322 -2.7488742
belize 2.8034608 0.93176824 -7.204607 1.7848227 -0.26874602 0.351908 -1.7976862 -1.9859474 0.5313996 3.8482633 2.821346 -0.15177377 -5.6445694 -3.2368746 -1.599692 -0.75688344 -1.5724596 -1.0523546 -5.303415 0.849872
mendoza 3.3181894 -2.2973447 0.54802066 -1.5656459 1.6168841 -0.33823377 -1.2802567 1.2787764 -1.160947 0.33569822 3.4838662 -3.897509 -3.3521063 -3.9569373 1.1033988 0.6881417 0.15797669 -4.1574903 -7.792207 -0.95470023
haitian 4.194865 -4.6088595 -3.0325422 -1.7172087 2.4343064 4.340966 0.5937815 1.143136 2.6925848 -2.4547977 3.616583 -1.9875078 -3.3220847 -1.6899008 -1.3707527 2.5603726 -4.799735 -0.8028663 -4.5248146 2.6786056
ponce 7.65663 -0.76937395 -1.9584099 1.4585397 -0.8733415 1.924073 -0.5091625 0.10108569 -4.902532 -2.184189 2.5886338 -3.4991312 -3.4463878 -1.6026162 2.1165168 0.24592803 -1.0334992 -4.4729877 -8.822165 -1.6383718
brasil 6.7862186 -3.295302 -1.3555467 -8.307595 -2.6187282 -1.3980172 -7.4916124 2.845855 -1.8443177 1.8580389 1.7092395 2.551796 -2.737929 -4.1104207 1.3307457 -4.1489244 1.1644051 -2.5456402 -4.1371493 -0.6650888
uruguayan 6.1057253 -5.225533 -1.8851769 -3.3043497 1.4533651 3.9671936 -4.5366673 2.009817 1.8589841 1.496598 2.155439 -3.5852573 -2.9694078 -3.9885693 2.7574162 2.8233497 -3.4239573 -2.8806062 -3.881711 0.011630804
blanco 3.9667408 -1.5999275 1.6723065 -3.1272802 2.1183677 -2.1734354 -1.5153807 1.0013076 -3.1154401 1.4089035 4.3792086 -3.0626314 -1.8794311 -5.9927745 -0.2594607 -1.2215137 -2.3991747 -2.845698 -7.1731215 -2.0385303
mindanao 7.796145 -4.974373 -5.8046064 4.0522714 0.6886733 0.4476366 2.8821986 -2.2590194 -0.41645694 5.1061745 0.6044248 -0.91473407 -6.8646626 -3.879743 -4.1949186 -4.1571035 1.0694088 -2.5075068 -4.2846107 3.6955051
veracruz 9.555961 -2.135528 -3.7217085 -0.5234047 1.180373 -1.3514233 -2.4975457 -3.0364857 -1.2881175 1.8156508 6.733172 -3.6048496 -5.17651 -2.990695 -2.7266076 -1.6508788 -0.9645242 -5.448553 -6.7717886 2.2360291
cebu 6.2883606 -2.9831517 -6.5282345 1.1271664 -1.1949979 0.781995 0.13851999 0.16950175 -4.366923 -0.34722388 0.77799964 -2.032155 -5.6808195 -3.2632391 -1.0044761 -4.1742997 2.3073945 -3.1523964 -7.9584413 4.1769915
montevideo 6.8531394 -1.009913 -3.621974 -1.1904109 -0.0918221 2.2872696 -4.6260104 1.2762176 -0.5907042 0.5723968 6.193065 -4.0059834 -3.013823 -0.08352993 0.5434373 -1.6705089 0.9885135 -4.6292367 -5.640738 2.3635478
bolivian 5.635693 -5.081718 -2.5415063 -1.5606009 2.1729393 2.4371393 -2.0646012 -1.3625724 0.21972087 4.4104548 2.3813448 -3.1887267 -4.9727154 -3.435869 -0.6192609 1.6282412 -3.505481 -2.3954978 -3.8991222 2.2544851
chico 4.1895757 0.57733846 1.124545 -1.0132282 1.0630077 1.0447452 -3.7645226 0.13497974 -4.6627336 -1.9800462 2.2865577 -1.3171631 -0.49762115 -9.415839 1.0322044 -0.2603413 -0.8059453 -1.7153884 -5.892742 -1.4178045
oro 8.314419 -2.8739483 -1.7541635 -4.131338 -0.67740005 0.18146041 -2.7739303 1.0443176 -3.0147302 3.0078142 3.174474 0.4003864 -1.8640417 -3.7920213 1.2125864 -2.9646637 1.926105 -2.8197644 -7.126135 -1.5525298
bilbao 8.644131 -0.30711016 -2.9417317 -0.64435804 -0.6820733 4.6496563 -7.9941473 3.6007178 -4.0618324 -0.26433584 5.2624855 -4.129252 -3.2557669 1.4240389 3.9490318 0.6512518 2.4157047 -3.7242975 -1.4635351 -0.58892035
monterrey 9.418281 -0.10681905 -1.0915713 -2.0010397 -1.255897 -0.4179513 -5.9308476 0.20062365 -3.0571666 -0.5898524 3.8034086 -1.9860405 -3.3082159 -5.0574594 2.1047585 -1.5141718 2.270935 -4.507908 -4.601294 2.9254386
zaragoza 7.2140903 -2.9384038 1.2432137 -1.3510925 0.34362355 3.3947544 -6.034 2.6215074 -0.8793871 0.6659787 5.55797 -4.3199315 -5.7995877 3.1557164 0.9344346 -1.181633 3.4608934 -3.6760943 -5.656367 -0.72740644
puebla 11.436115 -1.0183475 -1.7123424 -0.55669254 0.8023183 0.56285685 -4.514312 -1.5045872 -1.515899 0.30664232 5.628311 -3.1167688 -4.1731033 -1.81942 0.4776388 -1.0263067 0.11064356 -2.0634296 -6.3430367 0.09802804
guatemalan 5.6196895 -4.1265783 -2.7056835 -0.7500178 1.8603158 2.5805972 -1.1634104 -0.42979795 2.1842341 1.7358975 2.178268 -3.8944073 -5.330148 -2.7600625 -0.088687874 1.9526968 -4.4218802 -2.1868434 -4.6637444 1.5542274
asturias 6.5099945 -4.3809094 -2.0146334 -1.1161556 0.36013535 5.9296174 -5.4174967 0.50338036 1.7029116 3.2253065 4.7919207 0.074419774 -2.9638672 3.1832309 -0.09587993 -0.10109037 0.26361972 -1.3574126 -8.549871 -1.9349903
bahia 6.574026 -0.83319944 -2.0637603 -2.406313 0.016323717 3.0842109 -4.851774 -1.9245121 -1.5567629 3.7429996 5.113906 -1.2619691 -3.8144267 -3.6266146 -0.8486474 -2.3997056 1.0247993 -3.0100915 -6.764904 1.3764552
paraguayan 6.8593974 -6.296753 -2.4104857 -2.5515814 2.6262355 3.1718066 -2.967385 0.36215606 2.240647 2.0897489 3.2896266 -4.4576063 -2.7787228 -2.1580782 1.4305406 3.0125632 -1.9915433 -3.5111132 -3.0379298 0.42741388
sonora 7.4343843 -0.6587778 -2.0325875 0.18033506 1.6337664 -2.3690238 -1.8109999 -3.8048902 -2.7399297 0.56270564 5.1988707 -2.211193 -4.161255 -6.388296 -3.3050587 -2.1663024 -3.219279 -3.3238125 -6.9618254 0.60619164
ecuadorian 5.5987067 -4.923742 -2.7505085 -2.5767972 1.4887289 2.7800696 -3.097261 -0.6620096 2.022154 2.6367314 1.5926172 -2.245526 -4.307923 -4.119671 0.98480827 1.6977361 -2.4774933 -2.040457 -5.1047974 1.5255533
brazils 4.913731 -1.7849734 -1.131308 -4.0687227 -1.0138459 1.9357903 -5.315653 2.2577453 2.0090768 5.5029764 1.9382869 -0.7373997 -5.366303 -2.1305866 -0.1311513 0.9936216 0.38746575 -1.1325389 -1.774303 0.75608504
palau 4.018938 -2.2375972 -5.684091 -0.14476946 -0.5515024 -1.3405489 -0.2809982 -1.3678744 0.741031 3.3600657 1.9495553 -1.4181031 -1.958402 -2.1621983 0.03620922 -3.019583 1.0466541 -3.2776074 -5.5961456 4.1308613
honduran 4.907721 -4.3580985 -3.210156 -1.4034368 1.4694376 0.29547665 -2.873226 0.3279964 1.0203562 2.5460432 1.1129391 -3.0375445 -5.925505 -3.3883862 1.5789407 2.0997243 -3.0774758 -2.2963316 -3.5739279 1.2273803
argentinian 4.7190585 -4.739686 -0.8410339 -5.128551 1.3121228 2.0186858 -2.390509 1.9156294 1.6960045 0.8171715 2.5003805 -3.3105922 -0.863519 -3.2529104 1.543404 1.453826 -3.3372502 -3.3250573 -2.8500779 -0.17314564
pico 5.300193 -1.3716459 1.1378976 -1.7471259 -1.7287751 2.481981 -1.4116542 -2.2698195 -4.4893136 3.7232292 1.5168903 -0.20348288 -0.18081684 -3.4414847 -1.3526843 -1.7875332 0.4488933 -3.950414 -6.7868714 -3.0211678
jalisco 10.1826105 -1.9433646 -2.2658517 -1.6645888 1.2083751 -0.8240466 -2.967608 -2.5539587 -1.5260887 1.2376927 4.6072297 -2.4205692 -6.084184 -5.1300893 -0.92926836 -2.0018868 -1.7836837 -2.1200483 -7.975375 0.9068333
dorado 6.829261 0.912374 -2.1128836 -1.8855206 -1.0760813 -2.036304 0.3629083 -0.8648793 -6.238555 2.2818706 3.033368 -2.4470248 0.13572311 -7.598179 -1.6583087 -3.4287543 -0.561353 -3.4591467 -8.225454 -0.26183662
andorra 7.174186 -2.948276 -3.0411587 -1.9391669 -0.27727494 1.980366 -7.2011147 -0.022165904 0.81346333 5.0615635 2.1957219 -0.016239969 -3.9568455 2.608115 2.8193858 -1.7243569 2.5191803 2.013715 -4.9404697 0.12517369
valladolid 6.3415647 -1.7744104 0.9534463 -0.5043148 -0.42091602 3.949996 -7.2492642 2.0073535 0.16459875 -0.362699 4.9725018 -2.8242974 -5.6991105 3.8002129 2.506739 0.18517052 3.81273 -3.222595 -6.3638625 -1.4523288
nicaraguan 4.720901 -3.675452 -2.6138701 -1.2516962 1.4589461 0.18176547 -1.2227583 0.91740894 1.3015037 2.1061418 1.5521691 -3.5012639 -4.6983747 -3.8835142 -0.4612579 1.8918059 -5.922971 -1.5521213 -3.9508855 2.9322426
chiapas 9.90907 -1.2164688 -1.7561128 0.98020405 0.63621074 1.276435 -3.2540333 -2.151899 -0.029479342 2.8164299 4.4645295 -1.7724028 -6.4216394 -5.0344176 -3.0809112 -2.0083992 -1.9989742 -2.0497797 -6.354407 -0.50051135
murcia 7.6665435 -2.7390115 0.10791065 -1.9795525 0.46630937 3.561225 -8.877033 0.56208616 0.05622622 1.906868 5.630147 -2.3985705 -5.505114 1.0599864 0.88288385 -2.1023471 1.663566 -3.442801 -4.454191 -1.9910167
panamanian 2.972661 -3.730864 -3.4598012 -2.9309397 1.5161959 -0.72485423 -0.71079165 -0.50503486 0.21670444 2.4159195 2.3512394 -1.6316105 -3.5716074 -2.7517724 0.22359234 2.3406343 -3.706135 -2.2647648 -4.318446 1.9783406
cali 5.2158628 -0.94157845 -1.4138533 -4.8371344 1.2354853 0.5288607 -3.7784967 0.7534856 -1.8452523 0.18898772 3.3527517 -3.146353 -4.6684074 -5.807545 2.1997855 -2.3581047 0.7386115 -0.6323837 -4.733675 1.8018112
chiles 2.2386756 -0.7433339 -1.2533957 -0.11446097 0.16668355 -1.0900372 -3.5227141 0.6671548 -0.31454712 2.8293908 1.6348556 -0.55153775 -3.626911 -3.7112858 0.26357228 1.259911 -0.79854584 -2.3671064 -4.2489014 -0.11638143
serrano 3.1531184 -2.4304237 2.1887856 -2.0695632 1.1261907 0.71000665 -0.4816617 1.8707542 -1.7033356 -0.019519577 2.4041803 -2.9544573 -3.1905239 -4.3385735 1.1878235 0.36240447 -1.2534213 -3.5748892 -7.026814 -0.60016537
palmas 3.1028454 2.0510623 0.76144344 -4.385125 -2.7195597 1.9174879 -7.729728 3.7103112 -5.2081933 4.466565 4.313941 -2.971572 -5.665454 -4.0583944 -2.721607 -4.614471 2.909705 -3.598362 -4.7292027 -2.7923253
mallorca 5.7386665 -1.6346774 -2.1309876 -5.8850107 -1.0026495 1.6168879 -6.5237975 0.38527614 -0.45246372 1.1627864 4.9495363 -4.2937007 -3.6422858 2.2666914 2.099778 -3.648 3.3781164 -3.8987732 -3.0183465 -0.88671404
lobos 6.2946916 1.6226325 1.8475156 -1.415884 0.9569919 -2.0502949 -7.080208 0.42105374 -3.2748291 -1.2174336 5.2882895 -0.7317271 -1.3839614 -8.16719 -1.0212045 1.1449177 3.4599128 -2.2879949 -3.8691988 -2.5381994
patagonia 4.6821203 -0.26104495 -2.6698806 -1.6824564 -0.09062177 2.2598035 -1.6804883 -2.1203134 1.5588639 3.676791 6.0537376 1.2647324 -0.8968656 -4.1280923 -4.058316 -1.3265353 -2.0647688 -4.622288 -3.78002 -1.2352101
oviedo 6.3071914 -0.22317396 1.748042 -0.5314321 -0.30100277 3.267044 -6.04375 1.2304667 -0.4796306 -0.09486453 4.696331 -2.937739 -3.6213307 1.3842692 2.0530252 0.09124884 2.213228 -2.5943549 -6.4819913 -2.174501
roque 5.606972 -1.2101697 1.1575541 -1.0908551 0.2892515 1.4729288 -0.54108953 0.08725164 -4.253483 0.98018146 2.3019753 -4.29204 -1.3342881 -2.5403202 2.6904478 -0.8537428 -0.6653952 -2.7301464 -8.368148 -1.4906557
chaco 8.079616 -1.1388603 -3.1762903 -1.490399 -0.0004935154 3.4456418 -1.0387154 -3.0141077 0.1108643 6.4204464 5.578861 -1.7288162 -2.3896558 -3.0657167 -3.68472 -0.032514613 -2.0518646 -4.1293364 -4.0844502 -1.4426482
zapata 4.8069367 -1.7074925 0.25651255 -1.4801283 1.432756 1.115906 -0.046151143 2.6983256 -2.5589275 0.87335294 3.5826366 -4.42044 -3.914059 -3.5612998 -0.013379 0.8714748 -3.4307876 -3.0619054 -5.6676364 -2.3741367
cameroonian 0.27412012 -6.3408985 -1.6499115 -2.9081724 3.9299538 4.632804 -3.6831145 2.364468 0.5498924 1.9821266 1.998528 -1.8644967 -1.540185 -3.110473 2.7675443 0.23883085 -1.944791 0.4039739 -1.8122079 1.6448034
algarve 6.1499457 -2.6376011 -3.5389516 -3.8015082 -0.55532837 2.6630416 -6.7602987 0.017362244 0.011086054 5.2787776 5.022806 -0.5042365 -1.730474 1.9757494 0.28518286 -2.480614 3.5552924 -1.9890295 -3.1333313 -1.8612821
caballero 3.7681913 -2.4637663 1.6754655 -2.0007925 1.0084 0.25196117 -1.6360676 3.3472533 -1.0042908 0.66995674 2.5855381 -3.5654066 -2.2702863 -3.6923149 2.3321416 0.6111836 -1.4433625 -3.9046786 -4.867663 -1.5980114
guayaquil 5.7402563 -1.3472512 -3.0141728 -1.1373769 -0.05772478 2.588953 -3.4626126 -1.1403161 -0.42179236 1.9288222 3.4095018 -3.7295115 -4.5733232 -2.4016821 1.0063223 -1.861245 1.8526981 -3.2377408 -6.8086386 3.7076268
leones 2.929338 -1.0325229 -2.9635615 -4.6104817 0.22012712 -0.98461235 -4.8887234 3.146731 -0.3176632 3.8637433 3.3457475 -3.0610673 -5.109404 -6.783397 -0.41899207 0.7229953 -0.6523247 -3.4542804 -5.2644367 -2.814395
altos 5.5452185 -0.008645866 2.3360002 -1.2932644 -1.1674906 3.7933304 -8.957708 -2.8095026 -5.7601476 -4.7192593 2.919004 2.9627957 -3.835551 -5.7800174 -2.3105838 0.5566471 2.8438792 -2.8743472 -5.907764 -2.9360616
mapuche 7.2003584 -5.179575 -1.5667571 -0.5454605 3.68817 4.6439443 1.635073 -2.2228355 1.3879367 2.55983 5.482536 -2.3131905 -4.6923423 -0.89678425 -4.165561 0.51818895 -3.390532 -0.50763965 -4.1592093 -0.88058084
brava 7.0230784 -2.5419693 -2.2336957 -6.170786 -0.27739784 1.7797004 -3.8019087 1.2809175 -1.8205843 3.0057628 3.5664601 -1.0253001 -1.9932683 -3.7394764 -0.08035405 -4.9953814 0.62900054 -2.2494867 -4.102439 -5.292671
conquistadors 7.3938785 -1.156815 -1.9852873 -1.6026402 2.8488724 0.8427083 1.094304 0.5352294 3.4282398 1.8319352 9.078847 -2.7431257 -2.1671576 0.33848235 -2.9995878 0.62446964 -1.9931549 -2.126924 -3.5335968 -2.7205863
managua 6.0452104 -0.39139187 -2.4295595 -0.764572 -1.0881767 1.8969761 -2.577216 -0.5524901 -2.014329 1.159176 2.6498275 -5.1943703 -5.392617 -2.9483216 -0.6734605 -2.596953 -0.60625523 -4.089235 -6.2235475 3.5839477
morelia 7.6232567 -0.53883797 -0.016444052 -2.4443903 -0.1152863 -0.104700394 -5.58273 -0.24127844 -0.8776281 1.1638212 2.9756906 -3.7319672 -3.7029269 -4.7230315 1.1890796 -2.2543802 2.536025 -2.9081674 -3.7630055 -0.23302263
filipina 1.6517425 -3.6380963 -2.4192648 -4.3200645 2.4109757 3.6293309 -0.6573258 1.5159158 1.3422219 -1.7683665 0.4976471 -2.3418968 -4.1666346 -7.344937 3.0752895 -2.3095696 0.016378256 1.1434561 -8.155062 -0.45825836
tejano 6.397337 -1.2430704 0.30465236 -2.1925924 2.3905585 -0.25972944 -3.7962203 2.7212737 3.5669034 -4.016076 1.9634007 0.5474661 -1.606346 -9.009905 2.0425797 -3.7941673 -2.0697494 2.2345593 -3.5300686 -1.7379214
basques 6.0489783 -3.6284943 -0.94603914 -0.76716495 2.1917627 1.8443911 -2.2032404 -1.0778983 2.192115 2.4515138 5.876945 0.056388266 -2.7452378 2.380786 -2.445873 -1.0911121 -0.6315414 -2.1876867 -2.7029636 -3.9109137
indio 3.5120893 1.5403237 -1.8607181 -1.6292061 -0.58913124 0.98508686 -0.15410382 -0.6454328 -3.666746 -0.34060562 2.3995817 -1.5617789 -1.6805087 -5.5349298 -1.5485945 -2.619896 0.08358901 -0.6650029 -5.6784077 -0.55109435
maputo 2.7885482 -2.5722136 -4.793877 -1.0857401 -0.56483036 1.6484174 -3.8083973 -0.12360255 -2.484115 4.816258 1.5180513 -1.7880634 -5.4822264 -2.2386768 -1.5483586 -3.7065098 0.5205409 -2.5509145 -2.2885177 3.48464
chamorro 2.4873075 -4.2988105 -0.36618322 0.015809983 3.000763 0.9369304 -0.31727165 -0.92076 2.8880153 0.8614183 1.8481125 -1.9092847 -6.095215 -3.2616856 -0.6513304 -1.4578835 -3.2161665 -1.1928523 -6.1368227 0.59596735
mexicano 7.7956195 -2.1034229 1.0549042 -4.782661 -1.5650891 0.94218636 -3.361608 2.250787 -1.6997887 0.036658708 0.73774767 0.36536953 -3.820981 -5.5623007 2.053458 -2.483636 -0.05278192 -1.1066787 -5.6350236 1.1351936
altiplano 7.732843 0.3448324 -0.044007123 1.0559714 0.08381764 6.23608 -2.1377337 -5.044032 0.5545353 6.180048 5.107759 0.25202215 -2.7811358 -4.7551913 -3.663546 -4.3596544 0.08220278 -3.1074407 -1.5957667 -1.5631146
antananarivo 3.4187403 -1.8556237 -4.266575 1.7060676 0.58985525 2.744765 -2.6816144 -2.2909145 -0.48854354 2.976253 2.387789 -1.4441813 -2.528434 0.891275 -0.0013908902 -3.7749643 -0.41068816 -0.8704423 -4.3089786 2.1861126
tegucigalpa 5.1833906 -1.4461313 -2.3628004 0.5769765 -0.77345824 0.95979375 -2.725231 -0.45581725 -1.4736316 1.1052258 1.4188823 -3.8548176 -6.516485 -2.0486724 -0.28583404 -2.5571558 -0.0640327 -3.462453 -5.195741 2.569422
posada 5.1343703 1.2290744 2.8000996 -1.9290205 0.027746776 -0.93644744 0.22781688 1.664901 -1.2276927 0.80352384 3.4199026 -4.797107 -2.9352794 -3.3093946 2.0399477 0.30708066 -0.67203057 -3.6045372 -6.377339 -1.4591188
pampas 4.216789 0.058397166 -2.9059937 -2.268344 1.3496677 3.0255108 -1.4090147 -1.9799778 0.46725896 5.158244 5.232842 0.7065843 -0.6616882 -5.3020964 -1.6017475 -1.1294008 -0.81693673 -2.067478 -1.258184 -3.6072972
saltillo 6.6675825 -0.6954261 -0.66623664 0.6746352 0.7122639 -2.190867 -3.8204184 -1.5199903 -2.1107817 -0.11382549 3.5398812 -3.4971998 -2.7738833 -2.6172566 0.55783737 -1.3923512 -1.8335992 -3.9765682 -4.477683 0.25484252
chica 6.369371 -0.70293105 -1.0599674 -4.661922 -0.51485044 0.9372286 -1.7000679 -0.8422272 -4.8728447 2.0959926 2.8994713 -1.1535025 -2.0671563 -5.824461 -0.058625758 -2.8566132 0.2554222 -2.4937773 -4.2859287 -1.8536826
mexicali 5.993516 0.7710024 -1.7213479 -1.6838158 -0.11276685 -0.46316323 -3.4924288 -2.0761907 -3.4213123 0.08336169 3.2452812 -1.7593948 -2.9038038 -4.7525263 -0.4920553 -3.312677 -1.0242469 -1.710592 -3.22706 1.5566337
nayarit 6.5758443 -1.063782 -0.972681 0.65906674 0.5998611 -0.029592615 -2.2202394 -3.3373592 -1.5218562 2.2091885 2.438523 -0.97481793 -4.5988746 -5.2144456 -2.0229561 -2.6376584 -0.72727495 -1.232381 -6.4170465 0.3784524
ceiba 3.420302 0.7210796 -1.826793 -2.7197526 0.18981606 1.3835402 -0.59304506 -2.9668016 -3.3891842 3.6126075 3.6589851 0.6725698 -2.8655372 -4.8999248 1.2995621 -4.637877 0.17586511 -2.458209 -5.4774423 -1.9054768
tocantins 5.0099063 -1.0846419 0.58250284 0.54249483 0.31803486 1.3329467 -5.003577 -3.2506332 -4.056094 6.213422 2.9240854 2.1823604 -3.521157 -4.6076508 -1.213915 -1.6942497 1.2287232 -1.1741816 -4.6132426 -0.18426801
alagoas 3.3461766 -1.8746065 -0.5068798 -0.26256797 1.0737002 1.152992 -4.8863626 -2.4755952 -0.3561382 5.052819 2.8646967 0.035529397 -3.816465 -3.4057689 0.55975556 -1.4821277 0.9299758 -2.289201 -5.4926605 0.41470456
roraima 4.311386 -1.2576421 -1.9253424 0.9260709 0.20015143 1.220291 -2.719261 -2.7562897 -2.1841877 6.3316736 2.268259 2.3503566 -2.6337175 -3.909376 -0.90021974 -1.0222831 1.0800912 -1.299127 -5.390134 -0.5416227
iquitos 4.441072 -0.20774326 -2.4701242 -1.189798 -1.2305768 3.186305 -1.3397449 -1.7399396 -1.1436694 3.479417 2.5544112 -0.5442134 -3.250812 -2.8231075 -1.1141224 -3.0528815 0.49537954 -3.1395557 -3.7004423 0.1569895
quebrada 5.33937 0.056257486 1.0464767 -1.8310751 -0.36299387 2.9405947 -1.2371413 -2.805683 -5.059594 5.04793 4.287729 -0.18098581 -1.2288939 -4.4335213 -1.9013175 -3.0212023 1.2855542 -3.7948563 -3.5964956 -3.16119
xingu 3.635437 -1.2909981 -1.4094708 0.20006914 0.9851988 2.6447122 -1.3084227 -2.5339284 -2.5476637 4.3659673 2.9297693 1.3130233 -1.7607224 -3.632433 -1.8147961 -1.4945164 -0.6729822 -0.8985158 -3.3145702 -1.6493168
dorados 5.7001634 -0.48093033 0.31716722 -3.1484818 0.6943657 -1.5468333 -4.0914364 1.0872556 -2.743566 2.2598395 3.576455 -3.0692859 -1.8317616 -4.6033 1.5768788 -1.2442552 -0.757086 -2.851286 -3.1012354 -0.9723724
pantanal 4.294451 0.38801822 -2.135277 -2.6788876 -0.90774983 2.122841 -1.6844287 -2.558449 -1.608502 5.346965 2.9777658 1.5568327 -2.9931967 -4.8112493 -1.2192808 -1.4627341 0.26517245 -2.0947583 -1.2389224 -1.0144296
jalapa 3.905713 -1.5040791 0.039137553 0.022201186 1.3973308 0.9398846 -2.2032466 -2.0168736 -0.58015937 1.428562 2.376874 -1.4673691 -2.205037 -2.3606381 0.2578883 -2.1639464 -1.0837463 -1.4289637 -2.9769852 -0.3728666
huambo 2.4506426 -1.887295 -1.0772477 0.28923494 0.47537264 2.256696 -3.5457475 -0.856197 -1.8942264 3.7329903 1.8427103 -1.4275464 -3.0145159 -1.0560732 -0.15364453 -2.4651797 -0.5918969 -1.6579779 -1.6687183 0.92183006
tepic 3.8819997 -0.8493516 -0.0563534 -0.3331489 0.568375 0.14461581 -2.217256 -1.2745751 -2.0962787 1.7056509 1.9901104 -2.4570205 -2.8292968 -2.349913 -0.06340206 -1.7970629 -0.05249471 -1.2299094 -4.0432286 0.38068926
michoacan 3.277264 -0.5308551 0.06715716 -0.16254985 0.08497778 1.1685107 -1.3536335 -1.8103027 -0.5348512 1.4593294 1.2630385 -0.9384092 -1.5948144 -2.366615 -0.35824502 -1.1926429 -1.1834522 -0.5670886 -4.3377404 -0.04660041