Centroid_156 1.4931104540596591 1.9734311423295459 1.269379158664773 1.2086990032045455 -2.0303875677443184 -1.760195864931818 -0.5254618338068181 1.2542788359715913 1.677895887073864 1.0106582998750004 1.6331548147998858 -3.1519300297670427 -4.852501905488636 2.3525980033181826 -3.810353059602271 2.217352025647728 -0.11759224843352273 -2.26775324578409 4.118013642499999 1.3106611470693181
due 1.6711041 2.5405655 1.0381614 -0.3473761 -1.7736955 -2.0874152 -3.4163144 -2.7235482 2.8905523 0.96537167 -0.11164997 -6.0855627 -5.66186 1.0307549 -5.7722926 4.58462 1.7740182 0.13484575 8.064905 0.6754857
result 2.7422585 0.60521275 2.6457374 0.7290571 -0.5266983 -3.001982 -1.7082562 -1.1734049 3.24507 1.6801451 0.69477177 -2.675433 -5.050902 2.2820642 -3.909056 4.0659275 1.5455632 0.44636893 5.087431 0.19548798
campaign 3.2069182 1.1358523 -2.1011646 4.532311 0.021196207 -6.95076 -0.3707846 10.3356085 2.3808768 2.5200233 3.4968176 -2.643794 -8.712593 0.31469578 -2.1136827 3.1834273 -1.569792 -2.6308458 3.0622962 1.8411537
action 3.258754 -0.71316457 1.458854 2.2440445 0.03382517 -4.186486 6.0840473 5.4885 1.80812 3.6130714 1.2687714 -1.3865167 -5.7695885 0.5034 -2.264461 5.0167537 1.2452613 -1.843193 5.256689 2.3285306
deal 1.189204 5.7454185 2.178171 -2.9526443 -1.9121288 -6.124584 -5.166287 6.4938197 -0.04496863 -1.234896 5.2490788 -0.80654585 -8.111089 1.6616889 -1.5615584 4.4067755 -1.6238945 -0.049308073 4.193361 2.1096802
plans 4.9315877 3.8436713 1.2499455 1.7894828 -3.6929886 -3.1342993 1.7244055 4.996072 -5.6754713 -1.886055 4.868774 1.8127202 -7.178752 7.027545 -2.1955767 4.0737762 0.38947922 -3.5975635 3.6680923 4.1484227
initial 5.1077647 -0.6835493 2.4178102 0.31065416 -3.1609845 -4.640824 -0.87309414 -0.2371724 2.2259338 -2.6463037 -0.42621768 0.18194798 -3.3961008 2.9117887 -3.2186222 3.196261 2.653838 -3.24017 4.63948 2.4239495
impact 3.2395196 4.2161655 1.0402279 -0.21555626 -4.5993433 -0.38698775 -1.4409842 0.90329087 4.7867737 3.278388 -0.1102711 0.13210909 -4.6013217 -4.8580794 -6.698956 5.5731225 1.520771 -1.7307191 5.922638 1.6274761
effort 4.36158 4.235659 1.5428909 1.5268481 -0.3372251 -1.3470343 1.7002412 5.2379756 0.66352 0.85406494 6.254476 0.41468534 -7.168349 1.2875814 -1.9839572 6.6092386 0.34112853 -1.8743327 6.968565 3.346342
subsequent 5.1366477 -0.870641 0.99230194 0.74373853 -2.16293 -4.1994233 -0.4495642 0.029347131 5.6044 -2.6575322 0.30289397 -2.2333806 -2.2783577 3.0860322 -4.01371 3.7502742 0.9583864 -2.4462292 1.7917409 -0.21020171
situation 0.70871043 0.3100346 4.5725837 2.8478196 1.5667509 0.95782715 3.6819189 3.5599537 2.183829 3.1406398 4.764816 -1.3726093 -11.193555 2.9176688 -6.0860515 3.4178214 1.3190567 -1.1993814 5.292715 0.9932789
expansion 8.997104 4.1974077 -0.37092096 4.1483793 -4.724535 -1.3543715 -4.5807743 0.84334904 -1.8656688 2.7329698 2.7034233 1.825632 -3.278732 2.737136 -2.598768 1.882755 -1.0395845 -3.5584881 6.3531647 2.3250806
serious -0.7145758 1.6438515 2.5119524 -0.09781427 -0.5984728 -0.115185276 2.6684237 0.55047345 4.8453183 -0.43004638 1.2158962 -6.1058965 -6.4613714 -0.01597467 -5.093861 7.3802757 1.3679779 -2.3040154 5.5619173 -1.0441679
failure -1.0970842 2.29751 5.9054813 0.2906696 -2.2614884 -3.7942638 1.1063023 1.0135554 1.6920112 2.481199 1.3060987 -4.4110665 -6.487326 3.602835 -4.430825 4.040744 1.8445474 -3.5298111 5.624171 2.6819084
crisis 1.3998204 3.2470853 1.2810249 1.694077 -3.2328897 -0.43214548 -1.456642 6.85453 5.333864 6.006079 3.879573 -4.3286977 -9.981321 0.5088627 -6.7449584 2.366286 -2.6818662 -4.620873 2.9865437 4.8812447
strike 1.1022435 2.1061873 -2.6179373 2.2532077 1.5676874 -8.059337 1.7407866 4.072445 -0.23766544 1.6644603 3.7503693 -6.584861 -5.781521 1.1493278 -2.009522 2.9689317 -1.881479 -1.6452899 8.632791 3.0861561
progress 4.201338 1.6268291 1.7737234 2.9906497 -2.2110198 1.1139971 -1.1966671 3.234774 2.7182305 -0.470933 1.9297181 1.0866064 -5.4238954 1.8298476 -3.1040065 5.126921 4.7840457 -1.5503826 6.555675 2.5796218
relief 1.3493657 6.148221 -3.8864245 3.059258 -2.882699 -0.20417197 3.2766533 -0.6923075 0.979973 1.969244 1.7094042 -2.912046 -3.7490013 1.6448339 -0.8230655 5.18006 1.407424 -1.2303473 1.9698809 1.4732175
losses 2.4346921 1.6151909 1.4520063 0.26396963 1.4719046 -7.9272456 -4.2022395 -3.4061704 5.523793 10.490743 6.139622 -6.426052 -8.20133 2.4356182 -0.065615475 1.8774855 0.6956317 -7.8430557 8.255343 -4.4795804
threat 2.1337786 0.4539365 0.27411848 1.2843641 1.3467948 -1.8527192 5.2813044 2.0922594 3.0395684 9.088155 5.2797236 -3.0713475 -7.9119434 0.628896 -7.9487185 6.0732274 -2.4016051 -0.947131 4.143859 1.6203427
massive 5.861706 3.132298 0.5376239 -0.11202728 -2.6055207 -1.3271223 1.805688 -0.6466331 -0.28735936 2.420421 2.5540714 -3.5959418 -0.7777664 1.1167215 -6.611811 0.36089572 -0.71587116 -0.9266541 5.5068655 -0.077497214
thereafter -1.2786144 0.8796351 0.7001385 3.1473541 1.269149 -3.6338484 -0.936688 1.4291093 1.7928308 -3.816563 5.666881 -2.9052005 -2.7079515 5.536081 -1.8576559 -2.0620022 1.0355663 -3.156758 0.9675043 3.797897
spending -0.50972134 4.278584 -2.8968585 0.31550077 -1.7042854 -2.819204 -6.224264 -2.8967204 3.4055152 -4.492065 0.67959625 -4.1567965 -9.313356 1.1451707 -0.2740445 3.3511343 3.230636 -1.3791584 5.3431525 0.61127174
immediate 1.9806923 0.480322 1.7313344 1.9494492 -0.77447695 -1.0973 -0.018268246 -0.14365129 1.3009641 0.55355275 1.9477963 -2.7700727 -6.019054 3.506984 -5.3574677 4.1352825 0.5808405 -0.83818614 3.0117455 1.7666711
dispute 0.8902666 1.5061021 1.6916329 3.40926 -1.1555599 -3.1780317 -2.7770865 3.0992737 2.7830021 2.896502 2.2986517 -1.9713267 -7.8531437 5.3697042 -4.1028256 4.457197 -4.1138983 -0.15222543 -1.6878437 0.010757834
aftermath 1.4775656 0.2458714 -2.2595832 2.60958 -0.74259317 -5.6306844 2.0750675 3.6687784 3.7271943 1.8374331 2.5945146 -9.358522 -4.124962 2.7434285 -7.2370634 1.4124908 -0.30916157 -2.6125994 -0.25294214 1.3417445
unsuccessful 0.23952039 -1.740285 -0.83079344 0.108972825 0.968332 -6.1225967 -4.0521955 2.8067696 1.7025493 -0.42951924 2.7700834 -5.855235 -4.254537 3.742522 -2.563125 6.0510616 -0.250974 -2.5260437 2.3742518 -0.49637657
conversion 2.1986446 0.71228915 4.356401 3.2680094 -1.8520933 -1.4614856 -0.98995405 -1.8756284 0.95621383 -0.96141326 0.59853876 0.42528933 -2.0634503 5.69845 -2.6822727 1.0712074 0.1900347 -1.0329573 3.9246356 2.6797936
negotiations 3.4939578 0.85782474 1.2711341 2.7400324 -1.025224 -4.9243684 -3.5277224 7.8196874 2.1113815 2.912328 5.1544113 -4.10618 -9.035699 7.9960957 -2.3769827 2.6270354 -1.8304001 -1.4179001 2.1061964 6.97721
recovery 1.0306237 5.628605 1.902806 0.55162656 -3.914941 -1.6424993 1.5484222 -2.2401292 0.5371514 1.5753443 1.6010779 -3.3274727 -4.5232844 0.25866482 -1.9285436 5.5147767 2.792168 -4.6058135 4.695529 5.4394727
disaster 0.07131708 5.28222 -3.0907857 0.9097574 -5.0992126 -1.6727886 3.628431 2.0106122 0.6281749 4.6104875 2.8522034 -5.189608 -5.860913 0.45206454 -6.884822 1.5055096 1.91315 -6.43817 1.8926488 3.6105819
difficulties 0.57421243 4.3758283 4.2971077 2.1464064 -1.8615618 3.086262 1.0647594 2.4184124 3.3159916 -0.020464532 4.72511 -1.7530909 -10.218602 3.5152311 -1.4359905 3.6924553 0.46766976 -6.72817 8.035906 -0.010512913
collapse 3.3105698 3.7910438 1.6981568 2.3127348 -3.0954876 -1.2001051 -1.9634778 1.2850032 0.9547011 5.1933126 3.2746127 -6.316968 -2.529689 4.64372 -7.807505 0.28980064 -2.6750557 -1.7298136 4.874566 0.8399614
reconstruction 6.511651 3.60716 2.0820618 7.5800004 -5.206945 2.1676402 0.51029164 1.7776172 0.49515122 1.0614988 0.80048925 -1.9101197 -1.2016432 7.0034437 -2.2788427 1.2037369 -0.90564734 -3.6511722 2.3354242 1.8877126
delayed 1.8328723 1.0295852 0.8640068 -0.39584455 -5.6113276 -7.3826118 -2.3902698 -0.60435843 2.163407 -2.783216 -2.3498845 -8.035675 -2.6523135 5.425394 -7.284698 2.4391594 3.7745807 -2.9608598 5.99636 4.101983
engagement 0.265396 0.5524175 0.2567315 2.0996194 -0.21124014 0.44114864 2.7471073 5.2939878 0.63993263 -1.7089349 2.268399 -2.733537 -4.448474 0.75052816 -0.81230575 2.8522353 2.5384004 -2.9546094 2.3788338 2.0865817
renewed 3.4068377 0.16513616 -0.36321387 -0.26878864 -3.7663383 -3.8081737 -6.009532 4.1881576 2.577858 -3.0540888 -0.42300707 -5.2127957 -2.087594 3.1735451 -5.340905 4.1147366 0.3886417 -0.44375622 1.9449627 2.418854
delay 1.2258712 0.24441145 5.9640346 1.1386259 -2.0263548 -7.8003035 1.6497245 0.66163796 0.006988535 -0.88252395 -0.78078115 -2.8434777 -6.8040147 3.8654706 -4.7398415 2.1765525 4.0090694 -1.8337971 6.651408 3.4459667
withdrawal 1.3909895 -1.2758868 0.96415097 3.3819873 0.19087629 -5.6968513 -0.61783636 2.076846 3.4530904 5.3395987 1.6074746 -5.5922184 -5.9029727 5.3996935 -3.5472317 0.45245537 -0.03369809 -1.5677719 5.9625797 5.5881624
wartime 0.8670338 -0.5637947 -3.9725132 2.4274814 -1.9376794 -0.21146193 2.5231712 1.4244529 6.182308 -1.2650958 1.4653122 -1.9812587 -1.7811495 5.689163 -1.6722859 4.426307 -2.0099447 -4.596519 6.275336 2.9817998
speculation 1.4356257 2.8788924 3.6877918 0.051265232 -2.0145168 -3.3199577 -0.4787512 3.9940486 3.7095752 -0.9386974 3.1567082 -1.4981807 -6.7036123 1.4515607 -6.5164237 3.9211679 -2.1098232 -2.0601408 2.2114828 -2.387407
lengthy 2.2116754 0.90847176 2.5856225 1.93212 -2.2263324 -2.544208 1.5409418 2.0325143 4.3514895 -4.137305 0.24415684 -3.0109622 -2.0700622 3.030349 -3.264788 2.4528916 2.5887647 -2.4281297 2.2062004 -0.17345837
preparations 2.5420277 2.0887666 -0.07180588 0.5184889 -1.192306 -1.8916637 2.096366 2.070789 2.9554756 1.9961562 4.452353 -3.4753935 -3.6783648 4.3685417 -2.8536994 -0.25968736 2.5781817 -1.796538 4.400158 6.635305
underway 2.0096967 1.8019373 -2.9354544 0.5538222 -3.8388152 -4.603986 -1.9928278 -1.1987382 -1.0675867 -2.7272046 2.8418846 -4.422299 -2.0197976 2.5587873 -5.424467 1.3248112 3.28664 -6.8178897 3.7556403 6.9750075
demise 1.2431289 0.8675135 0.15363114 -0.22935227 -1.1169735 -2.5433626 -1.5915853 4.406933 2.6772525 -1.0369729 3.4253752 -2.1365607 -2.292033 2.6193933 -3.9721165 -0.094534986 -1.446139 -2.5598862 2.8287017 -1.7151
delays 2.3406937 4.4349213 3.791713 0.85033095 -6.535193 -4.9202967 1.4841307 1.2815839 0.549885 0.5198703 -0.63550234 -4.371319 -7.9914527 4.577 -4.6447396 -0.08672021 1.3391818 -6.686526 9.056716 1.5901794
rebuilding 5.0002112 4.762626 -0.48607707 4.8694468 -4.715172 2.1924195 -1.2704698 1.9555156 -1.964785 -1.9161842 3.24011 -4.1427326 -1.6580461 8.550885 -1.8725315 3.2491064 0.25300315 -4.3249173 4.5563545 0.5909091
takeover 1.0475911 0.23368375 -1.2654779 -1.1636387 -1.8304626 -4.8717237 -4.0080237 5.790769 -1.1476858 2.6770926 3.2324135 -2.4125402 -6.1534295 5.1019483 -2.8516564 0.5240642 -7.1856084 -2.167692 2.7691152 3.331308
deficit 1.253979 6.181345 4.4263806 2.808884 -1.9649601 -5.4338474 -6.75173 -0.0979825 0.8410898 5.3632426 2.1048517 -3.2802427 -10.700168 -0.033721182 -2.0777602 4.8076634 4.115735 -1.9927481 6.1065607 -2.3056347
troubles -1.6079 3.7515576 0.40338385 1.0441158 -0.3232596 0.36320105 -0.25337422 3.8902736 3.3305213 -0.5526143 4.9198084 -5.0185857 -7.8836045 2.5489616 -3.7988944 1.9245399 -0.6314866 -3.2301688 3.2859933 -2.708746
cancellation 3.2784986 1.0658596 1.3706652 -1.5870359 -4.9020925 -8.503732 -0.25476125 5.854432 1.4242162 -1.0556955 -0.8414373 -2.4500496 -5.6295624 0.39426634 -4.2075024 1.4617045 1.807257 -4.593109 3.7638361 1.2808342
amid 0.34888116 2.572544 -1.127841 1.7559558 -2.0537825 -0.9682116 -1.2073835 2.99395 0.89155805 0.10214767 -0.49978676 -8.093064 -4.4910135 0.07448561 -7.7205987 1.8581578 -1.2698233 1.2624742 2.9623606 -0.9524438
shortage -2.231174 5.6039085 -1.7057835 1.3400046 -1.8846139 1.1381704 -0.28655553 -4.771258 3.3263094 1.4911921 3.047981 -4.2167687 -7.2852874 5.3635483 -2.4251845 3.1682975 -3.066515 -2.659023 10.149047 3.2046714
unprecedented 3.246649 1.1069081 0.06447438 0.7387746 -2.3257267 -0.89313275 -2.7606483 2.6100528 4.9308085 1.2401946 0.4541925 -0.36981717 -4.8437343 0.42035112 -3.9072223 3.6436806 2.6039028 -0.22282717 4.0653777 0.7285484
failures 1.0667274 1.367272 3.6065238 -1.0264262 -3.9027827 -1.0647236 2.1966798 0.8148367 3.0678155 3.4748206 -0.29829693 -2.9572392 -5.777793 1.894543 -3.7392168 3.9080775 -0.8060718 -5.9459634 8.241221 -0.7776997
prolonged -0.26500896 2.0618703 3.5818036 1.1834295 -0.44925654 0.76227295 0.5920613 -3.4291744 5.075838 0.7369723 1.2359085 -7.956826 -2.9472919 1.5722569 -5.7383714 0.9308492 2.6396642 -0.41218743 5.8216414 2.7718356
overwhelming 1.0006268 -1.5481772 1.0436927 1.2294149 1.5182631 -1.9096004 -0.72766656 1.5644549 4.6289544 0.9204268 0.53638387 -3.2206883 -5.9991646 0.19869632 -5.939799 3.9970093 -0.2811857 2.2529452 4.5893035 -1.9022251
consolidation 5.21347 1.4247067 1.1610922 7.299629 -2.7244883 -0.45608145 -4.8110914 -1.2770927 0.5375571 1.2640836 -0.2170179 -0.16618836 -5.2373247 3.7300296 -1.7425252 1.4969448 -3.816783 -2.7620676 3.6623065 2.1252608
devastating 0.8104397 2.4304132 -0.8045956 -0.4070584 -0.97075707 -0.82120353 1.1092501 -0.9091015 3.3199775 2.7918034 3.867383 -8.518523 -2.0176182 -0.7106576 -9.0659485 1.987767 -0.41851196 -3.1251893 3.268443 -0.9626238
relocation 4.9688306 4.803211 -2.7379391 5.1382856 -3.1600275 -1.7223228 -1.7559539 -1.2103842 -3.1082306 -0.71699 1.9324778 -3.4378536 -4.21045 3.09461 -1.9921123 1.8943269 -1.5820471 -2.3426785 1.1821557 3.4379773
commitments 1.1758817 3.1947892 1.1493552 0.025492134 -1.8812131 -1.3595638 -3.1288826 6.0746403 3.1263764 -1.2540643 1.994048 -1.0077938 -7.9621773 1.3302416 1.3762405 3.23584 1.386643 -1.4105544 5.8888426 3.220564
disastrous 0.62821186 -0.40094137 0.002548585 -0.41990483 -0.48950908 -1.6057029 -1.8232737 2.2540543 3.4034996 2.504768 3.7458436 -7.6354055 -2.4017508 2.6691191 -7.1206584 3.7720208 1.7508225 -3.463267 3.3484104 -1.4775823
instability 2.6895607 1.0873404 6.756823 3.48162 -1.0244582 2.6881223 -1.5710464 0.3373931 3.9292555 7.5107403 1.9142437 -4.4396176 -5.179682 -1.0122951 -6.4092126 1.2117596 -0.6675853 -3.092022 5.910071 1.0190578
recession 0.050540548 8.487739 1.8778085 1.8906229 -4.1895795 -2.212978 -7.256783 2.9682465 4.5460896 3.3533397 6.5731826 -1.1154096 -9.492126 0.21790113 -7.159091 -0.4816931 -2.683217 -6.27981 8.26291 -1.063317
imminent 0.88038874 -0.2542646 1.3552667 1.1615537 0.09685218 -3.0745726 2.9378154 2.533096 2.3072226 0.9648331 4.471169 -5.6688166 -4.357179 3.3005946 -9.411426 4.2521358 0.4037491 -1.3754213 1.0293624 3.6452985
morale -0.47630334 -0.65328765 -0.6345014 2.6035388 2.2559214 1.5786575 2.5728998 1.8937289 3.7022066 4.204296 4.4893517 -5.1741695 -6.492278 3.1104906 -3.0870261 4.878589 0.99482954 -3.348378 10.796381 3.0206177
neglect -1.018659 5.075812 2.8269458 4.400139 -2.2121835 4.159603 3.135729 -2.5974383 3.9229422 -0.9643995 0.91231686 -5.1799073 -7.0457807 3.5401506 -3.7868366 4.8846784 0.055564404 -1.3740062 1.2353023 -1.63734
disruption 2.573813 3.0018935 2.675626 3.248308 -2.4571228 1.467803 0.82094604 -2.250051 0.504996 2.8319807 0.22426075 -4.6318364 -6.1397758 0.013950315 -5.9438868 1.3895127 -1.649061 -2.4061635 6.1524653 2.4398036
shortages -3.3137977 6.6894283 -2.7419817 -0.5071486 -3.2165728 0.6286635 -0.2780351 -3.9192438 4.696564 3.67462 3.584131 -5.3546367 -8.205103 4.6164765 -4.628625 1.6788926 -5.6392097 -3.573791 12.064703 4.48165
anticipation 2.8646395 1.495876 -0.3942965 0.7055719 -2.411838 -2.8542187 -0.88575333 2.1932018 0.14297025 -1.3172026 1.68093 -1.6705996 -1.7558357 2.4099925 -5.400833 2.504969 1.6487759 -0.5088731 3.4379907 2.2442286
buildup 2.4306881 2.4801457 1.1140482 0.35371977 -1.3578458 -2.298383 -0.21180324 0.25418508 0.73226845 5.600152 1.6320754 -5.5076222 -0.044399016 -0.12272357 -4.172034 1.8957556 0.29593787 -0.40303317 7.077919 3.1295779
indefinitely 4.018325 4.042469 3.2761643 1.0649557 -1.8293267 -7.3688536 0.7416588 1.3973881 -1.3085395 -0.21924134 2.4326608 -2.4017863 -6.438733 3.8693297 -1.2913578 1.8538882 3.174594 0.27804866 2.7631989 4.9180975
abandonment 2.4997272 2.0474393 1.9455079 3.2197285 -2.0005362 0.64366686 -0.20219333 -0.8125212 1.0147071 0.4254949 2.3646066 -2.8840923 -4.2766743 4.7779365 -6.691149 2.361287 -1.457702 -1.3584386 1.3456817 -0.8512214
stalled 1.4218017 -0.7102515 0.8125484 -0.044280224 -2.1445181 -5.434669 -4.54275 0.46869883 -1.8534056 -0.63983566 0.09114446 -7.454596 -1.6111017 2.456812 -6.0378966 3.6025748 0.34533414 -3.397369 5.003367 1.4024259
weakening 1.0170768 -1.6666003 3.5393636 3.712053 1.4458567 0.15839882 -3.4426491 -1.4959358 2.726185 6.1212215 3.2580087 -5.730193 -3.4656582 0.23674355 -9.874527 0.7266972 -0.2889593 -1.8064203 6.2967124 2.0987935
disturbances 1.2420614 3.5013351 2.172658 5.4647884 -0.98936695 2.284539 3.8469014 -0.74467546 2.814555 4.324906 1.2235898 -5.8189964 -4.7838955 -0.7981704 -5.8904767 -1.2608458 -0.319732 -1.6985136 4.635038 1.5406753
withdrawing 1.2455629 -2.3506851 -1.051636 1.2835468 1.1100446 -4.4403453 -3.0872912 1.0023402 -0.26309672 2.3285956 1.1401231 -6.0468335 -3.2357514 3.603675 -3.137723 2.878857 0.66245866 0.41022846 3.52342 3.934977
catastrophic 2.5768974 2.6310391 2.1408892 -1.3183382 -3.8430061 -0.5823561 0.95970434 -2.6062 2.1675403 5.1310267 1.3341281 -7.474969 -2.7797568 -0.29064664 -8.371726 3.0792503 1.2430689 -4.296626 3.1895971 0.34467617
deterioration 1.1985081 6.943022 4.4132752 3.1362867 -4.353867 3.7659009 0.7915674 -2.2864316 1.8033586 2.8797238 1.5035102 -4.874878 -3.8854854 2.8828216 -5.035668 2.4675777 -1.1938026 -2.0526793 5.067183 1.072153
crises 2.1266346 2.873862 2.1520796 0.3584765 -3.1506975 3.4343016 0.009089483 3.194539 6.2872105 5.1922565 2.0568073 -3.4565685 -8.68289 -0.51149327 -4.606314 1.85357 -2.2476528 -3.828529 4.1108894 0.9070047
fallout 2.2150953 3.6223843 1.1743312 -2.3792942 -3.6384916 -3.879996 3.1077182 2.5481718 0.7864535 1.8017088 1.3321702 -3.7207434 -2.7301192 -1.5192741 -5.6336555 2.1121283 -1.9625164 -2.2222776 1.7453843 2.0443184
unsafe 0.46177056 4.307725 0.37492695 1.4990679 -1.9532578 -1.3071183 3.9374526 -3.920627 -1.6542157 -0.5787041 1.761109 -1.7249291 -7.224667 4.403717 -3.9831831 4.136976 0.0684854 -1.1061728 5.1867733 0.0030664322
impetus 2.8676047 2.9070117 3.1498325 4.1529255 -2.2165847 2.4335616 -0.8486349 5.408282 1.9064898 0.35733515 4.172901 2.982576 -3.8127694 2.6135554 -3.4667687 2.6547003 -0.8709082 -2.3465075 3.5213566 1.8734169
shutdown 3.5387967 2.7193897 1.4322325 0.2498748 -4.9003882 -8.341541 -0.59615135 0.23055115 -2.285604 -0.45277756 -1.2744656 -2.7061014 -6.6499505 1.3066247 -4.3204527 -0.3421143 -1.295256 -3.4507272 4.6110673 5.2399545
drastic 2.9173217 1.9894601 4.3824706 1.5051875 -1.45146 -0.30583873 -1.6315274 -0.41116554 2.7519467 1.0781868 1.4718015 -1.9703066 -6.3172035 1.5642394 -5.8558416 3.2358918 0.47584543 -0.6028198 6.3265204 -0.7088504
deteriorating -1.9144825 3.6635244 0.8278203 2.3844194 -2.4956548 2.9140737 -1.5826402 -2.1677039 0.36506417 -0.96884936 1.1830132 -7.3674817 -4.213026 2.9963152 -5.9090347 4.222082 0.40193638 -2.3756413 4.047087 2.5531125
setback 0.55702055 3.3019145 2.214057 2.796628 -0.28057578 -1.594971 -2.017222 4.47907 2.272871 3.9904165 4.4502916 -7.0020847 -4.508023 3.160464 -1.9378824 2.1400852 1.6700842 -3.5986838 5.556478 -1.435308
abrupt 1.2669659 0.61742705 6.0963836 2.680029 -0.13828759 -1.1309446 -0.5775548 2.5869813 1.7766219 0.25862977 2.6196196 -3.2405841 -1.5617591 -0.49623552 -8.460577 -0.39822865 2.2753847 -1.6618495 6.4300003 -2.0495691
continual 2.306774 1.5421448 1.4487555 1.4487648 -1.9834337 2.2658892 0.4151887 -1.1126097 1.6782539 -1.0450106 0.6252329 -2.076387 -3.2519808 1.2869376 -5.5373354 4.2275534 0.7460895 -0.43248355 4.903184 0.99954623
cessation 1.1315705 1.5451084 0.19126071 1.9571724 -2.597395 -1.9583602 0.048746143 -1.8787402 3.9650629 0.9169728 -0.28474602 -4.477945 -4.1690874 3.5732677 -4.893245 0.21588072 -0.7462491 -0.64300734 3.8742611 6.326792
catastrophe 1.1916906 3.4439535 2.7987654 -0.5085412 -3.1193357 1.966065 3.2655225 1.7752125 2.9152763 3.37089 3.4409308 -3.116163 -3.7808306 -0.0765131 -7.644116 1.0589032 1.6065078 -3.0359247 0.25336727 2.2985651
fruition 3.2131627 2.1514287 2.274102 -0.5568751 -1.4759617 -1.9469081 -2.977115 6.1869535 0.33954617 -5.2160053 6.8509817 0.021710915 -3.352725 5.035592 -5.1607137 3.0017133 1.6870698 -1.3019943 2.2021124 1.0996649
protracted 1.3320132 0.15588187 1.1661811 1.8077898 -1.5535347 -1.0998766 -0.93634206 1.2551175 3.855372 1.095007 1.639358 -6.5649343 -3.8245525 3.8954039 -5.5779924 3.9040744 -1.7394726 -3.1831338 2.0881252 0.39458182
devastation 1.991512 5.1636887 -0.73795116 0.9431137 -2.3072848 2.0211682 2.2500548 0.61893946 3.4425247 3.782157 6.375153 -6.435116 -3.1414516 1.5225672 -9.483198 -0.43906718 -0.9626764 -2.9485588 0.8639812 -0.76860976
setbacks 1.822966 4.141729 1.3248351 1.3313594 -2.326357 0.668111 -0.6064422 3.6021056 4.2391047 2.223749 3.290018 -7.1404905 -4.704451 2.8279557 -2.129272 1.8879683 -0.4705246 -4.809048 6.499782 -2.6089072
downturn -0.06485208 6.7103086 -0.18913758 0.24320672 -4.985496 -0.029018842 -7.634487 3.163662 3.1841874 2.1394792 5.227277 -2.601456 -9.1075115 1.2896599 -4.926192 0.76356757 -3.8313477 -8.095949 7.512456 -1.4736253
interruption 1.1675528 1.1774153 3.368923 1.8993354 -2.0971892 -2.550319 0.94119537 1.4964731 2.4094834 -1.4134619 -0.4239774 -2.725961 -3.846345 3.4400513 -3.5103207 -0.88797206 3.3688788 -0.35595864 4.8678756 1.4805218
modernisation 2.7813787 -0.1491907 -0.10873391 3.219812 -5.8899994 3.07144 -3.5104718 3.259069 0.7526029 0.6156888 -0.36404493 0.5789604 -2.7143826 8.422659 -2.6290197 -0.3016817 -0.8148514 -4.5880075 7.7136445 3.546978
turnaround 1.9926014 2.2945423 1.5211204 0.22326729 -3.0362122 -2.675935 -3.885355 3.199001 -0.17508022 -1.3571497 1.4842472 0.24089375 -3.249021 -0.63637316 -0.74699646 3.222541 2.9615784 -5.3138413 6.563723 -0.18492368
outcry 0.18825184 7.509258 -0.5140928 4.7127414 -4.9439 -1.914085 2.915355 7.4339666 1.611884 -0.33067212 0.00041089678 -3.7845314 -10.175628 2.2615259 -4.4764023 0.5702941 -3.2976587 0.14304502 2.233904 0.8912457
lockout 5.397754 5.0373154 2.8146389 0.64009875 -0.9632668 -8.9610815 -4.1190095 3.6430218 1.1373192 1.132276 3.4727361 -4.0998216 -3.9715924 0.47958434 2.846629 4.100837 -1.4355744 -1.5697742 6.518173 2.7109282
overcrowding 0.10016116 7.270228 0.9150348 8.494046 -2.6827748 1.8464602 0.99011606 -4.3811727 -2.5916092 -2.1680486 0.38941196 -6.322142 -9.500241 2.651762 -3.0452032 0.8054296 1.3050199 -3.5292091 6.501701 0.6770276
resumption 1.4775068 0.5611184 -1.7701793 2.4046433 -2.770383 -2.6824048 -2.6122944 1.898681 2.1905673 1.3746789 0.82349944 -3.4358668 -3.1493628 5.3318286 -4.4028373 3.0275052 1.1670727 -1.4279852 3.5031123 4.5275197
budgetary 2.5487304 0.6631432 2.6963212 2.792698 -5.7562246 -1.2715803 -3.5486624 1.2536993 0.972983 2.2645643 -4.1153464 -2.7136376 -7.868731 4.2153106 -1.736308 5.70804 -0.24176732 -3.5658154 4.684952 2.507781
dismantling 4.280678 1.7766618 0.49932086 2.2577047 -3.1935375 -0.819118 0.5314165 0.5813106 -1.2720748 0.78110677 0.87510586 -3.300521 -1.5333107 5.5778503 -3.1609027 2.0335758 -3.604537 -1.4336429 3.2801776 3.2577307
backers 0.889035 3.3121338 0.137689 -2.0947037 -2.8892927 -3.4799836 -2.2084908 5.6482873 0.22478446 -1.4844778 2.443459 -0.45422658 -7.3804107 2.3750303 0.13162535 2.9506345 -4.2412353 -2.6885693 1.4508963 -0.31370902
worsening -2.7920175 1.6335517 2.7457519 1.6380475 -1.1462102 2.2578397 -2.3784802 -2.1204023 2.9156458 1.1340811 0.15242025 -8.5014 -5.6343336 -0.6065223 -6.035782 2.7764883 0.049955238 -2.6072052 4.892264 3.510246
groundwork 4.5244484 5.777287 3.0009522 5.9125175 -2.0485744 1.3477709 2.2363584 2.729826 1.7699434 -1.1704967 5.8264713 2.9781303 -0.8720178 3.8808086 -1.5962839 3.1121557 -1.0618873 -1.6337893 1.0050431 4.701183
mismanagement -2.6048617 3.3467178 0.7710728 1.1430901 -4.160774 -0.10925779 -1.446387 1.5795219 1.5869197 3.3757703 -0.57840735 -5.881159 -9.449114 3.4818473 -2.5877995 4.4530106 -5.4066987 -4.4542522 0.67179376 -1.2476652
escalating 1.0925254 -0.581705 -0.7198499 -0.29719937 -1.3718808 -0.48520613 -1.1193573 0.59733045 1.9270095 1.1272699 -0.8415764 -7.8559427 -5.498398 -0.8347594 -7.032772 3.9811668 -2.016573 -0.9275739 4.2251596 0.8795248
repercussions 0.10384382 1.5936652 1.6433111 0.48088446 -1.6952791 1.0242115 1.364719 3.2834756 4.1966376 1.8524321 0.89286613 -4.951282 -6.5274916 0.05164931 -6.1781335 4.0079346 -1.731953 -0.5770473 1.2403977 -0.02968331
escalation 2.9652076 -1.2566007 1.6088588 2.1889305 -1.4861964 -1.541762 1.4133446 2.182592 3.5962372 5.1930704 -0.22134416 -5.217576 -5.694889 0.85135984 -6.9469643 2.3162937 -1.4201261 -0.87184745 4.0550275 3.291486
lapse -0.36280626 0.8612053 3.576974 0.651074 -1.5445877 -2.4792988 -1.1874764 0.54733014 2.629333 -1.3415436 -0.21622665 -1.2084635 -3.0583117 3.5038142 -4.1487994 2.4418929 3.1309216 1.4155284 2.041331 1.1684414
rationing -3.3101158 3.8977413 -2.1782932 -2.3387527 -2.9418905 -1.5026397 0.27438375 -1.6127377 3.4207952 1.886942 2.3079953 0.6601609 -6.791263 6.3981547 -3.2792788 2.0922356 -3.9163575 -0.50542057 7.844558 3.6011913
halting 1.9411412 -2.4914203 1.8575256 0.49970362 -1.1865695 -1.138907 -0.09102752 -0.3596278 -1.2249662 1.0738833 -0.7467407 -3.898286 -2.2269988 2.4844 -5.723226 2.633647 -0.34898022 -1.3729866 3.812248 1.7368708
deadlock 2.3603618 -0.5755778 5.8448753 3.194436 0.9649542 -6.39271 -1.2542105 6.1303244 0.14003357 2.0996618 1.8058625 -4.7638483 -5.9619184 3.4727602 -2.5189893 2.3818753 3.4054368 0.5922802 2.0361009 -0.34752545
ceasing 2.25295 -0.6078745 -0.67453945 -0.75403047 -2.641396 -3.5844526 -2.8179188 -1.5093625 0.8030621 -2.7488716 -0.47311527 -1.9230273 -2.266947 3.391749 -3.6682456 0.90619475 -2.1416636 -1.3865665 2.6525247 3.6624851
clearances 0.39653903 3.3401616 -1.7818834 3.8815932 -2.2575707 -1.619932 0.32917053 -0.8253555 0.20557532 3.195039 -0.043032818 0.051445708 -5.4730797 2.9050438 -1.1446998 1.6746533 0.32722804 -1.9698824 5.8606153 -2.9212475
fueling 1.8314638 -0.4690121 -1.5166501 -1.7368315 -2.432308 -1.885172 -0.09762382 -2.3402374 -1.5608088 0.21843569 -0.28954294 -3.5589087 -2.0765343 -0.7956707 -5.4425707 0.6996388 -2.2911656 -3.3484476 4.6081877 3.8073518
timeframe 4.5438576 0.8180692 2.3027968 0.23414487 -3.346659 -3.0738857 0.21342716 -0.4264858 3.2891865 -0.02391195 0.032100953 1.5740923 -4.265585 1.8952328 -2.3517969 -0.28906152 3.2762263 -2.4307003 1.9058169 0.6388182
disruptions 2.7673087 2.2991333 1.2726771 1.7321485 -3.5305634 0.26774898 1.4334146 -1.3233645 0.3952826 1.4543976 -0.859367 -4.2893505 -6.985453 0.069708385 -5.360796 -0.12836972 -1.2580047 -3.414851 6.1607113 2.133964
foreseeable 1.7743175 2.119933 2.2616327 -1.1912857 -3.7080019 -1.6918671 -2.3663201 0.6864242 -0.7936032 0.5215088 1.2768149 -1.787691 -5.7510395 3.361102 -5.2396064 6.7423797 1.6838435 -1.5348035 2.896574 1.3666457
withdrawals 2.5110977 1.877068 0.60378534 -1.8571613 -3.0023987 -4.8628283 -1.884374 -1.3751351 1.7688918 3.8796446 0.3483123 -2.2435951 -7.182948 5.50001 0.050626885 0.07670504 0.72748417 -1.5519401 3.9709368 0.765729
meltdown 1.1228673 4.2479835 3.0034878 -3.6561213 -3.731591 -2.488779 0.75316465 3.8336365 -0.7800045 0.6809977 1.4677657 -2.1765945 -2.0989177 -2.4436812 -4.461697 -0.38225567 -0.1006456 -1.3856014 2.120266 1.721821
unprofitable 0.24059321 1.7752028 -0.23485747 -1.6360505 -1.9698349 -2.0843787 -3.7149353 -1.9791548 -0.86001605 -2.7771268 4.7127795 0.79744196 -5.945547 5.543891 -4.1428223 1.538792 -4.625812 -4.907535 5.9946003 -0.51081854
respite -1.2386782 2.9576015 -1.1276382 1.670897 -0.6412585 1.6421385 2.12883 0.6486007 1.16577 -2.596173 3.2618463 -3.5060132 -4.324633 2.8772662 -3.7552242 0.6673261 4.567798 -0.7239701 3.6334238 2.6384192
standstill 2.8682048 -0.34585708 -0.14298807 -0.44795743 -0.52319914 -0.5420762 -1.280286 1.3326888 -0.04874548 -0.3759145 4.665117 -2.3656387 -3.9647746 3.8493714 -4.8713856 0.5074747 2.1838286 -3.060562 5.3157954 1.824571
woes -0.40336204 3.886126 2.0434203 -0.34609446 -1.2002511 0.36810654 -2.0927067 3.6152833 0.8765399 -0.40146455 2.990827 -3.8465192 -6.240884 -0.5355238 -3.219441 3.822227 0.7847848 -1.9610796 2.5556965 -2.0964513
flurry 2.3522346 1.3621763 2.690118 -0.19072567 -0.9839766 -2.6255538 0.682657 3.3589933 1.6950295 -0.08135363 1.4278147 -4.5660677 -1.3657937 -0.6189479 -3.9274826 1.4432839 0.2610671 -1.317862 3.856235 -0.8750233
deadlines 2.7435825 2.1997192 4.26564 -0.66941375 -3.7069595 -4.7262483 0.6154592 1.972317 1.7931782 -2.5867002 -1.7710435 -0.058756582 -6.8142667 3.164778 -0.2506308 3.9286795 3.1871653 -0.004757365 3.8554602 1.8304318
postponement 1.1454183 0.77649736 2.107423 0.5106871 -2.915606 -5.1325035 -1.3191462 3.4170754 2.0951157 1.205596 -0.75327486 -4.8076935 -5.839646 4.2450657 -3.1032827 1.3735678 3.8184314 -0.19086549 1.3908195 3.4091623
demotion -1.1500058 -0.80130327 3.4698865 1.910719 2.1223946 -3.6047142 -1.6295853 2.7881346 2.7349763 2.3079162 1.4571183 -4.705133 -4.5918984 3.1320496 1.201033 3.2712789 2.3827553 -0.35080212 2.7998013 0.8122075
inconvenience -1.5263652 2.3317072 1.8644434 0.044057507 -1.6765689 -0.56977415 2.18262 -1.0305152 -1.6473751 -1.3916619 0.73198557 -1.1590832 -7.1415257 3.8985176 -4.856075 2.2679365 1.2621173 0.16038105 4.3032193 -1.0469723
outage 1.2300378 1.8584299 1.8976237 -1.3594848 -4.957809 -4.819979 0.7036419 -0.8221125 -4.40866 3.1053574 -1.3461126 -3.56738 -6.9095845 0.12113013 -7.908402 -2.878683 0.84424317 -3.3971303 5.273432 3.5530407
debacle -0.8048602 0.48497328 0.85635364 1.3141879 -0.6935031 -2.595802 0.40284473 4.8252206 1.9245024 1.6674681 2.3247862 -4.496881 -3.0127192 2.4229918 -4.2406993 1.7564399 -0.9212787 -2.8087597 1.7352136 -0.5958424
impasse 2.1711133 -0.5492108 4.0831575 2.9891841 0.08590248 -2.9644258 -2.2763417 4.6626105 0.19953236 0.67115563 2.880432 -2.241794 -6.4965954 3.2489944 -4.288949 2.8667912 1.0164735 -0.8347091 0.7458391 2.038044
piecemeal 4.9327884 -0.19416563 1.7895482 2.2254088 -1.3937435 -0.95785886 0.97282416 0.08487366 0.69828045 -1.0222327 2.3200202 -0.983687 -2.9005127 6.4357915 -2.908378 2.408168 -2.7238731 -2.2658799 4.459648 -1.1000072
reprieve -2.6440802 2.4059944 0.908972 1.0821983 -1.0360302 -4.0441117 0.74616754 2.6967478 1.7232753 -0.8576 2.3624024 -2.3001173 -5.138599 5.570802 -0.9682469 2.0795915 3.4938252 -0.40039814 -0.7647541 2.0461688
backlog 1.0568106 3.3190494 2.3036559 -0.3764527 -4.9429336 -4.8059416 0.8913391 -2.2886763 1.5929475 -0.66131365 -1.3365738 -0.23886375 -6.4754796 4.9206295 -1.0347135 3.1132984 -0.26469988 -3.5369601 3.026451 0.80122036
unpopularity -2.021109 0.4968758 2.3351748 3.5983381 0.41994628 -0.6835912 -2.7986486 3.8482244 4.2173996 2.4612353 2.1917665 -2.9453936 -6.8614726 3.4749305 -4.0229893 3.5998738 -2.8222146 -1.0993586 3.2062173 -2.8369095
slowdown 2.6931505 2.0716248 2.7571247 -1.3152175 -3.6413314 -1.3211182 -3.189191 1.9071604 1.7568558 1.799927 0.9876738 -0.89281446 -5.5604773 -0.77795696 -5.4230156 1.0211222 -1.0558807 -3.3788257 6.6436906 -0.40982208
rearmament 0.555393 -0.7888379 2.2144933 2.4559834 -2.0155478 1.2689015 -0.9217127 5.2540345 5.307027 1.9663779 1.709273 -2.5148902 -2.0749714 6.045298 -2.7589197 3.5893507 -3.0693312 -2.009781 5.8450108 6.4365983
spate 0.5067181 1.729511 -0.90514016 0.4136928 -2.1683996 -0.14066465 1.8604263 1.0439979 2.1149116 0.48280445 -0.06528988 -5.052255 -4.105441 -0.104217164 -4.6576176 -0.77835613 -2.0149379 -2.2637684 2.0183282 -2.600318
downsizing 2.1079113 1.3153815 0.30111176 1.2448019 -3.5532796 -3.0614848 -2.5238225 0.79591113 0.76896137 -0.09282774 -0.25970832 -1.2969356 -3.0339892 1.7197835 -1.0898651 2.2632022 -3.7699094 -5.552823 5.604459 1.5919281
blackouts 1.1772442 3.953693 1.0420421 -0.300848 -2.6444273 -3.1760871 2.4145243 0.242965 -0.15067361 0.29679695 0.3201786 -3.1997972 -5.4037485 -2.1458747 -5.2764163 -1.4907864 -1.0960975 -2.0785854 6.296951 -0.32407355
demobilisation -0.8873961 -0.4293996 -1.4934145 4.321437 -1.009348 -1.2310646 -1.0068622 0.7566359 5.1103945 0.04592927 1.3814454 -4.865886 -0.3224597 6.3145266 0.22145134 0.6224216 0.29868522 -3.5098212 5.410717 6.796741
downtime 1.6844238 1.8386444 2.9383101 -3.1876967 -3.7858126 -2.6473489 1.2835712 -0.07665015 -1.3207258 -2.575467 -1.239993 -0.5310996 -4.542992 -0.35482827 -2.5514877 -0.6933418 1.447368 -2.4776082 6.3677497 0.6013443
layoff -0.73530984 3.8130906 1.8128842 -1.2917733 -1.689054 -6.3250017 -3.0494633 0.28002527 1.3429298 -1.3428122 1.081036 -6.0265985 -4.3967314 0.97796553 0.9846741 1.9595306 2.9590166 -2.686408 3.3600414 2.6530967
hyperinflation -0.043534804 1.8934064 4.0987806 -2.167414 -2.319319 0.13270852 -5.0744405 0.85298234 6.4338765 5.3127403 3.3661284 -2.7542531 -6.4339232 4.145258 -4.7285767 -1.999189 -2.6137373 -1.6029173 2.7688718 1.8722006
obsolescence 2.600895 -0.40587848 3.4880295 -0.31272635 -2.9986067 -0.55524904 0.39519268 0.42716163 2.4838295 0.99026847 1.0871816 1.6626272 -2.75078 3.3799138 -3.4857605 2.0599504 -1.7658423 -4.569665 6.233451 0.8566366
walkout 2.3880515 1.6062896 -0.802054 4.1735773 -0.16058941 -3.5756266 0.9505304 5.839776 0.27143312 -2.3431692 -1.174609 -5.8542743 -5.4856205 -0.42789757 0.6857157 0.06010912 -0.1826703 1.0473847 2.3447928 0.94898903
irreparable -0.6483743 4.066869 4.014105 -0.24601854 -2.254893 -0.72315055 1.5556955 -1.9551567 1.297439 2.8753717 1.8387451 -5.476979 -3.2387314 2.0122733 -4.643668 5.218877 -0.7749033 -1.3810925 -0.25969592 0.18359008
unreliability -1.6841855 -0.88877374 3.9245782 -1.5257443 -1.9442124 -0.7546812 1.3880236 0.6296763 2.9347315 1.1659243 0.24424413 -0.71427184 -3.3065956 3.1706002 -3.167779 3.1304617 -1.0017753 -4.3336887 5.353999 -1.7722204
rationalisation 0.7364894 0.01366302 -0.29365736 3.4403057 -4.0884166 -0.61783606 -3.4240696 0.6118071 0.26160342 0.34387708 -1.6112963 0.7112428 -2.672229 5.670447 -2.3683333 0.81116235 -2.6956444 -3.2434866 6.5197206 0.49109274
unavailability -1.0315726 1.8452911 1.7289526 -1.8952762 -3.036129 -0.6882922 -1.1033413 0.14118011 1.0926812 0.45288327 -1.3041673 -1.8020039 -3.9078548 0.7872754 -2.0790799 1.3592813 0.7052223 -1.404168 4.914191 -0.46964556
shortfalls 0.29075333 3.1046898 0.9870018 1.2824725 -4.4200716 -1.4152727 -1.7752624 -0.4175342 0.77677304 1.720655 -1.262126 -1.6982304 -7.4897494 2.139125 -2.279053 2.7955048 -0.5337012 -3.3230062 3.5844896 1.495176
catastrophes 3.1894956 3.101146 1.3641589 -0.9050228 -3.6059701 3.5548244 3.845481 0.33291903 4.0991077 3.512054 2.0557225 -2.3692908 -3.5037723 -1.1311828 -5.272395 0.97558457 0.09736141 -3.5971034 0.6550773 -0.6815999
shakeup 1.5203946 0.31998524 1.114669 0.77888125 -1.6693064 -4.378927 -3.0690174 6.9534826 0.1479104 -0.66084474 -0.30068713 -3.3106918 -3.6291752 -0.7474509 -0.22028181 0.7842529 -2.2626114 -1.8154064 2.6293983 1.9805841
conflagration 1.3578361 4.682359 0.5070945 0.6047892 -2.0915995 0.02844597 3.9888456 0.43093482 0.5712561 1.2337283 4.1004143 -4.200581 -0.56052905 3.7534804 -5.0295525 -2.3554723 0.0039240937 -0.35934854 0.9326894 -0.21598569
unabated 0.40336853 1.1698194 0.4991258 1.3687447 -1.2100543 1.4378121 -1.3869551 0.8139841 2.5707815 -1.694465 2.1378186 -3.8302898 -3.4294007 1.4597126 -5.4272103 -0.0893985 -0.83675563 -1.6130683 3.2396326 1.5072381
blockades 3.2884912 -0.41524953 -3.4151046 2.2322922 -1.159132 -0.49711007 3.1184554 0.60522443 -0.6620211 3.1899123 1.7168074 -3.7661843 -4.6499925 3.54178 -4.579383 0.86303586 -2.5264964 -2.2313223 3.7285495 1.9546611
wrangling 0.0037090105 1.4969262 1.6061486 1.3338689 -1.5982254 -2.131745 -1.5332487 1.2807411 3.1954772 -1.6299579 0.19597732 -3.227881 -4.6669936 3.4249616 -1.9324541 3.475003 -2.4319658 -1.0126383 0.12240171 -0.46550673
ineffectiveness -0.3979602 -0.21980308 2.6852012 2.4219227 -0.41557744 -0.70633566 1.3355644 1.0492874 2.9765408 2.687874 -0.74974674 -2.740823 -4.698589 -0.27715504 -3.0061858 4.2839327 -1.7909857 -1.4913639 3.344551 0.63504624
forecasters 0.3969326 0.543415 0.6854592 1.9927145 -2.1019046 -2.8080242 0.44456095 -1.207025 3.53848 1.403191 -0.026774354 0.68404305 -4.112589 -4.0204983 -5.433451 1.5125246 1.6836491 -4.9727397 4.3631086 3.2418678
miscommunication 0.54698724 -0.6361033 3.0727122 -0.30402958 -0.33868995 -1.6589357 1.6628215 1.397717 0.83887917 0.67981863 0.053364627 -3.5251503 -3.6332376 -0.2130859 -2.9946969 2.2658231 0.8703797 -1.5274495 2.104889 -0.77199066
holdout 1.5234098 1.2920606 0.9762513 -0.17519042 -0.21319532 -4.8040605 -0.80996543 0.7228914 0.18210463 0.46181852 1.7092644 -3.9589086 -2.220335 0.9881526 -0.7512617 2.0462625 -0.59272313 -1.2565452 0.2757438 -0.2584306
relocations 4.8666677 2.1216335 -1.5084275 2.228939 -2.3149157 -0.9316419 -0.54735434 -1.5082668 0.14939497 -0.08501041 0.60667515 -3.4078248 -4.310791 1.787853 -1.0362542 -0.2356921 -2.445216 -2.9655383 2.1442327 -0.3977967
stoppages 1.3534131 0.69636106 0.5359617 -0.64907867 -1.4236484 -2.5012193 0.6023287 0.21852364 1.6226397 1.390056 -0.77646744 -3.944982 -3.8606002 1.2208314 -0.6676741 0.93498677 1.7085826 -2.0068433 7.2009835 -0.9401054
upturn 0.8912116 1.6596801 1.9924108 -0.69852644 -1.418062 0.31768143 -5.946036 2.4430726 2.259472 0.88174975 3.30078 -2.1421008 -2.1581817 2.6203241 -2.665591 1.6223634 0.6407729 -2.0973923 5.5382476 -2.8385217
redundancies 0.95465016 1.5962191 2.3858511 0.7040106 -3.1907923 -2.3918161 -0.1443746 0.41755918 0.6366923 -0.44968742 -1.6495299 -0.19165114 -6.1270947 3.628792 0.11499293 0.6029675 -1.089982 -1.9470824 5.264197 0.65694773
uneconomical 0.40291464 1.6823037 0.67297155 -1.1981826 -1.8729526 -1.1814585 -1.1023638 -2.299173 -0.50102323 -0.2159516 4.2656093 1.5670714 -3.0287535 5.8842483 -2.1961098 2.2223291 -0.9370099 -4.1806664 5.82053 0.09925576
annexations 3.987536 2.4066162 0.18497524 3.6312618 -1.6661377 -0.99235237 -2.4690166 -1.2392371 2.1251814 3.5069473 1.6520307 -2.4980032 -3.8741817 3.946187 -2.2931352 -0.4033246 -2.7785819 0.14074504 -0.5282947 -0.25466275
precipitously -0.29962024 1.617392 0.07043451 0.48639438 0.4718865 -2.0147786 -2.7640324 -2.730379 2.4437652 0.22598264 4.0833383 -1.1736683 -4.3053894 1.1892241 -3.5002317 -0.7788428 1.7316531 -2.4077835 3.2264764 -0.08986167
rollback 1.938073 -0.15780392 2.045563 1.168412 -1.4849553 -2.7194676 -0.28621048 0.463794 -0.9809237 2.9165618 -0.2491024 0.30685025 -2.4805179 1.2394003 -3.4368079 3.5420702 -1.1050651 -0.27403063 2.8477128 1.4773408
shutdowns 0.76758456 1.3688396 1.9861358 0.31687513 -3.2089953 -2.7437768 0.32025638 -1.5099107 -0.33972672 1.1533511 -1.6789848 -2.0408256 -4.77747 1.0081336 -2.1256938 -0.26799038 -1.3898786 -2.8723638 3.2110713 1.5805645
stagflation -0.29569566 -0.17623177 3.522256 1.017171 -0.6916927 1.103608 -2.9230278 1.3263495 3.8388555 2.7313325 2.165008 -0.05533148 -3.322817 -0.44574222 -4.068061 0.7081452 -0.79038405 -2.6477385 2.925246 0.103773765