Centroid_58 -0.23148377949652776 2.241161012340276 2.203968486958333 -0.01192624166666671 2.053482229791666 -4.826752003055556 0.4519740226902776 1.5913816490694446 -1.365085407625 2.7189641185555558 2.926292093222222 -3.937232460041668 -0.6957533686111111 -0.6721965825277783 1.948297243909722 2.3783206777708346 6.3285512086111115 0.4054442879652777 5.711060853125002 -3.5095477816388905
lead 0.24797086 -0.16587459 3.706282 -1.4683495 2.5947652 -4.345445 -1.9033332 3.2775817 -0.3141062 -1.754349 2.166136 -4.4805546 -0.8025747 -2.9057233 -0.11669318 3.880101 4.043424 -0.38792118 6.4908 -2.7088816
loss 0.27857485 5.3297243 1.7144994 -0.18784644 0.12766837 -5.5013876 -4.5366054 -1.6264676 2.5245695 5.911747 3.978334 -7.7811785 -4.748245 -1.0122466 -2.4846222 3.8486862 5.4758987 -1.2569566 4.672739 -1.4471251
minutes 1.918139 3.9352057 2.048803 -1.6149582 -0.5393914 -9.2762165 1.2483402 0.9165081 -0.9588562 -1.7133406 1.6539927 -6.1897388 -3.649187 0.67474806 3.0810072 -6.8593197 14.283005 -2.567661 8.867447 -5.2492156
pass 0.16626258 -0.8375674 1.3084545 4.093191 3.1682754 -6.667974 -0.25829127 -4.0938163 -7.1088696 0.31183234 2.2098083 -2.0723243 -2.1744397 0.115721434 -3.0391114 5.7021804 7.5935416 -0.37585315 2.9421916 -1.482136
forward 1.6474131 -1.2894075 2.44571 3.3216262 4.4318256 -2.8141494 0.25233883 4.2264 -4.5122643 1.2866305 4.5432963 -1.7050971 -1.3903891 0.8799682 1.4414089 4.612796 3.7034826 -0.8297361 10.224556 -0.9749198
ball -0.57201314 4.066678 1.4388222 0.20017076 4.544707 -7.5960517 3.0593054 3.7558956 -6.62141 2.0801406 6.0225496 -0.050534733 0.20599377 -2.2666135 4.4236546 5.250381 9.154443 1.9391735 8.509951 -5.6522803
injury -4.3074245 10.362936 6.028283 0.34225416 2.7917912 -6.8952155 -0.4424002 3.2059853 2.0716357 7.784437 6.6107225 -15.691951 -4.6279926 -2.4830434 6.830156 5.687293 9.836724 -2.4557068 9.615622 0.11676683
break 1.9650192 1.5490174 1.4816173 -2.299828 2.7933025 -4.2176957 0.23377067 2.9118369 -1.8014858 -2.8283122 4.8120356 -4.770821 -2.6668305 0.6055159 -2.031606 3.3500228 5.930769 2.8883114 7.419394 0.34375718
quarter 4.5738616 5.6530232 0.8584967 5.9001217 -0.19110757 -8.657841 -3.9971342 1.19336 0.1640865 1.4762397 5.532552 -2.2784362 -0.27730694 2.4145675 0.51318026 -1.489303 8.373372 -2.0530877 3.152383 -5.6626563
minute 0.05230134 1.557074 5.0947127 -1.3246753 -1.2275378 -8.396509 -0.073891245 6.4393783 -0.14328024 3.2444253 -0.2022124 -4.934862 1.0880871 -0.703346 1.7697209 -6.7631917 11.271032 -1.850589 5.793677 -5.3872414
straight 3.0707576 0.39109078 2.0227199 0.6479988 4.3576255 -7.063381 0.56676054 1.1681243 -2.4656131 0.97063303 4.134787 -1.0527945 1.9556499 -2.0432534 0.73352504 0.59220684 10.363888 2.8084495 6.6779637 -7.51565
spot 2.6826303 3.5237253 -0.7872506 -0.09290581 3.0266964 -6.2015667 2.1091762 1.107862 -1.6543294 2.919265 4.742435 0.85444194 -2.0440927 -2.8159964 1.2741691 -1.8820229 8.2753935 3.4815278 4.2135215 -3.3279793
ahead 0.7181877 -2.1382148 -0.17869228 -0.8309668 2.4530225 -7.808757 -4.734533 3.5392268 -1.4013169 -0.1578224 3.436241 -3.4123836 -1.4090132 1.7180243 0.103512645 3.5853057 9.345403 -1.2676375 5.2742095 -2.1878576
seconds 1.2623285 2.4547992 5.1041136 -4.836001 0.16633509 -10.827868 1.7742852 -0.20748492 0.7686477 1.3647783 2.7274752 -3.6436636 0.8540936 -0.69797164 3.295908 -2.1277556 16.707325 -2.4219985 8.088044 -3.9523833
leg -0.4922714 4.8350787 0.81724715 -1.253298 3.5464058 -6.550427 0.96518135 3.5749846 -2.7426713 6.519039 6.576017 -7.73149 1.518298 -0.059999976 2.9016607 -3.1027956 11.143737 3.062572 7.6423774 -1.3573983
penalty -2.2712648 4.6185994 5.7831445 0.5664378 1.2707863 -9.518147 -1.4693707 2.793897 -1.0381117 9.144764 1.9100091 -8.6595335 -9.877825 4.7513275 4.422323 4.671588 9.613006 2.1988404 2.0538893 -3.4668317
injuries -2.7473102 9.386543 2.1895905 0.89989537 0.5061145 -4.143797 5.880426 -0.4494329 2.3762095 4.930471 3.9837503 -14.348313 -6.504201 -1.9458584 5.266606 2.6933346 5.842926 -6.325603 9.444982 -2.064395
legs -0.5101371 3.059709 0.8887497 -0.19992341 6.7095222 -5.2691746 7.759763 -2.3584273 -0.4198425 6.1019583 4.450468 -5.134688 2.3386238 -0.89377683 4.389424 -1.072521 8.786622 6.966402 10.332489 -5.7928686
tie 2.6734343 1.765176 0.63081723 0.8012409 2.5499094 -7.9295425 -2.850064 3.4352145 -2.3924382 4.3849783 2.2208958 -2.624177 0.36885586 0.19496825 1.7833376 3.9276552 8.634793 6.7582674 2.7917929 -4.581966
pitch 2.2180948 2.9560714 2.403277 0.76921505 2.136373 -2.7041087 -0.45699564 2.0467608 -3.9765766 1.1180453 2.2672424 0.44210458 -0.30491439 -2.041886 2.899165 2.2062669 6.6016483 2.1045012 11.777317 -5.714435
lap -2.493012 0.7352813 6.3747177 -3.494119 1.1039163 -11.609551 1.2512105 3.9481199 -6.2361674 4.24732 6.571855 -3.5841 0.2133005 5.0183525 3.3271153 1.512457 15.121841 -8.187065 10.344141 -9.147797
jump -0.3363875 1.5130064 -0.44930598 -3.31863 1.5380946 -5.3193135 3.5849006 -0.6008265 -1.5931634 1.2289594 2.8734028 2.1222 3.716365 -3.2576082 1.889146 1.2182667 14.105429 1.7093208 7.054961 0.48090863
pole 1.3643163 -2.7695324 -0.8554672 1.8994012 3.2262719 -5.050355 0.56311095 -0.8262897 -3.9910734 3.5257845 4.6670423 2.332912 6.5924087 0.050010983 0.4040716 2.1414866 10.833418 -1.8515149 3.8848362 -1.9323195
opponent -0.66090983 -2.5378792 4.6148853 3.1414914 6.413937 -5.365139 0.16376661 6.470171 -0.9680723 6.359684 2.3919191 -4.594369 -3.8116026 -1.5669671 0.95567155 6.7724376 2.8068619 3.738034 2.9400876 -3.8283684
riders 4.244691 0.37365478 -4.71552 -2.7034478 2.0316482 -3.8723195 3.0385466 1.0006998 -2.8595312 1.8233948 4.8103967 0.6036103 -2.3279984 0.4863909 4.535196 1.9770441 8.426936 -1.5777438 7.290225 -4.5479565
spell -1.5294384 3.317395 1.9590036 -2.8817208 1.2413958 -1.7441773 -3.904171 5.477275 -0.01721506 -0.2831201 5.7361555 -4.4740624 -1.1036447 3.0460374 1.0073925 -0.78620124 6.1748767 1.177417 5.688303 -3.5637279
knee -1.6096624 7.8916245 5.063047 2.3310356 3.7117255 -5.535353 2.598924 1.8415573 -1.0422018 4.3003354 4.9898343 -12.85827 0.16543494 -1.8274002 5.95806 2.8886824 8.558369 1.1244174 9.494862 0.33461285
upset -2.124053 2.1060128 1.2796444 -0.16214198 4.3487296 -4.424981 -1.7622055 3.023605 -0.37785244 -0.030114247 4.2663713 -5.918571 -4.357139 -4.089745 -2.071428 6.215644 5.820978 3.3514376 0.20118964 -3.0287256
kick -1.3940295 3.8748784 4.866691 -1.4877036 3.367089 -7.347871 -0.538752 5.4360065 -6.8512764 3.6388628 3.4592543 -5.281757 -1.0844066 -2.8214853 3.0095718 3.5206885 8.956576 3.7095997 8.4563675 -2.6906826
shoulder -1.8606088 4.2241373 3.0017786 3.3949473 5.1722693 -6.222531 6.7099996 -0.3344358 -2.6436596 3.9298878 3.2526197 -6.430646 2.3451698 -0.34903017 4.134568 2.6862426 6.8124967 4.3863983 9.227681 -1.6629058
balls 0.11617832 4.157866 -1.5488837 -2.9871328 2.2228549 -5.608327 4.1594877 0.80535686 -1.4366895 2.9223382 3.3037648 1.4005077 -0.7548119 -0.21776742 4.7705874 1.03672 6.117228 3.4650826 9.6098585 -7.3066483
tight 1.7755643 2.6343918 4.0386124 3.355169 2.631494 -4.3338847 0.31498072 2.2116275 -4.1834064 0.6203205 2.1169257 -1.854203 0.29793555 -3.0059757 0.19449274 4.4214644 3.8684623 1.5256555 9.816527 -4.200545
lengths 0.3773084 1.7731827 1.0453305 -2.1428025 0.55404526 -5.1340585 2.8734975 -4.401892 1.9755149 3.3492584 2.2521 1.9906634 1.2509849 3.5485137 1.4708825 -0.5866844 11.664175 0.9779896 6.270177 -11.736042
climb 2.439453 -1.0579338 -1.0089335 -2.7071807 2.1807451 1.1402882 0.7939356 -3.9368527 -5.4408493 2.1630185 5.061712 -2.7021983 1.5758343 -0.06437751 -2.9140375 1.00107 13.278884 -1.4253801 6.469863 -5.0013876
narrowly -1.036509 -0.21524437 2.1298223 3.8984127 5.6707034 -7.374182 -1.4427062 1.8027943 -0.541511 6.3810287 4.6213136 -3.7755723 -4.0461774 0.28349635 0.8017016 3.0451126 4.869681 1.2384909 1.28149 -4.7468166
laps -0.7578492 2.8448315 3.7444837 -1.9433608 -0.8514621 -12.957244 1.6083151 1.5600369 -4.1796403 5.1997504 4.948845 -4.728026 -3.863741 3.996798 6.9146347 -0.51548064 15.694321 -11.719781 10.121779 -11.325778
penalties 0.0057153353 5.5700727 2.319667 0.2977789 -0.49107718 -6.5456486 -1.7822257 0.7282095 1.7037115 9.613219 0.8824003 -5.21164 -11.011362 4.332803 4.7687016 4.533975 5.2019825 2.5944288 3.3925595 -2.8330266
teammates -1.771227 1.5743644 1.0626055 -1.9596782 5.19536 -2.6778507 0.8062313 5.2416706 -2.7283597 2.3374355 4.395423 -6.1591 -0.4902791 -4.9471335 7.9902143 4.734543 4.7715845 0.1554366 3.0052156 -2.860902
finishes 2.3693264 2.9899416 0.44152734 -3.41618 -2.1598573 -2.6549575 -0.5825444 0.80610913 0.13663593 1.3562471 0.103864394 -0.20344779 2.8881228 0.39046818 4.7809567 0.9650735 10.65221 0.7386088 4.4675527 -7.7203293
halfway 1.7269423 1.5917541 0.26261985 2.2215252 1.8242507 -5.2872305 -1.4606688 -0.5214348 -5.9245844 0.10974217 4.309746 -1.4806974 0.6552022 0.6883424 -2.8023756 -2.9868917 8.883422 0.987308 2.5819392 -4.196477
chances -0.029691042 3.3148496 4.2766223 -1.9844747 2.5117388 -3.0688698 -1.2228347 2.5876336 2.7898614 2.908957 4.853538 -3.2134137 -9.065151 -0.8685629 0.7229608 5.49351 6.2295427 -0.13041839 7.674541 -3.6015673
catches -4.80204 3.8245685 -1.6482478 -2.7586248 2.2401583 -4.148736 5.696645 -2.1031287 -2.1770039 -1.5571831 3.1956058 -3.7720733 -1.8483442 -3.3424745 1.5091568 3.535155 8.238458 -1.2855572 4.564722 -5.7825937
defeats 0.99495023 -1.8013065 -0.5961486 -2.47615 3.8613 -3.1166782 2.886171 4.937061 2.002111 7.7914987 4.7231164 -10.322493 -0.60871226 1.174474 -1.9487166 2.740858 5.4556127 0.92103904 3.3612232 -5.7487097
sweep 3.3182325 1.5023065 -1.5738858 1.4705825 0.6772489 -5.107256 0.7687015 1.194937 -1.8830711 3.5913537 2.8760304 -2.315037 2.12305 -0.9025609 -2.1071863 3.161638 5.7718534 -0.10793893 6.6853285 -1.2000315
opener 0.23006661 4.3708706 -1.0745169 -0.18138124 0.49437594 -7.537519 -4.1855507 4.114929 -1.8016775 0.35759193 2.716368 -4.656655 1.5638702 -4.996057 -0.114428826 1.4054728 6.848562 1.0509844 3.5452783 -3.1884532
ankle -1.9708768 8.817247 4.9045997 2.12823 3.4481335 -5.7304406 3.534147 0.95001113 -2.0556655 4.164145 5.464816 -10.603476 1.2774949 -1.2848896 6.2299128 2.6547933 8.790758 1.9187373 8.858831 -0.06679604
trailing 1.3641165 -0.51119906 0.9598277 2.0614133 2.8717656 -7.4659386 -1.5701467 -1.7452921 -3.655758 4.213952 0.7576171 -3.638709 3.0580986 -1.9843712 0.50451833 1.8962072 4.7854896 0.5993837 7.350389 -5.894312
kicking -0.94630784 1.9081776 -0.15988638 -0.26516682 2.6287057 -3.1532545 0.9238098 2.0998628 -1.9604825 0.42674068 0.96356946 -5.452099 0.39363796 -3.0090497 1.5388236 6.3716197 5.9150367 2.551166 8.184309 -5.7634034
foul -1.2378469 2.1147068 3.3211186 -0.61912054 3.5263379 -5.5714617 2.9169662 2.3389168 -1.6406039 3.8270526 3.0273802 -5.1155934 -3.710546 -1.4412934 -0.6796715 4.8037806 4.8044744 2.618672 4.2103057 -4.427887
kicks -0.27384397 2.6572719 2.7447922 -3.1591642 3.1684887 -3.9298143 2.1184196 2.8608105 -4.9748464 1.6880676 1.8614283 -5.5566816 -1.1267775 -3.512526 2.5662017 2.0069752 6.7730384 4.405165 6.7158203 -3.9115195
strokes -1.3792386 3.3404589 4.935326 -0.91379374 1.1253417 -2.83959 4.659678 1.1412767 3.1320028 1.690364 0.18993479 -2.0994415 2.7661839 -1.6392527 4.4089217 -0.9097018 5.9669986 1.3932111 7.3157916 -7.3946013
pitches 3.4888468 4.69663 0.21528885 0.75937074 0.97747105 0.27528003 0.88158405 -0.23477562 -2.4758682 0.7785826 1.0030305 1.1086348 -1.5026524 -3.2747233 7.029786 1.7928894 5.1044865 0.7706041 11.416092 -8.969928
forwards -0.046601832 -0.9921227 2.5994782 1.2196851 3.717861 -2.5832546 0.0011132684 2.1731212 -3.1111653 2.937088 0.9824854 -2.736744 0.97923154 -1.2551345 3.728252 3.857393 2.8451622 0.7032201 9.241661 -5.3345714
umpire -4.601726 1.5046467 -0.8722237 4.0954633 3.919378 -8.44236 1.3731008 5.329072 0.35851404 3.7739735 1.2257764 -1.6486222 -3.0154734 -2.79797 6.764079 7.300405 4.1481767 -0.9446708 5.5666533 -4.9123626
elbow -1.2852321 5.34407 4.7403564 2.9713943 4.015968 -5.130633 3.3489943 0.5433596 -4.0065956 4.3517585 3.1425438 -6.87859 1.4269327 -3.1653712 3.1064584 1.8414083 5.7256303 3.2791898 6.8928723 -0.5979015
wrist -0.92692673 4.745688 5.4552245 -0.14899269 3.7236116 -5.8615613 6.7184906 0.7374743 -2.230353 2.6208937 3.267774 -5.758215 1.8467304 -1.2424979 4.1793 2.448941 6.3089237 3.8264787 8.87903 0.6813061
heel 0.82078445 1.1404986 3.317672 -2.1121366 5.470812 -4.095188 2.6811502 4.2680235 -3.3407114 5.097568 6.2770267 -3.9762824 2.8840327 -2.2210345 1.4734418 2.6515691 1.5757688 3.7962642 7.2460127 -1.3000797
brace -3.028393 2.815259 2.5804026 -1.161052 0.1833002 -2.6100457 -4.3315644 4.0658903 -2.9819698 4.2613897 2.11084 -4.315778 0.47260278 1.3366125 3.1523414 -0.5631787 5.3409977 -0.045298435 4.4911594 -3.3648212
restart 1.1267705 -0.6910836 3.447285 -2.39895 -0.5122132 -6.1848087 -1.4108175 2.189795 -4.5551925 -0.7744854 2.414073 -4.105765 -3.2206635 3.5711954 -1.1087577 5.4801826 5.4991283 -3.487002 6.363925 1.8511094
punches -0.8615554 0.8762283 5.415741 -4.4100914 4.8568797 -7.9705515 7.224613 4.085625 -3.5925689 5.4823356 4.8495283 -6.726936 -1.9496925 -1.413939 1.0602479 2.927151 5.636275 1.5118048 8.24081 -4.8225617
comfortably -1.3551403 0.55332476 -0.028922128 0.24103841 3.1557708 -2.2548108 -2.2756443 0.82986706 -0.6814436 -0.74551624 3.1418295 -0.35970297 -3.141563 2.2765489 1.074201 1.6529523 6.1649733 2.8526545 5.5248137 -5.8423448
hurdle -3.0486145 2.8028858 -4.1015954 -1.6776975 -1.2239255 -2.753964 -1.1727129 2.397339 0.6371949 4.90491 4.410333 1.4089693 -0.79555476 3.2719646 0.9553738 5.1487303 11.20462 -1.8778694 2.0088208 -6.5713096
batter -0.3003575 3.424097 2.9946117 -2.7513044 5.198945 -8.256629 0.7855981 -1.5438054 -2.487745 4.121184 6.024158 -0.39371002 -1.5983716 -3.5866883 2.830642 2.1612387 4.58211 2.5648227 6.5431514 -6.62072
rebound 1.8659906 4.815375 5.0941477 -0.7520801 0.40032083 -4.5170135 -2.728016 -0.093847394 -1.7631402 2.531371 3.9567752 -4.809912 -1.021747 -3.095913 -1.3899267 3.14419 5.6430707 -1.1909745 5.2921014 -2.8723335
concussion -1.6670994 8.567381 5.401396 1.0003747 0.08531669 -7.043207 3.527319 1.553409 1.9399225 3.5114071 3.6121795 -9.851841 -2.228947 -3.7244425 4.358923 3.806989 6.8636208 -4.1758804 6.5396504 1.7519653
umpires -1.5135877 0.8427846 -1.9353455 4.0262966 2.3316908 -7.4929667 2.3207355 5.654178 2.5435293 3.0864208 -1.3222487 -0.5496603 -6.4916883 -0.39409065 7.5213804 8.255989 3.8154924 1.2551798 6.6565666 -3.4417937
stoppage -1.9344748 0.55680984 3.9966426 -1.0640556 0.2698999 -6.8448586 -3.7386413 4.383065 -0.80977714 4.0603437 1.1356672 -8.936434 -1.8478271 1.66167 -0.79668844 2.4056284 7.255102 -0.058251027 4.27325 -0.6875403
outs 1.273402 2.3672452 2.57672 -2.0098536 1.7356836 -9.470686 2.808405 0.18805288 -1.0041145 0.25669417 1.34102 -3.4317772 -3.3436573 -3.1764872 3.2468748 0.5069825 5.1394553 -1.1921716 4.38654 -7.1691
thigh -3.3455315 3.8413036 3.7100494 2.1275733 5.2375283 -2.8025453 5.4403453 -1.9181205 -1.7854888 4.5571747 4.0937686 -8.349818 2.1364768 0.51065546 2.7969072 -0.72896606 5.7254577 4.157126 5.965946 -1.5196717
stumps -2.9443533 7.653053 -0.6109878 2.1408489 1.8312699 -4.43218 4.3569183 -2.9699905 -1.5332063 2.448615 5.661771 -0.93300045 -1.3230782 2.1482937 -0.8987875 1.1073133 5.221876 1.9660295 8.341199 -9.078863
hamstring -1.3087118 7.9512634 4.329244 1.0030197 1.9538616 -6.011274 -2.1613798 1.4530163 1.023983 4.8237357 5.7381234 -12.650389 -2.5579107 -1.8722445 3.491317 2.2554648 7.126662 -1.3122381 6.961403 -1.517069
reins -3.0374289 -0.46551135 2.2773657 1.1441859 4.1451354 -2.1172638 0.45607594 6.1563935 -2.7935605 -0.108245395 6.116078 -0.2871063 -3.2361515 3.774191 4.8277297 2.8665009 3.0990758 -1.6112374 3.4756968 -0.02288269
groin -0.88589686 5.770475 4.0895696 1.9013112 3.0895247 -4.3903666 3.2812438 -0.7417322 -1.7028501 3.8701327 3.4279535 -10.015548 0.5001895 -1.402749 2.7796755 1.5523818 5.3468695 2.167202 6.0261374 -1.4733
warmup 0.68396443 0.94775057 -3.411313 -2.3606682 -0.6471541 -3.6236777 -1.7792286 3.5035114 0.10782614 -0.5555902 -0.31796658 -3.673354 0.77666146 -0.74207306 1.593557 0.030410415 7.455017 2.0593092 7.165433 -0.69652677
deflected -1.2126082 0.8371712 5.571922 1.1909645 2.3162382 -5.3273053 0.09041723 -0.2930039 -5.068652 4.2520437 1.1276349 -7.30439 2.9524856 -1.9844222 -0.8800958 2.7227407 5.2843976 -0.29954004 6.1126003 -3.4488497
equaliser -4.2071123 3.6525207 4.9947786 -1.1703173 0.02326035 -2.6028244 -7.81108 8.333329 -3.4704108 5.963206 4.8345985 -7.8661385 -0.9066583 3.361715 0.23341702 -2.1043065 7.7088127 -0.11461122 6.198867 -5.056379
sidelines 1.3739041 1.5509933 -0.28850928 1.9985933 2.1381164 -3.478163 0.028577257 3.5411081 -1.2152337 -1.5173662 2.235677 -5.484907 -3.0247304 -0.9313583 1.5962223 2.2775636 5.0155225 0.3157417 4.437478 -0.7852465
cruciate 0.053699154 4.4385767 6.1564016 3.7863514 2.6627407 -2.028352 -4.5519876 0.22210358 -1.50424 3.9327846 2.3552237 -14.503818 1.5346981 -0.36088082 4.465634 0.8486657 5.4522724 1.3720839 4.3740544 -0.81808305
passer -2.6789503 1.5453428 3.433415 1.1851693 0.8207326 -6.0126762 -2.9769263 -0.17982987 3.4020512 3.1459472 0.27097473 2.4282343 0.22696382 -7.3896523 1.6921659 6.8416543 6.7008786 -3.2544026 4.905198 -4.466955
putt -0.9635183 0.56483155 -1.1929021 -2.0608878 1.203821 -2.7761095 0.49065447 1.76875 -3.480654 5.246005 3.8869998 0.19122063 4.1857677 0.31114486 4.1180615 2.0146706 11.357542 -0.66564524 3.4532776 -5.224343
equalizer 0.18104748 -0.7179798 5.463536 -2.541401 -0.42398724 -2.7150748 -2.9841206 5.578519 -3.3741345 3.4619353 0.5594509 -2.0391154 0.24592623 -1.4911675 0.4953124 -1.2502855 5.3419394 -1.3185341 4.6326885 -1.6302445
slams 1.6421311 2.7780232 -0.38087445 -4.700111 -0.2875825 -4.087252 2.9617012 4.112807 -3.0851452 3.0803657 1.4027468 -2.4747791 2.0999482 0.2454499 3.6931524 0.088452384 8.282253 4.837251 0.2717773 -4.608577
sixes -3.8715384 0.38980258 -4.570108 -1.8468674 1.6953003 -6.2093596 1.2483596 2.9967806 2.165687 4.306866 1.9242196 0.7795904 -1.5706534 0.012325597 3.8830895 -2.7806242 5.8765755 -0.8786811 7.45112 -10.9329195
puncture -2.0658512 3.5529952 7.8675847 -1.3119636 0.9831042 -2.5432491 4.832418 -3.2163963 -2.5950592 3.3369553 3.3532717 -5.2037225 2.122621 1.722058 1.2574044 1.4340197 6.318287 -1.9926611 7.1733184 -1.7294515
crease -3.3448472 1.791181 0.92377055 3.3003955 4.718207 -4.757481 1.3654932 1.1421828 -0.22500439 1.2173408 4.4763203 -0.9223265 -1.3193127 0.15077122 1.0769643 2.2726724 6.8853273 0.95431393 9.28115 -5.4855804
midfielders -1.1297071 -0.268063 3.5495725 -1.4265382 3.4977427 1.9121922 -3.5037923 5.6286554 -1.1405209 6.01238 2.4943335 -5.462407 -0.8796154 -2.7747812 5.9884186 2.0172791 0.60053384 -0.16333525 6.7378564 -5.1508317
dislocated -2.1881669 4.33945 2.7992344 1.650289 2.475101 -2.3079813 -0.0915177 -1.0788888 -0.9617418 3.4044979 1.8865997 -11.23286 2.1883023 -0.79827535 1.3736573 2.0686402 4.2184334 2.5785892 6.167787 -0.19789542
offside -1.1154107 -0.836399 4.60487 0.48702475 3.04037 -4.5164437 -1.0442442 4.6627154 -0.86783606 6.1973686 1.566038 -3.8891983 -3.283704 2.8746204 1.8919574 5.5208526 4.6875906 2.8363278 5.4473696 -5.0782866
crossbar 1.4626275 -0.057843823 3.5862937 0.9954079 2.222279 -6.171843 0.540146 3.4231353 -6.45779 3.8061664 2.170202 -1.8046329 0.5465779 2.2383945 2.8228722 -0.4783314 5.210795 0.8122023 8.658597 -3.602072
scrum 0.069636784 -0.41037726 0.5903873 1.6312468 2.8693082 -3.4754047 -1.4561086 2.6567597 0.07928921 1.6693326 2.185441 0.73919404 -0.29763684 1.1616029 2.8593307 5.568814 3.182819 1.0450269 9.195623 -4.541299
freekick -4.9155936 2.9547303 4.819278 -0.92393565 0.98683864 -1.9744503 -3.604001 6.1872864 -4.564639 8.604497 3.9611638 -5.6405945 0.10957865 1.6175394 2.419821 -0.2464136 9.133358 -0.79346114 6.5017314 -4.0821433
defensively 2.1865113 0.4975485 2.3188252 0.46490356 3.9219768 -3.0498748 0.5071122 0.44019467 1.2726904 2.1444266 4.9643865 -3.42149 -1.5662237 -2.4090838 1.8797072 6.735151 2.4166908 -2.5419621 8.345477 -3.1546764
timeout 2.343757 2.1915429 5.362264 1.8903692 0.37672436 -8.530997 2.65243 3.7733955 -2.9374158 -2.016208 0.30570927 -0.4718022 -3.8475697 -1.8738137 1.6029483 3.8440511 7.547841 0.67565405 3.3381176 0.20135866
thrashing -0.7701966 2.729545 -0.8072163 -1.3753566 1.0903732 -1.1359963 -3.4336312 2.7643268 -1.0195465 4.0565195 2.7188838 -5.222231 0.2106613 -0.12086797 -1.182398 -0.8682121 4.305164 3.5596907 3.9386559 -3.7299309
dismissals -3.7396114 0.6629985 -1.8246621 1.5540732 -0.16848713 -5.0767636 -1.0470912 1.9991318 5.9786077 3.7965236 -2.0572462 -3.0227742 -6.6890755 1.2277814 2.8951542 2.109308 3.385909 -0.32453674 4.232069 -4.669339
fouls 1.6398096 4.9296584 4.808676 -0.5717265 0.65782946 -6.057195 4.1999016 2.9364278 3.2054284 5.5580096 0.37192515 -5.1492176 -5.9299483 -1.7989705 6.2822433 7.456005 6.6686997 1.1324714 4.8725724 -5.031612
offensively 1.8744763 1.909238 3.4430299 -0.4206158 3.0009406 -3.1292212 -0.66449 1.4893183 1.5509729 1.3371505 4.992173 -4.2051 -1.1977993 -3.842463 0.70648897 7.155823 1.2501104 -2.2141533 7.532587 -2.864998
fielders 0.7332349 1.9324969 1.4575586 2.4628806 3.8017151 -6.0194535 0.9765029 0.5723999 -0.32582152 2.917074 2.3605127 -2.07423 -2.5865276 -3.8381891 3.0626097 6.410578 6.1947093 0.4123701 7.277055 -6.890224
punted -0.0031554368 3.799928 2.269504 3.1648622 1.74262 -8.500769 -3.4999564 -2.9169517 -2.427339 -0.6498001 2.1433468 -8.63951 1.531637 -2.9664276 0.07931789 5.8606024 7.1764846 -1.0187922 4.0185943 -5.1352158
eliminations 4.6093616 0.7443612 1.363919 -2.4396586 -0.44627035 -6.511517 -0.037560858 2.1821592 -1.0955907 2.1599488 -1.313815 -2.9039693 -2.628098 -1.6563907 2.8181863 0.59829724 6.7040462 3.1304286 0.5461251 -2.6882434
openers -3.31967 1.8553321 -0.99978113 -1.5971242 1.1181651 -6.0686097 0.016823018 3.3381 -0.15271136 0.44790667 1.2290617 -0.39136338 -0.9078217 -0.3647966 0.7489478 -0.22121432 3.2319064 1.9452785 7.241479 -3.7827284
sprained -2.762238 6.273644 5.0635514 1.266635 1.8029026 -5.4630513 0.3174449 -0.9440428 -1.9063172 2.8548338 1.3493785 -13.062965 2.569184 -2.500299 3.7506275 2.6575682 6.631197 1.5803568 4.7432585 -0.92538893
dribbling -0.570154 -1.3200371 1.8494418 -0.36423415 3.1115427 4.8816 0.1847955 3.791282 -2.4567473 2.8820624 2.3660057 -1.307784 0.9559886 -2.548892 2.0424082 6.4474525 7.220952 0.9510903 11.012254 -4.4334493
shorthanded 2.3794246 2.8162024 3.2909925 -1.2738236 -0.60308856 -4.1800356 -3.0248559 -1.2062942 -0.96467555 2.2482574 0.43314382 -5.0191092 0.03872527 -2.5855994 2.8239145 5.657641 3.9050252 -0.5245683 3.1984072 -3.1938682
onside 0.6473534 4.3368263 5.6781425 2.1027343 2.2637067 -7.358881 -1.4171253 1.1833879 -3.4718251 1.9419478 6.048675 -7.2737637 -0.8030723 0.12695639 -0.5269263 7.9466286 5.9382586 -0.40428126 3.91958 -0.67725724
bunt -1.1880267 0.6301534 3.9141831 -1.766552 4.5727296 -4.661889 1.3266765 -0.7895496 -0.5541564 2.4431345 4.49605 -3.3661282 -0.08484083 -3.5831904 0.90980744 3.6808672 6.251917 0.28391856 -0.13478504 -4.0756536
backstretch 0.16938262 2.7282672 2.1766531 0.5474556 0.9198248 -6.329968 1.053829 0.32232586 -6.8361187 -0.29859844 5.999032 -2.574654 0.012939471 1.7608992 -0.18049645 1.9016048 8.519212 -5.0772333 6.4629073 -5.017555
collarbone -0.13772023 5.993396 3.5801413 0.8873036 2.0736394 -5.039336 1.9961764 1.5494443 -0.5477346 2.7466087 7.0925083 -8.912007 1.6532788 0.77138996 2.009008 1.1627293 6.9387407 -1.7512362 5.135314 -1.2481014
layup 0.2874862 3.8137217 3.6456776 0.71624756 1.0518949 -7.949658 -0.36144504 -0.18057635 -4.4193926 2.1798728 4.6271834 -1.7189229 0.6633843 0.18433347 1.7349946 2.9141319 6.2980723 -2.318558 3.9779253 -0.68323535
forehand -0.20719197 -1.3146385 3.034459 -2.5279832 4.164645 -2.0042884 0.58765775 2.1792548 -1.5922432 2.8094118 3.5244803 0.4257135 0.26970425 -0.9994762 2.4116719 5.3919353 5.1952233 2.0872629 8.809013 -3.5271778
bogey -1.8247955 1.0001445 0.91053677 -0.9049674 1.1567945 -6.173047 1.1521235 2.1542988 0.20624465 1.9038758 3.6597538 -1.0558223 3.5711584 1.6012541 0.4820325 1.2221999 7.6755986 -0.8198685 3.048141 -5.9326205
shootouts 4.435481 0.2593326 0.27395737 -2.459159 0.14901894 -2.2046583 2.0553024 2.651086 0.051176842 3.230733 0.47734904 -5.3371754 -4.721642 0.25957644 1.533478 1.6108224 3.3028235 1.4245007 1.9835342 -5.286242
backhand -1.1171161 -1.7871578 2.8052428 -3.19775 4.7769766 -1.402476 2.2181919 2.3821342 -0.15790045 4.4478483 3.9890342 -0.08653622 1.1706796 -1.670659 2.4301765 5.027727 6.4999723 1.8362013 9.749798 -4.39038
sprain -1.3483189 7.0659995 5.7110677 4.0367913 0.3173357 -3.2049475 -0.32621333 -2.4059336 -0.94618493 3.0394998 1.7019511 -8.048352 0.044160794 -1.619672 2.4455755 1.8458009 6.582245 -0.024421833 4.597862 -0.19111308
lapped -0.93393815 -1.624765 1.6702101 -2.2517936 0.34814456 -3.0597138 -0.9822269 -0.75371355 -4.342357 1.8476357 0.37147662 -2.354915 0.58109695 1.4053208 -0.31225726 2.5697074 5.8233657 -1.5667844 4.807526 -4.710803
linesman -1.4371263 -0.13011588 0.66829836 1.3073194 2.5483458 -5.0978875 0.37343314 3.545431 -1.6301496 2.1635094 1.3600433 -3.917245 -0.6956492 0.27794114 3.750249 3.7669892 1.4779898 0.060108032 3.1601033 -0.8997394
backline 0.4622659 0.7249997 -0.31064516 1.1712277 2.3349907 -0.49380857 -1.4137759 4.2841167 0.15155698 0.6869033 2.8844285 -2.719118 -0.103482395 -0.85727274 2.925509 3.0717723 1.9421359 -0.49356717 9.469753 -3.1122289
timeouts 3.9366724 2.1297848 2.9557803 1.2203113 0.16811395 -7.2712135 2.1337514 -0.07673512 -2.207489 -0.525221 -0.3382327 -4.1098766 -3.1280458 0.3032292 2.0734997 3.9644585 5.409299 0.51851225 5.540452 -2.572785
downfield 0.97196496 1.4214783 2.7743337 3.228061 2.7456298 -5.3576717 0.14627065 -0.20153785 -4.336651 -0.077044986 3.3612986 -3.018384 -0.50508904 -1.1026276 0.2876317 4.2943854 5.194205 -1.1434617 6.3859906 -2.1921186
unearned 0.3051221 2.4112575 3.2092907 -0.53935504 0.68742716 -5.089037 -1.2766597 -1.3111293 1.1042265 0.4617467 2.1238654 0.2258928 -6.2143493 -0.7318934 0.510968 3.8112535 4.0522127 -0.8165523 1.3347969 -6.353217
tackler -1.1623492 1.7990597 1.2484101 1.3747208 2.5721037 -1.7067828 0.19010848 2.1596758 1.6568211 2.0616224 2.717014 -2.4312367 0.1394994 -4.0625763 1.2579378 5.9658318 3.8747418 -0.486725 7.1998525 -3.2817643
handoff -0.21798575 1.0226297 3.9490805 1.419307 1.4165018 -5.4756503 2.0032015 1.3260496 -2.6940372 0.312415 2.0624301 -0.60181695 -0.80520093 -1.8185611 0.45177934 2.2853649 4.3883896 -1.6079031 3.793095 0.3604429
overhand 1.3143152 0.9137718 3.3151505 0.27763325 3.5572748 -4.594706 1.9678277 1.31492 -1.9807774 2.0192218 3.6379523 -1.6782631 1.168164 -0.96671057 0.8944554 4.168134 3.9901094 2.0508907 8.075728 -3.3723903
goalline 1.0056857 1.3254856 0.99209404 2.031894 0.45638302 -4.218784 -1.2144315 2.345551 -2.3982484 2.3277762 0.99756336 -1.7649287 -0.32746553 0.15857472 0.60869986 4.7700243 4.701511 0.3284955 5.8225446 -0.7330169
knockdowns 2.2000287 1.8038377 3.5969086 -0.27803215 1.6578864 -5.7089577 0.9988933 0.22769067 2.2317693 3.2872 2.2481716 -4.5420194 -1.7092474 -1.910575 2.8623157 0.65618914 5.5988936 -1.0672916 3.012695 -4.281848
scoresheet -1.1133795 2.139359 1.858859 -2.4370058 -0.44606727 -2.2951808 -5.023068 3.355518 -0.55185145 1.0744884 1.6623535 -4.354899 -1.013034 1.3332087 1.514855 0.11848041 4.772323 1.2926952 2.5570924 -3.4101193
uppercut 0.34416917 0.42262754 3.8524485 -0.67448646 4.0357156 -5.6359653 3.2612855 3.8237872 -2.49808 4.2263 5.141457 -4.270786 1.4917189 -0.9593502 -0.22771683 0.4949027 5.071768 1.9087551 4.748653 -1.6737419
turnbuckle 1.4598485 0.8447894 1.2533308 -0.81741697 4.2916517 -7.203241 4.135591 2.6339624 -5.779131 4.0549407 5.535508 -2.1640007 2.228117 -0.623659 1.0501127 0.5392425 5.7526507 3.2984824 5.2192345 -0.7261661
headbutt -1.0308149 1.8623815 2.834745 -2.9316597 1.9244552 -5.063203 3.7739031 3.7376459 -1.7626419 6.0513153 3.7231119 -5.1906304 -0.40844148 -1.4194534 0.17884393 2.3565862 4.8079815 0.8748392 2.7434816 -0.36310586
hundredths -1.1940895 0.4146245 2.8503435 -2.0375662 0.0440795 -4.0556183 -0.060052373 -1.8747174 3.7283266 5.514339 0.193818 -2.273907 1.7925267 1.2274557 3.5527318 -3.609018 8.617902 0.51454693 2.2297237 -3.6629598
tendinitis 0.20618781 4.4384313 6.0839863 1.3890009 1.8922765 -2.0828197 1.3859894 -1.1350261 1.1695898 2.2668827 2.3868454 -7.973444 0.13143595 -2.4393055 2.0316834 1.4190166 4.4476023 0.55818814 5.102324 1.1419816
fullbacks 1.6950715 -0.23466523 1.1202359 1.5297782 2.6953003 -1.4766012 -0.8251337 2.756931 0.8177402 1.2988223 1.8996059 -2.0643356 -0.18714438 -1.1448265 3.545197 3.8586085 1.6334867 -0.12089031 7.0551047 -4.87984
soreness -0.9993822 4.0838933 4.384701 1.3830092 0.9017889 -2.680119 1.2562982 -1.6727635 0.84634525 1.7579491 1.3208967 -6.7602634 -1.0512439 -1.2651484 0.052170534 0.5055453 4.1896152 0.6469027 5.375034 0.015395374
stumping -4.590081 1.1790199 0.16201846 0.4272602 1.3225788 -4.019909 -0.13073674 1.6577542 2.37435 0.09388189 1.987055 -0.058713723 -3.047562 0.48632905 1.1146988 1.1782 5.3907146 -1.2642498 3.9778574 -5.244539
touchline -0.07605039 0.8194957 -0.4656643 1.8853315 1.3341787 -2.8345506 -0.44976532 3.3436694 -2.7747388 2.491197 1.3502078 -3.2609088 -0.977315 1.3537999 0.25420785 0.9900491 3.846401 2.0756388 4.1343317 -2.587022
birdies 0.51323164 2.4410431 0.6194832 -1.3604592 0.7595925 -5.4372425 2.187531 -0.06617066 0.17056766 1.4847379 1.9827232 -2.81351 1.8309829 -0.2317149 3.0287845 -1.302486 5.763505 0.4171772 1.8836988 -5.468737
baserunners 1.590986 2.244185 1.2772107 -1.389196 2.3871672 -5.9303565 1.3707032 -1.194014 0.76329607 2.0289886 4.0331926 -2.9102085 -3.8535943 -2.3118668 2.8006039 4.2545547 4.6593103 -1.9001703 3.1251802 -4.261026
lineout -0.6746019 -0.14536262 0.06262375 0.6861492 2.4891822 -1.9809754 -0.4442977 2.435835 -0.6962269 2.3496268 2.7636664 -0.8408928 0.13700539 0.6066107 1.4036736 4.255474 4.3809924 1.1595085 5.8658967 -2.3708186
kneecap 0.4041134 3.107913 3.5545523 1.4443295 1.8413397 -2.3566828 1.3053923 -0.17046185 -1.1061493 1.6790758 3.4169133 -4.8425546 1.0575593 -0.53732616 0.8709416 0.7806387 4.087106 0.37093493 3.1904883 -0.18084055
baserunner 0.8521143 1.6385609 2.2181416 -1.1644394 2.183768 -5.6867723 0.5607335 -0.577189 -0.64805526 2.0951564 3.2954745 -1.6068822 -1.1569192 -2.7172644 0.42047545 4.894788 4.2032995 -0.4566238 3.6378918 -2.9683776
cheekbone -0.3545845 3.9862576 4.2498126 1.6296545 1.7699578 -2.8659706 0.7218975 0.16136923 -0.28760362 2.9085999 3.729272 -5.73792 2.0343106 -0.030861462 0.6128891 0.9430226 3.0782335 0.6532488 4.4573803 -2.106216
touchback 1.1168672 1.7791842 1.9111109 2.2999413 0.68093204 -5.4833646 -0.9837467 -0.44861662 -1.2437932 1.5460547 1.9722159 -3.872986 -0.44236964 -1.6791635 -0.95972824 3.0563118 4.33742 -1.2735126 2.1479394 -1.3165301
birdied -1.1433809 1.0350258 2.3851242 -0.3506423 -0.13959128 -5.3108644 -0.45633838 0.7597572 -1.572968 3.1401627 -0.5856171 -3.1287463 4.540653 -1.3441427 1.9025344 -0.17495874 6.4333572 0.38801822 0.29483405 -4.461617
wides -2.0483813 0.80834246 -0.16145971 -0.48407272 0.82547826 -3.7417617 -0.64895576 1.0452013 2.150024 2.31799 0.26756617 -2.7041142 -1.6277134 0.12897968 1.3615243 -0.33788583 4.2787724 0.7123186 3.6472166 -6.4425373