Centroid_62 -0.6701545207952828 -0.19423145341981127 -0.8048979091981128 -1.5245465605117918 1.7883163182122634 -1.942396352936321 7.030140156415093 1.2676291856650939 -1.4466851949150945 -1.01574080065566 2.0131240418910368 -4.614312960169812 -4.024405147735849 0.5192653699198112 -0.7650319824966989 1.946117229400943 -1.6191035027877358 0.3044717949801887 -0.931117068018868 -0.9605892823160378
secret 2.6546936 -1.9907123 -1.4267724 -2.5779355 0.1268749 -2.2076368 10.06461 4.0654716 -0.84781265 -4.707483 1.9800792 0.119841374 -3.1604574 3.0086625 -2.4956706 5.744372 -0.56633174 1.7982733 -2.3782854 3.4665327
killing -1.8162242 -1.3107253 -2.9467688 -2.9051266 2.8309882 -3.7640083 11.127329 -2.5339441 -2.3147686 -0.12125752 0.8073949 -12.334338 -4.633058 0.8970829 -3.8554218 1.09691 -0.245576 0.71861535 -0.5566649 -1.9805027
suicide -2.3037655 1.4875326 4.342718 -1.8784853 1.9054518 -3.3567414 11.349034 2.1389968 1.9055848 -1.3823063 2.922287 -9.731608 -7.9811215 -0.35415238 -1.9333042 1.0851923 2.9019198 -1.8075792 -1.3639315 2.5437849
reportedly -1.5918239 1.2261002 -0.9395147 -1.2611302 1.3545198 -3.9230177 3.4414332 1.9968392 0.7506628 -2.227798 3.323871 -4.2498026 -5.9381266 2.050051 -0.7943089 -0.2620848 -0.8815033 -1.070731 1.3118339 1.1206446
gang 0.7939003 -0.41031513 -3.817078 -1.7599422 4.9301596 -3.1876943 10.098095 4.9255123 -5.7498803 -3.1060534 4.2104964 -5.574235 -6.04133 -3.3677325 0.4659634 0.011103063 -5.3671074 0.99440604 0.24483904 -4.4906793
murdered -4.974302 -1.9787537 -3.050487 -1.7291323 3.3992195 -1.7926981 7.8186655 -1.5134244 -0.2179673 -4.1521797 0.7118791 -13.734972 -2.2203026 2.9874284 -1.9407957 -0.21752065 -3.2530396 2.04067 -7.159641 -2.0304263
victim -3.333462 2.5053377 2.845571 -1.5980929 1.3255696 -2.8953328 9.772376 0.33524016 1.6435119 0.5496054 1.5424608 -7.054306 -7.03442 0.15229666 -2.420633 2.7784193 0.7765827 0.97575366 -1.6982429 -1.6353512
boss -1.944831 -1.026949 0.7587407 -4.8812175 2.1463265 -3.2860744 4.423572 7.7431436 -6.4464293 -1.0249678 2.0595694 -4.5022717 -3.4926429 -1.3811086 1.8856877 4.2613034 -2.5608838 -0.24993353 0.3002206 -4.8805404
prisoner -0.8725822 0.23542435 -0.90579027 1.5356159 3.1359854 -4.060987 11.004693 3.6426167 3.0430267 0.030937726 7.420288 -5.447774 -4.4212832 6.4013867 1.0273312 -1.1622161 0.40419003 -2.7977066 -3.9667733 2.9260402
allegedly -1.5996051 0.6252045 0.20052902 -1.3772347 1.258447 -3.9242985 7.614528 2.652005 -0.028002404 -0.23692404 1.5963438 -4.6194086 -8.125281 2.7413435 0.075462 0.67069656 -4.2028866 0.6477762 -2.009316 1.0271555
personally -2.0682812 -0.8280727 2.614259 1.1618536 2.6271307 -1.3896954 5.6144333 5.4716616 1.5562786 -2.996612 4.636462 -0.7838466 -6.330265 4.694257 1.302601 4.4306836 -0.6385485 -1.5381645 -0.7632773 2.4238555
stolen 1.1614354 1.2714623 -3.8329008 -8.004137 -0.7296633 -6.793754 7.2958794 -4.9272184 -3.0201936 -2.8173966 2.2484906 -3.3560948 -1.9007188 3.9266136 -0.119921796 5.649852 -0.3476777 0.14516284 -1.6167186 -2.4114242
disabled 1.198978 1.3546228 -3.7533007 -0.20519727 0.9711828 -2.9520998 5.289115 -4.5898333 -0.67867374 -2.7069664 -1.4973876 -5.3161306 -6.7226386 -0.7003161 5.146877 4.8009677 2.916159 -0.48835605 3.5195267 1.4012678
murders -1.2992159 3.045669 0.33903772 0.2607458 -1.2064095 -3.8493547 12.678783 1.6046903 0.71431196 -2.269136 -0.6765063 -9.584191 -7.5554976 -0.10638908 -1.4281019 -0.20849279 -2.2058296 -3.1316102 -4.4994807 -5.390642
secretly -1.8603103 -1.0261654 1.084644 -2.9005017 3.235799 -0.24972121 7.9887986 2.7853386 -2.8098447 -4.288142 6.024297 -2.383197 -5.2924604 3.6913178 -0.60443175 2.4019704 -0.13262269 0.25631496 -2.7665198 3.9693868
riot 3.3555267 2.4672606 -2.6847777 2.3064752 0.6052104 -5.0254583 5.8204327 5.827281 -1.9444003 -1.7028258 2.431952 -8.223403 -3.2001219 0.40208843 -2.8657544 -1.670542 -2.525951 0.6765433 2.1560738 -1.1107734
suspect -3.9776244 -1.7767054 3.9565194 -1.327546 1.0354221 -3.5478153 10.462642 0.7042568 -0.86667496 -1.2304374 -0.8034695 -4.95265 -7.9044733 1.3225976 -2.2655025 3.411265 -0.9039525 -2.036532 -1.8355792 -2.0040963
mob 1.0883906 2.1916075 -2.662171 0.9522016 3.826797 -3.6858866 8.236324 5.4151535 -4.0956025 -2.602297 4.819401 -8.186733 -5.4751306 0.3558894 -1.5186695 0.11703644 -5.856228 2.6015139 -0.5243917 -4.178159
notorious -0.9324607 -0.64587384 -3.0723188 -1.9097241 0.6117017 0.043237146 4.287827 2.241323 0.6982329 -1.298933 0.34841526 -5.208577 -1.6858485 -1.0751612 -3.4056206 1.7087005 -5.8228846 0.40985358 -0.63214296 -4.981791
criminals 2.084254 0.47835064 -1.9260147 -2.0862756 2.220855 -1.1806535 11.754515 1.6183747 1.2512546 -0.105516545 2.8698843 -4.631762 -9.120436 1.4850293 0.0036295694 4.4249787 -5.0309644 1.2798678 0.14004377 -0.67496324
kidnapped -3.29935 -2.86098 -4.358378 -5.7342176 3.7193027 -1.7227701 9.273128 0.23112267 -3.2220662 -3.1872017 3.175428 -9.574589 -3.8238013 -0.5062355 -1.2706891 1.6641217 -1.0015618 0.26942042 -6.374998 0.4258049
suspects -2.346312 -0.59355223 1.3686267 -2.626681 0.48067716 -4.434026 12.681235 -0.03712919 -1.0192119 -1.1800712 -1.5416759 -6.5303926 -8.834309 1.4499242 -0.29208034 1.8713032 -1.105833 -0.95151955 -2.1465816 -2.4482527
robbery -2.2429535 2.9546719 -4.5560226 -2.1999052 -0.9944843 -6.7507343 9.568674 1.3692633 -5.905802 0.23490386 2.4292932 -7.042343 -8.308608 3.5159059 -1.5766257 1.7913542 -2.6669784 -3.1178308 -1.6148679 -2.8088355
disappearance -1.2798792 1.7970128 1.82343 -0.59604603 -0.8561496 -1.5484993 7.151922 -0.46338484 2.2202926 -2.303604 2.4661717 -5.202626 -5.3345337 0.39138132 -5.089375 1.0131052 1.2425992 -3.9651723 -3.7543843 -1.5487821
mafia 3.8802905 0.05978234 -1.3976496 -4.804205 1.3955812 -0.4376498 5.3252563 7.037992 -1.0463427 1.0753398 2.8172138 -6.1079993 -6.1705675 -0.1489984 1.8852057 1.0687066 -9.935924 2.2601538 -2.7572443 -2.963212
stealing -2.715854 1.5163935 -3.1302388 -8.056851 0.7612509 -4.028524 7.533925 -3.2011456 -3.921641 -2.6749203 1.5311338 -4.5431466 -4.186315 1.633379 -0.5034048 6.2306046 -2.0753243 2.5862684 -1.0248381 -2.0899773
captive 0.8700998 1.7779994 -3.3029208 -3.1029868 3.055111 -1.2811804 9.343926 -2.4930487 1.7982898 1.8975872 7.7586665 -0.86791563 -5.17456 1.4896058 0.2228018 1.4073073 2.1124122 -0.5055591 -3.2610397 1.7580425
hostage -2.070053 -0.5885243 -1.898328 -2.2420113 2.618059 -3.0876813 9.709281 5.062211 -3.1321998 0.5709702 5.4343867 -6.1699724 -8.667841 3.016575 0.46455655 0.8796967 2.3911455 -1.9836088 -3.5110838 3.3623118
infamous 0.68186146 0.26515022 -2.7180846 -1.4458793 -0.10735922 -2.27871 4.3106723 3.721609 0.15235107 -1.0450132 0.67507964 -5.2947125 0.0710562 -0.8513873 -2.9613037 1.0025593 -3.0786269 0.4598693 -1.0181832 -3.3830833
promptly -0.7510534 1.1670018 1.481958 0.8547454 3.105781 -6.5322585 4.300798 2.5707586 -2.9490597 -0.8807025 6.5435653 -1.8706318 -4.7893944 4.529502 0.34186402 2.068987 1.3010052 -1.3081499 0.2635548 1.9804413
tortured -1.1670471 -2.0835152 0.36223266 -2.1085587 3.5176275 -0.9889144 11.104182 -0.007480938 1.2829541 -1.7939061 1.7460409 -10.529822 -4.195414 2.939459 -2.0848384 -1.000678 -1.677374 3.6172574 -4.3706594 0.94242495
kidnapping -1.923214 -0.32175168 -0.65647733 -3.8258877 0.30632535 -2.057694 9.448926 1.9041309 -0.026462495 -0.31968835 0.77915955 -8.30941 -7.922716 -0.014122068 -0.61072785 2.67629 -1.8992827 -1.8958523 -5.2491713 -0.03372557
gangs 4.2632823 1.5922858 -5.9960427 0.6340193 2.62012 0.25539547 7.2585845 3.7703905 -2.674511 -1.1436183 3.5880518 -4.8825603 -7.9665194 -3.0738046 -1.2978661 0.9784358 -7.569679 0.7829999 2.4915485 -4.052791
committing -0.777734 -0.19271126 0.010167235 -1.4987535 -0.048928417 -3.16317 5.0520716 -0.5991403 1.5776502 0.30050704 -2.7075415 -9.045306 -6.6942706 0.24984565 -2.2649543 6.6975427 -0.15412644 2.388795 -1.2848775 -0.68245924
insane -1.6170202 3.0883424 2.2721143 -1.0062404 2.1453867 -1.3074536 7.832876 0.87814826 -1.0956072 -4.849673 4.4398904 -4.504588 -3.4087076 -0.4664534 -3.4271035 4.0621862 -0.76702505 1.9703428 -2.145035 0.903719
slaughter -1.4319451 2.4882035 -1.9790459 -0.58771247 2.5940735 -2.3197677 5.4149613 -0.77409154 1.1023943 0.3420589 4.392499 -3.5243633 -2.843076 1.0445398 -2.852214 1.3626214 -2.4877179 3.058262 -1.370161 -0.6325496
murderer -4.667082 0.2089866 3.1514368 -2.4082053 1.9982972 -2.3842742 12.139775 2.5757828 -0.8996184 -1.598656 2.2851565 -4.681448 -4.515576 0.6180014 -1.3263983 2.9685318 -0.72036827 -0.53338695 -4.755353 -4.130715
undercover -0.8453066 -1.6222277 -3.010674 -3.4821124 0.9765954 -3.7611315 9.622178 2.5703676 -3.5803387 -5.62192 0.8378661 -4.0121746 -4.86475 -3.7080255 0.5340439 4.376761 -3.2976768 -3.6029239 -0.7013452 3.9117005
raped -5.561086 0.33279774 -2.027891 -2.0606744 5.1680164 -1.8549693 10.296732 -2.116112 0.2311133 -4.223597 1.5741028 -10.350382 -7.265468 -1.7069309 0.8051532 -0.40900052 1.2899609 3.420091 -4.481615 -2.6057477
confessed -5.9011316 -0.12733309 2.2188647 -2.622986 0.9717528 -3.8765967 6.715491 1.3490365 1.7054963 -5.15873 -1.2709117 -9.541567 -4.0550017 2.2324083 -1.4469659 2.2020466 -1.3331892 1.8418862 -3.835064 -0.63440704
killers -0.12973748 0.75710994 0.66633373 -4.3852024 1.706583 -3.4006975 9.510351 2.413588 0.8767725 -2.7082765 2.2693682 -4.1695294 -2.7336519 -3.1573339 -1.6571162 0.29188076 -2.24706 0.7184668 -1.3731172 -2.4987342
thieves 0.95883405 1.282857 -3.903622 -5.8010845 1.259122 -1.8669403 9.716252 2.3610234 -1.7648938 -2.0811899 4.0168796 -3.1837876 -2.8588085 2.5452144 -1.1370708 0.61947167 -2.8677807 3.0006368 -0.22811311 -4.489173
spies 0.08352343 -2.6827881 -2.0464013 -1.9894034 2.305835 -1.2289189 10.238368 3.356422 0.5132578 -1.931219 3.4755616 -2.772013 -1.7318952 1.9811908 -1.8829435 1.3556612 -4.597623 -0.792559 -0.09987392 2.4560502
detectives -1.5220673 1.1158876 -1.9055007 0.5606197 -0.044500783 -3.966452 12.277396 1.448785 -2.6284199 -4.9496155 -0.09855045 -2.8851986 -4.8852997 -1.6483155 2.4419825 4.3758307 -0.94353706 -5.336658 -0.7704775 -3.0617237
policemen 0.97845584 -1.2092067 -4.887286 1.4828833 2.9175181 -2.8794684 11.209914 1.4869395 -2.1939628 -0.598975 0.52223146 -8.586741 -8.254749 3.4832282 3.7600753 -2.5856059 -1.5576569 0.0726214 2.727409 -1.0464365
comrades 0.49515036 -1.4855654 -1.3449615 1.0345253 5.0421185 -0.33223796 8.864253 4.232004 1.2159425 -0.66959584 5.979138 -5.7904687 -3.0167294 3.3927863 0.61910343 0.8559526 0.8171644 0.5644675 1.380133 0.4027641
posing -1.9481728 -1.3402857 -3.0324152 -4.596069 0.5387535 0.93055165 7.1140137 0.74687576 -1.885558 -3.3967032 -0.89581937 -3.9340212 -0.71181345 -1.608567 -1.2952207 5.749307 -1.8838358 2.1111379 -0.4241179 0.60520816
abducted -2.7714818 -2.3650684 -4.2684765 -2.9377286 3.3326724 -1.4049884 8.351362 -1.9225352 -0.9809222 -1.7100624 1.4080923 -9.221457 -2.6295455 -0.67278004 -1.6197333 0.37677115 -0.45608103 1.2912418 -5.621125 0.64981866
fugitive -1.3315156 0.30031276 -2.4359076 -0.5124968 2.0721254 -3.7159243 6.3418636 0.9358537 0.64766294 -1.2106719 3.9527197 -3.4385555 -3.726205 0.36526 -2.9821272 3.566131 -4.8333316 -0.25726223 -4.6200037 -0.09955649
whereabouts -1.2343308 -0.43902084 2.2988272 -2.0087376 0.27046612 -2.4474983 10.277137 -0.71700376 -0.93640345 -3.6943066 3.1591516 -1.970498 -6.4753594 3.9577272 -2.9102833 2.737065 2.0674012 -2.6359916 -5.175442 -0.14140034
inadvertently -0.39136538 1.1200719 3.4071414 -2.7835593 1.9666681 -2.888251 8.357426 0.34321365 -4.0821805 -0.70401585 4.342366 -1.9263418 -2.5786762 -0.38795123 -2.7582667 3.4331405 1.0941725 -0.49953735 1.5394253 0.09809456
murdering -5.522865 -0.8103617 -0.4138787 -2.8472433 3.470782 -1.764802 9.588619 -0.81502867 -1.3379258 -2.1998327 1.0678408 -9.656187 -4.7208176 0.9061587 0.35108766 3.1004207 -3.2494287 1.3186449 -5.542427 -2.7908888
bodyguard -3.6372845 -3.5359893 -1.8843617 -2.270915 3.5472171 -0.82845473 8.253121 5.936242 -1.8667116 0.8187056 3.1202617 -4.32033 -1.7227753 1.80788 3.1395397 2.3596213 -0.23473717 -1.31701 -1.6156693 0.29120326
scare -0.17342924 2.2411406 -2.000274 -2.1738153 1.6060169 -3.9847207 6.4965544 1.6992059 -0.17557406 -1.0440006 2.9265838 -5.173421 -2.1271315 -2.556084 -4.63109 3.6007597 -0.64252526 2.2195761 2.8709383 0.11833492
robbed -2.4086428 0.5826552 -5.7547073 -3.8505385 1.4173062 -2.9427004 3.1844158 -2.4509664 -4.139917 -2.891553 1.6684786 -8.0741205 -2.7484815 3.3015087 -1.8060814 2.2830806 -2.2446432 2.6214821 -2.4121342 -3.2182863
abduction -1.1687973 0.21294037 1.4073188 -1.0121764 -0.58290154 -0.06571661 9.48696 0.53427726 2.8878806 0.4109124 -0.9755736 -5.881063 -4.6553288 -0.39185938 -1.6293615 2.384416 0.73869926 -0.081849255 -4.8877296 0.8761178
bosses 4.2110066 -0.20091142 -0.3241408 -2.609822 1.3151399 -2.3770146 5.0598507 4.5904055 -1.9768294 0.025744328 1.4862591 -3.6524808 -4.795266 1.1538242 0.6066465 4.498526 -2.882932 2.2730389 3.12646 -5.8029475
brutally -2.054945 -1.5099434 -0.0196878 -1.1094602 5.2089014 -0.17203568 8.832765 2.0118177 -1.7859612 -0.71569794 3.6296597 -8.657606 -4.5323725 0.05191057 -1.7114252 0.21413113 -0.78252184 2.251827 -0.14805014 -2.450104
rescuing -1.8265858 -0.616573 -4.3982234 -4.5562124 1.2425773 1.1055481 7.467472 -1.6793563 -1.1559954 -0.7386918 3.421479 -6.268241 -0.4005026 0.25168094 -1.7972094 5.499801 1.4285985 -1.8790902 -0.9448474 1.5006895
robbers 0.16676974 0.23271658 -3.4339135 -3.3483224 2.2121418 -2.2262988 8.945727 0.14631842 -5.1888313 -1.3619258 4.657515 -4.746326 -3.8267002 3.257996 -2.1483312 0.33042958 -1.7002405 0.7181506 -0.8145281 -3.927897
posse 2.9737284 0.8161536 -1.7482872 -0.2860536 5.035728 -6.6715083 5.896672 3.0817304 -4.720887 -3.126656 6.019028 -4.0514994 -2.2178226 -1.5659404 1.0163541 0.17246394 -4.469175 2.2012947 -2.4379077 -1.8343643
cops 0.018005954 -0.77611154 -2.096782 -3.1708179 1.5733055 -3.8622224 9.394533 3.391389 -5.291201 -3.5974507 0.5945167 -3.420974 -5.498066 -3.1616578 -1.2300515 2.2827334 -0.30523813 0.16866067 1.3034282 -3.056425
townspeople 0.57433397 2.820456 -1.3571724 1.1925447 2.9176104 1.5890712 6.363125 0.43196523 -3.1772761 -3.9832222 6.2496333 -3.8278403 -5.9432526 3.983149 -1.8784841 1.4311047 -0.8936649 2.124017 -0.6740193 -2.2603574
insults -3.2025838 -0.3654477 2.4426212 -1.7167053 3.2559104 -0.043614358 8.105057 3.7585943 -1.5274892 -0.7460725 0.11527102 -4.79759 -7.0439496 -1.4272132 -2.3079493 2.901691 -0.43106195 4.7523704 0.8882526 -4.322374
informant -2.5360575 -1.2776886 1.4273806 -0.5161698 1.2054489 -3.7016354 9.485309 2.326475 -0.90746087 -2.3137264 1.1401832 -2.563549 -6.486667 0.44435534 0.3820886 2.6101542 -5.658689 -3.030165 -4.0090547 1.7764226
blackmail -3.8262112 0.12962835 2.965439 -5.205023 -0.023857009 -1.7392988 7.8046036 2.8807158 -3.3746047 -1.6725181 1.3113794 -2.9029572 -7.6081266 1.687198 -2.2867963 6.850011 -2.9885976 0.19681941 -1.5201287 -0.19796276
bandit -0.43515962 -3.3707445 -2.5964487 -4.025578 3.818977 -0.66120136 6.4458685 3.5769563 -3.3439798 1.6217445 4.2716055 -1.6936537 -1.1794137 -2.055472 -1.8566344 0.064034045 -2.4625561 -0.004836417 -0.5438044 -3.6939616
conspirators 0.5909989 -1.6123047 1.9504156 0.8016852 1.8054081 -1.6617684 8.533915 4.5220523 0.2614915 0.18162665 3.4293716 -6.3298507 -5.387333 7.719179 0.18178017 1.2105347 -2.4992983 -0.65035546 -2.8683846 -1.1413106
apprehended -2.857772 -1.6138424 -3.3317988 -0.6737218 1.4808948 -4.6049933 6.7899656 -1.6231679 -1.6462991 -1.1055182 -0.60296565 -9.674179 -2.9832387 2.5464287 -1.5631113 1.2290549 -2.102309 0.33758414 -3.53167 0.90464824
perpetrator -1.864758 -0.35450703 2.9147365 -0.22681175 1.1183016 -2.603177 10.127273 -0.4126751 0.056064747 0.47718778 -0.85065913 -5.336477 -7.065855 -0.1050091 -0.38164425 1.2285978 -0.4788375 -0.26132476 -3.0684006 -0.30644622
altercation -3.0472217 3.7273982 1.4321587 0.3582423 1.6442693 -4.3959565 5.1973214 5.527728 -2.6421378 -0.65164775 0.80997664 -9.975942 -5.1320715 -2.2529209 2.8558455 2.0788465 1.2373401 -0.6074063 1.7794744 -1.9148501
gangsters -0.0071900506 0.109327234 -3.2284977 -4.667927 2.7823544 0.065744735 7.651799 4.8944144 -3.052766 -1.7127143 4.0931683 -4.6627073 -5.865094 -1.3809253 0.16532402 0.5703186 -4.1665587 0.87097627 0.8038369 -3.8063498
spying -1.526484 -1.6045675 -1.5406616 -2.2170067 0.5439658 -1.5854689 8.492923 1.5187936 0.07639998 -1.2125689 0.08366903 -4.977253 -4.4197855 0.5158747 -2.0984478 3.083418 -4.6412334 -0.11259102 -1.0021734 4.5867696
assaulting -3.5465994 -1.7769008 -3.092848 -0.24215 3.705114 -4.237705 6.2756314 -0.9924022 -3.610095 -0.8236753 -1.2001597 -11.154461 -3.3943067 -0.188843 1.8916179 2.7757134 -1.5418798 0.90523297 0.17453307 -0.7319198
thugs 0.5578361 -1.0497559 -1.3992753 -3.5550761 4.7287993 -1.4681175 8.539385 3.1835113 -5.436307 -2.4154906 4.2450905 -6.012984 -4.811644 -0.64650154 0.6916778 0.37972388 -2.8447437 2.1863246 0.87071687 -2.631111
loot 2.454655 0.7762964 -2.927966 -5.8009033 -0.09410622 -2.0999324 6.19844 0.21369411 -2.0894454 0.7721624 4.9869204 -2.0912828 -5.476864 6.4863505 -2.4263625 1.6858232 -0.5981309 1.3300234 0.25453773 -1.7601317
stabbing -3.4480643 1.4026713 1.5463696 -0.22731353 2.6198676 -3.7565475 9.479123 -0.1653619 -3.3859515 -1.1638957 0.42695537 -10.260887 -0.29770562 -0.5749058 -1.8428837 -0.6777429 1.0022006 2.3894584 1.0299256 -1.5252649
murderers -0.23063473 0.5324767 0.5438032 -0.508818 1.6909282 -2.0388606 10.00495 1.5296664 1.2639935 -0.8529796 1.3471638 -5.2239637 -4.8050113 1.6826874 -1.1753031 1.9750068 -2.140673 2.0732963 -3.5111141 -3.9462533
robber -1.8235765 -1.3812451 -2.9130473 -2.966519 3.3825738 -1.7218707 6.1275477 1.029961 -4.391246 0.77063596 5.074234 -1.9683241 -2.0221975 1.6424394 -1.364482 2.769853 -4.1467934 -0.0018676282 -3.5786226 -4.4656444
mastermind -1.2958227 -2.5029216 0.26742882 -3.7627301 0.5256921 -1.3702388 8.690583 7.058696 -1.8366768 1.780557 0.11246494 -3.9758854 -2.169851 -1.941288 -0.08525521 3.9173915 -0.42252833 -0.80186373 -2.1165338 -0.5249626
rapes -2.0506139 0.7349087 -0.07899221 0.1996521 1.6848286 -0.59754825 9.034099 -2.5644364 1.5805407 0.07919517 -0.61458236 -7.6294217 -7.578928 -1.4321209 -1.2381796 -1.3075556 0.67265046 0.593689 -2.9423654 -3.2803361
vigilante 2.5921373 -2.6095474 -2.3364694 -0.3294954 2.6431315 -1.4749246 8.691483 4.7029614 -2.250094 -0.10229532 2.0926387 -3.364646 -3.212134 -4.19275 -1.7253382 4.5392785 -4.968094 -1.2462231 -0.58665895 -1.5260392
feuds 4.766642 -0.57833093 -0.23392299 -2.4518225 1.7869335 1.544606 3.2961338 4.98898 2.2577865 3.9165132 2.5304976 -7.76373 -5.672074 -0.23489055 0.03608123 1.9621645 -5.8391795 1.0639204 0.77781874 -7.7323756
smugglers 0.26313066 -0.41800022 -6.154998 -4.165137 1.5614594 -1.8019335 6.6142817 -1.4137985 -2.1327572 0.92744625 4.6230283 -1.8517008 -4.974849 1.1540332 -3.3962092 0.9604821 -5.0174513 -0.8288759 0.733326 -0.7309368
gunman -1.8309667 0.093662955 -1.6096325 0.44834295 2.333769 -4.6387553 10.0238285 3.3427644 -3.9935417 -0.611186 2.0281518 -7.26744 -3.5458977 -0.69155777 0.9791916 -1.690137 -0.45282656 -2.4837794 -0.99707645 -2.164145
comrade -3.992453 -4.3326325 1.2827592 0.61258596 4.7053003 0.6950859 7.006815 5.192679 0.61113644 -0.70651215 3.303185 -3.8596454 -0.6548785 2.0004241 0.0657126 0.7635347 -0.018179053 0.08313993 -0.52278054 1.3869396
intoxicated -5.069181 1.0229516 0.96573395 -2.6158092 3.1620724 -3.030943 5.883748 -1.532455 -2.451033 -2.7620778 1.3205626 -5.4359193 -5.811166 -0.75718176 -1.4557188 1.9069763 0.21675873 2.0410273 2.9047754 -1.7731663
fugitives 2.8192708 -0.390592 -3.5220366 -0.67717797 2.6515121 -4.2291927 7.787572 0.79729605 1.3436446 -1.3863229 4.557731 -3.9308088 -6.4555306 2.7095056 0.21974291 1.0692146 -1.3609114 -0.70508444 -2.7284153 -1.2094504
stalking -1.9839453 0.9549833 -1.262679 -1.9555845 1.3801796 -2.5882223 8.6793165 -0.7773258 -1.2411016 -1.7639968 0.689724 -3.0379531 -3.7527044 -4.352936 -2.1781743 5.0641537 0.9218164 -0.23506933 -0.3148694 -2.7579007
murderous 0.4721082 -1.5279717 0.43789676 -2.2532654 2.5343523 1.2554979 8.26249 2.8656647 -1.4006892 -0.19951804 3.2358625 -6.003911 -1.1623546 -1.738707 -5.3136206 4.516932 -2.5603898 0.92563736 -0.5557983 -2.488636
captors -0.7350054 -0.35931915 -0.31040263 -1.912201 3.835461 -2.4007578 9.647339 1.6079742 0.7159736 -0.3204482 6.9329553 -4.0896044 -4.7818127 3.4778538 -2.0421736 0.6031955 -0.21711437 0.1777852 -0.8011984 1.9830557
traitors 2.4546432 -3.032251 -0.3462488 -0.037885603 3.7037005 -1.9819093 7.70471 4.0986524 2.41036 0.24138066 3.687754 -3.426433 -4.2772803 4.2945814 -2.9042237 1.79907 -3.635502 4.129128 -2.2181277 -0.99760824
robbing -1.7465873 1.4535983 -4.5455246 -4.36904 0.7004791 -1.4195062 4.738096 -2.0292594 -5.432999 -2.0134618 1.9857075 -5.6306505 -3.8039317 2.170362 -2.0931158 3.8394697 -3.28355 2.2122684 -1.2992421 -2.3529654
harassing -1.6055291 -2.9419858 -2.6763308 0.056016415 3.5973268 -1.3001218 7.104993 -0.88289464 -1.7268872 -1.7197315 0.4140749 -6.882611 -5.647171 -0.81632143 -2.480313 2.5155716 -3.1036346 -0.018093105 2.1410348 -0.20376128
vendetta -0.22952165 -1.0070676 1.62845 -4.110514 0.68651444 -2.0673459 5.646091 6.201224 -0.7392202 0.55031264 3.9752157 -2.475389 -2.3871658 -0.14998809 -2.7594411 1.9969448 -1.0336396 -1.1987716 -2.9783154 -0.96507204
harass 0.053132806 -4.1108155 -3.0658512 0.14722976 4.816144 -0.831435 5.6939497 -1.4706086 -2.7827988 -1.7189327 2.9577384 -5.1824656 -4.5569925 1.419557 -3.5163457 4.4968057 -2.8795733 1.0439916 2.8159454 1.1466917
handlers 0.10777383 -0.76475686 -2.3261774 -2.8155262 0.7596102 -3.008335 7.865969 -1.2075657 -1.8730047 -0.9382612 0.083289064 0.08845455 -3.098807 0.48260295 1.6684004 3.8105314 -0.2617302 0.4518461 3.261575 1.9551017
hitman -0.31219807 -0.93923354 0.78443825 -5.582134 1.7190678 -2.7323458 7.1006265 6.003064 -3.496025 -1.3062441 3.281302 -3.5133212 -2.4641166 -2.8702497 1.5939974 2.6749344 -2.2670825 -1.8749624 -1.659943 -1.4581708
disgruntled -1.0278223 -1.8852183 -1.1900051 -0.7767006 3.1980777 -1.896811 2.398387 1.793433 -1.4129566 -2.564527 1.9229416 -4.27962 -4.974615 0.9647001 -0.077300064 4.1918244 -4.829441 0.36099756 0.823514 -1.558666
intruders 2.2160015 -0.80575716 -1.7938279 -0.48616052 4.006277 -3.3679233 9.311671 -2.137365 -1.3872412 1.6293505 4.430622 -3.3066812 -3.6361058 -1.2387052 -2.6378086 1.3701439 0.115959585 0.07769891 2.2963657 0.42483026
mobster -1.2884012 4.0342345 -0.37352827 -3.1290956 1.7556933 -0.59840125 5.0995617 7.111863 -4.605265 -1.2873651 5.3594375 -6.7358685 -2.598135 -3.084921 3.5249612 2.9085276 -9.004728 -0.9708971 -4.2470074 -3.03
accomplices -1.5102155 -0.32859555 1.1109961 -2.2216296 1.1058502 -3.0207777 8.88502 1.2189876 -1.4670027 0.086623244 1.0247498 -6.2790647 -5.0308485 4.1065826 2.506133 0.37593484 -1.6276586 -0.86362964 -3.2568178 -2.4996204
raping -4.5633955 1.1222345 -1.3254979 -1.5113083 4.2648225 -1.5738572 9.235358 -0.4516823 -0.3713591 -2.0984051 0.9471352 -8.601545 -6.0167646 -2.3833213 1.7364064 0.10026509 0.015639206 4.0971937 -4.037614 -1.3661349
unwittingly -0.122516744 0.47699103 2.146997 -2.7292995 2.1660728 -0.053633805 7.2782717 1.5224769 -2.3924167 -1.5525157 4.686615 -1.6829433 -3.3870692 -0.079064466 -2.5751941 3.9193532 0.47853142 0.4524706 -0.8767198 0.22277197
crossfire 2.205182 -2.0605676 -1.7309273 -1.3899846 1.492101 -4.926746 6.3125668 3.4840488 -1.8337877 -0.5733029 1.9509026 -3.8688774 -2.291694 -2.8049815 -2.011348 0.92884773 -1.0370917 -2.978021 2.2839766 -1.2905433
informants 1.1174451 -2.5817578 0.07799925 0.43875867 1.21753 -0.85621244 8.916281 -0.5381702 2.518375 -2.4574006 0.0070750844 -0.4737151 -7.7966 1.2248735 0.07306703 0.943822 -5.469263 -1.7701693 -1.5609597 0.3037432
enforcer -0.48859736 -0.72818995 -0.14414819 -2.2021015 2.6527028 -2.1906106 4.351456 5.671052 -2.8174272 2.070285 2.31151 -3.623528 -0.75684875 -2.6544888 2.8485372 6.506796 -4.049593 -0.35850766 0.37940353 -1.6470436
assailants 0.010166853 -0.6033603 -0.53734404 -0.17564934 2.6981595 -3.5422206 11.14571 0.46384192 -1.4543684 0.6631666 2.2958093 -7.5003843 -6.0724764 3.1968682 0.59311026 -2.7903407 -0.3995267 -0.5970738 -0.3224137 -2.2327979
assailant -1.2812159 0.80437154 2.2238336 -0.5859782 2.6591835 -4.5941076 12.16661 0.64837164 -2.8738217 -0.62873024 3.3066533 -6.2226872 -3.9602342 1.0339557 -0.07760908 0.062606834 1.3224775 -1.4701474 -1.4940615 -2.3664272
kingpin -0.20349392 -0.46176878 -0.023457266 -4.513953 1.4669843 -3.5366292 6.4042325 3.4653187 -5.19882 2.013075 2.720641 -2.6591582 -3.6744237 -2.7671611 -0.5068804 4.5896587 -4.6477633 -0.66602904 -2.1173873 0.20510614
kidnappers -1.1063628 -0.7424013 -0.7250856 -3.752837 1.891965 -3.6736805 8.692881 1.3015419 -3.5462427 -2.0294838 3.3399382 -4.350253 -6.805825 1.7806829 -0.60753936 0.35448036 -0.111730345 -0.63961583 -2.5115342 0.37852657
manhunt 1.3924334 2.0471547 -2.9705427 -0.958231 -1.8412353 -4.74733 7.458507 4.6587734 0.26630118 1.4385313 2.0718818 -4.3216662 -5.6698365 -1.5501226 -2.404574 0.4095457 0.10953262 -4.010074 -1.5097132 0.8734535
disorderly -1.3881124 2.4795132 -0.93606204 3.6471403 0.9690403 -3.1610868 8.612423 0.4209338 0.24448541 -0.4197393 -0.6313017 -5.5055566 -6.1494946 1.4912447 -0.45168084 3.4489114 -0.391545 2.124845 0.8928397 -0.5546143
rapist -3.3050196 -0.25076592 1.5481082 -1.4589881 2.265278 -2.2599783 10.656494 1.0093931 -0.6083825 -0.67447525 1.1294497 -3.1618063 -6.001032 -3.273679 -0.3897248 2.276209 -0.8290502 -1.2663748 -3.6865885 -2.9719737
suspecting -3.4758742 -2.3562093 1.3449991 -2.9512799 1.6608541 -0.18432134 5.633052 0.10791159 -3.3515224 -1.137262 1.2266124 -5.836641 -3.5090945 2.2859805 -4.0603313 4.2204165 -0.9206004 0.44293267 -1.2580183 -0.26753667
panicked -1.5641884 -1.6276336 -0.8902697 -0.7057571 4.002221 -1.8544209 6.0622025 -0.22912548 -4.1129575 -2.4294853 4.825861 -7.394382 -2.6306863 2.2944272 -4.5240583 1.7107515 1.271156 -0.14701442 2.5720286 -0.44626045
chauffeur -5.0751195 -0.738538 -0.5180085 -3.0131266 1.5188484 0.0022551478 4.8826175 2.5686176 -4.7624097 -4.6584153 2.8233202 -2.8278124 -2.2133186 2.0873184 3.0728314 1.861964 -0.979739 -3.634127 0.19181724 -1.6610359
capone -0.047467828 1.3633318 2.2683234 -3.014628 1.1603998 -3.4817712 4.570406 5.443189 -4.794548 0.9793581 2.3932235 -5.800986 -3.4891415 -3.1084065 0.47710627 -0.06028789 -5.8239927 -0.38296717 -4.101892 -2.8184726
teamsters 1.847561 2.4327424 -3.8764873 2.4875395 1.8589065 -4.928699 0.56075436 2.8210974 -3.0363352 -1.8833679 2.9307191 -4.1660156 -5.8683376 0.30835402 2.8292434 4.8536954 -9.198389 0.27380386 1.8100588 1.653664
summarily -0.4458722 -1.532874 1.1901151 2.3955307 2.329598 -4.078752 6.236984 1.2681289 0.7592292 0.23718639 1.9152204 -4.806986 -4.898281 6.2138414 1.0061963 1.0276462 -1.4470931 0.105014056 -2.0601652 0.25946024
apprehend -1.3548771 -3.3716679 -0.8646839 -1.825509 2.2136345 -2.4860647 7.892495 -0.28238627 -5.040163 -0.06987714 0.74977744 -5.4844565 -3.6623087 1.2687249 -2.2128737 7.595913 -0.710823 -0.057092547 -1.8674793 1.0517159
henchman -3.669129 -2.585131 0.97985023 -4.1029487 3.308777 -0.3986793 8.606286 4.746906 -5.8787584 0.89385617 3.4087546 -3.2537725 -0.26932114 -0.18760294 0.55726534 2.8341482 -0.7780837 -0.45928842 -1.1533251 -2.631712
unsuspecting -0.20603813 -0.5931584 -3.0191467 -4.277889 2.045162 -1.0749791 6.4156976 -1.4646709 -3.9807591 -3.228629 1.4454511 -3.118482 -3.402897 -0.29515156 -1.8100872 4.193254 -0.08365927 2.7006032 1.3808717 -0.7569549
bystanders 1.4723309 1.1243851 -0.57716966 -1.5422674 1.1684669 -1.8417637 9.887899 0.43279266 -0.92855614 -1.1865085 0.22257102 -6.3793383 -6.1715436 0.25017896 -0.31000987 0.72057176 -0.18596256 2.0596557 1.9772654 -1.8363458
detain -1.2773644 -3.662177 -1.9637914 -0.30020759 1.6742842 -2.718592 7.3001623 -3.7336862 -2.6651435 -0.09474016 -1.541155 -5.181291 -7.3848367 5.1918035 -1.8841364 4.7550073 -2.0395133 3.2280204 -1.7805806 4.029738
evading -1.325302 -2.222117 -2.404931 -2.5743437 1.3447158 -2.2052705 4.1184015 -2.6627917 -1.5721792 1.6081713 0.53794074 -5.5131907 -3.0137086 1.6429594 -2.7623587 5.44789 -1.208453 -0.17973652 1.2802219 0.6976167
covertly 1.7162939 -1.5741682 -0.2426107 -0.37302983 1.4837264 -1.1368829 6.6279793 1.5908449 -1.4090717 -1.7503779 2.6012557 -1.1019808 -4.170321 1.6070293 -1.36291 2.559404 -3.544652 -0.412772 0.26863214 4.3821955
townsfolk 0.29250017 1.5550003 -1.7426461 0.6483189 2.7976577 1.8327107 4.5582404 1.0510947 -2.481176 -3.0217693 5.234343 -3.1164339 -4.2153287 3.617898 -2.0105495 0.90685415 0.12667288 2.7256856 0.09440986 -2.4432364
alcatraz 2.912798 1.471169 -3.9965334 -0.24068205 -0.39806914 -3.5314167 6.966141 -0.47965658 -1.7691108 -2.0175705 3.0459015 -4.0580344 -0.6610702 -0.9694802 -1.9824692 0.6923068 -1.1700681 -2.7932858 -3.4773629 1.315614
scuffle -1.5309558 1.7222958 0.3884518 0.0062753535 3.1058753 -3.463925 6.4974055 4.2796364 -4.1180005 0.115603395 3.5602574 -9.392234 -3.4408164 -0.29424056 0.72372156 1.185482 2.3544636 -0.45344424 1.8154927 -2.2830498
torturing -0.8844297 -1.5899924 0.3048736 -3.3528726 2.7792308 1.3265399 9.433612 0.29106626 -1.8588431 -1.1984446 0.98769975 -7.238372 -4.4596314 0.4259974 -0.75841755 2.097178 -0.7438778 2.9489756 -1.8748419 -0.0783827
mobsters 1.973225 3.1276731 -1.6112382 -3.0264866 1.6676309 -1.0976249 6.3420286 3.7422416 -2.4416707 -1.7710491 4.222154 -6.477882 -5.446819 -1.0366313 2.4645352 1.945628 -6.0746474 0.29092854 -1.3352478 -2.8058465
burglar -2.939066 1.0388637 -0.15587464 -3.580587 1.1053741 -2.4204414 9.609725 2.0245552 -4.6183424 -2.9491 2.7715902 -1.9666426 -1.7703393 -0.4516003 -0.11622401 2.5019212 -1.5926201 -1.0064741 0.3790969 -2.09817
tortures -2.0532377 0.8626808 3.062274 -2.2432768 1.0824455 1.570609 10.839834 0.40301925 -0.46422502 0.4452953 1.2698265 -6.1701455 -2.9601374 1.3892666 -2.0821998 1.9681921 0.8681821 1.870771 -1.8732016 -0.66317993
plotters 0.33669487 -3.4746969 1.502907 -0.4954788 0.7541157 -2.1240346 6.6799088 3.90247 -0.66098523 -0.47403523 1.6085397 -2.7519782 -3.636903 6.9173512 -0.78276163 0.22956513 -3.0557833 -0.9555828 0.78123 1.3852236
impersonating -2.6140504 -2.6460493 -0.7086445 -3.4163284 1.9850184 -0.66680855 7.1479993 2.466191 -2.4181085 -3.6486444 -0.4644587 -2.9783177 -1.3961926 -1.5545084 0.60475254 4.3766065 -1.4035136 1.2455876 -1.8071328 -1.6757503
escapees 2.0252595 0.41114888 -2.2381647 -0.8584999 2.4171088 -2.1999745 7.639058 -1.9165525 0.29121304 0.14749672 4.785379 -5.1528974 -2.9143848 2.5514112 0.22009146 -0.70470774 0.1243312 -1.513299 0.11326649 -0.08667632
videotaped -0.1267135 0.64154565 0.36162847 -1.500963 -2.4747834 -3.874039 6.2813153 2.3197143 -0.10362588 -4.978636 -4.678104 -3.6328156 -1.4129894 -3.0559123 -0.21960293 -0.26018196 0.18433353 0.81057036 -1.1508522 1.5067035
cabal 2.950943 -2.2458298 1.26724 -0.70696545 2.0478125 -0.49406275 5.470262 5.236662 -0.98339945 0.6514489 3.4963124 -2.0084538 -1.4241136 0.77255714 -0.7189879 4.004254 -3.0263834 0.06404957 -3.1757557 -0.523879
indiscriminately 2.2739031 -1.478645 -0.6166004 -0.5768508 2.6120415 -0.51015896 7.3356853 -2.849861 -0.15316808 -0.29457334 1.7667811 -2.371133 -4.0927515 2.0364137 -1.9461857 -0.012471409 -2.4281967 2.4781792 2.2803547 -0.7335317
scams -0.5343469 1.6782862 -0.71514523 -5.2212515 -2.8045206 -0.78267145 6.3936677 1.1340268 -0.5230581 -0.20635481 -1.02127 0.9009788 -9.978358 -0.33777002 -0.7608108 3.108975 -4.433178 -0.91923815 0.05771546 -2.536675
thefts 1.225762 3.42001 -2.9138215 -3.1589553 -3.098445 -1.3272552 7.0245953 -1.6927961 -0.6994483 0.40950182 -0.053495005 -4.1766257 -7.2993894 1.61159 -0.6565075 1.8791932 -2.9839773 -3.243927 0.77875465 -4.030101
vigilantes 3.3243186 0.51210356 -3.657313 1.9066386 2.633141 -4.2072177 6.7605963 2.463773 -1.230261 -1.9981433 2.7068608 -4.822526 -3.254308 -2.3991508 -1.3557603 2.7973828 -4.091178 0.4950739 -1.1984292 -1.6158018
enforcers 2.5815697 -0.18510711 -1.8674097 -0.35917628 2.5580077 -2.4393857 5.133742 1.8705356 -1.5988232 0.24279596 1.865308 -3.7464116 -2.004608 -2.111822 1.9258666 7.08486 -2.861097 1.0824873 -0.50399494 0.66244304
slaughtering 0.045347914 0.8154649 -3.352856 -3.0326307 1.8359268 1.3391949 6.09529 -4.034399 -0.673565 0.19710816 2.7816293 -3.245013 -3.0953043 2.4998083 -2.828894 0.6980232 -2.7599368 4.5048957 0.20066833 0.8433659
discreetly -0.5084881 0.6436914 1.0582364 -0.44468045 0.9470121 -0.0077321683 5.68966 0.8201984 -1.7760656 -3.371474 2.594498 -0.7566614 -2.7573378 3.822106 -0.48903427 2.3106945 0.021503758 1.1558186 0.33514637 0.9061378
breakin 0.6077039 1.3016158 1.4950445 -1.8556658 -1.2957062 -4.675793 5.0188293 2.3846722 -2.2650983 -2.9478116 -0.41363588 -3.1941078 -2.0288424 -0.22203703 -2.6609414 -0.29426688 -1.0772392 0.46179712 0.9927824 -0.078046605
culprits -0.25913423 -0.8975294 1.2163869 -1.3970172 0.8099086 -0.21246083 7.834375 1.1829832 -0.65798634 1.1938223 1.5003402 -3.2800977 -8.14802 2.0612228 -2.317895 2.3092067 0.028532827 -0.69270545 -1.272255 -1.7236493
bystander -1.2792984 0.37568167 2.4179096 -0.6697932 0.73666656 -1.4342825 7.7746363 1.5867649 -0.22297873 -0.9349807 -0.41789493 -3.9534755 -4.2400064 -1.7405125 -1.0155823 2.500513 0.25504315 0.09779844 0.30404708 -0.6084816
couriers 0.53417253 -2.7100337 -3.929855 -1.6135601 0.8154485 -2.4180152 5.9175944 -0.45118535 -0.32105157 -2.4123995 0.83664525 0.7324333 -2.4298751 2.58157 0.7578463 -0.0680299 -2.2775967 -0.8766858 1.8462448 2.9978232
insubordination -2.6198237 -1.2655772 2.1849205 2.982406 2.0864663 -2.5129998 5.2209964 2.054721 2.1353283 1.6622918 1.0673825 -6.140744 -4.164229 3.4397078 -1.3486724 3.0444045 -0.8641698 -0.73120475 -0.04127575 0.548239
saviors 3.3394883 -0.6250325 -0.26694888 0.057511933 3.2307823 -1.1162293 7.108288 1.5024917 -2.9522963 -2.870785 4.9640293 -4.926741 -2.1326976 1.0249157 -3.3123744 3.8673117 0.6417015 2.2725153 -2.3876317 0.87445414
lewd -2.4107654 1.6792675 1.2789946 -1.0150633 0.22872546 -0.45196116 9.206126 2.5504792 1.1953216 -2.249538 -2.7147036 -1.3963653 -4.7929015 -1.6877122 -1.1434611 2.1398098 -1.9461205 5.842977 -0.47434625 -3.1385317
hijack 0.3554482 -4.2876787 -1.9346606 -4.857825 0.62558347 -2.5912566 5.8577614 0.030110229 -5.5704145 -0.3897653 -0.1398075 -4.0981393 -1.5374497 -0.370761 -2.5520158 2.351157 -1.623216 -1.1724603 1.1372391 3.966675
surreptitiously -0.4082491 0.072112456 0.6975669 -1.4721555 1.0044198 -2.1337707 6.8115225 0.2940343 -1.7204328 -3.6941907 2.2625082 0.32978368 -2.6270556 2.7248685 -0.3471018 1.7940925 -0.3259956 0.813494 -0.74824667 2.1077278
terrorized 0.49123147 -1.725469 -4.824392 -0.83424246 3.0965292 1.9856194 4.593046 -2.167179 -2.4040263 -1.014879 1.8203199 -7.2697725 -1.3688892 -1.4624348 -3.5982065 0.71454537 -3.6801095 1.7348773 -2.246612 -3.2141917
premeditated 0.055051908 -1.474457 4.0945125 -0.28612092 -0.2111033 -1.3510022 7.2341046 1.5212061 1.4773986 2.4281733 -0.91535246 -4.9237676 -4.9325867 1.1599811 -3.319801 3.382713 -0.50413007 0.59264684 -1.8486363 -0.33984348
viciously -1.3260375 -0.64944535 1.549151 -0.56760377 5.0422072 -2.4297838 6.782989 2.6562612 -1.8452469 -0.71271217 3.8300443 -5.7272058 -2.3727047 -2.3007014 -1.8216683 2.4741092 -0.015919225 2.3018978 0.5692813 -2.165775
mercilessly -0.9956343 -1.012839 0.06832244 -0.66510874 4.4928565 0.3244427 6.266059 1.7654238 -0.6701095 -0.301623 4.001268 -4.351882 -2.5726798 0.24648489 -1.5779217 1.6711017 0.5963766 2.4232209 1.1524211 -2.3580887
afoul -1.0226263 -1.4762781 -1.6193005 2.1016662 2.2864785 -4.736846 1.5664018 1.9643949 -2.3360202 -1.686819 2.2311156 -1.2878352 -5.3684516 1.2095337 -1.5694549 2.6739757 -0.37210873 -1.4931569 -0.30415052 -1.1317401
looters 2.9882402 2.9751978 -2.0076725 -1.1418278 -0.9078621 -0.35861468 7.435409 -0.17272791 -1.5545497 0.40208128 3.484132 -5.448663 -2.5849113 3.6195865 -3.376199 -0.4764586 -3.6849182 0.24649805 -0.67940354 -1.0880158
kidnapper -3.3808725 -0.59226435 1.4468787 -3.565452 1.7912629 -2.001554 7.664343 1.1683851 -3.6290948 -2.0401459 2.9229913 -1.9566995 -4.5411663 0.045128267 -0.35874283 1.0210967 1.1610119 -1.0627862 -2.9277973 -0.82247573
rapists -0.9846588 -0.47826108 0.9566379 -1.5211445 2.0980558 -1.0908605 8.343233 -0.7796873 1.9608586 -0.76030135 -0.40460184 -3.0899968 -6.953632 -1.7487762 -0.17506585 1.7674001 -1.4920217 2.221605 -1.7514036 -1.6103294
recklessly -2.3503969 -0.77180827 0.51372224 -2.174986 1.9318653 -1.501567 5.368866 0.56447446 -2.285878 0.38473046 2.9430192 -2.5418036 -5.041805 1.2990423 -2.489548 4.208794 1.0160167 -1.0592517 2.268746 -1.8492757
accuser -2.6835346 -0.3679542 3.2231047 1.2539301 1.928478 -2.9243684 6.888927 3.349437 0.5467783 0.5037014 1.6260796 -2.6219628 -3.4241817 1.2509214 -1.2471988 3.5378687 0.04428097 1.1984603 -4.8355412 -0.48939
shoplifting -1.8842527 2.9814813 -0.76223856 -2.9250119 -0.03231496 -3.1072316 6.3032546 -0.87195927 -1.4663488 -2.3284817 0.07228163 -3.4051914 -6.343424 -1.0391577 1.83531 0.8956662 -1.637081 0.16164954 -0.97864693 -1.1510642
pimps 0.44636473 1.1869482 -2.2052686 -4.688285 2.0914667 -0.4419369 4.730308 0.6126886 -1.1344868 -2.8285575 1.6378645 -1.6785774 -5.337244 -2.8446238 0.17065087 0.3359535 -5.3982615 4.2928386 0.3030804 -1.1398598
interrogating -0.93554425 -3.0431147 1.2648376 -0.8793912 1.3030901 0.7920801 8.251 -0.673412 -1.6384761 -1.4291843 -1.0796039 -3.3791625 -1.4638636 -0.692668 -0.94447434 3.29929 -1.5278476 -0.5444521 -1.3613952 1.286243
bootlegging 0.8083573 4.3640094 -1.8344438 -2.1922307 -0.19744408 -2.5221431 2.210062 0.14699954 -1.0262122 -1.8552779 3.7029252 -4.008678 -5.782282 -0.794052 -1.2829524 2.2077265 -8.77679 -0.9531208 0.8084137 -0.4847651
irate -2.7532246 -0.40776983 0.118333176 -1.1877456 2.77509 -2.7089138 3.4302158 2.66456 -2.6051786 -2.8293512 2.3409736 -3.3719366 -3.1752846 0.17975098 -1.4662427 2.778238 -0.425855 1.6228117 0.6084288 -1.7217346
savagely -1.0967755 -1.4217621 0.8841643 -0.73735595 4.550571 -1.2474566 6.082138 2.3531485 -1.3824501 -1.4647007 4.174506 -5.1607165 -1.5951424 -0.24484308 -2.5604541 1.1722579 -0.104771994 1.5545813 0.07583589 -2.5696898
deserter -2.401432 -2.8964758 -1.057347 0.32478818 3.3984056 -2.0267558 6.6189017 1.4273272 1.7575529 0.09371974 3.9163382 -3.5767355 -0.23511039 2.0658169 -1.884711 0.8719592 -1.0890583 -1.5772886 -2.1564658 0.8357634
ringleader -2.3263588 -1.0716403 0.78636605 -1.2514268 2.459826 -1.8628187 5.645717 2.3135624 -1.2648883 -0.96318877 1.4207101 -4.4942064 -2.465877 -0.23474117 0.1962331 1.0528339 -3.4778264 -0.023515377 -1.8308189 -1.6541373
burglars -0.22687502 1.725356 -0.8677656 -2.485761 0.25955316 -3.1902103 7.834662 1.0232395 -3.6260395 -2.471913 2.0693598 -3.537733 -3.4207976 1.5103043 0.7430449 1.6778497 -1.8786247 -0.6994633 -0.58260316 -2.595713
accosted -3.322497 -0.9969465 -2.86572 -1.344602 2.9028795 -0.43929446 6.2015104 0.1859765 -4.8610444 -3.316637 0.38142127 -6.1220946 -0.6641501 -0.36835977 -0.09252129 1.4327441 -0.7478266 2.7951655 -2.2823777 -2.061664
interrogator -1.2971587 -3.938934 2.6154358 0.061590604 2.0005417 -1.9883744 8.558294 2.4359007 0.13698876 -0.1463778 -0.58524555 -1.5562549 -1.9256276 -0.22033496 0.45577407 1.3638514 0.56332606 -1.0122541 0.44714862 3.3001575
abducting -1.4466072 -1.3049794 -1.1560688 -2.4370482 2.6301937 0.831757 7.329639 -1.499716 -1.1932536 -0.3510902 1.5168123 -5.1419864 -3.0290313 -0.35879433 0.037324883 2.3664649 -0.21955387 1.1187379 -2.414329 0.30137894
burglaries 0.49421117 3.5004578 -0.8829693 -0.49048093 -2.6154768 -2.4113274 6.2804995 -1.0904815 -1.0929643 -0.06746733 -0.9240973 -5.518465 -7.596611 0.8727423 0.9029015 0.14781412 -2.2139673 -3.953458 -0.3301927 -4.2792006
plainclothes -0.3307176 -2.7678657 -3.4870918 1.3763652 1.8211535 -2.422898 9.124653 0.3842203 -2.9606724 -1.5857438 -1.5318912 -4.4398646 -3.1678536 0.29620925 3.0249677 0.730742 -1.077426 -0.8871704 0.6834016 0.33753514
terrorize 2.4825308 -2.1169512 -3.2479055 -1.8446735 2.7726932 1.4278892 4.8838525 -1.6849514 -3.0760047 -1.10464 2.3922503 -5.1091623 -3.5093274 -0.21724233 -3.211655 2.6384494 -2.7764993 2.3985937 -1.2428895 0.045275625
unprovoked -0.26430312 -1.5906541 0.687678 0.5621551 1.8963969 -2.3897507 6.3945303 -0.57551455 1.3927914 3.4959123 0.31140316 -5.744504 -3.5210805 -0.90256673 -4.1541986 0.87516695 -0.88512814 0.7399915 0.4187866 -0.007186404
slaughters 0.04324141 0.19964798 -1.9477755 -1.687789 1.9626168 -0.746871 4.9400063 -0.63646495 -1.4353728 -0.342497 2.2697222 -3.287377 -0.35925207 -0.831864 -1.4550492 -0.029080115 -1.2326014 1.712391 -1.4529943 -1.9975284
brawls 2.556096 1.2284843 -2.4304829 -0.60903376 0.8084358 -0.33341563 4.4107947 3.0668848 -0.37194437 0.09675505 0.32611364 -7.05346 -3.3494983 -1.4460297 -0.23263094 1.1537052 -1.4467368 1.194089 3.2838297 -4.601561
maimed -1.6593583 -0.08132429 -0.6019336 -1.9944966 2.349836 0.34847513 7.1477304 -2.6750739 0.43084225 0.14325002 2.3609984 -6.227561 -1.1665087 1.8160894 -0.9773137 0.7427008 -0.8249608 1.0401179 -0.3181922 -1.4836876
cronies -1.787236 -0.86251926 0.5839977 -1.2441794 1.822906 0.13467462 3.0488904 3.1348639 -2.7291698 0.17221634 2.349054 -2.7574916 -4.8098855 1.6369536 0.10696185 2.9880989 -2.0370636 -0.092473276 -1.2908896 -2.0179858
mafiosi 3.493878 1.2924906 0.9963045 -2.5753038 1.2402232 0.7649327 4.370376 2.7169473 0.57139194 0.27228853 3.8716402 -5.4033885 -5.887604 2.5622113 2.4510944 -0.2246019 -5.3026505 0.7692494 -1.7857615 -2.028369
rustlers 0.904549 1.6414374 -4.56087 -1.9512485 2.9437575 -2.8618867 3.419538 -0.63513166 -2.5359173 0.33281866 5.1538596 -4.0203037 -1.5729082 -3.212076 -0.49108812 2.9081523 -4.02129 -0.7130765 -0.45912644 -3.575931
lawmen 0.6791768 1.2469434 -3.6441035 1.4546628 3.0282686 -3.5644355 5.5406313 0.2666006 -1.2357016 -0.8895234 3.559451 -4.5226526 -3.6233602 -1.2423283 0.42795765 1.6231122 -3.2376199 -0.7181651 -0.98653793 -4.510598
apprehending -1.1612552 -1.8454021 -1.8621479 -0.7331011 1.0467318 -0.6461205 7.029344 -0.2680701 -2.0842278 0.91536427 0.0126208775 -3.736628 -3.3098779 0.39570734 -1.1261855 4.4098077 -1.7433755 -0.6720513 -1.0028849 -0.05176977
gangland -0.66054475 0.74321693 -2.4117272 -1.3187455 -0.4448326 -0.76261556 4.6593127 3.4489472 0.45413837 0.21606685 0.2768003 -5.770703 -1.5123503 -2.4752839 -1.6491866 0.19633001 -3.271651 -1.2974404 -1.9451737 -3.5500686
jailer -2.5736473 -0.587559 0.96832854 0.04588295 2.0540192 -0.7524829 5.7738 0.7993366 -2.7155867 -1.3530906 1.7006454 -2.640323 -1.3622944 2.0424778 0.79261845 1.125007 1.0860425 0.8618518 -3.070139 0.016015206
molesting -3.592813 0.53577316 0.58256173 -0.48219594 3.1356618 -0.2713464 6.139542 -2.3085496 -0.06785117 -3.3762026 -0.21516822 -5.8160033 -4.4545865 -1.5267342 2.9533267 0.33121383 0.654931 2.3734765 -3.5174294 -1.2973291
loitering -0.3444436 1.6684242 -2.43015 0.053952858 -0.1363841 -0.37470013 5.535454 -2.287212 -3.2611349 -1.4250313 -0.44793206 -2.8622618 -3.5335388 0.67918545 -1.2588435 0.7274564 -1.0178752 1.6345618 1.3460834 -0.27537733
baiting 0.5942223 1.4349581 -2.7460117 -2.1778533 0.9446264 -1.054519 5.205232 -0.21952176 0.14018242 0.877081 1.8862077 -1.1880145 -2.3692174 -2.1384833 -1.3095546 3.5218706 -0.8623995 1.33779 1.8647168 -1.3621259
scalps -1.6214135 1.4878097 -4.251456 -0.9065202 2.245633 -3.2702298 4.031646 -0.75010556 2.5725129 1.4500219 4.3283086 -1.7995421 -2.2733252 2.1191409 0.4276147 1.3056573 0.5596602 0.3595078 -0.09077068 -3.14255
hijacker -2.6271503 -2.2046738 -0.080763325 -2.1532743 1.2275305 -3.9191554 6.798249 1.7851573 -1.2222989 2.6046662 1.1233926 -3.4179375 -3.3674316 0.6938073 -0.0028459327 -3.0398648 0.7903405 -2.032671 -0.68330956 3.0359466
troublemakers 0.5923761 -0.60543764 -0.17816065 -1.0196271 2.3186321 -1.06374 4.663353 2.1618211 0.20201819 -1.0288614 2.108504 -1.9165257 -3.4868605 -0.64095247 -0.71684194 1.5134114 -1.6841599 1.6488476 0.4239133 -0.92008895
maliciously -1.9115508 0.23033729 2.8342898 -0.6724912 0.59857166 -1.6748117 6.1598663 0.8704994 -1.2909738 0.04173336 0.8880708 -0.03816483 -3.932412 2.355793 -1.39011 2.9056315 -2.3423548 1.4535695 -1.597492 -1.1042607
mafioso 1.2145158 -0.16291049 2.1936848 -2.9617262 2.01692 1.4599445 3.8087504 3.8645597 -0.42007878 -0.19302464 3.2919724 -3.534875 -2.83838 -0.33817065 1.3417941 0.8659817 -4.2326202 1.0534495 -2.8041494 -3.0011275
fracas -0.13673231 1.5832738 -0.09718853 0.59133536 0.7353439 -2.4448578 2.9248564 3.7137208 -1.0323958 -0.5073782 1.6349256 -4.946354 -2.0893993 0.73287547 0.65974855 0.5748208 0.89660233 -0.05903983 1.2520726 -1.7580519
trespassers -0.20080294 1.5810097 -1.2793478 -0.071372025 0.20175703 -1.6130186 4.6211405 -1.7275441 -1.966013 0.2809011 2.047895 -1.223677 -3.1795228 2.3058755 -2.2376528 2.768072 -1.7993636 0.8389944 -0.7847095 -0.8796093
kingpins 1.3919873 -0.7321116 -0.8820209 -1.2846272 1.3816947 -2.09015 2.7452369 1.9309677 -2.0050685 1.2261744 1.8661704 -2.8789485 -2.3584218 0.30259147 0.17942591 3.7201636 -2.0106905 0.088575855 -0.6912293 -1.6059793
underlings -0.012738858 -1.3131777 0.37518635 -1.2231574 2.0725691 0.5058157 5.0682297 2.0381804 -1.1071926 0.09631521 2.2622416 -2.100169 -3.1820436 1.7910405 -0.4281367 1.9593792 -0.9911211 1.323642 -0.5677805 -1.3253908
deputized -2.1351786 -1.3844216 -2.5422237 1.7939904 2.0455828 -1.9687521 2.2299097 -1.2023995 -3.457736 -0.24995312 -0.7961359 -4.3794103 -1.0281008 0.24523787 2.0997393 2.1822493 -3.2931566 0.24584317 -1.9580246 0.26656654
mistreating -2.1403573 -0.5915103 -0.18579699 -1.304815 2.4464483 0.49412403 3.358164 -0.51106125 -0.24370576 -0.08774956 1.4660938 -3.7515452 -3.6160738 0.08261228 -0.88164485 2.2461393 -1.8862053 2.5071812 -1.8301848 -0.40267137
jailers -0.49742037 0.16358428 0.60795414 0.009274906 1.5019474 -0.5361731 4.809933 -1.056438 -0.51937264 -1.4250479 1.458031 -3.0517488 -2.9487896 2.3200102 0.38980347 0.6941135 -0.04749813 1.1951243 -1.6944579 0.051502597
patrolmen 0.22531863 -0.95696723 -2.5914698 3.1527858 1.0300344 -3.293941 4.4894223 -1.1149223 -2.35999 -0.66538846 -0.5687291 -2.1606758 -2.5074959 0.30139026 1.6522675 0.9474635 -0.30905303 -2.1306791 0.30898526 -0.24769902
hoodlums -0.054219473 -0.6366343 -1.5182961 -0.48656738 1.9906188 0.28057912 4.2578974 1.3621258 -2.1795504 -1.7318685 1.290145 -2.6423454 -3.081778 -1.2439917 -0.011571089 0.04732371 -1.296243 0.6576482 0.37312838 -1.2828151
gunfights 1.9801145 0.57701033 -1.5586511 -0.76993006 -0.27607307 -0.28021705 4.8696165 0.8532322 0.21068932 0.008331843 0.81766415 -3.4898572 -2.1892047 -0.7766153 -1.0278592 -0.6256662 -0.5260151 -1.2237064 1.4198096 -3.5860405
picketers 1.122947 1.3307717 -1.6761488 1.4716253 0.85041404 -2.6048229 3.7864895 0.46159345 -1.5647776 -1.0801799 1.0837106 -3.6050613 -3.069972 0.591788 -0.04328879 -0.021773305 -1.3139611 0.7821754 1.1271924 0.8961209
slayings 0.03532486 1.0945537 0.13156985 -0.44827086 -0.30183715 -1.2925341 4.204016 0.35588506 0.49189365 0.02692524 0.1833244 -4.421437 -2.264777 -0.4478087 -0.56679624 -0.484557 -1.4231545 -0.6964968 -1.5428288 -1.5374964
knifepoint -1.5157102 0.74665266 -0.53353226 -1.0121891 1.3608643 -1.3267355 3.7633362 0.5938471 -2.6160576 -1.4065266 2.1943352 -2.7880511 -2.263499 0.6587069 1.4452554 -0.14070101 1.2547613 0.33104342 -1.6348156 -0.10501522