Centroid_25 -2.912098166499998 -0.16301469613888872 2.781439892337699 -0.4478814611484125 -0.10037507331746034 0.9761555822083335 0.7571851012380946 3.4563279505555533 0.9963663439920631 -2.8350781299285717 1.3876213535992066 0.6160425626309524 2.372621842112104 -1.3694815494662693 2.127398871876985 1.0508394542777784 -2.400432748234126 -2.30642823829762 -2.74251324884524 -0.061178580059523834
paul -4.1953597 1.0517609 4.7284374 2.9397392 -0.16308202 -2.0503452 -0.66551596 7.907517 -1.1758137 -4.329972 1.068703 -1.5091594 6.554395 -1.0716348 3.6605883 3.211681 -2.0233047 -2.5277052 -4.8870873 -2.3501804
peter -7.645207 0.7451065 3.0701916 0.52003 0.3748337 -0.5832678 0.45248133 6.3912163 -0.6687313 -3.1209128 1.8780771 -0.8974409 6.2984185 0.3950182 2.6670794 3.1504815 -2.49122 -1.8372619 -3.5959697 -2.6568635
writer -6.5520086 -3.2943408 0.4052203 0.05288239 0.17784202 5.4767466 2.1720886 9.738756 8.4364 -7.0356755 0.40767476 3.4985554 2.933832 -7.469659 0.87979984 0.27605784 -5.3701687 -5.035917 -3.223529 -2.4819503
biography -4.8883824 -1.8175535 -0.8343543 1.6759958 1.0774118 4.91631 -4.408265 4.056287 7.135321 -4.278565 2.6092486 -0.3109165 5.583222 -4.8629656 1.4681661 -2.110764 -2.84843 -3.6024485 -7.19072 2.1109831
joseph -6.181163 -0.32313797 3.0977318 5.9372363 0.45074987 0.9251563 0.32200003 3.262059 0.2609687 -3.274017 1.3177497 -2.8876827 5.5613117 2.3005013 2.6963673 2.8478189 -5.489317 -4.4454966 -7.373237 -1.3919461
daniel -5.5991983 -1.056548 3.9321651 0.39981598 1.3400453 -1.5832579 -0.64474237 4.21713 -1.4610521 -3.4404535 0.6054074 -2.6290348 3.823774 -3.468429 2.6086063 3.0757823 -2.6101942 -3.2191713 -5.752093 -2.0216231
historian -7.742839 -2.8061237 4.497486 6.1476774 0.04084462 6.9555135 1.0676539 6.4155107 9.41442 0.95725054 1.078587 2.4853957 4.8319364 -0.4570895 -1.219537 0.5911701 -8.311442 -4.495869 -7.728127 -0.85101444
collaboration 0.48229206 0.63201994 2.9045475 -3.595766 -3.434348 2.405473 -1.9718837 6.3400974 1.0633659 -3.924336 -1.2559576 1.5350834 2.116675 -4.0266333 1.6104386 -0.40114012 -3.447796 -1.0791742 0.37306365 4.231613
simon -6.2201805 0.39217696 3.5832963 -0.40168926 0.073210604 -1.6921899 -0.47417155 6.8885417 -0.7682647 -4.187121 1.8599926 0.76306295 4.086874 -1.0320234 1.3409622 2.427271 -1.6729028 -1.9078441 -4.0644045 -2.5170195
designer -4.530147 0.28321615 -0.2833369 -7.5515113 -3.98343 5.532715 2.652324 8.373439 -3.122446 -3.7431846 0.330168 4.7380466 8.02025 -0.9461992 8.372097 4.7709045 -6.027624 -4.654444 3.0131087 0.8448475
alfred -7.5178285 -0.20365185 2.0548956 2.2854903 -1.4414921 1.4938183 0.303272 1.6879951 1.1394488 -3.5552373 1.929171 1.6093265 7.3517213 2.5636933 2.0638435 3.0879886 -3.8133845 -7.0166893 -3.841349 -1.5740474
victor -2.4494777 -1.7120863 3.7649083 -2.893474 0.93243206 -1.0072337 -0.05421513 4.968913 -0.28011513 -2.1273615 3.5322514 -2.6733093 3.938816 0.9187469 2.098862 1.9132693 -2.2991426 -3.0618181 -4.958226 0.048728365
pierre 1.055372 -7.1652646 2.8967485 -1.8199371 -0.19681142 5.1811194 -1.4886385 4.2814407 -1.563294 -3.1876826 3.8545547 -0.27113482 4.9757004 4.213095 2.6213207 5.5279117 -1.86027 -8.610051 -6.52272 -0.5709577
bernard -4.2330465 -1.4334546 3.7728379 2.5257292 -0.12570035 1.5190835 -0.7958485 4.3465 -0.013261833 -2.9788342 1.6238502 -0.9758317 4.734637 1.6163874 3.220292 4.2103004 -1.4977605 -5.654137 -5.006737 -3.347302
founders 1.4997734 -0.435786 -2.5685265 2.050389 -0.7381834 3.448534 -1.7668697 2.6045542 2.1642728 -4.243439 -1.785612 1.6617342 0.62983567 -0.74346423 5.8453517 0.9351567 -5.6169024 1.0227605 -3.9162264 -0.28120255
colleagues -2.9899416 -0.3226499 5.4161787 2.9700527 2.420438 1.5788889 4.008045 2.197412 3.614563 -3.755614 0.62801105 -0.7865266 -3.9893615 -1.6031512 4.0234156 3.3611996 -3.1083953 -2.8950365 -0.38697582 1.0604318
leo -1.8521259 -0.8985693 5.242187 -0.4890305 0.8568441 -0.7289757 1.8268912 5.35856 -0.030045582 -1.5503435 1.9419678 -2.5640774 4.68053 0.40753338 2.7595003 2.9371104 -0.4114629 -0.58232105 -6.4519114 0.50717115
photographer -5.776419 2.630357 -2.2762606 -3.7328615 -1.8707554 4.542352 5.156958 6.7451186 3.3446827 -6.209876 3.243307 1.2257266 4.437187 -4.3742924 4.7989187 0.54428446 -4.875897 -5.981661 -1.1850508 2.516661
associates -2.8394735 1.2994385 1.095625 0.48604 -1.6650057 0.08796206 1.0406249 1.2276628 -2.9308538 -3.100263 -0.8873264 0.8144973 -2.0918448 -0.6722013 4.426371 3.7271843 -6.494253 -4.099472 -2.4997315 1.3645701
isaac -5.63933 0.39076 4.724692 4.330843 1.359605 -0.28748298 2.0428994 0.4679644 0.38642424 -4.2771316 2.6827116 -0.09689442 4.796829 0.79298794 -0.90685624 1.6779678 -3.7019935 -2.546074 -6.706517 -1.4613372
marc -2.5879407 -0.4984896 5.324323 -4.2381525 -1.2372243 -1.6306698 -2.1001003 6.2817135 -3.4693406 -4.174613 0.29937133 -1.5530959 5.2231884 -4.226805 3.4904554 3.0394275 -3.1803916 -3.6060328 -3.6079643 -0.9038285
novelist -9.209912 -2.804904 -0.72705966 -0.4094855 -0.06949122 7.346365 1.4500399 7.2273154 9.280842 -2.8399203 1.8975503 2.003517 4.3626566 -6.0090504 -0.4911009 -1.8367735 -4.966238 -6.28533 -5.2245364 -4.442305
leon -0.50508493 -1.3157675 2.9776714 -0.05761217 1.3390557 -0.7614265 -0.51286596 4.100926 -2.670136 -2.7080414 1.6492397 -3.5831857 3.2653098 -2.8290322 2.7393599 1.1836019 -4.0321617 -2.4479663 -6.6815653 -1.0291637
edgar -5.9410133 0.30507603 1.9137697 -0.18374856 -1.2402898 -0.6720814 0.06513286 2.9479508 0.3831146 -1.9835734 1.3825713 1.1293011 4.9095316 -2.265176 0.7583024 3.1129315 -2.6927814 -5.5074944 -5.2944813 -3.6695404
hugo -0.5800134 -3.6374753 4.423588 -4.634188 -0.1299692 -0.059590284 -0.10049162 4.1884117 1.6757113 -1.8011194 1.76327 -1.1974552 2.8092632 -0.4915111 2.2756436 2.35573 -1.7169428 -3.8853521 -6.4096828 -0.11535242
henri 0.849703 -6.530446 4.757013 -3.7096581 -0.47122747 6.672648 -0.876083 3.3653874 1.033022 -3.1859543 5.0104427 0.21004109 6.1196637 6.3147006 3.7755628 5.8144093 -0.61969376 -8.02052 -5.2974863 0.11716232
mentor -3.9711657 -2.762951 2.701575 -0.1714082 3.3247163 3.799313 1.6256815 5.94946 0.15024285 -5.7283816 1.440064 -0.4795022 -0.38452297 -3.9265876 5.454165 4.902117 0.6840853 -2.145776 -0.92782706 1.3059853
cohen -4.2334495 0.8246516 5.4005466 0.4719333 0.34012246 -2.068042 0.9556841 6.293058 0.25692266 -5.2466946 0.72359556 1.2722858 -0.44177115 -4.238929 2.3386216 0.8564316 -4.1770544 -1.6252984 -4.289787 1.5256966
playwright -6.406624 -2.5189083 0.0013543287 -0.6966957 0.1341009 8.164693 0.182734 11.101104 6.562063 -4.882337 2.3234694 1.0359137 4.9653645 -4.559793 2.9083705 -2.043761 -3.8281484 -4.903136 -2.1412048 -4.103727
colleague -7.725567 -2.09763 5.6113405 2.355399 2.9300482 0.60632616 1.8976705 4.222653 0.5214279 -3.6534343 1.2741753 -1.8355148 0.19095916 -0.20924614 2.6574955 2.9376645 -2.0418606 -2.9176176 -3.6092532 0.85652447
herman -3.760514 -0.017616523 4.0664816 -0.3026774 1.6231767 -1.0088059 -0.7654106 1.0299437 -0.18155834 -4.593972 3.5963101 0.555515 5.961314 -0.8650236 3.0148864 1.8654019 -4.6208377 -2.7006862 -4.6548934 0.4383725
bruno 0.8159752 -0.58965635 5.8118873 -5.1240783 -0.33301365 1.3792037 -0.2640838 5.0003986 -2.0112915 -1.7180321 2.3662314 -5.3983774 4.376075 -0.7675558 4.9072347 1.8032156 -0.74260765 -2.7480974 -4.723048 0.68172026
mann -4.81884 -1.5695832 2.8719835 0.4446888 1.3879066 -1.6191604 -0.35164115 3.86061 0.17868714 -4.2777452 2.1003025 2.302143 2.837715 -1.2561426 1.4614221 -0.24590062 -1.377786 -2.7269373 -2.432609 -1.3871739
inventor -6.3600965 -0.5852103 2.7836318 -2.67338 -0.8708876 2.3969345 2.8651643 0.63445204 0.09312291 -1.1491045 1.7865596 6.9416056 7.9732614 -0.19077146 3.7126212 4.828305 -7.2000556 -4.4112077 1.8496792 2.4654477
conrad -3.542611 0.24657041 3.920597 0.103148006 1.5085864 -0.90672874 0.10683474 1.7970115 0.32252052 -2.2304256 4.8585014 -0.6203483 4.380062 2.8645105 1.96973 2.4028072 -2.4994793 -2.1530247 -4.9122615 0.7135262
denis -5.332877 -2.0679207 2.4767087 0.6597074 -0.047845483 1.3903922 -2.739372 7.2144094 0.4554942 0.7478528 -0.09836349 -3.2755141 4.617513 1.195462 4.315704 2.9760435 -0.43799603 -2.8769886 -3.0271442 -3.140398
klein -1.75278 0.4477728 6.534764 -0.6691629 0.3097957 -0.73037064 -0.92699283 3.2226956 -2.4634924 -3.9136398 1.335305 2.3457718 2.4504478 -2.834644 3.8456879 2.6389382 -3.0106795 -1.3557338 -3.9935806 1.6613319
illustrator -4.039407 1.3830429 -1.9349028 -3.877828 -3.134487 5.0375776 2.8958554 4.0482583 6.219936 -7.005842 2.4415507 5.513841 7.3772383 -3.811086 5.0513573 1.256911 -6.4506936 -6.4131336 -2.1327174 -1.2032157
fritz -2.4202318 -1.2558092 6.4813113 -2.5528746 1.1681173 -0.2988761 1.064534 2.1876113 1.1279047 -4.6441936 3.3717146 -1.6241813 8.352439 1.0913678 5.500013 2.0072463 -3.8787148 -3.694031 -1.6102922 4.3804593
judith -7.267315 2.1786742 3.9234698 1.0550424 -0.30509782 1.9230691 1.4923091 1.0976776 0.6407271 -4.528773 0.49698284 -0.8612997 3.339179 -2.5192695 0.6773385 1.4083499 -1.0723684 -1.5275204 -6.947324 -2.6316092
marcel 1.140439 -4.995851 5.7977853 -5.7196198 -0.20060313 4.6534996 -1.5079842 5.395755 -0.25316495 -4.253934 2.7054522 -1.5232726 5.7783566 2.5913582 5.3284597 4.766163 -0.11386101 -4.4031773 -3.929042 -0.17835917
gerard -4.6639028 -1.8054528 3.3138988 0.0561275 0.7061343 1.0572586 -1.5050969 3.7624547 0.342759 -1.4229157 2.2022736 -0.8777972 4.7823873 1.5619124 2.7331278 2.967234 -1.2844256 -3.6235003 -3.8332267 -3.47772
laurence -7.745406 0.024457136 1.5573918 1.6573825 -1.882667 1.0850807 0.48196912 5.8940487 0.78348136 -2.812004 -0.7719806 0.8904857 5.378056 -0.7680547 2.4761426 1.9978848 0.59473133 -4.051462 -3.993957 -4.695682
collaborator -4.81609 0.21401656 7.2208977 -2.1432486 -0.13298045 2.7821076 1.5961351 8.134594 0.86946094 -5.0437274 0.06579315 -2.968297 2.285604 -4.1100945 2.8227782 -2.2403011 -7.188526 -3.1321185 -0.040829934 -0.96039045
collaborating 0.15145814 -1.2618914 0.8479894 -3.8658743 -1.4284781 2.8215826 -1.3485565 3.6951368 1.470966 -6.683126 -1.6991953 -3.0388308 1.8742927 -3.8396227 0.8284229 0.92951643 -6.477698 -0.7361081 1.3820207 3.0336893
goldman -4.4000626 2.2633657 5.655702 -3.7608602 -2.5446131 -1.5784835 -1.9268935 4.8262634 0.5426027 -3.9263542 1.7805036 2.5418594 -3.8383734 -3.3058445 1.7620432 3.5142272 -6.2188196 -5.186908 -4.5784073 2.3569617
hector -1.4946924 -2.4430075 1.8793267 -2.2098787 1.4321843 -0.092114516 1.8951745 3.4051898 -1.9165585 -1.2018461 3.3639178 -2.9340389 2.1210752 -0.45827195 0.3999228 2.092178 0.28850457 -4.1023254 -4.4119606 -3.601044
mayer -2.2340293 0.8341188 5.2375526 -1.6523564 0.09707862 -1.7239232 -0.89040214 3.5049303 -0.6018653 -4.8480825 2.9670796 0.6436081 3.0113142 -0.46115613 3.1801083 1.3206891 -2.5620313 -2.435454 -4.1932654 1.0655427
roth -2.1878197 -0.008446189 5.5301857 -1.272213 0.29800078 -1.6970273 0.7378437 3.873935 0.1599615 -4.37201 1.5581433 0.68329334 1.7257483 -1.9344115 2.006462 0.7306046 -2.62382 -1.7857981 -3.214637 0.87671405
einstein -2.5855231 -0.17887564 10.524035 1.3001192 -1.6590456 1.6838621 1.2377793 3.4912386 0.21315907 -1.9946282 2.2540526 5.531891 5.500381 0.3166624 -1.1743616 3.8122778 2.807549 -2.1825328 -3.5692601 5.5596185
cartoonist -3.9863307 -0.5988566 -1.3605331 -0.7842157 -0.9002322 1.5087569 2.8369923 8.59487 4.425948 -5.4578204 0.8690344 2.6065624 1.9906641 -6.0896935 2.9966588 0.74681306 -7.755202 -5.521349 -2.187531 -2.0323842
abel -2.8442185 -1.059595 3.2617874 -1.3204252 1.321985 0.89292854 0.5634111 2.0502067 -0.31158727 -0.1009331 3.4273474 -1.6476189 2.1916544 -0.37171406 0.9196384 2.3901594 -0.8016996 -2.995351 -5.3614707 -1.2463738
levi -3.1906593 0.2524088 4.717581 1.0175557 1.5750898 -1.2196659 0.94509953 1.9142476 -1.4324565 -3.8349237 0.7553146 -1.4104049 2.720237 -1.7432058 2.1968162 -0.35602665 -4.3000813 0.39613247 -5.944204 -0.34149262
friedman -3.3534665 1.4521363 7.0529165 1.7697865 -0.47440517 -0.91086984 -0.83847797 4.495257 0.69001377 -4.879176 0.46328914 2.2881913 -0.9044042 -5.104868 1.3251519 1.7176198 -4.110177 -2.787649 -4.3347807 0.7980661
becker -2.4343762 -0.4238785 5.2244387 -0.83159745 1.5966607 -2.2912574 0.014307159 2.3560753 0.27282354 -3.1935897 2.2913527 0.17351216 2.6815908 -1.8077059 4.8319974 1.6723727 -1.3874938 -2.651644 -3.1702454 1.9599043
keller -2.9688356 0.61952 3.930029 -0.2712585 0.84571874 -1.7995788 1.2969596 2.5214655 -2.100328 -4.304574 1.5517818 0.10541145 1.7337234 -2.9114685 4.189969 2.667125 0.28841782 -3.085562 -2.8974817 0.48668757
rudolph -2.224199 1.4734236 3.9537513 -1.7110949 0.8238413 -0.3856506 -0.26242828 1.877881 0.045155637 -2.9373233 4.180278 -1.5608099 4.53619 1.5986855 3.8828156 1.6414533 -4.0325174 -1.5005985 -4.9010987 0.13422847
saul -4.106686 -1.1585634 5.1717577 0.43620816 1.7175615 -0.51341957 4.230867 3.9033618 -1.5025865 -4.385556 1.3362129 -1.0193833 1.0152538 -2.1242614 -1.5600222 1.7535517 -3.2938445 -0.35162246 -4.808415 0.1889873
heinz -2.090513 -0.68802357 4.9483395 -1.6798223 0.06040936 -1.094701 -1.9366382 0.9260605 0.76034164 -2.2046845 1.2677336 -0.23452133 5.90982 1.2400675 6.8703785 1.9272667 -3.7067513 -2.357718 -2.273298 5.625015
wilde -4.4744854 0.24824435 3.0518425 -3.444921 -0.20396939 0.41316828 1.1980745 7.032236 1.5490123 -3.326429 2.2856567 1.1347034 2.8420079 -1.0618072 1.6309391 0.6901105 0.6101743 -0.59708196 -4.1614532 -3.2933965
sachs -5.467018 1.7750313 5.8204174 -3.234217 -2.9007244 -0.6265479 -3.8161545 2.6178796 -0.28090054 -2.330083 0.06283123 2.1325834 -2.6087728 -2.5768027 2.1464803 2.7947578 -5.952853 -5.210839 -2.3632314 2.5504034
levin -3.8150923 -0.3052772 4.0587945 1.1010331 0.92372054 -2.984504 0.30842602 3.417299 -0.37061182 -4.160905 -0.008779861 0.2693549 0.8619323 -4.0682955 2.8107944 0.3978038 -4.468776 -2.0360174 -2.6998403 2.4361575
edmond -2.523111 -2.6944842 1.3312263 0.5864904 -0.4319191 3.3575795 -0.9268832 2.046073 -1.5387069 -2.0281596 1.6204307 0.17297505 3.8871846 0.7322962 2.3327105 2.7130866 -1.0188476 -5.488399 -5.828029 -2.1929579
theo -3.8267024 0.23012285 4.699236 -3.6766665 1.8296317 0.42407584 -0.05326791 3.3940763 -2.2111633 -4.077771 3.9595513 -2.6391716 3.7261415 -0.42462552 3.0449963 2.7458992 -1.0722268 -1.3251302 -2.2083216 0.11535562
kaufman -2.9048305 0.71893704 3.7214434 0.4292318 -0.047504693 -1.7767792 1.221384 5.0843096 -0.8276219 -4.3481627 0.71473867 0.99805266 0.123497374 -4.7858706 1.4778489 1.1236429 -2.7010834 -2.7656436 -3.1059241 0.020422818
shapiro -3.5681384 0.93506867 6.335895 0.74903744 -0.15180099 -2.349142 1.1051574 4.159455 0.025421135 -4.9586887 0.13881849 1.634243 -0.5531655 -5.203736 1.9514991 1.3612143 -4.3748155 -2.7201414 -4.0328608 2.362486
ursula -5.1455126 -0.16256456 3.197157 -2.4923873 0.250832 2.8852785 2.5176334 0.4213137 0.5313643 -3.6920335 2.573155 -0.5199455 4.8170123 1.0031912 2.4376416 -0.46018648 1.4242063 -2.5487669 -5.0220976 -0.70324063
ritter -2.3300376 -0.30893916 4.674682 0.5761117 1.2610934 -2.5629256 1.3228166 2.7759535 0.095795885 -3.3176782 2.0719287 -0.7713365 3.3938673 -1.3787267 2.1027243 1.2461971 -2.8724492 -2.1296594 -2.048497 1.777345
fabian -0.47437805 -2.6804142 2.6157339 -0.63804376 1.7318782 0.6953389 -1.8809807 4.72419 0.7085614 -1.558321 2.4723144 -3.2963705 2.956483 -1.7478353 2.2847552 3.4595404 -2.085224 -3.1120005 -3.1200018 -0.13178973
serge -0.44186968 -2.8573263 4.653148 -5.1743393 0.14000712 2.9345076 0.27982104 6.4374833 -0.05246617 -3.3232472 1.8658056 -2.2838118 4.660399 1.0157151 4.5560913 1.528182 -2.4997995 -1.3584375 -3.0538568 1.7231522
foreword -3.8396525 -0.78338355 3.5779388 0.91806185 -3.2442336 -2.1640253 2.6835113 5.332816 5.3996787 -3.3034506 -1.7203983 5.504745 4.012461 -2.2896826 -2.2826054 0.32863298 -1.7916709 -2.4431021 -6.7558746 -1.4288744
hess -1.9717941 0.7816025 4.43428 0.047554765 0.65861225 -1.7397214 0.77338237 1.1822103 -0.29404157 -4.014282 3.0004272 0.14262073 3.222473 -0.04363847 2.6360872 2.0585604 -2.6979296 -2.5232575 -2.9186425 3.209933
mentored -3.502393 -2.1294682 -0.2865611 -1.4651325 1.6757592 2.9162526 -1.4215933 1.1234752 2.2961369 -6.1024446 -2.824805 -2.4478543 3.275915 -6.7799716 6.769283 2.6932194 -0.44122356 -1.1714712 -0.7114929 -0.25999114
sargent -4.069076 1.7219584 1.8065039 1.5454311 0.084126405 -0.3772658 -0.04584153 2.8832886 0.41057727 -5.515017 2.163322 1.6953931 3.7954426 -1.5948975 2.7494802 2.1663656 -2.444623 -2.3690653 -3.2214031 -0.84210503
clemens -1.4374874 1.6782953 5.0291333 1.4377816 1.4905094 -2.8756835 -0.96242857 -0.10528641 1.2411848 -2.8118153 4.1337967 -1.5696259 4.4232087 -0.06656584 2.9018278 2.0971122 -0.6296985 -3.1606007 -3.5943227 -0.49667957
epstein -3.3907468 2.08933 6.368753 -0.5386837 0.5753471 -1.4785209 1.3596131 3.8930395 1.0488573 -5.502646 1.9818244 -0.3751103 0.2197674 -2.4489431 2.9759283 1.7117766 -3.9002922 -1.4909939 -2.7649875 2.0821857
essayist -3.8794408 -5.0218487 1.1253487 1.4590876 0.3947883 8.500964 -0.80331093 4.7210674 8.132066 -2.1554475 -0.5995228 0.7902559 2.6767435 -6.2387166 0.2890051 -1.8157533 -5.990737 -3.877342 -4.519838 -1.4163038
prodigy -2.4986932 0.48138088 2.8509445 -4.569511 2.7013297 2.5621014 0.7288827 3.1104183 2.3647428 -5.6319056 3.3078687 0.391242 1.9359205 -4.4818053 3.2760465 -0.021464443 1.159728 1.619499 0.279174 1.1543323
hemingway -3.7354462 1.6024154 1.629864 -0.62096363 -0.57231206 1.0877988 3.08775 2.7166557 2.5944836 -4.6087613 4.1028876 1.5928506 3.026857 -2.0989625 -1.0104754 2.2023642 0.62618005 -4.9884973 -4.675503 -3.879334
asher -4.6257234 0.42932427 4.0113015 1.3922046 1.1532836 -0.0061877365 2.4169693 2.5402381 -0.82910115 -4.865582 0.9126595 0.44513997 0.41694674 -3.1094599 -0.13281941 -1.1773876 -4.1254225 -0.48825285 -4.61443 -0.16342665
musicologist -5.027788 -1.2179266 8.558114 1.2992424 0.7478124 5.65613 -1.0421299 6.4558883 6.966014 -2.5022845 0.677428 2.9502478 6.1236796 -2.7955713 3.793216 -3.138352 -4.6007514 -1.3288405 -1.0241288 -1.4916681
boyer -1.0827113 -1.3978635 2.4217389 -0.15979618 0.48536217 -0.90995127 -0.20129187 2.8885832 -0.9125651 -2.7098455 2.4405527 0.9247182 1.3904473 -2.0871825 2.012422 3.009678 -0.59160095 -4.8063126 -4.3453774 -1.2141422
dramatist -5.008656 -4.4367766 1.3560762 -0.09856627 0.6248871 8.298635 -0.006266485 7.7461343 7.4598255 -3.0531704 1.6955328 0.48914143 4.1151404 -0.021241935 2.010023 -2.301534 -3.3664212 -3.7618535 -0.34004107 -4.6381025
dumas 0.489309 -3.5992517 2.321201 -1.8256614 -0.3017844 2.312244 1.3452405 3.4086492 0.5200586 -1.4554515 1.8499497 -0.4232185 2.0714688 1.4013077 2.8426929 2.3599603 0.2881197 -5.3828244 -4.3168974 -2.7612822
cofounders -1.7717782 -0.094860695 -0.5423446 -1.8355708 -1.5018663 -0.016383002 -1.5974815 3.205842 -1.2685074 -2.8181984 -3.3139367 0.35277963 0.5467759 -3.8391318 5.9462056 -0.18652523 -6.211301 -0.46556532 -2.9237857 0.5736441
herzog -0.45650882 -0.839538 4.895696 -1.1390946 -0.263569 0.082067326 2.30509 4.630362 0.3656274 -2.3961704 1.7862097 -1.6435473 2.7029612 0.4736216 1.5994823 0.661458 -2.279689 -1.883958 -3.4457405 3.419647
publicist -4.1342874 -0.94658995 1.7105016 -1.188957 0.9468882 1.1592736 0.38869426 6.6162558 2.7290027 -5.458625 1.007169 -0.8059615 -0.32285103 -3.4888775 2.71794 0.24833201 -6.5686865 -1.8762388 -2.0882986 2.112716
horowitz -2.1705008 1.3791798 6.6166067 -0.49281108 -0.97498006 -1.7424366 0.4103211 6.581738 1.0291482 -3.841501 0.24114875 0.23847558 -0.087556474 -3.9542606 1.801369 0.9486185 -4.130439 -1.0448185 -3.9966278 3.3958337
frey -2.13402 0.4094941 5.2058196 -0.87571776 1.3044103 -2.1174867 -0.5564725 1.8500034 0.25152963 -3.469666 2.7496269 0.24104956 2.6054316 -0.98764914 3.1550784 0.989071 -2.0109878 -2.013946 -2.674746 -0.034078207
weinberg -2.6194832 0.416326 7.1043954 0.8240353 0.47717002 -2.322026 0.4391539 3.412982 -0.14753245 -4.3777323 1.0376937 1.3229085 0.16803117 -3.0477993 1.5716093 1.3689151 -3.2839665 -2.1578066 -1.8848063 3.3529742
prizewinning -5.317741 2.6259077 0.36325857 -4.126119 -4.94491 2.1632242 -0.15670727 3.5093853 6.9553576 -0.6171879 -2.477574 2.4651668 5.4516935 -4.8145127 2.8343513 3.600427 -1.2463169 -1.2155281 -7.7965136 0.2655781
brandeis -0.22010113 2.0820954 4.6439652 6.2922015 -0.02608901 0.17993823 -0.64045835 2.2592473 1.5025649 -6.2988877 1.2746882 2.196411 1.2447581 -2.1251972 2.8362336 4.725538 -0.7393234 -0.27732608 -6.1302795 4.413335
cohn -4.1318307 1.5362055 5.040865 -0.40703604 0.03236994 -1.9031996 1.637563 3.3768187 0.26244366 -4.297312 1.0726517 1.2025595 0.45495254 -4.1092534 2.1043246 1.1438841 -4.4427853 -2.4219053 -3.3035376 1.2769502
pseudonyms -1.3070799 -1.5311893 4.686751 -3.3055632 0.3052157 -0.14536525 6.878104 2.1950104 4.099746 -4.59341 -0.43901333 3.6788864 0.11153789 -0.26403975 4.9105954 -2.4258037 -6.4660707 -1.2399746 -1.5180105 -4.8345766
fuchs -2.0910923 -0.80730194 5.1536846 -1.3654633 1.0302107 -0.63573724 0.8985421 1.8202233 2.0561767 -2.2329838 2.4280272 0.07195989 4.548329 0.123823844 4.1839447 1.109502 -1.9126897 -2.2127323 -1.466235 4.3210073
lutz -1.8465459 -0.97778434 4.1216474 -1.5942928 1.3583827 -2.1690137 -0.062085073 0.8067238 -0.35784745 -2.6090796 2.0069776 -0.007958695 3.7864847 -1.7833339 4.2961526 2.0523512 -0.09545646 -3.1356854 -1.5779155 2.1679697
eisner -1.2550151 1.9197714 2.16552 -3.9164522 -3.0317962 -3.7519574 3.0397491 7.7082996 2.524005 -3.9990764 0.9544525 3.3733568 1.1673309 -2.8184316 3.397354 4.5552278 -3.0851102 -2.7944958 -3.9266284 0.4405751
archivist -2.4653742 -0.23043726 0.12873593 3.350478 -1.8851259 1.2202028 0.2886812 3.3877017 2.889526 -3.6703608 -1.0373868 3.2061005 3.0156813 0.8188291 5.286463 1.3921628 -4.6609545 -2.5656183 -5.5885367 3.2618396
shaws -2.725863 0.9830994 0.8543132 -0.887627 -1.4008836 0.50624865 0.72473335 3.735483 0.060835224 -4.4568586 1.3482741 0.46889326 2.9078407 0.811422 -0.893268 2.4718704 -0.30766484 -1.7720683 -0.2351084 -4.207519
loren -4.2125797 2.2975895 3.2276413 -2.4692874 -1.153299 0.24080661 1.5647581 3.128004 -1.4980215 -2.8139114 0.054096006 -0.7712892 2.3699121 -4.369856 2.882969 1.0061287 -0.14407617 -1.5282923 -5.895283 -2.0888865
lerner -2.7103276 1.6539378 5.350067 -1.0329914 -1.297358 -0.26954892 -0.1132398 4.7471814 -1.148259 -5.074352 0.781654 0.9718545 -0.14609477 -3.1137495 1.9409112 1.311744 -4.853347 -1.9723758 -3.981364 2.1768453
caspar -2.3544228 0.26655418 5.18167 0.8897091 0.827668 0.94785553 1.8524996 -1.211477 1.4640304 -3.0715685 3.1337943 -0.18875754 7.0121255 2.8098085 4.0294437 1.3522445 -4.733789 -2.342329 -4.2082725 1.6096151
fink -2.4808517 0.54532063 4.3402867 -0.18159853 0.5552857 -2.0303276 0.7727728 3.6446562 -0.7665168 -3.7025368 1.276712 1.1377256 3.0037842 -2.6634173 2.6875591 0.36464345 -2.2664568 -1.276345 -1.9947625 0.7872978
perrin -1.8399546 -2.0462267 2.8001204 -0.36470428 0.1302464 -0.24143471 0.5793609 3.1393912 -1.945609 -2.106576 2.4233692 -0.057004146 2.365424 0.9928302 1.7868168 2.7151685 -0.08438763 -5.302845 -2.295925 -1.0633028
gunther -2.0191698 -0.6276875 6.132333 -0.2801039 2.1460247 0.044947498 2.1524386 1.674484 0.28069526 -3.7774696 3.5882382 -1.0925355 4.4073076 0.5747971 1.8085656 1.0644894 -2.0734067 -1.1286639 -3.0185046 2.5624983
mendel -1.0741038 0.30976996 6.605336 2.219616 1.488815 1.6254507 1.3238426 -1.3993567 -0.36126813 -3.8781366 2.2072642 0.20087616 2.9927683 -1.345834 0.61757016 -0.2616772 -4.415886 -0.49517894 -4.5975857 3.0907323
impresario -2.8941283 2.1043396 0.66914773 -3.813775 -1.2325627 3.9711275 -1.0673287 9.410456 -1.2895339 -6.3749 3.9176416 -1.4486796 3.297276 0.05585359 4.4826508 -0.63043433 -4.8791213 -2.598037 -0.32606938 -1.1705724
bader -4.1485868 -0.39515734 2.8117876 2.0289664 1.317344 -2.5627065 2.4956238 2.4842653 0.67577976 0.19058548 0.15174252 -2.335176 1.5244632 -1.8869442 3.8631258 2.0602913 0.8517563 -1.9990625 -3.3105216 2.8237762
brainchild -2.968546 -1.9724958 -2.3167484 -0.91936886 -1.6779035 0.9932502 -2.3053246 3.8808537 -3.3533623 -1.6764728 -2.326577 0.8145264 4.702844 -3.5875444 0.9624739 1.8313007 -4.337673 -1.9679428 -1.4963999 0.7936739
stoker -5.6033216 -0.116857834 1.021183 -4.1797957 -1.2993734 -0.30083734 3.2979627 1.1434143 1.230732 -0.1876682 2.3330946 3.2569456 4.31358 1.6071846 1.8249246 2.5026093 1.6905096 -3.912135 -0.8308256 -1.7408618
reiner -1.9881588 -0.26805982 6.5668306 -1.9442325 -0.19459711 -1.562488 2.6025357 6.212747 -0.1861409 -3.7562268 0.64961594 -1.1589048 3.1912348 -1.8323584 3.3746204 1.4837726 -1.6159877 -2.0874503 -0.7426384 1.0332675
backer -3.2372603 1.2110006 2.1214347 -1.4552794 -1.63744 0.5241585 -3.001474 4.916408 -1.1550934 -0.82986695 1.6254727 -0.20456176 -2.5407188 1.0222875 2.3547018 2.620072 -5.2492685 -4.2773476 -0.06504882 0.12516463
ehrlich -2.6562324 -0.21366373 7.154796 0.63497066 1.039575 -1.2519038 -0.33819458 1.9033538 1.5950723 -2.1947064 1.3952612 0.730748 0.00066468195 -2.8664415 1.9048337 1.7809284 -3.3361626 -2.1235428 -3.6833754 3.3043473
hecht -2.6486304 1.4682482 2.998174 -0.2637434 -0.727559 -1.2472814 1.1287061 4.428772 0.033748586 -4.8448305 1.5572134 -0.47945693 1.2902987 -2.0748417 1.8729365 0.6171308 -3.1622205 -2.7734091 -3.0390127 1.8037893
cartographer -1.2775795 -3.6427352 0.29515874 0.972215 -0.9748183 4.255605 1.337183 0.09885666 4.426933 2.335554 3.914305 4.527717 6.7557955 2.068545 0.4038569 0.7733916 -4.4950557 -7.8275595 -4.5921116 -0.044688392
photojournalist -4.2670765 0.43834072 -1.9653776 -1.5340416 -1.1566292 1.9516338 4.498557 5.3823905 4.41613 -2.7065783 1.261419 -1.6449007 1.0613449 -4.8866277 2.303396 -2.0588605 -4.326527 -5.677097 -2.048537 3.4624882
dior 0.3630309 0.73924947 1.1949701 -5.5019035 0.08651299 3.7233248 0.6921445 7.727649 -3.0390964 -4.5697446 3.7035866 2.500891 2.9825435 2.6451213 5.612921 -0.124022834 -5.527318 4.978125 -4.3821836 0.94434935
weill -2.1235027 2.8613374 6.347651 0.21149883 -1.9807122 1.4101366 -0.5007148 4.7649484 -0.8925803 -5.8331895 0.36516726 -0.20469259 4.170997 -2.3644283 4.160393 -1.0551031 -1.0782379 -0.880461 -2.1020737 3.700051
seeger -2.4585102 1.8986654 3.4320495 1.0859122 3.1426346 -1.726534 0.8556508 3.991894 0.5097499 -7.540869 2.9197836 0.7688449 3.2201588 -5.0731444 2.84073 -1.643903 -4.599777 2.112506 -1.8310906 -1.572958
flemings -2.893947 -1.3148868 -0.12533091 -1.5537492 -0.5978369 -0.39405507 1.1242987 3.3398788 2.1659822 -2.0460703 2.3200767 1.8458736 1.0957663 2.93628 -2.1139326 2.7585146 -2.807406 -2.320642 -0.8436051 -4.5238996
folklorist -4.258519 -1.9022629 2.6569207 2.2527666 2.3981383 5.429935 1.1690632 1.5694271 5.538042 -0.6057018 1.5067941 3.174043 4.4116187 -4.303739 2.115716 -2.1354911 -5.163054 -1.3268551 -4.104394 -2.2420664
rowling -4.9125752 -1.5113287 3.486662 -1.4688061 -0.4025627 -2.8388312 3.8058386 5.932601 1.9246863 -2.5499399 0.25154203 5.8614326 -2.8742979 -0.38972852 0.5099261 0.6344471 1.0169657 -1.1560158 -3.610722 -2.6432836
lichtenstein -1.5772856 1.5531965 4.98755 -1.0849774 -1.6440718 1.54436 1.6676171 2.1408365 0.79801106 -2.574954 2.182864 2.715239 5.056585 0.97038764 1.6690841 -0.38854077 -3.6470792 -1.980011 -1.6634097 0.17052233
wolfson -4.0983562 2.6048255 1.315617 2.6818407 -2.4932992 0.92217904 -0.96170664 2.5624583 -0.88522744 -2.8845031 -0.8890025 2.7752295 2.0390732 -1.1194779 3.9176347 3.0254946 -0.45889372 -1.3549994 -3.668266 2.7498698
restaurateur -4.566685 1.2685395 -3.6039405 -4.2870727 0.7683316 2.7670262 -0.5823051 4.066998 -3.0152483 -3.4582562 3.2420108 0.8137037 -0.25531554 -4.006561 5.843921 -0.7126386 -5.8386173 -1.9685128 -3.5532076 -0.86209583
colette -3.4163334 -0.42003483 2.218037 -4.537058 -0.7813934 2.3646817 1.5863433 4.018858 -1.4220877 -4.8420753 1.3634138 -0.6089084 1.8101326 -0.73404324 2.8968332 0.26764554 0.6003302 -2.1759813 -3.907248 -1.3946278
gunter -1.925235 0.52715504 2.8319867 0.7394581 1.5395149 -2.9384348 0.2891099 -0.17880957 -0.94223875 -2.5249546 2.4917634 0.012839271 4.1044364 0.27726737 2.785932 1.1027497 -1.9441743 -0.9758839 -2.2880208 1.1599257
goldwyn -5.1223664 2.4538462 0.9914713 -5.2024393 -4.6146574 -2.8030264 0.74976933 6.658958 -0.395093 -6.0734205 2.5148685 1.341179 0.7718893 0.011836491 -0.11495815 -1.7500669 -5.438337 -6.983301 -2.8434012 -0.3469614
humorist -3.736904 -2.1822274 0.041812982 0.45504424 0.98325604 2.13004 1.396836 4.5199876 3.872848 -3.446544 0.27110162 2.5173402 2.4621007 -5.76366 0.70570266 -0.06268015 -4.832778 -2.6720662 -1.7587445 -3.4585683
mailer -0.96008104 0.77210844 2.9375038 2.0402799 -0.7859032 -1.8976575 4.6347213 4.8133883 2.5727131 -4.1887774 0.92292047 0.99750143 -0.3902834 -1.0587019 -3.0580232 2.999556 -3.4979773 -0.97137576 -2.841 -3.0256793
silverstein -0.8573137 2.5321105 3.4369185 -1.2464763 -1.0525938 -2.9863226 1.5580627 3.5383227 -1.860729 -4.619089 1.390297 0.6771625 -0.13974538 -4.1686153 0.4266412 0.23141284 -3.839841 -1.1345989 -3.5281637 2.504235
dekker -2.3023536 -1.0661798 2.7517045 -3.0426033 1.0982974 -1.6103035 -0.4130913 4.3666344 1.0676779 -1.4746445 3.3047433 0.30977866 3.5748832 -0.709322 2.2163267 0.92366546 -0.2776967 -1.7833731 -2.4983509 -1.239209
pinter -5.550312 0.33712798 3.0435948 0.8216238 -3.0856516 1.9877479 2.139713 9.79601 2.870007 -4.695598 -0.75919324 1.6287185 2.2065501 0.55515766 0.7150527 0.24471287 0.95914227 -2.6555285 -1.0570502 -1.7452791
lipton -4.0227685 1.5371833 0.046808794 -3.5057364 -0.10862532 -1.4676113 -1.1128803 2.41339 -0.74725014 -1.0877211 1.545311 2.7943096 0.3984872 -2.1652248 4.0931234 2.1383934 -1.6306117 -0.68295765 -1.3333867 -0.8585241
suffragette -4.720894 1.3960638 -3.1773438 3.4820127 2.3347359 2.786062 2.6630573 5.7673798 3.9289956 -3.781189 1.876187 -3.0632536 -0.61589336 -1.3054391 1.1425536 1.612841 -5.2788076 1.6388148 -1.6318188 -1.9313399
satirist -4.6720304 -2.8852282 2.1748636 1.8379153 1.2789283 4.8017783 2.6576138 7.768101 5.669929 -1.3035896 0.40665165 0.601681 1.9101895 -2.7416966 -0.7116457 -1.1618645 -5.0226035 -1.0392976 -1.5291322 -3.7842736
cocteau 1.2536826 -0.59593254 5.658924 -5.5337186 0.6038195 2.6959128 2.0469897 4.5390177 0.9937153 -4.981386 3.7961867 -1.0130628 7.057457 -2.653534 0.56674063 -0.4672687 -0.9911901 0.49172932 -2.8911507 -2.212247
brodsky -1.3436352 0.9328574 4.9918985 0.7411066 0.2910196 0.5275195 2.245591 4.3154683 2.1747978 -4.2644753 0.90033036 -0.880635 3.6022177 -1.4373181 2.8027809 -0.45759234 -2.8830833 0.5544276 -3.9275086 2.126278
pelletier -0.77500045 -2.609206 2.3412666 -1.1101004 0.42918143 -0.018945849 -2.0203416 4.1544514 -0.696669 -1.7451595 1.5906445 0.4610401 1.3042244 -0.22015418 4.3286343 1.7546988 -0.15770389 -2.9133613 -5.255339 0.14865577
hitchens -4.2132072 0.5376364 3.6898727 4.4740157 0.071463116 -1.0101016 2.8556876 5.7246804 4.150635 -1.5537122 0.7764182 1.0097909 -0.68380314 -2.0409548 -3.4103568 2.1376538 -2.4837925 -1.080291 -3.3015676 -2.2341557
steinbeck -1.8187867 1.6600802 1.8291475 -0.271192 -0.98313534 1.3060327 2.919627 1.7901565 2.5616775 -3.7442722 3.4286687 2.0104809 2.144135 -2.8811452 -2.6545079 1.4392123 -1.1949084 -3.253175 -4.481237 -2.3690748
rolland -0.91218257 -4.200355 2.3936954 -0.7572837 0.6719988 3.265247 -1.5316955 3.5547462 -0.16110605 -0.87512606 2.7104843 -0.36637643 3.8319032 0.8338577 2.38358 2.361022 2.182222 -5.7442718 -1.6466093 -1.5929745
thoreau -3.7836037 2.7892177 2.9302187 4.2246447 -1.3581296 3.5241897 1.5344028 1.4355695 1.8360362 -4.5795503 3.1895561 4.215371 2.8011227 -1.6889923 -4.7970486 2.9908738 -2.2182922 -1.778528 -4.663307 -2.0406177
knopf -3.8606987 1.340702 1.9536408 -0.5808247 -2.8519268 -4.007523 1.001329 2.3272102 4.2961206 -4.5195 1.931819 4.638224 3.3332548 0.3250994 -0.53753465 -0.94064957 -4.370025 -4.0420094 -5.760658 0.37509394
bakker -0.57431316 -1.1747586 4.686968 -2.0031338 1.2292297 -0.37701532 -0.6674277 2.0361648 0.8038734 -1.0248735 2.4158313 1.825997 1.0522189 -1.9270285 3.305158 0.53331316 -2.0274599 -2.0054 -4.1024113 -0.36059988
psychotherapist -5.6586947 1.1089332 4.013086 0.9032956 1.2143921 4.6105776 2.8279781 1.4459556 2.9635127 -4.587974 0.72746515 0.4318427 -0.8590215 -4.76475 5.028569 1.4927919 -1.9198552 -2.7233477 -2.008675 3.5733263
protege -4.806199 -1.6459877 2.291031 -0.07682338 2.7621198 0.22974369 1.0919342 5.1372905 -0.7769435 -1.1520455 2.2011015 -2.3468225 1.1844662 -1.1859174 1.8105434 2.1540804 -1.1693194 -0.9705287 -1.2293326 0.11339143
stiller -3.8766081 -0.030294573 3.7099516 -3.8347728 -0.028930297 -0.20647216 2.0443416 6.109385 -1.8447472 -3.3257859 1.6552325 -0.823098 1.4742743 -4.5319047 1.8435737 -1.9654096 -0.55237114 -2.4629357 -0.73111844 -0.10291702
faure -0.41571683 -4.904049 3.4321485 -0.15892164 0.15983386 1.4625655 -1.8027385 4.235513 -0.17514454 -0.26045457 0.8789246 -1.2104017 1.289006 2.2569182 1.6373479 0.8088959 -0.2819337 -3.6504645 -4.614956 0.51163214
glazer -2.7008202 1.9992677 2.5689504 -0.40761366 -0.29480729 -1.4229026 -0.5508732 4.824149 -0.24738748 -3.8554134 1.1854566 -0.3571713 -0.5085486 -3.4002287 1.7928674 0.44627646 -4.110215 -1.5649048 -1.953555 -0.080210395
salinger -4.235105 -0.32477865 3.9720466 -0.37476313 -0.06247176 -2.0893078 2.1974046 2.7199845 2.3709447 -4.9557557 1.7535163 2.5165708 0.42103732 -1.7595832 -1.0642391 2.3518522 -0.5245518 -3.2508516 -3.098138 -0.6609424
lanza 0.41047475 0.24500445 3.822084 -2.2934453 0.36757 0.70887303 0.9882423 3.6698601 -1.1973389 -0.88830775 1.5836294 -3.847966 -0.33047777 -1.5206753 3.2554321 0.17834099 -1.9797974 -1.6690542 -3.6974373 -2.6822464
copywriter -6.1883364 0.5342125 -1.0784422 -2.775363 -2.078089 -0.28938073 -0.44522682 3.8925185 1.4232852 -7.095808 -0.0799898 2.4080276 -1.5862266 -3.5310757 3.1733818 0.5192314 -5.3082385 -5.809901 0.86975515 2.167299
ethnologist -2.8194907 -2.517297 1.105964 1.6066023 2.0033102 5.7998285 1.161128 0.07047611 4.794014 0.4315072 3.343401 2.405369 3.8454065 -2.2741115 1.8849107 -0.9862108 -5.092797 -3.675284 -4.414236 1.8600454
alda -2.4652297 -0.7951689 3.8005595 -2.1489794 -0.23957646 1.4434017 0.44352975 4.1388173 -0.3013158 -1.3718154 0.7846648 -0.50585115 0.47637203 -3.115089 1.9092025 -1.2189113 0.57768935 -3.1148863 -2.8118086 -2.488933
pressman -3.9028196 0.057362504 2.2585588 -0.97400814 0.017481163 -2.2786677 0.565465 3.9641707 -0.72293955 -3.644976 0.8053851 0.16477863 -1.4074912 -2.0732343 2.0133479 1.3784628 -4.5156894 -3.0939496 -1.8679501 1.5186719
albee -3.3357348 1.9798801 1.0984725 0.4350132 -1.315736 0.06813392 1.0818559 4.7037883 -0.4909959 -3.501544 2.2849739 1.326152 4.0703835 -0.9642047 0.93254435 1.3100389 -1.1387472 -2.9715474 -2.5463955 -1.392441
isherwood -4.767661 0.49961475 1.0537262 1.3993955 -1.3502539 0.3231445 0.5915475 3.5521162 2.7888663 -4.0080233 1.9031887 2.5865095 4.0836115 -0.52518314 -1.3421874 1.651362 -0.2544211 -3.8752491 -1.6898837 -1.946553
lexicographer -4.400033 -4.0262613 2.372041 3.01408 1.9863238 4.2277017 0.33484772 1.2439476 5.8251204 -1.06903 0.3841084 4.382224 2.8221092 -0.67624885 2.2722871 -1.8077728 -4.473328 -1.4369197 -3.0559044 -1.9045017
greenaway -6.332323 1.8840089 -0.9251622 -3.072952 -2.1985343 -0.35747567 2.0848207 3.942031 3.817261 -1.8060236 -0.64087766 3.7132704 4.32713 -2.042221 4.839034 0.7324837 2.4055097 -0.6208443 -3.3584242 -2.1313794
gropius -0.6126805 2.1014442 5.8738894 1.7511731 -1.3635463 4.8159323 -0.57497865 3.3531923 -0.41343436 -4.526723 2.9247112 0.74302113 4.877588 3.7562404 6.3624578 2.3894544 -3.6444352 -2.824476 -0.23078026 2.1576896
pasternak -3.5557292 0.29283065 4.137948 -2.8073747 -0.15270938 1.2693259 3.1810966 5.9312897 3.2240736 -2.6827028 1.6319351 -2.0662234 0.88175005 -0.0050311075 2.0886474 -1.5680382 -1.7026377 -0.04185784 -2.6184392 3.3583026
michener -2.5084813 -0.022354998 -0.37568173 2.9579694 -0.8956323 -0.39602324 1.3385074 2.9795382 0.66850865 -2.6939368 1.0262209 3.2487078 2.8010352 -1.9024892 1.0748798 1.7112993 -1.4002879 -2.8951733 -6.320553 0.2755713
eggers -1.6989021 0.20228338 3.8668423 0.6306174 0.06839927 -1.6600134 0.9071358 3.150243 0.3537734 -2.4067771 0.5954309 0.9953046 2.3900409 -1.8800961 1.8614936 1.7211922 -1.8018667 -1.5803068 -2.2820866 0.062420137
schoolmate -5.342453 -0.40299422 2.1895247 -0.19890691 3.7064135 2.7748837 1.3256172 2.7280238 -2.209467 -4.0455217 3.13412 -2.1916845 0.6852469 -2.3765035 3.1820972 -0.15597804 0.5502273 -0.69882876 -1.069465 -0.076521136
behrens -2.7694724 0.35865062 3.5072217 0.0052893846 -0.036593832 0.81043875 -0.7958625 1.4642258 -0.18157059 -2.1386235 1.8692923 1.0375452 3.246949 0.5362869 3.7449422 0.7979999 -2.2689352 -2.58699 -1.6740334 1.2308044
mankiewicz -4.4098196 -1.5020988 5.188697 -1.8672642 -0.59263164 -2.0465002 3.4931598 6.144449 0.8243332 -4.256706 1.746564 0.6495939 0.23984319 -1.2208183 -0.31316966 -0.03399067 -1.8977412 -5.296652 -0.9408909 -0.9274661
gehry 0.99882907 3.876478 3.6029394 -0.16739199 -4.094137 2.6383774 0.6847071 5.5435486 -4.913238 -3.47362 1.1090398 1.2371109 3.4539764 0.38074666 4.4503746 3.6143715 -4.3491354 -3.326139 -1.1774899 -0.15897177
perrault -0.7221062 -2.5296667 2.1134102 -1.2065965 -0.47696322 3.1361008 1.301055 3.0207593 0.23771723 -1.0413954 2.4394262 2.1094723 3.135535 1.7409571 1.5077806 1.6968311 -0.5883274 -3.6173556 -4.526059 -2.2352822
toynbee -3.2257125 0.789979 1.9039447 4.1548176 -0.82655966 2.618463 0.8305068 3.3520916 2.410844 -2.2045887 0.8898543 1.7501507 1.8008579 0.96036494 -0.24896863 0.93706685 -2.8463886 -1.1536402 -2.8090878 -0.102694295
caricaturist -1.7931576 -1.710026 0.4037264 -2.0678709 -0.3769028 4.9621744 1.234049 4.709442 4.846695 -2.0530772 1.6054454 0.9017258 2.32291 -1.3287588 2.6861317 -0.44295585 -4.9583 -3.0911458 -1.8668721 -1.7102109
orchestrator -2.2140121 -0.8255418 3.8049965 -1.7323385 -0.7954319 1.2684127 0.42646933 5.6543565 0.9642709 -4.505283 -1.052978 -0.26446626 3.5152106 -2.9868853 3.091654 -0.5329777 -2.4171574 -1.8552845 3.4006598 -0.2652855
capp -1.0279508 1.2703654 1.7335349 -0.65094095 -0.75921345 -1.4362142 2.3544486 4.5845203 -1.1040325 -2.0333464 0.6034157 1.6921766 -0.64527375 -3.7009203 0.39371923 0.20696622 -3.3172567 -0.99057066 -1.9192235 -1.5694684
mamet -3.3907597 0.13560331 2.9955733 -1.198544 -1.2483763 1.302348 2.2693202 6.6653447 0.049829654 -3.1637866 0.3762352 0.4159843 0.71677774 -3.7315307 -0.59859324 0.23145276 -0.7683242 -2.073552 -1.433447 -2.178776
presser -2.3002276 0.59048754 2.5813217 0.44295782 0.9230822 -3.335588 0.5342243 1.1010015 0.3023019 -3.1866546 1.0547603 0.27284566 0.035276607 0.50630707 3.0187073 1.0548047 -3.1202378 -0.22514719 -0.884295 2.6878476
solzhenitsyn -1.4798684 -2.3743048 4.544074 -0.23651665 0.83068335 2.4423456 5.4637847 3.463277 7.5863347 1.6542869 0.7173003 -2.756283 1.736971 1.0793625 -0.08536987 -2.038876 -4.0252695 0.11446167 -3.093179 4.2506385
millais -4.25711 3.9208264 1.0660367 1.0048596 -0.9136351 3.6413412 3.1151078 2.1098118 1.4111328 -3.033072 3.4613156 0.98372525 5.0248265 1.082388 1.1227533 1.9079002 -1.1588378 -1.1339828 -0.9412971 -4.027027
biko -3.1219435 0.5974171 0.67029077 2.4218602 2.4004886 -0.19858669 1.4708574 5.6895156 -0.46153045 -2.4115984 0.73525727 -2.7609432 -1.1945057 -5.7894535 -0.7903365 0.18278435 -3.5706933 1.6941485 -1.6559659 1.1315207
hockney -2.2811332 3.8898866 3.4346635 -1.5798681 -2.4315429 2.1581287 0.940644 4.87133 0.29175478 -2.7348263 2.207067 1.3591617 4.751414 -0.8418738 2.9021463 0.6518321 -2.0562768 -1.3479819 -1.2645947 -1.9582584
bibliophile -2.8983033 -0.24296068 0.5117871 -0.27146456 -1.1716536 4.7545123 0.6707982 1.0504215 4.5333905 -2.3820643 1.0372682 3.2382236 2.0800388 2.3111978 2.9444106 0.089156926 -3.6751897 -1.2950143 -4.1202483 -1.3399138
criminologist -3.9723725 -0.19859192 2.8185487 2.2927547 0.6059761 1.4715124 2.6472466 2.4320216 3.0743372 0.83573014 -0.25081092 0.11158345 0.7351874 -4.3501987 2.7587655 2.7795265 -3.8785493 -3.4291003 -2.8056223 1.1796724
bunsen -3.9839656 1.4467002 5.463072 -0.7570231 0.13583711 0.49767277 2.154062 -0.86099494 -0.15672144 -0.6443948 3.7590723 3.0599134 5.0455184 0.9850847 0.39028162 0.16975546 -0.92033213 -1.7138348 -0.43766806 3.9139848
prizewinner -2.9889755 0.8637901 2.3868678 -3.1323237 -2.5906198 3.3753865 -2.8877444 3.8905659 4.087235 1.9257919 -2.8133214 0.7881808 4.5755005 -2.3028193 5.8464603 0.16515443 1.9265249 1.7410858 -3.6937578 1.641313
colorist -1.136149 1.4392661 2.5273829 -3.4391212 -1.4981308 1.5601611 2.7556133 3.3627377 2.22161 -2.44172 1.0930705 1.8543948 3.8803258 -3.1752722 2.8872433 2.8018124 -2.925215 -2.2433817 0.28311417 -1.421596
baylis -4.380139 1.6056877 0.504189 -0.21791038 -1.1322689 0.47657222 -1.2289021 3.7072399 -1.6072602 -3.2125092 1.0419914 1.1031098 0.21336827 -0.017199285 2.8307633 0.4340723 -0.6160224 -2.588052 -0.1649482 -1.8509953
lebrun -0.29875156 -2.0656374 2.3413172 -0.26659024 0.33616364 1.9755769 -0.45598254 2.550764 -0.7351214 -1.5357156 2.115134 -1.4628334 2.8597164 1.8026572 2.0781612 1.7122107 -0.3829282 -2.2197876 -4.6348596 1.1313311
beerbohm -5.1779613 2.2379544 0.9715893 -3.0229068 -0.77267563 2.2746017 2.4615202 0.7236548 0.49266323 -2.9476314 3.0778103 3.1114275 4.636147 -0.3180929 0.70832783 0.47359708 -0.7685717 -1.5100776 -2.7160103 -3.87524
rackham -3.7030704 0.14303266 -0.59234625 -0.63644755 -0.027176024 -0.07862151 2.8205783 0.5673349 0.4684818 -2.1246994 2.9581816 2.3528342 3.6369834 0.23229434 0.90096533 2.0960395 -0.7928317 -3.6439936 -2.2594306 -1.5759411
memoirist -3.6380203 -2.387161 0.40819797 0.035309725 1.3418396 4.820748 1.300562 2.002026 5.365172 -1.2276787 1.2092184 0.06367724 1.58311 -1.8214275 2.2095382 -0.9458003 -3.4022925 -1.2423577 -2.992626 -0.3349609
ziff -2.5668473 1.0880481 2.0991304 -2.3633585 -2.8517387 -3.2098782 -1.820933 2.74858 -0.20387429 -2.8028696 -0.7362927 2.8562527 -0.63857013 -3.7640436 1.2356107 0.9257143 -4.0697255 -3.746656 -3.149867 0.80007374
steinem -2.3819523 1.1948079 4.117464 -0.08080599 0.23013857 0.3682235 1.1733242 4.252637 -0.19810866 -3.1416714 -1.0050228 0.29785213 -3.3412929 -6.7701125 0.837369 -0.30738333 -1.2156043 1.9253411 -6.868694 -0.66684955
couturier -0.394044 -0.22498341 0.9821397 -3.409859 -0.4063331 3.504248 0.26040262 4.472777 0.105086505 -2.223426 3.3104544 1.0377092 3.3801298 2.058944 4.7011366 1.8180548 -1.4876465 -1.207539 -1.9619199 -0.38925073
behn -3.6583753 -0.85049343 2.0902026 -1.6700214 0.004455501 3.5658855 1.1603559 2.337057 3.0991461 -1.4799191 2.7062285 0.7148268 0.13189629 0.7363356 -0.56213105 1.7668178 -0.96013814 -2.8606334 -3.3528929 -2.977784
reuther -0.7279131 1.2060449 2.259701 3.156995 0.64377964 -2.463754 -0.36648762 1.3873298 -0.67161816 -2.1069546 1.3935933 -1.1347067 -0.38110492 0.30170563 3.7211013 3.153406 -5.6810546 -2.4370916 -1.9234325 1.2935759
videographer -1.9661255 -0.3399384 0.15841337 -2.6744645 -0.80241436 0.53913426 2.295969 3.3671246 -0.111916915 -3.5568295 -0.9047199 -0.49512333 0.99318427 -5.3987374 1.8506066 -0.07123611 -1.3561859 -2.0662053 -0.3538048 1.7792325
lilienthal -2.4058201 -0.6690298 2.4913566 0.7053075 -0.04934583 0.46356747 0.7901044 0.681687 1.3145996 0.40180942 1.6558092 -0.0848957 3.7715135 1.599576 3.139426 1.5967865 -0.4750804 -3.536883 -0.4584801 4.1216145
cassatt -1.8553708 2.8993104 1.116692 -0.5390219 -0.74422866 2.9804652 0.51943606 0.5340834 -0.34647244 -3.8663154 3.9249508 0.3909569 4.304158 1.0636802 2.7829738 1.9158721 -0.90814537 -2.015193 -3.6996593 -1.0893215
typographer -2.483647 -1.2536646 1.7037808 -1.3759124 -0.2519992 2.9075565 0.530462 2.0630777 2.7132497 -2.5229948 1.8350517 3.3233645 3.6195931 2.0160804 4.4222426 0.35008276 -5.5301757 -2.0603025 -0.9459851 1.3294904
preservationist 0.20896639 2.5877101 -0.6390707 2.7866488 -2.0714982 3.130368 0.3694229 2.4059844 0.33191493 -1.8154323 1.2195897 1.0910808 1.0079348 -1.2144574 0.99289465 3.3476558 -5.7186623 -3.3502162 -2.6420622 -1.427235
steichen -3.181428 2.496797 0.7453619 -0.78927773 -2.5331607 0.81613624 3.0670989 2.9013827 3.5625768 -2.7146888 1.6868892 2.004585 5.1040573 2.215587 3.0514839 2.372809 -2.8965483 -2.1833246 -3.62691 0.5745683
sarnoff -3.2096207 0.24991542 2.3783736 0.11929381 -1.7169988 -2.7101758 -0.469702 3.749975 -0.45613933 -2.8371358 -0.28883228 1.7883102 0.8433125 -2.3509278 1.6064563 1.725111 -2.718632 -3.9777913 -1.0420051 3.4687188
emigre -0.015793208 -1.0661726 0.5412122 -0.03436679 1.0311859 2.8784087 1.4631828 3.0035436 4.120128 -0.9156872 1.3257031 -1.0401312 2.2004757 0.73190373 3.073274 -2.1350381 -6.4275117 1.0390508 -1.3195627 2.1488686
highsmith -2.155759 1.5865762 1.7969446 -0.8198518 -0.5401589 -0.7370451 2.0144334 1.796036 1.3153644 -2.8074913 1.536064 0.71245617 0.686227 -3.4330149 0.35435337 1.4217107 -0.11803493 -2.2420795 -3.520849 -0.71474844
mangold -2.3854203 0.7360165 3.6228945 -1.4378427 -0.48997107 -1.0203279 0.6382304 2.5689461 -0.5935499 -1.8983318 1.5727881 -0.1522832 3.4693408 -2.2843444 1.3424633 0.54252285 -0.5740701 -2.9804366 -0.15673089 -0.18055965
medievalist -2.5106175 -1.2456632 3.1023443 2.1417928 0.5143319 4.829163 -0.8179199 2.2519488 4.134019 -0.15719727 1.7587079 1.7118593 3.408447 0.18345174 1.7673317 -0.16808957 -2.6723661 -2.0597408 -2.0344765 -0.9773635
kier -2.2252798 1.064854 1.761445 -2.0494726 -0.9977895 -0.3232727 -1.4297938 2.314168 -1.5818924 -0.3904998 1.5597676 0.5282222 2.0869546 0.2577476 2.7737262 -1.0384723 -2.7384515 -2.0571268 -0.9216403 -0.15166904
jessel -4.0287724 -0.40705055 1.5193131 -0.2436979 0.68924165 -0.06151632 1.6323028 3.851255 -0.22407256 -3.2671986 1.3622526 -0.14165494 1.3102683 -0.3757738 0.8765389 -0.056880537 -0.14350651 -0.4422387 -2.697248 -2.1224246
alanna -2.9544241 0.48687077 1.6998008 -1.0997053 0.7525997 -0.6616968 1.3023902 3.259041 -0.80034536 -1.7711788 0.86627996 0.42301935 1.0260139 -4.2517924 0.23758632 1.1126773 -0.5279215 0.21580097 -3.1799395 -2.1464727
romberg -1.7458643 0.60191864 5.147464 0.60090894 -0.13874634 2.3660297 0.040504027 1.8841234 1.1597617 -2.9839969 0.87496275 -0.17310978 4.425543 0.015491775 2.448299 -0.12436434 -1.1875719 -0.92841476 -0.008030322 0.39170077
ionesco 0.08089249 -4.0260034 4.7324314 -0.9144931 0.2878211 5.086915 0.68666136 4.87815 0.95313 -2.1668434 1.333723 0.6909897 3.1483383 -0.009994078 -0.60733277 -1.5407251 -0.77199626 -2.2006516 -0.7636777 -2.2666228
pinsky -2.2959876 1.146241 3.9846992 1.0137702 -0.6013626 -0.65479994 2.368311 4.4055386 1.6823708 -2.6198068 0.42343122 0.6268347 -0.58409274 -4.2572913 0.72180253 -0.45127708 0.43499875 -2.1927092 -2.4421575 0.84195447
dowson -2.7624667 -0.23840696 0.708122 1.4505779 0.63786966 -1.1068485 -1.6709763 3.874122 0.81029093 -0.7213099 1.5700014 -0.04750321 1.001632 0.3492044 1.9891841 1.0726066 -2.6624544 -1.8232086 -0.021435868 -1.9968338
autodidact -1.1955842 -0.025941886 3.0901668 -0.7503022 1.0003779 5.397968 -0.60188204 0.7524562 3.0806565 -3.702609 2.807864 0.62806606 1.3994513 -0.7178087 2.3373146 0.16352691 -1.0675595 -1.6247507 1.1486834 0.64802283
depardieu -2.746559 -4.235379 4.5452046 -4.2060637 -0.19292766 2.931858 0.66423655 3.8546882 -0.7366943 -1.0254025 -0.16443594 0.030978587 1.8270568 -1.2297481 3.0543008 -1.80891 1.874814 -4.118664 -1.1998069 -2.6727479
vint -0.78686535 -1.1780767 1.4463272 0.1502237 -0.913367 0.30575755 0.42766085 1.2545043 -2.5906482 -2.2403321 -0.435947 2.562641 0.51546574 -1.4517341 1.9931957 1.3888819 -0.76824784 -3.2979007 -2.4659476 -0.60267484
schroder -2.7962937 0.34734163 1.6958247 -1.1461024 0.022637587 -1.987604 -2.3093987 1.5432713 -1.5344214 -0.8201376 1.4351525 0.944552 0.44907072 -1.3204415 2.470565 0.5000972 -2.559817 -1.9372737 -1.4522773 -0.36399144
documentarian -2.7950735 -0.18210801 1.4365209 -0.9811902 -0.80233616 1.6063241 1.3404573 4.222658 1.4609917 -1.6452911 -0.05476191 0.98529154 1.1483086 -4.1211944 0.19136328 -0.119475424 -2.1412585 -1.8816775 -1.3241577 0.77697456
sulzberger -3.2994907 0.6577615 2.7350047 1.4019058 0.6124485 -1.5424597 -0.64238703 -0.01449987 0.7225933 -2.139304 1.6926795 0.66309035 2.2769408 -1.8462821 1.332832 0.16965094 -2.485818 -1.8827684 -4.0162034 0.1754214
gies -1.4311731 -1.3445493 3.1482334 -1.6336532 -0.115449294 1.016115 0.6649789 2.0612943 -0.8311573 -1.681661 1.1478641 2.063925 1.9250581 1.6506839 2.3049903 0.21739355 0.5493654 -0.9055826 -1.3453034 1.1680202
paediatrician -6.774046 0.7196504 -0.38031086 1.4278634 0.66479737 2.6347694 0.9030326 0.48565134 2.5180748 -0.5420009 0.80671465 0.24158815 -0.050071023 -1.3413693 3.79309 -0.22529894 -0.96645606 -2.819549 -0.037486576 1.7765614
folksinger -3.008916 0.674468 0.68378824 -0.35384366 2.2884424 0.20131995 -1.3028636 3.174525 1.6707445 -3.1748347 2.6888082 0.65974903 2.3125517 -4.29165 1.6037948 -2.6757088 -2.5807357 0.8015341 -1.466447 -1.5235208
doctorow -1.6212376 -0.30153725 3.295591 -0.41237122 -0.9956213 -0.87369084 1.3678396 3.9102626 -0.15028095 -0.5310984 0.033218097 2.5806413 0.25878057 -4.517672 -0.32309625 0.7057523 -2.0427396 -1.935834 -4.5977826 -1.035896
kroc -1.3944911 1.5196424 0.6911371 -1.0030028 -0.49925983 -0.6907694 0.013772534 1.7235906 -2.7166083 -1.6672096 1.3833902 0.68761045 0.3943598 -2.5733666 2.8438866 1.9757344 -0.9099846 -1.7925278 -3.0710344 1.9482316
cryptographer -2.4498985 -2.7014909 1.0449234 1.3999506 -0.15048662 0.25106624 2.9015086 2.6608558 0.9947949 -0.39025134 -0.38523862 2.3404787 2.2828326 -0.14879285 3.192844 2.5701516 -2.4818656 -3.7394996 -0.038831513 2.7337182
ensor -2.995902 0.1638754 1.7515185 0.65985316 -0.11028905 1.4967163 -0.15481196 2.3776622 1.0735006 -1.0492097 2.2279193 0.6582187 2.6353202 0.87195307 1.7951818 1.1153483 -2.3721354 -2.571841 -1.8217624 -1.6782762
mabuse -2.005266 -1.6390572 4.0210695 -3.6142404 0.9579702 1.5197482 3.3671048 3.7591007 0.9439558 -2.1281488 1.9407517 -0.37632525 2.8900902 -1.3170973 0.8828126 -1.6931661 0.122004025 0.056131966 -3.301522 1.3163172
radner -2.592929 1.860058 3.8340285 -2.6058888 -0.82192683 1.7652752 1.3145546 3.0764654 -0.77318066 -3.044017 0.56685525 -1.9195977 -0.00342808 -3.538494 1.0957124 -1.9459786 0.9881375 -1.2284148 -2.1556005 -1.212446
urbanist 1.5666275 0.7266451 1.5846752 1.9722047 -2.334242 4.648301 -1.9025186 3.3286805 -1.0674202 -0.7719063 0.18359803 0.9625456 0.7672707 -0.76374376 1.0609245 1.059517 -5.0256305 -2.3656812 -0.97972685 -0.257135
sexologist -4.0231867 0.024584005 3.6914139 0.287101 0.75336736 2.503746 2.133833 0.9077397 3.264381 -0.8783129 0.020453665 1.3741534 0.48242697 -4.0682664 2.7152236 0.78789455 -2.2399976 -1.5592896 -2.534937 1.7781461
televangelist -1.7285445 -0.12653105 1.4089221 2.8065932 1.8549199 0.27206445 1.3962831 3.8592823 -0.30650538 -2.9703214 -0.07119504 0.045197286 -1.1656207 -3.9834785 1.038006 0.09472632 -3.1053739 1.0431576 -2.781575 0.11591655
pamphleteer -3.0638382 -1.4691043 1.3315134 2.3487148 0.9365723 2.343893 0.31226915 3.0494616 4.716784 -1.5585959 0.8383328 -0.18951158 0.0030614613 0.7706668 -0.60822856 1.6778147 -4.19271 -0.6993074 -0.7911534 -1.8896197
landseer -3.3214757 1.3818867 0.107213825 -0.5119644 -1.3142937 2.1350508 1.7782962 0.7783557 1.4776273 -0.9492099 2.1064208 2.2607594 4.1219954 1.8763775 2.0591445 1.6586823 -0.5652439 -2.0072765 -1.4482129 -2.7053015
sickert -2.850613 1.5532259 2.4546714 -0.39183918 -0.7626584 3.0524712 0.9615016 2.3495224 1.2460027 -2.5166419 2.3921607 0.71295553 3.8262966 0.8308178 2.4846597 1.5236754 -1.6442968 -2.3179376 -0.5450122 -1.7193358
safire -2.5545213 -2.0940402 1.66107 2.1458569 0.19961299 -1.7881205 1.3817472 2.6659184 2.242761 -2.5912762 0.23907803 3.2873828 1.3592228 -1.0014137 -1.473562 0.6226333 -2.3114862 -1.9747325 -2.1571307 -1.1418415
bettelheim -1.2312125 0.15636379 4.242885 0.21782324 0.61874515 2.6416864 2.0559309 0.61408436 2.7766366 -2.0485756 2.143299 -0.04566319 0.117625795 -0.58987397 0.14770512 0.731777 -0.33229265 -1.0768213 -2.8501432 1.8005848
podcaster -1.3504217 -1.4290161 0.0067918394 -0.84912694 0.086244315 0.07021088 0.72528434 2.8970335 0.6195435 -2.0786917 -0.6907915 1.7242644 -0.5708718 -5.648698 1.4535421 0.20261358 -2.4572308 -1.4890567 -0.36027667 0.04577281
wasserstein -2.5381238 0.79309285 2.115503 -1.1189963 -0.81793326 0.5019864 -1.452876 1.3876436 -0.7628684 -2.2431731 1.2496976 1.4968269 -0.29009858 -1.6503768 1.7739764 0.57080513 -1.9521223 -2.4432755 -2.7741373 -0.4454829
ethicist -3.026948 0.077887036 2.8582692 3.3850014 0.6117909 2.9198544 0.7306358 1.5224683 1.9128567 -0.8859416 -0.44218606 1.525678 0.47469643 -3.5123334 1.9231684 2.1717193 -2.3956475 -0.88823485 -2.3308127 1.4046155
amanuensis -3.2353342 -0.65979147 3.1640038 2.0404685 0.5238655 1.5577471 1.5431406 1.055413 2.363471 -3.5691636 1.1517618 1.4959831 1.0699999 2.6317172 1.938341 -0.46153617 -0.6122464 -1.5392972 -1.5716754 0.29977334
popularizer -1.7169185 -1.7256515 1.1526134 1.3883091 0.3379529 4.1760025 -0.19391769 1.6080769 2.990769 -0.37860703 0.3737514 2.4799297 3.1342847 -3.05974 0.5430175 1.5135725 -1.3497113 -1.7106333 -0.4485969 1.2775239
hairstylist -3.0466385 0.64309984 0.07805962 -3.2827725 0.9484267 1.953345 1.0808363 3.0796437 -0.2668444 -1.8547953 1.8053391 0.21848945 0.21379988 -2.6262207 3.5936196 0.7619203 -0.62887585 0.021697223 -0.8018383 -0.10203996
watercolorist -2.1293275 0.935068 0.49456975 -0.71846116 0.34417272 4.5440373 0.36422107 0.7698698 2.1284642 -0.9579197 3.05081 1.1939027 3.9153807 -0.7933817 3.2426987 1.0600704 -1.8537233 -2.0825925 0.32127148 -0.72637963
eysenck -2.178025 -1.0617285 6.142855 1.0915664 0.027436085 2.3522484 1.6912849 0.85301363 3.462472 -0.054173492 -0.76362914 1.1887064 0.55533963 -1.9624053 1.5529772 1.5659095 -0.9928568 -2.2853882 -0.49874482 -0.16955216
sendak -1.9021721 0.7469298 2.289451 -1.5856298 -1.3633308 1.2356514 1.9993032 3.2379751 1.0943412 -2.12429 1.2556139 1.6616327 3.3415437 -1.0920862 1.4356704 0.16303368 -0.6281137 -1.6241771 -3.400803 -1.5936627
flaxman -2.4023194 1.6999466 0.49955952 0.7246192 -1.2561266 1.6540303 1.3549968 0.6016933 0.27306545 -0.82235616 1.6796775 2.0881543 3.2553232 1.5957558 1.7524589 1.4557828 -0.96549284 -1.4051279 -1.6987017 -2.1694984
biophysicist -2.1437793 -0.48289132 3.7362578 0.9012105 0.96308506 2.3075857 0.6887102 0.3294916 1.4479812 1.4170433 1.581296 1.7447855 2.7284193 -3.2735276 3.1012669 0.8322654 -2.0403898 -2.805519 -0.15984331 2.6675706
dramaturg -1.4900805 -0.961362 0.74261004 -0.28937033 -0.9328964 2.8378205 -0.09771497 3.548615 0.91989833 -2.2869432 -0.09715668 -0.26638553 2.4922895 -1.2966588 2.846578 -1.4032567 -1.8213985 -2.4342592 0.060468704 1.3198904
horney -2.3469121 -0.59944797 4.6115184 0.4945055 1.7140338 1.4877387 1.5948282 0.52373844 1.413644 -1.5722882 1.5139819 0.06424139 0.27040863 -2.2244017 1.3743356 0.54879004 -1.2249771 -1.2255503 -1.4212077 1.7893099
gissing -3.2205708 0.36783493 1.0537382 0.66427666 -0.82238835 0.24218437 0.5710962 1.3260084 1.4134862 -2.036488 1.3092921 1.5088755 1.0449134 0.8048595 -0.46752658 0.46547112 -0.85609883 -2.006254 -2.1670303 -2.0364785
marryat -3.442277 -0.852388 -0.34382564 1.0677556 -0.005844539 0.69296694 1.1447859 0.19829565 2.1779883 -1.0670437 1.7064216 1.2946879 2.750917 1.2033526 -0.012851647 0.31748962 -0.9178289 -2.6387548 -1.6737114 -1.5130622
yevtushenko -1.4040275 -1.5061368 3.0084648 -0.58093566 0.53542084 1.9605684 1.8853872 3.3973424 3.4488003 0.6154104 -0.41867077 -1.7320096 1.8555961 -0.37188813 1.7757504 -1.8301941 -0.8975096 1.0745413 -0.7290778 1.2759843
aleichem -0.10832148 0.34528932 2.6100633 1.3964047 -0.41957557 3.8773615 2.8911889 1.6674925 0.40653753 -3.2365532 -0.56309015 0.26396096 1.0341065 -1.3207376 1.0234258 -4.291497 -2.9800634 0.86444736 -2.9871187 0.8126455