Centroid_136 -1.0186623473538086 1.8029140378058983 -0.3379243384132678 -2.298307732064866 0.3566039964980344 0.8420831313314991 0.6596911618909086 -1.95591700015725 -0.5293647325454544 0.9863881993896808 2.262641397191645 3.0469100273071255 -0.10922383482176903 -0.7363524225191644 0.7516421152538083 -1.541491540884863 -1.1314880160098275 2.1044517617255534 0.7545121616592135 -0.5087640509294594
colloquially 1.5947587 -2.0220187 -1.4864151 0.99381524 3.3391807 1.2591966 3.6546118 -1.0925045 -3.1784685 1.3602269 3.1736417 7.707176 0.090050444 -0.72280747 1.9699951 -2.6309578 -2.1208675 2.3466187 0.15993096 -1.8300986
almond -3.371144 3.3028696 0.92644066 -1.4720612 1.072057 -0.20727098 -0.17476086 -1.2187556 -1.744799 0.5047351 3.0681405 3.467526 2.530657 -2.4507058 0.2328991 -2.1642118 -2.3021631 2.923634 -1.6161814 -2.3314412
millet -4.00322 1.16285 0.5302084 -4.046002 1.3633006 6.3426857 -0.46796337 -3.523136 0.6680775 2.5263042 4.117932 3.5348282 0.46383506 1.400392 0.12218888 -2.9710562 -3.8386312 3.541351 -1.3237329 -0.8998242
speciality -1.2596565 1.1328477 -3.2540903 -2.5080824 -1.6111903 5.106071 -0.14678618 -2.6038613 0.04295564 -0.17701292 -0.98415226 4.5532317 0.76388675 0.029687056 4.389071 -1.6603655 -0.88420993 1.6332244 3.2107139 1.5586817
saffron -6.1598697 3.2812557 -2.3943293 -1.2418225 0.41753015 2.8859332 0.31738546 -0.90921664 -1.062353 1.3728209 1.5649629 4.1337376 0.48305017 0.41201654 0.17391466 -2.7256377 -1.7960211 5.274818 0.06839442 -3.3833764
hops -0.10810514 4.856947 0.0011745619 -3.261042 1.2997527 -0.12697148 -1.3792137 -3.0401378 -1.9089202 -0.7794887 3.9928393 3.138608 0.310497 -2.6888156 0.61339474 -2.5331783 -1.3444796 3.8346996 5.7365346 -2.0074036
garnet -2.998359 2.1326015 0.55777264 0.94586307 1.2201167 -1.212273 0.8775375 -1.1696441 -1.1697842 1.9985218 3.9487166 3.1302652 5.8935046 -0.21188042 -1.2628231 1.4779282 -1.8140959 1.2371783 -0.93720037 -1.9015473
acer 1.5379952 1.3527371 -0.37882897 -4.78662 -0.9372587 -4.4842777 -1.8139669 -4.5375376 -1.4326725 4.122064 0.6417291 10.09137 1.6681409 -6.2752805 5.758123 -2.294388 -1.2265484 0.80511737 -1.563592 1.2923946
dill -5.1884947 0.6211413 1.0297762 -0.2367966 2.4167633 -0.79027045 -0.8719411 -0.56928825 -2.5146008 -1.7583237 2.4912522 2.7283797 1.0819099 -2.2378793 1.7290386 -1.1271727 -3.3788311 0.7308121 -1.1005905 -0.72312665
spas 2.0664942 4.04741 -3.268828 -3.697396 -3.0607772 6.3423896 -0.10546654 -2.9356043 -1.7855358 0.9588025 0.90533686 0.5286641 -1.2108026 1.2251568 3.414161 -3.3945253 0.08619024 1.4574374 1.762997 2.1490479
telluride 0.9037269 6.03528 0.28906834 -1.734229 -3.6905384 -0.6259654 -3.4171376 -0.77403504 -2.1851897 0.7121992 1.1098832 2.487204 4.4198904 -5.231462 0.10255178 -2.3258762 -0.16323055 1.3191454 -1.5148925 3.5627477
acorns 0.9247065 5.3571925 -2.2261415 -2.1217885 0.7447541 -1.983657 2.6595347 -6.1795735 -1.1943865 0.25896326 3.7899659 3.8903031 -0.053693503 -0.6767177 1.9775068 -0.82688487 -0.3124569 4.1527476 0.32316312 -2.4680903
greener -1.6553174 2.620358 -2.1357431 -1.949856 0.6223295 1.9566051 -1.6881857 -2.2609596 -1.6701536 -1.2720488 3.395687 2.940303 -0.76871043 -2.1269128 -1.8084961 3.3961315 -0.45971662 0.9279316 3.5494258 -1.343283
gastronomy 3.8340206 0.433903 -2.0965726 -4.894697 -2.5035503 9.944881 -1.9338812 -1.947431 0.36764568 0.005965283 1.3516085 6.2951136 -0.78603053 -2.0732925 2.241671 -1.7947937 -0.78795546 0.78278357 -1.8852648 0.76531106
flowered -1.4931659 3.5387783 -0.14147152 0.1391893 1.0699568 0.73587835 0.33754396 -5.6577635 2.7824218 0.86474687 1.1452839 3.1773896 4.2864356 -1.2319264 1.609322 -4.3169355 0.44194385 5.315448 0.2144376 -3.7896392
rattan -4.3104124 0.89478505 -3.179187 -2.8356986 1.1935875 3.5301695 4.0953746 -2.0711305 -2.5362792 3.0830116 1.2897863 3.6370616 0.059877653 0.3133059 3.7370353 -2.1704764 -0.5706979 2.5354035 3.2822907 -1.7401521
bountiful -1.6890824 4.9925075 -3.2195215 -0.82318026 -0.6799153 2.7943897 -0.18094717 -2.8064978 -0.3472952 -1.3542693 3.7292254 1.9328582 -1.4914649 -1.73655 -3.971341 0.27557433 2.2483215 3.2911303 -2.981121 -0.52341175
grapefruit -1.0084223 4.5384717 1.3518733 -4.4390492 1.443922 -2.1762047 -1.1624993 -3.4853384 -1.2907579 1.4181938 3.5010648 3.4063334 -1.218659 -4.634336 1.0472565 -1.887454 -1.969461 4.2244473 0.9465449 -1.8676304
chia -3.4450934 -3.0787957 -1.2369206 -4.160213 2.4074137 -0.10900032 0.09552665 0.63995546 -3.2866526 0.7258735 1.0002881 4.0843873 -0.6914583 -3.5504975 1.5034393 -1.4493884 0.14790374 2.522153 -2.4896877 2.734538
poppies -1.2697523 5.6809297 -3.4445894 -2.4983485 -0.110099785 0.5725774 2.82738 -1.2475592 2.1844897 1.2364533 4.319737 1.8345958 2.8091953 0.12363046 0.0803272 -1.4641061 -0.10208537 4.616651 0.57479656 -0.67575985
agro -1.545746 0.30936345 -1.8609117 -3.7804883 -1.750903 4.5593934 -1.3435163 -0.09332697 -3.2845628 3.7959096 0.54008204 2.1526365 -3.1406431 -0.9236412 3.0282218 -2.389196 -3.7925973 -2.102265 0.16587931 1.6459839
heirloom -1.2968554 2.3633986 -1.2514058 -5.4420977 0.40784883 2.7708318 3.1684463 -2.443417 -0.29184633 -0.13539594 4.5369573 5.0788846 0.7243214 2.4755101 1.2099099 1.3162643 -0.6958448 4.2396975 -3.21994 -2.5077984
pita -2.5013385 -2.2597668 -1.402623 -3.3791564 3.0946996 1.1343514 -0.259457 0.85614324 -2.7593687 1.8514999 2.487382 1.5716169 -2.291763 -1.1776093 1.6477947 -3.910219 -1.4414644 2.5818808 -1.8760191 -1.7711873
absinthe -0.7040506 3.1951342 2.298184 -6.4387836 -1.2609775 1.4570681 0.124410465 0.46006712 0.5695901 0.67923594 3.6465652 4.496401 -0.35791475 2.0236247 -0.3331286 -2.6639924 -2.7586603 4.412287 -0.65823084 0.16421597
tulips -0.6456362 5.648766 -1.9324627 -3.5039988 -0.85766655 2.9694908 2.3250816 -2.459088 1.5713403 -0.15580735 4.0569425 3.1845822 2.9996395 -1.1126133 -0.30905738 -2.9745407 1.464879 4.1502 -0.5386482 -2.3158274
kilos -1.85519 2.5062037 -0.80588657 -7.251054 -0.3480285 -3.6036286 2.8663309 -4.8132954 0.6586984 3.241257 2.1630814 -0.82592416 -2.726531 2.5018556 2.4813414 -3.3196275 2.301868 1.1309786 1.7640375 -0.17330888
rhubarb -2.891152 2.312525 -2.40912 -4.1635733 0.71792245 0.90631056 1.6811981 -1.9823637 -0.25257644 0.46440804 3.3260016 3.8100605 0.76536876 -2.2032228 0.0105368355 -4.1870723 -1.7431204 2.1729228 0.4599718 -1.2310448
citron -1.616974 2.281598 1.6229084 -3.2039747 0.6432547 1.8839024 1.0918274 -0.787323 0.8586937 1.4274287 2.9144952 5.153183 0.65412915 -2.7717268 0.839071 -2.4693718 -3.4717376 2.9558845 -2.5089707 -0.20753613
sago -3.093428 3.392569 -3.0901535 -3.5566847 -0.36593315 1.1490289 2.1190174 -4.1319184 -2.0036852 1.9329227 3.0865006 3.7256057 -2.3569958 -1.0906458 -1.0792781 -4.549171 -2.8640883 1.5990734 0.26744214 0.096536554
sprouted 1.8060951 2.5254848 -2.1044817 -1.7689496 -0.16335395 2.587385 -0.0718821 -4.608105 -1.3618286 -0.7925684 1.105447 -0.6695119 0.37583256 -1.0201547 -1.6369916 -0.45430103 -2.2100236 3.7710493 1.2152694 -1.6297194
curries -4.675493 0.35186043 -3.0161996 -1.9705971 1.2264607 1.5534914 1.6938527 -0.3411204 0.17757706 0.53402996 1.2701529 4.8125787 -2.4233263 -0.6409432 1.0450153 -3.423835 -1.6723992 3.2455726 2.2003493 -0.86624604
beekeepers -0.7306113 3.2270288 -2.9106722 -2.411475 1.0468066 1.3492177 0.19262995 -4.594998 2.224233 -0.33634853 3.8265502 3.2113674 -2.336222 -2.0516334 0.5484029 1.5054798 -2.1495626 1.314155 1.7314658 0.83386105
mush -0.7470256 0.2946991 0.28152254 -1.9653633 1.6938125 -0.02191956 1.0803611 -0.31579018 -0.6922616 0.32377997 2.6849031 0.81945294 0.79297596 -0.9633937 -2.2480059 -3.3007395 -1.401687 3.4707026 0.6110785 -0.4635635
sunflowers 0.067339025 3.8059027 -0.29701075 -4.557106 -0.25619125 2.7412682 1.0338637 -1.7665926 -0.27627286 0.644311 3.3413742 2.2447867 2.7112424 -2.0900798 0.5871043 -0.87799305 -0.83924264 3.2955942 0.18585163 -1.8590919
arak 0.08963731 -0.20327847 -0.92141074 -1.816308 0.7767577 4.02897 -1.3050437 0.53553545 -1.7466718 4.1986504 2.2926495 -0.28591126 -1.9045769 -0.07488008 1.1248523 -6.043536 -2.6433454 1.1263605 1.8928773 2.120571
turnip -3.3931549 2.332171 -1.3879505 -3.0186427 2.6381452 0.7138595 1.8867089 -3.2286856 -0.83899736 1.0605032 4.525446 3.7867296 1.2026932 -1.5133927 0.18905102 -2.276909 -1.2854233 3.8159287 0.7203377 -2.8730009
saris -3.516502 0.24002886 -3.320299 -2.0173502 1.2896202 3.3253808 3.547769 1.0561241 0.0514009 0.81362927 1.2433283 3.6647553 -0.694382 2.121446 1.7802473 -3.166726 0.68777126 4.8254128 3.5446854 -1.2921792
latte 1.7343756 2.2775223 1.524752 -5.5992727 -1.5216628 2.4737642 -0.40960154 0.40160623 -2.6681392 1.1929765 1.939598 4.2575974 1.0408419 0.5788547 1.2978712 -3.879992 -1.2538352 4.2469807 -1.1880563 -2.2410762
kava -2.6316056 1.7927712 -1.3824108 -2.3909 1.3863987 1.752528 2.0913036 -1.9400418 0.38435346 1.9146268 1.511582 3.1450696 -2.5920641 -1.0567461 0.89704156 -3.6070247 -1.1452221 4.9561977 1.0941572 1.5283831
geranium -2.8557227 3.8497393 -0.56616086 -1.2580346 1.126002 -0.47396585 1.8495133 -5.0963783 0.98950094 3.5862527 3.8458865 4.968662 2.1903174 -3.403611 1.7939916 -1.8699557 -0.09562212 1.8976201 -2.0124195 -1.8644105
poached -2.6024024 1.0883173 -3.563317 -4.6502523 0.953599 -1.5340936 0.43462828 -2.5349894 -0.6596839 1.4592589 0.9916839 0.046597604 -0.86488265 -1.7663339 0.7258965 0.029810356 -2.5164807 2.295239 2.0666595 -1.461825
reaping -1.4702618 3.1336823 -0.6687817 -5.1267567 -1.4076971 2.018016 -0.08133061 -1.5999299 0.8887842 -0.45515472 1.9381273 0.6222554 -1.1370041 1.2209601 -1.3559551 2.6414905 -0.61712027 2.5913002 1.4673121 -1.0398953
unfiltered -1.9197924 2.034736 1.4011158 -3.120474 -1.1418023 -1.1578418 1.2891088 -0.6948375 -1.3616736 -0.27937853 0.21516266 3.9101908 -1.4023744 -2.656862 -3.3394132 -1.3928171 -1.107361 2.7761922 2.6024857 0.375918
pomegranates -1.1420611 3.9978924 -0.9449496 -3.2861469 -0.8120343 3.0354798 1.1347502 -2.1725307 1.1182009 1.9277169 2.4904442 4.144424 2.0487442 -0.43272898 -0.48936126 -4.086579 -0.53369415 5.838726 -1.3922961 -2.2500584
truffles -0.5129468 3.8029437 -0.9806796 -5.0262957 0.8037937 1.382153 1.2961106 -3.6953475 0.682889 1.9817699 4.853348 3.80359 -0.53836554 -1.441136 0.89376545 -1.9680678 -1.8420364 3.1299608 -0.45544577 -1.7610568
slaughterhouses -0.5690154 4.3473053 -2.785061 -1.5284425 -1.8051862 1.3207798 2.330608 -3.359578 -1.3164068 -0.920509 2.1038265 0.39485025 -3.3280098 1.9015837 -0.18655524 -0.4880846 -4.3376565 -0.20967321 1.6161294 1.2585171
truffle -0.20943771 3.5578132 -0.6133678 -4.306576 0.2859354 0.2997866 -0.06877634 -2.5241585 0.5658748 1.4561578 4.204677 4.321745 2.3380125 -0.9163169 0.7656114 -2.2311373 -2.8812587 3.288804 -0.52782965 -1.666527
bamboos 0.6347984 3.9624214 -1.1679888 -1.5527822 1.0338285 1.9890751 2.2381642 -3.7239704 0.19147794 1.9153066 4.0964823 2.792525 1.0158232 -1.9958373 0.305588 -2.2135582 0.53565276 2.88323 2.2284038 -2.7052941
pandanus -1.1092961 1.1376375 -1.6732025 -1.6013435 2.2678275 2.748266 2.8126614 -6.227133 -0.5083324 3.4136417 3.4632123 5.8018193 0.11361049 -3.1841314 1.6709069 -2.7327607 -1.1946592 2.3254626 -0.88068277 -2.6925495
peddlers -0.20668256 1.9860342 -3.6227174 -2.472751 0.21446493 1.2330225 2.3564024 -0.74330515 -0.28493944 -3.6847665 2.6886835 1.670603 -3.1516187 1.6274164 -0.4626772 -1.4467221 -4.685209 2.108675 1.7260952 -1.9971799
buttery -3.1686244 2.8177278 -0.39095005 -0.18992232 0.8944995 1.3474337 0.27122915 -0.6886905 -2.6438422 -1.7451497 2.2750716 4.214567 1.5632626 1.2117343 1.7582242 -1.5414978 -0.24426529 4.0729775 2.0921566 -2.5518956
terroir 1.9492925 1.4645613 1.90493 -2.8124144 -1.0018845 6.6336846 -3.3441062 -1.1323481 -0.17308673 2.1546314 3.758808 7.3544006 -0.7270205 -0.508523 -0.7621358 0.39596227 -0.36984044 1.3392992 -0.12386319 -3.3671608
aphrodisiac -2.760134 1.3702027 1.9621407 -4.3405275 1.6176128 2.5217779 3.5767863 -2.7074356 1.7927812 1.0945166 2.7574778 3.6933105 -1.8803325 -2.673071 -1.1381803 -1.0928265 -2.4779186 3.4041903 -0.11563952 1.5980113
oleander -0.6114505 3.5957808 -0.35502446 -1.3132609 0.9824019 -0.8127285 2.2426758 -3.2065282 -0.6188544 0.81835675 3.359069 2.1767838 1.7363201 -3.6351736 -0.48617154 -2.0929782 -0.9063545 1.8597199 -1.26068 -0.8550153
watermelons -1.4345258 3.8597968 -1.8625567 -4.571095 0.15963995 0.96478707 0.13750987 -3.1315646 -0.6803261 1.6380427 3.503923 2.3981664 -1.4745468 -1.7781951 -0.028998304 -2.4084005 -0.93404543 3.0061705 0.28656316 -1.9067737
purveyor -3.1275175 0.36542758 -1.5952709 -2.587345 -0.3256384 2.3137887 0.55234164 0.6270947 0.18033123 -0.37830186 1.0727879 3.0259218 0.7919874 1.7045783 0.5330621 1.4025564 -4.1762915 2.0621107 -0.6379576 0.5004796
essences 1.3622575 1.2949896 2.3766391 -2.5206964 -0.0018826451 3.1190088 2.8945496 -0.47280833 0.86752206 0.8812121 2.613211 4.7031555 -0.29034525 -0.16801916 -1.1166773 0.6339687 0.12925287 3.8343205 -0.29321218 1.2255868
perfumery -1.5488257 2.3386035 0.083327554 -4.113476 -1.2503445 4.691415 -0.1373997 -1.4449863 0.16728173 -0.32458487 2.9522018 6.128678 0.6609706 0.8021172 2.624537 -1.3615873 -2.9340987 1.0905907 0.47934252 2.0535421
artichoke -1.0908278 4.111979 -0.919954 -2.18963 -0.20981985 2.4451303 0.71638453 -1.9132954 -1.6899995 1.20405 3.4673553 3.9266646 1.8970492 -1.4961987 -0.0061229346 -2.8635173 -1.8034661 3.7290528 -2.0258315 -0.014457976
okra -1.9269927 1.6747233 -2.0162718 -3.3550367 1.8136417 0.58330846 0.6836678 -2.3839905 -0.98273486 2.3825655 2.9030335 4.158078 -1.0946556 -3.1654608 1.3425162 -2.9933515 -2.224327 4.3530736 0.5223924 -0.49688363
pastes -1.7094129 3.1163065 2.298634 -3.2444894 -0.33025455 0.0038650536 1.7251213 -1.6510296 -0.27298 1.3026854 1.6356472 5.686394 0.5798742 -1.0522603 0.7163256 -1.5849521 -2.3236153 3.7223701 2.9446871 -0.27050897
daffodils -1.4973751 5.164609 -2.416529 -2.1694524 -0.7456604 1.958376 1.601153 -2.272914 1.6331766 -0.50048643 3.5404346 3.4767196 2.0722506 -1.2558265 0.07515063 -1.291961 1.1895134 2.451577 -0.05069846 -2.9896948
miso -0.86831635 -0.5642205 -0.82637095 -5.233728 0.7921193 0.6992985 1.0272905 -0.9317721 -1.747672 0.50419474 1.8609306 5.122947 -2.1365435 -1.0787507 1.0333116 -4.870635 -0.76716673 3.2260404 2.2550294 1.5704571
skim -1.0529203 1.1806949 -0.5279629 -3.0309954 -0.105041355 -1.2259711 0.62771785 -1.9364436 -2.930576 0.63262373 1.2921436 2.4439545 -0.39707938 -0.5204472 -0.9521996 0.4384081 -0.19620107 2.5658693 2.019496 0.7869505
subsisted -1.568278 0.8677557 -2.7047153 -2.1955717 0.5834219 3.1733046 -0.044358686 -5.8781147 1.2167058 -0.071549855 1.5197265 -1.6833814 -1.0701119 1.1540881 -1.6738138 -0.00016222734 -2.8553514 1.8163688 -0.28429666 -1.9330716
mastic -1.8104485 3.8424773 -1.1450634 -0.86191666 -0.6351931 1.4069663 0.9337194 -3.9844496 -2.3970253 3.0567636 3.1943371 4.1799273 1.6807655 0.6508402 -0.7361239 -3.1246326 -2.5443797 2.774003 -0.48814425 0.0014612718
watercress -2.5279775 3.3968184 -2.4652643 -1.0330131 -0.18699941 1.3083575 -0.57870674 -3.8879948 -2.2798204 -0.3121881 3.6815195 4.4659834 -0.52325547 0.09945907 -0.039124545 -2.4724598 -1.4414138 -0.024068503 1.2327743 -2.4648492
coffees -0.6124375 2.6190934 -2.3101058 -4.199081 -0.3587411 -0.33560243 -0.59968805 -0.9234255 -0.8293262 0.9667973 1.6767259 4.0076666 -2.7229211 -2.0688648 1.3647345 -1.5749379 -1.8574833 2.7287166 1.3254781 -0.52666974
blackberries -1.3074329 4.5636992 -1.2249962 -3.1549518 1.0928366 -0.11648034 0.47912994 -3.895189 -0.17493355 0.13106316 4.0459056 3.3877335 -0.53447354 -3.8393517 0.41729143 -1.2578598 -0.9885084 2.9909997 0.17562193 -2.3710654
calabash -0.886333 1.7730764 -2.6047091 -1.5738909 1.633962 0.74866956 2.60762 -0.9933139 -0.8725906 0.1631596 2.9143696 4.2647905 2.2980468 -1.8137296 0.5973428 -2.3047307 -0.8142999 4.2645683 0.7904487 -0.3939434
tripe -2.963369 2.0570822 -1.072588 -3.333884 1.9804604 0.845322 2.0624366 -1.8397852 -0.6338512 0.12144335 3.0789354 2.663877 -0.28147385 -0.5655924 1.5288409 -3.3267424 -1.4977148 3.9517295 1.2272513 -1.6197056
coir -3.1876893 1.3029909 -2.960434 -2.0138125 0.031732757 4.0207624 0.29319575 -2.6182785 -2.0885892 2.916432 1.7576213 4.182157 -1.0601606 1.6643565 1.8722262 -1.7623383 -2.1019654 1.5723015 4.0742803 -0.29705656
ayahuasca 0.8388307 2.0543973 1.3832624 -2.925199 0.5214084 3.959767 3.9519641 -2.6395524 1.3724141 -0.1482015 1.9446752 3.477404 -1.400311 -3.5561237 -0.3366593 -1.4734621 -1.5056514 4.279741 -2.0253322 4.1256785
prune -0.5383401 2.0303886 0.83098364 -2.214576 0.6289293 0.54057306 0.78761333 -3.187495 -2.0772872 -0.7483697 2.3437915 3.2976356 -0.8519907 -1.3008096 -0.9347701 0.47347492 0.84687024 2.526856 0.685127 -0.89543766
amaryllis -1.4705236 1.2294745 -0.26012748 -1.9899842 1.2154316 0.4046177 1.2012215 -3.1508415 1.4108773 -0.058749463 3.4694798 3.348449 3.1781273 -1.9192911 1.8279151 -1.3148117 0.01883691 0.3293678 -2.6797812 -2.2882235
gardenia -2.5405393 2.1766942 -1.1141115 -2.7568667 0.7991871 -0.24416475 1.8312058 -1.1935492 -1.3600378 1.428829 3.05504 3.4223933 2.512969 -3.7089155 1.0943949 -1.6507123 0.3748255 1.2721987 -2.8097944 -1.843794
ilex -0.59996825 2.5576944 -0.2483947 -1.1521473 1.5819732 -0.06137701 0.20200643 -5.275755 0.65452886 4.1213737 3.6634607 4.771604 1.3821644 -4.5909204 3.3948443 -1.8925971 -0.5024386 0.4665808 -2.812119 -1.9041886
currant -2.1471486 2.6381855 -2.1636772 -1.6369765 1.4159511 -0.33580387 1.3939971 -2.397071 -0.705137 2.219351 3.9450612 4.366261 1.8516948 -3.4100611 0.40106136 -2.0376327 -2.069977 2.3851602 -1.452705 -1.9011573
florists -1.2501688 3.1561842 -3.0009487 -2.684402 -0.99227446 1.1023879 1.3294415 -1.5148958 -0.4128886 -2.9762118 0.9501593 3.2205257 -1.0521704 -0.28195724 4.0088825 -0.13830777 -2.7053435 1.3325518 0.4954022 0.6405487
drinkable -1.979787 2.7916636 -0.122989304 -3.277592 -0.74035734 1.7409102 0.6509972 -4.5406437 -3.4304917 2.1867123 2.7256863 2.561572 -1.7794183 0.7990507 -1.7756464 -1.75084 -0.016457632 2.164177 3.8741872 0.81469285
zinfandel 0.46423158 3.9839373 0.5507868 -3.2458076 -0.47029084 1.1293104 -3.2320957 -2.1350806 0.015293442 0.584044 4.1322393 3.999707 -0.75017124 -2.542289 0.31021434 -1.1760529 -2.5397334 1.4150244 -1.9057132 -3.5971413
unprocessed -0.355425 2.560568 2.100825 -2.803557 -1.2592635 -0.52011424 1.2943217 -4.5927267 -0.19835055 0.7041302 0.9688836 3.5390184 -1.2679173 0.499339 -0.30653274 -1.3274156 -2.2061381 1.6579353 2.1127849 1.2068763
sourdough 0.020960785 2.6855862 -0.11449954 -3.9110997 0.6617858 0.6097652 -0.65334105 -3.0316775 -1.2222669 -0.6464122 3.0932252 4.0420794 0.012117135 -1.5671351 1.0571022 -2.2924979 -0.8284795 3.0982718 0.84560496 -1.0250847
purveyors -0.39793387 1.438185 -1.3160638 -2.5559998 -0.46831793 1.474604 1.0633955 1.2362511 1.0240346 -1.0434505 0.6698653 3.1023304 -0.6838785 -0.23439291 0.008574767 0.3777717 -4.3668222 3.4342928 1.207545 -0.41546813
frankincense -1.2823336 3.0774543 -1.2607971 -3.297528 -0.1486501 1.9575795 1.9100945 -3.5368981 1.719543 3.0812147 3.7807841 4.3241816 0.41440025 1.477619 -2.1635847 -3.0007193 -2.0686193 5.3933783 -2.546309 0.63461477
pickling -1.7975819 3.8304677 2.2061145 -3.0503874 -0.64061296 1.7942948 1.3212237 -4.088353 -1.2234689 1.5605994 3.2105348 4.636141 -0.60784423 0.5473678 -0.08799212 -1.8800371 -2.1558743 2.2828062 2.8869739 1.890949
cabbages -1.8428988 3.4273684 -1.4426014 -2.8675604 1.3084246 0.9166071 0.81663805 -2.3963265 -0.37710714 0.42322117 4.224772 2.8978043 0.034056373 0.04688885 0.4831567 -1.986744 -0.9856398 3.9583147 0.13252953 -2.4925451
medicinally -0.61229664 2.0863752 0.8676674 -1.2102891 2.1847496 2.1932433 3.8669138 -5.3158236 2.8881924 1.718327 4.912252 5.369395 -1.64034 -1.2586805 0.30091837 -2.3348088 -2.9597604 1.8559875 0.83421516 2.3779967
licorice -3.4167125 2.7927885 1.211142 -3.6041129 1.2961948 -1.1126096 0.97001207 -1.9058164 -1.2982159 0.90199536 2.9289587 4.7298975 0.24811246 -2.3009708 1.1841679 -1.781928 -2.6720257 3.4632928 0.7934907 -0.83755755
fillets -1.0331973 2.8825057 -0.45767215 -1.8350334 1.2939242 -1.5356146 2.484503 -3.9784615 -1.439811 2.3404596 2.9212556 3.7275226 1.1564623 0.16011636 1.5165379 -1.8435205 -0.4622043 2.6965075 4.367792 -2.431379
clovers -0.77896976 3.2147734 -0.5238632 -1.6033123 1.3336178 -2.1402256 1.8538265 -2.1377497 -0.4896946 -0.90972257 2.6391647 2.367648 1.617115 -2.6726995 1.3593361 -1.0278591 -1.026389 3.053333 0.0051935413 -2.097847
healthful -1.3847995 3.3303533 -0.48802677 -0.8595409 -0.47983947 4.4939256 0.5427294 -2.871032 -0.28560162 -0.24776287 1.3934752 3.2619622 -3.0810301 -2.2147677 -1.7553067 2.0269606 0.17717478 3.1190698 1.2616687 1.2625588
perfumed -2.059506 3.3819525 -0.6578618 -3.4913356 -0.19991754 2.474942 3.1262553 -1.2947756 -0.522776 0.3855118 2.0131662 3.0655391 2.4187007 -0.11027719 -0.36191902 -1.9907824 0.15440339 5.4888835 0.6812121 -0.69928986
capsicum -0.82677525 1.0602051 0.0819298 -2.992202 2.4357033 -0.4242678 1.0562568 -4.7173786 0.5263098 4.0488224 3.2063718 6.0651565 -1.1152567 -4.0349317 2.585382 -2.5540578 -3.1838741 2.5521703 -0.08838127 -0.45623893
cress -2.591063 2.9896843 -0.36451262 -1.6826752 1.2310497 0.3189559 1.1714325 -2.159273 -1.5190502 0.116945356 4.0677075 2.8586874 2.1433792 -2.4062197 0.95811456 -0.81905115 -0.60004026 0.42036152 -1.4582485 -1.0083355
pistachio -1.8901788 3.0867157 -1.3054504 -3.449195 0.6259715 1.0509766 0.44171727 -2.8981993 -0.8413609 2.5715895 2.9405994 3.3902411 -0.26838103 -2.389583 0.7368928 -2.254301 -1.5429083 3.213934 -0.57819766 -1.661071
adulterated -3.3427255 2.6572113 1.8017659 -3.814936 -0.59360987 -1.3794327 2.6610284 -3.5149555 0.9835847 1.7314175 0.9715024 3.6481576 -4.0691953 0.708994 -0.5710269 -0.12196065 -4.3083405 2.8765886 0.50939596 1.717305
aerated -2.4680576 3.7506533 0.15815905 -2.2079458 -0.56478274 0.54093504 -0.18786356 -3.9784715 -3.269347 2.048056 3.170822 3.3958395 1.1419921 0.30072346 -0.7302445 -0.7674745 -1.568286 1.333528 4.05541 1.5646449
foodstuff -0.96335495 2.018899 -1.4190103 -3.2114413 -0.16809987 2.5306818 0.72596794 -3.0930276 0.0729248 1.1667849 2.6196446 3.7877219 -2.653717 0.44031247 0.4235658 -2.1748762 -2.7219214 1.4172047 1.8899101 0.896376
basswood -0.32579595 3.9516187 -0.6438732 0.49264118 0.42424563 -1.2317631 1.2344848 -3.0084393 -1.9629802 1.6865743 2.916531 3.7699966 3.5930405 -2.3701746 2.0799158 -1.0295547 -1.5606993 1.6946578 1.8388191 -2.703665
cappuccino -0.41243574 0.50358635 -0.7368765 -4.8946443 0.15122312 0.5581987 0.19284432 0.7406538 -2.2139668 0.20938168 2.105371 3.452481 0.32242408 0.47020268 1.7569269 -2.5097504 -0.48337263 3.2800744 1.2121103 -0.5037075
vegans -1.168803 2.0440283 0.7835346 -3.1268 0.6975675 1.6235244 1.7709975 -2.3394532 1.4171137 -0.89064986 1.0781099 2.565124 -4.202458 -1.811247 -0.06846757 -0.3488109 -1.4989747 4.43944 -0.20772241 1.3816217
macadamia -2.2996233 3.4014752 -1.8509411 -3.1086955 0.6213236 0.12204438 -0.5446118 -4.6229854 -0.7589718 3.2584794 3.6746907 4.540706 -0.91247016 -3.0031352 1.5042764 -2.0362236 -2.131006 1.2560203 -0.08363095 -2.0246887
starchy -1.8390601 2.8572536 1.7483891 -2.2998075 1.6586152 1.7198601 0.3959134 -3.7549114 -1.0870094 1.3636805 3.2258081 4.3632593 -1.3760548 -2.1097045 0.32546118 -1.4814767 -2.0549767 4.337212 2.4848285 -0.8934599
lobelia -2.253383 1.3910034 -0.36811167 -1.087908 2.6616428 0.6854434 1.6663575 -4.954994 0.869091 3.704279 4.037697 3.462848 1.2965304 -3.8187819 2.52231 -1.3420209 -0.4689949 0.3981236 -2.6023533 -1.9273086
ephedra -1.3173128 2.5533257 1.3526285 -1.5699804 0.5013422 -0.7111188 1.233914 -5.1316233 2.413324 3.5013044 1.8835995 3.6808927 -2.0289626 -3.191042 1.2517211 -1.2823839 -3.2848523 1.3594576 -1.9263752 1.1687412
gummy -0.62386835 2.7928853 1.6777704 -3.9498973 1.5521617 -1.0708646 1.9810817 -2.3655074 -1.0280461 0.5273017 3.2673175 3.1851 1.081235 -3.2887535 0.17989157 -1.0055165 -1.02085 3.7850668 1.0427576 -1.1062454
groundnuts -3.404995 2.0634034 -1.4034556 -2.8423758 0.39199218 2.5120876 -1.3922495 -2.6092346 -1.0681074 2.889147 3.0976148 3.319471 -3.3461082 -1.1370507 0.94098884 -2.8981402 -2.6778345 1.0977887 1.3968239 -1.2319882
pasteurized -1.6304475 3.2389603 2.2220328 -4.249195 -0.5829106 -0.44986624 -0.5371473 -4.4502335 -0.6354613 0.67836314 2.4324555 4.6761584 -1.3761657 0.48672697 0.9139731 -1.57012 -1.4942557 2.8456998 1.7050157 1.6507317
landrace -0.26347604 0.23529086 -2.7773664 -2.0164442 2.4003143 1.7616808 1.1056898 -3.5457144 4.00918 3.6040282 4.8654146 5.263785 0.18857545 -1.0078346 1.4066765 -1.4861258 -3.5179303 0.58599705 2.4607136 -2.6456828
distill -0.9161359 1.3069019 1.9428623 -3.420107 -0.8131019 2.0237558 0.25679967 -2.2800896 -0.279118 -0.68769455 0.757718 2.299877 -0.21019986 0.19704285 -1.7526448 1.8832432 -1.8733007 2.5287824 1.0463498 0.32201385
nipa 2.0729575 1.8221422 -1.7355678 -0.6279261 0.18222484 3.5623999 2.8734555 -2.9324787 -3.5085793 1.1572831 2.4003394 1.6621232 -0.079528004 1.5833719 1.9784566 -2.9696865 -0.72726995 1.547341 -0.04823883 -1.7020136
cinchona -2.3606715 2.5450885 -0.12317795 -1.5665281 0.5932233 2.0484233 0.7124372 -5.2627487 1.5057536 1.916325 4.1581645 3.5431285 -0.29235324 -0.37898198 -0.47558516 -1.2207235 -3.4367337 -0.15658528 -1.1917747 0.9412181
sericulture -1.5322428 0.6917987 -2.7395298 -0.5666961 -1.091041 6.3489375 0.020151014 -2.3871255 0.75044423 1.3869215 1.9834523 3.362774 -1.9223505 1.1633959 0.16922015 -1.4523236 -1.7846122 -1.2677888 2.103896 1.8135751
brushwood 0.4300328 3.1521032 -1.2228719 -0.4027156 0.09104337 0.619485 2.866133 -2.4894452 -2.629856 0.23005114 3.2584581 1.5235294 1.0777826 0.17774373 -0.71845573 -0.33924493 0.13101102 0.8585218 0.7069043 -2.8127792
centaurea -0.33148158 1.3351775 0.6946241 -1.2472914 2.7870178 -0.4612528 0.5087205 -5.774972 2.0056975 5.1030154 3.8098533 3.3786676 0.64354473 -4.6860223 3.0945168 -2.9656048 -0.8448161 1.6670414 -3.1110833 -0.20221323
biodynamic -1.118935 2.6317084 1.1828008 -1.7199997 -1.0249921 5.5185995 -2.5448275 -3.3501365 1.0542562 -0.6576979 2.169627 4.984283 -0.59824544 -0.4727114 2.36763 1.8326473 -3.3380773 0.42706037 -0.5313847 2.6166725
hookah -0.9465939 1.9171375 -2.3011625 -2.0068872 0.23610291 0.71785486 3.057726 -1.91827 -1.0900949 -0.49869615 0.041540887 1.4304904 -1.730181 0.18476439 1.1158842 -3.2743652 -1.6558244 4.303821 3.6930218 1.181969
wampum 0.5652648 1.8425591 -2.7308855 0.19642605 0.67147094 -1.6649208 2.643631 -2.8125663 -0.037834708 0.3578461 2.808154 3.1565788 1.4910983 2.2873888 -0.9039912 1.4593798 -1.3785288 3.1140106 -0.45367867 -0.75749767
semolina -2.7355382 1.9651179 -0.0059548425 -3.4115844 0.7616392 1.0317981 0.41115683 -2.1441414 -0.71877784 1.3773475 3.6405892 5.3545213 -0.22062957 1.5476457 1.2661916 -3.76028 -0.309862 3.851185 2.0524392 -1.0993044
marzipan -1.3001814 2.0020888 -0.11551236 -4.280245 -0.08765234 1.0452725 1.3199202 -1.1142067 -0.42061657 0.7219549 3.006828 5.273293 1.52276 1.7698423 1.6823623 -4.048495 -0.6812952 3.9582524 0.5710012 -1.3644145
corned -2.3862083 1.6242548 -2.0686915 -4.0923424 1.369356 -1.832291 -0.025206514 -1.9286158 -1.2592318 0.63520056 2.7604043 2.7792737 -1.6577268 -0.52132523 0.5937177 -1.6591262 -2.5105824 3.5076284 1.5386169 -1.087499
yolks -0.7096809 3.4645464 0.80496967 -3.5408514 1.4989089 -0.19725432 1.667004 -4.251908 -0.7981314 1.4064897 4.049027 3.123184 -0.45069605 -0.80592716 1.4811596 -2.734092 -0.054797813 4.8740015 1.4867071 -0.36703566
cornus 0.18964218 1.5613115 0.5358513 -0.38722733 1.9565018 -0.15966281 -0.033934195 -5.414026 0.74450797 4.068779 3.5142431 3.9893663 1.2719966 -3.924988 2.5530667 -2.1533313 -0.41885936 1.0143104 -3.4068792 -1.3739035
datura -0.44871473 2.305767 1.2142177 -2.5520554 1.2178911 0.9134429 3.3619509 -4.342736 0.8825415 1.481358 2.5380788 2.8876276 0.1579329 -3.6649191 0.4166319 -1.6336285 -1.4997659 2.4875195 -1.6031883 0.17495053
brassica -0.27541962 0.6570407 1.5912752 -2.4780202 2.3671594 1.7103987 -0.0050258767 -6.2838864 0.972963 3.0737512 3.4157965 4.765542 -0.5310615 -3.949279 3.1644754 -1.7976651 -1.8428671 0.7144892 -1.0742899 -0.7342044
sida 0.39567065 -0.79602504 -0.0545639 -1.7985588 0.6880774 1.4764903 0.6339896 -1.398155 -0.45259383 3.2376704 1.0270338 3.0067275 -1.7361163 -2.858333 2.3550103 -2.053937 -1.0993197 0.44102702 -3.098514 2.2611957
handcraft 2.3600936 1.0918638 -1.8021495 -2.0966375 -1.2678019 4.7660336 -1.1566278 -0.92219085 0.47731417 -1.0479819 1.0623134 3.0005336 -0.010818522 0.08587223 1.4283036 -0.23398268 -2.9594088 1.6527483 0.942253 -0.22266848
veg -1.3499426 0.31316215 -0.60023004 -2.2544162 0.57659626 0.56683224 -0.67243975 -1.1542695 -2.8718376 -1.7032539 0.83518416 3.6214552 -0.5955733 -0.62706023 0.8398318 -3.4519787 -0.92773134 2.893489 -0.5508298 0.024430018
silage -1.8479136 4.45389 0.7885252 -3.0507004 -0.2628472 -0.10701285 0.6834172 -4.7432833 -1.7752069 1.6274632 3.7444584 3.2648034 -0.70353305 -0.08736158 0.5850838 -1.2494626 -1.2794124 0.9871693 3.2792118 -0.5013456
aquamarine -1.2272923 2.2363021 -1.516505 -2.4166217 -1.1282471 -0.43702987 1.1074625 -0.15568864 -1.8193914 1.745805 2.119068 3.394842 2.8301153 -1.1588514 -0.770199 -0.38485116 0.45687148 1.2577729 -0.0385571 -0.24996726
tyrian -0.9120134 1.359111 -0.6530205 -0.86953604 0.12732804 -0.011941021 2.74785 -1.4197704 1.7239783 2.8620024 2.696496 3.8291745 3.6430564 1.6461035 -0.99553365 0.13780521 -0.35367477 3.1779528 -1.6887246 0.51540124
pasty -1.7632011 2.265956 -2.1593425 -1.9168319 0.6171725 0.28951758 0.078698866 -0.82850593 0.037711307 0.17589147 3.0061111 4.2675242 0.10936555 0.32004747 -0.012556842 -1.3216478 -1.4086707 3.0826712 2.1309788 -2.2117255
digestible -0.4006479 1.0627321 3.3328354 -3.5599887 0.24765322 1.3394554 0.38281432 -3.2159739 -0.40475902 0.32846248 0.35496414 2.927861 -1.6378137 -1.7071973 -1.4233694 -0.10335336 -1.305461 3.6844685 3.4434252 -1.7290462
calamus -0.38819268 1.3162823 0.3703339 -0.28458485 1.2150536 -0.20977871 2.0733979 -3.731346 0.36736742 1.307814 2.7393713 5.072399 1.2337528 -2.9168682 0.26090235 -1.9943606 -1.4131151 1.2008182 -2.4516895 -1.5038272
blenders -0.9263818 1.3804185 -0.6159431 -3.9836428 -0.74113 -0.6454769 -0.9553958 0.32946494 -0.9121388 -0.57150847 0.9140811 3.6757758 0.25737703 -1.172967 1.8765317 -0.95116097 -1.1722945 1.6010458 2.3952925 0.21883431
scallions -2.3928428 1.8178209 0.55349064 -2.4624102 1.58614 -2.0927856 0.9801234 -0.3550883 -1.5943513 0.53786343 2.7686327 2.3961995 0.21735995 -1.6311687 0.8562043 -3.3037028 -1.712989 3.333759 2.4734457 -0.22655801
gelato 1.845263 1.5317305 0.055481613 -4.9564595 -0.66606694 1.71872 -1.0807116 1.198466 -2.2938395 -1.1527379 2.5820944 2.5672433 0.44655922 -0.6153972 3.2951477 -2.7474153 -1.7175276 1.5564525 0.64624786 0.49231568
seedless -1.3888615 2.4960687 0.3426302 -3.256977 0.84505355 1.1362687 -0.8199461 -3.8062892 0.5103996 2.4518468 2.6882932 3.840694 -0.24998562 -2.5335245 0.4096825 -1.2981391 -1.3956289 2.7117298 0.3649482 -2.2023726
biryani -3.5350013 -1.3798343 -3.5895405 -2.3531632 0.7905067 4.6986527 2.3899322 0.28306317 -0.55687505 1.6848074 0.36024785 4.7916226 -3.7339115 -0.36580426 1.4665879 -5.952094 -0.069354154 3.5218806 2.13621 -0.83731997
tinned -2.5404358 2.4049213 -1.0033019 -3.8167546 -0.160647 -0.73794353 1.7337792 -3.0552783 -0.99990827 0.62698925 2.4228063 2.5390747 0.28057566 1.3621716 0.62842464 -1.7718236 -2.5624797 2.0430617 2.4605608 0.38119623
casserole -1.7062039 0.7693805 -1.6854627 -3.845619 1.3034571 0.5549951 1.5406355 -1.0097237 -2.0024474 0.32698333 2.798729 3.9165199 0.45204353 -0.6862396 1.4827483 -3.239431 -1.0717237 3.363957 0.7896403 -1.0821066
meringue -1.032293 2.2403631 0.33532703 -3.8111143 1.0538582 -0.35628924 0.5678368 -1.4024261 -1.9155116 0.71520174 3.2732406 4.0171175 1.1877385 0.062079277 0.977295 -2.5870087 -0.45881152 4.7198076 2.0266683 -1.4560366
pulpwood -1.0560702 3.3506482 -1.7325714 -0.5602298 -1.0216393 -1.1092325 -0.16538183 -4.4048414 -2.127077 1.0675833 2.9194503 3.102688 -0.14081344 1.2002796 -0.45749632 0.34481987 -2.6659067 -1.359114 2.9386492 -0.84809047
cottonseed -2.4663177 3.3429086 0.94038117 -3.3072166 -0.45468262 0.055158183 -0.45784655 -4.0773373 -0.862229 1.2251004 2.971741 3.212914 -0.33586714 0.014651681 1.1452382 -0.98964846 -3.6007638 0.80266285 1.7253655 -0.07986352
curds -1.4006585 3.4505172 2.2312937 -2.7164373 1.2766603 0.093862355 0.52984405 -2.8483436 -2.1224427 0.9997872 3.936696 3.3065448 -1.4501681 0.5136505 0.5488039 -3.006818 -0.37791592 4.256742 3.1808193 -0.18158004
carnelian -0.17548604 2.3851335 -0.3870687 -1.2633418 -0.5416514 0.8320604 3.273022 -1.0331026 -0.18223356 3.2320445 2.6556742 3.2713218 4.5346074 0.7339591 0.08830727 -0.62663794 -1.335916 2.934839 -1.1149966 -1.0602341
malts -2.2099419 2.429059 -1.0415424 -2.874662 0.3343081 -0.96825814 -1.492345 -2.5379412 0.026396316 0.9693576 2.6825936 6.1710815 0.73076075 0.66140324 0.6756243 -3.5874512 -2.1436598 3.3208735 3.6996543 -2.2965713
umber -1.4071711 1.733946 -0.013878999 -1.4187958 0.9278258 -0.86349636 2.9923096 0.07962434 -0.42656738 2.1386628 3.18994 1.9877545 3.1705437 0.21395926 -0.6977692 -1.0301862 -0.5779167 2.2720501 0.39306518 -1.924379
mohair -2.0166454 2.0002303 -1.834326 -2.1408515 1.0261732 -0.27852365 0.9572101 -0.79156685 0.42324644 0.32084793 2.3654764 3.5664377 0.7674159 0.21510643 1.8063858 0.2494991 -2.920942 3.2912133 3.306438 -0.3780596
groundcover 0.44330454 4.5053024 -0.4289696 -0.4074478 0.13270651 2.5442364 0.8097406 -4.162445 0.11646857 2.6432219 3.7817712 3.547832 -0.10527466 -2.131977 0.30053592 0.10327864 0.6251615 1.778553 2.002879 -2.101952
oilseed -2.1790886 3.0240743 0.035791192 -3.0388079 -0.2878139 1.6621614 0.29886493 -4.149747 0.02190516 2.4095917 1.6692847 2.2053907 -3.2070658 -1.6942835 0.97106785 -0.8577517 -3.0628605 0.88128436 0.7263661 0.24514416
ornamentals -0.022072693 3.6156397 -1.0468202 -2.113913 -0.12157854 2.1155326 0.47458476 -4.2293253 1.838391 2.4218302 2.844788 3.693426 -0.27912655 -2.3543482 1.9744478 -0.16723925 -1.6339096 1.2453482 0.25473347 -1.8913562
cheesemaking -0.32001874 2.082523 -0.21912195 -1.9070268 -0.45710033 3.8457677 -1.0480068 -3.2032552 0.18310057 -1.2038938 2.6930504 3.34544 -0.19367927 0.9930132 1.2770888 -0.5213151 -2.4220996 0.33416006 1.6764739 -0.41141292
nutritionally -1.1347927 3.0014567 2.7121205 -1.9414374 0.36373812 1.3756735 0.5586046 -4.119832 1.1221437 1.2705764 2.1764324 4.2964478 -3.3855965 -0.6090597 1.1347622 0.55199534 -0.29804838 2.2353709 3.0154924 0.45508218
oolong -1.5666997 0.11372049 -2.7096462 -2.7916892 1.4673904 0.8196509 2.142935 -1.9911466 -0.8718434 2.0170715 3.2157133 4.460088 0.2547714 -1.1856613 -0.20316944 -2.7882938 -0.852374 2.578292 1.502743 1.1000018
rennet -0.7694852 3.4012568 3.865007 -3.916101 0.63480103 0.62377435 1.2889663 -4.071176 -1.0618409 1.244684 3.6803017 4.0344377 -2.141353 0.4068901 2.0935724 -2.3217206 -1.4591025 2.7729678 1.8071183 0.65150577
synthetics -0.24265482 2.5541108 1.5027145 -2.674846 -0.61583054 0.88254523 1.2538898 -1.2009875 0.43922478 1.2069131 2.231774 3.592191 -0.00067334966 0.35923994 0.68590236 0.65575045 -2.7391396 1.4962897 3.6338942 0.36270314
zucchini -1.4014502 2.2214048 -0.7103755 -4.086649 1.351498 1.0714394 0.53156906 -1.4051998 -1.2191776 1.5624357 3.162976 2.8342352 -0.6788878 -2.090485 1.8077923 -2.3949084 -1.182596 3.95212 0.10323461 -0.98971546
spearmint -2.052456 2.6936946 -0.6316996 -3.3710182 0.57468694 -1.0689654 -0.038990807 -1.2726369 -1.2419546 1.9471809 3.4111013 4.2659016 0.20491575 -1.9676085 0.6642275 -1.5073942 -1.1315454 2.139004 0.4781525 -0.6573935
candied -2.441683 2.3453352 -0.19830647 -3.0278454 0.5944051 0.5167004 0.13614935 -1.5812461 -2.0294957 1.0663066 2.915668 4.718702 0.20452061 -0.8548199 0.34670907 -3.5471494 -1.2585634 4.4935703 0.6581424 -1.1902844
striata -0.7729916 0.36605787 0.7672909 -0.15205622 2.3291333 0.14619762 1.576958 -4.647441 1.621763 4.2230253 2.6767356 4.065534 0.59982693 -4.0376453 2.5020754 -2.2579522 -0.60299677 0.22878687 -0.98969984 -1.8220093
flavorful -1.3555413 2.0090673 0.714366 -3.5548086 1.0150013 1.6886909 0.62264764 -2.1225708 -0.7149884 0.17702638 3.019011 4.4551272 -0.60202235 -1.4661158 -0.79348946 -1.0539134 -1.2659981 3.6167922 3.2761657 -1.3254627
carbonation -0.40491492 3.2252953 3.0861998 -1.802641 -0.27301973 0.17068204 -1.17983 -2.38276 -1.2888876 2.6957335 3.2512138 4.0106554 -0.2693801 0.025032187 -0.6797648 -0.82045513 -0.56741494 1.8174253 3.5313716 1.2007679
premixed -1.0399593 1.8787051 2.8287544 -3.0712228 -0.83323365 -0.45959347 0.30388814 -2.3679383 -1.5349927 1.3171626 1.1946137 3.91657 0.2248177 0.84923047 0.8567133 -1.1547025 -1.4244138 2.2396588 3.802453 1.6278768
nebbiolo 1.644262 2.4414992 2.075417 -4.51231 -0.2298294 2.9560351 -2.5862093 -1.7014066 0.36186266 2.36644 4.4328876 2.2733924 -0.9584613 0.22079544 1.8545011 -1.6921003 -1.1064126 0.41142237 0.24321634 -4.0445914
radishes -1.3263417 2.4745522 -1.2083362 -2.91363 0.8716792 0.97197753 0.6235606 -2.522595 -0.5587468 1.3103862 3.097476 3.1514199 -1.0732183 -1.5625851 0.5616793 -2.1542423 -0.043993335 3.2942915 1.2418677 -0.79807025
beetroot -2.2325833 2.160195 -0.701204 -2.6155212 1.2694571 -0.005695729 0.32080865 -1.8978263 -0.8939939 1.0706097 2.7918317 3.4445 -0.2569359 -1.4647449 1.373309 -2.7985644 -1.825307 3.0144732 1.3088399 -0.33181936
appetizers -0.14696698 -0.14470065 -2.6856039 -3.5468273 0.33822575 1.1220932 1.6259654 -0.92932016 -1.6196988 -0.2014354 0.46416527 4.161482 -1.5792793 -1.3118417 2.85964 -3.9161556 -0.15773258 3.3229296 0.9082413 -0.67767256
sedum 0.5383456 3.3605678 0.5440524 -0.6334643 0.84147686 -0.13338399 0.5108782 -4.9940886 0.046045803 3.25916 3.1484005 3.681236 1.2997832 -2.9857504 2.483889 -1.2983943 -1.3042011 1.6925772 -1.3022276 -1.4512721
shallots -3.350374 1.6658196 -0.79537 -3.0404713 1.3739731 0.35846162 0.7993101 -1.9256268 -1.5940733 2.9619546 2.6498024 4.0043945 -0.9551018 -1.7770883 1.4686182 -3.6646807 -1.7670829 4.1033587 1.2711782 -0.28037918
ruminant 0.22915351 1.9245131 1.0058037 -1.5657197 1.3892378 1.0377651 2.2725673 -6.0146585 0.7354147 2.0620186 2.6092525 1.9724636 -1.2659537 -2.490593 0.86229694 0.4970728 -1.6364061 0.67622447 1.0453122 0.2021739
gruel -3.1832488 1.6348699 -0.927897 -2.394072 1.1815089 0.59358436 1.7176332 -1.0837975 -1.3638134 -0.28991213 2.6407328 2.8717706 -1.3471688 0.7110009 0.67291343 -2.287157 0.01903026 3.221523 0.6818005 -0.1303528
parmesan -1.3876702 0.8735491 0.47928578 -3.6870565 0.8275762 2.1147661 -0.1431793 -0.40635687 -0.47766384 1.3516902 2.9937544 3.1302493 -0.14697585 0.8865362 2.122425 -2.465924 -1.6683652 2.580507 -0.086086676 -1.8978887
chilies -2.1128418 1.8500487 -1.1911306 -2.6539834 0.89085466 0.92825663 0.86547804 -1.6976944 -1.3169951 2.7001069 2.2329698 4.3693 -1.4149295 -1.6928811 0.7567201 -3.2703018 -1.4026753 4.0300183 1.9056283 -0.02679202
aril 0.16446343 2.7873926 1.4807129 -0.21629886 2.2105134 -0.6593364 1.451936 -3.4781985 -0.07384875 2.1145344 3.1732166 2.7577453 0.749291 -1.8495015 1.8355266 -1.4308745 0.26879215 3.6380806 0.8147182 -0.6236528
shekel -1.0082537 0.8954575 0.4743687 -1.5172105 -1.0417321 -1.7604489 0.40126556 -1.8500637 2.149779 2.8082592 0.10912576 2.8444285 -1.0479685 4.5957627 0.328823 -3.6033056 -1.7087094 4.037537 -0.9061078 0.9216067
mashing -0.8908798 1.3883691 2.7615304 -3.17614 0.7167561 0.052010752 0.6004464 -1.602164 -1.9612532 -0.45991385 1.9975402 2.9965656 0.3961034 -0.032969464 -0.09271092 -1.0325125 -0.9993886 3.2018583 3.5134156 -0.24935582
jadeite 1.4519212 2.2474828 -0.3311934 -2.6836355 -0.71246713 1.9509822 1.6987878 -2.9194424 0.565396 3.2909827 3.4663455 3.9119544 2.7499301 0.9307938 -1.1209822 -0.91154563 -1.3754636 2.3179653 0.20214294 -0.79836017
hydroponic 0.20003176 3.557329 -0.03520127 -1.9666648 -1.7222157 2.0515127 0.13634403 -3.34608 -2.2441616 0.22829394 1.8114556 3.343387 -0.07863455 -1.1083162 0.3079812 0.40737453 -1.8874426 0.16496377 2.692737 1.7040181
barbecued -1.6457511 1.3109169 -2.1744509 -3.5681145 1.1428887 0.4319025 2.3471084 -2.461534 -2.2121382 0.97993034 2.0831733 2.5531044 -1.1023028 -1.1802578 1.1646199 -3.0283659 -1.2879789 3.5653436 1.8282121 -1.3285593
fizzy -1.4850479 1.5518886 1.3499163 -3.7549849 0.5104015 0.12739557 -0.305431 0.40251982 -1.562673 -0.5740318 2.1623642 3.2196853 -0.5850916 -2.123572 -1.3578873 -1.7823008 -0.6377102 3.226773 2.4514928 -0.75533843
gourmand -1.5396847 -0.56565094 -1.7543418 -4.745212 -1.0627629 1.4140751 1.0461452 -0.098388776 2.0400238 0.6375433 0.33369204 4.6642942 0.8656683 -0.7762259 2.6337056 -0.64636153 0.69303495 1.4308885 -2.975376 -0.19634344
frosting -1.1112232 2.569296 0.32665968 -2.112168 0.18237412 -0.7520412 1.7111692 -1.458861 -1.2971498 1.3485645 1.6756865 3.3845515 1.8003123 -0.3176539 0.40873218 -1.2843626 0.12819211 4.331185 3.010993 -0.87939084
glycerin -1.8822254 2.825948 3.4560707 -2.6034772 -0.033318963 -0.21509229 1.0008463 -2.3795726 -1.173991 1.9396396 2.2271025 3.5522842 -0.7001081 0.10107754 1.0413417 -2.093725 -2.457416 2.131281 2.1451375 1.9418169
gamay 1.0538267 -0.12401132 1.2945005 -4.2289295 0.28579485 2.8983018 -2.2973416 -1.2254163 -1.3714982 2.2075438 4.142407 4.045822 0.10974815 -0.86335653 0.23064138 -1.9344618 -0.23858388 0.63795 -1.5136524 -2.8238542
pennyroyal -1.5725948 2.244244 -0.14829363 -0.60301566 1.194526 0.38641655 1.4191701 -2.604202 -0.53022075 0.57576674 2.6969912 2.5975704 0.33807397 -1.9505001 -0.5730821 -1.2353159 -1.4035162 2.1543562 -0.56162167 -0.35683438
elixirs -1.2603296 1.4882778 2.0472314 -3.3988602 -0.22585838 2.1488798 3.6640139 -2.176491 1.8348637 0.69819474 2.7532234 3.4748197 -0.018111872 1.3488289 -1.1216782 -0.10114225 0.2500375 2.353421 0.12692791 2.9864156
crabapple -1.0426549 2.338415 -1.014835 -0.5518003 0.60169905 0.5788856 0.16616063 -2.1987443 -0.82965696 -0.74166507 1.7709728 2.275408 1.3213111 -3.5817294 0.51960224 -0.6536224 -1.2561736 1.3940735 -1.4127015 -1.7460182
abaca 0.625208 1.2074274 -1.5790848 -2.8673847 0.22481848 1.596531 -0.5455345 -2.9600575 -1.4552991 1.7768856 2.4350038 3.008304 -0.69794923 -0.98407584 1.0195084 -1.8524797 -2.4008362 0.8707865 1.1990896 -0.08667063
moldy -1.7652272 3.7298055 1.0729371 -2.7053933 1.2081212 -0.7257295 0.786225 -2.428415 -1.2665372 -0.7164137 3.2978263 1.8393947 0.14528511 -2.0829282 -0.49131164 -1.2561795 -0.83377117 3.0071228 0.54000604 -1.1952442
cobs 0.4191515 2.2294984 -0.19266017 -2.0828104 0.49454564 -0.029080356 1.0620822 -3.1145957 -0.4618306 1.6229092 3.1452603 2.656734 0.16849259 0.86793864 1.143823 -0.73205113 -1.070716 1.4682997 1.4677662 -2.3245633
greywater -0.9333325 4.3208995 0.5093066 -0.1941695 -2.5436816 1.6563734 2.1805627 -3.6814911 -3.4829626 2.149844 0.8450818 2.3664103 -1.7803409 0.47975498 -0.31378826 -0.7004686 -0.33626312 0.06929504 1.8877201 1.777415
mops -0.8634056 1.0555574 0.3509582 -2.9011447 0.51291186 -0.30371523 2.2214792 -1.6789116 -1.0856017 -0.5301109 1.7304035 1.4498878 0.97839504 1.0968128 1.1025152 -0.18232238 -0.60518473 1.9885392 1.4262558 -0.27360147
albumen -0.044489834 2.8513668 2.5593262 -2.0897276 -1.3137192 -0.17438331 2.3679078 -3.169936 0.2754119 -0.28214985 0.87568307 2.5514681 2.3437934 0.3618099 0.79953444 -1.590334 -1.2896993 1.5253985 0.45052007 0.3586477
smilax -0.80081725 1.687054 -0.22542478 -0.9837548 1.8469131 -0.24027032 0.5894613 -4.496953 0.54877526 3.0496159 3.4180672 3.6754217 1.3992648 -3.6903102 1.7381892 -1.6678283 -0.32603133 1.2274885 -1.6902095 -0.890075
bergamot -1.2734977 3.0742104 -0.33605087 -1.5849322 -0.7241531 0.8476877 0.7867199 -1.8309534 -2.4666257 0.89640063 2.0743213 4.2310824 1.970614 -1.7465098 -0.21275681 -2.704184 -2.184186 2.1075344 0.003527144 0.5878452
viscose -1.3895901 1.9413422 0.65403825 -2.3978853 -0.3659531 1.0324103 -1.0333732 -1.4149383 -0.2637744 1.0540307 2.8924568 4.4802775 1.4618144 0.89353746 2.0431871 -1.0778627 -4.1632767 0.48660088 4.3443313 1.7339385
roaster -0.9403242 3.4402075 -0.6316472 -2.6879885 -1.011953 -1.0224264 -0.27069116 -0.76289326 -2.266357 0.21253195 2.3373857 2.8652232 0.45879763 -0.6794206 1.1187696 -1.2940056 -1.6319486 1.1999961 1.816654 0.56224674
kiwifruit -1.6970978 2.5705857 -1.0835532 -3.2547932 0.29283372 0.7774064 -1.2453249 -3.2378094 0.47731087 1.6365535 3.3377893 4.3905964 -0.41292754 -2.1238136 0.7188075 -1.3499421 -1.682425 1.6619943 0.6148441 -0.5141502
pasties -1.3347322 1.8294927 -2.1939583 -2.6311371 0.557615 0.16443022 1.5489138 -1.0479355 0.01127032 -0.45935777 2.1104941 3.5334864 -0.5114074 0.5072401 1.2987235 -1.284798 -1.2165036 3.4542239 1.822442 -1.5095074
pistachios -2.0443153 2.409438 -1.3783808 -3.4452276 0.38458163 0.8465781 0.029319271 -1.8589982 -0.488035 1.879044 2.77378 3.5205846 -0.73798203 -0.7402535 0.4672309 -3.3400166 -0.91304713 3.5744255 0.25796494 -1.0515033
chorizo 0.051886607 0.8927747 -0.7858855 -4.858818 1.8498273 0.58626527 0.10457321 -1.7339753 -2.0175686 2.6490886 3.7468882 3.4019043 -1.8852952 -1.7662364 2.3851266 -4.1612053 -2.2007396 3.2038372 -0.55498326 -1.7034479
chives -3.0310347 1.83878 -1.1413915 -2.1834123 1.4706569 0.58071905 0.9459219 -1.8667724 -1.2655288 1.8982483 3.2054608 4.2810225 0.25591984 -1.3742398 1.4285234 -3.3717282 -1.5569254 3.4592497 0.6789844 -0.51373345
hummus -1.4433277 0.5106883 -2.4074605 -3.1152325 1.3766421 1.5901566 1.59381 -0.69687796 -1.1995159 1.5567727 1.8337718 3.0481215 -2.126405 -1.4862537 0.2403175 -4.2089033 -1.7415835 4.0950065 0.7324702 1.008282
hydroponics -0.6566432 2.3392937 0.8985167 -1.5903584 -1.3372654 2.9994898 0.41030455 -3.3532343 -2.0819771 0.4812367 1.7012298 3.2931952 -0.3604319 -1.1287998 0.19040276 1.3444631 -1.5094365 -1.0122542 2.3661714 2.2555945
smarties -2.1877728 0.9876382 -1.2550445 -5.6264286 -1.0979335 -1.9311502 0.13089031 -0.9648083 0.6811118 -0.045625295 1.0364028 4.252627 1.3193785 -1.1342981 1.3917383 -0.40907323 0.115765885 1.2269478 -1.110954 -0.20903653
glasshouses 0.44709623 4.6385365 -1.571474 -0.042458355 -2.0823374 2.1766298 0.40352905 -2.6413982 -0.48930982 0.062384523 1.7453142 2.2898848 0.8954195 1.4344338 2.2168958 -1.171923 -0.7766283 -0.012949843 1.61157 -2.0484693
vermouth -1.0844492 1.805427 0.43787673 -5.3293285 0.56666374 0.7207598 -1.1358274 -0.41373903 -1.5225025 1.4693788 3.9752858 3.0457466 -0.07818634 0.7395283 2.1075091 -3.1352754 -1.9631937 2.0580676 0.7634742 -2.3385563
thatching -0.34214064 3.1924543 -1.35727 -1.0987283 -0.15510958 1.2179253 2.1455183 -3.650913 -0.8708973 1.0982237 2.8963706 2.0764415 0.6005619 1.4117153 1.1683015 -0.20960414 -0.73412246 1.2469755 2.2331781 -2.4502501
floriculture -1.0548459 2.3654277 -1.8487843 -1.0685768 -1.4452479 4.5029516 -1.4258244 -2.5780408 0.5815128 0.850938 1.1440924 2.391054 -1.1765475 -1.3541615 1.1156884 -0.16753119 -1.0470855 -0.8149458 1.0911621 0.6588713
pecans -1.0522261 3.266868 -0.6612821 -2.20601 0.42069626 -0.47165817 -0.3466156 -3.1412175 -1.0779376 0.79365146 3.2712266 2.343085 -1.1951456 -1.4046571 0.48602727 -1.3934257 -2.3474436 1.809519 0.025012711 -1.3888645
briquettes -1.4807404 3.372684 0.9339901 -2.4720857 -1.2201283 -0.21217653 -0.54062784 -2.813719 -1.2956537 1.283184 2.9919477 2.8080995 -0.12953039 1.921165 0.12647833 -1.7363163 -1.834807 0.19308634 3.6072645 0.81455904
herbalists -1.3123677 0.9928831 -0.5224977 -0.1972782 1.2707297 3.4736466 2.7915132 -2.6928117 3.2737224 -0.45146984 1.9482024 2.8622997 -0.17023571 -0.1965901 1.55973 -0.2197502 -1.930955 2.1450672 0.45538 1.8802354
ricotta -0.70280766 1.7749528 1.5771266 -4.716119 0.8939445 1.7520643 -0.014560744 -0.81287247 -1.2772971 1.7217244 3.3171065 2.7595098 -0.90256613 -0.66682667 2.2743003 -3.569733 -1.683628 2.6461985 0.39991084 -2.5591078
ciders -1.3823051 2.5119822 -0.9424086 -3.6104276 -0.5678433 0.9118094 -1.6805233 -1.5564985 -0.014918382 0.38101402 2.3733528 5.196047 -0.96088177 -0.28948936 0.95995283 -1.7205218 -1.332894 2.5377622 2.2263594 -1.7648221
tangy -2.2422025 1.5621282 0.6437308 -2.2996757 1.047153 1.8874654 -0.50048065 -0.7057868 -0.87025875 0.73407495 2.520881 4.5042367 -0.303087 -2.3697443 -0.3041804 -2.0868275 -0.696648 3.473211 2.5331547 -2.0446665
replant 0.5253106 3.056796 -0.9334045 -1.8208715 -0.5048602 1.775745 -1.0427071 -3.8104591 -2.0168135 0.5643797 2.6407726 -0.38434452 -1.273449 1.0478909 -0.9819287 2.5281935 -1.139432 1.2648836 0.42885035 -0.46374404
pericarp 0.8341393 3.1888187 3.0451753 0.72086906 1.0670742 -0.54498696 1.1917741 -4.4159937 -0.94133985 2.577137 1.6168975 3.7097974 0.71745485 -1.723341 1.4689299 -1.4961472 0.22684757 4.140357 1.6428689 -1.413514
halva -1.4089974 0.5443855 -1.8479369 -2.7792447 1.0850723 2.9225504 1.0282363 -0.65985394 -0.23258232 2.0998044 2.1998127 3.9128177 -1.2197449 -0.1129547 1.0471833 -5.4654818 -0.59071517 4.163578 1.5430889 0.56089294
marmite -1.9937911 1.0794911 -1.1083528 -3.2927885 -0.0026321532 -0.5758751 0.4311258 -0.21662444 -0.33237728 -0.036804955 2.100218 3.384296 -0.54718125 0.059286103 -0.20967147 -1.5495136 -2.1066217 1.9024026 0.64805657 -0.47848013
falafel -0.7954529 0.61588335 -2.4056551 -3.1905754 1.1388912 0.8724837 1.8180581 -0.4641878 -1.6834918 0.1395646 1.8380865 2.79542 -1.8639225 -0.557791 1.1932186 -4.0060306 -1.3693177 3.9691367 0.74889976 0.18450709
flours -1.9579318 2.5208967 0.5005886 -2.1747692 0.28190964 0.7705729 -0.14187475 -2.7875695 -0.31973508 1.007223 2.2561808 4.376287 -1.1284178 0.18668774 1.5961099 -2.2317116 -1.4340178 2.3357115 2.811038 -0.69509536
peonies -0.3139177 2.5071998 -1.0679935 -1.8638269 0.5401844 2.0162597 1.4180773 -2.5415876 1.0718601 1.2085097 2.795528 2.5996974 2.1774092 -1.5557256 0.92418367 -1.352923 0.46294674 2.5335293 -1.0264202 -1.636092
vermicelli -2.6704354 0.74616885 -0.94851995 -2.8067176 1.3155247 0.7409451 1.3337181 -1.371077 -0.7666833 1.8785639 2.590277 4.689083 -0.8412181 -1.1839777 1.3153821 -3.5965948 -0.6397362 2.9865835 1.5083821 -0.7545778
seafoods -1.7277508 1.7091811 -3.0371573 -1.9471501 -0.87111014 0.34584838 0.1450643 -1.3494096 -1.2659264 1.9554565 2.1909814 3.050081 -0.18906291 -1.0170158 0.72755647 -1.239244 -2.7971158 -1.2181932 0.080277905 0.22200546
chenin 0.44734696 1.054198 1.2616701 -3.5330954 0.2636717 3.5034094 -3.1669858 -1.8399686 -0.7495086 2.3509448 4.766346 3.9432533 0.9812729 -1.2374603 0.90652627 -0.7779015 -0.749012 -0.4631958 -0.11488268 -3.7063355
breadcrumbs -1.192241 1.4394544 -0.29935247 -2.5631561 0.9905472 -0.7123387 1.8430544 -1.6943688 -1.5076423 1.1367221 2.4530563 3.6311197 -0.07366795 -0.45820647 0.73645896 -1.8494469 -0.64516056 3.502472 1.4705626 -0.75499815
bunchgrass 0.08726204 2.8581872 -0.45695385 0.5807064 1.1657878 0.84027225 -0.8112136 -3.7198942 0.60809916 3.6070282 2.9004803 2.7911513 0.28022295 -4.3799057 0.77032495 -0.960423 0.45529613 1.5406361 0.4898722 -2.1758842
shorthair -0.6419047 -0.73279226 -2.6282947 -1.9503887 2.7679718 0.15531963 2.3511374 -0.8919994 3.7430706 3.1555042 3.3195274 4.633017 0.62391025 -2.4520721 2.220378 0.8739585 -1.2767824 1.9274803 2.0945358 -1.0825341
marigolds -0.81466067 2.0225368 0.32576236 -1.3504295 0.8118908 0.16024755 1.8081086 -1.2215488 -0.004895707 0.93284345 2.2219846 1.4527717 2.5041487 -3.0687377 -0.03759373 -0.583152 -0.1704152 1.9491469 -1.2606341 -0.68391347
houseplant 0.2979269 3.689495 -1.1814961 -1.7971481 -0.28207117 2.1049435 0.12242735 -3.094322 1.073838 2.0311677 3.026747 4.07924 -0.3942612 -1.968788 0.6275423 -1.0069989 0.068616375 2.1447632 1.9572328 -0.92600083
tasters -0.9360486 1.4192541 0.39290774 -3.0072627 -0.10015096 0.32212767 0.9926602 -0.86057603 1.2368885 -0.30361417 0.56109905 2.655807 -1.1773369 -0.5339792 1.1288466 1.0216075 -0.021233218 2.9446788 0.84193754 -0.13743661
couscous -1.1687927 0.18261412 -2.1708784 -3.1069613 1.473799 2.0090313 1.0792588 -0.86908144 -0.10940512 1.6390944 2.672028 3.7029712 -0.79296434 -0.6464597 0.880442 -4.202704 -1.402233 3.5183742 1.162832 0.2661939
artichokes -1.3183519 2.9032311 -0.6176464 -2.4602983 0.5950256 1.0147074 0.33165774 -2.0829012 -1.0021993 1.0060074 3.2232053 2.4103968 -0.7006983 -0.66056836 0.035791576 -2.383409 -1.2827883 2.6995938 -0.38114607 -0.7167846
arrowroot -2.430303 2.6069114 -0.8844842 -1.9073132 0.7212795 1.4551167 -0.4527535 -2.998077 -0.17039253 1.6842824 3.4457963 3.1374245 -0.5894025 -0.773645 0.5877984 -1.837672 -2.084894 1.197066 0.71514475 -1.1312836
bagasse -1.2982116 2.3431208 1.4908537 -2.5425866 -1.4017534 0.54556084 -0.568522 -3.6625335 -1.2898172 1.3864986 2.1451566 3.2797122 -0.75813043 0.5258375 -0.40813884 -1.4632849 -2.0873559 -0.28102684 2.1778777 0.86632186
viognier 0.2719984 2.2338533 0.7227339 -3.4730752 -0.42714694 2.1252565 -3.2128074 -1.9837652 -0.5944391 2.1087532 3.8919559 3.4508631 -0.09605955 -0.5495949 0.674722 -1.2610053 -1.0722814 0.848461 -0.6142155 -2.97393
chamomile -1.7581284 2.6397016 0.65546423 -1.5671723 1.2327087 2.3470645 1.4886274 -2.7836432 0.10491353 2.5189133 3.136847 3.976342 0.6569437 -1.3959616 1.603982 -2.315019 -1.1804771 3.22073 -1.189833 -0.6188125
sashimi -0.968379 0.054597866 -2.15835 -4.340144 1.1403068 0.44428003 2.3418305 -1.2977551 -1.0267947 1.0597484 2.4387493 3.8960166 -0.9915092 -1.469711 1.1836779 -2.6667683 -0.6050647 2.263749 1.8139358 0.22729842
heliotrope -0.022480942 2.3830647 -0.22560874 -0.6675815 -0.84524304 0.32212308 1.4386266 -1.5635785 -0.8403053 0.76090723 1.7598 3.6753461 2.5370045 -0.532376 0.28431323 -1.2611452 -0.26446018 1.1793994 -0.52543485 -0.16671886
whiskeys -1.3931271 2.8185897 -0.5044694 -2.2870328 0.20718312 -2.0610564 -1.0550851 -1.4488113 1.3445337 -0.4130112 2.6597214 3.8162782 -0.23052327 1.4536207 1.3405998 -1.7042265 -2.06324 2.365896 2.3162918 -2.900184
tonics -0.96517813 1.2509089 1.0502725 -2.0853288 0.8512087 0.3223727 0.9628861 -1.081605 0.15497082 0.15736362 1.7258525 2.3743334 -0.2578168 -0.74324805 1.1588095 -0.83427423 -0.35447216 1.912455 1.6193993 0.49538732
apiary -0.15110734 2.9551623 -1.5182194 -0.57860535 -0.43718848 1.0615095 1.168982 -3.6872892 -1.167856 -1.4366724 2.173602 1.6228054 0.16806132 -0.47463998 1.1248028 -0.39256942 -0.7259885 -0.7171664 0.14052083 0.3126866
congee -2.1299021 -0.12115034 -2.2555234 -2.8801024 1.4672956 1.2964996 1.7851491 -1.9236985 -1.421288 0.94838643 2.160388 4.7323036 -1.8614706 -0.36554828 0.96612376 -3.6418316 -0.16087241 4.0062885 1.1301553 0.4598722
delis 0.00573763 1.6971699 -1.7568412 -1.7541888 -0.2811151 0.64906234 0.013076265 -0.6383064 -1.7329788 -1.7468789 0.7882107 2.2280662 -1.503328 -0.45809436 1.8351483 -2.3393366 -2.6263154 2.1217496 -0.06687532 -0.8874857
chalcedony 1.1229357 2.9716127 1.4749599 -0.22333956 -0.43752614 -0.10540291 1.132518 -2.1439543 0.069359146 3.2221837 2.5884645 3.3311982 4.154402 -0.6137255 0.1529293 -0.48518002 -2.2381895 1.770296 0.4795298 -1.4874496
halwa -3.7486184 -0.45675486 -2.9518876 -2.6656792 0.63594157 3.0895534 1.5336136 0.26821217 -0.9924733 0.9683315 0.9588227 3.8906786 -2.825051 0.32266122 1.0227897 -5.4212427 0.34944022 3.2697487 1.4183235 -0.6597432
chablis 0.17576003 1.1491294 -0.4715876 -2.36673 -0.07084841 2.3469124 -2.5618598 -1.5260625 -1.0945144 1.0034136 3.4336584 3.5692508 0.64218736 0.9817879 0.6080471 -1.2624091 0.33266765 0.6937572 -1.2167168 -2.3843527
fruitcake -1.188091 2.180784 -1.5117905 -2.7776997 -0.05242988 0.19523005 1.1749026 -0.48340914 -0.2889408 -0.45447454 2.0681615 2.7716675 -0.56354475 -0.8274533 -0.31202203 -2.1349275 0.5006012 2.8924198 0.04982399 -1.2743497
flavourings -0.9990254 2.1141078 0.882258 -2.918859 -0.15311626 0.5192009 0.68639326 -2.3384182 -0.47398302 1.8057737 1.9105971 5.0440116 -0.77591276 -0.64708847 1.5282623 -1.6567854 -1.9277996 2.8500047 1.6952688 0.17436193
eggplants -1.8979968 1.5319954 -0.73707026 -2.8516939 0.9497525 0.2855007 0.70704687 -1.5641841 -0.6445023 1.9321957 1.868518 3.0044916 -1.1090295 -2.1384842 1.1089375 -1.9970121 -0.9814689 3.1342773 0.42299888 -0.6008688
switchgrass -0.041133415 3.1732082 0.6342238 -1.1823984 -0.2949692 0.6442496 -1.0338931 -3.8231013 -0.37000823 1.5126393 2.7327204 3.1273596 -1.221514 -1.9315115 0.61701 0.34843934 -0.848526 -0.2555592 1.079114 -0.12569073
bisque 0.5997367 0.5787237 -0.48017266 -3.0390987 -0.33101285 0.40304404 2.3631916 -0.7335324 -0.55690545 0.40067446 1.6022944 3.780464 2.2583776 0.8591668 1.700585 -0.30169806 -1.6578274 1.7778705 1.7319775 -0.41922575
fritters -1.5061035 0.913858 -2.1292422 -3.1958008 1.0337396 0.44514394 1.4580688 -1.5299598 -1.0702996 1.050571 2.4674215 3.8482423 -1.1547629 -1.0130635 0.89189565 -2.962656 -1.4686074 2.8910398 1.1067896 -0.8791359
aromatherapy -2.1078615 2.259342 1.1330993 -1.488004 -0.49638358 2.5902255 2.0694246 -1.6263359 -0.3804732 -0.16593572 0.8038198 3.1161656 0.065737434 -0.95267814 1.6606568 -0.6582293 -0.36126918 1.8755167 1.8256999 2.6589766
cashews -1.8649869 1.8970908 -0.97310233 -3.4790554 0.16427548 0.9165929 -0.095606856 -2.0714214 -0.67459786 1.921268 1.9430897 3.0102773 -2.2407472 -1.1954464 1.052277 -3.280849 -1.6187778 2.1266282 0.9313245 -0.7855981
caffeinated -1.9990487 1.6041086 0.5297253 -3.0657244 0.33417255 0.00019457832 0.38669422 -1.838144 -1.073449 -0.15252964 1.1274674 2.3485262 -1.9306008 -1.8665287 -0.12454412 -1.3676064 -1.3605976 2.7938848 1.608964 0.6928843
unpasteurized -2.2244499 2.1275938 0.4178926 -3.2278266 0.25566408 0.61881113 0.16140376 -3.24814 -0.66215706 0.70834965 2.385368 2.884418 -2.024364 -0.14639029 0.5660853 -1.866797 -0.98894686 2.2287424 0.15602049 0.0023889283
schnitzel -1.2759863 -0.5943566 0.8107729 -3.69251 1.2867907 0.79645365 0.027879965 -0.15766382 -0.8675564 0.15256713 1.94819 3.987212 1.1032885 0.5113719 2.126781 -4.038305 -1.7136986 3.4908764 0.2912743 0.9865557
entrees 0.19591556 0.9868715 -1.7012078 -3.3068695 -0.06835445 0.16815318 1.8176208 -0.8703109 -1.0006033 -0.7633379 0.8642461 3.3818152 -1.4646289 -0.58392036 2.2307212 -2.8188024 -0.22978407 2.630121 1.2589023 -0.76386297
schnapps -1.6091516 1.2258772 0.031382225 -3.2247 0.72049856 0.19399376 0.15071487 -0.9559207 -1.0139902 0.111804985 2.6271625 2.8296564 0.39740658 0.21266411 0.75268173 -1.7305919 -1.6880486 2.571835 0.3807261 -0.0821232
electrum 0.2609524 1.5546376 0.7970614 -1.7880197 -0.54279107 -0.439071 1.0286319 -1.6036935 1.5390474 3.1095262 2.6893706 3.2605488 2.9352431 1.3675579 -0.1336598 -0.39733875 -0.3304796 1.5375532 0.109161556 -0.6058886
filet -1.1137971 0.73388666 -0.010811952 -3.1385052 1.4361224 0.30640453 1.2450598 -1.239906 -2.538522 -0.46120012 2.6542869 2.9314642 1.8012011 -0.13645545 2.6662183 -2.4337 0.2687974 2.2286167 0.056439273 -0.82142496
dahlias -1.0192719 1.894735 -0.6252225 -2.069413 0.5785672 0.81470513 1.5520077 -1.6717412 0.058361772 -0.11223012 2.2082133 1.8978127 1.4913138 -1.1480067 0.6868008 -0.58148044 0.6528796 2.0816605 -1.0024937 -1.8850745
granola -1.0330596 1.9685103 -0.45963225 -2.9801795 0.6666808 0.15830131 -0.13802062 -1.2980695 -2.0649686 -1.3052334 1.8369205 3.4573889 -0.68052274 -1.6419954 1.9433471 -1.3724164 -1.1673745 3.2023976 0.62951386 -0.8006475
tempura -0.71520656 0.14548679 -1.658924 -3.77468 0.8249821 0.54859567 1.1399486 -0.9918926 -0.31054285 0.76465464 2.3019903 3.4428887 -0.102603965 -0.9613131 0.7843906 -3.0830147 -0.64827585 2.401011 1.2796 0.5356835
ryegrass -0.15702313 3.4087908 0.8032274 -1.0993865 0.81453806 0.3939779 -0.5444451 -3.5519938 1.1768961 2.772885 2.8868506 1.9883275 -0.71325696 -2.8719218 1.274536 -0.22517955 -0.35470322 1.3019942 0.753691 -1.2014866
concoctions -0.9761685 1.8143955 1.2963074 -2.466817 0.14302827 1.8271137 3.0646808 -0.48610857 0.79100287 -0.28973275 1.9948162 2.3513093 -0.47733644 -0.39284453 -0.1422619 -0.6167611 -1.577262 1.9676028 1.3585482 -0.21220215
sarsaparilla -1.7376887 2.0431309 -0.5853681 -1.5272114 1.1273661 -0.07059982 -0.09436424 -1.5799832 -0.25550807 0.74144804 2.9051194 3.5349047 -0.3315479 -2.3442104 0.5730908 -1.5629083 -1.0811093 1.5213555 0.40874472 -1.0685748
deerskin -0.17984918 1.6984035 -2.3253052 0.16045542 1.2552294 -0.37406644 1.7314296 -1.4125615 0.4893417 1.2814482 3.0057578 1.8443469 0.7913498 0.5984628 -0.09066725 -0.29156348 -0.9982738 2.339594 1.4445499 -0.63967705
earwig -0.4790962 1.1707202 -0.5812525 -1.2398156 1.0825802 -0.19020852 1.6029627 -2.1471307 1.8138362 0.72101057 2.4875727 1.4181892 1.3444998 -2.6624255 0.6882139 -0.7921957 -0.6734524 0.16058178 -0.7156181 -0.9073707
peppery -2.0798056 1.423242 1.0688692 -1.7408808 1.8028417 0.8404564 0.27082115 -1.5877614 0.15874672 1.7261741 3.0021298 2.921517 0.3214627 -2.3856585 -0.7497025 -1.0792403 -1.0912222 2.8939984 1.9268695 -2.0299582
soaks -1.0319335 2.5690584 0.6911967 -1.4578376 -0.5598168 0.9249812 1.1310624 -2.5426414 -2.9674938 0.8551167 1.2070464 0.27832833 1.2096537 -0.48829505 -1.3355697 -0.57052493 0.784055 1.7991668 1.5975152 -0.24716657
pails -1.3751749 2.2941983 -1.0730857 -2.1975472 0.18102263 -0.73613024 1.7466364 -1.6793165 -1.9084377 -0.1069926 1.8893945 0.57184845 0.57798105 1.0289941 1.6475265 -1.041954 0.09357871 1.7943447 1.8004473 -0.25750744
marinade -1.0615208 1.4913778 -0.19570273 -2.3405602 1.1726509 0.13272546 1.5980451 -1.486758 -1.1991019 1.3319697 2.9116588 3.3187628 -1.3404468 -0.4397206 0.71356326 -2.5530531 -0.86272675 3.0903718 2.0815058 -0.040744152
fondue -0.2613259 0.7733633 -0.81815666 -3.0767882 0.6094463 1.0054266 1.1402462 -0.002732323 -1.2241544 -0.56968206 2.0741532 2.790641 -0.2969646 -0.7256992 1.4048328 -2.2509444 -0.21861616 2.5366602 0.87082565 -0.7588701
tandoori -2.0547001 0.24199994 -2.0440855 -2.53425 0.15025367 1.3626254 1.3267181 0.0965326 -1.3446813 -0.13033526 0.8347406 2.5357466 -0.52306056 -0.34374902 1.3340425 -3.6664762 -0.6024408 2.2373414 0.88016164 -0.4027781
butterscotch -1.7882044 1.2283032 -0.18034708 -2.006265 0.9928791 -0.5530039 0.49112567 -0.22237454 -0.76980656 -0.17077899 2.1562624 2.6354153 1.2186545 -1.4416952 0.63607776 -1.2847699 -0.4185475 2.1937687 0.878993 -1.3922237
colorants -0.22192945 2.4252672 2.212303 -1.4375947 -0.5395849 -0.10219349 1.0622761 -1.8156728 0.31452262 1.7762289 1.6735454 3.9796622 0.13801287 -0.23186828 0.5301397 0.03640287 -2.087833 2.026095 2.486333 1.620975
rambutan -1.3578577 0.5420491 -1.8671101 -2.0726755 0.54854447 2.155199 0.49586707 -1.8438287 -2.1212723 2.6951122 1.5300697 2.9046364 -1.8360283 -1.9333318 1.2047023 -3.0713074 -0.351067 1.246906 -0.11777283 -0.5366071
meatloaf -1.5820143 0.7324845 -0.8395705 -2.6156995 1.5105511 -0.77468663 0.78363043 -0.06925033 -1.3676945 -0.28957152 2.187285 1.501122 0.4495464 -1.469933 0.96287936 -2.3557916 -1.2197466 2.5012558 1.0290557 -0.4947235
woodchips -0.9868699 2.8355882 -0.053075753 -1.4402673 -0.9652792 -0.09969314 -0.040686928 -3.2322 -1.2584542 1.4550228 1.8899698 2.00955 0.1892495 0.5065673 0.0023592594 -0.7243872 -1.3180165 -0.005558313 2.3587818 -0.21502002
barramundi -1.0123366 1.2907864 -3.1315033 -1.7435782 0.28158462 -0.6707691 0.92066246 -2.6049767 -0.39640334 2.997671 2.756767 2.3065898 -0.14541845 -2.854993 -0.07935721 -0.057100628 -0.6124145 -1.1001464 0.059091695 -0.98894453
composted -0.36580023 3.33771 1.1098386 -1.5512234 -1.177845 0.2764018 0.62522584 -3.1729171 -1.8023727 1.0151038 1.5821286 1.234662 -0.39637104 0.84426314 -0.15171838 -0.4077447 -0.60805017 1.3958404 1.1787909 0.31471634
sirloin -0.6635614 1.4460858 -1.7906765 -1.188514 1.415072 -1.4932054 0.9140216 -0.8090233 -2.3941967 0.13878006 2.3996527 2.1862347 -0.28257734 -0.1454113 0.94011015 -2.1899016 -0.7463678 2.7277215 1.168697 -1.9191829
adobo 0.8585023 -0.41324925 -1.2979825 -3.2033339 1.0202097 0.9709411 0.97819257 -0.5708711 -0.89478046 1.5893836 2.0702064 3.5931962 -1.6370978 -2.2960038 0.52236766 -3.3971734 -1.4699155 1.9060282 -0.35991412 -0.6388494
pastas -0.55534685 0.9487201 -0.22595502 -3.137346 0.06521293 1.0422198 0.645972 -0.95544356 -1.1110094 0.05896055 1.4802579 3.0625038 -0.93459165 -0.28445262 1.4017917 -2.610764 -0.96964884 2.3250678 0.8252138 -0.46895716
syringa -0.51648766 0.78187245 -0.07774077 -0.085994065 1.3938154 0.11864007 0.81554997 -2.5642345 0.3732334 2.0617917 2.0600686 2.8689 1.7409956 -3.0196495 1.4515759 -1.6673719 0.45446154 0.9686576 -1.5870118 -0.91754735
garnishes -0.6191284 1.016935 -0.70937985 -1.6198245 0.3487234 0.8994585 2.1359355 -0.0183952 -0.6455339 0.8537972 1.6490998 4.079194 -0.5395735 0.038213264 1.6443248 -2.4894543 -0.5911669 3.0597696 1.7445072 -1.0686342
clotted -1.309814 2.1958325 0.4190602 -0.44854292 0.7742123 0.31408963 0.7786444 -1.7177312 -0.7829104 0.45317975 2.0290322 2.1570451 0.96969706 0.104886934 0.328291 -1.5446728 -0.29407924 2.954685 2.4666545 -0.64143836
coppicing -0.19648519 3.4837675 -0.4822969 0.24357554 -0.26762405 2.0653794 1.044677 -3.0945907 -0.37587628 1.0729539 2.2239368 1.6771204 -0.6649703 -0.6212054 0.28028652 1.2034707 -0.682781 0.42338818 1.8482754 -1.5071331
hardier -0.52896297 1.0199734 -0.32963505 -1.6362861 1.4453541 1.1410836 0.018648084 -3.7314227 0.9533744 1.1549339 3.152396 1.9869379 -0.1799062 -1.4426881 -0.5133634 0.07071556 -0.80592805 0.10207528 2.078939 -1.4289011
fuelwood -0.8180323 2.3495436 -0.77291584 -1.8065606 -1.4307846 1.1564637 -0.0020413122 -3.1871264 -0.29683116 2.2883337 1.4456048 2.0391574 -1.9165974 0.15471826 -0.41391626 0.5920639 -1.2864391 -0.2917843 1.7437048 0.030878147
swidden -0.38279068 1.0887444 -1.0135713 0.0041884896 0.4906729 3.667034 -0.4197401 -3.7604733 0.32144585 0.66817003 2.0158925 1.307938 -2.5557625 -0.4432365 -0.6037748 0.6769763 -1.9378637 0.027482338 1.4768608 -0.7482899
vermiculite -0.049603388 3.7341301 1.622585 -0.7805757 -1.2130536 -0.3524065 -0.9700193 -2.5884364 -0.8180492 2.5022898 2.149768 2.195889 1.2363997 -0.26881647 0.2725303 -0.9892605 -2.165211 1.0156826 1.4535781 0.11123513
handlooms -2.131135 0.18251877 -2.697387 -1.026389 -0.54000306 3.2751098 0.32970425 -0.45112434 -0.18188645 0.091855645 0.62070143 2.4295022 -1.7207829 1.8563583 1.4022149 -1.6075693 -1.304035 0.4416834 2.5094366 -0.00020995899
guacamole -0.08341518 0.9570962 -0.52216464 -3.1976259 0.68398 -0.10116326 0.35892177 -0.67004573 -1.8079064 0.50906223 2.0319018 2.430326 -0.5937586 -2.0059526 0.603512 -2.3966963 -1.088391 2.338482 -0.090330586 -0.47711048
apiculture 0.045485284 1.5422479 -0.6731163 -1.0119748 -0.5585521 3.1215003 0.23601869 -2.3712342 0.6138516 0.8154769 1.6942344 1.8772001 -0.5123388 -0.8390218 1.2913911 0.16102582 -1.4502765 -0.5939899 0.43228182 0.6337643
aniseed -1.6404389 1.8681229 -0.1572276 -2.254836 0.66918874 -0.007721848 0.5166592 -1.3515681 -0.98315495 1.3332615 2.739666 3.5970986 -0.06808014 -0.9675644 0.40990716 -1.9798746 -0.8397218 2.3291469 0.9343378 -0.91979355
hybridizing 0.89915633 0.75326276 1.2200074 -0.945327 0.51482534 0.8976809 0.883957 -2.4805808 1.2727206 0.7201674 1.6714076 2.5251942 0.25712815 -1.9656026 0.5644801 0.55115706 -1.0157322 0.29961488 0.8467922 -0.31165993
strudel -0.18685003 0.5748241 0.6987424 -2.2927296 0.3055752 1.5540547 0.4518364 -0.080840215 -0.8184902 -0.022167342 2.446312 3.0319273 1.3216141 0.68856806 1.5902345 -1.7363768 -0.69112766 1.9845818 -0.32826683 0.16110459
ravioli -1.0119864 1.5000982 -0.75540066 -3.3563852 0.86460245 0.687218 1.321059 -0.24294892 -1.2024193 0.57356566 2.7411427 2.274575 0.0028849402 -0.25952902 1.8453525 -2.454499 -0.9871684 2.1215794 0.1300328 -1.0445298
sauternes 0.48383865 -0.08351706 0.10424102 -2.306387 -0.3646047 2.1410942 -2.273535 -2.274146 0.08410965 1.9601789 2.214492 2.9982471 0.13242297 1.2248262 0.9813949 -1.3763883 -0.30026963 0.0044044033 -1.2539514 -2.011024
compostable -0.47021198 2.1680136 0.25224638 -2.2972538 -1.5595912 -0.5170535 0.4267971 -1.8759837 -1.1365515 0.74521965 0.5176072 3.5692005 0.053422417 0.9252493 1.1982096 -0.1409781 -1.5808598 1.7914534 1.7420431 1.2847927
jojoba -1.1487807 2.1573973 1.7904563 -1.8311414 0.03117001 0.7296761 -0.3689281 -2.924916 -0.7497867 1.9131858 2.192426 2.9538088 0.024037797 -1.0414783 0.72800195 -0.34062868 -1.3659132 0.98736346 0.6767434 0.19826122
overripe -1.4010743 1.8489811 0.77388656 -1.7747368 0.9622674 1.1077343 0.15631068 -1.4095527 -0.37356144 0.25805542 2.842239 2.0400777 -0.7591653 -1.2662423 -1.3916202 -0.97894174 -0.1360685 2.4061024 0.96359414 -0.7967858
aubergine -1.478725 0.6102261 -0.68732196 -2.169028 0.4911797 0.009480441 0.6769474 -0.022240093 -0.8703735 0.3890692 1.3515283 2.2770607 0.39615527 -0.5910548 1.550142 -1.8495561 -0.74784356 1.81966 0.3615042 -0.45005462
philodendron 0.1828096 1.2405283 0.8211326 -0.9607746 1.0939933 0.27029288 1.1476406 -3.6628506 0.25779095 2.2608113 2.287427 2.4233613 0.14666194 -1.7552347 1.6645799 -0.5179912 -0.5709999 1.1863558 -0.5593397 -0.7858974
wonton -0.7075643 -0.24826655 -1.0624832 -2.4154277 0.9857172 0.44196525 1.3866186 -1.0035607 -1.3869337 0.72011745 1.5159918 2.8531585 -0.5070046 0.111509986 0.68880427 -2.5897949 -0.67808104 2.840579 0.5292367 -0.0065300534
gnocchi 0.38642853 0.5653729 0.84146893 -2.7626908 0.34580505 1.8670737 0.5100096 -0.09663521 -0.60810006 1.1571251 1.754178 1.1105735 0.07827884 0.36955452 2.1373649 -1.9808384 -0.45622703 1.6321697 -0.14892235 -1.0930015
risotto -0.90086234 0.8798438 0.4641916 -3.282369 0.7248529 1.1846311 0.261877 -0.30806598 -0.30991358 0.7444713 1.6721246 1.8921077 -0.29704788 -0.91216815 1.4914075 -2.3246858 -1.1103022 2.1275692 0.37872317 -1.2383446
brandies -0.8514114 1.7819452 -0.6428898 -2.947169 0.21946813 0.90595716 -0.91977745 -1.4451158 0.07957819 0.736398 3.0341418 3.0629423 -0.19282791 0.6695966 1.2654663 -1.3501456 -1.0846777 1.6179118 0.45079267 -0.81098765
baklava -0.63903177 -0.3348276 -0.748455 -2.377246 0.9903072 1.8890628 0.39167643 -0.53970236 -0.360739 1.2471989 1.736727 2.9274523 -0.90790063 0.65946686 1.5818579 -3.6088514 -0.42095217 3.0308328 0.6641266 -0.27273726
dyestuffs -1.3191955 1.9735142 0.5461965 -1.3243366 -0.835438 0.6115589 -0.086046256 -1.2031118 1.0138321 1.1757485 1.7789769 2.3815923 0.93345445 0.74130005 0.86707854 -0.22252716 -2.9544907 0.263337 1.9712496 1.3138461
sorbet -0.499186 1.2577373 -0.30843058 -2.8143864 0.69389325 0.18978965 0.9484935 -0.15804668 -0.7391087 0.6395329 2.74357 2.3362892 0.4588056 -0.8787943 1.0701199 -1.918262 -0.6416786 2.1657104 0.5210235 0.09086369
mulching -0.20125729 3.037583 0.51571363 -1.1336552 -0.9982422 0.77265346 0.50865936 -2.6260269 -1.2105265 1.1770239 1.4544859 1.797929 -0.49773976 -0.5087658 0.34638843 0.80663604 -0.6138756 0.35133535 2.7802093 0.27848542
stewing -1.5744023 1.3773125 0.40243617 -2.6092846 0.41287324 0.7742885 1.2240202 -1.8533664 -0.7897726 0.18295601 1.80216 1.8480929 -0.43051484 -0.37789845 -0.33806592 -0.91970253 -0.28652292 1.9857932 1.8103306 0.44380626
honeyguide 0.18313062 1.1118172 -0.6417657 0.8262655 1.7692707 1.3450465 2.0945125 -1.6404655 0.10346021 1.5370101 3.110795 3.363011 -1.4645002 -2.6339695 0.27543113 -0.24129206 0.569767 1.3419155 0.22094339 -0.3071429
sauteed -1.9799864 1.0044544 -0.24145779 -2.2062325 0.966272 0.08955591 0.50277364 -1.2569748 -1.4046317 1.9265122 1.851658 2.6540377 -0.4789448 -0.56740427 1.3524202 -2.5505757 -0.76988804 2.8750246 1.155824 -0.20606408
passionfruit -1.1039746 1.3273352 -0.6340816 -2.705609 0.01143057 -0.083458744 -0.62799996 -1.3126438 -0.49138328 1.0947565 1.7955301 2.3779085 -0.15162537 -1.6203326 0.23888882 -2.0018106 -0.9642398 1.764806 0.30167222 -0.8493196
empanadas 0.8477418 0.288741 -1.0010585 -3.662025 0.83232564 0.89058053 0.34733662 -0.73010105 -1.2175101 1.3072006 2.5559516 2.6077979 -1.6516544 -1.2779305 1.8073524 -3.0186 -1.1870705 1.738605 -0.9836613 -1.3806319
vodkas -0.82315445 1.2738682 -0.17619549 -3.2152462 0.08808522 -0.017497832 -0.3215698 -0.5082893 0.085908905 0.7983383 1.8923861 3.2584 -0.7561632 0.35759246 1.6790844 -2.1776416 -1.3936039 2.1199594 1.1696148 -0.15567616
perlite -0.051580645 3.418378 1.4850947 -0.96081024 -1.356608 0.3930256 -0.6698193 -2.5447042 -1.0596135 2.8862484 1.8511271 2.065542 1.332192 -0.3463551 -0.09218885 -0.42989853 -1.823031 0.57419616 1.7561027 -0.10441139
morsel -1.8674464 1.5595498 0.3147639 -1.4239457 0.954493 0.3477111 2.0654225 -1.0045848 -0.38789916 -0.21495087 1.9624273 1.4064208 -0.80880946 0.053429365 -0.43484533 -1.2790711 1.0319383 2.938416 0.1687128 -0.20751262
sachets -1.0682349 1.7468022 -0.09466944 -1.9444686 0.05806389 0.058015604 1.5982848 -1.4871126 -0.7358679 0.9614387 1.3215005 2.5779357 -0.5028814 0.47449142 1.4458592 -1.4228067 -0.7377688 2.6426017 1.1665497 0.8158792
woolens -1.7859603 1.8354398 -0.7209873 -0.9328237 -0.577735 0.26681513 -0.31447577 -0.9094611 0.44421437 -0.35432285 2.0791693 1.9952399 0.85264826 1.9684703 0.95347637 -0.0004885308 -2.1224132 0.36959776 2.2918503 0.17231539
ceviche 0.56041086 -0.30267256 -1.6203681 -2.8433287 0.6638575 1.2400674 0.7627204 -0.58953094 -0.43353978 1.888423 2.2814126 2.8398373 -1.5112284 -1.7909087 0.6346225 -2.596803 -1.8935567 0.99994546 -0.83581525 0.018811624
leafed -0.15253107 2.026999 -1.0039115 -0.23384462 0.43312272 -0.47023657 1.5121258 -2.1455247 -0.2964115 1.5240146 1.2860321 1.6030096 1.9968082 -0.17469922 1.2800177 -1.0277107 0.56685877 2.2555628 0.6529023 -2.9586422
unsweetened -1.5228289 0.8692226 -0.37784 -2.0423958 0.66287076 0.10837894 -0.10500838 -1.0377293 -0.6817688 1.0546694 1.8195378 3.0448575 -0.8769359 -0.37683478 0.7184845 -2.2198267 -0.9045698 2.537734 1.376238 -0.25041252
chutneys -2.0492792 1.3254501 -0.92993647 -1.9385233 0.20446923 0.89723814 0.91398233 -0.7860445 -0.80463314 0.7562121 1.6731879 3.9503193 -1.233956 -0.7269851 0.8942894 -2.9921253 -1.2115176 2.0266037 1.5233829 -0.70475227
puree -1.2353711 1.2083364 0.26086336 -1.934918 0.54005915 -0.22894381 0.641231 -1.4708539 -0.9078129 0.8875445 1.9917928 3.0967553 -0.40335897 -0.7461056 0.7692007 -1.6114916 -0.67121226 1.9887664 0.98621804 -0.15253855
croissants -0.8937746 0.52495086 -0.012988928 -2.8521883 0.17089017 0.9399886 0.4679383 -0.97440773 -0.96744835 0.09678994 1.5029889 2.5681129 -0.27186093 0.6830437 1.7494988 -2.0871062 -0.2688164 1.7867621 0.25257885 -0.082976356
mouthfeel -0.95161253 1.5257059 2.145537 -1.3026719 0.473272 1.2632835 -0.5960594 -1.3903651 -0.23010814 1.2682161 1.3426783 3.2018907 -0.05230058 -1.4014424 -0.110966 -0.39321497 -0.0761736 2.858502 2.2550406 -0.6840518
broadcloth -1.6632364 1.3058605 -0.92781043 -0.5841528 0.4150623 -0.08291797 0.3937095 -0.56318253 0.21789311 0.9632533 2.128521 2.5008714 1.6546987 1.7599355 1.14675 -0.27091914 -1.7090678 1.6321918 2.5394382 -0.94525295
maraschino -1.2610128 2.1185937 -0.41614813 -1.9699467 0.3814629 0.15621495 -0.015379564 -0.552731 -1.3900229 0.9067081 1.9459122 2.4367373 0.14719272 -0.8678551 1.0251117 -1.7843019 -0.7295347 2.4293776 0.19095258 -1.2480611
landraces 0.78678954 0.28485596 -0.1594504 -0.775526 0.70976835 1.2808304 0.810099 -2.3637202 2.2247994 1.5118039 2.154515 3.2020037 -0.7523884 -0.9556459 0.86969566 -0.32453135 -1.1093137 0.1397094 1.2385654 -1.2599913
slags -0.50218785 1.5866929 1.9697758 -0.9525495 -0.21364024 0.06460617 0.3967779 -1.3175644 -0.4783731 1.1061195 1.4425325 1.4050009 1.072693 -0.41569802 -0.37749827 -0.8342607 -1.3241351 0.62669724 1.1820885 -0.7476451
broths -0.97205245 1.1605407 0.5089348 -2.3041556 0.5801436 0.76196235 0.5036521 -1.9697249 -0.09385193 0.95709085 1.9305127 2.3276813 -0.91059786 -0.63320273 0.23421916 -1.4133289 -0.6890236 1.794453 1.3685293 0.3936788
coleslaw -1.4479833 0.3673738 -0.42610458 -1.8270262 1.0942408 0.057493165 0.87196594 -0.8958108 -1.0414245 0.18145347 1.5835363 2.6673906 -0.4154053 -0.55195063 1.2797413 -1.9304593 -1.1594698 2.269146 0.48842943 -0.87206113
shortbread -1.151637 0.98981786 -1.6340828 -2.4989398 0.19832991 -0.14647241 0.2749373 -0.55293494 -0.8469428 0.3588222 1.9096414 3.2909741 0.4561139 0.44398174 1.0362461 -1.4061135 -0.9886169 2.1546361 0.83875746 -1.7646257
pastrami -1.0591861 1.0047437 -0.90336746 -2.0713716 0.492531 -0.0810269 -0.0042971615 -0.41623098 -0.83289796 -0.59933424 2.012173 2.768425 -0.7985077 -0.40327308 0.51532537 -1.828082 -1.0652056 1.9766076 0.07945108 -0.5378351
homewares -0.5337146 1.2438617 -1.6604422 -2.6565478 -1.4344473 1.0415429 0.57632196 -0.07327285 -1.4157195 -1.0936465 0.25991714 2.5576532 -0.25934523 -0.004895631 1.9034901 -0.46292713 -2.1711807 0.68821096 1.3102783 -0.32638416
morsels -1.3611376 0.9725138 -0.08866294 -1.4011304 0.5528958 0.09506889 2.0755055 -0.6819288 0.3936054 0.05123123 1.3985182 2.6039805 -0.40386596 -0.05573489 -0.19675753 -1.1670467 0.061720744 2.2294235 -0.07807587 -0.67106843
echinacea -0.64560384 1.28737 1.3816141 -0.2935514 0.9351404 0.18920274 0.9218593 -3.3205562 1.1582667 1.7421503 1.6962677 2.5804667 -0.3748668 -2.2194405 1.2413697 -0.8614116 -1.2354978 0.4094814 -0.14186266 0.09278749
shawarma -0.41934264 -0.09050351 -1.5089464 -1.858503 1.0763704 1.1109324 1.1407285 -0.17021553 -1.2618415 0.1637218 1.3300629 1.5124913 -0.7960267 -0.5962683 0.6924544 -3.658889 -1.3087635 2.5805075 0.60816187 -0.03940492
manures -0.89835894 2.2516248 0.92369545 -0.91896594 -0.7063539 1.2034817 -0.050927695 -2.7522955 -0.51558983 1.4279097 0.975381 1.7695137 -0.22153911 -0.48214722 0.2438428 0.03959881 -1.579241 0.4126633 1.2956064 0.018301873
pepperoni -0.693554 0.9926285 -0.42346868 -2.5856547 0.5296959 -0.124802284 0.5294 -0.6885718 -1.1608545 0.25702518 1.5023079 2.26316 -0.27731374 -0.5350677 1.2423211 -1.4314929 -0.8559974 2.327386 0.82393694 -0.9620104
appetizing -1.1306349 1.0266962 0.13693269 -2.0503743 0.3309746 0.90857166 0.8221684 -1.5392579 -0.4535822 -0.24341515 0.94482267 1.8555218 -1.019844 -0.5973858 -0.19887717 -0.4133406 -0.16186966 2.1961362 1.1453278 -0.8884183
deodorants -1.4985054 1.0991307 0.5128376 -2.3604708 -0.20646001 0.24838044 1.4663459 -1.2591949 -0.5602416 0.4106944 0.6441435 2.1197622 -0.25662366 -0.53551525 0.9715966 -0.81689596 -1.6590525 1.4664367 1.862761 1.3892057
torte -0.5379327 0.9295065 0.16243663 -2.622812 0.1709958 1.0438821 -0.14775833 0.21353813 -0.33591208 0.21678367 1.8376492 2.5032651 1.4523407 1.0511117 2.1535642 -2.606383 -1.0721563 2.5139995 -0.7227131 -0.67815876
prosciutto -0.15341906 1.0754585 0.048323147 -3.2609544 0.5641779 1.85771 -0.3259573 -0.4017595 -1.27277 1.764633 2.417244 2.0734162 -0.43962345 0.19163245 1.938937 -2.2238014 -1.1644131 2.0106375 0.40903807 -0.89021355
lipsticks -0.51484174 1.8013119 0.6053792 -1.7855281 -0.11570713 -0.47562933 1.828934 -0.3244798 -0.22644679 0.19596331 0.9267199 2.3810942 1.1635292 -0.3291019 0.6557567 -0.80875075 -1.0383759 2.5663404 1.6686742 -0.018240102
spiciness -0.77018636 0.8543322 1.0340909 -1.5009296 0.7397246 0.8484128 0.1502069 -0.9903788 0.1434505 1.4442147 1.4150319 3.4342504 -1.2703195 -0.9819982 -0.18905422 -0.9119003 -0.28180727 2.5054948 2.151419 -0.5641503
cowpeas -1.5757135 0.9598967 0.023490144 -1.5785848 0.30091855 0.95915437 -0.23342444 -1.8015822 -0.32128298 1.0637156 1.6479673 1.6991055 -1.2386447 -1.0814576 0.6252629 -1.47473 -1.0197092 1.0655868 0.6897571 -0.2964469
intercropping 0.21379596 1.3883947 0.71774256 -1.0882176 -0.17287375 1.9226413 0.31221747 -2.717815 -0.20605142 1.5487397 1.2137368 2.2561347 -1.4098914 -1.1065879 0.40818736 0.33609173 -0.5956114 0.5235111 1.4601792 0.05218302
blanching -1.0095428 1.77397 1.5806745 -1.5262636 0.0792748 0.22461057 0.9739113 -2.3713481 -0.786127 0.65446 1.3414507 1.8163521 -0.44604072 0.017001703 0.07051696 -0.70504653 -0.23864293 1.3704162 2.054117 1.1090578
cheeseburgers -0.6949702 0.89188975 -0.6836804 -2.7045472 0.18301597 -0.99019295 0.9969941 -0.9818754 -1.2227 -0.2628464 1.178844 1.673408 -0.052174103 -0.66268015 0.820213 -1.1499677 -1.1101841 1.6482109 0.34457102 -0.34968847
sugared -1.3489904 1.1723377 0.12643152 -2.1560438 0.5304189 0.44705424 0.6476893 -1.4856224 -0.7997624 0.22080699 1.4996225 2.169762 -0.53517014 -0.3059745 -0.23976569 -1.114729 -0.4387855 2.6152081 0.8379222 -0.6518815
sweetmeats -1.9350044 1.2508024 -0.7978626 -2.159017 0.3778785 1.2984604 1.5718673 -0.96107215 -0.35379687 0.25523677 1.4916779 2.7232223 -0.94192815 0.91705155 1.1708928 -1.9417292 -0.34449238 2.4968448 0.2446841 -0.75680083
brioche -0.44945723 0.040021196 0.109391116 -2.1104567 0.467507 0.58137137 0.44251978 -0.407899 -1.2181392 0.28605264 1.8607919 3.1698062 0.8122046 0.5848811 1.3094922 -2.2098317 -0.1342521 1.6807116 0.10713974 -0.9041395
semisweet -0.7002954 1.0654016 0.15757401 -2.0607033 0.137884 0.49767426 -0.48245904 -1.1873025 -0.46531188 0.9080698 1.8365592 2.5909765 0.23563826 -0.58887494 0.3825787 -1.8415698 -1.0132822 2.09524 0.8915989 -1.2097254
cordials -1.634641 1.540638 -0.15151949 -1.9534057 -0.022165136 0.56096536 -0.11397879 -1.4083581 -0.5439819 0.47170067 2.0295177 2.359501 -0.21901584 -0.08180486 0.33307925 -1.6836079 -1.3213882 1.4723096 0.7010056 0.073316194
fermenters 0.7797515 1.5998706 1.6454672 -1.1089572 0.513041 0.24768579 0.7104242 -3.4022295 -0.5091562 0.47859108 1.6849898 1.479409 0.37453586 -0.07213609 1.7093751 -0.9632452 -0.8827762 0.8640868 1.8222063 0.31933525
pashmina -1.8639771 0.38248035 -1.5063119 -1.3270609 0.28975052 1.8081657 1.0469215 -0.71283484 0.49626088 1.1184008 1.1566259 2.6296208 0.34168077 0.2755096 0.12591252 -0.86973983 -0.79686344 1.673791 1.8525956 -0.42205352
pasteurised -1.2521815 1.4101144 0.45745137 -2.178918 -0.068603866 -0.2745404 -0.06552406 -1.6082702 -0.5204259 0.5131455 2.1900022 2.947673 -0.48911774 0.7872198 0.9112073 -1.4372231 -1.0933611 1.5117763 1.6401892 -0.08531392
mojito 0.41380778 0.12435148 -0.14762951 -2.239643 0.05458867 -0.35219023 0.26669177 0.09704224 -1.451751 0.4004738 0.92747134 2.540554 -0.16709009 -1.0858451 0.51015633 -1.352348 -1.0190542 1.4947796 -0.6030966 -0.39979273
undyed -1.3146498 1.1888632 -0.6914331 -0.24139284 0.73873436 0.4239601 1.0620968 -1.4597772 0.22309093 0.52179575 1.5176557 1.997885 1.4814467 0.8445711 1.081436 -0.3876977 -1.251927 2.5737598 1.8875682 -0.51946366
crepes -0.71381557 0.570157 -1.016954 -2.5465636 0.7054887 0.34208426 0.8940421 -0.5789034 -1.1953527 0.06374528 1.7733516 1.8138394 -0.2308802 -0.47681266 0.8386972 -1.7215825 -0.3602249 2.1196172 0.21650515 -0.7724756
charcuterie -0.25836572 0.49485245 -0.6506958 -2.2792103 -0.06502328 1.400346 0.41343334 -0.3993899 -0.7728694 -0.19454843 1.7117223 2.3461576 -0.5436008 0.30482632 1.4581945 -1.7759011 -1.0344647 0.83397514 0.16052955 -0.24053739
custards -1.3281788 0.6501008 -0.39346227 -1.6423724 0.32131705 0.44512692 0.71268195 -0.82818913 -0.56321985 0.112752415 1.1552685 2.1454096 0.3258386 -0.19243962 0.9653455 -1.587936 -0.103597365 1.8420871 0.294883 -0.8183898
enchiladas 0.29440403 0.8405498 -0.97488654 -3.1147585 0.40493482 0.7137178 -0.41174307 -1.0657529 -1.7672663 0.3533782 1.8919425 2.398844 -1.628165 -2.2502298 0.75596917 -1.986873 -1.0769496 1.614544 -1.2005066 -1.1069677
muesli -0.9800585 0.72848976 -0.19723272 -1.6793323 0.17013586 0.25513288 0.13557807 -0.8601721 -1.0416892 -0.1379046 0.92736113 2.4197838 -0.15279536 -0.72848153 1.2553766 -1.4805588 -0.7694343 1.8955499 0.6826202 0.1599095
doughs -0.72309875 1.4990838 1.0159186 -2.0881736 0.15014994 0.24672961 -0.20580006 -1.5067425 -0.86862874 0.8938977 1.3783876 2.2599328 -0.0817534 0.122286834 0.45481727 -0.9397977 -0.28009757 2.1280408 1.8416044 -0.39616492
spicier -1.1621517 -0.21077143 -0.2835341 -1.6939814 1.0916233 0.7195848 -0.14020863 -0.8901718 -0.32224214 0.9344359 0.90032196 2.630975 -0.9644033 -1.3393245 -0.20733361 -1.4441088 -0.8570755 2.3174257 1.6183954 -1.0917795
sugaring -0.6193334 2.517229 -0.24830006 -0.68250906 -0.17791353 0.1388875 -0.30476362 -1.2752064 -1.1346644 -0.052501988 1.5236481 1.6572639 0.7141886 -1.0951272 -0.043394204 -0.5655577 -0.35363233 1.4993831 0.8751546 0.41807568
matcha -0.9002445 0.86507183 -0.046128895 -1.2715021 0.18991931 0.49803117 0.6273803 -0.6837074 -0.3157669 0.4087033 1.135788 2.3869088 -0.47131768 0.06908447 0.69220114 -1.3086953 0.35762784 2.1768875 1.4045688 0.34993413
unbleached -1.3508745 1.9333926 0.051676717 -1.1489292 -0.042376522 -0.23962775 1.0409024 -1.050249 -0.27514535 0.7962174 1.6233639 2.3140259 1.388151 0.5246441 0.85871243 -0.30622476 -1.0891435 2.0338645 2.1737268 -0.19365679
iodized -1.0737964 2.4172578 1.7898663 -1.3182844 -0.8064137 0.18453087 -0.40297264 -2.613213 -0.4392404 1.823031 1.1034318 1.9834683 -1.4511313 -0.64430785 -0.54746985 -0.54325914 -0.5844301 0.75270396 0.75993705 1.7283883
aperitif -0.56281936 0.64473933 0.0037591534 -2.8008993 0.03990186 0.7715679 0.1381072 0.16938365 -0.58003104 0.76362896 1.7120416 1.8500856 -0.18358453 0.19218846 1.1368195 -1.7674414 -0.53083795 1.4145147 -0.11841118 -0.17088024
quesadillas -0.010788793 0.45065835 -0.9025616 -3.2922976 0.49910334 0.52047944 0.6578892 -1.4800214 -1.502925 0.6499848 1.7716732 2.3603754 -1.1055285 -1.3995539 1.7698895 -2.2455475 -1.1189905 2.040845 -0.1512702 -0.74918884
yogurts -0.4872905 0.72156227 0.4411349 -2.1436164 -0.090153135 0.8660606 -0.46905768 -0.65691215 -0.38367808 0.85946566 1.1749414 2.0892336 -0.7959493 -0.42325196 0.59123224 -1.7112657 -1.0538787 1.5226814 1.0266699 0.17460756
omelettes -0.6488569 0.48469087 -1.0761733 -2.3939304 0.4268045 0.48484355 1.1657687 -1.1792166 -0.5627114 0.46044084 1.4883387 2.5068357 -0.49655196 -0.4002924 1.1703334 -1.8187726 -0.64493114 1.871353 0.34794283 -0.4034956
homebrewed -0.9292778 0.7456319 -0.27848285 -2.1108646 0.15011291 0.33745015 0.07137445 -0.6713306 -0.67337656 -0.011455797 1.3749355 1.9543029 -0.9499679 -0.009295708 0.34215784 -1.1887834 -1.2865293 1.5967387 0.68116075 0.05215889
wholegrain -1.3409652 0.9027951 0.19117728 -1.5033579 0.30749243 0.44154465 -0.38641518 -1.3581332 -0.14330253 0.7516669 1.2219424 2.482443 -0.8742415 -0.2857438 1.0662949 -1.3520705 -1.3970679 1.8006827 0.7967676 -0.4192043
rotis -1.126671 0.4323904 -0.93768364 -1.239736 0.46157008 0.77423346 0.6157659 -0.26237983 -0.7013801 0.5878367 1.0883878 2.3643856 -0.3913977 0.20518357 0.8586572 -1.853645 -0.027522478 1.6267178 0.8383156 -1.2402039
calendula -1.0570022 0.81501734 0.30976143 -0.7324018 0.3545373 0.35426188 1.0067532 -1.9520098 0.7304211 1.043755 1.1790301 1.5336504 0.86990184 -1.1994201 1.0051754 -0.8863713 -0.4391966 0.59647375 -0.37322 0.2278951
baguettes -0.4990766 0.12548114 -0.75044423 -2.025356 0.40187043 0.39069605 0.41569036 -0.37175742 -0.717316 -0.0017454554 1.4242536 2.2408302 0.081565976 0.8069021 1.3847436 -1.5642409 -0.5907039 1.2597325 0.5671001 -0.59427863
salsas 0.11427688 0.5206206 -0.3452997 -2.0721269 0.36856598 0.34044576 -0.0640464 -0.049468987 -0.65961355 0.14248355 1.6680399 2.101777 -0.535387 -1.1251668 0.8062695 -1.4090731 -1.1298119 1.1825076 0.4423459 -0.34068006
armyworm 0.1339468 0.6721674 0.004533801 -0.5476862 1.1743249 0.037921105 0.67212343 -2.624377 1.1133893 1.3028699 1.8307574 0.41705298 -0.2850952 -2.1926548 -0.3101881 -0.82246125 -0.8616278 0.2914237 0.23708434 0.24796781
churros 0.358768 0.17759132 -0.6779495 -2.2513108 0.49901924 0.18132114 0.073035695 -0.8350626 -1.1493652 0.36857006 1.5242422 1.53149 -0.3896783 -1.0042757 0.59329385 -2.0579448 -0.5536524 1.3854729 -0.116781205 -0.7536802
percolator -0.7510928 1.3239026 1.0033649 -1.1785872 -0.23966172 -0.5005503 0.22081287 -0.8440467 -1.1709737 0.4150236 1.3060112 2.2606318 0.3041821 0.590463 0.10211842 -0.52608573 -0.79349244 1.2380998 1.9383496 0.10594794
mouthwashes -1.3735361 1.7603476 2.2689757 -0.8390106 -0.044050436 0.2761713 1.5327427 -1.9685646 0.22668254 0.6878226 1.0641446 1.4767857 -0.7193573 -0.5560274 0.7724515 -0.78998125 -1.321165 0.98286825 1.6186146 1.577892
malty -1.2937423 0.5284901 0.38347137 -1.2377535 0.95993924 0.8580045 -0.2704915 -0.9996256 -0.39396697 0.98525095 1.7050523 2.777386 0.71093893 -0.901705 -0.14356032 -0.84997374 -0.42115697 2.171148 1.7266655 -1.4063177
decaffeinated -1.048028 0.63857657 -0.003263788 -2.0281 -0.21707591 0.09933077 0.21470694 -0.7475402 -0.55153555 0.69072527 0.96451026 1.9663795 -0.57443106 -0.2356094 0.69079876 -0.6895436 -0.90109396 1.4667757 0.88938713 0.17767297
odourless -1.0987854 0.8098082 1.7301908 -0.8046855 0.5524909 -0.13128634 0.53366613 -1.7605183 -0.3365955 1.1791072 1.1893944 1.5466542 0.34596798 -0.62702996 -0.50491995 -0.5206703 -0.9068768 1.3541788 1.567196 -0.05692248
rooibos -0.9437296 1.4206539 -0.37037006 -0.632416 0.1352488 0.7175343 -0.04302013 -1.3817408 -0.4610787 1.1970127 1.5341092 2.6278393 -0.5272443 -0.82107615 0.6168809 -0.59799826 -1.400665 1.430235 0.7959558 0.4523933
drippings -1.0617247 1.2327538 0.16263983 -1.4221792 0.2446329 0.01713577 0.8402495 -0.96667445 -1.3324031 0.66119117 1.3745849 1.550774 0.054181002 -0.41956243 0.22181289 -0.9490011 -0.12437846 1.5288529 1.1799343 0.35380244
chanterelles 0.075933546 0.28679922 0.33418494 -0.62613875 0.9973127 0.16545548 0.654668 -1.4961014 1.2110282 0.92501855 1.3792514 1.8554822 0.37041637 -1.0425352 0.98359585 -0.70993185 -1.1165959 1.060355 -0.026807513 -0.65207297
wholemeal -1.6190437 1.2701875 0.13732104 -1.3198328 0.040648956 0.19465677 0.04830374 -1.1164681 -0.4652021 0.064258575 1.2052112 2.3494291 -0.44694272 0.25679457 0.68180346 -1.0771501 -0.8947338 1.9264585 0.82402325 -0.5638432
macchiato -0.35847518 0.3922177 0.6047106 -2.3452866 -0.048167102 0.34556994 0.27185494 0.10786146 -1.1196487 0.8881441 1.1942258 1.9048706 0.26259696 -0.5294024 0.7402594 -1.6310627 -0.49100056 1.6603811 0.29660738 -0.3182191
pastilles -0.8602153 0.5422063 -0.0632403 -1.7047024 0.39460534 0.16961284 0.370674 -1.0739012 -0.28449094 0.5483124 1.3770779 1.7096778 0.3097803 0.26117146 1.0260904 -1.0292499 -1.215051 0.98337525 0.6427554 0.23594266
flatbreads -0.7419246 0.51030266 -0.8092378 -1.8050406 0.45977676 0.74569935 0.4877745 -1.2262561 -0.7002265 0.548537 1.0671676 2.072821 -0.5916788 -0.16638672 0.83255553 -2.093135 -0.5516975 2.0567713 1.0341148 -0.6906818
jellied -1.269634 1.0334443 -0.9455811 -1.487291 0.6205226 0.059068006 0.25892892 -1.1059334 -0.58557916 0.607067 1.904724 1.4676626 -0.037041225 -0.5444094 -0.08840225 -0.8369298 -0.9268248 1.2723619 0.8145096 -0.4300444
nelumbo -0.22218691 -0.006050405 0.11378537 -0.3254058 1.1705134 0.55142176 0.9996851 -2.268037 0.27711836 1.9914178 1.9398322 2.657517 0.18473767 -1.5169235 1.4813858 -1.1180326 -0.067703955 0.6780414 -1.1307898 -0.74746054
tartare -0.9289945 -0.03434298 -0.7296001 -1.8082868 0.97546816 -0.09534405 0.4486424 -0.6575729 -1.0284414 0.50608224 1.3754507 1.5469187 -0.48939836 0.0027917477 1.0943599 -1.5996194 -1.1852143 1.4625444 -0.24241313 -0.56641704
multigrain -0.8569386 0.4849417 0.011316033 -1.436309 0.22780704 -0.028028747 0.11120341 -0.86270446 -0.6329493 0.9300449 1.016926 2.2067738 -0.23628236 -0.57477486 0.6688005 -1.4589529 -0.9052897 1.4138699 0.6420222 -0.29257056