Centroid_56 0.8237570571891191 -0.8388767829984454 -0.004461449849222768 -2.3630436018264254 0.6137887492782383 -0.07395091296953363 3.9825653443523326 1.390901160410103 -0.7001733538367877 0.040668369914507764 2.5849437692150268 0.37311241898445596 1.7501735239567384 -0.9132502077712429 -1.915268175284196 1.216118052663212 0.5546611697481861 0.35506424924430047 -0.7817427660829016 -0.3906079067590673
travels -0.1674234 -0.52094704 -3.7814496 0.16654468 -0.058046207 2.9296052 2.0542848 -1.8019314 -1.1861925 -4.4877567 3.1717415 -0.20303813 2.489019 -2.8312805 -7.428224 -0.118035845 2.9808946 -1.6019673 -1.1343149 0.4285687
companion -3.64099 -0.47868764 0.007664225 -0.5126929 0.17009442 -1.0063962 5.9735284 1.5708075 2.084725 -2.936765 2.2238986 4.763917 3.147106 0.8724644 0.040300533 2.9172816 4.513658 -0.5387354 -2.7349656 0.5575146
sage -4.081957 -0.06488337 -0.37216115 0.38616517 0.089239 2.8834307 5.511052 -0.26899463 -1.4288465 -0.8409369 1.1685327 5.7967567 1.4614458 -2.317416 -1.1893873 0.074009955 3.820854 0.8434599 -5.0165668 0.7895766
kai -1.311114 -7.9512615 0.36952227 -4.9931817 4.73886 0.9317989 2.826769 1.5022701 -3.7612228 -0.15113951 2.886735 1.9808077 2.2864861 -2.105572 -0.03360537 -3.45404 2.2877612 1.2306919 -0.8069565 4.784361
guardians 1.5004874 -1.0550722 -1.6785419 0.15303014 1.1288483 -1.657415 6.6314325 3.6033986 0.029805234 -1.3586332 2.0412977 1.1657667 -0.9015926 -0.15369593 -1.6150428 6.0228634 1.3719759 1.9440114 -2.9505658 0.49573433
jade -3.0254018 0.3734401 -1.0559334 -6.2888994 0.75229305 -0.6671227 4.3766665 1.5107828 -1.901418 0.7052689 3.6863556 2.660859 4.0219126 -1.1597253 -1.757205 -0.54329634 2.2511566 3.2645948 -1.6101712 -0.18573935
bliss -2.026654 0.53685653 1.7980006 0.54793054 0.6779139 -1.6783398 2.1528697 2.373539 -1.154594 -2.4726362 2.5919976 1.6612403 2.0313137 -3.1919713 -1.8171049 1.5062368 3.0359895 -1.037193 -2.622357 0.8914087
exploits 0.70901704 -1.7822073 -1.1976947 -1.6631845 -0.43456027 1.8946421 6.060648 3.4645574 3.0448256 1.3802351 1.5332512 0.29335162 -0.13259082 -0.6454528 -2.0108752 3.8503778 0.39040515 -2.917925 0.83981204 -3.4239137
shin -2.7886157 -7.5745616 -0.85769284 -4.474929 4.698976 -1.2686778 4.295651 4.0706267 -0.77221614 0.6508853 1.5884277 0.65183264 0.67135537 -3.501715 -0.8383934 -2.9987648 4.0776157 2.1506848 1.3008915 5.526566
kung -1.1881193 -9.483424 -3.6569347 -6.0061626 4.435274 3.120717 4.1651244 4.1170745 -4.3320627 -1.3203577 1.5492142 3.9226468 3.685612 -5.48188 -1.1001195 -1.2407019 3.301863 3.7543552 0.18503122 5.1487646
dune 4.0750504 0.16743186 0.5147903 -3.8875155 -2.5194383 3.568744 4.1167035 -1.682786 -2.4516091 2.5582159 3.8253083 2.0682585 6.0166965 -1.9925259 -5.9051228 1.8743721 0.4912353 -2.9969203 -2.7367933 -4.3803635
cosmos 5.8151197 0.75773776 1.2164445 -1.027951 -0.6356663 0.85241956 -1.298138 4.515072 -0.7260519 0.50597274 4.632453 3.236348 3.1536329 -2.966172 -2.8497484 3.2675827 2.673347 1.0109832 -1.4504131 2.0948334
traveler -0.27031618 -0.9836791 -2.47461 -1.1568626 0.37256807 2.2478857 4.220405 1.858795 1.6776433 -2.6284225 3.7615085 3.4124916 0.7589741 -1.1706337 -2.3503556 -0.6890673 -0.3093647 -1.8233757 -2.7675972 -0.079063386
avalon 3.2725253 0.70405716 -4.2249026 -1.6613672 -1.7125213 -2.045001 1.3361747 2.1260173 -3.9280329 -3.1027396 3.7428782 2.773896 3.844034 -1.8144931 -3.068668 0.5311991 -0.6826279 -2.3983946 -2.4059126 -2.5298495
cradle 1.1250721 1.7352443 -0.9936639 -0.9877739 0.4220332 2.226645 3.3416152 1.0798215 -1.3605895 0.24028128 3.4663806 1.4300854 4.4079924 -0.4220346 -3.1053314 -0.9820117 -0.08646461 3.9015574 0.8339403 0.0955057
grim -0.09670788 -0.5261122 0.4799459 -1.6248909 0.8417829 0.3773015 5.788654 3.7026782 0.97146034 -1.5057433 3.19936 -1.7117513 1.9933949 -2.0997574 -6.370707 2.9484036 0.1803851 -0.08071195 1.0651693 -2.888126
gigantic 3.8249555 1.8513874 -0.6926176 -3.4157255 -0.95196146 1.5673188 6.246697 -1.0091367 -1.9738101 1.7782764 3.5480142 -0.5205591 4.4647202 0.46844667 -3.7743301 1.154803 0.3320663 1.4210414 1.4517341 -1.9689296
utopia 3.9426641 0.15150376 1.1107587 -0.34326068 -0.8705258 2.3216531 2.186353 5.2147527 -0.5511932 -2.178527 4.1376877 2.546255 1.3434343 -1.7712226 -6.157438 2.0139992 -1.1238313 0.5216063 -2.0632932 0.3266292
messengers 1.9600312 -2.2559865 0.26070705 0.48176536 3.4240193 -2.0303032 6.387645 0.74746734 0.7170298 -2.9566066 3.4771218 0.47270343 -1.3342844 2.7255986 -0.4822074 -1.0059017 0.8624603 3.0193596 -1.1550876 3.0650706
elf 1.4850491 -2.7857695 -0.91652864 -5.962908 1.582794 -0.5052545 4.976277 0.83515227 -1.9772215 0.76934284 3.9508572 2.5879219 2.0104315 -0.3981702 -1.4841 2.025516 0.25977796 0.78752625 -1.5274523 -1.074267
mana 1.7701921 -4.5721593 -1.0357131 -4.788401 1.1793426 1.5046695 2.3936908 2.5804732 -2.2064202 2.4969945 0.75875 3.7981305 -2.7290716 -1.1033963 -2.509328 -1.3641396 2.2319386 3.8678963 -0.7505587 -0.86659414
adventurer -3.7858245 -3.3839588 -3.838405 -3.0434155 2.1734862 3.5736651 4.2233515 3.7953324 2.7113345 0.82121134 6.015607 2.0072277 3.2548714 -1.1026146 -0.42911485 3.1956751 -2.6311483 -5.188893 -1.5674083 -1.7584761
ape 0.9025293 -0.09323286 -0.39208296 -5.1127033 1.5439484 0.834178 6.14023 0.5901626 0.38122773 0.73033345 4.487403 2.2311363 1.5267563 -3.8310668 -3.2998013 2.6687148 -0.71316296 1.3924772 -1.1748539 -1.7414874
ching -3.6465728 -7.349662 -0.07016009 -2.226416 3.673792 2.024365 3.6171398 1.4437631 -2.8623235 -2.6621108 1.5341144 5.1304727 0.5599718 -1.6326494 -1.6782945 -0.93572086 2.3914626 1.3684677 -2.5634184 4.3723593
chun -4.943737 -9.047307 -1.88616 -1.1975201 6.1675663 0.7842309 1.9342647 3.8951366 -3.5398269 0.06573807 1.4919 3.058244 1.4999202 -2.5421727 0.8856975 0.55783284 2.5906782 2.7810996 1.3033651 5.705677
unicorn 0.7643492 0.52328926 -3.4149268 -4.8699675 -0.051822606 -2.8741174 6.447689 2.2649045 -0.8589553 -0.8415611 4.26345 3.445574 4.9386625 0.24846819 -1.0407233 1.0292308 0.7997896 1.2761126 -1.4134781 -2.1778886
aqua 3.1391401 1.8012978 -1.3144569 -6.1384153 -2.0544858 -0.46958953 2.4692986 0.47505 -3.6606746 3.1172872 2.0560932 1.3857905 4.4113283 -3.8520622 -1.2629967 -1.641748 0.43279925 1.6490185 -0.8382066 2.8542068
invincible -0.15237868 -2.200391 -1.874223 -3.9197814 1.8721825 -2.6403701 4.2193193 3.2289584 2.3339658 1.6338567 4.744168 -1.1731486 2.5464606 1.1652437 -3.860822 2.7115881 2.3342743 0.59852916 1.6202427 -1.3080441
colossal 2.9012032 1.9264066 0.34594893 -2.7002177 -3.0457232 2.669406 4.538715 0.6006134 -0.2996361 2.7622786 1.6258374 -0.57830244 4.486347 2.4305172 -3.2313015 2.1833787 1.7033411 1.1831023 -0.00663671 -2.7079415
amazons 3.5129244 -0.9064203 -3.4822268 -5.037436 0.33576223 -1.8769798 5.844291 0.6334845 1.9562938 1.0470841 4.232256 2.0021262 -0.051253684 -1.1207144 -2.906289 2.0391467 0.8280269 0.8249382 -3.4115999 -0.08777231
pandora 0.5388426 0.08643287 -0.36109424 -5.527135 -1.6753746 -1.8999997 4.8816843 1.9063176 -2.0471487 -1.9606422 2.1601791 2.672097 0.84809595 -1.351088 -2.8724952 -0.54045296 1.8923732 0.004647638 -2.8434155 1.4012698
adventurers 2.9233575 -1.476321 -6.9247246 -2.666155 1.5245417 1.1834812 3.8613822 1.8528047 1.7232782 -1.0226606 5.902005 0.6620621 -0.481586 1.8306834 -1.7941614 3.785597 -2.1529021 -0.9174329 0.09976107 -2.4406414
sakura 3.2664027 -6.635966 -1.1679887 -9.001382 1.9061465 0.5353579 4.9412837 3.6923087 -1.6971629 -0.9900091 3.2697525 1.913556 1.8621354 -2.6149259 -1.8167968 -4.061007 5.4679875 1.7303408 0.3187005 4.5834785
troll 0.32854292 -1.3409187 -1.3073298 -4.9776053 1.1690558 -1.4945503 6.3619204 0.6802456 -2.5718853 -0.3891302 4.00277 2.8122442 2.1981926 -0.49651816 -2.9145403 1.1545335 -1.145542 1.256798 -1.6647276 -0.33589283
savages -0.85002005 0.12405386 -1.3864318 -0.41213953 2.257136 -1.4774567 4.7831225 2.6509655 1.3908769 -1.7026757 3.850539 -0.8804051 0.5578872 -1.377444 -4.2520003 1.8461889 -1.8019202 1.3297178 -0.833055 -3.8730807
marvelous -0.43990356 0.4318734 0.5487761 -4.5949316 -1.5703611 1.965362 1.7882909 3.4713428 -0.39574602 -2.3940284 2.1134596 2.9325616 3.0290966 -2.670461 -4.3816967 2.5531018 2.6828396 1.1437078 -0.44409582 -1.7182224
cortez 0.8418359 0.1271169 1.1364585 -2.1568685 1.2331573 -1.1783878 1.8229293 1.9326643 -4.3712893 -0.6149582 3.6033165 -3.3862069 0.59691775 -5.2273664 0.103382096 1.5425712 0.023425508 -3.2603855 -5.154073 -0.64164144
oblivion 0.90549344 1.6387792 2.1873198 -2.3547597 -0.7119177 -0.8004894 3.1526651 2.4021697 1.3444531 -1.8999128 4.501336 -0.7815829 1.1829015 2.5591223 -6.2029505 -0.036656927 1.7748611 1.3296328 -1.0162083 -0.9849173
goliath 0.094912566 -0.5520735 -0.44554794 -3.4391372 0.89712256 -2.939304 6.0553555 2.889978 -0.7365664 2.4823596 5.04508 0.35022748 3.8569407 -0.62218493 -2.7261739 1.9685988 -1.0717952 -1.7592776 -1.6150253 -2.5714676
firefly 1.239692 -0.8303953 -1.2290452 -4.575963 -1.0967661 -3.0021923 5.4877687 1.1976041 -2.034263 -0.57623005 1.9788193 1.9288186 3.4094272 -3.3104343 -0.967493 0.18406923 -0.72545236 -3.4539804 1.0893141 0.8674193
bane -0.0926995 -2.1553307 0.6062945 -3.00586 2.6306381 -0.65666246 5.1673727 2.2925675 -2.210502 0.5036272 3.6822598 -1.775 1.1757236 -0.8469521 -2.0335093 1.0050533 0.009630455 0.78445035 -2.317589 -0.45405295
saber 1.9807378 -4.4100404 0.11227627 -2.8228912 2.7742403 -1.7269585 6.836548 3.4561746 -1.3431383 3.2654514 1.1263555 -1.2411053 3.2165353 -2.1382878 1.2820938 -0.56891567 1.423094 1.2978046 -0.17067413 1.3268632
hyperion 3.3753705 -0.24891269 0.8998957 -4.1688023 -2.3549912 -3.165314 3.4815147 1.7023097 -0.5751485 -2.5764742 3.4187887 1.8393171 4.71728 0.4999288 -2.7358878 1.5281739 0.59084594 -2.8267 -3.55005 1.5574967
argo 0.5702517 -0.47448495 -1.6345015 -4.0427556 -1.6062099 -2.7259524 2.0788026 0.032943007 -0.6426875 0.39938942 3.532108 2.2748787 4.6694508 0.0274274 -1.0577185 -2.2299557 -0.092089385 -4.243135 -1.5823051 1.6010739
druid 1.2851756 -1.7633896 -3.2466717 2.0089986 2.0628247 2.691541 4.7033253 1.246749 -2.5093064 -1.7163345 3.5345535 1.0758913 3.4933004 0.2196233 -1.2416179 2.7552881 1.5729642 0.67668086 -3.688443 -2.5514526
wanderer -1.133633 -1.6330353 0.50099844 -3.196335 1.1722577 1.1393018 4.430888 1.4917006 1.1962667 -2.3515859 4.9116597 2.2187915 3.1626465 0.6182241 -4.0150003 -1.5944415 1.5015215 -0.91907674 -1.5008589 -1.8345029
nimrod -1.3119329 -1.4708993 -0.39998543 -0.3164228 -0.61083436 -1.8157005 4.8197684 1.2552214 0.3305457 0.17575294 3.4621272 1.3099953 4.267924 1.8393316 -3.1355178 0.58301115 -0.56051844 -4.1987133 -1.6025264 1.8899574
madman -1.4130702 -0.13163935 -1.0949161 -4.0786 -0.5540981 -2.032055 4.852039 5.0042906 0.5936383 -1.6909486 2.8645592 1.4426122 1.018977 -1.617856 -5.2188945 -1.5209196 -2.0243788 1.0382898 -1.1213514 0.17139205
wolfs -0.23221272 -0.75442386 0.3825732 -1.4940393 2.1723404 -1.6464081 5.0762243 0.078317665 -0.7072957 -1.4673855 3.0624013 -0.3204776 5.2691064 -1.500887 -2.6435 1.4742666 -0.6242035 1.8859801 -1.3526791 0.7312325
iceberg -0.5886947 1.2957109 -0.020926157 -2.8785408 -0.08486899 -3.3436608 4.1210427 -1.2433269 -1.4099216 0.6108494 5.033491 0.5778715 3.0728254 -1.7250441 -5.547109 -1.4529783 1.340451 -2.802339 1.6817796 0.28404486
lolita 0.72094804 -0.92758036 2.1080003 -5.1905756 0.4393911 2.6690624 3.4178624 4.5998588 1.1175638 -2.0979552 1.8530263 -0.50641614 1.9310769 -3.413357 -1.2080603 -1.0847727 -0.9656089 2.0600326 -3.4194264 -1.5548211
leviathan 2.0394714 -0.24370502 0.5517596 -1.7695867 -0.5409253 -1.7643371 6.0151286 1.973633 0.05713416 0.67337614 4.2890296 1.8368613 4.5621586 0.33475158 -5.1013894 2.7529082 -0.309094 -0.71128666 -2.1033657 0.71894705
watchers 0.62502164 0.31981584 -3.768305 -1.8083385 -0.24722953 -0.9821281 6.3856907 -0.5861496 0.5931565 -1.4439789 0.9346773 1.8649465 -2.414371 -2.6008096 -2.683528 3.9726317 2.1789782 0.73706 -1.1555406 -0.7514017
aptly 1.7933058 0.75283515 1.005136 0.5188213 0.69473666 0.3910551 3.5585685 3.8428206 -1.1189256 -0.59991324 4.7829375 6.3312893 1.2335972 -1.6666446 -1.1680944 -0.74551255 2.1609635 -0.44542915 -1.0545808 -2.6300051
lupin -0.21979655 -3.6098714 1.2308772 -8.084812 -0.24049315 -0.42604282 4.653907 3.5073416 -0.3595997 3.5361423 3.6512384 3.193265 2.9682584 0.05623317 -1.762897 1.6697277 1.4624776 -1.6350263 -2.5147471 -1.6230478
quicksilver 1.6741258 0.23729461 0.46895576 -3.501172 0.21722224 -2.7133915 4.652729 0.531282 -2.9535654 -1.9013476 4.329168 0.44375804 4.347397 -0.97319114 -2.5191922 2.6978774 -1.8970524 -1.2733248 -0.6962505 2.1890476
arcane 1.9535681 -1.6023715 1.5554799 -1.5810977 -0.5045928 1.0700458 5.9017315 2.0609968 1.8668289 -1.0804147 0.72727305 4.1850934 2.803673 -0.28512424 -3.4699242 6.0016336 1.4021617 2.7750793 -0.87072283 -0.2126483
midas 0.112832084 -0.94170165 -0.17916107 -4.7621017 -1.1417724 -1.4459559 2.1464708 1.9079275 -0.4563227 1.5664372 1.7704742 4.06972 2.2588027 -0.045041453 -1.913475 1.2418914 0.11102891 0.9053556 -2.0674684 -0.19802573
styx 2.1084454 -0.62813634 0.046807583 -1.9711158 2.3229156 -2.3881304 3.0393376 0.5831574 -2.4743724 -0.9645586 5.1601295 0.5161497 5.4391675 -2.7227316 -4.727423 -1.0780188 -0.9800209 1.5486314 -1.9898884 -0.86100817
vixen -0.8625219 -1.307228 -0.920473 -5.4102335 0.8472502 -2.1164894 4.2983828 2.9440892 -1.3930912 -0.19838196 3.8161876 -0.093942694 3.6557133 -2.5819285 -1.5458854 0.7430534 0.07291232 -2.466376 0.3091508 -1.4159564
uncharted 3.1194088 -1.4960234 -3.6248865 -3.3565526 -0.637336 -1.5323015 1.8459991 -1.7172056 -0.50314176 0.3545363 3.6959388 -0.23172486 1.7730238 -3.215536 -9.280775 1.3540245 -0.43306178 -2.3464384 0.06920945 -0.816673
monolith 4.9079337 2.8603327 0.72275394 -1.4929574 -2.7450035 -0.0013288495 3.621034 2.573544 -1.7751225 2.6817846 2.8926258 2.4545293 4.7677164 0.28653246 -3.6171148 -1.3705226 -0.31696266 1.5742576 0.17779814 -2.2197576
snowball 0.45262334 2.3109195 -0.34328297 -2.809035 -0.05562196 -1.8974859 1.9855609 -0.110000625 -1.0373099 -0.50079834 3.593679 0.5832118 0.8768342 -2.0417223 -2.5021803 2.6163943 1.3628079 -0.089338824 0.5609849 -1.6272868
valhalla 2.3694675 1.1862656 -2.1518521 -0.8376845 -0.49887064 -1.0581185 3.0437233 1.2030189 -3.135036 -2.7631214 4.2240553 1.8616885 4.367346 0.35866684 -2.5591547 0.5029655 3.470223 1.1248776 -4.2052526 0.19639996
watchmen 1.757286 0.08970595 -1.7414031 0.015026633 -1.4811616 -2.8113983 7.0048647 3.9735072 -0.81485623 -3.0452774 0.31055978 -0.52571636 1.0624552 0.46633193 -1.5519485 1.5946467 -1.4910758 -1.2647275 -0.092775814 -1.7396246
ferret 0.76462436 -1.466846 -1.9469094 -3.710293 1.8813906 -2.4122713 3.7105498 -1.2688888 -0.31343153 -0.002739047 3.527169 -0.05053144 1.1372862 -1.4383734 -0.2394142 0.7198329 -2.0161192 -1.4128418 0.78034616 0.12947688
exorcist -1.2004781 -1.1496322 2.2971888 -1.8595546 -0.40498203 0.86372995 6.350202 5.5065823 1.3969653 -1.1408573 0.8946769 -0.62063867 2.8570855 -0.76669633 -1.7945173 0.51919794 1.4900964 0.3962211 -2.8921988 -1.2926497
steed -3.7522528 -1.0144721 -0.64593774 -0.5053866 2.5525804 -1.280299 5.9267597 2.2222333 -2.1680176 -1.0036815 3.8839262 1.3720067 2.7806714 0.7717728 -0.67870617 2.1526937 1.039896 -0.17294556 -0.37963596 -2.4324305
pippin -0.9722238 0.53387445 -0.33269417 -2.3045619 0.7902488 -0.45477954 1.6172438 3.7884672 -1.8658851 -2.3453188 5.2247157 2.146523 3.1205442 2.2478652 -1.0528989 0.6576061 -0.2511493 0.5848013 -2.7721972 -4.8144145
draco 2.462512 -2.7924848 1.1295398 -2.6131825 1.7474267 -0.9556515 6.490001 -0.46149108 -0.53392273 2.0252345 3.1447234 2.151341 4.0426097 -1.6901853 -0.2321105 2.3494163 2.222589 -0.6191612 -3.6337967 -0.8798587
faraway 1.9471397 -1.6357725 -3.8716106 -2.9613287 0.3156703 3.1807475 1.8715429 -1.9343784 -1.2700528 -2.4002554 3.6845818 0.5394563 0.3893531 0.17876637 -5.929532 0.26648957 1.8229967 0.7695625 -2.1383567 -0.8858938
momo -0.044059113 -3.9840808 -0.71459115 -6.7799344 1.9539702 1.4036225 3.575779 3.1182027 -3.1338842 0.6614677 1.9302323 0.48474538 -0.4513522 -1.6122075 0.7320088 -2.596378 1.0266527 2.1642454 -0.6008238 0.7764772
incognito 0.40790978 -0.85857564 -1.0398232 -3.433967 1.4628853 -0.85147315 2.9148557 2.6046782 -0.71737677 -3.4460118 3.8510697 -0.4071258 -0.1578123 0.42015228 -0.38526174 -0.76616716 1.1385566 0.99507725 -2.2485104 1.2059081
fabled 1.4329638 -0.03215528 -3.6063013 -2.2088501 0.10294657 1.2108939 2.8819337 0.35560212 -1.3081584 -0.008083469 4.3698297 0.43347314 3.4319146 -0.29162386 -4.1344914 2.6576989 1.1224322 0.23377566 -3.4257717 -2.0480914
indestructible 2.7976809 0.12257885 2.3683019 -4.574616 0.05549251 -1.4049879 4.952018 0.7591626 -0.1456224 0.5960752 3.1168237 1.0493661 3.4056745 0.60265815 -4.232036 2.9721696 0.18594706 3.5602288 1.430215 -0.6790141
sensei -1.4895986 -6.2987432 0.8455155 -3.7495635 5.0969963 1.9519513 4.7924776 4.0180383 -0.9395443 -1.301586 3.0334117 -0.20040154 1.8575655 -4.1017404 2.2108722 1.0625887 4.8477583 0.7387167 -0.33064646 5.60968
vagabond -1.5296535 -1.2290171 -1.5194682 -4.115526 1.1855235 1.4572148 3.306657 1.8189158 0.6151704 -3.6134741 3.375437 0.30542213 2.6691372 -0.5346081 -2.240977 -0.57157665 -0.58518326 0.4514891 -1.208509 -2.1241438
watcher -0.11336949 -0.85069245 -1.2830255 -0.63120955 1.2585795 -1.147949 6.9383187 2.2118223 -0.95217913 -1.7255114 2.912112 0.63341707 1.4226437 -3.017186 -3.5758624 3.1171901 2.1813364 -0.25813773 -2.1919253 -0.07234889
harbinger 1.8122023 -0.5440996 0.21110262 -0.94582134 -0.48297507 -0.14607953 1.4147036 3.1393442 1.7796261 -0.3509121 2.332186 0.11762749 1.4867259 -1.400627 -3.8920443 3.0126846 -0.95005 -0.265279 -0.08339109 0.6341407
sinbad -2.5206919 -0.64061624 -3.425571 -5.1586785 0.25530085 0.3559253 6.118037 2.481703 -0.11042395 0.24839687 4.280362 -1.0803065 2.919081 -2.0909314 -2.4706244 -1.5934846 3.1291575 -2.4825935 -1.3523996 -1.8217413
faceless 1.8416026 -1.5959687 0.19102223 -2.3310187 1.843983 0.15954132 6.2037106 2.9984448 0.027267046 -1.622311 1.6003363 -0.802498 1.7865916 -1.6775159 -3.3188407 2.3051412 -1.4578266 4.2434726 -0.15464254 -2.2620754
dueling 2.1084554 -1.0377638 -0.7561916 -0.75136685 1.4533483 -0.5971693 3.656612 1.5952004 0.81547844 -1.4360427 0.7347172 -0.9851016 2.0633104 -0.41243446 0.29634646 4.1692944 -0.17503794 2.1015766 1.7469138 -2.1932218
neverending 1.5974694 -1.4537185 1.0271227 -3.67135 -1.158374 1.6703459 3.042593 1.8294654 -0.8737739 -1.6928725 0.7787945 -1.2802684 0.9731347 -1.0142106 -6.403357 2.1965723 1.8423898 1.4580574 0.6770511 -1.0714227
yeti 1.1433959 -1.551662 -1.6770262 -4.8925705 0.48654902 0.54509366 6.558721 0.912517 -1.8055456 0.3436437 3.1245558 1.7798853 1.3441848 -2.9817653 -2.850876 0.46474496 1.4429824 -0.80705935 -0.86835295 -0.023924664
shogun 0.15211585 -6.49026 -1.3567092 -6.146244 1.1872689 -0.9580437 3.4102976 4.634966 0.67564535 0.81947625 2.8473668 0.19220585 -0.08344304 5.0369987 -1.8512257 0.06328939 1.2211449 0.091676995 -0.015586411 0.04251338
kronos 3.3068821 -1.9295316 2.7892406 -3.1777825 0.21807753 -0.012193904 1.9037267 2.8270676 -1.4589186 -2.3645926 2.3435857 0.5047628 5.9617743 -0.93838364 0.69546735 0.21461272 -0.35090953 -0.18749662 -1.1123332 1.5341513
mew -1.264537 -2.923994 -2.0580897 -5.5669374 0.8727752 -2.30216 2.45497 3.4370573 -2.9427245 0.7174072 2.6833553 3.4923332 4.740737 -1.5286492 -1.1340625 -1.0159229 1.6336647 0.6427702 -0.619753 -1.191689
unicorns 2.2639432 0.023564413 -2.5694366 -3.3333688 1.8805319 -1.7817224 1.0914177 0.71560216 -0.17077224 0.5974152 4.3913994 1.3829185 3.4482248 -0.6461673 -0.24601649 1.6467729 1.2479608 2.5199544 0.2535089 -2.7926304
mishima -0.20513286 -6.811321 -0.9103351 -7.534769 1.5981766 3.7187147 3.8531785 3.9805946 -0.1418782 1.058491 3.4218187 0.045980502 1.2262174 -0.16074789 -0.7648807 -0.9104366 0.75187397 -1.8801553 -0.8071264 4.569228
errant -0.6262569 -0.9263102 1.4309695 -1.2817518 2.1643088 -2.2423396 3.873342 -0.19808333 -1.7768297 0.19082634 2.5257978 -2.153909 0.74488485 -0.18184096 -0.7201134 3.956519 2.447435 -0.6722001 0.39936626 -2.019262
brazen -2.167216 0.17034782 -0.6474916 -0.93877447 0.99186665 -0.47973752 5.3791294 2.2119591 0.03367537 0.21707067 1.6659485 -1.1329416 1.8101754 1.1785042 -3.1785734 2.736722 -0.99766016 2.9661582 0.3949624 -2.1355045
tangle 1.3265717 0.9975987 1.1387922 -1.0989417 0.54049295 0.2006073 3.4535263 -0.91362745 -2.616728 0.5694288 1.865123 0.19373624 0.1649074 -1.9905736 -2.8255768 2.4174497 0.67149544 0.740942 1.6408465 -3.789788
xanadu 1.4169358 1.39922 0.25321528 -4.1965966 -2.6665494 0.76097375 2.4152668 3.1268733 -2.2737105 -1.4662861 2.5964897 1.7696344 3.2542346 -1.4515535 -3.1521547 -0.37222734 -0.022106938 -0.52335835 -2.536382 -1.0953536
disembodied 1.0685161 -1.0528544 2.5269861 1.4009677 2.1709116 1.6738502 7.784863 1.4577497 -1.4116294 -2.1053317 1.0371791 -0.12453904 3.3317475 -3.2977452 -3.2124496 2.7401881 2.067979 3.1483116 -0.07351751 0.30085033
ronin 1.6891733 -2.2534292 -1.1320342 -4.191286 0.9933563 -2.3677986 5.2896748 4.9332294 -0.24596515 0.3225107 2.7771106 0.2631509 2.9979162 -2.5516121 -0.6403408 0.64994264 -1.447245 -0.1370004 -1.2174027 0.08708913
titania -0.62548095 0.2530138 1.5372332 -3.6756887 0.18021028 1.1691239 5.006553 1.0916975 -1.783771 0.97240895 4.8884845 -0.16360712 4.5470223 0.40674147 -3.0357106 0.5607263 3.0908573 -0.9825429 -1.4959567 -0.60174227
mists 0.5955053 2.017254 0.017358886 -1.6742785 -0.7806301 0.15688764 4.463146 0.061368607 -0.1377016 1.3518122 4.640421 0.62104946 3.1872241 -1.4687394 -7.7917433 -0.43545127 2.4187005 0.12420898 -0.102216646 -0.3661378
daedalus 1.4711221 -1.520301 0.07269381 -2.7729611 -1.5670954 0.7013822 5.4211435 1.0500848 -0.5075815 0.78752255 3.3523123 2.0457585 6.6294155 1.0572854 -1.6359992 2.8708792 1.6301252 -3.791223 -1.6605501 2.0544274
bedlam -0.048928596 1.8826491 -0.30346626 -0.95196366 -0.79099673 -1.3967614 3.0097213 2.8823464 -0.6963246 -2.3401482 1.7061653 -1.9037088 3.124026 -1.2522266 -2.767209 0.75803363 0.68391836 0.6948918 -0.43087363 -2.0561464
geniuses 1.8658487 -0.3236142 0.5196518 -3.4662144 1.0493066 1.9799111 3.6407704 3.2212687 3.3531854 -0.60676503 2.5921016 0.28339717 0.4262313 -2.4905474 -0.21319473 3.9785376 1.5384971 1.8724085 -0.7510163 -0.812214
manipulator 0.43169284 -2.9982982 2.2514439 -2.0843694 0.675007 1.1479149 6.1756196 2.0048857 -3.6536448 0.3303808 0.42089373 2.2971957 1.9501623 -1.928213 -0.8018419 4.227865 -0.565421 -0.48201373 3.6176627 2.2505517
castaways 0.6936119 0.41823626 -3.8098364 -3.552057 0.9150549 -1.8893423 5.0060377 0.2034002 0.4578369 -2.7942061 4.865358 -1.3851774 -0.9921814 -0.2300914 -1.5246955 0.008845884 1.2923634 -1.9063549 -1.0796957 -1.5215653
slingshot 1.5845118 -0.6860738 -0.11808099 -4.3483753 0.44602057 -2.469596 4.47389 1.1185391 -3.9719124 0.16766202 2.6586795 1.1673739 2.96127 -1.7451406 -0.61357504 1.9685667 1.1349567 -0.13334987 3.5726745 0.7610551
apollos 1.9662592 0.99527854 0.039805207 -1.0558661 0.16195288 0.12958708 3.5601325 1.869607 -1.0417644 -0.7200992 3.0684056 -1.162605 3.9342082 -0.38765416 -0.3721368 2.6142669 1.7348398 0.8941301 -2.6424282 1.4961723
archenemy -0.60903823 -3.019519 0.70259786 -2.471025 2.789644 0.6920434 5.317194 4.0537276 -1.5633024 1.6570747 3.6381695 -2.4580026 1.9099637 -0.6900525 -2.085253 4.0268426 -0.7798583 0.53385085 -2.293324 -1.454735
proto 3.2371137 -4.764038 1.6595447 -2.5555224 1.2313639 -0.3981924 0.67330366 1.8518252 -0.21572511 1.6776346 1.8253808 3.6105273 2.8250735 -1.1948607 -1.23206 -0.66769713 -1.5809311 -0.6611138 0.27132034 -0.93559295
aeon 3.1519709 -1.1426469 0.5850528 -2.2675295 -1.4948455 0.035293397 1.0530839 3.3902414 -1.8807387 1.3732133 0.92149293 3.981734 2.1926155 -0.8188268 -2.410172 -1.6728041 0.74322325 2.52314 -2.0616977 2.7230134
moonstone 0.15483531 1.147586 -0.0059407456 -3.0106702 -0.49549684 -1.8013462 6.137535 2.0023324 -1.129692 -0.5733789 4.018917 0.5869745 4.4685235 -0.5077322 -2.1425555 2.2094276 0.12787947 -0.97475934 -1.8653815 -0.9888802
conjuring -0.66146076 0.2505402 1.1202996 -3.8476748 -1.4591814 2.8960872 4.5426297 3.0374649 -0.190991 -1.129168 0.42450228 1.0386436 3.4315863 -1.6651291 -3.3684866 2.3031938 1.4161905 2.6775942 0.08673801 -1.1371679
nighthawk 1.8781804 -2.530374 -0.79464704 -0.49500746 2.301133 -4.08173 4.863948 0.5524238 -0.046204686 0.5726125 3.3149173 1.4225891 4.451218 -2.7567723 0.21231733 2.7809918 -1.9863532 -2.8903422 0.92616314 0.6648976
centipede 1.774828 -0.20564353 1.3427352 -3.8384023 0.96258897 -1.9224241 6.1020203 -0.44014135 0.54387474 2.033385 2.3934078 2.033263 2.1099842 -4.338173 -1.4388852 0.95525825 -0.5339705 0.3614577 0.8489174 0.19819762
fixer -1.1561209 -0.2940088 1.263443 -3.1581345 1.109451 -1.2343102 4.36978 3.442812 -1.4987099 -0.054861084 2.8520772 -0.42716762 -0.00596297 -1.2341119 0.015375095 2.1220565 -2.5705006 -1.0240912 0.5407067 0.7273145
marvell -0.46416077 -1.4252273 2.1372688 -1.1741767 0.49428317 -1.3708072 3.3910604 1.9298586 -2.5797567 -0.7297673 2.4996142 2.228608 2.196059 -1.1246597 -0.52153975 3.9246848 -1.4982021 -2.1314242 -2.897067 1.5698948
gargoyle 1.9668711 0.6010079 -1.2156237 -0.38252985 0.26095396 0.03306203 6.473998 2.4234755 -1.2978349 -0.4600284 1.9399921 0.7200567 4.8904386 -1.974208 -0.78621656 2.887294 0.41210487 1.461866 -1.6419904 -2.494775
diabolical 0.6108569 -1.3484545 2.3206682 -2.737196 0.08082243 0.9943639 4.734941 3.290091 0.43035164 0.41602135 1.2206355 -0.7559286 1.7671432 -0.21322337 -4.414274 3.5190978 -0.0843199 2.4918628 -1.5294352 -1.2708791
elysium 2.876404 0.7767404 1.3868945 -2.1626549 -1.8375213 1.4437144 2.3521523 1.1429915 -1.6833215 0.75706226 2.5776286 0.6004295 3.9673681 -2.238721 -4.706027 -0.7527317 1.6859926 -0.030608863 -2.9627311 0.41468954
kraken 1.8200517 -0.6363629 0.07889129 -4.289745 -0.12749708 -3.0534446 5.692307 0.41041753 -1.2454951 1.9616638 3.9323437 1.0252752 2.4583883 -0.7613479 -3.2767868 1.4748508 0.47142747 -1.0333061 -2.6527297 0.6086619
endymion -2.6489775 -1.0489265 -0.3968879 -1.6508664 -0.24184808 0.04600722 4.4001164 1.6258677 0.7127387 0.0852807 3.7023184 0.27150258 4.2624474 3.2749717 -2.835935 -0.51818496 3.4470549 -1.8985372 -1.4624114 -0.35602817
bloodhound -0.27850476 -1.7008361 -2.3959465 -3.1180334 0.8895633 -2.7158186 4.441562 0.7299846 -1.0212934 -0.7126933 1.9710054 0.06940789 2.4493484 -0.68699384 -0.30255082 0.2869488 -2.7101774 -1.9511828 2.4608479 -1.0025927
reapers 2.4808445 -0.5249511 -0.7288221 -2.8801405 1.7370844 -0.8688156 5.734104 0.85901654 -0.47741935 -0.4301867 4.8733587 -1.3888521 1.918062 0.14774889 -1.6517329 2.6563363 -0.2816343 -0.32980075 1.5534241 0.98400146
lorelei -1.3748592 -0.011310885 0.14014953 -2.1806133 1.7409639 0.8879412 4.3593755 1.8411952 -3.2211173 -2.5822043 3.9051592 -0.62760365 2.7185724 -2.0668814 -1.7126999 0.09881524 1.1808549 0.5898733 -2.7912447 -0.5407898
resurrecting 1.3476707 -1.1271487 0.41344953 -2.857353 0.22784702 0.87764966 1.8539993 2.058395 -0.53224283 -1.0959532 1.8918986 -1.8436481 1.9776145 -0.09759664 -2.905698 4.2365894 -1.1449524 1.2145302 -0.5929723 -0.5412789
pandemonium 2.9572334 0.7556988 0.85910237 -1.2195957 0.056568008 -1.1177979 3.1953096 3.5096004 -0.64555675 -1.2227634 2.6133401 -2.2688894 2.3503609 -0.7417594 -3.6899087 -0.23601593 1.5590249 2.2446725 -0.14902894 -0.84993005
charade -1.0204074 -0.78642446 1.9562322 -3.7353473 0.02690208 -0.53622186 2.415608 4.895202 -2.1149986 -1.5557653 3.0619586 0.3564337 -2.040618 1.8889385 -2.329304 1.5335574 2.5126202 0.2962974 -0.095355876 -1.6307666
ghoul 0.87081856 -0.79951876 -0.80610067 -3.4065254 1.1175635 -0.00052449974 6.348061 2.835864 -1.5047451 -1.8097198 2.6927612 -0.052186858 2.6192122 -3.7844756 -2.4279613 -0.99252695 1.3058753 1.2152808 -1.1071975 -0.31927273
argonaut 1.2986965 0.0045300294 -2.7471142 -1.5312797 -1.3942986 -2.9852579 0.9482173 0.07062834 -0.24529162 0.3883567 2.4537432 0.8047319 3.5029805 -0.9212585 0.32440007 2.0184789 0.051689953 -4.254131 -1.1534734 1.155008
imposter -2.0075097 -1.0299823 2.1524408 -2.6615615 1.6931809 -0.70677334 6.581518 2.4240775 -0.97588813 -0.69629973 3.3236094 -1.3250209 -0.68131506 0.12180806 -2.3645313 2.7438068 -0.050437782 -0.13572259 -2.8756902 -1.5731044
earthbound 3.5447776 -0.66256523 1.8611809 -3.2662635 -1.0492043 -0.038029417 2.5539296 2.1687195 0.80344605 -0.9266937 1.3719751 1.054456 2.2209864 -3.2580476 -4.2082005 2.0837216 0.24708231 0.3859004 0.45444992 -0.3622439
quicksand 0.411527 2.747841 1.680522 -3.0549335 0.48204258 -1.3025886 2.9571447 -1.3018708 -2.791963 -0.2622013 5.2073474 -1.2340041 1.443701 -1.9530652 -4.8556905 -0.6389232 -0.5615939 -0.77448714 1.2486929 -1.5194973
scylla 0.18144163 -1.3645483 0.12318823 -3.9627552 -0.026362918 -1.4856619 5.7998214 -0.9848554 -2.3671935 1.34532 4.2452016 0.6557643 2.8833752 0.8749314 -3.4263194 1.8961965 2.4698875 -2.5358896 -2.9335444 -0.20115474
morphing 3.0111256 -1.0150577 2.523305 -2.875402 -0.15659769 0.42840594 4.2647586 1.1876407 -2.4329827 -0.78135943 0.51098144 1.9218535 3.0068173 -2.393233 -2.3654873 2.7185273 0.15025991 1.765303 3.6107967 -0.24603818
amnesiac -0.22547077 -0.37802267 2.39261 -3.2717235 1.6384348 0.65590686 6.597911 1.71286 -1.5484111 -1.5934948 4.1954327 -1.662498 0.8939474 -3.0986254 -2.2928474 1.4062675 2.359394 -1.4334501 -2.1977255 -0.52843475
bravest -0.29388776 -3.441991 -4.1039352 -1.6440128 2.8731744 -0.23079965 3.8475077 2.006119 4.302758 0.10552429 2.481017 -0.81986636 1.0204306 -0.70991325 -2.4255533 3.413576 1.5692282 2.1331751 -1.4806876 -3.3512762
sasquatch 1.9078602 1.2220535 -2.2477312 -2.9295502 0.015886761 -1.77923 5.078346 1.3926835 -2.443935 -1.3490416 3.4031754 1.2340353 1.7035278 -4.3890557 -3.4204478 0.7004608 0.8613176 1.0063316 -2.361356 0.3043873
untamed 0.64759046 1.1954529 -3.0628214 -2.3154593 -0.21084377 2.0986228 2.5240538 1.7058271 0.48916063 1.0773815 2.6977777 0.5306432 0.9735964 -4.592319 -4.9554143 1.1725373 0.32678246 1.1898654 -0.18612206 -3.0924723
morpheus 2.4969578 -1.2452979 2.115593 -3.2618525 -0.53295857 -0.44091836 5.758397 2.66106 -3.4826562 -0.7739471 2.3795257 1.2670965 2.3134627 -0.27702957 -2.2685733 2.1768463 1.0392938 0.06961469 -1.8074864 2.3941371
simian 3.24601 -1.730775 1.3865601 -3.7495434 1.6387517 -1.388485 4.338516 -0.39555982 -0.9861338 0.023185551 2.0152793 1.8217629 2.7703764 -5.509805 -1.0664508 0.115916476 -2.7257347 0.6282925 -0.3634653 0.83036697
voyagers 2.197903 -0.56356436 -3.121154 -1.2692709 -0.17352363 -1.076771 2.267392 -0.89583915 0.46696362 -0.20225677 3.6483662 1.6500323 1.5502142 -1.0316322 -2.2915184 0.50428087 2.0109477 -3.2047284 0.65849435 0.7521638
cloaked 1.0762223 -1.452305 -0.3750994 -1.1562157 1.193148 1.724825 6.1244464 0.17501894 -1.3813508 0.5971196 1.1047071 -0.7847436 2.324497 -0.41059735 -3.4238825 2.8755794 0.72841215 3.0306935 0.4656038 -2.1494482
grendel 0.49074405 -2.8965752 1.8252391 -3.789896 1.5245221 -1.0147152 5.812228 1.5995665 0.09128507 0.9307134 3.2730153 0.6564882 3.1440835 -0.22179416 -2.5455797 1.0262724 -0.085325696 -0.19019581 -1.4667943 -2.1130745
basilisk 0.5360706 -1.6454152 -0.36141592 -1.6846074 1.3730488 -2.2388177 6.6835995 -0.3899235 -0.96014255 2.7094994 3.9130404 0.76937556 3.7519808 1.1054908 -2.1979194 0.60548645 0.2109368 -0.866389 -2.0210676 -0.24945079
magics 2.0292602 1.1261483 0.17748728 -2.3900242 -0.3348468 -0.894798 2.6155605 2.7652068 0.19420238 0.15706815 1.7411433 0.62980247 1.838698 -2.0895042 -0.6741598 2.338596 0.9616068 1.739431 1.0280129 0.03192386
paladins 3.2060912 -1.5401686 -0.9720678 0.6871167 1.5927718 -0.13387196 3.064547 2.764257 1.2631893 1.4767932 1.4420189 -1.5318254 2.7040236 -0.37760952 -0.10585117 4.2759023 2.4340603 2.788485 -1.2846843 -1.3925002
shapeshifter 1.1280892 -1.2662665 1.8060303 -3.431166 2.1806605 -0.50293607 5.9971676 1.2915077 -0.9618581 -0.3115132 3.8239334 1.1582826 1.970951 -2.9578729 -1.316247 1.8839439 0.90796083 0.94750965 -2.3947222 -0.42234525
changeling -0.7332879 -0.19540814 0.39788735 -3.2262063 0.25311914 0.6146456 4.907376 2.8637562 0.4806419 -0.7071619 3.3641768 0.5116671 1.6852572 -1.1524825 -2.498016 1.3120627 1.678202 -0.34890118 -2.0189447 -2.0667753
psychics 0.74350715 -0.020529388 1.094885 -2.516794 -0.90633476 1.3431134 7.5056243 1.516755 1.665532 -2.1422515 0.31302807 0.9653729 -2.18294 -2.3898118 -1.1106672 4.2144313 -0.5324695 -0.4662313 -1.5218126 0.5773581
copperhead 0.8568575 -0.4785395 -1.3925649 0.76942265 2.159236 -3.3469567 4.4814906 0.8656149 -1.165412 1.8672291 3.0525744 -0.79792786 0.8494043 -2.963666 -2.29468 2.5648422 -3.711078 -0.9593216 -0.52891076 -2.4873488
totems 4.631378 1.095933 -2.079692 -0.059349198 1.0774415 1.4590039 4.4352293 -0.48933616 0.10254085 0.5468326 2.586837 2.1108117 0.89375347 -1.5020539 0.1811051 2.1933737 -0.7779383 3.2255101 -1.5860866 -2.1396718
atlantean 1.7395276 -3.3069236 -1.8848978 -2.8944488 0.9305013 1.7119864 4.865036 0.5814082 -0.5651228 1.8455065 3.9266984 1.6965629 2.3884685 1.860166 -2.6174512 3.428641 -0.6979748 -0.65858775 -1.5200089 -0.1651078
maelstrom 2.8301542 -0.21890958 1.3855327 -2.0701377 0.33762327 -0.16644633 3.5184028 2.7979362 -0.603344 0.727338 4.1735625 -0.16820472 2.4083297 -1.6761509 -5.326188 1.4223539 0.8739447 0.08791486 -0.082231715 -0.54317755
guile 0.63033396 -3.4774308 0.49890125 -2.2170434 2.3024378 -0.22156775 3.5440085 3.8368251 -1.2770832 1.033579 2.739875 0.45128003 0.047569603 -0.61821115 -2.1064146 4.8823066 0.992481 0.11684207 1.6984416 -1.5193512
dirge 1.9666325 -0.8553431 2.16379 -1.39049 0.9850001 -1.0656743 4.3635726 3.6873302 0.107747324 -1.3228494 2.9497843 -0.4255084 4.0898066 -0.17607307 -4.308357 -1.8307507 0.17544468 2.282611 -0.58861065 -1.3984724
stiletto 0.23039432 -0.7107413 -0.19642116 -3.0642476 1.8352344 -2.2607367 4.9013834 1.54362 -0.43636334 1.3539233 2.5340335 0.77877367 4.4953485 -1.0618857 1.2975101 1.1676962 -0.9798762 1.6184223 2.7334085 -0.22269617
wreckers 2.297779 -0.70199174 -2.0060518 -2.4634938 0.81752706 -2.1951268 3.3587124 1.8910323 -1.4105437 -1.2849267 3.8853319 -1.7138379 1.2555658 0.76709217 -1.488057 1.2397182 -1.9818294 -1.3618227 0.18967536 -0.92256546
unearth 1.0417315 1.7373866 0.3940248 -2.400978 -0.891321 1.1387506 3.715062 0.039731663 -0.8309631 -1.3840504 1.3114238 -2.6836238 1.7383552 -0.40826288 -3.876716 2.2417488 -0.27964595 2.691624 -1.3814613 1.1309128
poltergeist -1.0242406 2.045111 2.4795258 -1.6786355 -2.2329736 0.36304188 5.228617 1.929246 -0.17580412 -0.7130173 0.9611056 -1.1681372 1.1318648 -1.586131 -3.5504751 0.22428747 -0.3829003 -2.1866443 -1.5142019 -2.769649
blackbeard -2.5523827 -1.0436225 -3.5327268 -2.1460388 1.4238174 -1.6346195 5.0923915 1.9269518 -0.5884418 -0.80445445 5.0395546 -0.16465141 1.9772333 0.81020546 -2.464216 1.3362044 -1.159524 -2.3626664 -2.151744 -2.4326887
dominator 2.1128402 -1.4153081 0.99443597 -3.4621935 -0.38912526 -3.297486 1.5042212 2.0840042 -1.3669522 1.5465667 2.7320454 1.4713732 1.8130614 -0.20057586 -1.3209019 1.3799567 0.7305989 -2.2402935 2.4278789 -1.0401187
galahad -4.3943977 -1.2615805 -0.8881383 -2.0814624 0.47090364 -0.37360775 4.5664377 2.4927611 -0.48559785 -0.3440216 3.109688 1.1193738 3.3067186 2.7846417 -1.7302598 1.9887018 1.8124015 -1.4631227 -1.0898682 -3.317383
ghouls 3.5402565 -0.7992535 -0.9325303 -4.4775844 1.0301976 0.27875075 5.9084797 1.1411752 -1.8850467 -0.6135015 3.1886282 -1.0422679 2.2381673 -1.7759279 -2.5371013 0.0943382 0.48260242 2.3175468 -1.8170052 -2.4852185
invulnerability 0.30050156 -0.10579334 1.9619206 -2.6536555 0.30132785 1.4434503 5.2612734 0.18380319 -0.7468787 4.5851955 2.7584171 0.38692856 1.0405284 -0.21088274 -2.49488 5.796787 4.582401 1.1844416 2.5747654 2.585237
conjured 0.22855341 -1.0250294 0.69615394 -2.860201 -0.18002418 2.4287148 3.3488536 1.374454 -0.97944134 -0.52586293 0.34624678 -0.7186909 2.8051505 -1.0165299 -4.757132 2.5070684 0.31177667 3.9195106 -0.4499989 -1.254531
pique -0.723819 -1.6462294 0.9200702 -2.5619926 0.31776035 1.3917593 1.8984334 1.7489903 -0.54098934 -1.4555448 2.3578253 0.04489312 1.4330312 1.5731822 -0.5887489 2.0104134 2.3836787 -0.8748457 -0.6343109 -1.2105362
dreamworld 2.628921 2.294824 -3.7779481 -3.2724519 -3.3194811 -1.4610381 2.475229 3.2239652 -3.4258065 -1.0994246 2.04947 1.0661706 0.8244227 -0.48549065 -3.204914 -1.9410797 1.9553243 0.15185931 -0.3474832 -0.409933
krewe 4.33564 0.74237466 -4.508728 -0.39277014 0.10762762 -0.5593492 3.3048317 4.005346 -1.6324497 -0.3837784 2.4504895 0.093230955 4.0998077 -0.9506918 0.5790275 -0.23323263 -0.10465433 4.4888034 -5.2696867 -0.076112695
ragnarok 4.3831444 -2.244784 0.9539758 -4.4933476 -1.0604733 -1.5687817 3.983392 2.8237567 0.24570341 0.8590462 1.9060876 0.32682794 3.4641209 -1.4285493 -4.0500426 1.8049124 0.9125362 0.4518185 -2.1004548 1.129036
valkyries 1.0100766 -2.5025578 -0.0060351747 -2.316638 2.0682364 -0.18766731 4.000962 1.9020022 -0.910158 -1.0251501 3.2289937 1.1131619 3.977938 0.29069486 -0.7807815 0.8063731 3.839434 1.484061 -0.8744187 -0.88152266
warlocks 2.8387265 -0.13640527 -0.15281324 -3.1788409 2.1008382 -0.15892357 5.093973 1.5534742 -0.9206646 -0.759163 4.316075 -0.7178348 2.7604663 -0.90742713 -1.1229197 1.8326491 -0.35524058 3.301945 -2.0029173 -0.5675707
katsura -0.4022323 -4.666459 -1.0767802 -3.4533231 1.5007704 2.0447803 1.113757 3.6936262 -0.2271841 1.2586104 2.1866105 -0.18774256 1.8481126 0.7955823 0.184113 -2.3889349 0.8223287 -0.4330682 0.11784289 1.7885401
mockingly -1.1681447 -1.3045386 0.98720485 0.08915071 2.419645 -0.9888392 4.1562223 3.195574 -0.6784775 -2.0127635 1.8821352 0.7369586 -0.919697 -0.048601847 -2.2974868 1.5922678 0.08476652 2.982952 -1.4007035 -2.007366
hellish 1.2460912 0.3841144 0.41333216 -1.5552474 0.6959813 2.2200782 4.8985457 0.2415099 0.3079035 -0.5558682 2.697179 -2.0374465 1.5306993 -1.4011742 -5.3958206 1.0365336 1.3761264 2.2327302 -0.66626394 -0.49073756
rampaging 1.7006893 -0.75759184 -1.8816864 -1.7874781 1.9193946 0.10341856 4.5079684 1.2692002 -2.4009328 0.7407213 3.7998135 -3.485688 0.9915329 -1.3083435 -4.1607127 1.8452595 -0.22187948 0.9438215 0.25873655 -1.389232
gremlins 0.45577198 -0.21158543 -0.34809503 -4.3420453 -0.7304749 -2.2704086 4.1519713 2.7634966 -0.18678886 -0.41147077 2.06172 0.7310164 1.7718979 -1.3996521 -1.9342501 2.0001113 -0.16266453 -1.8825148 2.2980244 -2.0710943
fairyland -0.31347802 1.5659915 -2.127416 -2.8867846 -0.6543298 1.934193 3.0489545 1.249612 -1.0377961 -2.3817468 3.685295 2.2153947 2.6080453 -0.18312162 -3.2255785 -0.9501639 1.6297139 1.4613931 -1.4728588 -2.130134
taskmaster -0.9015457 -1.0927392 0.8164113 -2.6019042 2.3886173 -0.69603634 5.778259 3.5907297 -0.87315595 -0.26596174 3.1373043 -2.5237403 0.91544217 -0.7116401 0.7309227 4.8804626 0.6205559 -0.05933202 0.6960236 0.22779402
saboteur -0.77016735 -1.7376455 0.5996284 -2.5186121 0.91989005 -0.75603217 5.404678 2.6161833 -0.63749206 -0.27401924 2.2969449 -1.6969929 0.7082189 0.56052196 -0.5767202 1.9637991 -1.2596521 -1.718069 0.76461524 1.325703
lemmings 3.0426397 1.0582737 -1.0160922 -3.4673889 -0.35996765 -1.3968757 2.5324779 -0.10965081 0.43764508 0.6003163 1.878945 1.5278741 -0.36237332 -4.6291356 -1.5975822 1.7364472 0.9247308 -0.11390942 1.1230899 -2.8200598
doppelganger 0.31802374 -0.9131462 2.084936 -2.676097 1.3104327 -0.27797157 5.6591625 3.011127 -2.6022632 -1.1756998 3.449711 -0.21196458 0.31517377 -1.4458328 -2.3847136 2.34722 1.9770166 -0.1347262 -1.937374 -1.1970286
faun 0.79422295 1.0896565 0.33663234 -2.7911396 -0.51519 3.4118998 4.3640327 1.5159216 -0.19098596 -1.3369274 3.0603492 -0.0126876 5.8230805 0.5005366 -0.1350363 -1.8665149 1.3650178 0.68002427 -1.8152157 -1.9400413
alphas 2.6483755 -1.4098338 1.0143946 -1.1405339 0.55769575 -2.1548471 3.3644078 0.64742166 -0.76918304 -0.28742766 0.088318504 0.8276532 0.35414696 -2.7163613 0.13572854 2.832773 0.8419154 0.59227324 -0.41347227 1.6760113
pyro 2.0905144 -0.12027204 0.46254304 -3.6377506 0.16789244 -2.092665 3.461026 1.9474927 -2.3841655 -0.7569338 2.026803 -0.56675005 2.6733913 -2.219807 -0.022884963 1.2087466 -1.4355414 -0.23127553 0.7399 0.9556927
masterminds 1.9164077 -1.9609234 0.493331 -2.0905564 -0.02168852 -0.5330323 5.200537 3.5147512 -0.68060154 1.0112071 -0.24984926 -2.9151702 -1.1306199 -0.9870382 -1.01968 2.2105281 -0.9574906 0.36973462 -2.2665083 -0.24698538
prowl 2.626669 -1.3768525 -1.203715 -2.768295 1.3092207 -2.0803936 4.4674106 1.7252717 -2.8328977 -0.46242854 2.6516666 -2.4135144 2.0510728 -2.3343022 -2.75811 1.8726916 -0.94597536 -0.25211817 0.88019526 -0.17505305
strider 0.9320032 -1.2715045 0.2797669 -2.8356607 0.6915695 -2.0493166 3.1688926 1.5175219 -2.0099926 1.3438312 1.9318681 1.3697431 2.794614 -2.0376213 -0.20330627 1.6324166 0.6086812 -0.23835865 -0.060182158 -0.91515917
sentience 3.4302433 0.33236754 3.1494067 -1.3806905 0.40694043 2.050837 3.7243114 0.49821275 1.0345283 1.0261987 3.9068046 2.5145571 -0.93021065 -1.6775935 -2.5946448 4.8577228 2.2648802 0.3011005 -0.22851154 2.1601043
nuke 1.2752764 -1.0056118 1.6529036 -3.8965747 -0.22581734 -2.886094 4.888287 1.1803902 -2.759109 0.09616237 1.3369743 0.16089985 1.3419238 -1.5152143 -1.6271563 1.1111279 0.5882343 -0.5801499 0.3795393 2.606177
lightyear 1.1892558 -2.3787534 -0.7068167 -3.5707078 -0.21908711 -3.9547212 3.8347821 0.22880723 -4.2776017 -0.7714059 0.055355653 2.3253736 1.8014421 -4.446797 -2.599754 0.8766094 2.5330777 -1.011067 1.0264397 -0.14804421
melange 2.00517 0.9688531 1.4131653 -4.458303 -0.5181405 2.4585903 2.5552123 0.18705882 0.3124619 1.2140601 3.3706636 2.898771 1.0207123 -0.6140816 -2.813085 0.09211724 -1.044558 1.6282905 1.2853926 0.06531478
heyerdahl -1.0959022 -2.311013 0.9917617 -2.8451567 0.9263778 1.7893986 3.5988884 0.12167653 1.2470299 0.93321663 4.7105827 2.0307093 4.002914 1.0528281 -0.3826117 -0.9043515 -1.2112408 -3.2928998 -2.219722 2.1298006
eldritch 0.75082904 1.4636735 2.858568 -1.9400543 -0.5423357 -1.2131593 3.0882404 2.465701 0.19832355 -2.680941 2.3987517 1.0153123 4.396855 -0.77831477 -1.8280852 1.3218458 -0.80065066 1.36379 -2.0864954 0.05506087
swashbuckling -0.689448 -2.4517717 -1.5550141 -2.7423878 -0.60883725 3.1739385 3.5081034 4.5018854 1.1656817 1.0293884 1.0750415 1.345268 2.6888165 -1.9282781 -2.833346 1.8674275 0.7401709 -1.5130271 1.4216546 -4.7331223
telemachus -1.7339071 -1.0067129 -0.49158671 -2.1357021 0.884182 1.0042381 5.078329 -0.4335603 1.1376394 -0.007380828 4.0263524 -0.4594676 2.2350404 1.8383474 -1.2106327 1.1285444 2.863849 -1.6771111 -3.723412 -0.89524347
stowaway -2.1648197 -0.8411816 -1.9571631 -3.5754254 0.9793019 -1.5418898 4.622836 -1.0564957 -1.7039677 -0.96393204 3.4159462 -0.36227414 1.4317456 0.0839233 -0.9806967 0.24435487 0.82666695 -2.316979 -0.5411075 0.7035342
dishonored 0.063507035 -0.8134859 1.0691687 -3.1376476 0.07253439 -0.41504043 3.2537587 2.5588672 0.9117777 -0.23314688 1.7513815 -0.8995393 -0.76174444 0.9402348 -2.3083427 3.0236773 0.44703084 1.4407674 -1.936481 -0.81100845
villainy 0.21346208 -0.37140363 1.2234112 -1.7918342 0.770071 1.5472019 4.0492325 3.5240693 0.47704822 -0.12747224 2.84607 -0.20014395 -0.2930509 -0.8305892 -3.2807198 3.6318367 0.06281581 0.78868914 0.2672728 -2.203427
manticore 2.4622526 -1.2731162 -0.25714886 -1.9077483 0.6465305 -1.6417766 4.596112 0.51763874 -1.0546815 0.84467775 3.748423 -0.3742214 2.3749142 -0.1962853 -3.5725555 2.464047 -0.09913725 -0.68444747 -2.0881708 1.5685606
crawlers 3.134295 0.06356454 0.58485913 -4.0892086 -0.7545393 -1.4034587 5.890413 -1.0715904 -2.322997 -1.0476254 1.3851465 2.2296097 0.34875506 -1.2261599 -1.5607804 0.51649183 0.16847825 0.5187583 1.8426911 -0.32373312
villainess -0.6249132 -1.2863399 0.4898454 -3.5794659 1.6968082 0.046356443 4.279265 5.0123916 -0.834952 0.30233425 3.3163135 -0.7854395 0.016680581 -3.39385 -0.47164527 1.1679788 0.93698335 -1.0210372 -1.259259 -2.0336187
warpath 1.5683655 -0.79589593 -1.7077165 -0.38065383 1.9349679 -1.4429629 3.9416335 2.3316586 -2.5171034 0.42490354 4.0176463 -1.6480016 1.3964593 -2.6346607 -3.3997037 1.7100724 0.22866148 -0.40697256 -0.8543272 0.16849774
bringer -0.7024625 -0.8160569 1.2453165 -1.9888539 0.4325064 1.6317233 3.8248081 1.6620727 0.87002164 0.5518837 2.5409977 -0.58126897 3.6212525 -0.43408543 -5.4201894 0.15595782 1.9224436 2.9709823 -2.1423085 1.2586584
pursuer -0.3170025 -1.2649887 1.2642918 -0.36565432 2.4289522 -1.1931487 4.000455 0.36557344 -2.0743713 0.54296076 3.792162 -1.4438761 -1.0181963 1.0296416 -1.8486502 3.330642 3.318324 -0.5054113 0.3839424 -0.4893847
arethusa -1.965928 -0.76103455 -1.967444 -0.5192562 -0.09523201 -0.33230054 2.8152766 -0.96030104 0.47056845 1.8623558 4.0775585 -0.020432917 3.7750287 3.1027377 -1.6169612 -2.1369066 2.1565669 -3.4320467 -1.4926587 -0.36033916
berserker 1.401681 -2.6191318 0.27139536 -2.6791084 2.1499698 -0.812889 5.417092 1.2938968 -0.24612175 1.4319162 2.9294543 0.1895432 2.3519464 -1.5205684 -1.9139897 1.8516662 0.59623146 0.51794463 0.07926414 -1.5549777
pinhead 0.011233691 1.7345797 0.9759152 -2.318216 0.62594724 -2.0762298 5.6983337 1.4015311 -1.6679629 -0.9918169 2.8399892 -0.07868113 2.3754275 -1.5266733 -1.4439678 0.11922806 -2.1084604 1.2575544 0.22959262 -2.4264565
telos 2.9893677 -1.7554373 1.9887011 -1.2611094 -1.4937177 0.07877551 2.3456857 1.8562248 0.18172368 -0.5919862 1.0802687 2.27449 1.9804267 -1.2821078 -3.2595642 1.2015848 -0.7558659 -1.2612771 -2.7840657 2.1364157
revenant 0.017348945 -0.89568496 0.19640744 -3.408156 -0.5586704 -0.7694995 4.141839 2.6833363 1.1548911 0.9637344 1.722912 -0.10898625 2.8459527 -1.5954033 -1.8899406 0.07920657 1.0833722 -0.6454014 -1.799336 -0.52298796
phaedra -0.35468063 0.12067894 2.0736792 -2.7967167 -0.103705786 3.2649603 3.3590682 2.4448462 0.81404936 -0.18296447 2.9075608 -0.6773276 2.2535877 -0.8160122 -2.2682767 -0.49795294 1.9255044 0.5625931 -3.7325683 -1.5194043
bluebeard -1.1857563 -0.619393 0.9012399 -2.9825392 0.19997714 2.4067545 4.4245577 3.394012 -0.33998808 -1.9873357 2.7001655 -0.21300189 2.4489098 0.85689867 -0.6151799 -0.5467597 0.54007185 -0.35463804 -2.1873412 -3.2673583
lifeforce 1.6959505 1.2905352 2.5514612 -2.4339952 0.63715935 0.64327437 3.6140397 0.3305885 -1.9414061 1.1385301 4.2969465 1.2199037 0.4500951 -1.211088 -3.6570685 2.103947 1.4071589 2.2162035 -0.3997456 2.9268034
aeolus -1.2912244 -1.535918 -0.5474332 -1.8335699 0.9176233 0.79196143 2.7931244 -1.8869685 0.66863245 1.3211024 4.5615215 1.5267032 3.8834085 2.0580506 -2.2183435 -1.0874575 1.9698988 -1.5751222 -2.4622073 -0.24479249
adventuring 3.0748653 -1.5851183 -1.9872847 -2.3097048 0.5946791 2.0476372 2.9845772 1.0237021 -0.72593343 -1.8270386 1.6465144 -0.08311273 0.45602486 -1.263615 -1.715137 3.9618635 0.45911774 1.0521759 -0.10070694 -1.6599863
hunch -1.6616791 0.4122958 2.3906348 -1.1423458 0.5387099 -1.5686902 3.9431386 1.0002356 -1.0415893 -2.2817826 1.8088657 0.20030376 -0.86268127 -1.3029641 -1.819492 2.4586563 1.2216676 -0.73996407 -0.2772439 -0.07171531
joust 2.7816558 -1.2903647 -0.4629554 -2.08115 0.21735898 -0.64658886 3.2732658 3.3531375 -0.0102274185 1.1554343 1.8420814 -1.1549312 1.9704051 2.188769 0.9104564 2.7731795 3.4286916 0.8535259 0.112576745 -2.726947
aflame 0.17957088 0.63935465 -0.17570591 -0.9793621 0.028493037 -0.23037073 4.4023957 -0.3189147 -1.7728283 -0.07562863 2.1163056 -2.51143 2.2963462 2.5322852 -2.5544777 -0.6091096 1.1732423 1.3744848 0.23470119 -0.47586912
boba 1.9051895 -4.321982 0.52308995 -5.3807945 2.0790842 0.45367944 4.5582175 3.2123895 -1.09808 0.8050772 3.2720807 -0.07864921 2.0817382 -0.98803866 -0.69302285 -0.114852466 -1.5323999 0.03127784 -1.0720252 -1.0325515
biohazard 2.591134 1.1327101 1.576351 -3.236794 -0.5229162 -2.1411064 3.4929194 1.2687168 -0.5250675 -0.22625643 1.0419979 -1.0492724 2.433608 -2.2650354 -1.3774651 -0.65434104 -1.6692091 2.067725 0.47102252 1.7554467
snatchers 0.20398605 -2.3572412 -0.64126056 -3.7389803 0.64701456 0.7337063 6.9999156 0.409321 -0.3304202 1.6036211 0.42758977 -2.978535 4.200237 -0.85367924 -4.301283 1.6155103 -1.7667303 2.5529976 -1.0028685 1.141154
vinland 0.29422143 -1.7846057 -0.892825 -0.7631922 0.651651 0.3404139 0.4993817 -2.5051782 1.9280701 -0.3362925 4.6367664 3.660629 2.7393103 1.2563472 -4.590185 -0.62978345 -1.3000883 -1.5142657 -3.5420806 -1.0824105
shapeshifters 3.1102788 -1.4217058 0.3990321 -2.710169 1.9157296 0.19573593 5.918837 0.8107573 -0.20510097 -0.23321092 3.7895098 0.9952746 1.0924528 -2.5863955 -1.8959072 2.4592907 -0.21399921 0.49556643 -1.5652784 -1.4419566
spectres 1.9630795 0.21525675 -0.10712986 -0.8476096 0.75223136 -0.6017974 2.405018 2.53879 -1.162076 0.38098636 2.3320773 -1.6829245 1.2549005 -1.3260496 -1.8525491 0.9989215 1.4133141 1.3915888 -0.07497267 -0.025295777
bestial 2.0702477 -0.36598572 1.7819089 -1.5960852 2.1935983 1.521864 4.862008 0.80468214 1.3531299 1.7660195 3.1474128 -1.1842624 1.1296641 -2.3294456 -3.8933232 2.5501323 -0.6165388 3.2419891 -0.7022631 -1.6160861
bonobo 1.4872105 -0.05501062 0.5249534 -3.0291305 1.4196914 1.7372664 2.5109613 -1.1384453 0.59865046 0.41449824 2.0313976 1.4664153 0.5748191 -5.181307 0.14077982 0.15124545 -0.56622356 0.9636395 -1.0772327 0.41245317
mescalero 4.2116485 -2.1357574 -3.090837 0.9783801 2.8945732 -1.9689802 3.4954062 -1.8456233 -2.3170474 -0.063687585 3.250848 -0.97643924 -0.18982615 -3.4261823 -1.2941664 -0.81898993 -4.5810375 -0.8110367 -2.7538636 -0.16706204
swordsmen 0.85254586 -3.8607383 -2.9334404 -1.6021354 2.854933 1.5715146 5.4400473 1.5818403 2.8253913 1.2973295 2.2093103 -1.333521 2.1375256 1.1443102 2.0317972 0.20956069 0.9776282 0.21052338 1.9236032 -2.1866531
elvish 1.3858496 -4.5966387 0.34898716 -0.56878316 1.9262303 2.216105 4.252699 -0.7918524 1.6623493 -1.1846876 1.9665906 4.1155815 2.3814585 1.2530261 -2.7024484 0.20223439 0.12042371 1.9469362 -2.443908 -2.9326217
unknowing -0.84813637 -0.20727907 1.0969095 -1.8073633 0.33856317 1.676852 4.125168 -0.3229142 -1.6103014 -1.6112045 0.54889435 0.13842613 -1.0865542 -0.70260465 -2.1069667 2.332227 0.704628 1.9039714 -1.8983995 0.13277084
mutates 1.4482619 -1.1773607 2.7507794 -3.7431602 1.841554 0.21410489 5.004292 -2.268649 -1.6445216 1.5234462 3.3648858 -0.96117353 0.8513954 -2.6760519 -3.6794794 3.0683017 -1.6486324 0.08551957 -0.0596486 0.19747251
hauntings 0.92513716 2.5723531 -0.7173356 0.01822178 -2.6759038 1.9486865 6.11266 0.22632952 0.25669983 -2.1771717 0.7180467 -1.0248677 -0.9047408 -0.6425367 -3.6447914 0.3549018 -0.6705632 -1.211892 -3.1615975 -2.81037
lockjaw -0.292019 1.5343636 2.4145246 -2.6118326 1.2375365 -2.3294156 2.054494 0.37078336 -1.8029666 0.21680978 2.9784048 -0.5972733 3.0505662 -2.8159273 -0.11986875 0.7112049 -1.0584259 1.5105209 -0.79763585 -0.6931468
ripcord 0.015154355 -0.87656814 0.9418218 -1.4868705 0.80968434 -4.0445313 2.9821568 1.4001601 -1.9496578 -0.44237524 1.4078665 0.067659415 1.6176614 -2.544871 -1.4601482 0.9542668 0.5051352 -1.0907998 1.760118 -0.008388538
maniacal -0.64248866 -1.2571139 2.0238745 -2.0284739 1.7442788 1.2329024 3.7024977 2.7209113 -0.60679567 -0.42743638 1.9483267 -0.94686884 1.1647692 -2.5140557 -3.1225863 2.0499704 0.25165814 1.6586133 0.87920356 -1.4641821
emotionless -0.80620515 -0.24172315 2.5415235 -1.6545194 1.5758713 1.5153856 5.2297006 1.342104 -0.42033932 -0.6665668 2.5373151 0.041419823 0.1365162 -1.2390199 -3.2721772 1.980825 1.3944281 1.2601212 2.056805 -1.2307326
ninjutsu 1.4760545 -5.503055 -1.0552305 -2.648995 2.9442444 4.885498 4.4916186 1.6296113 0.34431437 -0.42031053 1.8868897 1.8501803 1.8662844 -1.2558798 2.0390148 0.21809395 1.7274094 0.43746048 1.6609703 2.465724
telepaths 2.0444813 -1.3052502 0.8339406 -1.342383 1.6098504 0.73918086 6.666384 0.48333588 -0.9788964 -0.18580781 3.5992723 -0.44398808 -0.48174214 -0.87784183 -1.9676111 4.0796437 0.38063148 -0.79486257 -0.14510107 2.4553819
smasher 1.746385 -2.2597494 1.4676814 -3.0721488 1.4802929 -4.004696 3.7418296 2.4216886 -1.763859 0.9430641 2.685532 0.1254534 3.2858262 -1.99056 -2.0580425 2.5924551 -2.4401402 -0.0028254227 -0.96296906 1.0682682
atlanteans 2.1597419 -1.6234413 -2.558966 -1.8981615 0.90574294 -0.43423235 2.8566935 0.6920451 -0.18069269 1.1157984 4.076728 -0.0662088 0.8853369 2.4569411 -1.9785036 1.3455949 -0.99393976 -1.1905609 0.92845786 -0.9387276
purifiers 1.325521 0.49933028 0.56278867 -1.2206755 0.39811254 -0.4450385 4.767541 -0.6497189 -2.8094294 1.0305231 2.3155847 -0.6639115 0.830706 -0.47464976 -1.0795488 1.7976243 -0.4457346 -0.10723956 2.1438386 3.85266
solus 2.7022223 -1.3979026 3.8014193 -1.7007354 -0.18717901 -1.0042143 2.6481085 1.6460683 -2.2605512 0.78031784 1.867241 1.5035604 1.7820145 0.29062098 -2.1867268 0.9030651 0.17796186 0.66077745 -2.8650155 0.48174652
swashbuckler -1.131755 -1.3960327 -1.6854302 -3.4441428 -0.28407776 1.6729754 3.7310119 4.7700496 0.5033465 1.8420659 2.7510016 0.34172237 3.6811066 -1.5475174 -1.4098896 0.6258925 0.35781252 -2.075991 -0.034873288 -3.197831
exterminator -1.1292576 0.12479778 -0.096577354 -3.4930496 0.99801695 -1.4205222 3.849197 0.26242846 -1.3558658 0.18635863 3.0404756 0.1704743 0.6226702 -1.3126597 -0.21680264 2.1509194 -0.6494474 -1.0387433 -0.6691632 -0.7571764
lifeform 3.2513723 0.38484234 2.6158292 -2.8119812 0.83347267 1.3368436 5.4036264 -1.5816756 -0.29838195 2.1152549 4.9676285 2.2249007 0.9041345 -1.9811805 -2.4449136 2.4647412 0.27609992 -1.0216895 -0.60798943 1.4472724
caravel 1.4996105 -2.237856 -2.1151986 -2.6357186 -0.28521344 0.7356397 1.353379 -1.1684303 -0.2805758 2.842606 4.220458 0.3106387 1.9278306 2.5460765 -1.2309136 -0.90548724 0.9284957 -4.930085 -1.194776 -1.4634559
egghead 0.08221157 -1.6050569 0.39246187 -2.8320973 1.5532817 -2.7449088 3.6143663 2.2832167 -2.111606 -0.67342716 2.4288068 0.8418052 0.27056482 -1.5891237 -0.39899772 2.5604365 0.35045058 -0.4019926 -0.75319266 -1.4816823
seashell 0.6233148 1.0345846 -0.6612443 -1.3391143 0.20383386 0.8070301 4.2152147 0.0995404 -1.0675299 0.6795154 2.0099535 2.2246742 4.580947 -0.72811264 0.02645498 -0.39409524 1.3648031 2.0903244 -0.6265827 -1.6246802
zombified 1.2459642 -0.44218406 0.28346375 -2.9664328 2.1472 -0.9243209 6.814656 -0.21580696 -3.0103528 -0.36972114 3.5259027 -2.7567945 1.2099376 -2.2658896 -1.4257021 1.5980991 0.19727394 0.29000965 -1.2066746 -0.84075576
dustbin -1.5007443 1.0914589 0.5736842 -2.8908112 0.03134243 -1.0087866 4.2954946 1.324873 -0.9716157 -0.91615283 2.0253816 0.77452 1.3536307 -0.2755378 -1.4048158 -1.1409919 1.0039113 1.1978004 1.0830835 1.387395
cavemen 2.3883936 -0.13023704 -1.4763875 -2.0795164 1.0738392 0.052094158 2.9411376 0.35553238 0.24393831 -1.2727436 2.4974144 -0.5033993 0.627835 -2.861433 -1.5314902 0.13684225 -0.48383352 0.0685321 0.124885924 -2.893259
wraiths 2.7647126 -0.6646419 1.6053559 -3.0764709 1.35725 0.40503237 5.1997557 0.5278763 -1.455397 0.8200271 5.4936633 -1.2482456 0.004283487 0.4102389 -4.7470555 1.8962781 -0.02503877 0.17662926 -1.6052685 1.1039071
cultists 1.3924485 -0.7028163 0.15296519 -1.1892551 1.8303987 0.9086431 6.7431417 1.0733341 -0.83965623 -0.42661178 3.2140713 -2.0286927 -0.6560295 -0.08417983 -2.2377477 1.6085315 0.45232764 1.490564 -2.045233 -0.40418324
hesperus -1.363754 -0.7931464 -0.21537918 -0.95721745 0.5457291 -0.91817987 3.173878 -3.135613 0.34571666 0.95154625 2.3760931 1.4935646 3.4728513 -0.11978511 -2.4878013 -1.4017473 0.50026983 -1.4223099 -1.5269631 -0.18930897
batwoman 1.8136117 -0.81712687 0.9140658 -2.6583173 0.14160483 -2.3888462 5.179536 4.1466274 -0.8638724 -1.0517473 2.5452397 -0.729236 0.8339593 -2.7182047 -1.9065863 2.6259093 -0.7477882 -1.1639627 -3.096901 -1.5179802
ariels -0.41776124 0.4611716 0.6712796 -3.2064433 -0.8402811 1.0665754 2.8745852 1.072863 -1.192363 -1.2300075 1.8236387 0.36428776 1.7265866 -0.83289695 -2.9257543 1.0276539 1.8866736 0.9772381 -1.3948983 -0.3875366
meerkat 1.0560739 -0.27870145 -3.1008468 -3.0370562 -0.86879724 0.664844 3.5794654 -0.3878043 -0.8865496 -0.16020119 0.30978155 1.8474166 0.9412935 -2.6260278 -1.2841476 -0.056978192 -0.9758726 -0.47709048 -0.44635496 -2.3283527
preserver -2.2834127 -0.9277804 -0.8842382 -1.0702085 0.15295696 1.8441501 3.8102877 -0.668323 0.13711394 0.26380643 1.4968009 1.4746515 1.882424 0.79568654 -1.75761 1.4837127 1.580667 0.105568156 -1.5940259 0.98623556
superwoman 1.050584 -0.92454284 1.4532436 -3.5740132 0.55168927 -1.5058272 3.389943 2.7347028 -0.22277799 -0.15357898 1.9573392 0.19978409 1.1843182 -2.409367 -1.8786695 1.5204362 0.457511 1.152091 -2.6016536 -0.57345223
succubus 1.0024948 -0.9315656 1.2640423 -3.2569866 1.9074078 0.6240175 5.546737 1.9852501 0.03480211 0.40564832 3.2508416 -0.117019586 1.0964926 -2.7693675 -1.3713017 0.29735166 1.6993506 1.9668282 -2.7759693 -0.9795317
swordplay -0.15584995 -2.750195 -1.3040432 -1.7127298 1.1537964 4.1570954 4.30904 2.8247914 1.2352036 -0.013057259 1.3301461 0.9971007 2.1051648 0.032297947 0.21174929 2.3716404 2.3599029 0.85408646 2.5182695 -0.05450213
lurks 0.3296054 0.55814534 -0.225668 -1.2469791 0.42597026 2.3455534 5.138693 0.15448111 -2.7765715 1.1724095 1.359882 -1.4002023 1.8673222 -1.5241565 -4.4890666 0.6205134 0.67501026 3.26127 0.2316197 -2.0297759
bloodlust 0.21051966 0.32233265 1.9941738 -3.1566195 1.2844328 0.5355446 4.088799 2.4534824 -0.92469805 0.9519015 3.4164417 -1.7009143 -0.16275299 -1.7815727 -3.421381 2.0845428 1.3301136 1.9777311 0.32882357 0.42201608
ankh 1.4638654 -0.971345 0.49205065 -1.2664385 1.1664237 1.2202586 4.0650396 1.0879592 -0.67611605 1.7338376 2.5960975 2.484992 2.0113344 1.6864988 -1.0213809 0.07807727 2.6533668 3.3553224 -1.5581892 -0.86051875
fiendish 1.086817 -1.2823092 0.89449763 -2.891173 0.63923645 0.77979654 4.7915673 1.2068859 -0.015039574 0.9369619 1.7861828 -0.20164903 2.1114845 -0.24378212 -2.55161 1.5746329 -0.07098406 1.7245319 -1.7724246 -2.2619987
replicator 3.1036434 -0.29808673 3.8499377 -2.6473527 -0.734259 -1.1803485 3.6253226 -0.71825033 -2.156061 0.53162473 1.6403297 1.3710983 0.87550473 -0.4214139 -1.5287315 2.8083627 -0.1390861 -0.90471476 0.36877784 1.805737
daimon 0.21174082 -2.173976 0.274634 -2.4017136 2.2853208 1.6052163 4.848804 1.9508784 -2.5956273 0.27693325 3.9995947 0.40674353 1.7245473 -0.9390137 -1.1591856 0.5881504 1.2456758 1.0090067 -2.2989447 1.7877805
elementals 3.5289268 -0.21251242 -0.28349668 -2.446465 0.6368965 0.8775719 6.2206326 0.5023014 0.11479278 1.6876247 3.7040472 0.6995146 1.7954785 -0.29730687 -2.35628 2.3182757 0.44467443 1.5128075 -1.5597639 0.04574936
menaces 0.21505067 -0.17721802 -0.251707 -1.5628271 0.5365111 0.8380539 4.9615407 1.7398033 -0.27307883 1.4904932 1.7387182 -1.1703814 -1.055839 -0.44252068 -1.7337786 2.7666621 -0.76280856 0.79290754 -0.71358943 -0.8724109
dastardly -1.1138285 -2.0509744 -0.8873421 -2.557106 1.1646371 -0.7503277 5.220241 1.9199816 -1.1775409 -0.046133533 0.96534914 -0.9125873 -0.40155295 -0.47573137 -1.8954344 3.390448 -0.013809202 0.18320334 -0.48729813 -2.86829
gizmo 0.8237864 -0.90080625 0.6334484 -3.476762 0.043422636 -2.2859857 3.8093724 2.1091201 -2.6251442 -1.0080596 1.3552235 2.0489147 2.0222464 -1.7145222 0.3898123 1.3490547 -0.8479024 -0.034938138 0.560522 0.3922046
slaver -1.6039147 -1.2016032 -3.0150757 -1.8301744 1.3940792 -0.9491115 3.5651891 0.047040775 0.5294552 1.5419534 4.0413594 -0.4801429 0.6018998 0.8803486 -1.8670783 0.5487285 -1.5962425 -1.8151981 -1.5273359 -0.28507328
telepath -0.18896706 -1.5908017 1.5926552 -1.9315243 2.1815915 1.0615778 5.2486343 1.800434 -0.9436801 0.10753956 3.4370556 -0.6608437 0.9756792 -2.6967285 -0.5408884 3.3638902 0.71686876 -1.3449918 -1.0588431 1.7461528
necromancy 0.20969385 0.2894855 1.9908766 -0.7064908 0.18790397 3.4394042 5.56757 1.1166984 0.78450245 0.11304158 2.492415 1.2196238 1.4518056 0.7635363 -1.903468 2.422549 0.022875829 1.9095755 -1.9610281 0.92188334
supermen 2.8578856 -1.6428406 -0.051686883 -2.8461394 -0.31574175 -0.107012056 3.5368962 3.54072 2.2081742 1.7317867 2.2076287 -1.5432425 2.0909493 -0.034241438 -2.9524257 1.2711754 -0.10741323 0.11141365 -1.5194849 -1.0655149
arks 2.1779158 0.3593219 -0.41356218 -1.1509875 -1.1488241 -0.29426858 4.078529 -0.4475578 -1.8341205 -0.16700427 1.860833 0.99005985 1.2328513 0.88863784 -1.5111645 0.5184712 -0.20598352 -1.2297544 0.08274192 1.5626909
apocalypses 2.611916 -1.7964951 0.87139153 -0.9816984 1.6544472 0.79330176 4.8927937 0.35375077 0.067295134 0.46130547 2.7976527 -2.2807255 1.8915972 0.048063107 -2.0465229 2.6047864 -0.06684958 0.97082216 -1.9413724 1.1091206
unwary -0.40828747 -0.4671267 -1.7506187 -2.918375 1.050689 0.3309556 4.659683 -2.298051 -1.8811575 -0.5473636 1.7896701 -0.4311028 -1.8978255 -0.5495364 -2.8345942 3.1922162 0.32497498 0.6928868 1.2905704 -1.4228792
madmen 0.48874152 0.4284448 0.24680814 -1.6945642 0.84682775 0.49122214 3.4852016 1.6241941 1.0607015 -1.211522 1.7944248 -0.94173074 1.2593123 -0.96464014 -2.1854 -0.231671 -1.2535954 2.7614222 -1.5347921 -1.0564879
replicators 3.8728142 -1.4591013 3.3529315 -2.7318974 0.7169288 0.2941026 4.081809 -0.48326546 -1.8080325 1.116106 2.9101734 -0.24533844 0.65946394 -0.6723031 -2.033868 3.499865 -0.055179965 -0.8784948 1.1216749 1.3917081
beastly -0.5353444 -0.91972 0.15507536 -1.5414143 1.0067453 1.391489 3.9367173 1.5262071 -0.36275735 -0.33386612 1.0465779 0.3787443 0.46459135 -2.326055 -2.8491316 1.8121656 0.19698465 2.1527312 -0.7856178 -1.7488046
speedball 1.5743983 -0.7163487 0.20113614 -2.9998932 0.73173326 -1.8263149 3.2005482 1.2730299 -0.7490501 0.4394222 1.6055939 -0.059209127 1.1636426 -2.3275983 0.1632285 2.5277038 0.4080102 -0.01858397 0.8598996 -0.2554729
boogeyman -0.15072161 0.2920562 0.9949911 -2.3964071 0.98764527 -1.9915146 3.8009987 3.3161886 -0.9205231 -0.04389787 3.048789 -1.5680037 0.18418783 -1.3127252 -1.7196307 1.2004 1.3442031 0.89441216 -0.5823953 -0.7772374
snarl 1.4807775 -0.61440337 0.9303405 -1.864459 1.970426 -1.240217 4.6640663 1.9053189 -1.1468675 -0.52423143 3.2578218 -0.069773495 1.3338717 -1.7719947 -3.202184 0.8158184 -0.9879308 1.3695197 1.3378263 -1.0118222
hellion 0.80893576 0.5610679 1.3091089 -2.3582711 1.2768272 -1.1789429 2.79336 1.6579901 -1.3787265 -1.3660629 3.2970462 -2.5581675 1.3797476 -2.1755805 -2.1187298 0.725073 -0.25219277 0.62814206 -0.027453963 0.9022883
enchanter 0.02073373 -0.59455025 0.83460176 -2.1267893 0.03923963 1.122069 4.6596828 2.6330338 0.9709581 0.19449456 2.9043741 2.3170738 2.2616513 0.67869467 -1.112429 1.3617327 1.6517262 0.14895043 -2.635053 -2.7010128
ocarina 2.927982 -2.024602 1.0758477 -4.2939115 0.23339622 0.99883515 1.8556292 1.9522659 0.14606985 -0.53856635 1.8768708 1.740206 3.2387114 -0.79152083 -0.94881237 -0.53687805 2.1225357 1.4978782 1.7228407 -1.4826051
sleepwalker 0.70471984 -0.011054102 2.0405002 -2.75945 0.58282685 -0.6586824 3.2823727 2.0027573 -0.07042373 -1.0304621 2.1380315 -1.2064545 1.0948977 -1.9867346 -2.0048833 0.071545 0.77401125 0.8511345 -0.07538608 -0.67269
abaddon 1.059143 -0.56197023 1.71037 -1.3583941 0.43848872 -1.6321044 3.8105278 1.8092473 -0.09478682 -0.19560058 2.1408782 0.2049686 2.0320208 0.13490185 -2.542518 0.45739037 0.11413872 1.6523998 -3.2721744 0.196258
lethe -1.1618254 0.42539755 -0.3644929 -1.2163378 0.8196037 0.9042065 3.0914085 -0.7017189 -1.4302577 0.6023154 3.1330147 2.1369812 1.4707817 -1.8430877 -4.1399727 -0.299399 1.5304229 1.7845821 -3.1105523 -1.6063628
scarecrows 0.7107861 1.8636703 -0.79234535 -1.7161078 0.110597305 0.67328346 4.1986127 0.051632404 -1.0896771 -0.912276 2.3493788 -0.50886476 0.5902486 -0.94541585 -1.67935 0.4207783 0.8473532 1.5316577 -0.1517811 -0.84073514
stuns -1.4612274 -0.3838834 1.6425588 -2.671961 1.2982229 -0.9413346 3.663359 0.29606265 -3.4561713 0.5582546 1.2336993 -2.2126548 0.36908877 -1.164384 -1.8694377 2.4154844 1.7684405 1.7679607 0.4549606 -0.012726243
doughboy -0.17750669 1.0168068 -2.3033097 -0.7780093 0.09589937 -1.2020928 3.6176782 1.294445 -1.2513717 -0.288246 2.34118 0.9389899 3.3936512 -0.6642309 0.32128292 1.5201429 -0.37008512 0.30680105 -0.8044635 -0.86155367
earthlings 1.4464036 0.17056733 0.69117945 -2.6862419 0.6414547 0.40394962 4.043847 0.35058728 0.20998804 -0.20545785 2.9514117 -0.5243161 -0.0024327647 -1.5647193 -2.8846798 1.0261536 0.8165833 0.970567 -0.38498598 0.7562965
tiresias -0.8639484 -0.52981806 1.6675204 -0.906753 0.38329548 2.1600099 4.6386156 1.8949052 0.2462872 -0.31268206 2.0685992 -0.1747262 0.81341195 0.6899433 -1.652656 0.13066371 2.5381274 0.98785466 -2.8918397 -0.764024
soras 2.0645647 -0.44275147 -0.11231385 -1.9466331 -0.10580371 0.35904723 2.988251 -0.39834327 -0.5566978 0.42437136 1.2695037 -0.038994614 -0.98972636 -1.9376816 -2.4779267 0.62498385 1.5569854 0.19066696 -1.5260073 -0.5053363
yellowjacket 1.536958 -0.14077474 -0.7083873 -1.132347 1.7946035 -1.6270386 4.056624 -0.07971377 -0.2554525 1.3948401 3.0929468 0.2864571 2.2465017 -2.91018 0.45681897 2.869899 -0.88242584 -0.19478741 -0.8464433 0.38925028
tricksters -0.029692493 -0.8630275 -0.34969306 -1.6135218 1.3121451 1.4066639 3.9727495 1.334337 -0.28609172 -0.6585574 1.4177792 0.33162904 0.81661636 -1.3322737 -1.5531238 2.4763107 -0.4087329 2.4818416 -0.27139622 -1.8947384
lurk 1.4128435 0.29280493 -0.62308264 -1.7228633 0.6011975 1.6455843 4.1206846 -1.3780911 -1.7581898 -0.035257954 1.5840275 -0.8374734 0.6706508 -1.6327443 -3.5874631 1.1243727 0.48176754 2.5132155 0.2585767 -1.7004818
sylph -0.38444015 -0.80323875 -1.3521074 -1.5164249 0.57642776 -0.3755827 3.245791 -0.22717042 0.10407949 0.92369616 3.2853453 1.3647876 2.368149 -0.120995745 -1.0702881 -0.86274314 0.8983625 -1.8391658 -1.4267393 -0.62550336
nanobots 2.850151 1.5333484 3.162216 -2.4378967 0.01564059 -0.87392277 5.6530166 -0.66580886 -2.590615 -0.10264683 3.8553526 0.66933334 0.86459416 -0.92585295 -1.645776 2.289385 -0.0007720306 -0.3045553 0.53722286 2.8598669
hentai 1.9806647 -2.2911468 0.42939368 -3.6921322 -0.49313942 0.061272986 3.3492205 2.7676613 1.9414903 0.6810696 -0.37323815 2.9422293 0.30265492 -3.3834255 -1.4245276 -1.1012818 0.115924135 0.9364101 0.1299851 -0.94392437
toymaker -0.027575139 0.100925945 0.5341525 -2.934984 -0.54256546 0.3738332 3.8422475 2.895064 -0.96709275 -1.1682526 2.5768478 1.2260127 1.885515 0.2323791 0.05628157 1.4499782 0.62697345 -0.8594203 -0.95786536 0.07599439
grifter -0.3783924 -0.4096973 -0.15689474 -2.6052656 1.8862643 -1.124801 4.0192995 2.4724953 -1.6584288 -0.927019 3.7250168 -2.1071372 0.76307976 -2.2950206 -1.0925924 2.7614553 -0.6310455 -0.74587494 -0.7841623 -0.32781515
hellbent -0.555496 -0.011360639 0.23198013 -2.1853495 0.71256804 0.40664652 2.261712 2.2308922 -0.8362938 -0.35510436 1.7885604 -1.5477655 -1.0174686 -1.343184 -2.4905665 2.229957 -0.03490811 1.2945849 -0.12914415 -0.7580292
familiars 0.94840133 -0.43886423 -0.19923158 -1.4956273 0.9840038 1.1120605 4.4792466 0.14953241 0.7825847 -0.068463534 2.1904051 0.45937854 0.57844806 0.62832665 -0.5050822 1.8297616 0.60047776 1.8118839 -1.1467749 -1.3797015
deathless 0.058884103 0.121178165 1.1470076 -1.8294775 0.29061547 1.4846965 2.6550379 1.5140513 0.45937586 0.46200946 2.258012 0.44135937 2.0717514 0.13294089 -2.9130747 -0.39515218 2.7689898 3.4359581 -2.0180154 -0.78990954
aldebaran 1.680787 -1.9612399 0.27386746 -0.8643702 -0.33794713 -0.83610827 2.330964 -0.22264114 0.59855175 1.2498357 1.3530765 1.9783049 3.2280285 -1.0418944 -1.5284203 -0.60483176 2.642171 -1.4305605 -1.0828397 1.7049463
bombshells 1.7321416 0.2959439 -0.6387392 -2.0468707 -0.54064745 -1.8793293 3.3395278 2.6931617 -0.2899606 -0.80184764 0.88535213 -0.6479548 2.8470438 -2.8676531 -1.1254224 1.4631907 -0.51545817 0.20499042 -0.9800317 -0.6593642
reanimate 0.2823276 0.4091939 2.1024458 -2.5313694 0.59225774 0.6946731 4.9820437 -1.122358 -2.5092468 -0.7936867 2.0850453 -1.9787577 1.034288 -0.090045065 -1.6727861 2.0985243 0.3852427 1.6576799 -1.1221578 1.2727622
sniffer -0.9388321 -0.7930331 -1.1597933 -2.1840627 0.46540305 -1.5060614 6.080952 -2.8231008 -1.8880848 -0.5507272 0.65154654 1.5254883 -0.8622384 -1.3051493 -0.33937767 0.94044495 -0.8310074 -1.0598284 0.93371665 1.6501126
psychically 1.0204005 -0.65188515 2.4048269 -1.5153297 1.6166526 1.4478486 5.571695 0.5385062 -1.1269407 -0.54933316 3.4707427 -0.2506018 -0.55062956 -0.62315917 -1.9458042 3.0986733 0.81371844 -0.113965794 -0.51624405 1.0567385
bobble 1.9997779 -0.20546442 -0.08726604 -3.75834 -1.1757784 -2.067465 1.5570686 2.0989547 -2.9113803 1.8938903 1.3083756 2.1470947 2.4270232 -1.1330022 -1.2514826 1.4753082 -0.7041906 0.674189 1.5743601 -2.0225315
outworld 1.9895949 -3.0876257 -0.4417339 -2.4352522 2.4774985 0.5580826 3.620831 2.1027308 -2.0577493 2.6327448 4.2751307 -1.8468707 0.78435194 0.8061129 -2.960255 2.8318048 0.8605259 1.560896 -2.1390429 1.5428772
evildoers -0.04257131 -0.37405187 -0.088966995 -1.2287107 1.1918551 0.3464149 4.3044934 1.5937269 -0.9762084 0.77669686 1.8446738 -1.5949581 -0.6292863 -0.17626204 -2.516984 2.2816143 0.08104834 2.4882123 -1.1721317 0.17793335
batwing 1.7946905 -1.1730522 -1.3413519 -1.4672773 0.5994198 -1.7944454 4.5709524 1.3061943 -2.3466158 0.319585 1.8134742 0.9778793 2.760701 -0.9073403 -0.28360638 1.8574457 0.43954518 -0.7838673 1.9858466 -1.1463826
sidhe -0.1927343 0.06515231 -1.1523194 -1.9099838 1.2503239 0.95261365 3.3403046 1.1724254 -0.08714602 0.40498823 3.3054593 0.8810426 1.0570946 -0.4811058 -1.5958304 1.3212329 1.7733305 2.1921704 -2.161939 -1.1795876
gaijin 2.0598137 -2.2110648 -1.1258382 -4.0254316 -0.0044151926 -0.83009243 0.31559306 2.5373745 0.8081196 0.17569436 0.9617306 0.96508086 1.0819446 -2.9830496 0.06393753 -0.3106838 -0.81458205 -0.41030365 -0.0905601 0.30685404
replicant 0.5060832 -0.72530705 2.7752883 -2.2966402 -0.25766823 -0.6402523 4.21588 1.5039625 -1.7314677 -0.8547772 0.67794985 1.4395082 0.41050285 -1.8048439 -0.54822093 1.6199824 0.8010042 -0.6765151 -0.25873166 0.86841273
terrans 2.5464969 -1.6580094 -0.044828 -1.3181971 1.1385683 1.6652524 3.4898996 -0.24536614 0.5669189 1.2158241 3.268659 0.24661185 -0.8424334 -0.58799976 -2.8322997 3.5925202 -0.062300794 -0.4764264 -1.1751424 0.32768255
buckaroo 0.99601024 -0.52521956 -2.5024657 -1.9549185 0.07779062 -1.5167251 2.0099845 1.6168741 0.06908743 -0.30985892 1.8042156 0.92237663 2.9828815 -2.6600351 -1.3796229 -1.066475 -0.35186026 -0.49118674 0.023116734 -2.0230687
snowmen 0.16089459 1.4262371 -1.1229557 -2.0597088 -0.9068492 0.31728178 4.8097115 1.2939353 -0.46192726 -0.58709586 1.4151571 0.16619694 0.95142573 -0.9658007 -1.8402603 -0.19041218 1.5069612 1.1202341 -0.7161124 -1.1900859
lairs 2.247775 -0.5000778 -1.348707 -1.7456459 0.31369516 0.8129832 3.9562523 -0.5258657 -1.3190572 0.71576035 2.296044 -0.7302857 0.45774603 0.45518732 -2.087047 1.0703734 -0.029692097 0.17424972 0.11219765 -1.0459656
levitating 0.8331622 0.62363374 0.9137083 -1.3895869 -0.1981298 0.40847513 4.463235 0.0008023893 -1.9834605 -0.22660501 0.6521847 -0.26126692 2.9082296 -0.47966123 -1.2416099 1.1874504 1.7809032 1.7391514 1.5343149 -0.18247832
bejeweled 1.5332413 0.6398 -0.56454575 -3.4332118 -0.8115494 -0.7280861 3.3033588 2.1745226 -0.94087684 1.1943334 0.7790717 1.6899022 2.6599312 0.20437504 0.96453136 0.7549543 0.23823948 2.8426704 0.39059195 -2.113713
gunplay 0.46004355 -0.07753173 1.0410569 -2.1998174 0.11397809 -0.53817433 2.932439 2.064069 -0.9385008 0.5099132 0.72185516 -0.2173854 0.7286466 -2.66138 -1.6976994 1.6162214 -0.70155805 0.62850773 1.7600648 -1.3370035
shuriken 0.96001285 -1.9124696 -0.4679462 -2.9713433 1.5614682 -0.39776462 5.797216 0.9128993 -1.6276145 1.9915631 1.8444929 0.21099024 1.9181812 -0.41386336 0.99235845 1.1623707 0.63185525 0.7515724 2.7435732 0.015003617
mystically 0.787567 0.39502215 1.2464656 -0.14436048 1.3701162 2.2493258 4.261606 0.77430815 -0.63216954 0.68557537 3.369018 0.7661937 0.41514182 0.5142704 -2.013448 1.8604525 1.7175469 2.4689176 -1.0067115 0.5648464
automatons 2.1225188 -0.67676324 1.1223862 -1.7210321 0.13418634 1.3170797 4.1825466 0.73715776 -0.014938742 -0.8558004 1.3067778 1.2504038 1.0295271 0.22342683 -0.120988324 2.0215704 0.18056916 0.34584382 0.8754231 -0.20575024
shadowland 1.4588066 -0.2840868 0.6105955 -2.0005972 -0.64350873 -0.8767458 2.6551893 3.0258234 -0.1491583 -0.53416085 1.2097421 -0.6280865 2.2342227 -1.8268498 -1.8442657 0.09915569 -0.32725048 0.13052146 -1.16158 -1.2345167
forcefield 2.2712717 0.5024857 2.238174 -0.52367896 0.7509235 -1.0629933 4.3784275 0.29341814 -3.321424 0.9972529 3.3217058 0.15523161 1.2759913 -0.23751195 -1.7455328 2.4916608 0.6134473 -0.13850236 1.3431 1.8910433
gorgons 1.0866923 -0.44349372 0.07267074 -1.226537 1.6977103 1.7451825 5.270022 0.20621073 -0.19696262 2.3874483 3.2495105 -0.18882954 2.9818697 -0.4474527 -0.59691644 0.80897576 1.2020961 1.8655379 -1.4079642 -0.8658298
sephiroth 3.6948369 -1.4168802 1.3070753 -1.5688496 0.34196293 -0.5002686 4.255675 2.3335571 0.021895643 1.6850052 1.9651312 0.17147759 1.7760968 -1.1907182 -2.2813222 1.3274415 2.200931 0.92725015 -1.8934584 -0.79488516
proserpina 1.2294804 -0.6133541 1.8905243 -1.5455478 -0.17916629 2.6846535 3.5097208 0.34797934 0.029621936 1.682063 2.047874 -0.058469106 1.9282442 1.2812405 -0.9551619 -1.3028811 2.2161288 1.0338774 -4.482347 -0.44749364
makuta 2.295797 -1.9372281 -0.75900555 -1.7825238 2.4076538 0.6626116 4.172671 1.5667993 -1.7728442 1.2769928 4.161109 -1.3067336 -0.5504063 0.6442917 -2.3064597 0.5585634 1.0788634 1.2541703 -0.38773972 0.3847241
illusive 1.5860866 -1.5189701 1.182796 -1.7235547 -0.08603789 -0.23355104 1.5527134 0.8044907 0.054183338 -0.39739692 0.8164126 0.8033717 1.0582645 -1.1922953 -2.0521266 1.2486029 -0.13250297 0.4015165 -0.29966807 0.8137819
reaver 2.4711652 -0.9640265 1.3980916 -2.7611785 0.8063917 -0.36430678 4.292083 2.5197048 -1.3007978 1.1145326 3.548284 -0.206752 2.5805473 -1.5137112 -2.7820246 2.680295 0.5779681 0.83321667 -0.5548637 1.3383538
summoner 1.0546173 -1.5825722 -0.34225333 -2.0223782 0.85220814 0.660436 3.524918 1.7419496 -0.78889275 0.5643336 1.7210851 0.5885053 1.1328158 -0.11491736 -0.679046 2.1965694 1.9280921 1.2803812 -1.2252234 -1.0991445
enchantments 1.3381313 0.5712083 0.33069074 -1.3791287 -0.06806726 1.7909702 4.358477 0.98096365 0.044599105 1.0287158 2.4447858 1.1095666 0.86572635 0.7659092 -1.4583688 1.6818348 1.4265634 1.7406517 -0.4669262 -1.0206699
omegas 2.074702 -1.2932152 0.91071814 -1.8464886 0.67271197 -1.9432479 1.6486167 1.0146258 -0.77105594 0.48641226 1.5416228 0.12746492 1.0800558 -0.2222875 -0.09074909 1.1267622 0.4450752 0.44242594 0.3187963 1.7272322
becalmed -1.5929552 -1.5490441 -2.2683184 -1.0747246 0.6648823 -0.58304584 2.2005467 -1.9192524 -0.5748272 1.3860815 2.8683326 -1.4081434 2.0062284 1.5746365 -3.2296631 -0.6610573 1.7386619 -2.2440512 1.2200716 0.09618741
boardgame 2.7515447 -1.110792 -0.6046653 -2.4686928 -2.2254252 -0.5729597 0.978584 3.1858888 0.8156272 0.76471853 -0.5078706 2.6686194 2.4301732 -1.0933039 -0.1036455 2.1928356 -0.5685136 -0.28842956 -0.50466096 -1.2221919
brutes 0.2833452 -0.59354335 0.19051795 -0.99840504 1.730024 0.827406 3.3851852 0.54625 0.81447923 -0.07610296 2.2218924 -0.24579276 -0.035386384 -0.2113655 -1.6083653 1.9480548 -0.019134406 1.7818135 0.24846159 -1.3385439
infiltrator 0.36357805 -1.5748206 0.33933914 -0.7371592 1.1161199 -1.0930325 4.5624976 1.7348217 -0.62102616 0.5431421 1.6379101 -1.0259907 0.11278697 -0.91457224 -0.70826185 1.7671351 -0.75879914 -0.9730844 -0.4474827 0.88619536
astonish 0.7652376 -1.0609843 0.22446945 -2.2037022 -0.86658216 -0.13816693 2.094935 1.9565845 0.5709952 -0.7164254 1.0035442 0.7448995 1.7315094 -0.5677017 -2.4610317 1.7249209 -0.027294895 0.051138595 -0.8309244 -1.7290065
trigon 1.640434 -0.25811386 0.6625388 -1.5759494 1.1729206 -0.07160875 2.7721932 0.9666411 -1.1026816 0.116215646 2.7782516 -1.2623743 0.7886902 -0.75964737 -1.1880014 1.8650486 0.7026999 1.2111515 -1.4037721 0.32854286
grapplers 1.6022606 -1.2305442 -1.1310132 -2.670352 1.8434638 -1.1372114 2.1888235 1.9612436 0.31472498 1.7263689 2.7288637 -1.1811856 1.4649154 -1.9582089 1.2217398 2.745941 0.62194425 0.5740782 -0.22570084 0.32981887
mandrill 0.8010695 -0.2929559 -0.40466326 -1.6990662 1.4164973 -0.9762419 2.8950639 0.42250624 -0.08386174 0.15163478 2.7185442 0.3274932 1.0384281 -2.1091573 0.34235495 0.6530433 -0.806633 -0.038296286 -0.55418724 -0.30288574
handmaiden -2.022654 -1.0431464 -0.056378376 -0.6885165 1.0760593 2.4102554 2.9874198 1.431804 -0.80304474 0.9162282 1.9124954 0.3959308 0.017365064 -0.049328063 -0.70295656 0.2890656 1.7238332 0.9718355 -2.8881295 0.16465811
stormtrooper 0.8500114 -3.0217938 -0.2715278 -1.8322512 1.4776418 -0.91724575 4.387763 2.1162367 -0.10219772 0.7094764 1.4126849 -0.54245126 2.7698162 0.6621467 0.2581717 1.7227566 -1.0434225 0.29568204 1.0247933 0.1361197
earthling 0.46546152 -0.61176217 0.8002993 -1.5851918 0.053528257 0.19322984 1.947714 0.98860896 0.62269604 -1.2019416 1.0173408 0.821489 1.7910905 -1.5342908 -1.6449357 -0.58878475 0.51927525 1.1259456 -0.96244955 0.44055226
fanboy -0.21216105 -0.63833034 0.4277169 -3.028175 -0.653254 -1.9895498 1.9895979 2.4861157 -0.8115368 -0.6409974 0.3916659 1.0531828 -0.24174553 -3.8042917 -2.405796 0.4387988 -0.07874262 -0.55056536 -0.3934854 -0.51898247
hesperides 0.55221105 0.9042443 -1.0268462 -1.7181356 -0.37518352 1.8212451 2.7805505 -0.05037271 -0.9369587 1.3434486 3.0116386 2.3888137 2.453846 0.47825846 -1.0160121 -0.4846569 1.8164135 1.4653136 -3.8348522 -1.8417895
wielders 1.3317319 -1.4768046 0.46229053 -1.0444282 1.2420375 0.5122544 4.376735 1.0222692 -0.32391512 1.8622274 1.7405097 0.16378503 0.48024803 0.7578955 -1.1481414 3.028921 0.7667492 1.8384926 1.0953844 -0.013867705
sekhmet 1.3622715 -1.165528 -0.27225024 -0.39922914 0.7937137 2.6565015 4.0804133 -0.14613433 0.08229919 3.1339958 2.0750344 1.2630496 2.4428723 0.72764224 -0.51375335 -0.3315054 1.7788297 2.4572778 -2.8082511 -0.61222374
deathtrap 0.516767 -0.22904837 0.7007027 -1.79287 -0.4788485 -0.8938027 2.8379564 2.5771701 -1.4690697 0.24153408 1.1761723 -0.5819408 1.6628926 -0.63506496 -1.1691965 1.066414 1.0926998 -0.76963454 0.47808614 -1.8839138
harpies 0.93496 0.11787705 -0.0060764095 -1.8981287 1.2648996 0.6345887 4.3139534 -0.38132146 -0.2473114 1.1253989 3.766617 -0.27729526 1.4928958 0.0018068533 -1.3817133 0.8445204 1.2220293 1.0685842 -1.496423 -0.95849264
thyestes -0.72126013 -0.5828998 0.85296786 -1.7314966 1.1157095 1.953488 3.4335868 0.21729212 1.216394 0.9217779 3.0155544 -0.69183683 0.7027527 1.8939147 -0.30790943 0.049714163 1.720342 0.9223312 -3.545675 -2.5423584
planetoid 2.2553277 -0.56779945 1.0511214 -1.6415056 -0.31594956 0.25730628 3.1593854 -0.6792829 -1.3088176 0.994392 2.8114626 0.80634886 2.0098069 -0.029615236 -2.2552798 0.40659285 1.261343 -1.3530514 -1.2232021 0.75122964
rampages 0.944383 0.36786646 -0.57163227 -1.6878126 0.33040226 0.25589737 3.5165944 0.8115826 -1.5883093 0.6803725 1.9101758 -2.3722036 0.22166012 -1.255947 -2.474583 0.6192767 0.1577265 0.6431343 -0.27656344 -0.72152114
faery -0.32730237 -0.07872124 -0.604114 -1.7662858 0.21227778 1.5768214 2.55342 1.1660966 -0.3484403 -0.19434017 2.3916667 0.93717444 2.4059224 -0.35045975 -2.2116663 0.7009357 0.93901867 1.4243743 -2.3822844 -1.7270832
precognitive 0.32389206 -0.591261 2.3451202 -2.0781014 0.14752081 1.8621191 3.614971 0.9152776 -0.61025953 0.022216495 1.9078786 -0.07433573 0.8584594 -1.2618381 -2.1449897 3.351383 1.8278885 0.16185421 -0.8965135 0.7282871
widowmaker 0.4154945 -1.3386251 0.003573986 -2.5012276 1.3475031 -1.7916356 3.242661 1.9795052 -0.2501773 0.3536793 2.4281058 -1.0026444 1.2643408 -1.6975547 -0.9445699 0.49892983 -0.5987615 -0.686378 0.47479278 -0.21169168
treader -2.1105726 -1.2899357 -1.3410752 -1.1456724 -0.14144886 0.012191356 2.5188603 -0.7489997 0.6115686 0.12392282 2.1814241 0.37327695 4.2823057 -0.5049558 -3.609153 -1.0876471 2.3700302 -1.1897812 -2.0935075 0.1248272
calamari 0.745231 -2.1861646 -1.6228768 -3.2711067 1.5362357 -0.6333108 2.258667 0.29322997 -1.048667 2.3136206 2.5528197 1.6882057 1.0977336 -0.9414747 -0.20581847 -1.0758057 -1.474129 0.18297994 -0.98645437 -0.013047228
hobgoblins 0.941959 -0.8857841 -1.0445964 -1.5597551 0.9760301 0.3965995 3.8900905 1.0406568 -0.022645855 0.4100951 1.9713242 -0.36068505 1.1394999 -0.71142143 -1.3659197 1.8843 -0.39385942 1.2702819 -1.6898049 -2.1924694
samurais 0.011581028 -1.7562746 -0.7999514 -1.8419896 1.0447164 0.76772434 3.1982436 1.0986377 0.0048256065 0.99380106 1.9059461 0.0672711 1.0929763 0.9515204 -0.15659656 0.8110996 1.40105 1.1651185 -0.36573914 0.47554696
shadowlands -0.14912713 0.023460863 -0.6163237 -1.467775 -0.3361749 0.5803868 2.323886 1.4849151 -0.16731417 0.09059885 2.2886145 -0.09170234 1.9208529 -0.42355216 -2.1907725 -0.48511434 0.86307096 -0.34968948 -1.2102594 -0.9551185
tamers 1.5604701 -1.1081426 -1.2906876 -2.6385818 0.4731422 0.27137098 2.9975529 1.727292 -0.80108905 0.86950153 1.7371973 -0.17935592 1.3346254 -1.1235003 -0.27263746 0.9472887 0.43992475 0.44938153 -0.3750715 -0.40540272
replicants 1.3177633 -0.40565124 1.8590622 -2.8155792 0.057253107 -0.18810113 3.9315693 0.08913705 -0.279965 0.07722749 1.2858136 0.07476878 0.5549867 -1.4210515 -0.8676968 2.3043141 -0.35128215 -0.5562722 -0.08726427 0.3947728
laius -1.0882995 -1.0174433 1.4429868 -0.93269956 1.6332408 1.8863543 4.1843023 -0.46529287 -0.58257765 0.6869164 2.9351547 -1.2168511 0.20048611 0.6454189 -0.7390685 0.6902996 1.8482311 0.37593573 -3.5335302 -1.0497044
duelist 0.5754399 -1.7693629 -0.23074368 -1.4651678 1.0025008 -0.47757155 2.331465 2.198611 0.19217272 0.7261888 1.686424 -0.19065365 0.6675457 -0.25931516 -0.2846426 1.3516313 0.9522872 -0.09578072 -0.47475192 -0.9025122
necromancers 1.4143358 -0.7526223 0.13836168 -1.4699367 1.081757 1.1088784 4.6117716 0.68746775 0.13866521 0.45953757 2.7073846 -0.5012806 1.1054938 0.70062083 -1.1031214 1.7672607 -0.31492683 1.2949367 -1.5455847 -0.43963194
chupacabra 1.4981974 0.2479536 1.0368726 -2.1113117 -0.08915667 -0.1963163 2.6357079 0.24520423 -0.22122397 0.4938947 1.8917624 -0.09642299 0.007036435 -3.429326 -2.0757105 -0.71050215 0.10506263 -0.8648227 -2.7977421 -1.0915521
frogger 1.5864098 -0.94633853 -0.35406122 -3.301995 -0.9068771 -1.8047237 1.6955086 2.2092116 -1.2403916 0.92829853 0.89626586 1.4637803 1.038279 -1.7517881 -1.5466491 1.1832454 0.0066430084 -0.017216418 0.34425098 -0.81067556
bioweapon 1.4792938 -0.01531071 1.4784281 -2.1796348 0.46414042 -0.2467527 4.6643276 -0.08574843 -1.1177686 0.75420177 2.660892 -1.153464 -0.5249722 -1.1319219 -1.7165196 1.5504402 -0.59789026 -0.88979733 -0.43368077 2.550672
berserkers 1.2135527 -1.1556191 0.09179258 -1.2203116 2.1220028 -0.2533559 3.320973 0.053112183 0.8430915 1.169195 3.0667078 -0.2776144 0.82209367 0.53694564 -0.0033739167 0.72552246 0.30933616 0.59055406 -0.33079192 -0.9492728
eidolon 0.5712505 -0.4670151 1.1798314 -1.4025668 -0.48788318 -0.329547 2.1453917 1.3196038 0.07287384 0.68786114 1.0008011 1.0073446 1.8879324 -0.7310698 -1.6062499 0.6340943 -0.096430235 0.2231006 -1.603452 -0.0905907
kobolds 1.3285469 -0.47837034 -0.44301227 -1.8541639 0.73328674 1.6371076 3.54466 -0.39628297 0.46519297 0.54137164 2.0799696 0.7806663 1.1884148 0.04772635 -0.8014157 1.0165054 -0.27106628 1.905897 -0.7388986 -1.745357
gambits 1.6668504 -0.6796663 1.8535933 -0.9907332 0.3349297 -0.2747374 2.744717 1.4445907 0.015773928 0.53005034 0.79531896 -0.5201221 0.4351699 -0.41867524 -0.72419935 2.1058195 0.936665 0.8792731 0.6289109 -0.28210795
ghostlike 1.3720331 -0.4474309 0.8548621 -0.860194 0.6845674 0.9693514 3.2081063 -0.16188525 -0.3588824 -0.108628385 1.1381748 0.205706 1.359116 -0.9120974 -2.0929022 1.1367621 0.6989836 1.6296864 0.3359423 -0.9097711
aegisthus -1.0198227 -0.4341296 1.0283941 -1.9747936 1.0885617 1.5741739 3.6535604 0.07247544 -0.21209066 0.83523816 3.5211413 -2.2591956 0.31388104 1.7697753 -0.39460182 -0.3779821 1.730861 0.4102879 -3.1166377 -0.6510875
hellhound 0.48393276 -0.0012255188 0.39561453 -0.8659272 0.523178 -1.2004527 2.1530645 0.96196663 -1.1672586 0.050081503 1.8055129 -0.19164468 2.0685067 -1.2162582 -1.5538418 0.5063196 -0.27629054 0.3927112 -1.5065567 -0.8129199
spellbinder 0.030087069 -0.532208 0.045202486 -1.5988485 0.4140745 -0.217214 2.45259 1.6756343 -0.9727288 0.606621 1.5440515 0.31056622 1.3244107 -1.3449947 -0.7630037 1.4884146 0.7866363 0.32133386 -0.54865795 -0.20994817
glaive 0.475385 -1.7507124 0.3114719 -0.8668699 1.7095714 -0.6013821 4.5918016 0.46174935 -0.15762767 2.259452 2.8115535 0.5433546 2.348437 0.5830445 -0.73815775 0.895659 0.89324796 0.23776214 0.425315 -0.35336784
caped 0.5237584 -0.5841501 -0.9306796 -0.67797506 0.70506597 -0.41246414 3.4150743 2.4147909 -0.07198529 1.5590732 1.7239052 -0.40695488 2.2185426 0.13757859 -0.5269894 0.8473752 -0.77734387 0.7035998 0.2300342 -1.9415234
tentacled 1.2144212 0.12710948 -0.11665779 -1.4527562 0.8079676 0.5676646 4.590495 -0.9142937 -0.96489036 2.073537 2.8354197 0.19864453 1.824788 -1.5046879 -1.5955098 1.4615456 0.341679 0.3069927 -0.42230257 -0.81050855
stygian 0.3402108 -0.27614865 -0.46522167 -0.39511874 0.64788103 0.534633 2.5069458 0.37151757 -1.0872914 0.8376538 1.6932741 -0.26266602 1.7528199 -0.81321394 -2.1048727 0.5304261 0.43878424 0.99363506 -1.4040153 -0.6703185
succubi 0.9669973 -0.27504995 0.45419827 -1.345077 0.6299924 1.2283357 2.777281 0.5679134 -0.02412395 0.8672104 1.4710052 -0.16939203 0.7712445 -0.74659806 -0.5472481 0.5613102 0.35797456 1.7770131 -1.3564326 -0.5773645
noob 0.9872837 -1.4810505 0.29820096 -1.8721839 0.8480877 -0.7644404 2.7394047 1.7821892 -0.9558401 1.3372078 1.5820445 0.07310063 0.56749594 -1.1575947 -0.630262 0.5954254 1.3190225 -0.07556585 0.25288016 -1.2513427