Centroid_49 1.1849764865632653 0.26756782220979575 -1.5187131429975524 -3.1465946777959184 -2.2922287704816333 -2.451285908810613 -0.8828291226734696 1.5196093407510203 -1.9187194332204074 -1.369808275461225 -0.26318983016391856 2.611758217367347 -1.0338048733191838 -1.2120930310367342 1.096701567273469 0.02049973985306123 -2.268199919673469 -0.9308741052428575 1.0616879652828575 1.2098517596367346
group 6.6714463 -1.3136164 -0.8391673 0.9177047 2.3195262 -1.2603611 0.37878278 3.1850317 0.20879093 -1.1042134 2.9026802 2.2598176 -2.5337188 -2.150397 4.2023683 -1.0083609 -3.8721814 -0.14685676 2.5608792 1.9969201
currently 3.8063908 0.04153511 -4.3286295 1.3075014 -0.55480015 1.2233025 -3.3303797 -1.4160857 -2.5509572 -2.4816384 -0.27697015 4.440944 -0.9922218 -4.4273467 6.2905645 -0.5587327 -1.0307177 -2.4015665 0.8017499 2.446039
inc 0.98810834 2.912473 -3.871478 -2.6969657 -5.9289484 -6.2933807 -3.1037111 1.3896182 -7.2739806 -3.202411 -0.7868526 9.379287 0.4769877 -6.030956 3.810266 2.706877 -9.661203 -5.1586614 -3.3649995 7.3021073
brand 0.6858207 1.612473 -2.4790983 -8.289944 -2.3784893 -2.67683 -2.0943017 5.444587 -3.4920573 -1.025886 2.3112724 9.757408 -1.948726 -1.3377887 2.504045 0.16386686 -7.2562094 2.4333284 3.5931823 1.4174259
selling 0.11762506 4.433146 -5.344835 -9.194235 -3.8370588 -5.2306304 -3.263377 -2.402656 2.2534652 -7.098018 1.6330333 4.1967816 -4.2639914 2.1361158 -0.4036301 1.8274086 -4.014674 2.181977 4.3471937 -0.7845126
warner 0.81318295 1.4825352 -2.366114 -5.798216 -2.7227335 -9.421307 -2.5177007 7.877224 -1.7033819 -7.729167 4.731634 3.2345588 0.3247858 -2.1756976 -1.0962557 1.4873011 -6.5981603 -5.404916 -0.39793336 -0.9738713
developer 2.478318 2.2331362 1.5789462 -4.624008 -6.0150533 -1.9564277 -2.293018 4.887582 -7.622883 -2.309559 -0.11625735 6.066929 -0.82544243 -1.9067627 1.60624 5.41806 -7.5885363 -4.673643 -1.1440308 0.7978805
flagship 2.3680987 -2.781143 -7.6495867 -0.6691817 -3.0919194 -5.316713 -0.51317537 1.8608766 -3.6852288 -2.572446 0.49985442 2.5195465 2.90158 0.008654012 0.51338995 -0.263059 -1.5581884 -7.001232 1.1623119 3.9094214
sponsor 1.7130922 1.223844 -5.40843 -4.0703654 -2.564931 -4.103241 -4.35704 4.4224515 -4.173252 -0.6821078 -1.1127754 3.569087 -3.5184143 -0.5066044 6.987174 5.4051743 -0.630863 1.1963238 0.84259003 1.9673772
jointly 0.57020104 -0.899722 -1.2556968 1.1505318 -1.8236694 -0.9315505 -1.3447707 2.2595298 -1.1919388 0.43924588 0.91145194 5.416637 -3.0397851 3.2073233 4.5135436 0.4882974 -1.3397295 -3.0588064 -2.5984726 4.203119
marketed -1.1372772 -1.3110899 -3.7395809 -9.82345 -4.0397654 -3.3320944 -3.5205832 -4.3515673 0.69904584 -1.268209 -4.2249923 4.904001 3.7034898 -1.7662274 0.17702359 0.40990004 -8.665349 1.9904139 5.7091136 1.8261492
inception 5.265864 0.9831042 -3.4023604 1.8141516 -3.907838 -1.0588497 -4.9988074 3.1508317 4.0655293 -3.6235628 -1.996676 2.4537137 -2.3401327 -1.3804971 3.1849475 0.19736592 0.032761056 -1.7821109 1.7858132 1.601253
amazon 3.715841 0.2812168 -3.5981643 -6.6325974 -3.555273 -3.4504926 1.82196 -1.2949039 -1.842929 2.7440758 1.7156439 5.945594 -3.5890229 -5.133543 -5.9531083 -1.658057 -2.1569138 -1.6653713 -2.3978558 1.1882327
paramount -0.73732257 1.1183616 -3.4578788 -4.417691 -4.5455647 -3.0542574 0.73752934 7.6913915 -0.34658727 -2.600328 1.7029856 2.2012262 -2.2113965 0.7413222 -2.9754088 0.80943125 -5.0227284 -3.0549743 -0.23427276 0.8595837
branded 0.24966684 -2.716632 -4.862787 -5.0622997 -1.1438172 -4.7426763 -1.5394436 1.0407984 -3.4167693 -4.2206416 -2.855785 3.0070465 0.13945407 -3.4130685 -2.6737528 -0.4134872 -5.9637704 3.1080668 3.4166136 -0.21149002
outlet 0.9618338 4.47271 -1.6424673 0.38663352 -2.7618892 -1.2333325 -0.8079642 -0.07666498 -6.674671 -2.1409094 0.78014326 4.186899 -2.8577955 -3.5989468 -3.2562954 -3.4453118 -3.297073 0.09607128 4.411953 1.1365733
defunct 4.333507 -0.9937451 -5.4455085 0.5306773 -0.9263229 -2.5073562 -3.628385 1.7092658 -2.4468415 -1.877923 0.6515003 3.0333226 0.33009127 -0.40521124 2.1631193 -0.8853365 -4.575629 -0.27303213 -0.08917674 0.58177465
rebranded 2.478821 -1.3575379 -7.8443894 -4.0508947 -5.164026 -8.420819 -8.827199 2.8522286 -6.3712916 -3.3122606 -3.1212053 3.4584992 1.7747743 -2.3803544 -1.3049846 -1.9496652 -4.9551754 -0.3308624 2.5578473 3.3940864
franchises 8.864302 3.8987432 -5.47659 -1.147813 -3.3029857 -6.675285 -2.2015898 4.5848246 0.49296305 0.7721366 2.0152724 2.7854679 -3.1532114 -2.3241296 3.962463 1.9054015 -2.9008894 -2.1353047 3.2646725 -4.5613637
advertised -0.9603827 0.5158174 -5.368166 -4.5190477 -4.9816127 -4.3059363 -1.7223796 -1.2897619 -0.10868906 -5.936626 -4.488407 2.3766537 0.5934206 1.9980934 -2.410466 2.6576872 -2.7814186 2.1322439 2.879797 -1.2580168
syndicate 1.4381838 2.3232167 -4.548272 -1.9990058 -2.1143308 -4.075685 3.7906024 6.8428745 -1.5486429 -1.1555854 3.1088977 1.9823334 -3.1420434 -0.77807975 0.54012233 2.125753 -8.4432 -3.1344748 -1.3286763 -0.85430676
newest 5.007072 -0.9704378 -3.0774343 -1.7223076 -1.3587959 -1.9208784 -0.7110787 1.0122142 -2.5682795 -3.6917336 0.1780537 3.1429017 2.1609018 -1.7842959 1.4480648 1.2085655 0.14141169 -0.27090704 0.10272538 1.155489
trans 2.9568985 -2.35531 -2.047204 -2.7204723 1.0818061 -1.4346325 -1.2266785 -1.4055592 -0.9340519 0.42439383 -0.55729777 3.64111 -2.2381866 -6.576358 -0.39284295 1.1249437 -1.8659208 2.1797817 0.027578399 3.1489058
futures 2.9494793 2.5414639 -0.8269499 -4.008807 -3.0217865 -2.7817333 -5.826152 1.2020378 0.9254094 0.94376665 0.948385 5.4818764 -3.6410525 -3.114169 1.2085916 5.3124127 -0.4534365 0.42138124 1.144706 2.2237253
distributing 1.3061464 1.7345917 -2.4533973 -4.6620054 -3.8116672 -1.5868835 2.199228 -2.0265548 1.2666962 -4.7620487 -2.5263107 0.71667194 -4.0203223 1.781562 -1.0847661 1.4488506 -7.0617814 2.4810393 2.4358113 4.777342
sears 0.90913135 5.636017 -0.8652459 -1.1031342 -3.8279643 -6.1143804 -0.8596884 0.6609383 -6.9595118 -5.088187 1.7676203 2.5730221 0.028226122 0.539136 4.6378927 1.049117 -4.8619623 -4.177182 -1.6116017 -2.0151148
inhouse 3.1480892 -0.24082796 -1.1633362 -3.8374534 -4.1739817 -1.8963772 -0.29790282 2.318649 -2.1639047 -6.1117816 -2.0521867 5.1240587 -0.8323686 -0.8076439 5.066323 2.909331 -4.2151465 -4.084907 5.7102056 2.813948
relaunched 1.6525817 -1.5302176 -5.1778803 -3.2699409 -6.335554 -7.3224173 -5.4265857 5.0769143 -1.5988435 -4.784123 -4.5622725 1.1888238 2.5542967 -0.8707321 -3.2325854 -1.720716 -4.405335 -0.83189124 1.2379537 3.144206
dell 1.6612909 2.4963958 0.62694234 -3.7326424 -4.6619744 -2.8470001 -2.1298404 1.9106385 -5.1605215 -1.6427698 -0.022275086 3.60233 1.3347523 -1.657494 2.6570194 0.7240871 -2.3255482 -3.9335632 -2.4049003 -2.0924165
nike 3.6024911 1.1575451 -4.356109 -5.9399943 -1.7869308 -4.915946 0.41545328 3.6016326 -4.3449864 1.7343993 1.4080901 2.7935588 3.1193662 -2.662248 5.7190714 3.3888633 -1.2881911 0.40945375 1.1724329 4.036575
booking 2.3712075 1.3930372 -3.9760516 -2.8569157 -3.6135404 -4.1345844 -0.44660872 3.9479008 -4.812779 -6.1925254 -2.556961 -0.33040875 -4.041166 1.0029038 1.769151 1.7312565 -1.1815677 1.1272304 4.2969837 2.2003067
onetime -1.6083828 -1.420463 -1.1961474 -2.818401 -0.047216788 -2.1541994 -0.8764059 1.3171332 -1.5441295 -1.9416693 -1.477501 0.6781287 -1.2992349 -0.9543703 2.6678643 5.6124997 -1.0498525 0.89197886 -1.1021564 -0.3268548
promoters 4.640475 0.7393471 -0.3625666 -2.50295 -0.08438824 -0.73528063 -1.070354 2.958904 -0.8430626 -2.184487 1.4106909 0.4752657 -5.298053 -0.9394582 2.2335331 1.8371058 -3.7995508 0.8297633 2.2825398 -0.13909036
billing -2.100353 1.5337204 1.2751162 -2.6696198 -3.4878051 -5.093675 1.2341809 2.0054674 -0.8353334 -2.8586826 -3.2088313 4.678691 -4.783817 -0.9372604 2.6231284 1.0253152 1.0265015 -1.4081302 2.8658082 -1.1359979
bono 2.3767786 -0.24292797 3.7214875 -2.491584 1.2698814 -3.0062034 -0.9996132 7.0102997 -1.9916565 -3.016376 -0.34288612 0.813186 -2.7391646 -4.2572665 5.809373 4.039034 -1.7232746 3.322893 -2.0750792 1.6739684
cisco 2.5200765 -1.4948502 0.32376522 -4.276735 -2.133485 -3.910152 -0.13642088 0.07239373 -7.7115455 -0.27532527 -0.92712647 4.876515 -1.7969004 -6.322193 2.6684558 2.3004684 -4.0438643 -4.3280454 -0.82503456 4.294722
revamped 4.695338 -0.98218673 -2.0585246 -1.722944 -4.2255807 -4.2580967 -1.6989578 4.5996146 -2.5308993 -3.7876074 -3.2707934 1.1982272 1.8145238 -0.04258952 -0.8187142 1.1267035 -1.2743821 0.07306845 4.207865 -0.7542658
relaunch 4.2973757 -0.07117835 -1.5185572 -3.2526197 -5.054405 -6.2642813 -1.8334838 8.303789 -0.8646986 -4.0733175 -0.07012606 0.9862713 -1.570308 -0.06126858 -3.365673 0.94496316 -2.4838312 -2.6831183 2.1481304 2.0826461
westinghouse -0.5964399 1.3495691 1.4084337 0.90454376 -2.9711165 -6.37288 -3.0081873 0.82491547 -2.6381598 -3.9763937 2.111162 4.6171813 2.103171 1.1501756 3.1391718 1.4020287 -4.341789 -8.41536 6.3908834 4.802836
rebranding 5.3842096 1.6643246 -2.6421797 -0.94710696 -4.986262 -5.291308 -4.6777453 5.7699823 -2.948724 -0.97681963 0.12322581 3.5180888 -3.063848 0.0944985 -1.5230273 -0.6094257 -3.2772193 -1.6822368 4.5293136 2.8739452
marconi -0.16226652 -0.34135535 -1.7006851 -1.9885902 -3.2014368 -1.191661 -1.9613746 3.6331038 -2.6140368 -1.047192 0.96300685 0.8554915 3.804261 0.9236757 2.777173 -0.61592174 -2.809716 -5.9873886 2.1286488 4.075053
lite 3.890047 -3.6710334 -0.24182317 -3.1035259 -0.4186813 -2.1650546 -1.0202857 3.498916 -3.1047168 -1.997905 -0.12715533 5.568195 0.7022305 -0.58136237 1.4789233 -0.7597047 -1.9202858 1.1988316 0.8228432 0.8429943
licensee -2.989899 0.2880137 -1.6835601 -1.6067231 -2.0408206 -6.676214 -1.9692081 0.8740578 -5.0628295 -2.435562 -0.81034374 5.545745 -1.3317637 -1.0288018 1.9230326 0.6478368 -6.52325 -1.9285895 -1.2908092 1.8789061
acorn 1.573896 1.414459 -0.8687095 -2.1414604 -1.992696 -4.705247 1.5791013 -2.0105054 -1.992671 -1.8352627 -0.14648515 6.015373 1.9733213 -2.5593815 0.5008328 1.502249 -2.7643797 -0.5395437 0.08702074 0.12666479
astro 2.7681715 -3.565089 -2.9349744 -6.77614 -1.2521452 -2.0519898 2.1704185 3.6825075 -5.259185 0.23301037 -0.15469605 2.5260231 0.4154405 -4.764467 0.41611335 -1.3317441 2.5238059 -1.1694015 0.8527591 2.7145479
merchandising 2.1209407 2.4847162 -2.357489 -6.4880557 -4.6113334 -0.9407202 -0.32422435 3.4932618 -1.0167819 -3.9302201 -0.16297242 4.654717 -2.239079 -1.9005846 2.580742 3.920178 -5.3393803 -1.6930251 2.802336 0.53012854
unlicensed 1.4003819 -0.5610373 -2.9376316 -4.6076946 -1.4410496 -5.038188 3.9543302 -1.6290417 -0.6515891 -3.239069 -1.5668385 1.9666051 -4.66644 1.2809768 0.653901 1.761986 -5.111274 0.99880403 2.955838 2.554042
discontinuation 2.0279102 0.46088752 1.8040388 -2.584838 -4.3435516 -7.329701 -1.4784204 0.5660311 1.7023351 0.65161324 -2.7009323 0.54052275 -1.3831296 1.578315 -0.9034216 -0.92070615 -1.384789 -1.6244564 5.319676 3.5124395
warners -1.2410159 1.7836766 -0.4752978 -2.6559432 -1.990695 -4.757869 -0.5052503 4.1872296 -0.35702276 -4.3793015 1.682948 -0.00888275 -0.009896088 -0.8144345 -1.6044937 1.4589772 -1.6810315 -2.8750987 0.9959249 -1.9932681
incubator 3.096925 3.6135461 -0.13021936 -2.7742028 -3.5562363 2.7045097 -0.5543306 -0.7513264 -5.3372135 -3.68317 0.5586737 4.231486 -1.237767 -5.0017514 3.4772892 1.0335718 -1.5866143 -2.1907969 1.121746 6.842744
uber -0.059076454 -1.884768 -1.966451 -6.259095 -1.1570143 -5.2877192 -0.6709579 2.2206407 -3.8128262 -0.18730435 0.36860976 3.4005892 -6.1817727 -0.15617447 2.716426 1.8166878 -0.6437903 -1.4544122 -0.24370638 2.9329183
firestone -0.8222968 3.0251467 -1.2970648 -2.356196 -1.7339294 -3.7720013 -2.2369978 -0.30951968 -4.5371513 -1.8099388 2.2468305 2.2599275 1.3941474 -2.373439 3.4220383 3.4156728 -1.1631563 -4.1742196 0.58607084 -0.51672596
coo -4.2596636 -1.3992612 2.1222894 -4.0159006 0.03662809 -5.778271 -2.7056394 3.2966013 -5.8476553 -0.11851766 -0.8788871 1.6939625 -2.2243698 -4.929852 4.3347445 1.1619684 -4.9342213 -2.795559 -0.89124626 4.112026
mogul -3.775061 0.17200425 -1.9223243 -5.1916895 -1.5232191 0.55459183 -1.048508 4.6176376 -3.2965515 -1.25879 1.1983194 2.2911623 0.20976108 -2.9798768 0.78215426 1.66267 -5.8776207 -2.7105355 -0.6469015 -0.9461282
homegrown 2.3546898 0.8058124 -2.175334 -4.0915947 -0.14571129 0.15227617 -2.7838259 3.106692 1.170697 -2.2837672 1.0605431 0.95528376 -1.2765341 -4.362384 0.3635846 1.3373569 -3.2093196 2.2175384 3.301979 0.19001028
revamp 4.3364315 1.2559962 -0.24075744 -0.7362772 -4.972955 -3.1515777 -1.2224861 7.1355157 -2.4026823 -3.3594742 -1.0346915 0.30137527 -2.693148 0.79252195 -1.375381 1.9724526 -0.8002205 -2.6576731 3.9567142 -0.30788222
esports 7.811318 -2.1084988 -2.9761586 -5.5869107 -1.2306565 -3.4161239 -2.4236562 5.905863 -1.3431171 2.6559942 0.3639933 2.5364277 -2.3098912 -5.8696084 3.099258 3.0853865 -0.6249435 0.70496553 2.4234936 3.843017
rockstar 1.8515161 1.0745729 0.050868805 -7.1686606 -2.1476254 -3.937949 -1.0749886 8.329335 -2.0974557 -1.2722778 1.458004 1.911945 -0.8520575 -4.93733 -0.8033208 1.0956956 -1.4440489 1.1020936 1.0940602 0.9247984
qantas -1.543991 -0.6756311 -7.82024 -2.970666 -3.69957 -5.7767425 -0.9466512 2.4995902 -0.5107614 0.8753235 0.29379463 3.1378815 -2.9682517 2.0269234 1.6266855 0.585348 -0.53065133 -5.1291656 3.2404923 3.0162535
penney -1.3458925 2.852129 1.7484765 -1.8189873 -2.8452117 -7.1041546 -1.967279 0.1866905 -6.5113273 -3.2039583 0.8865046 2.1212683 0.68488425 0.6438218 6.6996307 -1.7835369 -3.7915933 -6.3408284 -1.0853573 -1.3435116
rebrand 4.6594515 0.7108445 -3.1096752 -2.2063522 -4.0708113 -6.0159025 -4.3853664 6.4335685 -3.9764538 -2.943516 0.3029888 2.3059437 -3.395324 0.6945582 -2.2376199 0.20111395 -2.4273748 -0.104363196 3.4119058 2.7504857
metros 3.7405863 0.4330356 -1.7540001 1.447215 -2.367722 -2.4720316 -4.3305073 2.138216 -5.10948 -0.06048711 -0.70057565 -0.27384296 -0.86116123 -1.1139791 -0.5877228 -3.5773509 -0.039346635 -1.1502857 2.8887768 1.9844859
omni 3.3341134 1.3879054 -2.3667495 -1.8012246 -4.664351 -3.9936442 -0.37649128 2.614827 -4.2838035 -1.8530306 -1.4627396 3.7193656 0.9085047 -2.602784 0.4793825 -0.72649443 -2.1324687 -2.0625842 -1.7649987 1.0231283
eldorado 3.2604897 1.0053183 -2.3725414 -2.7311547 -2.5809307 -2.4930992 -2.3279 0.036530353 -4.8475432 -0.7201482 2.2838647 2.6910985 1.8133758 -0.6200238 -0.029117987 -2.0054147 -1.2226964 -3.0948465 -1.1777391 -2.5064578
blackjack 3.4350893 0.09293346 -1.782017 -6.267889 -0.4438335 -4.321933 2.0721054 1.6115249 -3.6633878 -0.90753925 0.41638964 2.5728886 -0.5351492 -3.6894658 4.9833035 5.0629783 -0.25892493 0.46068045 -0.36488596 -3.0400612
acme 0.9378837 2.5167882 -2.3055496 -2.2708688 -2.4927397 -3.4985845 1.0793451 0.26248416 -4.6012406 -2.9421504 1.2277868 4.152807 0.9993292 -1.7873061 0.6130537 0.7670635 -4.6967473 -1.9302733 0.94314885 0.69622886
outsourced -0.24923356 -1.6414626 -2.481326 -4.4477696 -4.85101 -0.25992033 -2.1939526 -1.5317001 -2.9399593 -2.736249 -4.6829233 1.2297919 -2.1320717 0.18850268 1.0054071 1.1139385 -5.9185786 -3.1584163 4.88103 3.3617718
commercialized 0.85986304 0.13495709 1.4194361 -4.2519965 -2.5936823 1.503103 -2.766585 -2.6574056 -0.21514803 -0.8768293 -0.48509476 3.8966253 2.1128938 -1.1597893 -0.990204 0.31978524 -6.1972947 -0.2035062 3.5969372 2.6792486
eon 2.1931539 0.49747464 1.1102567 -6.055607 -4.3471885 -2.52034 -3.7531755 1.6194791 0.35360178 1.3112178 3.0696254 3.7399862 1.7388271 0.16129157 -2.6225984 -1.8047717 -2.8823028 -4.83862 0.52888656 0.8608151
roadshow -0.22413954 2.0035436 -6.649881 -5.153953 -5.5127068 -0.043625746 0.40521282 4.731398 -1.6263145 -5.4240937 -0.56403846 2.551939 -1.0895215 -0.12942766 -1.2531224 -3.8324206 -1.467306 -1.3467233 0.3500926 -1.4541297
lotto 3.7671607 3.5220711 -2.0414524 -6.752521 -3.5190082 -4.2273426 -2.9648263 3.3385313 -2.2491853 0.26596314 1.4680915 2.8003259 -1.847999 1.4094038 5.1340957 -0.2003369 2.8035257 1.9410992 -0.88028556 -1.720435
benelux 4.9930997 -2.9761674 -4.2676916 -5.7585926 -2.173643 -2.2313 -6.3934064 -0.11109918 2.1027794 0.97061783 0.92009467 3.8450358 0.70664465 2.2414145 0.47214144 -2.838321 -4.0130725 1.9429797 0.7876668 3.7488976
syndicates 3.2471476 1.6185184 -4.40321 -2.4354792 -1.8306072 -1.8495463 3.100129 3.4796033 0.7590102 0.44394478 1.1861854 -0.28129497 -6.0935855 -0.6432735 1.1856948 2.1423748 -7.3027635 -1.6492224 0.46098417 -1.1663386
hifi -0.16531858 0.29944214 0.14810728 -4.0757837 -1.6304315 -3.1689916 -1.3501403 2.9725852 -2.3852568 -4.3196683 -0.4200923 6.083167 2.0675385 -3.264189 1.0431509 -2.3127093 -4.0258985 0.459881 5.348042 0.23135054
baa -1.2999966 -0.8099899 -4.3435555 -1.2300038 0.22725517 -5.226628 -1.465693 -0.034876015 -0.5002866 1.1861404 -0.10895593 2.984782 -0.5753599 -3.3557086 2.6979375 -0.6897967 0.58466727 -1.8272927 0.7795543 -0.76995134
sportswear 0.05812934 2.0579395 -4.527155 -6.289277 -0.6669495 -0.24763724 -1.8145342 3.704654 -1.2857683 -1.3359884 2.7755527 4.973366 2.097329 -0.80552596 7.519045 2.7009864 -4.3384356 1.7952392 3.8699498 1.6385088
pacifica 2.6260173 -0.4210019 -1.5354087 -0.2711061 -1.2119094 -1.7831125 1.0034137 -0.6681852 -2.2523794 -1.7056686 -0.35884598 2.8281898 0.5491304 -5.7128077 0.23152643 -1.9703157 -1.7676069 -2.3638132 -2.1073985 2.094291
mailorder -0.5146936 3.015491 -2.2221763 -5.1235633 -3.3389678 -2.4557495 0.70527333 -1.3499017 -0.15508175 -6.689252 0.36742848 5.4120474 -0.8919362 0.6308517 2.2334762 -0.5010437 -5.5862956 0.30657753 -0.6065411 1.7193909
tele 2.7332304 -4.2869916 -1.9406209 -5.3568206 -2.3201022 -0.6046604 -2.2085469 2.304931 -2.6431503 0.94007146 -1.9819506 3.4171507 -1.4586952 -1.3171756 2.4170861 -7.2283106 -1.419002 -1.2396083 0.38296607 3.1897967
freelancer -0.26695016 -1.7719775 -0.56871694 -3.7637124 -0.674847 -1.2309765 0.51203793 5.104323 3.0186737 -6.084679 1.2102432 -0.34206635 -0.87923133 -2.7354124 2.1307807 -0.53700006 -2.4967594 -4.4259796 2.203774 4.053512
cathay -0.0628774 -1.2754588 -8.070168 -3.044989 -2.46698 -2.4018023 -0.4910973 2.4245434 -1.8588209 1.7200123 2.017175 3.2859118 0.07355921 0.66968846 -1.2611282 -1.9990112 -1.7664456 -2.6446214 -0.5303587 3.1979282
rechristened -1.4879533 -1.770396 -3.5946844 -1.5403574 -1.8122132 -1.3155767 -2.0780923 0.27472162 -4.1955957 -1.486242 -1.7898061 -0.91682017 4.1855674 0.034507565 -0.3349597 -0.1917095 -2.198539 -0.5737959 -1.5192919 1.5500932
reebok 0.8043981 2.2517326 -3.334112 -6.324618 -1.73777 -4.8939915 -2.8090105 5.287823 -3.7868989 -0.27676836 1.2489754 2.5977368 0.70249975 -1.2132198 5.7517405 2.000268 -0.67274535 2.2264693 2.4254715 1.3851347
franchised 3.1956162 0.46560436 -7.258371 -4.2444944 -2.4016538 -3.8282316 -2.826005 -2.777674 -4.5702567 -2.7015965 -1.3907752 2.7837973 -2.6247683 -1.1903375 3.3141515 -1.902326 -4.8564167 0.8184962 1.5176739 0.50227976
duopoly 4.467237 -0.6745042 -0.90454346 0.32997847 -2.103517 -8.38264 -4.0297766 1.5079652 -3.4095163 -1.1835986 -1.1369008 1.280657 -7.914967 -2.6243231 -1.8544258 -1.0143893 -7.2293034 -2.794875 2.7582097 0.38872993
marketer -2.532496 0.5127431 -0.606139 -5.196786 -1.3911372 -0.9840447 -1.3323293 1.4294925 -0.7241983 -1.6729146 0.20893995 6.2950835 -2.7732456 -3.7576487 3.138124 2.5230165 -4.715514 -1.0611691 1.5563114 2.1745274
rubicon 2.4541774 0.4776436 -2.5480084 -1.4138641 -1.8924563 -1.9559337 -0.9171866 2.0070107 -3.5157347 0.59874016 2.5952086 2.0554237 2.1384075 -1.1198976 -2.3515906 0.938428 -1.4397953 -2.0307755 -0.5231854 0.62898004
bally -0.44217595 0.7283939 -1.2562649 -3.7974527 -2.4334922 -1.8727075 -2.529393 1.4428258 -4.2313275 -0.13133729 0.7779829 3.321482 -0.8515887 0.7608829 1.9034623 -2.1249013 -1.6095111 -2.1332667 0.679304 -1.6736805
multiplatform 5.65689 -1.6227072 -0.26423562 -4.792034 -4.733294 -1.7039033 -0.110226154 5.4006367 -1.5275841 -0.9877184 -2.1962 4.3871746 -1.5927069 -4.774676 -1.3879602 1.7959982 -2.8126616 -1.4816993 2.3294039 2.5915358
discontinuing 1.5777894 -1.1087359 1.3777478 -1.9913299 -2.5741847 -4.3007536 -2.2961397 -0.5308815 -0.37647828 -1.9340465 -2.2794085 -0.16577378 -2.633046 0.9925513 -1.5574818 1.0750886 -2.079067 -0.7502268 3.2444177 3.882329
microcomputer 3.376262 -2.2669165 1.2084831 -3.6997952 -3.84025 -3.1043365 -0.45439863 2.5584347 -0.5424858 -2.0671432 -0.5390567 7.5213785 1.0328285 -0.76009625 1.8583552 0.3714863 -3.6225452 -5.2396026 4.0710044 2.1252327
shareware 5.1446323 -1.2136971 2.0865705 -7.1320243 -4.388379 -5.871809 0.7167309 2.5610626 0.2602813 -1.8361897 -1.423842 6.457831 -1.1114652 -0.75992626 1.1271958 1.452583 -3.3088887 -0.8092637 0.3191115 0.09441341
commercialize 1.4807619 0.17220995 3.4041555 -4.743913 -2.294249 0.097804666 -2.2491508 -0.767237 -2.8380237 -1.4654535 1.5206054 4.092316 0.5548697 -1.4305677 1.2012862 4.276966 -5.058383 -2.2557113 1.8504602 7.4440975
eyewear -0.9399485 2.322817 -0.7821427 -6.5729017 -2.9017043 -1.0942816 3.0796793 2.305363 -2.126265 0.24359459 -0.15672877 5.2670755 2.438158 -0.45072094 4.83423 1.1637812 -2.9126816 2.1811345 3.0123115 4.025527
marketplaces 4.305057 1.5180459 -3.2430964 -2.9900627 -3.2318368 1.7571974 0.3324983 -0.97372216 -1.2293794 -1.9853089 -0.4098469 3.6441274 -6.044123 1.1765052 -0.1306092 -2.1879358 -3.801098 1.5120935 1.5892595 0.41892034
trailblazer 0.13697931 -0.9132613 -2.0080588 -0.88043123 -0.8631094 -1.1048245 0.117803104 2.9748633 0.98059696 -0.97230935 -0.003538326 4.4069996 0.34476906 -3.9842134 1.1463625 3.0888243 -0.44376406 -1.3713949 -0.5561085 1.0373142
hooters 1.6342653 1.3435298 -3.938749 -4.252619 0.16266923 -4.8412576 -0.9793656 1.3023459 -3.0545194 -2.9312983 1.6500906 -0.23252414 0.21416384 -4.982754 4.0854354 -0.6422065 -0.41638857 -0.5255915 0.0607082 0.6917311
influencers 2.6927629 0.1778873 -1.3520708 -2.3711298 -1.6459568 0.6135702 -0.23955743 2.6767888 2.0644124 -2.359438 -2.6319668 4.08512 -6.2139344 -5.17102 2.0416565 1.8918328 -2.8085227 2.1023846 1.3551508 -1.0288315
franchisee -0.22827704 1.804803 -4.2571483 -3.0696206 -1.7789681 -4.6353617 -3.2756994 1.2642224 -4.5819325 -0.81295913 1.0244665 3.66895 -4.7896123 -0.19232574 2.5768032 0.066927746 -3.6389618 -0.047024466 0.109739825 1.313479
homebrew 5.9544744 -1.8565155 0.17911242 -6.1393075 -2.7366502 -2.5355754 0.1638494 2.573981 -2.753652 -2.0352285 -1.1024566 4.191856 -0.27543122 -1.2620856 1.8899925 2.751845 -3.483382 0.29097635 2.9874012 0.19340698
retailed -1.1791002 -0.1887393 -2.4327056 -7.1105623 -4.3806586 -6.1871095 -1.8031815 -2.0667932 -0.51370525 -0.4899683 -3.317794 4.8627 1.4091512 1.8625971 1.1627966 -2.367726 -2.6007814 1.0872352 1.9190468 -0.8550527
freelancers 1.9069263 -0.41634703 -1.60374 -3.979856 -1.7331412 -1.2685044 2.1505287 0.5608468 0.85637605 -4.681142 -1.9077874 0.80599195 -4.32458 -0.8691657 4.068193 2.0664246 -3.5206032 -0.65393615 2.1595483 1.9547892
bim 1.2133377 -0.7560702 1.2260393 -2.026372 -1.6837933 1.6100948 -0.386874 2.2320309 -2.1824403 0.7055699 -0.59740007 3.7122002 -0.25533107 -1.481867 1.7306912 -1.0061598 -2.7493591 -0.2714102 0.25962317 1.7879657
retooled 1.7766603 -0.82484156 -0.34466034 -3.8663871 -2.568386 -3.8462262 -0.33162415 1.7371694 -1.2980338 -3.3422222 -1.3257571 -0.43015918 1.5828655 -1.2057391 -1.9792031 0.64426655 -2.2437816 -1.8023971 3.8660436 -1.5303553
nestle -2.78158 2.1171741 -1.4408929 -4.715781 -1.4483787 -0.64302844 -1.7302831 -0.4040736 -2.0215385 0.3047105 1.0838577 3.5404763 -0.6172166 -1.375119 2.7684164 -0.65198565 -3.7633293 0.21752575 -1.4769597 1.4288806
newsstand 0.36537638 2.0067582 -1.5537297 -3.0898318 -3.7993941 -3.6213784 1.0177372 0.6481513 -0.81828874 -4.708697 -1.1754738 3.824202 -2.626462 0.22794595 -0.48395628 -2.157469 -1.9292091 -0.38386884 -0.14030573 -1.2271342
shoestring -1.4271556 2.285633 -1.1774096 -2.9025664 -4.2716894 -1.4734249 -0.4034307 2.040757 -0.7827318 -2.9031947 -1.5383896 0.15588836 -3.2896235 -1.2381518 -1.3225217 0.109454095 -0.058432106 -3.307501 2.2054293 -1.3532107
outsold -0.3666514 -1.934918 -0.9500135 -7.26424 -1.7453936 -5.151539 -4.3552594 -0.15041338 1.5352063 0.22080879 -1.3544443 1.691023 1.9784046 -0.024017572 -1.8184807 -0.79766124 -2.1870332 1.42417 2.6229203 -4.5501204
codeshare 4.8975854 -4.2059116 -4.5159836 -4.6864243 -3.0275202 -4.9155436 -5.8700023 -1.7375557 -2.8087668 4.1180086 -1.1784972 0.84915715 -4.081516 1.1558051 -0.28573778 -2.7534366 -2.672859 -0.7121082 0.49971527 7.648274
savers -0.93843305 2.638588 -1.5065495 -5.8030853 -2.884255 0.18048017 -1.1135819 -0.13987528 -1.3855721 -1.4138383 0.4563703 3.4501731 -2.766206 -1.924927 0.15752801 2.2347689 -0.45882803 0.60061955 0.6427983 0.9697649
advertises -0.88118374 -0.11687509 -3.2404428 -3.7663937 -2.3258855 0.14151871 0.3495102 -1.1744852 -3.5457032 -2.9562757 -3.8956532 2.4554763 -0.9653607 -2.033857 -0.6374289 1.497022 -2.3885155 3.4716897 0.0014439003 0.0981023
tomy 0.86143285 -3.8955777 -0.5710347 -5.5211196 0.9158666 -3.5157843 -1.0914723 1.3645184 -2.691517 0.559425 2.8355947 3.2600796 1.8145292 -0.786127 1.9943533 -4.547287 -2.5901225 -2.4693985 0.37165976 -0.25240803
freelancing -0.39735293 0.3998834 -1.9335791 -1.8633777 -2.058153 -0.39098677 -0.99977624 2.4571154 2.3742106 -6.4993443 0.013341515 -0.9169767 0.03359954 -2.9550438 0.25943318 -0.21676296 -2.5702834 -3.9950316 2.3176782 2.2313411
greenlight 0.06612635 0.58166516 1.1908247 -5.3054237 -5.4881773 -5.7271605 -1.3463045 4.2621756 -1.77249 -1.7779362 -0.66311187 2.3272946 -1.5434757 0.92098653 -2.8637745 1.1772134 0.8649607 -3.5121734 2.487113 2.7328994
jumpstart 2.1171992 0.056145262 0.5010897 -3.46528 -2.462427 0.07476494 -1.7153252 1.3558888 -0.88341194 -2.3061619 -0.3383 0.7956597 -1.4788163 -2.3406816 -0.19740188 4.8720284 0.5148012 -1.7737304 1.6555346 2.228571
argosy -1.1090741 0.5511303 -3.5927343 -0.6614792 -3.3870387 -3.4681914 0.89909106 0.45910156 1.7827969 -2.456168 -0.2115142 2.6134956 3.0403078 -0.57165706 0.33025885 0.10441761 -2.3685992 -4.714963 -0.9269609 0.3497896
kickstart 1.6662831 0.077509254 0.59325767 -4.263017 -2.016461 -0.8496001 -2.0732524 2.7056239 -2.9430478 -1.1236942 -0.4789441 0.9654306 -2.3297877 -1.4266747 0.036419906 2.1319501 0.02325685 0.71007985 2.739037 2.1931179
giveaway 0.9324568 2.485242 -1.8003367 -4.7671213 -2.9777002 -4.688079 1.0981269 2.3453724 -0.9054205 -2.5869236 -1.3138827 1.4655921 -1.7887251 -1.1254114 -0.036050387 0.7959309 0.5488808 3.0399153 -0.37518784 -0.38502982
evs 2.1445863 -1.7409003 1.0261891 -4.4732995 -0.76933336 -1.0640181 -1.9307939 0.041191936 -1.4201641 1.3094523 0.3230129 1.8146378 -2.6500986 2.0278506 4.184177 -2.294149 0.47585443 -1.2466799 4.3446684 2.9798877
unlisted 1.4189732 1.1142297 -0.8936934 -2.188837 -3.1736727 -3.5880795 0.043816302 -1.4556309 -0.5987496 -1.2533448 -1.9110883 3.6870725 -2.2758186 1.2393101 0.82600707 -1.2591846 -2.2677946 0.57720083 -0.19045825 -1.9502007
turnkey 1.4253926 -0.48249215 0.81060684 -2.905892 -4.121855 -1.0443419 -0.72875404 -1.0781606 -4.60971 -0.7175399 -1.6423457 4.243642 -1.4439542 1.5842459 2.473997 1.0121452 -2.2682161 -2.984051 2.7027025 3.9356754
hypermarket 3.068584 0.855355 -4.672898 -5.4206376 -3.544339 0.16567646 -1.8289893 0.66262746 -7.0333767 1.6237382 -0.32106012 2.4455693 -2.7082186 0.83214176 3.3274257 -6.5365567 -2.6166217 0.6143115 -0.52341455 0.24960788
chiller -0.822812 1.7497724 0.04419241 -3.0638351 -3.4889352 -1.1055186 1.9302137 2.438723 -2.834452 -0.43542972 -0.48210156 1.8216869 0.8769319 -2.2043831 -2.265372 -1.936836 0.3539996 -1.3382306 3.8931537 1.3712955
outsource 0.8277851 -1.7345483 -0.6725289 -4.8464384 -2.7092056 0.17888212 -1.9986202 -1.5685588 -2.3030164 -1.6965792 -2.1243498 1.914501 -4.450191 0.9583666 0.7336247 2.8584292 -3.845246 -0.7457745 3.9525626 3.5898838
reseller 0.95306903 -0.30550176 -1.4858938 -3.6995673 -3.1378758 -3.4351337 -1.3073593 0.2901487 -3.0920007 -0.6849264 -1.0496739 6.1834087 -3.836283 -0.1417847 2.874592 0.49431065 -3.5996718 -1.3156013 0.82789654 4.0062237
eidos 4.4063206 1.1318616 2.3609588 -3.9172435 -5.6100464 -2.8998907 -0.73341715 6.45947 -1.226653 0.17532931 0.6858598 4.3804884 1.2014536 -0.82933646 -0.80968004 1.2914248 -2.3771164 -2.4480011 -2.9539063 2.5010226
creatives 2.3185594 -0.0028334 -1.0391798 -2.848242 -1.9342049 1.8735585 0.3771653 3.544781 -0.22024201 -3.5099487 -0.9570635 3.672972 -1.3736991 -2.3923843 2.2689354 1.2557931 -2.8429809 0.56370103 2.2048252 0.71681845
televise 3.4366906 -0.7945093 -3.5907795 -3.4728343 -2.8573344 -6.1001425 -2.4748657 2.673413 -1.6762502 -0.77352047 -4.4777665 -2.6719437 -4.202482 -3.9552925 0.024317253 1.7608304 0.43498063 1.2924553 1.5639725 0.90916914
touting -0.5215271 0.038816933 -0.98676187 -2.483957 -2.1568346 -1.6441892 -0.82572496 1.0803374 0.17082141 -1.6689728 -2.8658514 0.9593849 -1.884278 -2.2205863 -2.321937 2.29621 -2.8299634 1.5911143 1.3285122 -0.24489461
swatch 2.319509 -0.54958105 -1.4240923 -6.2285485 -1.394298 -0.9440251 -0.5159322 1.1347373 -1.7269862 -0.11872887 1.0061307 3.650653 2.0458949 -0.5076322 3.551841 0.16371484 -1.4416628 1.0431958 0.7365257 2.6016786
infomercial 0.113842085 0.50785697 0.0554854 -4.038202 -2.242199 -2.6700146 1.6301026 3.8675706 -1.3123475 -3.1052644 -1.2367932 2.279219 -4.0558124 -4.436323 -1.0278664 -1.2660766 -0.96925014 -0.650393 1.8113774 -0.10937457
keno 0.3864317 0.68992436 -2.4759505 -3.613639 -0.9863717 -3.4917307 -0.9292497 -0.22304149 -4.9048862 0.08527537 0.5234388 1.7864765 -1.9217298 -1.4692787 1.6963215 -0.5643015 0.07740831 -0.450403 -0.620701 -1.94148
optima 1.7627618 -0.5124113 1.1468269 -2.4003441 -1.6451507 -1.6690966 -1.8105193 -0.39560607 -1.4079804 1.5850449 0.40755188 5.69949 -0.14529969 -0.2656082 1.5237536 -0.5169514 -1.7911191 -1.5307673 1.4381851 0.06762205
webmaster -0.22273588 -0.98689705 1.067759 -1.4675568 -1.7084559 -2.1321237 1.7824297 2.9876122 -1.7719417 -2.8514931 -2.4967134 2.724395 -1.3614913 -2.1291623 1.4809045 1.2946464 -3.2655988 -0.24480411 -2.087748 1.7106489
relaunching 1.0673994 -1.3318107 -1.1694087 -2.6785436 -2.6066942 -2.206462 -2.7323263 3.01864 -0.6018095 -1.8683248 -1.4390156 0.12811351 -0.051334932 -0.86099315 -1.7352018 0.320075 -2.8851078 -0.81525177 0.9531932 1.7977093
flyin 1.8746766 2.0245507 -5.0637846 -2.3926892 -1.5583955 -2.1010342 0.557032 -2.0567806 -2.494066 -1.3195304 -0.29196724 -0.8873828 0.60818565 -3.568339 2.1205764 -0.19548059 0.63187206 -1.4071286 1.3924004 1.3032095
superstation 3.5443053 0.63344854 -3.0629208 0.52796334 -1.5525509 -6.4977913 -1.686969 1.7484213 -1.9728233 -2.5232015 -0.37826315 1.5578321 -4.3926888 -6.276612 -1.3497946 -3.267885 -3.1270201 -2.4417415 2.9969404 2.7140346
lucent 1.8990203 -0.72242296 1.6046784 -2.8846126 -2.818631 -1.8066294 -0.87383556 0.92869407 -4.0589757 -1.7576531 -0.9319908 3.2316256 1.5328666 -2.5193834 2.127503 1.2003683 -3.9312727 -3.1563363 -0.4335341 4.652776
endorser -0.9982164 -1.0215245 0.1508179 -4.810041 0.24767074 -0.96181923 -1.9922915 3.0741081 -0.7011239 -2.2077346 -1.1479928 2.028759 -0.971682 -4.1719365 3.7875237 0.4776069 -3.0667272 1.8682137 1.1358342 1.0882484
oneworld 3.1110418 -3.5131414 -3.8583758 -2.9214318 0.17986465 -3.0430975 -2.427089 2.6196187 -1.0989584 -0.2996786 0.5706791 2.5881827 -1.3179189 -0.7617391 1.7454392 0.51693565 -3.1270466 1.0123162 -0.87540007 4.7434154
pix -0.21131063 -0.3197985 0.991823 -3.594464 -2.4485238 -1.9170556 1.9392885 2.9269855 -1.9101292 -2.060246 -0.73255265 4.32508 2.1487236 -2.3737435 0.49523568 -0.9580245 -1.321035 -1.0846622 -0.9851531 0.041899968
influencer 0.39196944 -0.6004269 0.19123931 -3.568059 -1.6389543 0.54055464 -1.1570611 3.3500357 1.0244237 -2.0393913 -1.6379217 3.9925873 -4.1625657 -5.226529 1.305123 0.79920715 -2.1467228 -0.051333383 -0.002946893 0.7314724
telematics 0.7006257 -2.4605916 -0.94522274 -2.7930872 -3.5803 -0.880655 -0.17121342 1.6571605 -3.3113785 1.310154 -2.5691476 5.4681554 -1.7511452 -0.8967689 2.0411046 1.1307489 -1.4724216 -2.5364614 2.8729963 4.646297
billabong -0.16804217 1.9641702 -4.249008 -2.7762086 -1.4926243 -1.9798499 -1.4528041 0.60881555 -2.907963 2.2033577 1.862179 3.3722932 1.7757472 -4.049768 -0.017869592 -0.23629868 1.6865339 -0.48382756 -0.08178065 0.28217041
brandname -0.61108536 0.84775364 0.57804346 -5.1947403 -1.5627084 -1.5587041 -0.27414176 -1.4057276 -0.25596362 -0.40745342 0.37047988 4.9905415 -1.6767887 0.31991175 2.1825993 -0.8659992 -4.2719717 0.45159003 2.3859055 1.0667766
timeshare 3.0045106 1.6780219 -2.0706768 -3.380251 -3.6334221 -2.1288733 -1.457917 -0.9393686 -4.002675 -3.1080606 -0.08017787 1.8664304 -4.6096697 1.379856 0.7488359 0.0896243 -1.2178069 -1.4181111 -0.037623197 0.2747333
bookmaking -0.11018022 1.761302 -2.2339501 -3.2601726 -1.826096 -1.1335964 1.046547 0.47427365 -1.1980302 -2.1701047 0.73380363 -0.24693853 -3.177931 0.9554535 1.8105668 2.8204238 -3.8935277 -1.9309508 0.35116693 -0.6729575
maxis 3.0159702 -0.4309454 0.46357912 -4.537139 -2.8819144 -3.0621347 -0.8916726 4.046366 -1.8906235 -0.12697461 0.28417966 3.3023763 -0.7955369 -1.3720909 1.1287339 0.4936219 -1.8667393 -1.7690619 0.64857787 1.8022262
penta 1.639119 -1.249127 0.3000246 -4.2284813 -0.64577717 -1.9100327 -1.2283243 0.7613285 -3.4849849 2.6334584 1.3337016 1.6520475 -0.5799639 -0.41776213 2.3399017 -1.3909104 -0.5827525 -1.730396 0.4709033 0.9721158
redeye 0.8091024 0.0036001154 -0.6215442 -2.50783 -0.48002172 -3.1523361 1.8070551 0.006147879 0.1664543 0.84970826 1.2462175 2.9695318 0.5997533 -3.847536 -1.236093 -0.7652276 -1.310695 -1.5409647 1.7068776 0.792783
collectables 1.4991139 2.7503424 -0.66187125 -5.1314692 -3.469803 -2.378498 0.86581653 -0.011065606 0.6928889 -1.6807715 0.49674305 3.48275 1.008278 0.77230275 1.3711774 -1.6507497 -1.7308229 1.5716792 -0.38344315 -1.8572471
salesperson -2.7072031 0.55490094 -0.4527104 -3.151795 -0.46735469 -0.63250935 0.3556012 -0.64775336 -2.4602337 -4.2916327 -0.07926513 2.677618 -3.0550613 -1.1291295 3.470674 2.4127614 -2.1640103 -1.4054686 1.5868928 1.219077
intl -0.42327237 -0.14968665 -0.7012486 -2.3685951 -2.7213428 -1.315135 -2.5694065 0.4861049 -2.766924 1.615729 -1.6641858 3.4105995 1.0907449 -2.3884146 1.2244993 -0.7349537 -1.2912688 -0.53758407 -1.706125 3.8837662
telemarketing -0.60277486 0.38709104 -0.37244147 -2.582283 -2.2005136 -2.8844826 2.088579 -0.20476992 -0.8853191 -2.3602564 -1.9626764 2.7601385 -5.711924 -0.54104465 0.6051229 2.0390124 -4.070144 -0.17189233 1.1754733 2.148251
yelp -0.5254253 0.9476233 0.60322624 -2.235946 -2.1888216 -3.4004946 1.7759748 0.7523572 -1.6677818 -2.8381827 -1.912126 3.6961744 -4.4841633 -3.3421562 -1.6440492 0.37898636 -1.9132066 0.41802403 -0.7305639 -0.1527182
socal 2.4092903 -0.06441384 -2.0759296 -3.1700044 -0.07868041 -1.9760054 -0.99251807 2.4740222 -3.1746392 0.7178798 0.71199125 -0.1337978 0.59976244 -4.8176622 0.6443086 -0.040742528 -0.20846511 0.81703794 0.13493101 0.5190454
helio 1.3554332 -2.6251304 1.4062244 -4.2388964 -0.18514425 -2.7205305 -0.103511244 1.1231828 -3.2894554 0.3254794 0.49186707 1.5204939 1.2270048 -2.5884767 1.9560992 0.23047431 -0.42861745 -2.7047224 -0.7925922 1.6190802
presale 1.4872975 1.9004334 -0.6193602 -4.832968 -4.170815 -5.24034 -1.9270998 0.57318693 -0.37200257 -1.972732 -1.5198157 0.91874456 -3.5217354 1.9059007 -0.28041542 -2.4202213 1.1824908 2.322699 0.03953663 1.1811441
peavey 0.46404508 -0.06642853 2.0598829 -1.6311214 0.2780064 -3.5495002 -0.42110625 0.21748209 -3.4001052 -3.754076 1.3277792 3.5736537 2.6638074 -1.4902567 2.497299 0.1384974 -4.1141057 -1.1955324 1.9766127 0.15087417
raindance -0.40961975 0.70489556 -1.8849536 -1.9264913 -3.8004327 0.09315211 -0.7282139 3.9861379 0.09520827 0.11284556 -0.72408074 1.2450676 2.0501845 -1.362105 -0.12252071 -2.2893708 0.20713781 -0.3684416 -0.7326156 2.4416795
intuit 0.3144771 1.049326 1.5788962 -3.4500604 -3.5664623 -2.1012607 -2.1055732 1.280032 -3.4679408 -1.3043708 -0.85780716 4.32377 -2.7620826 -1.2174308 0.87552845 1.395591 -2.6636176 -0.70939845 -1.3456919 3.2310328
programing 2.3556943 -0.02766091 -0.5823494 -0.16709088 -2.479108 -0.7674943 1.0071288 2.4613612 -0.29133332 -3.1088355 -2.57305 1.9195637 -3.2044015 -3.2376952 0.49096102 -2.0162942 -0.5929596 -0.9184212 2.4180484 1.5065191
noggin 2.0456882 -0.5584799 0.3779784 -2.612279 -1.4280872 -3.2689536 1.8876191 1.3842672 -2.554066 -2.3498085 -0.8506639 1.7694486 -1.091751 -3.1360548 -0.2620344 -2.9422708 -0.8779302 -1.4091693 0.99611497 -0.6240928
yahoos 0.5216702 -0.65345573 1.0007488 -2.6012502 -2.035997 -3.602753 1.3807687 2.5006752 -1.4096078 -1.6965187 -1.5601526 2.8521678 -4.118533 -1.9064907 -0.88084126 1.1734085 -1.5870949 -0.33849287 -1.1134768 1.2737968
homebase 2.233287 0.9787583 -3.1426573 -1.8119985 -1.5820155 -1.5024549 -0.89041805 0.51792395 -3.7312768 -0.6598391 0.95202804 0.072786555 -1.1341745 0.4874722 1.2292688 -2.1401334 -2.013269 -0.70750695 0.5808388 0.7280309
gravure 0.117212825 -1.9225421 -0.21996506 -5.0754147 -1.9305047 0.4608105 1.4696804 1.631861 0.9630323 -1.9060427 -0.87383926 2.819272 2.6883643 -0.6562406 2.1165152 -2.62572 -0.018927881 0.0027463925 1.0170746 2.186678
outselling 0.22160122 -1.0041006 -1.5287694 -6.1548553 -0.84590757 -4.3683996 -2.7224572 -0.47886607 1.3169504 -0.5417577 -0.40204263 1.6607524 0.16178852 -0.813499 -0.3666336 -1.5262876 -2.228167 1.3552788 2.0687222 -3.0700383
rediffusion -1.7437822 -1.348062 -2.8226933 -1.607657 -2.3415513 -1.9629104 -1.5239794 4.283441 0.5350943 -2.4419348 -0.24619263 2.6533694 -2.988241 -0.1463354 0.43449092 -2.7219033 -1.8570911 -3.5284088 2.3779 1.8287734
mfg -2.892824 1.8082887 0.50542873 -2.1954386 -1.6945585 -4.285497 -1.3792791 -0.7423666 -3.0698776 0.106937096 1.5294675 3.8728144 3.222069 0.17962988 2.6984031 0.4933519 -4.4699144 -2.8169503 0.6865327 1.9239998
womenswear -0.65157956 1.9510429 -1.3252772 -4.545886 -2.9138565 0.6271824 -1.204006 3.1699128 -0.22853777 -2.885111 0.6815395 4.468325 2.5865483 0.5420953 4.4273796 -0.014354896 -1.7893511 0.27247062 1.0475748 0.50816494
giveaways 2.0598803 1.5938219 -3.1598985 -4.9652214 -3.146941 -1.964446 1.3201324 0.96542215 -0.3450202 -2.6203198 -2.8494675 1.5040871 -2.2564514 -1.720166 1.742532 0.39541 -0.019984234 2.853003 0.9951076 -0.3281149
consortiums 2.40048 0.4630228 -1.0246185 -0.53621733 -3.5358572 -0.888429 -1.2382798 0.82059395 -0.24486077 0.98020464 -2.185615 1.881536 -2.398726 0.54006755 1.8462024 1.5134057 -1.7063844 -0.8831885 0.9019497 2.6256433
skyways 1.0116245 -0.1592044 -3.493078 -0.6910764 -2.889863 -2.4977314 -0.008917226 1.0784448 -2.4581237 0.22780882 0.37801278 0.6307686 -1.0596856 1.9407246 1.4503231 -2.4238548 -1.0676751 -4.8741035 1.798987 1.7350929
timeshift 0.64791965 -2.105604 -0.9504545 -2.492937 -2.9971695 -4.043427 1.1341848 1.4363678 -1.5958123 -0.8365532 -2.6446364 1.8613337 -2.3812172 -3.0420856 -1.9684774 -4.099592 1.7099236 -2.0851014 2.3639185 0.9784717
hypermarkets 3.1994956 0.61488515 -3.4444292 -5.0845494 -2.796044 0.20887883 -2.1214786 -0.65771455 -3.789746 0.89580613 0.5823708 2.1081972 -3.9114199 1.3053727 2.5553195 -5.473075 -3.2896683 -0.060564425 0.63264835 -0.057025265
bookmobile 1.6205399 1.2632637 -3.0223048 2.0590556 -2.9222834 -2.240075 1.5055254 -1.8671696 -3.106085 -4.8990297 -1.5128938 2.6251097 -2.6838703 1.1536475 2.1999152 -1.8118634 -0.7972934 -2.2049425 -0.39364696 2.2938068
housewares -0.4589204 3.2033844 -2.9178226 -3.7354627 -2.8899536 1.1352624 0.6020099 -0.32472187 -2.3135693 -1.7400545 0.2691713 3.6138349 0.47808525 0.5280852 4.234666 -0.124061614 -3.6603036 0.749583 1.8405956 1.198213
classifieds 2.1974294 -0.30805138 -2.1913624 -2.3746796 -3.7122915 -1.6263301 1.1053268 0.34759417 -0.9434333 -3.0148244 -2.655152 3.947841 -3.6004355 -0.80741966 -0.44640172 -1.7515731 -3.7362669 -0.053177603 -0.7620562 0.111962005
telco 0.40139964 -0.91619134 -1.2941511 -1.5562896 -2.0607371 -2.1520693 -1.412181 0.3798053 -3.1624844 0.8574112 -1.382505 3.2701979 -4.1424665 0.68230504 0.6829893 -1.479632 -2.3802166 -0.38496366 2.2875173 2.7321193
imagineering 1.7196091 1.1054147 -1.2645897 -3.626635 -3.673554 0.0052500064 0.85625446 4.2305183 -2.642309 -1.6739926 1.425681 2.2462986 1.5533297 -1.5933288 1.0058317 1.8932949 -2.5574396 -3.9264636 -0.18431886 1.561565
retails -0.21087733 0.66683066 -3.0585077 -4.8909445 -2.7787054 -1.5325248 -0.9727115 -1.2887752 -2.574509 -0.02283811 -1.3856636 3.8052192 -1.1116592 0.45956138 1.7035629 -1.3350037 -2.5759819 1.3096914 2.0524902 0.40620255
squawk -1.892986 -0.891323 -3.5693743 -1.1733271 -1.5307637 -5.016752 1.9713631 1.7136363 -2.4492047 -2.198134 -2.4125571 2.6892815 -0.5336473 -3.4082108 -2.0338364 -2.9730997 0.8759229 0.15968557 2.313604 -0.22972666
carsharing 2.7891521 -1.0667077 -2.1845307 -2.8552234 -3.3918033 -0.3042074 -2.0782366 -0.72945464 -3.444133 -1.0856806 -1.386868 2.2432714 -4.5561967 0.35607117 2.4765983 -0.5714216 -1.1941632 -3.295422 2.4559944 3.1829607
ebusiness 1.4531114 -1.429448 0.55648434 -2.6781437 -3.699902 0.7613148 -1.483953 1.1905899 -1.8524339 0.16697237 -2.5580459 4.6211967 -2.4619207 -1.6968015 1.858099 1.1134157 -2.8095686 -1.905576 0.3523604 3.290541
televising 1.9624566 -0.07331656 -2.199247 -1.2189927 -2.4733474 -2.6095324 -1.411882 2.6898394 0.016967926 -1.1429392 -3.218637 -1.8143296 -2.2855294 -3.1211917 -0.2801569 1.1722856 1.124214 0.15922666 1.69321 -0.06473785
bottlers -0.09789411 2.4063404 -3.2176497 -3.3634582 -0.8141095 -2.9895697 -2.7997124 -0.37382194 -1.129183 1.7813674 2.1172662 2.68696 -3.084461 -0.8038777 1.787182 -1.9489825 -4.196168 1.1061138 0.011008537 1.0115702
speedo -0.8074615 0.7606932 -2.9037843 -4.374052 -0.42893788 -1.9574375 0.7457385 1.9214028 -1.5512056 0.8315555 1.3106984 2.538518 1.9961375 -1.2237095 2.652701 1.470704 -0.0926434 1.2505887 2.3732457 0.7520586
newsgathering 1.1637882 -1.3986042 -2.263504 -0.38375986 -2.9992635 -1.2665595 1.5450418 0.74022406 -0.8644464 -0.9591414 -2.7377024 1.3103892 -2.7793663 -1.390712 0.010224869 0.18387046 -2.2191834 -3.312793 2.8570664 3.1734517
telecasting -0.6212711 -0.8113019 -1.3641512 -2.3325274 -2.2729914 -3.1105094 -2.0787785 1.9920222 -1.902028 -0.80311215 -1.4954021 0.89751554 -2.8452878 -3.322447 0.35565403 -3.0613544 -2.5257142 -3.0234199 0.5169793 2.3782187
pachinko 3.6425917 -0.53586745 -1.9387543 -6.91896 -1.4691286 -1.0890797 2.2360106 1.6717837 -1.9323549 -0.75710005 0.86047333 1.7840931 -0.040457748 -0.6562 0.98657995 -0.11010621 -0.5616615 1.0933572 2.2195487 -0.16232081
wholesaling -0.56402165 1.412107 -1.937234 -2.4149814 -1.573627 0.75240254 -1.6030049 -2.118243 -1.3157748 -1.7946573 1.1476635 2.8100493 -2.5513926 0.30883062 2.0844262 -0.61442256 -5.5643063 -1.6198328 1.899361 1.1628999
stereos 0.17583261 -0.52601725 0.076662384 -3.9192553 -0.8006282 -2.8942125 1.0842801 0.5175453 -2.7551699 -2.846948 -0.4809516 2.2588353 0.6808963 -0.9899899 0.118340656 -2.221718 -0.9611212 0.72523266 3.9167726 0.15084615
beeline 0.65685165 -0.6449216 -1.9978975 0.3666502 -0.34452724 -2.7001057 -1.3785485 -0.30510336 -3.836649 -1.0556313 0.09439664 1.3935776 -2.2028193 -0.448777 0.35086274 -2.1170032 -0.06032249 -0.73242074 1.1122831 1.0522459
pronto 0.6423446 -1.3233688 -0.68482226 -4.4842606 -0.88055515 -1.746681 0.290564 0.6736267 -1.961326 -0.8565057 0.5041414 2.1834304 -0.28898913 -1.0443085 0.7320812 -1.7677654 -0.50847435 -1.4039938 -0.44357595 -0.5711005
spinout 0.21848507 0.8810903 1.2288574 -1.8127829 -2.363059 -1.130953 -2.8090792 0.5934407 -1.9498332 -0.5956264 0.1729932 2.4158616 0.6397823 -0.91239613 2.473063 0.98010296 -2.2960215 -2.7018528 0.6630201 3.0844781
kaboom 1.3116759 0.6418 -0.65283024 -3.2801266 -1.6957774 -1.6923366 1.5020399 3.0240285 -2.0968013 -1.5018016 0.45486957 0.82415575 -0.09924343 -2.7567701 -0.47249115 0.22317185 -0.5316696 -0.5340588 -0.4822145 0.29190966
livewire 0.42269802 -0.62860864 -0.0059366454 -2.2262974 -0.21019815 -1.6771806 1.3222653 2.9918482 -1.712582 -0.17603385 0.68862206 2.1785216 1.0428569 -3.2685196 0.022652928 1.2575309 -0.6154076 -0.26709336 0.7818546 1.1208029
brewpub 0.5172666 4.066706 -3.2692258 -1.182288 -1.9679545 -1.234106 -2.1045408 -0.7787765 -4.7401648 -1.6073245 2.166946 2.8568802 1.4212823 0.4198331 2.5456555 -2.6750124 -2.1939957 0.8162123 -0.8680778 0.34962207
covergirl -0.76718456 0.9183894 -1.2661532 -5.891272 -1.3131006 -2.4879093 -0.1668028 3.24553 0.69351083 -1.5017177 0.35531658 1.992188 -0.69400597 -3.0097346 2.2217002 -0.23085187 -0.7782725 0.80103683 -0.77578735 0.51010054
weei 0.21715105 0.021588216 -0.5241174 0.637179 -0.2947967 -5.5289373 -1.10822 2.4789448 -1.8130242 -4.6333594 -0.5352346 -1.8261737 -1.7834574 -3.9347684 0.273762 -1.8844987 -1.2127347 -2.27939 2.1123989 1.5717189
demerger 1.1331179 0.060929887 0.07722928 -0.65334487 -2.245445 -2.8115144 -4.583842 1.4347517 -1.5093746 1.8886398 -0.042620625 1.2793632 -3.3776248 3.0077164 1.8178109 -1.7468358 -3.805335 -1.0486047 0.60781926 1.819404
motorcars 0.14564618 0.425093 -1.3446708 -1.5513169 -1.9993646 -1.8126456 -0.51454306 0.3236 -1.780252 -1.0092349 1.0299958 2.0455456 0.6951232 2.0848181 1.6565301 -0.46377054 -1.5224366 -3.441975 2.0497134 -1.7540672
dreamcatcher 2.1810925 0.54845834 -0.7676401 -3.4731057 -2.2342274 -2.5274796 0.6240017 2.755276 -0.65564674 -0.9731663 0.76959485 2.0003722 1.4325709 -2.1073914 -1.0014534 -0.41566017 -1.3640037 -0.045442607 -0.9891991 0.54453343
snowboards 0.1609339 0.96133316 -2.0317247 -3.8353932 -0.3017804 0.14254643 -0.41812792 0.44243327 -3.805858 -0.7092837 1.6849346 2.5166898 2.5595422 -1.5266321 3.9794893 1.6859032 -0.38727784 -0.55845445 2.8340862 0.13740702
rebroadcasting 0.5496555 -1.2277602 -0.60661745 0.5076901 -2.1088908 -2.6866982 -0.434409 0.46735388 -1.523882 -2.7780728 -2.6930776 0.8809463 -1.9581199 -3.1011572 -1.7115575 -4.9434433 -1.1380411 -1.8167022 2.1788146 2.8643055
zoetrope 0.3921538 1.065065 -0.33480605 -2.6200094 -3.6095974 -0.055551875 1.4453113 3.4487405 -0.6424131 -1.5144702 0.40491667 2.749563 3.7349 -0.5779267 -0.9677684 -0.47838694 -1.5825202 -1.9900619 0.9359163 0.5642977
spokesmodel -1.7882441 0.36042222 -1.3956797 -6.259346 -0.6963108 -1.2396641 -0.33254835 3.188091 -0.73884284 -1.2321998 0.7796619 1.822212 -0.47193325 -3.240316 3.0162456 -0.17233554 -2.4322867 0.06836846 -1.2226764 0.8096576
mutuals 1.6187166 1.9786729 -1.4021883 0.42046884 -1.4467092 -2.8404765 -2.9393628 1.2072865 0.124829 -1.459611 0.25329918 0.22238047 -1.9205384 -1.3342273 1.7265007 0.87715936 -2.0894213 -0.91864127 0.34321815 -0.056110103
bottler -1.6757814 2.3634937 -1.5067621 -3.669761 -0.49598697 -2.0047321 -2.4342544 0.5472802 -2.0764751 0.5547892 2.7361836 3.1983817 -1.5543026 -1.3424202 2.2646105 -1.7445271 -3.4883263 0.31817147 -0.5422421 0.448722
jobbers 2.091246 1.3554499 -1.7940933 -2.205851 0.5798438 -3.0744696 -0.7456613 0.36872968 -1.5880638 0.30031666 2.4851038 0.35047603 -1.7592448 -0.6099941 1.2816048 1.3457475 -2.188417 0.7281947 0.71035063 -0.7633923
jukeboxes 2.162509 1.5880054 -0.34009075 -3.140461 -1.2773063 -1.7323605 -0.43711698 0.62283194 -0.48177934 -3.1102479 1.0993726 2.9719594 -0.27561337 -0.55105007 1.4505551 -2.68983 -1.6445633 0.68176585 3.2966533 -0.078067504
motorhome 0.6738777 0.18455702 -3.0270135 -3.092966 -1.3731552 -1.0548259 1.1353786 -0.41260016 -2.6637187 -1.6701981 1.5462089 1.7391264 -0.94858754 1.5447494 1.6748072 -0.05916533 -0.56319326 -2.5077815 1.8396095 -1.2149053
pathe -1.279498 0.25946778 -1.316312 -2.6928725 -2.7242177 -0.81375533 1.146326 3.2877343 -0.15988131 -1.6571677 -0.00084736716 1.1179745 1.4218081 -0.09507721 -0.67692703 -2.1919518 -2.3271756 -2.1490853 0.2012988 0.65642846
endorsers 0.21455768 0.21051396 -0.52200305 -1.6169966 -0.36081472 -1.7842791 0.2902651 2.021566 1.3095341 -0.52415943 -1.3346038 1.7358308 -2.9175227 -2.8894567 2.4631581 0.66400343 -2.1805894 0.87582284 0.5734894 -1.4572309
licensor 0.67789483 -0.27076942 0.48673254 -3.4041 -2.3286698 -2.2035599 -0.5308443 0.96036553 -0.6896173 0.33737272 -0.080250256 3.8430817 -2.4614568 0.58483744 -0.44183552 1.4951279 -2.8142006 0.1755711 -0.69086176 1.8760092
interline 1.7005935 -1.5814471 -2.1562936 -2.1647112 -2.1028056 -3.420793 -1.4250175 -1.3114316 -2.7630007 1.290082 -1.7352444 1.903331 -2.896974 0.5458996 -0.15662672 -1.0258604 -1.8730389 0.030333748 1.4749084 3.2034917
oppo 1.0607419 -3.1598477 1.126534 -4.142627 -1.7418015 -3.8216572 -0.033461537 2.4627132 -2.738971 0.92658705 -1.2777271 3.8157916 -0.9499872 -0.007176769 1.5227948 -1.8536481 -0.11601584 -0.672979 0.7162159 1.680781
multiscreen 2.921147 0.7690606 -1.1878474 -2.4736903 -4.732078 1.8452419 0.5928253 2.549428 -2.5898876 -1.5328076 -2.0979552 2.1382446 0.6184055 -0.82879007 -0.27051115 -2.1244743 -0.8032568 -1.1024308 2.430503 0.04510136
foxwoods 1.5062784 2.0910368 -3.8661907 -1.9512782 -2.6857936 -2.1207457 -1.48319 1.2852075 -4.2151093 -0.34940827 0.48765913 -0.85853356 -0.63163644 -0.47348493 -0.44041857 0.39278573 -0.84840286 0.26443875 -3.3828917 0.15934026
superstores 1.4817005 1.9381253 -3.3355608 -2.660667 -2.4111414 -1.1959946 -0.64972323 -0.22760102 -2.656456 -1.007842 0.4110337 2.491558 -1.6421934 0.48676813 2.088247 -1.9436545 -2.8503232 0.0837144 1.2145796 -0.26970625
streetwear 1.0286111 1.014689 -1.6133922 -3.381494 -0.4162619 0.71384126 0.33421755 2.5323536 -0.86536455 -1.8643656 1.5783561 3.3181424 0.5846712 -1.2167541 1.6524137 -0.59116864 -3.9395263 2.1108046 2.2086978 1.0234839
motorcoach 1.2085156 -1.0604701 -2.6247935 1.4852813 -1.3813944 -2.958437 -1.2208685 -0.8162583 -4.922969 -2.3587852 -1.2062218 1.8416461 -1.4108291 -0.676194 -0.08002421 -0.42005283 -0.9490809 -2.3601837 1.6725091 1.397176
homebuilding 1.2941092 1.5064381 -1.2579805 -1.7830565 -2.4250054 0.1944747 -0.9028213 -0.360108 -1.0272971 -1.0963125 1.1128789 1.910731 -0.42703104 0.47200868 1.9943453 0.6293344 -3.5803442 -3.0156348 1.7281097 0.9557066
lionhead 1.6108463 1.0479552 -0.118566036 -3.22339 -1.76962 -1.77059 1.0314823 2.8269799 -1.2562709 -1.4947621 1.5717396 1.6379743 1.5958484 -0.9554817 0.061723705 0.62944186 -2.3066266 -1.1520238 0.5386805 -0.19332865
ridesharing 1.3789172 -1.1439736 -1.7654734 -2.2145615 -1.7042854 -1.5506696 0.32553542 -0.36481264 -3.6165385 -0.35383272 -1.3021582 2.443316 -4.9369397 -0.4825762 1.2519225 0.3764816 -0.81969774 -1.3534522 1.9931469 2.2906795
newswire 0.22175422 -1.2769464 -0.104328796 -0.4828742 -2.3376381 -1.843045 -0.18269442 1.9242237 0.055185527 -0.6591616 -1.9097025 3.1836317 -1.8170378 -1.5935621 0.19484793 -1.8996469 -2.4650576 -1.9135995 -1.5819367 1.804101
fabless 0.29198572 -0.7548627 1.2013947 -2.0543597 -1.4435886 -0.47178274 -1.9364018 -0.046224143 -2.0888286 0.81464154 0.65626425 4.954328 0.8851475 -0.74984765 2.8730717 0.2450834 -4.2934566 -1.4356706 2.224655 2.9882565
unicom 1.0444129 -2.4216719 -1.5352567 -1.0823464 -1.3723009 -1.974089 -0.69458485 -0.24312748 -2.0060818 1.5914977 -0.59068996 2.819183 -1.8758608 -0.67860997 0.38323125 -1.1437818 -1.8100868 -1.9732018 1.5187197 4.897533
energizer 0.037789628 0.41671446 -0.5868933 -3.3951356 -0.5425659 -2.9974449 0.6585596 0.17586176 -2.087559 0.10398214 1.2730339 1.9109665 0.26800695 -1.5266848 0.42201236 0.9622323 -2.5401144 -0.83288 1.0222175 0.52824366
carphone -1.0494176 1.2572583 -1.7658256 -3.1414492 -2.6050074 -3.2242525 -0.2755392 1.4185777 -5.053827 -1.6957244 -0.087153025 1.1686734 -0.66234076 1.3092589 2.4881542 -1.2050846 -4.4053774 -1.1384914 0.13522753 0.5519974
infotech -1.2362713 -1.8131802 -1.2509736 -1.9352205 -2.2690744 0.6848173 -1.5736172 0.74699783 -2.249717 1.0583396 -1.6271923 4.405215 -1.2485799 -0.979173 2.17869 -0.657911 -1.1948853 -2.5978937 0.7164786 2.5468295
rockstars 1.1012065 0.44750234 -0.3521361 -2.5370693 -1.0768242 -1.6597376 -0.40897736 2.6690495 -0.08563876 -0.8035344 -0.14395922 1.4289412 -0.72183144 -2.433344 0.26445588 -0.8860326 -0.35539073 0.9308697 -0.029778967 -0.7780005
presales 0.4951563 1.273731 -0.3112219 -3.2851617 -3.4296174 -2.1659193 -1.8664476 1.1925186 -0.016082142 -0.53922933 -0.6863666 1.1415944 -2.5262382 1.3120521 -0.738759 -1.6808579 -0.36678413 0.023285775 0.75323564 0.8861663
cryo 2.425622 0.6892082 1.1581491 -3.0255263 -2.9878585 -1.470368 0.7785493 1.7845206 -0.7995913 0.91204077 0.76159847 2.58589 1.2759795 -1.3030659 -0.656594 -0.085473455 -0.97247535 -1.5848701 0.20769322 2.458482
merchandisers 1.1806313 1.621647 -0.7882034 -2.301167 -2.1533258 -0.8361201 -1.1029968 0.76369184 0.02851908 -1.0732833 -1.1451535 2.626444 -0.03619399 -1.3728126 1.8222024 0.3621552 -2.2602434 2.073756 1.0921352 0.8124916
marketshare 1.1841533 0.6332026 -0.10883748 -2.224434 -1.5557214 -2.1551201 -2.6228256 -0.41423914 0.6330856 0.67267823 0.5313865 2.529486 -2.3425696 -0.48697373 0.041061807 -0.39589006 -1.0295087 -0.96877855 1.9985405 0.5642121
franchisor 0.6315465 0.7981421 -1.4514172 -2.6630754 -1.4349452 -1.7434367 -0.99270576 -0.38529736 -1.7262219 0.09378713 0.1902339 2.268984 -3.102917 -0.17301433 1.7306588 1.0219955 -2.308056 0.37038666 -0.24978606 1.010352
redbox 0.24552616 1.2720289 -0.059288166 -3.328711 -2.4060519 -2.9396694 -0.13119519 0.9813523 -1.8641149 -0.4806536 -0.29403022 1.3465935 -2.6420486 -0.43608806 0.12279156 -0.90081775 -1.4652617 -0.14297529 -0.3937023 0.7008327
stirk -2.5938306 0.1916668 -1.8311961 -0.80054456 -1.8220669 -0.82691836 -1.8504527 1.4038808 -3.0886474 -0.8453825 0.9064055 1.8033038 0.28859523 0.4006256 0.3740756 1.1209192 -3.4900577 -3.74586 -0.8902096 -0.21239811
jiffy -0.27953118 2.180303 -0.11304093 -3.5105524 -1.2544497 -2.2666428 -0.6811284 -0.50376564 -2.791025 0.21944372 1.0583681 2.176732 -0.4133213 -2.003184 1.4789565 -0.43819073 -0.3196472 -0.21455869 0.9401164 1.0486556
syndicator 0.5891909 -0.17313294 -0.56789935 -1.4338835 -1.638031 -1.912978 -0.4905946 2.2124052 -0.7077505 -1.4805963 -0.499998 1.5589871 -1.8856839 -2.3465073 -0.024436846 -1.2352123 -2.0071013 -1.5625542 0.6480405 0.6330056
tradeshow 1.2643927 1.1201173 -1.5654458 -1.9859282 -2.4797506 -0.3156843 -0.270089 1.7522384 -0.39868277 -0.41837233 -0.64256066 1.6441035 0.0015466828 -0.7378502 1.4891282 -0.078633554 -0.16436563 0.4979257 -0.12615296 1.5596722
avast 0.093937494 0.4034258 1.5026034 -1.7534161 -1.5034574 -2.4917614 -0.5023828 0.43542635 -1.7949454 -0.45152903 -0.41725603 2.1365647 -0.17028466 -1.9395907 0.79599833 -0.70765394 -1.4278684 -1.16484 0.35222816 1.4873224
sportsbook 1.1603278 0.9226024 -1.3023322 -2.0478952 -2.2166047 -1.9957187 -0.37789825 0.84488374 -1.9403228 -0.003871314 -0.52199847 1.2772616 -1.8442091 -0.16669473 1.8998704 0.42235005 0.14251302 -0.5912381 -0.49585873 -0.33977544
sublicensed 1.0801208 -0.015945796 -1.0792632 -2.0029004 -1.5322518 -1.9358897 -0.7331766 0.55683786 -0.5727692 0.57250535 -1.4926784 0.5453635 -0.40848327 -1.930058 0.6296295 0.20620124 -1.4440941 -0.08076159 0.13965441 0.46004185