Centroid_134 -0.1630236024457831 0.3782203915662653 3.063124873174699 -1.1707398903132533 -1.4177651716084332 -3.9431085101807213 2.8779151220180728 -2.2415082850903603 -4.110812931265061 3.933353342132532 1.341309388120482 2.8376471681927726 2.342714301927711 4.285363268481928 1.9531080518734931 -0.784697318150603 1.3706925091686744 -3.157494162240966 11.507312795180727 -0.5186364167048194
engine -0.8612043 -0.274725 5.4133935 -6.492345 -4.4368157 -6.507003 2.4037108 0.105888166 -6.033882 6.021057 3.0932562 6.399481 2.2678113 7.44327 2.0714202 -0.7091953 1.2310619 -9.335664 15.0436 -2.5068314
speed -0.87792337 -0.6502771 2.1087172 -2.751605 -0.9108981 -5.5491705 0.9223943 -2.7123122 -1.9053379 4.382499 2.5531867 7.0334153 -1.7425035 0.6826417 -1.2379533 2.2036295 11.542096 -4.8069825 15.748913 0.1476802
equipment 2.9459455 4.0394535 -2.9271 -1.276699 -4.4012356 -2.1141503 7.2385035 -3.6435614 -3.268932 -0.88344276 1.3468885 4.447274 -1.6179436 5.2801104 3.995421 2.2508354 -2.308529 -4.634436 13.351988 6.9655213
electric 0.16022442 0.592089 0.8113544 -0.703219 -2.3584085 -3.4442458 -2.32757 -1.088631 -7.5820303 -1.2649512 0.9197358 5.925975 3.7104654 0.032754578 0.4276428 -0.93924224 -3.6522677 -3.97969 12.351592 3.0176773
vehicle 2.1061246 -0.7882066 -1.3267847 -3.3319275 -2.7730892 -5.172774 6.530287 -1.6233704 -6.8716207 5.1589556 0.9671802 3.1881752 -3.7469275 3.8845532 0.9201299 2.284094 1.1950648 -6.056813 10.144713 1.4501723
engines -0.54135853 -0.6335277 3.336226 -5.6803975 -3.8686569 -4.5721974 2.1078923 -3.2764516 -1.3936933 5.9213414 3.4803753 5.6698856 1.357385 9.06712 3.7719846 -2.5900593 -0.4835677 -10.574338 16.23663 -2.739316
locomotives 0.6714886 -0.7192005 -1.2142899 3.1372683 -2.4049356 -5.9443583 -1.449012 -4.5171623 0.45057946 0.20902948 4.261136 9.154658 0.716062 13.38684 4.913067 -7.060811 -3.0009441 -9.58249 15.079632 -3.684605
fitted -2.4086668 -3.1743934 -2.6936607 -3.3908677 -3.7105794 -5.775084 2.9214625 -5.320527 -3.816082 2.4492993 -4.75948 -0.41338822 9.664336 8.810764 2.1087515 0.15948386 0.03191786 -0.9295517 12.549608 -0.7470389
powered -0.48370332 -2.6983504 -1.371797 -6.9820404 -4.2234187 -5.018272 -0.5354244 -5.8191195 -5.189858 3.3016129 -1.8586831 2.404837 8.695935 2.4338977 1.758919 -0.3083537 0.4193916 -5.7092876 10.3836155 -0.5069528
locomotive -2.2774398 -0.55649644 -1.1554456 3.3156087 -2.3705676 -3.3680136 -0.6671446 -1.8299855 -3.0838902 -1.6309825 4.155515 8.488814 3.2044744 10.930617 2.5610585 -3.9729078 -1.8862003 -8.863348 11.926884 -1.5539054
gear -0.123712845 0.063635185 0.8445805 -3.4036303 -0.90724254 -7.049319 7.0182285 1.8250078 -4.910518 3.8270285 0.9191298 3.5226166 2.4879217 1.3776343 2.8298953 1.2171391 2.808077 -2.6534839 14.8336735 -1.7367312
load -0.9299908 1.726347 3.3858218 -1.4907597 -1.8460088 -7.2765927 4.102839 -7.8496385 -4.1786532 4.392062 0.4729051 3.057579 -3.2249365 4.83497 -1.8058149 0.6614332 3.9859815 -2.4783266 12.600458 1.2190677
diesel -2.7976475 -1.6312782 0.08370651 -5.271177 -3.0872455 -4.474325 -3.1275709 -4.0857596 -3.8643627 1.7860867 1.020174 5.055134 0.49949184 4.9627743 2.5414217 -4.44052 -2.4512892 -7.338508 12.0579195 -0.5832136
tube -0.85118747 4.9521494 5.763171 2.6539428 -0.9969101 -4.981904 5.3067136 -4.5172133 -7.4504137 1.6057858 1.2695838 3.670352 5.7949347 1.8824853 0.15244327 -5.059533 1.330401 1.3408082 11.322832 2.5780845
prototype 3.756044 -1.1397717 3.2269526 -4.8631043 -4.9716434 -4.9374075 3.6800666 2.3152883 -0.6380304 2.3819733 2.8508155 5.4869866 5.1544375 6.0746107 4.2963667 -1.21624 1.9187641 -9.556861 7.605467 2.608266
beam 0.9452994 2.7416608 4.830422 2.4058454 -1.9639417 -7.998954 4.1635303 -2.508907 -2.6980517 6.92443 2.2241025 5.012612 7.337331 2.379751 -1.7844484 2.2538736 8.097448 -1.205143 10.683865 2.161065
wheels -0.12803449 1.1079924 0.53457093 -4.4483376 -0.49315068 -5.268254 4.402699 0.26715085 -7.3175163 3.5457997 1.984562 4.5232253 3.4463632 4.7823095 3.729587 -1.3873715 1.7201593 0.6963729 14.841118 -6.0684195
configuration 6.7004967 -2.421638 5.277489 0.21121548 -3.1664264 -3.8886423 3.6760294 -2.248788 -5.5619516 4.978801 -2.5890262 6.565619 1.2903051 4.3805394 3.0019412 0.20009099 1.7435796 -2.143964 9.791595 -1.3807501
cylinder -1.5349392 1.6787996 6.5395756 -2.723847 -1.6392852 -6.3713717 3.651274 -3.872576 -5.95574 7.477547 1.0462525 4.1448226 5.4279323 7.4650474 5.039561 -4.205531 1.7947408 -0.9697434 12.36787 -4.031163
speeds -0.060822237 -0.63671833 2.859223 -2.4731383 -1.0329604 -3.8939378 1.3111241 -5.348915 -2.663451 3.4585931 1.8760172 6.238912 -3.7860596 -0.18569581 -2.4593563 -1.753283 10.009963 -5.244785 17.096899 -0.06383243
chassis 2.2120216 -2.0737746 2.2943854 -5.125762 -2.7479255 -5.3870535 0.68702006 1.2771324 -5.99081 6.638419 1.717383 7.1190176 2.9097202 8.646201 8.125219 0.39394933 -1.438537 -5.9745994 13.569195 -6.1650467
valve -2.8047957 3.5158389 8.281216 -0.0143631 -1.9457284 -6.3416357 3.0654714 -1.6950196 -8.271743 4.164565 -0.9718282 2.0472023 1.8447214 2.9822664 3.0203633 -2.04667 0.91585404 -0.6589948 13.054996 1.3623513
tubes 0.832352 4.3982744 5.039184 -1.1066905 -1.3787723 -4.9878626 6.8634086 -6.5724173 -3.3363712 2.8087845 1.3353853 1.6836008 6.281228 3.8949301 3.9745238 -6.6842146 0.23724374 -0.17958419 12.39662 1.5890921
modifications 6.3004346 2.8349724 5.3075004 1.1992328 -5.2092075 -2.8821335 3.574793 -0.8712602 1.4694996 3.5364435 -0.7409457 2.705061 -1.2036415 7.2455 3.2270143 1.1383804 -1.4640539 -4.2451453 8.892167 -1.6037012
pump -3.7041242 4.4221344 4.337846 -2.9637437 -2.9303694 -2.0728197 2.6441867 -4.835087 -9.88379 1.9120077 0.5508214 1.3387195 1.2628005 3.4970064 -0.010173619 -2.4972372 -0.11217765 -0.26015154 9.352061 2.9705496
fuselage 2.4698837 -0.95301235 2.7471657 3.3788383 -0.64758575 -4.801864 6.4628215 -2.6432607 -6.9881735 9.415292 1.2914283 1.0052278 7.6827726 7.506971 4.5404363 -4.306208 2.0644312 -3.734452 17.278555 -3.2661457
loading 1.2150645 1.3023958 0.63127404 -1.1261748 -3.38647 -5.260734 3.8203344 -7.001678 -6.464685 2.3258958 -0.8485142 0.9256611 0.348754 5.5098486 -2.068446 0.8239046 0.69790787 -2.3735301 11.329641 0.5278762
overhead 1.3510176 0.022888985 1.9116772 0.04886078 -2.7439246 -4.5227714 4.240081 -2.710378 -8.465945 1.2321248 -1.8802449 2.2541692 -0.35362303 3.743879 -1.846219 -0.38464254 2.1237402 -1.3955818 11.4887705 -1.0008255
heavier 1.653268 -1.4304231 2.578928 -3.704879 2.0122988 -3.477499 0.3158363 -4.9021025 2.452511 2.0819921 3.9500105 1.686801 3.1715631 3.431837 -2.785373 0.8292835 -0.30124834 0.46066418 14.130101 -3.1636982
turbine -1.1811681 3.5107653 4.3219743 -2.6511583 -5.069593 -1.5470943 -2.8892379 -2.9292583 -6.460471 4.7695575 3.7534535 4.5167646 5.0905533 5.176051 1.1993834 -2.8915482 2.2279809 -7.0532193 11.781207 3.0990124
hydraulic -1.2946736 2.9798653 4.392796 0.8778975 -3.1634078 -0.5141481 0.745523 -4.434217 -7.6423798 6.244662 1.0513895 2.4845552 3.6840608 3.9058273 0.7337122 2.1918054 -2.991074 -3.8470693 11.309046 2.856284
cartridge -0.023414562 -0.7062227 3.4290066 -3.4639585 -1.4558009 -12.509428 6.935385 0.25106046 0.84955764 6.516748 -0.9149712 6.81952 2.263165 4.935894 3.141922 0.71748525 -3.9360683 0.22038376 12.277595 -0.5676859
brake -3.336326 0.23483287 4.719493 -1.3063791 -0.46562776 -6.3533936 2.5375147 -0.5306522 -9.389069 2.8063538 -0.12878643 1.456491 1.6294919 4.1129446 2.9571764 1.1544046 1.9377402 -1.7535424 15.130511 -0.16271819
propulsion 1.2680091 -1.6570333 3.4688225 -1.5517929 -3.2427752 -0.8688208 3.7906501 -5.1872997 -2.8027956 5.085599 2.5284216 4.8695393 5.012455 2.9375792 1.6591036 2.4940207 2.1035256 -9.866114 11.418199 7.325094
turret 1.9155679 -1.3072994 1.7916335 3.5362196 -1.092174 -4.946987 8.912899 -1.5356365 -5.5304995 7.2550273 0.6879384 -0.6442892 6.8097105 9.039137 2.5736547 -3.1438017 1.490256 -3.8945796 10.371801 -4.0117
boiler -3.721833 6.7541113 3.090958 1.0913193 -3.7385426 -4.523009 3.2118382 -5.1987677 -5.9716268 -0.033670157 2.763995 0.9674454 3.154436 9.854536 1.5322057 -2.812814 0.06585092 -3.264781 11.625872 0.17678332
cables 0.8300837 1.2282633 0.68763065 1.0877076 -2.2584066 -6.5148826 6.8941264 -0.8909898 -6.3183417 3.2397683 -0.074020945 2.9539635 -0.33074027 3.3877132 -1.7655818 -3.781407 -2.3039975 -1.7936338 10.724466 3.742609
traction -0.4103579 -0.40315694 1.6224076 2.0475876 -0.44746995 -3.2172425 -3.2304575 -0.2975476 -4.713547 1.4517463 2.1445558 4.6256967 -2.2336094 3.5119708 0.22073916 0.038031913 -1.0996562 -4.2176886 13.980754 0.11477118
brakes -2.4909453 -0.3097147 4.208939 -3.2205074 -0.30413172 -7.7732096 2.261688 1.0196756 -8.028183 3.210912 0.88953584 3.2916162 2.1506917 4.691267 3.9268675 -0.16809146 2.318044 -1.2222794 17.31479 -0.7940005
turbines -1.6969111 6.214705 3.7657857 -2.589456 -5.9936547 -0.6327649 -1.1012864 -6.58125 -4.541738 5.019774 4.4129443 5.133583 1.220179 5.550046 3.3135343 -6.804719 2.4249928 -10.437573 12.715305 0.065286934
torque -2.1193361 -2.048271 9.046564 -3.7027411 -0.11886706 -5.341375 -0.8515056 -1.5402341 -5.0230255 9.175971 1.5757357 8.202872 -2.3589091 1.1235574 1.0658845 -0.9753323 4.4527535 -3.291953 16.54783 -1.0299313
cockpit -0.01229722 -0.59806174 0.2582078 0.10103808 -2.004352 -3.934427 9.771775 0.70647454 -8.301754 3.2507343 -1.4347029 0.7129092 3.1954956 4.537043 3.8821006 -0.30274305 5.6118984 -2.4964445 12.705783 0.01781989
exhaust -2.2967799 1.9160756 5.252775 -3.450475 -2.2673397 -4.9727287 0.6509621 -3.7077684 -9.089845 7.57587 0.27781373 1.8696145 2.310202 3.7349365 -1.2576334 -1.0507337 0.4580535 0.21142887 14.368676 0.6923475
propeller -2.1550488 0.31074232 4.329343 -2.8556232 -0.12763683 -4.875489 6.087206 -3.715568 -4.2753663 4.5566354 4.843487 1.3298557 5.0828085 5.339504 2.6987288 -1.5254337 3.6579156 -7.584895 14.616903 -2.5356016
tire -1.5309358 4.008978 0.22454257 -4.3798003 -0.9743592 -6.383942 0.3861631 -0.54258233 -8.24569 4.6306486 3.613298 1.3747401 -0.39220157 0.81836957 1.8677948 2.7698112 0.0685229 -2.8279703 10.394472 -2.5007064
lenses -1.04574 2.042381 6.2451296 -2.101388 -4.555234 -1.4915954 8.765765 0.97294146 1.2548096 4.4989657 -3.1624181 7.2514615 5.772703 2.3669703 2.2578301 -1.6743922 2.2037435 1.3286557 12.643908 2.167873
valves -2.198964 4.1774325 6.8174715 0.25887725 -1.4522928 -4.9686365 3.801913 -4.791551 -6.649598 5.086543 -0.8689504 1.5682511 2.3504114 3.6225324 4.527585 -3.5462945 0.36443564 0.09689245 13.59068 0.011503332
loads -0.49952587 2.260419 2.3679218 -1.7853292 -1.7143986 -3.0704534 5.1088586 -5.768815 -3.9782875 3.3070521 0.8350705 2.1354942 -2.8096054 4.0468116 -1.370177 -0.41350994 1.3888066 -1.9029682 12.997729 -0.57478034
generators 2.5517645 0.19942354 5.431185 -2.2202764 -4.2428436 -2.6533828 1.0833251 -5.9368925 -5.679808 2.589919 -1.2006264 4.4907346 -0.24681254 4.7219896 1.6104156 -2.6284192 -0.5812065 -4.525628 9.757388 1.8827497
upgrades 6.9586635 4.126686 0.061105214 -0.68762326 -7.981081 -4.08899 1.4960078 0.98039657 -4.154172 1.641262 -1.3442247 2.8230557 -2.8014472 4.4196067 3.3988466 1.2278343 1.5717317 -6.720646 9.800913 1.3130479
pumps -2.9382048 4.827786 2.62972 -3.3817446 -3.2638762 -0.4199602 2.5547256 -6.6540804 -8.210165 3.077403 1.2480916 0.505422 0.37517 4.695844 1.3838977 -3.4629233 -0.8128832 -1.9492491 12.333202 3.433792
boilers -5.5620637 8.682016 3.2603855 1.567059 -3.4663527 -5.6340575 3.091629 -7.892319 0.0829026 2.7691414 4.9686394 3.3261542 2.7961504 10.895349 7.280222 -5.6623306 0.5595023 -7.910635 13.994293 -1.4142917
tires -1.606487 3.2428987 0.21259882 -6.1895685 -1.3440588 -5.4503245 2.2728014 -1.333689 -7.1323657 5.057237 2.7640264 2.048796 -0.28841436 2.4682155 2.4692485 1.820817 0.6599529 -2.0042374 12.803672 -4.5847616
aft -0.48408934 -0.89579713 -1.2152095 3.7423248 -0.105435774 -6.1142645 5.49357 -4.3640647 -7.6103187 4.946951 -0.024257302 -3.3693988 6.2640643 8.275241 2.3750508 -1.49173 3.9279752 -1.9654715 12.9810505 -1.5382948
prototypes 5.4554906 -0.3289508 2.9742017 -4.809116 -5.6591005 -3.0496042 4.55972 1.0531327 2.792728 2.0018463 1.4301511 3.3662326 2.2507746 8.193752 6.8883014 -2.4229317 0.61051506 -9.482567 9.113104 0.16163936
axle -1.0538406 -0.6369624 4.176129 0.30517486 0.6947489 -6.598539 1.7616619 -1.7342223 -8.932291 5.864922 1.2333336 4.0232334 1.1264023 6.764463 4.2726016 -3.0667624 1.9713398 -0.67667115 15.688049 -4.5705786
cylinders -0.18181783 3.3363218 5.9160614 -1.4520586 -1.7205585 -4.882575 4.0794044 -4.677146 -3.646547 4.1503882 1.2913876 2.4090588 3.2785983 7.8079395 4.6077867 -4.0345035 1.0787145 -0.6540981 13.625378 -3.5694513
clutch -0.5408403 1.9709166 3.3054993 -4.363565 2.388962 -6.5349584 2.861453 -4.1371913 -2.3985288 2.7587802 3.058027 0.36889404 0.75513035 -1.2633609 3.9115493 -0.24420895 3.7766545 -0.54160017 10.278377 -2.9733071
turrets 3.412535 -0.8190102 1.6947058 2.5827034 -1.742836 -3.1288772 9.072738 -2.8771255 -3.1274803 8.196978 0.20865533 -2.2605968 5.448106 10.797909 4.125092 -3.216447 1.1338747 -3.4921095 10.110696 -6.501028
shafts 1.1673826 5.9851093 1.8138893 0.45447192 -2.2205253 -1.3719572 6.3287454 -6.840235 -4.3381696 4.445718 4.3286557 0.5681221 3.417695 7.3985486 1.5118906 -4.129879 1.7852228 -3.7118266 12.638028 -6.703856
keel -1.4753995 3.398067 1.8761659 3.7509787 -0.19487387 -7.9055443 4.2563343 -3.8322294 -1.4355055 3.9503798 5.0193815 3.1396565 8.091393 4.9904103 0.8608888 -1.5062187 3.156615 -4.0625777 6.2970567 -0.26344275
piston -1.6811769 -0.16308168 6.9576364 -0.52371174 0.47449395 -4.41923 1.5296137 -1.8203287 -5.5731654 5.3628645 2.8777893 2.553526 4.436926 5.135846 2.3035192 -1.0580815 2.0565438 -1.9402604 12.916482 -0.057893526
knots -1.3040504 -0.1513816 1.0219436 -1.795376 -0.098599665 -3.105264 4.6163816 -5.3731003 0.8007869 1.8169769 3.198721 3.948626 3.007047 2.3477604 -0.64782363 -0.29612443 8.215893 -4.517137 7.9098163 -3.5440292
rotor 2.720476 -2.8212817 6.7402606 -0.54238397 0.32825145 -2.5723248 3.7325363 -1.9045528 -7.0189543 7.5334716 1.5736514 1.9110559 4.7874765 2.9779408 2.4046268 -1.352756 3.2516727 -3.6309838 15.477636 0.96256155
gearbox -1.6802967 -2.5359883 6.8189187 -4.397638 -2.1945345 -6.0758023 -0.64081967 2.3987536 -4.0036697 6.1578784 -0.030837407 2.3987303 0.119406655 6.150148 4.903274 -0.086208455 2.5647326 -6.2754135 14.602967 -3.8404543
cartridges 0.69741446 0.9073826 1.4984856 -4.672185 -1.596216 -11.156492 7.2990193 -1.4172405 1.7569556 3.249757 -0.25479123 4.949179 0.36527637 4.9054413 3.5408344 0.29195964 -4.254811 -0.08556611 11.609531 -1.3532704
tyres -1.9643002 1.4064286 2.2243547 -7.157364 -0.41125897 -3.4712427 -2.2377858 0.81408894 -5.990135 7.151864 5.3589005 2.6797218 -0.23159608 6.2008433 3.682852 -0.024724765 4.1108475 -2.4504228 13.801104 -4.305766
braking -1.7932994 -2.1380022 5.1450152 -1.2841692 -0.93791264 -2.7686517 1.1372273 -0.7393751 -7.9169364 6.328996 0.27239266 2.1357815 -2.003127 2.3241625 -0.3293018 2.8079782 4.651483 -4.5389357 17.379799 1.4392135
gears 2.4693446 -1.1428629 3.4440358 -2.2284653 -0.2840584 -4.3325977 3.936224 1.9215357 -2.717078 2.6217 1.284628 2.526922 2.6767068 2.2087193 0.99743843 1.4715809 0.9735172 -1.7791514 12.944522 -2.6293437
muzzle -5.1009417 -0.9482436 3.7117894 -0.050415035 1.6872886 -9.114622 6.725401 -4.042117 -0.27655318 10.23303 0.38439837 1.8971891 2.459341 2.217241 -1.2485261 -0.03353185 2.4193559 0.35409456 13.312166 -1.2041197
aerodynamic 1.7156337 -1.4280713 5.257299 -2.979584 -2.7884228 0.6404969 1.9716731 -1.0457102 -2.821509 7.5008616 0.16696674 2.5553002 3.8402658 2.92201 0.8131791 5.194503 2.7757835 -4.645323 15.191229 -1.2322452
ballast -0.6178432 4.366617 -0.123534724 -1.0944866 -2.33476 -5.582614 2.2926419 -5.8459167 -4.9139175 4.338897 5.0772424 2.7732253 2.0842118 7.069581 -1.4459479 0.49896437 2.37917 -3.1106524 9.020828 0.94042456
propellers -1.5642939 0.7768483 2.7863417 -3.2648673 -0.93527883 -2.3009672 6.777823 -5.8083982 -3.2387862 4.7180195 4.454403 0.5314981 4.7571826 5.9643784 4.684577 -0.6165458 2.747786 -9.056757 14.952748 -2.1851172
bearings -0.36295637 2.0162168 1.5450782 0.3078152 -0.65503216 -2.6827154 2.4785407 -2.463628 -3.7990835 4.25566 2.1599782 5.5947104 4.3553348 6.1125536 3.2254448 2.5243387 1.1175069 0.5450086 11.176238 -1.7988088
projectile 2.7957401 0.40223458 4.5988283 -1.7682391 -0.15138204 -5.567389 8.019801 -4.3336077 -0.7751322 8.892312 2.5548046 0.25410914 3.7260978 2.563934 -1.3729163 1.734909 3.0238247 -1.8197112 9.386203 -0.95269656
electrically 2.66268 0.93438154 6.707989 0.5955916 0.18800259 -3.6080546 4.997707 -2.708418 -6.2130046 1.8575678 3.1371298 4.713741 1.9290872 3.1740024 2.0761065 -2.7668672 -0.45927066 -2.0890107 11.523232 3.5635748
masts 0.3609202 2.552743 -2.7477386 2.2374115 -3.0531585 -5.1695538 7.269431 -4.754153 -1.9784462 3.7655528 1.0369403 1.3220841 4.3010707 8.149517 0.852919 -3.1851625 2.7718048 -3.670972 9.682077 -3.3058395
starboard -1.8051308 -0.431628 -1.1513885 0.57761484 0.4914273 -8.695773 4.1998224 -3.8825629 -7.3235426 4.5351667 4.5670176 -4.1900506 4.362991 7.159517 -4.307865 -2.3104024 5.3922 -4.2646093 9.947297 -2.542014
propellant 0.8988432 2.3364272 6.962399 -4.980596 -3.5615766 -5.363555 4.7933073 -5.0673437 -2.1806395 8.783711 2.474872 1.1746193 1.9081368 6.8279057 -0.29609916 -2.9331827 1.325704 -2.2521522 11.750363 6.930131
aircrafts -0.63134897 -1.9895378 2.4953592 0.20244575 -2.4654539 -3.8777826 5.574507 -2.1388748 -2.1546206 4.984677 -1.3122549 -0.38548917 0.6042454 3.6017823 -1.0899473 0.9981205 4.273176 -5.8341794 10.745942 2.361349
hulls -0.02357787 3.0883512 -0.055261932 -0.07249053 -1.4424816 -2.934762 2.4231637 -3.8020136 -0.8129595 2.9961205 4.2634897 1.8103452 4.4282455 6.2424264 1.5416874 2.5856495 -0.10149236 -4.055915 7.548237 -2.0016074
compressor -1.4654461 1.6296273 6.591042 -1.9062233 -2.8885682 -3.1149855 1.4106636 -2.2675614 -7.303047 3.1932335 0.6068058 3.6539202 2.4101932 2.850831 0.23518054 -4.281836 2.0496244 -3.220598 12.870889 2.5867229
semiautomatic -1.3403665 -5.085285 0.74624765 -3.5783474 -0.299914 -8.474333 7.554995 -1.0598662 -0.90096587 4.802759 -3.8330321 1.6316967 0.4359407 4.1277156 5.3574667 1.6408668 -5.812039 -1.6936423 9.770649 0.7359884
flaps 0.19746935 0.36354348 4.0790105 3.9356742 1.9826508 -4.8998775 7.081017 -2.9405286 -4.3174334 3.9929128 0.62587535 1.2643626 2.9233885 2.7480032 3.3786101 -1.2887989 2.2884321 -0.36203077 13.99834 -1.7763904
recoil -1.3369043 -0.24981539 6.316459 -0.8663895 0.7925202 -6.6715264 5.4289446 -0.8141109 -1.967507 6.837397 1.6277708 0.77973944 0.87703913 3.1429195 -2.1037257 1.4029542 0.31384718 -0.20423089 14.245975 0.7496729
axles 0.3687799 -0.2213863 2.8480337 0.075551786 0.32528162 -5.6339335 1.7553214 -3.2474582 -6.4097342 4.35756 0.7031037 3.4519272 0.3619254 6.4834676 5.910474 -2.9446685 0.67261076 -1.2940755 15.696347 -5.503552
radiator -0.74915504 2.5403757 2.4660032 -1.4451109 -0.96905655 -3.9756129 3.1248777 -0.08170959 -7.5718827 3.901597 1.8908027 2.450633 5.1858206 3.37503 1.9734465 -1.1233634 0.8479399 0.056595698 10.961218 -2.3454597
airframe 1.8526226 -0.18027914 3.6582694 -0.9996857 -3.8350377 -3.3794317 3.647864 -1.9995003 0.30797598 5.434892 1.2378689 2.7172706 3.2124763 5.723258 3.4523714 -0.7714938 0.5784834 -8.915045 10.890958 1.3096087
pneumatic -1.9768265 0.88385373 3.2149131 -0.0693359 -1.1679506 -1.5203481 3.0610511 -3.4655683 -5.2905016 0.6260301 0.15758446 2.411973 5.4350085 3.506334 1.6024071 2.0121489 -2.3174596 -1.2996205 11.137825 2.192808
throttle -1.9117922 -0.9555511 5.327087 -2.73182 -0.18799368 -5.6044364 2.6376736 1.5128615 -6.532833 3.2354388 0.055576082 1.192943 -0.6765907 1.4081731 0.15111394 0.6146565 4.6114516 -1.0027273 12.827913 0.15999426
bodywork 0.9847599 -0.1371977 1.6815997 -3.0816474 -2.4527004 -1.9709288 0.6096712 2.919187 -4.054991 4.3132825 1.4449984 4.65857 3.1964467 6.878498 5.6645975 -0.56158745 -1.3994359 -3.2011383 11.308949 -5.4528275
nozzle -0.6402284 1.5901066 7.863394 -0.24485764 -0.7191733 -2.4275408 3.0506258 -2.0454175 -7.4592133 6.4974165 2.9419687 3.5170949 3.343825 3.3057554 -0.61123335 -2.1799881 4.356483 -0.32488152 11.745974 3.5642555
pressurized 1.0253824 1.7896478 2.166366 -3.6991496 -3.0322628 -2.3711004 3.821576 -6.1782317 -6.3623424 4.5403943 0.91454834 1.2748674 3.59893 3.845287 0.621818 -1.1317292 1.9287511 -1.0218474 8.455034 6.1969066
railcars 0.47846875 -1.9967369 -1.9209633 -0.6067446 -2.0055203 -3.8696892 -1.3922458 -3.442106 -1.8353214 -1.2884184 2.2695065 5.0541773 -0.48956358 9.133334 3.6285906 -6.037132 -1.4321159 -7.15188 10.403277 -1.296143
airflow -0.39411473 1.9132564 6.330601 1.7292168 -0.60248584 -0.36146575 3.0670886 -3.183648 -5.1698704 5.255128 1.2357225 1.8689517 -0.67162335 1.6468812 -2.017006 -0.19949771 3.2329128 -1.1924893 15.111036 1.7371609
aircooled -1.967162 -3.0771224 2.8210719 -5.5872626 -1.1966678 -2.5924222 -0.5171354 -2.0567768 -2.0917914 5.7137094 1.6347717 3.7569032 6.4670515 2.8920639 4.5119877 -1.0554432 -1.6440887 -6.149075 10.184973 -3.7063828
pusher -1.1054149 -3.4126265 3.157734 -4.671509 0.1931308 -2.8936353 3.5121357 -1.3281516 -3.807875 0.4279445 1.5269496 1.0733136 5.6121554 2.1520317 2.5128763 -0.6069501 0.26718384 -4.6628175 8.653064 -3.2415447
heater -2.6071942 3.7144744 3.598009 -2.1820145 -1.9831156 -3.671413 2.6272697 -2.2371788 -7.249291 1.4821829 0.7176711 3.257242 2.3433387 2.3720598 1.3517901 -2.417248 1.2990865 1.0895945 9.591593 3.2672715
aerodynamics -0.13356535 -1.1864402 3.935715 -1.1733968 -2.9768736 2.3743212 0.3433627 0.1470028 -0.30973664 3.4618568 0.46523762 4.0123386 4.0372415 1.2654 2.5913427 5.2517033 2.5762308 -7.631953 11.382076 1.3188856
powerplant -0.44628477 -0.8112451 2.5005643 -2.809014 -3.4569972 -2.8689926 -0.37247148 -1.4673679 -2.7663438 5.788697 1.9200826 5.379736 1.9474018 4.701769 2.6179636 -0.85718864 0.15467757 -8.103678 8.395565 -0.18033214
ailerons 1.2504237 -1.1970954 5.7053323 6.3328886 1.7492247 -3.519266 5.282812 -1.3479905 -3.5816092 3.961132 2.1937597 2.3793159 3.0232267 6.4431853 3.7308009 -1.4752676 1.320578 -3.6043391 16.767551 -3.8906665
outboard 0.7694288 -0.6094407 -0.5326365 -1.4342326 -0.13298911 -3.7143083 2.5527356 -4.1623306 -6.99923 3.1320863 1.5547097 1.436619 4.4295735 2.3788126 3.1900616 0.14823574 0.75017136 -3.8228123 11.564942 -2.002501
amidships -0.63779896 0.29087436 -0.68559927 1.520264 0.8107915 -6.4384956 6.595215 -5.216051 -4.6402006 5.521933 4.4871225 -2.0484304 4.6972733 7.054374 1.6185845 -5.3202147 4.510937 -4.4037733 9.146478 -3.1306543
winch -3.5419307 -0.049420994 -0.23286359 -0.46425515 0.044391822 -2.6209283 5.1874785 -2.4791462 -6.2871323 0.8930093 2.3973982 3.1115208 3.5702066 3.6936815 1.9159312 -0.034239486 1.0294466 -4.286583 7.614049 -1.4005259
camshaft -1.1300392 -0.82343274 5.8452563 -1.1830214 0.3526869 -5.306581 0.36709136 -0.030044982 -6.939983 5.360455 1.3731941 4.613839 1.5170045 3.4611144 5.1378508 -1.9775699 1.1291052 -2.519962 14.95888 -3.5401404
stabilizer 0.9060139 -1.003499 5.8385262 1.2602701 0.74103737 -4.1052566 3.609902 -2.5997941 -4.3459454 5.577706 -0.41219074 2.1532311 2.845278 1.8742954 2.641352 0.930986 0.557681 0.07115017 9.428532 0.5715569
carburetor -3.9313905 0.7754778 6.1583037 -3.8854651 -0.64098644 -6.5965486 -1.6273425 -1.2532341 -4.6922913 5.00193 2.0271847 5.2690525 2.3419638 2.3232236 4.642867 -2.3398366 -0.102335036 -3.6870468 10.947403 -1.6163296
rotors 3.0692303 -2.0435295 4.986107 -0.6100823 -0.24514088 -3.4346142 5.4805994 -1.4683982 -3.3151991 3.5972931 0.90442073 1.8375565 3.1254358 5.1414475 3.86169 -1.1495509 2.8080971 -3.113444 12.951194 0.026489962
airspeed -3.789354 -2.986565 1.5809891 0.7995813 -0.85493916 -2.771958 2.015855 -3.2097893 1.9446516 3.828404 1.4006404 4.057179 0.36882636 3.4350853 -1.9004909 0.96300656 8.311084 -7.122158 8.851914 1.773719
overheating -1.5937052 2.3189936 5.52314 -3.780246 -2.356963 -3.329343 2.5943646 -2.8787048 -2.7964933 4.371233 1.4989623 -3.4427955 -1.8845915 2.0380025 -2.8810694 2.373319 1.0828997 -4.6528893 10.970934 0.12754036
lubrication -3.2045715 3.4664469 5.238019 -1.6239744 -1.6696727 -0.18517202 1.9996508 -3.50555 -3.6115193 4.83273 0.59297425 3.0566082 -0.18825874 2.6159594 1.7495259 2.802257 0.74289674 0.08499031 11.817322 2.0403428
funnels -0.57352114 2.1323476 -0.7042127 0.42129374 -1.4115064 -4.242769 5.5909314 -4.6836367 -1.1028948 3.5313365 1.8580332 1.7591146 4.3621955 6.507293 2.1135938 -3.9280317 2.451078 -2.2418303 9.65942 -3.601907
tailplane 2.2948868 -1.5882151 4.910604 4.944237 1.8739669 -4.144303 4.3838406 -1.5074581 -3.3975387 5.993342 1.9754381 1.2658219 3.2507117 4.277499 3.6718702 -2.007196 2.8673544 -3.5916436 15.254501 -4.952389
watercooled -0.89596784 -2.3493352 3.6233318 -4.6212745 -1.2716933 -2.513487 0.091746315 -1.9746004 -3.017684 5.26352 2.104259 3.8787253 5.250695 4.384079 3.8904653 -1.6651015 -0.7101963 -4.6387 9.2647915 -1.9074277
gearing -0.91685814 -1.2877549 2.6163611 -0.92742026 -0.45406955 -1.9495202 -1.1008197 -0.7898623 -1.7900529 1.6757873 0.40268221 3.1426756 -0.32369184 2.3110852 0.5897987 1.2696575 1.142243 -2.388582 10.151294 -1.5700245
headlamps 3.5182023 1.7749219 1.0847323 -0.3300465 -2.0819156 -6.2556024 4.4274726 3.6801739 -4.85793 6.0146894 1.3354094 5.6200347 3.540263 4.882692 3.3989031 -2.0017436 1.01403 0.9202676 12.836749 -2.3895166
fuze 0.85541666 -1.2143271 4.083696 -1.3030702 -0.29226214 -4.2674103 6.2307177 -0.8435013 -3.0187404 5.078063 1.2351289 1.0137472 2.018099 3.052087 -0.44658294 -1.903306 -0.50076616 -2.2008126 10.826343 3.094837
firebox -1.5496421 4.8136735 3.5686352 2.9994671 -1.2101932 -3.7649524 1.1752621 -2.5048454 -3.52913 1.4836916 3.5431707 2.720505 3.6691048 8.53945 0.8304274 -1.6730112 1.0175384 0.26774612 11.547147 -2.704834
compressors -1.4913933 1.2172688 4.2773104 -2.1877217 -2.4803283 -1.0381715 1.2020398 -2.9547143 -4.0368476 1.5759679 0.5786369 4.5515714 2.1051266 2.720068 1.5422988 -2.5381706 -0.80358535 -2.6919334 12.226403 2.8191996
reciprocating -1.1581391 -1.3741237 3.7027962 -0.95242506 -0.4172268 -1.0462385 0.4415197 -2.2343726 -1.8705665 2.2455564 0.8495844 2.5114045 2.7794366 3.3247163 -0.11624814 1.550611 0.5770098 -1.1688036 10.190362 0.6194363
thrusters 1.3484588 -2.563935 5.536653 -2.1869183 -1.1859204 -2.2655077 5.0833974 -2.430013 -3.9137468 4.828921 0.63875747 0.92567253 3.9907548 2.7000628 0.77879244 -2.2162797 4.946901 -4.305608 11.674335 4.930827
airbags 0.22616749 -1.0323896 0.21859257 -1.9475901 -1.4948663 -5.958104 2.770948 1.9261391 -6.121541 6.9201975 -2.6392512 0.7361947 0.036360435 4.2061024 5.1988816 -0.2983995 1.7789508 1.0588439 14.462732 -0.4651137
fairing 2.216168 -0.40202597 1.6726538 -1.6005464 -1.7450525 -4.31368 4.198485 -0.8759583 -4.602697 5.1007485 0.21974479 2.676101 4.06475 4.080984 2.257632 -1.5532293 3.5560162 -0.8788557 9.999743 -0.41165116
intakes -1.4724512 1.8435669 0.14893043 1.4427885 -1.0160375 -1.8264022 1.9666963 -4.4302034 -2.2614212 4.2100506 -0.67310095 2.2447357 0.41509148 2.0698695 1.8410352 -2.5656943 1.9912611 -0.17968157 10.445712 2.4423885
supercharger -2.2707381 -0.4578023 4.9745617 -3.975615 -1.3906682 -3.4716733 -0.4959519 0.34399027 -3.1650784 3.9026537 2.8200605 5.789229 1.5547959 3.2513585 2.5457208 -0.7180904 1.7575499 -5.2516885 11.16803 -0.8807435
maneuverability -1.3012636 -1.1859798 0.23846582 -1.018407 0.15280114 0.6628619 3.5620048 -2.343729 0.4346642 6.8133144 3.0709908 2.2425811 -1.029532 2.3494034 -0.65569603 5.1829643 5.587855 -4.780757 13.901839 0.14685163
flywheel -0.8127367 0.6434362 4.92804 -1.6923795 -0.8180982 -3.5277343 1.1663668 -0.24979015 -5.973945 1.1438491 2.2805107 4.0804114 2.5970895 2.3222318 1.3342333 0.06111385 1.8448623 -2.7591054 11.364864 0.14350249
turbocharger -2.2226646 -0.7771657 6.211424 -2.857003 -1.1285073 -4.1635547 -1.1072202 -0.94686496 -3.8931882 4.598594 1.7410188 5.72786 0.20576276 3.2293048 3.783172 -0.6618866 1.3254371 -5.196311 11.065922 -0.63552845
bulkheads 3.0945673 4.466913 0.9731387 4.2179155 -1.8106422 -4.470258 6.3548493 -4.4018354 -4.101645 5.5797234 2.5919187 -1.3632454 2.7880986 7.9013624 1.822196 -0.6791944 0.7843018 -2.3679485 9.813351 -3.8010852
nozzles 1.0287119 2.044776 4.050671 -0.8699636 -1.6749784 -1.9572065 5.0376472 -2.5614347 -4.6540194 5.2945514 1.1740825 2.5440657 3.4406476 2.3143444 1.2544197 -2.114094 2.2564366 -0.79480505 11.48265 1.9146347
absorbers -1.9592721 2.984723 6.0035777 -1.645299 -0.65039 -3.6291971 1.4917369 -0.011022569 -5.925115 6.5789332 1.5352296 -0.37457326 4.7900934 -0.42274442 -0.45036155 -0.37768272 0.21777907 0.32470512 14.48584 2.0449314
mountings 0.30745608 -0.83840877 1.6163298 -0.2506073 -1.3893622 -3.5819547 5.728608 -1.732018 -0.5459475 5.7483187 0.5469342 0.75108093 4.4991713 8.160077 3.7297957 -2.1592498 0.18916784 -2.4107964 8.923618 -1.9492251
drivetrain 2.3432136 -2.3444872 2.731818 -3.7346997 -1.7320559 -2.7122812 -0.25222263 0.2833016 -3.6894577 3.4107084 1.0151613 5.2150965 0.14907622 4.133407 3.3470109 1.4437304 -0.51907367 -3.9797566 10.392985 -2.654193
rangefinder -1.2363456 -2.4885464 2.3215828 0.3759594 -3.884164 -2.0904765 6.622817 2.2883763 -0.7147291 3.4059699 -2.6705596 5.0574355 6.460511 3.0354185 1.5053988 -2.1868927 2.7341425 -4.0022 8.834198 1.8054414
rechargeable 1.2679538 -1.6416647 3.944964 -4.094803 -1.472797 -6.7932825 2.58316 -6.0596666 -5.098886 2.619627 -1.1395197 4.326966 0.8152425 1.4404598 2.8136773 -0.12184823 -3.5900571 -2.4968948 8.708873 3.215269
turbofan -2.3057437 -4.3058796 4.5047 -2.4310033 -1.0975696 -2.3137963 -2.3912244 -0.95055044 -1.9202511 3.8538837 1.2541548 5.017658 3.3743894 0.46947122 2.8248713 -1.6479793 -0.77321756 -9.139896 9.9789715 0.5866561
sump -1.4735147 5.173728 2.498229 -1.436925 -2.0659668 -1.4788456 2.1308897 -3.8382099 -6.9514956 4.8075533 4.1573415 2.8028138 1.3400526 2.8064444 -0.936901 -1.3801398 2.7321458 -1.9770923 7.879422 -0.8723669
reloading -0.03650029 -0.8619541 1.943418 -3.3572261 -1.0826619 -5.4925003 5.7352486 -2.8211427 -0.9298919 1.3496095 -0.58916163 -0.71874774 -0.33119303 4.7720404 0.16571149 1.5224712 0.5233801 -1.126315 9.039621 -0.08257595
dampers 0.105310634 2.3630676 3.8625832 0.64210916 -1.1707088 -3.3190663 0.33947566 -1.2519449 -7.0050373 3.0394423 0.58172464 3.684061 2.8785105 1.6348542 2.601513 0.46110132 0.9341556 0.10365017 12.061845 1.3727891
stabilizers 1.0143037 0.111203514 5.0330963 -0.28759393 0.9998987 -1.7133391 2.7298803 -3.1395617 -2.6804922 4.301302 0.52773374 1.7880154 1.8962955 0.5044139 2.7564576 -0.65041906 -0.88397515 0.34457797 9.831177 1.3447638
couplers 0.25462252 -2.1153033 3.161396 1.3568759 0.8058644 -4.9875646 0.9726158 -0.93063694 -4.3689156 0.34484875 -0.13134897 5.638175 1.2866682 4.2567053 2.9991078 -1.0777338 -2.4824183 -0.37765673 11.692302 -1.0214998
pantograph 1.2065355 -1.5752953 2.7631876 0.87663645 -2.3576174 -2.9267366 3.1853054 -0.19796331 -5.7369266 -0.009239949 -1.2481306 4.280667 2.485394 7.4486685 3.768614 -1.8706839 1.0344669 -1.9939115 9.295795 -1.8044703
alternator -0.22237109 -0.85741204 5.7520967 -0.9907945 -1.1965091 -4.337248 -1.4528761 -0.2537374 -5.7277684 0.73843384 1.8946993 3.1093142 1.4461989 3.0480428 2.0892334 -1.7010192 1.1590831 -5.17931 9.299192 1.1198373
tailwheel 0.28974918 -3.0365248 1.476095 0.13622455 -0.9068499 -2.4996738 4.514917 -0.37093922 -4.31158 3.7381868 -0.28643385 1.1880664 4.0652814 5.37742 4.525926 -1.6867598 1.9702829 -3.7186635 10.351274 -2.5452454
crankcase 0.43131995 1.7522043 4.647973 -1.7690953 -0.46855748 -3.7240534 1.666494 -1.2692474 -5.476735 4.000167 2.8277237 1.9449546 2.2954516 4.0928354 0.7631826 -1.0126933 -0.017704302 -0.33943355 9.63271 -2.458738
hydraulically 2.2842956 1.4743869 3.0245013 1.7751778 0.5862421 -4.834617 3.7736175 -2.0334554 -5.9847875 2.22731 4.659138 3.8731558 2.0370467 4.308537 4.0062923 -1.6300958 0.2050775 -3.7203832 10.153027 1.0200744
airbag 0.4980711 -1.4473703 0.87809265 -2.2935565 -1.3634689 -4.6522274 2.749645 0.46430293 -5.909381 3.7266073 -1.1536306 0.64619577 0.443836 2.7879593 2.0294797 1.2162278 2.3309226 -1.484313 9.452199 0.5478927
stator 3.3523133 -0.82300925 6.3832426 1.7176043 0.50164175 -2.2473612 0.68045515 -2.6881764 -5.545428 2.6761093 1.703427 2.7496428 2.9754207 2.3806612 0.9773697 0.3412183 2.9588454 -0.30105957 8.53914 0.82053864
gearboxes -0.98729944 -2.3345702 2.923981 -3.39353 -1.349549 -2.8610103 -0.48412243 -0.7468451 -1.8813298 2.518142 0.66338557 4.0013103 0.39908162 4.9577646 4.1888127 0.18937975 -0.14801344 -4.7618103 10.383131 -2.0823479
escapement -2.2624533 0.33882847 5.3861194 -0.4539493 -1.4221121 -1.3571154 2.745514 -0.40749758 -1.4187435 0.4150068 3.0213087 4.9209375 5.3551593 5.4919634 -1.8712454 2.1899102 1.0139923 -2.987479 8.066972 -1.5282832
downforce 0.7478623 0.5219251 3.8916388 -2.3435907 -1.3493383 -2.071158 -0.97814626 0.01826416 -4.1682825 4.8510666 2.575194 3.572562 -2.7127578 3.5124207 0.57224387 2.7748804 4.847153 -3.1688662 12.969536 -2.9855044
nacelle 2.5860624 -0.78384167 2.0880065 2.13539 -0.62702703 -2.461369 3.4589717 -1.40874 -4.830319 3.616276 0.7742335 1.3304644 4.085125 3.6916027 2.5717397 -1.029266 1.5002171 -2.783789 9.485558 -1.4067174
injectors -1.7695993 1.5204271 4.325345 -2.1546388 -0.97732717 -3.600387 1.0099605 -2.0302913 -3.6025162 2.6789126 1.2860608 3.1344776 0.84321404 2.294631 2.595965 -1.3359091 -0.1584276 -1.7354106 9.085304 1.6663473
camshafts -0.7890098 -0.09959846 3.9973316 -1.6404178 -0.504537 -4.007721 0.22654279 -0.6488958 -5.2187533 3.5627944 0.8241982 3.6809895 0.25639147 3.7961645 5.4465766 -1.8735709 1.8408692 -2.611769 11.023054 -4.737866
wingtip 1.935178 -1.7547551 2.0168004 0.8832616 1.2784581 -3.4331434 3.932153 -2.8866498 -3.922991 3.2547402 1.9877068 0.24086206 3.2713625 0.48910293 -0.24130517 -0.6546534 1.7386041 -2.9830086 10.031453 -0.3097186
nacelles 1.3903029 -1.1165982 2.2027836 1.6408018 -0.379554 -3.0448449 3.494042 -1.6761451 -3.774983 2.8926034 0.89789516 1.0141761 4.881666 4.002894 2.739127 -1.0874039 1.0802279 -3.0720212 9.505451 -2.5885978
winches -0.32261378 0.8663241 -0.86189735 -1.6076032 -1.2640499 -2.4064217 5.4067264 -4.0814466 -4.607238 1.284537 1.4937453 1.9779859 2.5525234 3.9442022 2.9875135 0.1391597 -0.4219189 -3.5429442 9.582417 -0.6530395
aileron -0.5199703 -1.7299154 4.5275993 2.439391 0.9419498 -2.776618 3.4298987 -0.46144512 -3.043752 3.2360935 1.1058216 1.0446333 1.270414 2.991056 0.28831753 1.8919824 2.2988658 -2.5803566 10.151889 0.23802418
turbochargers 0.073457584 -1.1127189 4.0189595 -2.651816 -1.2279891 -2.8028889 -0.3875485 -1.44789 -2.610291 2.7254612 1.1205503 3.870671 0.27747333 2.6821148 4.334895 -1.4831957 -0.09358147 -5.030715 8.911925 -1.7320849
aerodynamically 0.50184286 -1.2203423 3.245691 -0.96281064 -0.04706511 -0.41160882 1.758268 -0.27500844 -2.024476 3.653996 2.3089828 3.2942646 2.8938453 3.4231193 1.048341 2.488333 0.7673655 -2.4835916 10.820787 -2.0452554
intercooler -0.6480016 -1.2367113 3.7052171 -2.6594653 -1.023994 -3.5873132 -0.47912106 0.09164153 -3.6225598 3.7637372 1.5809381 4.2580786 1.532256 2.3556838 2.040682 -0.98460066 1.179951 -3.1479297 8.546917 0.33282036
driveshaft 0.404823 -0.79924524 4.209718 -0.07070901 0.179713 -2.7756305 0.67667335 0.08896007 -4.854264 1.9117457 2.3145115 0.5705919 0.63304025 3.6622374 1.0056667 0.49127936 2.9525108 -3.0240707 7.2927485 -1.3622313
winglets 2.0049176 -1.3100936 1.2365708 0.045681287 -0.5003317 -3.0407138 2.120688 -0.7234598 -1.7978714 3.1514766 1.0916826 3.9572842 3.1052177 1.8808227 3.1364493 -0.2387546 1.1138312 -3.2611837 8.943027 -0.036944315
mainsail -2.5260072 0.432896 -0.6104189 -1.5774667 -0.5684411 -1.584626 3.1234555 -3.1301267 -2.9992125 3.3666387 3.0620267 2.5323136 3.9612975 4.402711 0.8475154 0.22816889 2.9862506 -3.218524 6.893466 -2.4548378
freeboard -2.5659196 2.0854037 0.024924459 0.8495596 -1.2633 -1.8216535 2.1557326 -5.0260124 -0.25435758 5.1035147 2.4306197 1.3768162 1.1239942 5.435904 -0.86141247 1.2360377 3.8796008 -2.705026 8.042884 -1.0341098
alternators 0.21812712 -1.3118514 3.2104053 -1.3606848 -1.1733373 -2.9421217 -0.3769984 -0.99254584 -2.7976158 0.14269999 0.7073567 3.5357518 1.2781746 2.1995063 2.5395503 -2.36606 -0.44912872 -4.2378435 7.612042 0.26613793