Centroid_147 0.6750695866706764 -0.4234943979672598 2.4463407860284696 0.36215167453736674 -2.3415313192587206 -0.6060803696010674 2.917209588071177 0.2929046836957295 3.0785453050569394 -1.4385775659846978 -1.6657460882242001 3.3944211457330953 0.7442264668738079 1.6594499541814949 -1.2721545725886119 0.007211286281138901 -0.5157026328836295 0.724662621052313 -1.4673306228291811 -1.1092011593274025
sources 2.1000485 1.1793829 3.067332 1.6627563 -3.664033 0.8347022 4.7153234 -2.5719852 7.2755346 3.5177202 -1.1424166 6.0902743 -5.0547066 2.6394844 -4.318592 -3.5048382 -2.9641623 0.35804996 -1.0556374 -0.2471653
notes -1.5354813 0.07081452 3.972296 0.020297837 -3.0087264 -3.7735608 2.9540005 1.1602163 6.223236 -4.3645315 -3.0583913 6.0480876 2.4188197 1.6648827 -2.8846304 -0.12379412 0.5687068 1.9392743 0.28607136 -3.7542315
reading -0.38787934 1.1220256 1.9594078 4.701834 -1.5984267 -0.52928394 2.6502979 1.5373865 2.5002651 -9.362387 -1.2994459 6.6890564 -0.5811364 0.6210804 -1.034959 2.7676544 6.015493 1.0606405 2.1878648 -0.71742356
volume 1.7772454 3.6097412 5.7143283 -0.97522026 -6.286817 -4.658264 2.2995136 -1.3044007 6.022103 0.30464855 -1.0604626 7.441882 2.5755868 2.0500011 -3.6304321 -5.053567 3.3156726 -1.1274496 1.0743558 -1.4891133
reference 1.8821071 -2.215673 2.1592948 0.78668314 -2.163311 -0.4764598 3.827631 -0.94817424 2.486495 -0.78503853 -3.156446 7.4173484 1.634151 1.1846029 -4.3277044 2.785865 0.2208915 3.917355 -1.3425831 -2.8278024
unknown 2.9273355 -2.247631 1.901163 -2.4117327 -0.06526454 -0.959068 4.1204343 -5.485816 5.2228413 -3.0983922 1.4062352 -1.6428502 -0.3489907 3.8474104 -5.915932 2.0362957 0.7228903 0.32816878 -1.7572993 -3.197725
introduction 1.5847418 -0.57372206 1.8593658 0.64380515 -3.204596 -1.4492244 -0.5362454 2.0685692 4.5554385 -1.5045806 -1.169209 5.507437 0.71782285 1.5230596 -2.4653702 1.4797038 -0.9348448 -1.1926507 4.2646723 0.25279424
details 3.7192879 1.1145235 2.73309 0.2960285 -4.432561 -0.65663606 6.350639 1.2199146 3.5471504 -1.6880069 -1.4020718 4.919621 -2.8641887 4.6090455 -2.4150178 2.4884803 1.7500037 -0.10164823 1.0977639 -2.4530094
detailed 3.1566408 0.078038216 1.8213351 2.0021777 -6.590672 0.050402574 6.277193 -2.0545385 5.266172 -1.8145188 -4.273831 4.759359 0.87705314 3.1846695 -4.6258698 4.7911706 0.8365741 -2.4415476 0.31629243 0.2381829
summary 1.476264 -1.1996808 -0.2805789 0.7104368 -4.1338906 -4.017145 2.524124 2.7095866 3.5497496 0.15716816 -3.3716853 1.4985417 -0.6069083 -1.9195397 -2.7659168 4.2873983 5.55938 -2.9464278 -3.8091748 -3.5246136
copy 1.137939 2.1752267 5.226317 -2.5166624 -3.917199 -5.504469 7.5072975 1.5273569 1.7927831 -5.179198 0.3166106 7.3874254 0.00076380454 7.1219063 0.10448462 0.59484994 0.8158683 1.7635998 -2.5463405 0.21131794
revised 3.167741 -2.3275316 2.5464735 2.5000248 -5.649356 -6.735312 -1.6342498 1.1745789 5.062507 -2.0303833 -4.9239016 5.097995 3.1556413 6.51706 -2.2264242 2.4757462 -0.7034882 -0.5771185 1.4684438 0.010936051
presentation 2.566777 2.020683 2.9929428 0.3286714 -4.977717 0.18375568 3.2633646 5.8254366 2.1923103 -3.038196 -4.6890397 3.993048 -0.23328601 -1.2133062 1.5632328 1.8307915 3.8871198 2.2760942 1.4423221 0.70728123
naming 4.697355 -0.9548321 -2.1997352 0.74290687 -2.369547 -4.587904 -1.0321366 -2.1571772 3.7212448 1.1732155 -0.6100975 5.1142626 1.7611644 0.17948215 -1.954413 3.1660342 -1.1774229 1.5021273 -5.305288 0.2570037
reads -1.3478411 -2.1529408 1.2225883 1.0590843 -2.4975007 -3.9387095 6.0640078 0.24928966 -0.56016505 -3.7011726 -5.5897446 3.4155571 4.174508 0.3131212 -5.7043047 2.9839082 3.8101122 5.619211 -5.5905285 -3.1401403
contents 2.8786883 3.1868744 4.112387 -1.257932 -4.9837804 -2.7687838 7.8360844 -2.5084898 0.85099125 -1.8499788 -2.2600694 5.365914 -1.4814422 4.3389277 -2.4403906 -0.23642081 0.007232161 3.0863428 -1.4028994 -0.054752756
correspondence -0.21090974 -0.12777281 4.549313 4.517048 -2.282974 1.6550388 4.194461 1.2745844 5.9011464 -5.3293757 -0.14262213 4.419374 -1.8793398 5.8076367 0.9898185 2.8064263 -0.13871966 -3.07498 -2.7584176 0.515042
anonymous 1.4947165 -0.9427734 3.3705807 -0.79794675 -1.662301 -1.8717166 7.53889 2.0293584 3.238756 -6.6621604 -1.9760373 2.6140406 -5.125047 2.1357467 -1.1134852 1.559433 -3.6806757 1.655168 -4.841691 -0.25322124
descriptions 2.947009 0.48702958 2.3330982 1.160648 -3.5297415 3.580412 8.974962 -2.9043508 7.1948094 -0.81884414 -1.3902197 6.404782 0.14033051 1.404759 -3.9911306 1.7972224 -0.15541986 -0.36664954 -0.1044888 -4.2111206
revision 3.8368752 -0.272721 5.638618 4.681346 -4.8007565 -4.7825403 -0.009503317 1.3362272 6.358782 1.2340654 -2.9895608 5.8309727 -0.3944381 4.824546 0.111712344 1.7142187 -1.7400633 -1.0794551 -0.42038468 1.1746812
ref 0.1993297 -2.7762592 0.55975354 0.8751582 -2.3863223 -3.2617579 -0.92498106 -0.21644327 2.0777318 0.18124735 -4.0418606 2.3914092 0.78501403 -0.5598163 -2.0136824 -1.0480098 -0.8760332 0.14107725 -3.8458745 1.504368
outline 3.2351735 0.5490432 2.264014 4.9022703 -3.523566 -0.62558603 5.3809056 1.5419391 1.7385052 1.5357913 -2.7083895 5.2636786 2.133253 1.6643559 -2.2968147 1.3008618 1.4749428 0.6984534 1.7997743 -1.6421132
definitive 3.839275 -0.16757625 4.5129104 -0.91180646 -2.5708282 -2.2383347 1.3577027 0.3042927 6.525778 -1.8422608 0.20958297 4.289932 0.28871882 1.0046123 -3.6775403 2.6588 0.6473913 0.47976807 -0.8901588 0.37658316
readings 1.8711218 1.5740255 3.4667 3.5175786 -3.4605248 0.74597377 4.97176 2.2636006 5.4076447 -5.619569 -3.1247177 5.22813 0.0022342 0.79332995 -0.58492726 -2.7424345 4.555821 1.6912079 2.067371 -0.23796776
quotes -2.9652557 -2.2487679 3.420952 1.0126935 -2.056768 -0.4790103 4.557524 2.5340636 4.345713 -4.8097463 -4.926997 2.4294033 1.9411073 -0.09871943 -4.36466 1.6041635 -1.3584436 2.7734632 -3.4914653 -3.5832994
detailing 2.38242 1.6651183 0.20700279 1.5245413 -6.3421183 0.60351676 5.025239 1.0682133 3.383073 -3.1957924 -4.8737226 0.9934634 2.019986 2.1861355 -4.2390723 4.251715 -2.290562 0.53421867 0.15171154 -2.1871269
tablet 0.726401 0.7727884 2.329128 -1.0630175 -3.7547076 -3.3357027 7.592205 -0.5221396 -2.2721317 -0.57584995 -1.8086809 7.54389 3.840507 4.970441 -0.32583663 -2.2327244 1.186878 3.5578341 -2.5886583 1.3876262
quote -1.6847575 -1.0412756 4.6272235 0.62197423 -0.99608666 -2.126186 4.4368753 4.4958153 3.259504 -3.3955843 -0.8713706 4.7388926 -0.52507514 1.0847453 -4.330319 1.4276419 0.6183907 2.3921392 -2.7855625 -3.2438173
tablets 1.5427537 3.1533127 2.5716188 -2.8930647 -4.3477383 -2.2338827 8.56469 -4.1576133 1.4470091 0.3813666 -1.6437382 5.275137 1.950943 5.4832034 -0.6892493 -5.5104856 -1.3540932 4.908465 -1.9380455 1.9658178
corrected -1.2069888 -2.677875 6.2787595 -0.05500442 -3.135274 -5.306917 1.6956571 -3.580828 4.50553 -1.4294208 -4.9459014 0.6207526 1.4313362 4.4082994 -4.530645 3.0736988 1.1396542 -0.18541229 1.565502 -0.8893657
mentioning -0.29076993 -0.77481234 1.448159 -2.0496356 -2.6333113 -0.8202793 1.9042896 -0.47928745 3.625968 -2.6717598 -2.887233 -0.006523935 -1.6694255 2.429306 -5.3223033 1.3485386 0.4866543 3.3771992 -3.5611858 -2.7361233
impressions 1.1038654 4.197296 3.4435675 -0.9543202 -2.2901523 0.4157492 4.379807 0.73780394 5.111529 -3.1158586 0.88006306 3.5123413 0.8135667 -0.8187386 -1.8988698 -0.52745026 1.285428 1.8244333 2.1177955 -2.319887
revisions 4.7795897 1.572775 6.154188 2.805684 -5.888265 -4.555387 1.5804714 3.855903 6.371522 -0.3604955 -2.815889 3.6536407 -1.7358735 6.0129776 1.3862939 0.81055415 -2.1010818 -3.1393015 3.663584 -2.4717977
authorship -0.47122627 -0.62433857 8.363694 2.3763204 -3.080097 1.6882144 2.7854657 3.4550369 9.008138 -2.888345 -1.6024686 4.5972304 -1.2393813 3.7862341 -2.6593003 2.2760875 -1.6274673 0.0055691428 -4.789609 -4.576832
introductory 2.754642 -2.2521424 3.305143 2.3016756 -3.2974153 -0.13350765 2.9235206 2.1354718 3.6096756 -6.3343377 -4.687347 5.3109856 2.4720104 -1.3570187 -0.5373535 1.1160357 4.9691195 -0.097603545 0.28886658 -0.046193648
miscellaneous 1.5638198 -1.6847545 -2.3872178 -0.82712424 -3.3693976 -0.6083744 2.2496092 -3.221249 2.1145713 -2.650389 -4.8322396 2.7481527 1.8175234 1.765572 1.2228736 1.3568245 -1.8184702 0.42054135 -0.6118704 -0.5321015
purported 8.757866e-05 -0.098008856 1.4895289 -0.61877847 -1.8682358 -0.6105469 4.997096 -0.7524803 3.2078707 -0.8417709 -1.7908274 0.5501521 -1.7820194 0.983566 -4.222086 2.9770505 -3.3759801 2.0936596 -3.4051745 -0.15583897
copying 1.9436668 -0.4264821 4.8104525 -3.396601 -3.3322499 0.27302903 5.0616617 -0.1600704 2.043789 -5.2141113 -2.1517549 3.9536538 -1.250571 5.6051397 -0.86270314 3.4962785 -2.376663 2.5088472 2.1995444 0.28813785
extracts -1.8613533 2.8277252 5.3241158 -3.1581566 -3.0404432 0.45108005 4.941211 -4.1868215 3.7826204 -1.5580024 -1.4871777 4.5645723 1.7696977 0.5757438 -0.7804 -3.100639 -2.8931913 2.343454 -1.9963814 0.8251443
viz 0.28201574 -4.0687356 -2.6475565 -0.47583947 -2.7808294 -0.2266631 1.9343739 -0.94849753 2.4367027 0.6471386 -5.268084 4.4944096 -1.4508852 -0.9328457 -1.3302076 -5.4397426 -0.6664003 -0.06529522 -1.0161622 -1.3270558
eyewitness -0.7700962 -1.6904343 0.7393818 1.2656578 -3.1634696 -2.6154027 8.943554 0.053129893 5.0548763 -2.421008 -1.7099028 -1.5182638 -3.7712092 1.905887 -6.1334467 -1.0272187 -0.9592934 -4.6961694 -3.9297547 -1.4774858
pictorial 2.797302 1.739059 0.2848932 0.46822965 -4.740094 3.0195048 4.746438 2.6338964 4.6299596 -2.8107924 -1.475098 5.5325146 4.520457 0.9695044 -2.4226623 2.0454013 -0.4454759 1.6955179 0.10006778 -2.0115511
tentative 4.5505996 0.50647885 2.1337943 -0.4091045 -4.1132936 -3.3339605 -0.989367 0.4673421 3.77035 0.70720714 -1.1714094 1.7110776 -1.76246 1.5511168 -4.008817 1.701157 0.47874486 0.7503126 -2.023644 1.0828098
rewrite 0.95498246 -2.2524462 6.4483438 -1.8858343 -2.957099 -3.9284992 2.108427 6.008564 -0.14551379 -5.620665 -1.4389502 2.417172 -0.7212657 2.4477537 -3.5862877 4.9331946 -0.52639896 -1.0236275 0.77198213 -0.78732395
proofs 1.9016424 -0.49297667 9.651644 1.562263 -3.4378057 0.35529873 5.1049266 -0.36012077 4.8375835 -2.247908 -1.9688079 6.1440144 -2.187116 6.732422 0.7918134 3.973088 2.1077244 -0.95288324 -0.8174978 -3.6296504
quoting -3.6984305 -3.212233 3.3247974 1.7268636 -1.2748034 -0.8209747 2.281334 1.9853351 2.7174718 -3.3181944 -4.3048162 1.4902371 0.18473677 0.52708757 -5.828723 2.4233048 -1.6208975 2.4246378 -3.202412 -1.5035378
handwritten -0.14020526 -0.5852146 3.986037 -0.25332087 -3.7056596 -4.590908 7.1885138 -0.22087444 4.0926566 -6.4478726 -4.1112614 4.996171 1.4860233 6.2850266 -0.40856108 -1.7311867 -1.4378808 3.1582747 -3.135388 -0.8222079
notebook 0.009594614 0.5533409 4.1137147 -2.6633663 -2.3225238 -2.3121233 7.565326 0.76691234 -0.11220006 -5.981208 -0.3925935 5.6220317 0.96379983 1.1809384 0.5067369 -0.11740812 1.4855012 -0.66960627 -0.70506674 -0.5404904
scribe -2.2697785 -3.4784448 3.8239675 1.4875056 0.58378977 1.3897492 5.082368 1.1209456 3.6710649 -3.3533762 0.35126308 3.6381974 1.528894 6.6122503 0.706464 -1.4665761 -0.2785271 0.6799104 -4.2327676 -2.1941745
compendium 2.6934657 -0.34967145 2.315685 -0.035781592 -4.9849834 0.77376294 5.6654634 0.78973985 7.8477554 -0.44249395 -3.031705 6.1870723 4.3952475 0.40841603 -1.7258425 -0.23323357 0.6734757 0.6924841 -5.0686812 -0.19559084
excerpt 0.19718716 -0.40985274 3.4461336 0.8974173 -2.5586739 -2.1242378 4.1838455 4.547984 3.4497528 -4.156204 -2.1109815 2.7900763 2.739619 -0.43717206 -3.408714 -2.9708104 2.3024235 1.69956 -3.2525735 -1.3772303
footnotes 0.08616746 -0.87344396 4.3667626 1.0430247 -4.8792224 -3.1272414 4.6789565 -0.7693293 3.3572278 -1.7037845 -4.4178534 8.423105 -1.2037902 2.4095829 -3.1165726 -1.5782145 1.5017085 0.5915952 -3.6634724 -3.3287294
handwriting -1.9457655 -1.3852429 6.6215305 1.1761589 -1.5269923 -0.39822277 7.562615 0.51222724 4.7807846 -4.271031 -2.3564415 6.467181 0.9555095 5.069749 0.77365077 2.7013044 -0.2563292 1.2120715 0.4278546 -2.0339146
introductions 2.368697 1.4371238 1.1151043 -0.5514264 -2.388588 -0.9682554 3.3084095 1.6650561 4.894303 -3.580614 -0.9216098 3.6960385 -0.10496743 -2.2750392 -0.426266 0.43578866 -0.52917784 -0.81573415 1.5360627 -3.6912944
contemporaneous 2.1028013 -0.8348551 1.8734252 1.0563294 -2.9204452 1.7129157 1.0540826 -1.3828571 6.2670193 0.18227834 -1.1833059 1.7142265 1.6869961 1.8986782 -5.5387836 -0.08677162 -2.3992064 -0.1828026 -1.8787711 -4.1276917
exhaustive 3.077069 -0.5283081 2.9951866 0.85438454 -4.444033 -0.35888433 3.7798896 -1.7997562 6.147755 -0.71908677 -3.4950123 3.987603 -2.3950224 1.4589307 -1.0188042 3.1122673 0.7344536 -2.0104284 -1.503439 -0.63118535
typeface 2.8321474 -1.5314236 2.7900186 0.832602 -3.2882545 -1.7092547 2.1806018 5.3955774 0.76804566 -0.68947905 -0.8600809 11.542101 5.0999064 6.1485605 2.205284 0.41907772 -6.001412 1.8397232 1.94646 -4.412557
subtitle 2.173612 -2.203674 2.87657 -1.0946326 -2.7363253 -2.7942772 2.7751944 3.7438798 3.5372202 -1.7018347 -1.2243347 6.344355 1.4065825 1.0857335 -3.3469293 -1.1373415 0.0065501467 1.0632286 -2.1001685 -1.0738544
theses 3.284253 -0.43724644 7.371618 5.564262 -2.923916 1.6685022 0.9898589 1.6099999 9.004967 -2.9600854 -2.967534 2.809506 -1.3531351 2.4317837 2.8232927 -0.33801654 1.7347435 -1.110603 -2.2474902 3.7368052
explanatory 0.7453579 -2.400366 5.94138 1.8756211 -4.3919735 0.44633648 3.754115 0.38564646 4.5426054 0.2694612 -4.8399787 6.1122665 -0.18025717 1.3674687 -3.8971572 2.7276614 0.50493383 0.032459557 -0.9971949 -1.345251
abridged -0.13249281 -3.1410916 2.2704859 -1.0258576 -4.211722 -2.5057743 1.9379002 1.5259093 5.4265795 -4.2002053 -4.58562 3.9942477 4.228121 3.2674768 -3.4260685 -2.9595814 -0.6505068 1.280291 -2.150028 -3.5235894
catalogued 0.85988116 0.5385684 0.9569036 -0.5753155 -5.077167 -0.08109834 2.0181904 -5.295229 4.370293 -1.3126135 -3.9148052 3.8733988 6.0252113 1.8728597 0.18033952 -1.216093 -1.2163258 -1.066022 -4.192534 -0.8046002
banknote 1.0045877 1.1441795 -0.81618863 -3.840055 -5.3957567 -4.973364 1.1432128 3.036703 4.473764 7.098913 -1.2923349 8.437212 0.9579283 8.2938 0.42105588 -3.7019289 -4.012283 4.9732604 -1.2112 -0.53125614
appended 0.6773894 -4.632539 2.6293182 1.1777793 -2.63168 -3.1667626 0.7109577 -2.6118596 2.072789 -1.0914176 -6.981794 3.08209 3.9490132 5.134742 -2.4998345 -0.52839464 -0.7612928 4.996397 -3.4089158 -3.8764782
readable 0.027210971 -2.4462757 3.6211646 -1.5418673 -3.5632079 0.37440887 6.046487 -0.85477525 2.5234911 -2.645718 -4.1393695 7.611728 0.2530676 2.272105 -5.245336 3.036824 -0.4796527 2.4487414 3.694558 -2.9691834
retrospectively -0.46449864 -0.15059283 3.3609648 0.2332234 -0.34896922 -4.0185714 0.08877249 3.7169087 6.2271166 0.72312385 1.5428696 5.067546 -1.3478544 0.7411873 -0.40288997 2.5583751 1.5129944 0.0063871164 0.76240456 -1.061969
annotations 2.6414397 -1.0670351 6.351152 0.9324537 -4.0872393 -0.5085465 5.4237165 -0.7753659 3.3796003 -2.3840566 -3.969807 7.440015 -0.4716583 2.9951782 -0.01700123 -0.83083934 -1.1025279 0.3375443 -2.3543367 -1.760183
omitting 1.3253343 -3.1717007 3.7027287 -0.23994605 -1.4416075 -2.0149858 2.433188 -0.3453157 2.1671827 -0.9028142 -4.5250063 1.9210765 0.054841463 2.7411606 -2.9849815 0.6358539 0.13106853 3.8670583 1.0832901 -4.361805
revising 0.720649 -1.2538035 3.2984257 2.3293767 -3.4107783 -0.3457229 -0.25497398 1.1926495 4.633349 -2.9586005 -3.583822 1.614103 -0.11214339 4.091923 -1.1067764 3.8806703 -1.2310946 -0.1203642 0.7363578 1.6092038
corroborated -2.440084 -3.0801222 1.666338 0.076117046 -3.0261524 -0.58130985 3.878651 -3.4853761 5.125449 -0.630931 -5.7348194 -2.6420262 1.1112281 1.0746433 -5.6885924 2.7491524 -3.0043666 -0.67446244 -3.7903688 -1.4333233
spurious 0.14835747 -1.7596954 6.749227 0.509339 -1.5574356 -1.0236442 3.7752206 -2.2014198 4.7803 0.07053889 -1.6295314 2.9058096 -2.2899466 3.5297933 -4.5115743 2.0643191 -1.4374186 0.51080364 -0.7478345 -2.3241904
paragraphs 3.1415517 0.062350113 5.204416 4.8755374 -3.3084636 -4.0355787 7.260574 1.5229212 6.000197 -0.61716706 -4.3728433 3.07785 -2.1621425 4.273275 -1.3462222 -1.904336 1.6027479 2.102498 -1.1598215 -3.5325742
facsimile 0.34342784 0.9096459 2.7712114 -0.881896 -5.00284 -2.461635 3.8820393 0.0099358205 2.6367464 -3.3374994 -1.9645367 6.523861 4.9321375 4.8623004 -0.6285186 -1.1603563 -0.94732845 0.5259631 -2.0912356 -0.5191755
footnote -0.6303495 -0.68662214 4.218664 2.6860595 -1.9722693 -3.111015 2.7770977 1.7075661 4.2116957 -0.91642857 -1.0865555 5.807579 0.048679 2.3941884 -3.6681705 1.2692016 0.9234765 0.71489215 -3.2904005 -3.1374383
meticulously 2.2569618 3.4747803 2.91253 -0.1164635 -3.040293 2.1287017 7.348055 1.8574972 1.8922702 -3.889111 2.4528205 3.4169252 1.083133 3.6728325 -1.0348454 1.7166725 0.736521 -1.4238262 1.9280217 -1.565961
postscript 1.2075906 -2.9978378 3.9372318 -0.46793783 -2.95263 -2.943764 4.758858 2.3214462 0.5141277 -2.9265347 -1.5110415 6.119025 0.8982678 3.543796 -2.820976 1.1238278 -0.85886085 -1.3358022 -1.8359641 -0.49577364
illustrative 1.9520854 -0.14699537 2.9517894 0.1304754 -3.7077594 3.8263557 1.4634734 -1.3961483 3.953693 -0.8939903 -2.855564 3.969967 2.6332052 1.1223059 -1.8968577 3.1262033 -1.903349 0.84784526 0.80920464 -2.5423238
forgeries -1.0336742 3.488832 4.1567574 -2.7740972 -3.7225707 -0.247444 6.505828 0.83737874 6.662956 -0.9784184 2.2945666 2.8789375 -1.4594004 6.8672247 -1.0257944 1.40185 -5.2300477 -0.7878647 -2.839424 -1.6726099
tome 3.6236854 -1.5190138 2.2947774 -2.2143633 -2.0800276 0.69276506 2.458281 2.883017 2.263644 0.41364327 1.156058 2.6742861 2.327718 0.1174394 -2.9484656 -0.54799086 0.88368833 0.40168864 -6.1347528 -0.5271767
particulars -0.0035661722 0.6314083 3.275845 1.096474 -2.6454375 0.20438656 4.692668 -0.70639193 3.1302707 -0.26061016 -0.96227324 4.8429303 -3.3913567 5.1679373 -2.4698448 3.4290304 0.50781757 1.520278 -1.3811792 -1.9751735
voluminous -0.28395543 1.0092473 2.4306054 1.5170515 -2.5588772 2.2592976 3.0016363 -2.1029344 5.1934896 -1.8964076 -1.2351096 2.9332345 2.8757262 2.0704482 -2.1238046 -0.6836074 -1.0781323 0.25236714 -0.31084868 -1.9671756
summarizing 0.9062516 -1.4716501 3.8796487 0.18097614 -4.1601057 -0.49796999 1.2702409 0.64923227 4.3015156 -1.5970992 -5.5253453 1.9396986 0.1655267 -2.019965 -4.4614053 3.0278006 0.23404437 0.25031802 -0.84029794 -1.2793003
verbatim 0.8079127 -1.3810185 4.8604226 1.5792723 -2.9869678 -3.025441 6.3226237 0.5343509 4.3546705 -5.5060334 -3.4575086 3.814461 -0.93296665 3.8284843 -3.3366945 -1.0618888 -0.6875539 1.0131172 -1.7830974 -2.1109414
encyclopedic 0.9317818 -2.1351178 2.6798716 0.054280445 -4.0293055 5.4155045 2.458631 -0.032173336 6.885999 -2.1498382 -3.1918209 5.9355125 2.9444444 0.17554581 -1.9251112 0.67537594 -1.3516939 -0.44098082 -2.1965728 0.44395187
unbound 2.7667136 0.07723378 3.7794402 -1.3278201 -1.3564993 -1.7229204 2.8865163 -1.3018141 0.8386616 -1.55982 -0.6292078 2.682108 2.339423 -1.5640235 -3.2210455 0.7266909 0.45396045 2.7304559 -2.509964 1.0689304
authenticated 0.64596355 -1.4175109 1.4297608 -1.7541915 -3.196116 -2.377463 3.915818 -2.1037996 0.5917911 -1.5193794 -3.1978178 3.057643 -0.31405848 3.8774843 -1.0294697 1.8432624 -0.6945504 1.216268 -3.347363 0.66750395
telegrams -0.8397404 -1.6060753 -0.26798952 1.7948203 -0.69546175 -5.2523956 7.228643 1.5868386 2.9561875 -3.4188306 -0.47742137 2.116551 -3.9016368 4.403524 -0.9934477 -1.667455 -0.40685487 -0.43872327 -0.5230073 4.816916
erasure 2.555617 0.64423454 4.673929 -0.9630007 -0.78867596 -1.8690113 2.8999069 1.4911771 1.5311877 -1.5226803 -0.55449253 3.0097609 -0.0790708 -2.0277877 -2.4941838 0.77235335 -1.9539046 3.6737604 -0.21111189 0.30840135
unrecorded 0.28685012 0.12025562 0.78149396 -1.122163 -1.2137544 -0.9999206 0.37384307 -3.4624271 4.791422 -2.4051569 0.3368324 -0.7451643 0.3088842 3.3937333 -3.5241623 -1.4434681 -1.0062205 0.8341505 -1.8890983 -4.3428226
reportage 0.69557995 -0.71749306 0.15812203 -0.9806613 -3.7403643 2.628592 3.1272638 4.5164676 5.6851783 -1.258007 -2.0162497 1.5677078 -0.6002801 -2.0103326 -3.3443382 -0.13293591 -1.688676 -1.3440188 -0.38220903 1.2156129
identifications 3.0202856 0.1438095 3.2173371 1.402759 -2.226393 -1.5862573 5.2946725 -1.1272987 4.249561 -0.065763906 -1.294778 3.1230905 -3.0515575 1.1024369 -1.6885957 -0.44769907 -0.403477 -1.3195025 -0.31438237 -1.6616724
alchemical 0.89673465 -0.06049927 5.5949674 -2.1885984 -2.2611773 5.630282 5.8349247 -1.7344581 3.9035895 0.11749591 1.2401463 5.612387 5.5016274 2.5669458 -2.7151418 0.83271945 -1.1262435 2.059287 -1.8869705 2.6014469
purports -0.1510516 -1.0579077 2.90983 -0.013775886 -2.275168 0.87768316 2.5447059 0.3181735 1.7619784 -1.7863361 -2.6561105 3.5747828 -0.39913017 0.36201182 -3.6303477 3.321622 -1.0060982 2.6656914 -3.4055388 -0.5061663
caveat -0.4737568 1.13334 4.3669333 0.23286015 -2.0681698 -4.282263 2.11454 -0.37351277 2.0027564 -1.1012696 -0.7679168 4.7279687 -2.617439 2.625205 -2.3069587 3.5309417 0.5614582 1.508455 -0.64218444 -0.56246316
confusingly 0.8761002 -2.2498903 0.58889467 0.08316479 0.51113075 -2.0421937 1.4621773 -1.575125 1.1967272 0.4101233 -0.13537048 5.906606 1.2966008 2.0005515 -0.6244554 -0.5196512 -2.7118504 1.9099603 0.9467861 -4.832221
purporting -0.09808103 -1.366746 0.8176681 -1.1426195 -2.15318 -2.0806544 4.994007 1.1399577 2.03396 -2.0656896 -2.6325498 1.7118447 -1.272552 1.6238889 -2.6519785 1.9030575 -2.9255488 1.9329838 -3.5673425 0.4254486
typographical 0.44167563 -1.6664668 2.589913 2.2485418 -2.1530693 -2.0142567 1.5360744 1.1512914 4.780946 -0.49859917 -3.1056004 4.3787775 1.4719294 2.8399842 0.0044257636 3.5002692 -3.7853727 0.23516528 0.8692408 -2.6807141
cartographic 3.5375078 -1.9384097 -0.30070028 2.6250908 -4.504246 3.6994176 1.9153495 -2.0397687 3.6395996 1.8999771 -1.9813792 5.5828013 2.2560909 1.6810411 -2.6594071 1.6064545 -3.0359309 -3.464179 -1.5185257 0.585089
folios 1.4513704 2.786548 4.5491924 1.5504152 -4.363515 -0.9781646 4.8317685 -2.4865987 5.490946 -1.4680789 -1.8459984 4.5717964 4.2308 6.44744 2.0866542 -6.401047 1.2637422 1.1097567 -2.1740553 -5.0733557
watermark 0.9556327 2.2444825 1.4846942 -0.397476 -2.9570262 -4.34329 3.0929987 0.92151856 0.43830723 0.17616625 -0.32668072 7.138995 1.7036061 1.8775814 -1.2832365 -0.7264295 -1.5929497 2.4184957 1.0252457 -0.7963973
signet -2.5859082 -0.23131548 -0.693353 -0.07485472 -0.6955882 -2.1475377 2.9714725 0.5681307 1.4799476 -1.6005911 0.6174665 4.822747 4.157317 4.39247 2.5569787 2.4996912 -1.001613 1.7798253 -2.8773503 -0.009472001
afterword -2.104122 -0.17925122 4.8908734 0.62555355 -2.6217387 -1.5724677 3.1769 3.138731 4.108238 -2.4977756 -0.70468146 3.9707823 3.3282263 -1.9611596 -3.2109137 -0.2681562 -0.5934805 -2.1281583 -5.2045865 -2.0431228
testimonials -0.27873126 1.9262283 0.29861507 -0.8870015 -2.5082438 0.12593701 4.3424506 1.9343315 4.7308226 -3.3163967 -2.2230535 1.7887954 -3.746788 0.062978 1.0823283 1.1092036 -1.0668273 1.524218 -1.2704436 -0.37255242
transcribe 1.2130418 -5.0938563 3.9436748 -0.26891032 0.38067162 0.8029403 3.6423078 -1.9007331 2.6643453 -5.835183 -2.5508711 3.2783875 0.88228035 3.342185 -0.021010008 -0.40431944 -2.215313 2.0655937 0.6041428 1.4023803
cataloged 2.5806296 0.99691254 0.39704728 -0.69859236 -4.40586 -0.7632591 2.3550155 -5.281738 3.4479954 -0.60641724 -3.097794 3.2082148 3.2312713 0.18370141 0.4575217 -0.32576826 -2.0648406 -0.98508906 -4.218931 0.17969164
vignette 1.0357647 0.89986014 0.112851314 -1.1247723 -2.6584682 -2.155998 4.2950106 3.142267 0.25639784 -1.6580108 -0.50647885 2.568968 1.5883685 0.90626395 -1.2674445 -0.38964653 1.7143303 0.5490164 -0.9088956 -2.6242247
transcribing 0.8011112 -3.1467993 4.0810595 0.1643862 -1.0499136 1.6573473 3.8194964 -0.97978234 3.5798366 -5.813613 -2.8982162 2.367114 1.2497255 2.286503 -0.71791273 -0.92476094 -2.0904045 0.92503476 1.15558 0.98648715
concordance 1.0989242 -1.1804324 5.5386815 2.55634 -1.0363536 0.36011618 1.6147046 -1.6706618 4.4505687 -0.90090847 -1.6944333 5.147039 0.3788325 -0.066279136 -0.29143143 0.10542319 0.84836304 0.08278923 -2.5129914 -0.66522074
thesaurus 2.1339066 -1.601906 5.057023 0.94276994 -3.4218414 1.4240278 1.5743566 0.8211107 3.5211477 -1.4909109 -2.0418215 9.321823 2.4758418 2.6476822 2.1847808 -1.4010946 -1.4364755 -0.122870915 -3.5758944 0.15424249
apocrypha 1.0378218 0.6343217 4.304248 4.402891 -1.5182381 -0.68234944 3.9423726 1.5807298 5.4073935 -3.642808 -0.120870665 4.6563873 2.8340704 3.0927045 -1.5974283 -2.487938 -2.1358185 2.5522609 -4.200061 -3.2970407
byline -1.5104918 0.1487679 0.77440745 0.8066199 -1.802362 -4.6974397 2.6698449 2.9254692 2.4710007 -4.325758 -1.3719568 2.7610388 0.12203418 -1.1265129 -0.25595903 -0.13455917 -1.4743979 -1.8099414 -1.8032347 -1.8759824
polyglot -0.5634008 -3.045529 1.5455506 0.6230483 0.4582614 5.082214 0.75059855 1.0521448 5.9307218 -3.046016 -0.13531123 2.350335 1.0784057 0.46905196 1.5638303 -1.5560285 -1.503349 0.13424027 -2.275417 0.6709917
redacted -0.30524245 -2.3496218 3.1725926 -0.28084728 -3.9294345 -3.8967788 4.5558634 -0.25033987 3.2724044 0.3520893 -6.2043343 0.064178966 -0.7024412 3.0947678 -3.5395365 -0.8682747 -4.803129 1.8951157 -4.191484 -0.62821406
prefaced -1.3798088 -3.9308982 3.7382326 0.4785639 -2.3977444 0.48863193 0.91237384 1.989335 3.903893 -2.2428253 -5.3998017 0.8611034 3.4641335 0.985311 -2.3898466 -1.0590644 -0.57477045 2.0070672 -4.678031 -2.379071
deciphering 1.2549987 -3.4976664 3.6066723 -0.19398078 -2.2270482 2.7977529 5.8367047 -0.95320994 2.8502398 -1.4725772 -1.8716645 2.8744779 2.0850363 2.6571717 -3.5166245 1.3262513 -0.87557596 -1.3698027 -0.29137623 1.3810754
plagiarized -1.7450441 -2.383792 4.7329783 -2.6378565 -2.0966873 -0.5658895 2.708474 1.5599849 3.8774552 -3.147976 -3.4446077 0.5982529 1.0109849 -0.37478673 -3.661685 0.10583585 -4.506035 1.3427126 -3.8829205 -1.8458002
appendices 2.0500607 0.54161096 3.6507692 2.5753498 -4.205717 -1.567391 5.31759 -0.104923904 5.6984158 0.22813492 -3.589476 4.724874 0.70815194 2.538756 0.17541416 -1.504808 -0.06882949 -0.12769808 -3.3266072 -4.0039988
typographic 2.4456697 -1.9072884 2.9588246 0.59342605 -3.016887 1.6418062 1.3332957 1.6264461 3.1611812 -1.7525893 -3.0869539 6.8939357 4.0970345 2.6941705 1.6405509 2.4738865 -3.4881856 1.5486209 2.268338 -0.88795716
memoranda 1.4471167 -0.14787327 3.1777587 1.7981817 -3.5141437 -2.2117383 1.826007 1.7595737 6.0515428 -0.27385867 -2.547505 2.5554903 -3.1063178 3.3282201 -0.018446598 1.074664 -2.1989567 -0.4156351 -2.2843263 3.5779529
painstakingly 1.4130348 3.0885873 2.8527513 -0.24675758 -2.3297484 1.5329694 4.965712 0.80840766 1.5870243 -3.342029 2.2406435 2.147788 2.0413249 4.1687784 -0.7013864 0.9750371 0.11094258 -0.27424476 1.4463515 -1.5272133
abacus 1.2997781 -0.8829798 0.8035591 -0.5556628 -2.1308577 -0.15137678 1.0597136 -0.100415625 0.701216 0.1415158 -1.2660285 6.4698915 2.4835427 2.928128 1.7178534 0.26141027 -0.31451318 1.1769195 0.47180715 -0.5812432
rubric 3.0152476 -0.9603172 3.2635636 2.8337407 -1.2037828 1.0170135 2.2870693 1.668784 3.7075467 -0.70823526 -1.8208505 4.660881 -0.91770595 0.61636823 -0.24630146 1.0509828 0.62254083 2.1423664 -0.4474983 -0.2501622
colophon 0.46230543 -1.3949797 2.8554132 2.0569715 -1.8077726 -0.21368569 2.1398833 -1.6642543 4.5393543 -0.61484736 0.2193928 4.766985 2.896354 3.8003888 -2.575957 -4.255859 1.9088359 1.1904753 -6.5296597 -1.774243
sketchbook 0.22622646 3.228482 1.0636784 -2.7290785 -3.4013422 0.09453598 4.331063 2.2152185 1.4198868 -4.397215 1.1310632 3.137205 4.2352853 -0.15415183 0.054254226 -1.1866764 1.0602105 -0.3873642 -1.9443483 -1.2003022
terse -1.8588617 -2.387761 4.338254 1.8993795 -0.829016 0.36814198 3.6658096 2.6567957 3.0578246 -2.0559826 -2.2992706 3.4031773 0.9588019 1.1205555 -4.171386 0.73116153 0.4158502 1.5802877 1.481834 -3.3218756
addendum 0.6299798 -0.055513788 4.1784534 1.1750437 -3.5575087 -3.7031167 1.3193283 0.97181004 2.9511414 -0.2592336 -2.4747014 3.7639375 -0.1723619 3.317336 -1.6364317 -0.19321379 -0.34670773 0.7804986 -3.559319 0.82643384
paraphrased -2.631702 -3.0585003 4.0418863 1.6940322 -0.45772487 0.2163109 1.8200462 0.6798329 1.1259589 -2.9267569 -4.263846 1.3911104 2.1555488 -0.14357257 -3.4461355 0.3118921 -1.5792041 3.0475428 -2.3653235 -2.9508402
pedigrees -0.2121551 0.65208894 -0.60937226 -1.047478 0.2583581 0.17232737 2.2808666 -3.3849614 6.583268 0.06338326 2.6868112 5.8712015 -0.8962286 3.082833 1.417698 1.3791789 -1.0887281 0.1626117 -1.6391689 -5.967943
chapbook -0.6513245 1.0849638 0.37174168 -1.396063 -2.6686127 -1.4190562 2.3602057 0.59763706 4.2221103 -3.3603895 -0.6637624 4.6833334 4.9247885 -1.8116354 -2.3664324 -2.4281116 0.68655795 1.409259 -4.035392 -1.8811971
brownings -3.189974 -1.4593899 2.7190819 -0.1402929 -0.5435819 -0.5591081 3.4030333 1.3820441 1.9568005 -1.9085784 -0.22630054 0.3800948 3.7928917 1.720134 -0.3979903 2.154955 0.27856764 -2.3276174 0.04801556 -3.5725913
sixtieth 0.35492438 -3.5161014 -0.73857206 1.8163996 -1.5568225 -2.5898461 -1.9020917 2.3204842 3.2694485 -3.4051452 -2.719279 -0.85082865 2.7802005 2.0119085 -0.91077334 -0.89428127 4.6739955 1.2263732 -5.040746 0.23713252
unabridged -1.9822139 -1.0999669 2.563467 -1.192693 -4.0200963 -3.1360586 3.614755 1.7002457 2.9932568 -4.0388985 -3.5851712 5.2464213 3.4112751 1.0205088 -1.3057399 -3.1806402 -0.19893624 -0.3604423 -2.6016383 -2.469364
exemplars 2.206345 -1.0298977 1.8689504 0.3095097 -0.80307126 3.1738348 3.4210477 0.3417307 4.8883357 -0.022016486 -0.20989372 3.3232555 -0.27084368 1.8386213 0.6178176 1.5603753 1.3867264 0.8657117 0.28951418 -2.439544
pseudonymous -1.4252917 -2.2465036 3.306676 -0.71067655 -0.9953913 0.09622624 3.5339832 2.3922575 2.7255414 -2.9556458 -1.4605573 2.7864792 0.52054334 -0.27569363 -1.5811011 0.29962608 -4.332942 -0.16870078 -3.7448683 -2.482104
sourcebook 3.2668452 -0.46368316 0.051703725 -0.9059088 -3.7180617 -0.6940454 3.2647743 2.351711 3.3014665 0.9773035 -1.4079363 4.527896 3.9248743 -1.619503 -2.1616035 3.4959724 -1.3512864 -0.134356 -3.699351 -0.8048698
genealogists -0.14078669 -0.6928683 0.15056962 0.4844539 -0.29817742 3.106819 2.5118134 -2.0571432 6.043761 -2.1229455 0.1467701 3.5213983 -1.7653874 1.3770515 1.5097646 2.0504575 -3.8747146 0.1765655 -4.1083384 -1.7039831
hoaxes 0.9415277 0.6865025 1.4753408 -1.4025215 -2.383091 -0.69739175 7.3085885 1.1229025 3.7356 -0.36350572 -1.3075099 0.43275782 -2.7270753 -2.0749798 -3.3802059 1.2907392 -3.8429995 -0.971166 -1.3315257 -2.2443411
prefaces -0.5845332 -1.6401924 4.429714 1.3097192 -2.7769988 1.4740565 3.6238375 1.5315198 5.8518453 -2.8661218 -3.0178041 2.833139 1.1836436 3.1519785 -0.7435767 -1.7663163 0.29659033 0.37445545 -2.6704981 -3.7434194
orations -1.3438725 0.5641423 2.5256774 3.8245647 -1.6181927 1.8056384 5.813902 3.0534472 7.1577435 -1.4182053 -2.701287 1.458921 -0.64337283 3.3440962 2.900111 -1.9746984 2.680634 1.8630278 -3.1654902 -1.7687701
unverified 0.04571748 -0.83485943 2.1122255 -0.72256356 -1.7607073 -1.9004451 3.4935067 -1.6676465 4.5659423 0.94015384 -1.0440981 0.7973732 -3.0366695 0.671344 -4.168487 -0.22085159 -2.4268544 -0.7122303 -2.6166503 -0.9369493
mailers -0.07803985 -0.0092211235 0.79491884 1.1170905 -1.1497464 -1.6293595 3.3083916 2.2952461 2.1514509 -3.1984515 -1.1984929 1.5642437 -1.388889 -0.74397457 -2.4033093 2.4903748 -2.428583 0.102156974 -0.8028591 -1.7071612
titling 1.4662313 -1.29538 1.7990519 -1.6227717 -1.9024104 -0.4019702 0.7534006 1.2791812 1.1573676 -1.5108949 -1.338773 2.7036889 0.91784215 1.0685251 -2.3659818 1.1663362 -2.0668108 1.5185708 -0.7547586 -1.0515854
redaction 2.187056 -2.7152727 5.5333595 2.3745074 -2.7269773 0.8057619 1.5208526 1.7863908 4.717988 0.0074163913 -2.6262038 2.3066308 0.56939465 4.4825597 -1.1007359 -3.1372695 -0.19565706 0.39293015 -3.7898097 -0.45238498
excerpted -0.38470462 -0.6448633 1.450421 -0.37221372 -2.9664688 -0.7021517 1.9915442 0.61165535 3.2271922 -2.5471277 -4.0961576 1.767276 3.1899097 -1.7018752 -2.923152 -2.023881 -1.5090724 1.8901695 -2.935633 -1.9150144
expository 0.269466 -1.7766098 3.8282273 2.4938893 -2.2713337 3.6035125 2.4661636 1.431027 2.949197 -3.881265 -4.1215477 3.5273142 1.5196867 -1.3468305 -2.1426833 1.7597619 0.9574239 1.1229675 0.6027286 -1.996683
captioned -0.99092245 -0.8032833 -0.76262766 -1.4632356 -1.8378727 -2.4176445 5.1646466 1.0275656 0.2784598 -2.3070784 -3.5992284 1.4250036 1.6767019 -0.5191 -2.057133 -0.86110115 -0.40792572 3.158031 -1.3945504 -1.4102845
reordered 2.01382 -0.7504288 2.0218544 1.5793957 -3.02411 -2.000521 0.7838126 -0.79997385 -0.8912908 -0.8429022 -2.5145183 0.7784684 2.9438717 5.397635 -1.2954986 -0.76126254 0.28728116 0.69124764 0.67299557 -2.2212265
blurb -1.2729205 0.6249291 1.8013093 -1.7089162 -2.605158 -4.2905297 4.623888 2.7888598 2.1816766 -2.3333747 -0.44915777 5.4533825 1.4799242 -0.48533833 -3.5878806 -0.4439409 -0.76970065 1.0727955 -2.2491436 -1.270055
digests 2.0066032 0.9939472 1.1345243 -1.1901587 -2.4920685 -1.0347294 2.3222404 -2.2822971 2.5223079 -0.7934922 -2.626454 4.0324235 -0.049438864 -2.1770828 1.3566191 0.35298514 -0.4465855 0.7358372 -1.3870434 -0.8534992
flamsteed -0.82483447 -2.9180017 2.163879 3.928901 -0.27108112 -3.6611943 2.3303363 -1.7870457 3.0053287 1.7054557 0.36287886 5.7279015 7.011948 -0.07131586 -0.9412669 -0.41015047 2.6344457 -2.136817 -3.7454412 0.05894978
cursory -1.2476703 -0.5730515 2.2117534 0.8512481 -1.4547123 -0.4200337 4.390671 -1.5733192 2.59716 -1.4230213 -1.0577279 1.9213096 -0.065275565 1.3867936 -3.379363 2.3157325 2.015286 -0.59879005 0.042640895 -0.2615703
marginalia 1.6111319 -0.2030015 2.8970265 2.9852884 -3.522455 0.011991492 2.900213 -1.7519555 3.3422484 -1.6620117 -1.4478871 3.4822912 2.765474 3.3319085 -0.45438644 -2.4880097 1.4748609 -0.9322267 -1.5785133 -2.9101555
epitaphs 1.6729409 0.8943267 1.8291347 0.74833333 -1.0188102 2.666367 4.372402 -1.199342 4.0248494 -1.2857615 -0.32452878 0.7111466 2.4231076 3.4262955 0.54503703 -2.8878965 -0.54168963 2.979605 -2.6517959 -4.3023825
laudatory -2.7416873 -1.0677174 3.5042758 1.2749033 -1.5258944 1.0548004 1.3049505 2.9944167 5.5545473 -0.86754805 -2.2480211 1.9167529 0.7391851 -0.10042563 -3.0127401 0.08234423 -0.8771112 1.243482 -1.799361 -2.3865826
paracelsus -0.6408467 0.6050665 5.7586265 0.5450565 0.0058620023 4.652764 3.2616096 -0.773094 4.849294 0.16332346 3.1256194 3.5955296 3.875756 1.5615954 -0.23416017 0.45820564 -1.4574208 0.24826361 -3.2293768 1.6994201
bookshelf 0.45204002 0.27410364 0.67300457 -0.6761758 -1.9867328 -1.1175611 4.156826 0.41924948 -0.036416255 -3.2640722 -1.3709711 4.795109 1.505854 -0.39141795 -0.16017446 0.23791403 0.4423594 0.93104607 -0.84562653 -1.2804621
doctored -0.8941555 -0.23019986 2.3267486 -2.368703 -1.792698 -3.6297252 5.8238225 0.77926946 0.80953634 -1.363279 -2.9444141 -0.15977934 -0.8792638 0.16310515 -1.9337229 0.4761354 -2.4492755 1.6598115 -1.4844712 -0.37018484
republication -0.51435894 0.8859694 2.190836 0.30406633 -3.5052366 -0.45528084 1.6652013 1.6617123 4.9922833 -1.7113671 -1.6291938 2.6021397 1.4714509 1.890488 -2.3731604 -0.05664213 -2.3197756 0.51624364 -3.059009 -1.0735133
acknowledgements -0.56687224 0.5996442 2.0202906 -0.15352911 -2.533337 -0.92471385 1.6507673 1.6650751 3.7378976 -1.4588275 -2.309624 3.046482 -0.7765238 -0.27839974 0.35400543 1.0167744 1.0883929 0.6652764 -2.0312512 0.13664147
prolegomena 0.8311096 -0.6000672 5.1252193 4.001605 -2.7737043 -0.6366921 2.2377317 -0.028839381 3.716502 -0.2828739 -3.6158671 3.8624341 3.4050202 2.1882572 -1.0472964 -2.7415938 1.4619519 3.4812512 -4.3635 -2.6372647
palimpsest 1.6406333 0.98703766 4.49542 2.9385793 -1.8262129 0.5972594 2.756068 -2.5471854 2.0378969 -0.6177485 -0.041030835 3.7174027 3.977372 2.1237595 -1.1705904 -3.0577023 0.07730488 0.4383683 -3.0102582 -2.3497818
facsimiles 0.93600655 1.602607 1.5701065 -0.77644676 -3.7562377 0.0069442946 3.5175028 -1.0846148 3.6057484 -2.1910405 -1.5921401 4.5627847 2.152967 3.4705331 0.43123037 -1.6255649 -1.6925274 1.0277799 -1.4817322 -1.524659
rubrics 2.5208051 -0.34077367 4.1213775 4.0801682 -2.5504274 -0.20295137 3.2910306 0.537425 3.2894464 -0.93515 -3.6903133 4.057312 -0.98626685 4.13647 0.78427535 -0.6679253 2.7380571 3.0321066 -0.8644204 -1.0420514
unreadable 0.75567544 -2.0512366 3.5415304 -0.98730415 -1.2620167 -1.0404401 4.3924594 -1.0635947 0.44488713 -1.2616372 -1.3036382 3.3657706 0.164863 2.2865326 -4.3635035 -0.22333242 -0.8670639 1.4109917 1.153994 -2.8552501
affirmations 1.396723 0.86420196 2.652769 1.6510757 -1.4804642 1.034014 3.0913968 1.9069158 2.187801 -1.2469575 -2.0712461 1.8664559 -2.3106706 -0.45949855 -1.1558172 1.4748764 0.7503917 3.587898 -1.8687366 0.16914058
decipherment 1.0589505 -2.8934565 5.358549 1.3686013 -2.2081294 3.2455816 3.543499 0.21278144 5.11063 1.4358315 -0.4873187 3.2767134 2.2731304 3.92192 -3.467974 -0.6323907 -0.7493883 -1.9232116 -0.65221494 -1.2203648
aphorism -0.68613523 -1.7274026 4.475259 0.9024948 0.07188367 2.6359942 2.7566833 1.9872336 2.370346 -0.3604237 0.071978755 4.9543276 0.69155383 0.34347552 -2.8095691 -0.012072603 0.8389235 2.5865898 -1.8534924 -1.3892038
overviews 2.4127223 -0.7278579 1.0915298 1.1144649 -3.589548 1.9033602 2.131942 1.0195858 4.2540026 -0.51541823 -2.633153 3.9562361 0.18125612 -2.236759 -1.0664867 -0.13117954 -0.69440913 -2.0539806 0.41681466 -1.001462
dossiers 2.320818 -0.679005 2.2851298 -0.5365975 -2.9348054 -1.624333 5.0172734 1.1294726 2.1605992 -0.117374495 -2.2025611 1.7435582 -3.4144437 2.4214835 0.62095374 1.2308053 -1.4961971 -0.53264815 -3.567782 1.8157218
exhaustively 1.5504196 -0.018781886 3.6079767 0.18867068 -1.5613126 0.5116038 3.3447118 -0.8973831 2.365019 -1.14883 0.2981005 3.4918952 -0.9436204 0.4808347 -1.5054557 1.4327228 -0.1079767 -1.4257156 -1.128509 0.05224138
crosswords 1.8217211 -1.2253623 -0.6284767 -1.2341744 -2.6143064 -1.2250937 2.8770752 2.0053399 2.0962577 -3.098121 -2.6714008 4.4978914 -0.060612883 -0.84030265 0.2718332 1.0734653 0.86882055 -0.21860479 -0.06697093 -3.5154185
eulogies -1.7920142 0.38026834 1.5931584 2.0881994 -0.32187003 0.2979029 4.5585713 2.427067 4.2060447 -2.6683064 -0.50093377 1.2491944 -0.78257287 2.0002973 -0.27223286 -2.1118758 1.7857281 2.8506358 -2.8424273 -0.5011685
corroboration -1.5508093 -0.1004164 3.1213548 1.3208423 -1.7531642 -0.0096354345 4.1961718 -0.1608606 2.8234332 0.52359843 -0.8769346 2.4507256 -2.787209 1.4930385 -3.0232832 1.845133 0.20879789 -0.5491125 -1.5534176 -0.15719502
ecclesiastes -1.6605039 -0.91242445 4.4146895 1.8157417 -0.5420569 0.9650071 2.6775427 -0.028816734 2.522694 -3.0560136 -1.1345832 3.3264978 2.3044426 -0.076024085 -3.5031803 -1.6269717 0.60985965 3.6115324 -4.474295 -1.7024635
typeset -0.23873846 -2.159937 2.3772974 -0.42296505 -1.8677552 -1.5821244 2.8025556 -0.8142325 1.9520872 -2.8645697 -3.7018583 4.996127 3.035318 2.748189 0.30104327 -0.8185077 -2.9452443 2.348419 0.99689835 -2.0545006
incunabula 2.0196161 1.8680592 1.7429 -0.51659775 -3.8464806 1.281237 1.2015697 -2.152408 4.893277 -1.1589036 -0.5294229 3.729345 2.4979293 3.340741 2.251941 -3.6997006 -1.9086298 0.027336169 -2.9486947 -2.114686
mottos 2.3742573 -1.7951611 -1.3652507 1.0995727 0.296635 0.88188016 2.055956 0.68875086 1.7886548 -0.2212007 -1.3635517 3.0072877 1.0600555 2.315938 1.8868651 0.048176274 -0.09141997 4.7468095 -1.7425046 -1.5957599
typescript 0.4292599 -0.3054328 3.7502394 0.68147755 -2.768045 -3.091008 2.7092934 0.3942808 2.494923 -2.978002 -1.3104901 4.9981813 1.5306864 2.5377202 -1.1410272 -1.0282571 -0.8839289 -0.4584763 -2.63268 -1.0857944
playbill -0.27717102 1.3334057 0.88034976 -2.0229397 -3.2922328 -0.7387169 1.3365088 3.5643234 1.4643896 -3.9568102 -1.0620174 2.3326254 1.00437 -1.6056265 -0.7669655 -1.9360824 0.85527337 -0.51549745 -1.5501677 -1.4666674
cyclopedia 0.38995537 -0.20817603 -0.32717836 0.8606995 -2.3738234 -1.3905802 0.99180955 1.0718364 4.362773 -0.51201135 -1.5293247 5.907497 3.5522885 -0.2915119 1.1976106 3.055505 -1.5350883 0.1877781 -2.41727 -1.7284505
anachronisms 1.4288598 0.74487615 2.6596417 0.09362789 -2.2439933 1.8103213 4.837442 2.7868035 3.5699522 0.5854606 0.004915737 2.1525352 -0.5292624 1.018755 -2.5500515 1.0109364 -1.1696496 -0.18709296 0.50697786 -4.0363746
bestiary 2.555093 0.7143312 0.18011919 -0.5799157 -2.7348201 0.058454454 3.186632 1.3916943 1.885098 0.9169577 -0.036735233 3.6390574 4.483582 -0.6138524 -1.6403661 0.8137534 0.038227893 0.5866783 -3.1022503 -3.2382948
eratosthenes 0.5785639 -2.2765648 3.7008264 1.8820263 -0.8269126 2.259637 2.5069761 -2.5805137 3.4665332 2.173703 0.72596 3.7294974 3.00983 2.1650047 -2.69669 0.7493873 3.5341449 -1.6122935 -2.8412 -2.2268646
sketchbooks 0.87609106 3.238647 1.1450218 -2.116493 -3.7951286 1.8684245 3.7503352 -0.35525155 3.6798363 -3.4298518 0.3258906 1.8889657 2.8422596 2.211948 1.5430908 -0.52083224 -0.7269375 -0.6943103 -0.59074277 -1.6202923
sundials 2.8075464 0.22802396 0.7218822 1.9653013 -2.8593428 1.7794929 3.6263118 -1.5345657 1.4921666 0.73993254 -0.3888416 4.806444 4.2370915 3.8360634 -0.6846454 -0.6264427 2.7144332 -0.0086866105 2.2078407 -1.3237722
clarifications 0.94377923 -0.901686 3.8684986 1.422881 -2.7678857 -1.458205 2.3511057 1.7809122 2.354237 0.026079012 -3.0891843 2.0710607 -3.259412 2.5849977 -0.73379064 1.5036325 -0.35236993 0.3024088 -0.818909 0.34257314
reread -1.7934827 -1.3742181 3.095308 -1.1154003 -1.2107229 0.6352544 3.3661954 0.10328895 2.244768 -4.079389 -1.679663 1.3805622 0.6286705 1.5377982 -2.593319 0.9045081 1.7097099 1.5561239 -0.7717779 -1.6346364
overprints 0.8834015 -0.70434564 -1.623371 -0.6495231 -2.8750675 -2.8552122 1.5473943 -1.2814258 4.510835 3.5134993 -1.4558625 4.997737 -0.9854854 5.755297 -0.33351004 -3.0822594 -3.0451765 2.0020676 0.22571996 -0.46753034
acknowledgments -0.0126829585 0.25245258 1.2726878 -0.6692532 -2.4267302 -0.4685665 1.6445669 0.6741733 2.791309 -1.0505406 -2.1210835 2.9421349 -1.5701131 -0.040958304 0.54102385 0.6520371 1.3599007 0.526745 -2.342122 -0.3813903
gazettes -0.57122856 -0.5346264 -1.1116083 1.7419177 -2.596352 -1.7341635 -0.019368315 1.0625589 2.2575588 -1.8687553 -2.7561193 2.7970595 -1.0244185 -0.19885384 -0.9109999 -1.4223719 -2.4777951 -0.8444113 -2.4784355 -0.5151734
errata 2.1196616 0.29813993 3.8222013 -0.72874314 -2.4913905 -3.9697614 2.826907 0.68833524 1.5070759 -0.5444669 -1.4872296 3.5140924 0.8062236 0.5125575 -0.72247297 0.24579047 -1.1172596 0.38122475 -1.5981162 -0.9649395
imprimatur -0.008750213 0.3766778 3.4903395 1.5840633 -1.683572 -0.07380053 0.62854546 2.5618367 3.0571342 -0.77855736 -0.88511443 2.5495112 -0.43237087 2.9968243 -0.056447044 1.1438919 0.083566114 2.3169973 -4.1202135 0.9235218
postmark -0.04285261 0.7803941 -1.6862423 0.4244737 -2.7862296 -4.04618 3.4038777 -0.5406791 0.14363411 -0.6271261 -1.0404426 4.841558 0.18654372 3.3364608 -0.8537325 -2.354563 -0.06477962 1.3117415 -1.5145261 0.3146715
encyclopaedic 0.10586084 -1.473047 0.8198221 0.52973455 -2.453645 4.4013467 1.264555 0.3311825 4.5709934 -0.7581038 -1.3644248 4.720661 1.656715 0.61286366 -1.2864133 0.7423532 -0.52761364 -0.22707517 -1.4356774 -0.35727057
panopticon 0.6699151 1.0241135 2.5005913 1.7842724 -2.4572608 0.86175317 2.5120995 1.9181339 -0.14299367 -0.41406837 -0.74752915 1.8802764 1.8147835 1.5760794 -1.0604349 1.9737409 -1.8061523 -0.18658248 0.073388495 0.035958987
numerology 0.7068205 -1.7444263 2.746711 0.81372374 -0.5872836 3.9281168 2.9365125 0.524361 2.8775458 -0.605716 -0.16690318 4.761678 1.024095 0.3241857 -2.20664 -0.3933106 0.24854338 1.842994 -1.2623271 -0.31266436
chronologies 3.4530535 0.29007384 2.5685887 2.0529912 -2.0113823 1.4697925 1.4202876 -0.72170514 5.1135035 1.8079948 1.3710451 3.6133862 0.041876547 2.6345527 -2.2176304 -0.7226653 0.16560218 -1.1560493 -0.9431524 -1.8045323
paraphrasing -1.8262057 -1.5222474 4.4433527 1.6490071 -0.18876207 0.43437564 1.6292986 1.4378601 1.1925111 -1.0883547 -1.6475056 1.7223984 0.7674444 0.02101167 -2.5416067 0.2989058 -0.59823006 1.9091891 -1.7496561 -1.72923
forme 1.0371522 -1.591597 3.5592556 -1.0838059 -1.6473534 1.1437105 0.6743043 1.1249517 -0.3490683 -0.4828024 0.23330678 3.9849226 1.6938505 2.3759072 0.6580715 -3.1736887 -0.42260164 0.19563396 -3.684081 -1.0192349
watermarks 1.4032154 1.0181236 2.5530531 -0.18796988 -2.458338 -1.8742843 4.3034186 -1.0222322 2.1160042 -0.30661464 -1.1175092 4.8939495 1.3105804 2.330201 -0.08986209 -0.090919346 -1.8955225 1.6815295 1.2213756 -0.39970964
workbook 0.8709364 -0.041471373 2.7566469 -0.48181137 -2.805653 0.69463974 2.558843 0.11924447 1.4618058 -3.7776113 -3.3151305 4.345967 0.7889336 -1.1989908 1.419944 0.47186312 1.1510152 0.439512 -0.05415602 1.6330848
photocopy -1.2404909 0.4918662 1.9261934 -1.7381009 -2.9014475 -1.764649 3.8271296 -0.86392224 0.026378136 -2.8175032 -2.1584847 3.8480928 -0.42547077 2.451793 0.19328846 0.37182128 -0.8729037 1.2469625 -1.2028283 1.8796911
photocopied 1.0296247 0.94252485 1.590667 -1.9965507 -2.6295426 -2.7503362 4.2201147 -0.44316074 1.2369542 -3.4467566 -1.9923759 2.9577699 1.1656861 0.9905782 -0.1376535 -1.041955 -2.250983 1.6535949 -1.2558482 -0.17063895
softcover 2.0534163 0.70649207 0.36268243 -3.095857 -4.048258 -4.622895 2.1906602 -0.40803474 2.5605984 -0.11773334 -1.8403091 4.0063443 3.4358795 -0.17783463 0.19739486 -2.0907958 -2.5373898 -0.040197667 -2.283568 -2.2878277
writeup -0.3577455 0.6314659 1.6949064 0.31188312 -2.4978044 -2.2354236 1.374335 1.9366038 2.2090778 -1.3498063 -1.8638188 2.599649 -0.010146955 -1.2646837 -1.7988522 0.16977565 0.40111595 -0.17943557 -0.7384995 -0.23535387
banneker 0.5622028 1.7686577 -0.33276284 4.4547997 -2.302171 -0.27080357 2.3858552 0.6450376 -0.3611962 -2.8963518 -0.53111595 2.6676986 1.58968 0.49841708 0.12618461 2.073856 -0.61870635 -1.0927285 -3.7870827 -0.4090616
scribbled -1.0417298 -0.59547585 2.2381368 -0.42874613 -0.28336146 -1.4807875 3.7951293 -0.5914941 0.06357858 -2.6574786 -1.7473028 0.903119 2.4874258 1.2840319 -2.2094445 -0.15383895 -0.57506794 3.279896 -0.2664519 -2.6492977
overprint 1.0743407 -0.6071667 -0.6695241 -0.63110614 -2.036088 -3.0324054 1.042081 -1.6197494 2.8853538 3.1999297 -0.42675868 4.8359904 0.9196296 4.4194455 -0.46106088 -2.5187726 -1.5044584 1.7495627 -0.4447064 -0.045188334
photocopies 0.5209689 1.1569426 2.0127697 -1.4570857 -2.5890756 -2.067542 4.1819305 -0.53082967 2.2360635 -2.8283393 -0.9613488 3.3653808 -0.7759756 2.7213562 0.6567043 -0.8140327 -2.1921406 0.7137854 -1.585079 1.2607079
deuterocanonical 1.5796013 -0.08419752 3.304345 3.2292054 -1.1766704 0.78662217 3.5318382 -0.56765115 3.6838663 -2.162445 -0.6404624 3.3783627 1.2175629 1.9462624 -0.25922066 -2.3772345 -1.4513437 2.5887032 -6.0035906 -2.3663378
collating 0.8365726 -0.80663306 1.4934931 -0.29567626 -3.1334746 1.2871367 1.9852213 -1.3028699 3.1563206 -1.0628176 -3.0684674 2.392548 -0.29683554 0.75562626 -0.0611897 0.067367606 -1.1934322 -0.7123099 -1.001889 0.88094056
inscribe 0.96656036 -1.8112218 0.2842008 -0.62208366 -0.5749471 0.6089935 2.2317126 -0.9289203 0.13956577 -0.12361096 -1.7743677 1.79141 2.0553808 2.9561927 -0.8421173 1.9400394 -0.3861912 4.6064963 -1.8112363 -0.5453321
abridgment -1.3160329 -0.12386924 3.8222935 2.0420384 -1.9874218 -0.33405662 1.0233759 0.7531631 3.9328058 -0.6893731 -0.56018317 3.4730434 1.1885846 2.4516213 -1.6093472 -0.47753868 -0.35046265 -0.28774217 -3.674603 -1.0296885
explication 0.74239403 -1.0134009 5.0231643 1.7447684 -1.781978 2.5226228 1.6339047 1.5486716 2.2172549 0.09572379 -1.1410378 3.431543 0.4845316 0.91725355 -1.898929 1.3561178 0.36921975 0.79441565 -2.0587506 -0.37589025
collate 1.1064802 -0.70078295 0.94637156 -0.7323943 -2.9408898 0.84243494 1.3826532 -1.5137748 1.4771615 -0.9797536 -2.2966938 2.7185054 -0.94376636 2.0397472 -0.7928809 1.7309285 -1.0610313 0.38021678 -1.1491039 1.9019754
fortean 0.13613054 -0.19888306 0.58690536 0.8604542 -2.2796152 0.94717985 1.9550767 0.6036514 3.241767 -2.1759455 -1.7031184 1.6665784 2.048025 -3.4908805 -1.4478122 0.72012943 -2.3294148 -1.9204749 -2.817951 -0.8428048
republishing 1.0613256 0.05697155 1.6240624 -0.97748566 -3.216194 -1.0258088 0.8920942 0.8988103 3.5957718 -1.6355339 -1.5175862 2.4867105 1.02035 0.66537994 -0.9730977 -0.36191726 -3.3434901 -0.9108393 -1.9681761 -0.25761226
abridgement -0.9041258 0.037935223 2.6220686 1.8759633 -1.733367 -0.2971381 1.6831554 0.96249104 3.556634 -0.510079 -0.70158243 3.0161602 0.7342838 2.0394244 -1.553454 -1.0805674 -0.70519155 0.12982911 -2.3282733 -1.567552
typewritten -0.17123067 -0.19932052 2.8580594 0.15693732 -2.1189997 -3.172939 3.8540611 -1.1154393 2.161471 -2.667479 -2.2657993 3.056732 1.1504766 2.297222 -0.47176343 -1.2477942 -1.2025545 0.9533932 -1.7567337 -0.650802
genuineness -0.9483139 -0.27570987 4.0402164 0.6208499 -0.6790897 1.3003602 2.0785985 0.6633293 2.8942587 0.15784262 0.1244785 1.8484778 -0.7873254 1.7149351 -2.4335566 2.9992871 0.43804392 1.5424811 -2.1530833 -0.58415204
prefatory -0.96576774 -0.8043262 4.8885064 1.6456685 -2.0230238 -0.029252114 1.8748282 0.8901162 2.7539947 -1.1264358 -2.078953 2.9621515 2.6673357 1.8636612 -2.0733554 -0.8669036 0.034741815 1.1790634 -2.7166946 -2.8942728
denarii -0.8377458 1.8615475 1.4493428 -2.286001 -1.534883 -1.69668 0.64444274 -3.6236305 4.6455812 3.679608 1.6625288 1.6711437 0.29245114 6.422964 0.5526838 -1.4746947 1.3354638 2.0134134 -3.244798 -3.1111023
glossaries 1.8008342 -2.1430707 1.9510114 0.67364913 -1.8501017 1.3304276 2.7323039 -1.0952114 3.4714952 -0.82769626 -1.7735076 5.168592 -0.16753589 2.1611753 0.679271 -1.8201084 -1.5137084 -0.1700805 -0.5627763 -0.85519063
calendrical 2.7263088 -1.6898004 2.1032002 1.1243695 -2.3988917 2.8334 1.6533221 -1.7863933 3.073948 0.88294 -2.1793067 2.804445 0.64164805 2.096567 -1.618507 -1.2804576 2.4798179 1.1640358 -1.8726398 -0.36029923
halftone 0.91803694 1.3759803 2.9079 -0.48056108 -3.0935683 -0.41717368 2.2507489 -1.1626124 1.6214833 -1.0275941 -1.4772179 4.936522 3.2606878 1.2233622 -0.055607315 0.19332482 -1.2280003 0.65052855 3.4061906 0.08397485
republish 0.0043403953 -0.23689589 1.172234 -2.0149353 -2.7208207 -1.1011153 0.8085511 1.863312 1.9703432 -1.8683854 -1.4144723 1.6841613 0.051312417 1.6232101 -1.0219508 0.7281612 -2.4140558 0.53330195 -2.4616983 0.6034344
elaborations 2.733663 0.017469143 4.1661434 1.6927131 -1.691156 2.5663378 2.4964967 0.13797137 2.4983778 -0.006005905 -1.4751687 1.8713285 0.646417 0.8310791 -0.6119266 0.05570517 -0.4381751 1.1284379 0.42227787 -2.240696
handbills 0.42667663 1.3483711 -0.76200587 -0.16655439 -1.5974928 -2.1193445 3.6708107 0.6851187 1.5637594 -3.5628932 -0.65166014 1.1949548 -1.2034025 2.2371297 -0.6057485 -0.9318476 -2.8832653 1.4554886 -0.22124816 0.07984978
rebuttals -0.0018729968 -0.91039896 3.0737379 2.052419 -1.3495083 -0.7424741 2.2931564 2.0424435 3.3052285 -0.82310164 -1.8849571 1.1070998 -2.3610635 0.0467914 -1.9683975 1.3422928 -1.6708779 -0.2549325 -1.0323024 -1.1848677
lengthier 1.2804384 -0.96655506 2.469945 -0.84289193 -1.4820731 -0.51848584 1.1135596 -0.39954293 2.1127543 -1.3040944 -1.2281775 0.9864858 -0.1521395 0.5446288 -2.3408823 -0.53569895 0.24336635 0.41672108 0.6517928 -1.3763577
disclaimers 0.44506904 0.5261208 1.9117634 -0.6084496 -1.9793675 -2.6117783 2.5985417 0.5273739 1.9106042 -0.32462126 -1.7422624 2.8159852 -3.5350516 0.49746388 -1.1103078 0.95719063 -0.957352 1.3623654 0.6143427 -0.38951114
sourcebooks 3.6062706 -0.13659443 -0.05172845 -1.8369966 -3.321708 -1.5203644 2.9026642 1.3236843 2.4239647 0.025962137 -0.68833524 3.3475976 1.3935051 0.35455105 -0.20926552 0.98168683 -1.01097 -1.4115632 -1.0190545 -1.4561973
broadsheets -0.07159822 0.12712236 -0.92209846 -0.10593555 -1.9672652 -0.6924412 2.163307 1.385193 4.149766 -2.4459724 -1.4206454 2.3114738 -0.7936361 0.30033347 -0.932522 -2.6544204 -2.8152206 0.30717862 0.48822126 -1.6979445
microfiche 0.84083503 0.71753705 0.722853 -1.0629605 -3.7531195 -2.1302946 1.7818509 -2.3463671 0.9848519 -2.1713123 -3.1755018 4.1022873 1.2708949 0.7012901 0.62356323 -1.6658958 -1.6149901 0.3664784 -1.1750393 0.33782387
photographically 1.6797454 0.8026082 2.7621396 -0.33863223 -2.4829602 -0.5187363 2.6470788 -0.5100346 2.090866 -0.6478505 -0.20904407 2.4135203 2.7173822 1.0684322 -1.3115323 -0.3284579 -0.29833174 -0.82304776 0.42051345 0.14265634
peshitta 0.3813866 -2.0471523 3.2169228 2.7922056 -0.2421813 -0.279087 2.273128 -0.6655961 2.593422 -0.87449247 -1.2193596 3.3885198 2.314866 1.8045863 -1.4067075 -3.3684464 -1.3626333 2.5121815 -2.3930495 -1.3114073
commonweal -0.9394846 -0.19639546 0.33836517 2.6578465 -1.2850392 0.42215887 -0.3335524 2.374579 2.3327744 -2.2456346 -1.7776166 1.0855259 0.31084627 -1.2087253 -0.7451223 0.16214761 -2.157323 0.5293638 -2.615465 -0.80043536
postmarks 0.31159216 -0.07759043 -1.2503285 -0.21979427 -2.2678814 -2.3769717 2.285492 -0.5465423 2.4249263 -0.30831525 -1.3517238 3.87835 -0.43193337 2.7549357 -0.15909033 -1.7064536 -1.588237 1.0031229 -0.31971186 0.047546986
schoolbooks 0.5230097 -0.7422096 0.35044238 0.5625312 -0.5960361 1.2751253 1.7198796 -0.0658575 3.5521233 -2.2337337 -0.5784457 2.4598002 -0.5530577 1.3075067 0.5997025 -0.9592825 -1.2192231 0.7074408 -0.5766407 0.23966818
miscellanies -0.81315166 -0.0014405373 2.4466898 0.6906209 -2.393781 0.71543664 1.8544264 0.6892581 4.0937004 -1.6149421 -1.0785067 3.048188 1.5369304 1.6260343 -0.66533196 -0.83058697 -0.66058487 -0.4344518 -1.4915187 -2.4266486
preprint 2.6027083 -1.0969145 3.6208177 -0.16755302 -3.9349086 -1.7781582 1.722784 0.66716963 0.9986181 -0.7580273 -3.1820989 4.0363603 0.07679607 -0.36347795 -0.6684649 0.26427147 -0.9241414 -1.3895947 -2.2581797 2.767313
midrashic 0.25410625 -0.35973504 4.278858 2.4178252 -0.7933175 2.9352803 2.6918871 -1.2504591 3.4257991 -1.5856827 -1.197502 2.891713 0.8602921 -0.01730308 -1.3992926 -2.5275757 -0.4190364 2.0324504 -3.12944 -0.4272562
hymnbook 0.5727292 0.9681725 2.1614516 3.2425277 -0.47581163 0.022263926 -0.00852698 1.1179037 3.3960097 -3.3009434 -0.22333066 2.6359327 1.6724496 2.3228192 0.68280876 -3.0447292 -1.3582929 3.112836 -1.8448492 -0.83891654
storybooks 0.7348763 0.5742814 -0.3863075 -2.7771382 -2.0422468 0.6187316 4.1083903 0.76523584 1.7500902 -2.955892 -0.39910412 3.6205003 0.03571235 -1.7160009 0.73967564 -0.9810433 -0.2610328 -0.4302698 -1.5703069 -1.9251766
annotating 1.6022037 -1.6529355 3.2321324 -0.32918626 -2.1491742 0.7512842 2.386172 -1.2829331 1.3129559 -1.2957914 -2.6657732 2.670184 0.7187913 0.69431293 -0.12944691 0.80684793 -0.8923799 -0.42409647 -0.67430985 0.089092806
erasures 0.7903292 0.60625154 2.32079 -0.86789966 -1.263396 -2.307548 0.63734436 -0.19828464 1.8223952 -0.3686498 -0.5748655 1.5307722 0.7977363 0.37636408 -1.923727 -1.9665033 -0.15256505 1.9526258 0.6032911 -1.1585306
prepublication 0.21203488 0.07594714 2.3808007 -0.7743622 -2.9350584 -2.6029553 1.1806165 1.5613924 2.683902 -1.5825181 -2.0645394 2.2167356 -0.59277844 0.558535 -1.3024462 0.24417554 -1.4910293 0.026869837 -1.614295 0.06558843
misspellings 1.0951186 -1.8394182 2.7514083 0.15903822 0.002787396 -0.5799486 3.068659 -0.55279684 2.246144 -0.5430854 -1.2954832 3.1689804 -1.2120217 0.55840313 -0.81046677 -0.55148154 -1.5096056 1.1828398 0.509774 -3.3506935
decalogue 0.9648365 0.388454 2.7545223 2.3716426 -0.5279603 0.71187276 2.692967 0.32599977 2.3019974 -0.24087666 -0.8665392 2.057576 0.5470204 0.53655326 -0.8663797 0.4062264 0.52811635 3.3206499 -3.7002647 -0.92308694
midrashim 1.0095233 0.033949967 4.2573442 2.3558195 -0.62774915 1.0639359 3.564526 -1.0292953 3.1749802 -0.99429077 -1.0189542 2.6721058 -0.554397 1.4827816 -0.59613764 -3.5431607 -0.6283915 2.843131 -2.2996445 -1.2690161
copyrightable 1.4340891 0.14237633 2.3726718 -0.9280511 -2.6040576 -0.5870107 1.5430695 -0.20855111 0.922961 0.1388684 -2.3884025 3.4187207 -0.37081528 1.0515254 -0.2580594 2.4471703 -1.8343941 2.77897 -0.53765965 0.24323831
unattributed -0.15497623 -0.053718247 2.2530997 -0.15701553 -1.7163298 -0.72931546 2.5127385 0.026108952 2.1278825 -1.4280193 -1.2662333 1.5041513 0.23916847 0.7598698 -1.2600971 -0.71493626 -1.4523228 0.4869576 -1.8960471 -1.1584178
lexicographers 0.13400255 -1.9146863 1.53079 0.8553385 0.42053273 1.7070826 1.3176152 0.07633789 3.7139094 -0.65542424 -0.06280567 3.2983038 -0.52302426 0.364125 0.3066952 -0.16391726 -1.4140694 0.4644359 -0.14598678 -0.46986026
bookplates -0.11366706 1.7479982 -0.019935975 -1.1669888 -2.6571565 0.8090355 1.7571456 0.14098172 3.018288 -1.6733906 -0.17919925 3.459584 2.1553032 2.177458 2.3088436 0.11806474 -1.8949999 0.3148443 -0.50618684 -1.2107452
obit -1.993455 -0.8976831 1.4837748 0.29546273 0.1626918 -1.5935686 0.58005977 0.23477446 2.239345 -0.3596672 0.7109919 1.8192525 0.21542898 1.2115833 -0.5003909 -1.8650559 1.7751877 0.16086033 -3.7440395 -2.2869878
pagination 1.9602908 -0.76676553 2.8836002 0.8396002 -2.496989 -1.6824307 1.3889409 -0.044867165 1.3382621 -0.26871905 -2.3378584 4.0227947 0.34576127 1.3421276 -0.3828741 -1.2385154 -0.4266894 0.31013975 -0.14568938 -1.452916
letterforms 1.3125104 -0.56014276 1.8520833 1.3022082 -0.68502563 0.91521055 1.8628092 1.3095062 1.6255741 -0.14235598 0.18180525 3.9481797 1.7117455 2.241185 -0.28351173 -0.5672035 -0.4733442 1.2254376 2.5095599 -2.5855763
microfilms 1.3462105 1.2008927 0.80343515 -0.5211022 -3.4728093 -0.26135337 1.3629135 -1.9346826 1.0525134 -1.1846387 -2.1770077 2.7262435 0.5982063 0.5766664 0.93385535 -2.256686 -1.3834518 -0.13656527 -2.2493315 1.4397393
indicia 0.47648492 -0.25412485 -0.05844482 -0.44758257 -1.8029724 -2.860603 2.5924957 -0.23300348 1.3464994 0.82993376 -1.2147186 3.5995772 -0.8269449 1.9167001 -0.7914251 0.9854672 -0.67433745 1.1168964 -0.81055456 -0.97418123
kennings -0.05072954 -2.1140718 1.967485 0.050665945 0.86313975 1.0280787 2.8587804 -0.75029415 1.8961986 0.24859479 0.6377531 4.2472987 0.8381207 1.1929185 0.27534553 -1.6758629 0.06864999 1.1714503 -1.1015117 -2.6327372
proofread -0.53866816 -1.3701061 2.944255 -0.47124675 -1.1413497 -0.53327346 1.8693823 -0.42447445 2.0592988 -2.0812619 -1.6722733 1.567749 0.46960065 1.0904927 -0.37627265 -0.21398336 -0.90276694 -0.1992849 -0.89337903 0.013360316
commemoratives 0.9772033 1.4221885 -0.59331226 -0.66095084 -2.6130214 -2.5844462 0.71388423 -0.13417953 3.2571723 1.4990122 -0.1484422 2.7212932 0.4956141 2.0326755 0.014468842 -0.5397789 -0.63290435 0.7403696 -1.7855554 -0.6949112
looseleaf 0.059623826 0.40273526 1.1125613 -1.3480668 -1.9301822 -1.6490464 2.1763277 -1.6257254 0.8325048 -0.62959486 -1.3700256 4.0167465 0.9577743 1.0654092 0.8571849 -0.6884863 -2.2955918 0.9719587 -0.35373628 -0.32587522
endnotes 0.6851655 -0.96865296 1.876892 1.2922399 -2.0295541 0.31713057 2.0401864 -0.2180441 1.6846333 -0.06374512 -2.054471 3.24133 0.38968077 0.8305595 -1.0764512 -1.4907255 -0.2893775 0.029450348 -2.162531 -1.292291
canonicity 1.0650127 -1.058887 2.2577875 0.5320959 -0.8475468 -0.01127332 1.9056386 1.2265024 2.3370814 -0.40551367 -0.7210588 0.88516694 -0.7768541 0.11431856 -2.3375175 0.8786992 -0.3335949 0.7202278 -2.0813174 -2.034124
redactor 0.5473925 -2.3349402 2.7608786 1.1163851 -0.48360768 0.9815179 1.1864668 1.3535947 2.2673135 -0.55518705 -0.903459 2.2884007 0.022764489 1.0447768 -0.22248529 -2.2046301 -0.9946021 0.1908239 -2.3869872 0.004567942
microform 1.2980049 0.3894484 0.7902682 -0.8784372 -3.3733773 0.04931558 1.0157714 -2.0575593 1.063438 -1.2183539 -2.6237547 3.555413 0.6255262 0.34762833 0.71536595 -1.3785101 -1.7582005 -0.037966195 -0.7796033 0.35084915
hardcovers 1.0037211 1.2605557 0.37184286 -1.7905715 -2.585018 -2.5600576 2.1964908 -0.018891932 2.8613095 -0.16672651 -0.5146843 2.8304715 0.94974184 0.26407883 0.34672913 -0.9367309 -1.5562873 -0.015454016 -0.6728656 -2.4927204
redactions 1.1517454 -0.41997337 2.5943384 1.061172 -1.4343601 -0.28276324 2.66169 0.16796869 3.3174264 0.45237967 -0.8521113 1.0387448 -0.44866496 1.7886856 -0.1740913 -2.0904994 -0.69275904 -0.32370606 -1.4386117 -1.4389026
unread -0.109952874 -0.44604892 1.9428536 -0.38020757 -1.0802872 -1.3017331 2.3560293 -0.31104544 0.03383553 -1.423849 -0.93193144 0.96722275 -0.49381205 1.5064715 -1.294247 -0.42865154 -0.3628888 0.88449734 -0.82912964 -0.97135204
longhand -0.6809315 -0.9252697 2.2604685 -0.1654304 -0.7311759 -0.9869723 2.2374172 -0.19688861 1.3818574 -2.7793357 -0.90376693 1.8916367 0.64664817 1.4867735 -0.5450708 -0.4701625 -0.27927303 0.37613422 -0.43919742 -0.7699043
homiletic -0.060163666 -0.29613417 2.9788978 2.6402593 -1.0565597 2.3228555 1.7345123 0.45488164 2.6970756 -1.4961259 -1.3958228 2.0128622 0.80478585 0.5852828 -1.1641942 -1.478016 -0.68361914 1.5239528 -1.2286961 -1.077433
versified -0.18056023 -1.5838319 1.8555856 0.43892223 -0.5100199 1.837611 1.6168109 0.95138246 2.1481872 -0.5429159 -0.58813983 1.3638222 1.943115 0.8577214 -0.58859557 -1.3998181 0.20774071 0.78434896 -1.787578 -1.8049852
kalends 0.07699374 -0.9808937 2.2240233 0.88744885 -1.2167169 -1.3930672 0.3322641 0.08587808 1.8499159 1.6670139 -0.94303644 -1.1722311 1.4428482 2.0046551 -0.97942376 -3.902663 2.924021 1.213159 -3.9407864 -0.24398747
leatherbound -0.27490872 0.53448206 0.41183898 -0.8102494 -1.6868402 -1.7704978 2.200995 -0.5264774 1.4970992 -0.53360337 -0.49910116 2.9372184 2.33568 1.6324654 0.6203124 -0.9842736 -0.94786644 0.94558364 -1.5284231 -0.89202327
definitives 0.6825927 -0.11373197 -0.66988 -0.64554656 -1.6793246 -2.2826517 1.3161451 1.018602 2.5906649 2.063817 -0.14413045 2.8794272 0.32132286 2.6410153 0.023213582 -1.9284495 -0.89337695 1.1281654 -0.877228 -0.6886931
subheading 0.4787946 -0.24991682 1.5172925 0.6795283 -0.8642511 -1.1644139 1.616218 0.5401454 0.63907707 -0.3856847 -0.83255607 2.3485215 0.05464611 0.02364339 -0.979328 -0.4458014 0.3528667 0.8535425 -0.83497244 -1.2691478
interlinear -0.15225254 -1.6873312 2.082691 1.4173144 -0.38103345 0.44294387 1.607723 -0.28067127 1.8567855 -0.5028326 -1.044411 3.2160246 1.5466725 0.9929791 -0.5260209 -1.9828143 -0.28060687 1.2450404 -0.77028716 -1.5502975
blurbs -0.24454185 0.6485973 0.86760014 -0.90090036 -1.7485474 -0.99031097 2.242116 1.064198 1.691583 -0.9565222 -0.7706139 1.9721683 0.056860868 -0.6708916 -0.96711713 -0.020972386 -0.26597616 0.3010665 -0.072610855 -1.3590422
expurgated -0.40715685 -1.3768941 1.9019879 -0.4965144 -1.0407395 -0.6756228 0.84147584 0.65970284 1.9894767 -0.77678245 -1.1906984 1.3216919 1.3068458 0.85775226 -1.1476998 -0.96645325 -0.95678675 0.3141213 -1.5518423 -1.381017
unexpurgated -0.7561122 -0.64845276 1.4625472 -1.157296 -1.0382259 -0.3312371 1.4297144 0.50123566 1.4453987 -1.5303541 -0.7520148 1.4848117 1.6146804 -0.035371 -1.3077022 -1.1555873 -0.268617 0.8012967 -2.057376 -0.79763323