Centroid_6 5.004573222805757 -3.3306570353956837 9.498022420863308 1.2895190627194237 -1.329943212381295 0.15091818149280584 0.9738337101582737 -3.545964898021584 -2.0479161867338127 1.4216972634316545 -2.5198746451798555 6.579280961151078 -1.2950228180359713 0.7547812658683453 0.4506977605489207 3.332199187122303 3.4858592757553972 -0.11615288248920863 1.9710825206434182 -2.9213361927122303
function 5.332282 -2.7170546 10.768589 2.6655824 -0.91790104 2.6327286 3.5975056 -5.3658233 -3.8716652 2.9842103 -4.505608 3.7685847 -5.060853 1.6271852 1.91158 3.1385171 2.514761 1.6539946 3.5594535 1.2245518
object 5.7079835 -1.3589379 7.1293507 0.030896533 -0.86966306 1.1246725 8.904465 -1.5639832 -1.4580266 2.7996418 0.23346472 6.5746775 -1.376445 2.4858325 -4.035831 4.645824 5.43596 4.303994 2.2329056 0.14735389
linear 6.1276703 -2.9046705 9.978703 2.9978318 -2.0007133 1.2672907 0.7607375 -7.2961974 -4.1294503 1.0555209 -4.0702453 7.6182775 2.622145 -1.4670017 -1.8883746 2.2722924 2.9288597 -0.12244521 5.7102046 -4.7630615
matrix 7.814382 -1.2238383 12.648224 -0.7901199 -2.2709892 -2.3910582 1.7724242 -2.0223916 -4.4311204 3.009096 -2.671042 6.440647 0.4676463 -0.6586235 1.2371043 3.1790566 1.8689635 2.0489926 1.3772348 -2.9014637
vector 7.6130104 -5.1223965 11.364327 0.6830995 -0.85995334 -2.192829 3.2202258 -6.8535542 -5.9062567 4.217888 -2.6080606 8.784367 0.5594607 -2.5175393 0.59087723 5.8281274 5.5921054 -1.925583 2.299577 -0.52198887
algorithm 3.3208568 -3.6654806 15.556021 -1.7391553 -3.602748 -2.087266 4.770395 -2.9260316 -5.898527 -0.8824812 -3.846448 11.452029 -5.673787 0.44617936 2.0050986 5.628913 5.362613 -5.8935494 3.6305861 -5.056697
graph 6.798908 -1.5298218 13.320734 3.1443362 -2.1991372 -0.91730815 2.3868625 -5.099388 -5.4322057 0.40423924 -4.5156164 9.814475 -1.528376 -1.9597338 2.0188735 3.6649158 5.890533 -0.000391925 0.84981817 -9.1040945
variables 7.6088915 -2.7477684 13.000115 0.64889467 -3.565415 0.18384567 4.499443 -5.118024 1.6524884 5.273433 -5.690228 9.229958 -9.103943 -0.53053564 1.8467911 2.1963713 3.998577 -1.0180557 4.0589423 -4.084066
geometry 5.214447 -1.3331248 11.516431 5.172638 -2.7918885 5.3253016 0.94928133 -2.742574 -0.931526 1.6755207 -1.8993084 8.358112 5.8037 1.142575 1.9572948 5.6453123 3.8408713 -2.1453454 3.6578658 -2.2695162
coordinates 7.6015043 -3.3119822 3.0780945 5.651537 -4.014663 -0.20364937 2.8875449 -3.9588666 -5.0423946 6.8100276 -5.7332797 7.3854294 -1.506448 -1.5614275 -0.5906623 0.23451479 4.765459 -0.70441073 -2.2636673 1.6136136
algebra 6.174357 -4.22718 14.145839 7.2433763 -0.9669541 4.533174 -0.62147486 -2.8586202 -0.94238335 -1.0463284 -2.2293966 12.303814 2.481888 0.8887555 6.5072045 6.78539 7.4410005 -2.8028991 0.7558349 -3.7234087
finite 10.27305 -6.0847325 12.771309 0.9652907 -1.4879681 0.55660963 -1.3260876 -8.1393795 -2.5168211 0.721212 -4.0297847 8.527876 -1.3489522 2.034851 -0.32271484 7.614372 5.67024 1.9935634 2.0891123 -5.196518
binary 10.0575 -6.3349924 9.002927 -0.9969536 -1.5302405 -4.667007 4.9674716 -5.7706137 -0.9799402 2.6743171 -3.9049752 9.617258 0.34808025 -2.7514982 -2.5920985 2.4506385 3.8150654 0.8759953 1.2704166 -0.20301491
infinite 9.238679 -2.8232157 8.474608 -3.3095675 -2.7106082 -1.365841 1.864705 -0.292074 -0.08197243 0.6195963 -1.021562 3.6650503 0.77810913 -1.4099499 -7.2736425 6.168784 6.203487 2.374127 0.42861295 -3.6109164
algorithms 6.726972 -3.262098 11.913378 -1.925059 -5.0728736 2.0013807 5.9465346 -3.6897361 -2.358996 -0.98109937 -4.734831 11.057654 -5.321542 -0.6960085 2.8035622 6.1404715 1.5184444 -6.0582805 6.8043447 -2.1745486
nodes 9.393024 -1.6178459 7.564307 1.9469808 -0.3142713 -1.4434367 6.793113 -8.253262 -7.19339 0.92055976 -3.913119 5.470989 -7.2970724 -2.4383228 0.99651474 -1.7632768 4.153867 2.201025 4.3356075 -1.4469309
subset 8.133784 -3.7565682 7.5795474 1.151326 -0.8677394 0.16417375 3.1631033 -5.15734 -3.1928427 1.6720921 -3.9140258 8.768912 -4.342034 -0.5455685 2.3409994 2.0924861 1.921896 2.134133 0.51601243 -2.919997
discrete 8.901881 -3.832534 8.34744 1.0838746 -2.3629706 0.4120466 1.1340077 -6.0090027 -1.2290554 0.09078319 -4.3909736 6.7114606 0.12494341 -1.4290147 -0.28462633 3.5123038 2.1625311 0.053445373 3.4456868 -1.9390417
calculation 2.527209 -1.5054148 9.011458 -0.49817818 -4.229062 -1.0526927 -0.21150117 -4.326369 2.6100295 2.9239962 -2.8084376 7.9385724 -3.7382762 3.4255524 -1.3288746 3.2605956 6.1073318 -1.8066584 4.09487 0.45738035
parameter 3.6416483 -3.7716656 13.3959675 0.11965754 -3.1153345 -0.9001062 1.4461906 -5.5316005 -1.5347818 6.133033 -3.839212 9.756534 -3.9257436 0.4673668 -1.980372 2.1470282 6.436089 -1.0428064 3.9031596 -1.6755569
integer 6.6498923 -5.7709327 13.860151 -0.59606826 -2.3601544 -3.726175 -1.2176456 -4.5417953 -2.484775 2.0532956 -6.064868 9.743449 -5.8260307 1.6771282 1.1482356 0.23009154 7.5861454 1.5157233 2.3490663 -7.623479
vectors 8.086722 -4.1260777 10.538819 0.32629248 0.281536 -1.6165371 5.0806546 -8.554694 -1.7112602 4.7461004 -2.1957538 5.8554206 -1.8247353 -2.1897867 2.2087183 2.651618 4.070162 -1.302971 2.2045135 -1.7472628
dimensional 7.659216 -0.6870041 9.095788 -0.9253672 -3.5108738 0.8497295 4.5179663 -3.9155366 -3.3826199 2.6328359 -2.988675 3.933233 3.424785 0.5119797 0.92643774 4.054174 4.672897 0.03864465 3.0681958 -4.2146277
calculate 2.904955 -3.9358208 6.5745926 -2.7051022 -3.2175477 -2.4188118 -0.7914967 -9.58384 -0.1508753 0.2850547 -3.8927143 6.8823547 -2.525435 2.4634986 -3.5471432 6.4117255 7.2097836 -0.44143766 4.809867 1.065065
topology 6.5007524 -2.901093 11.858682 4.0537357 -1.9102546 3.1396744 0.6210991 -3.4982224 -5.717443 1.2262385 -3.0642056 9.669191 -0.17996699 -0.8765092 2.597604 4.622595 2.371299 -1.9601016 2.2638907 -4.197962
graphs 6.475764 -1.3590114 12.191626 1.7864083 -2.6390615 0.54190004 2.7204654 -6.0654435 -2.7624686 -1.8258257 -4.7902327 9.463678 -2.3710687 -1.5062654 2.7570271 3.5577846 4.5863957 -0.91453695 0.9114281 -9.845571
inverse 3.254099 -4.185497 12.678158 0.88431495 -1.3423746 0.09107815 -0.650491 -4.8604836 -3.4978077 3.2841055 -3.5838704 6.729451 -1.2333227 -0.4648372 -2.106301 4.290588 4.4271502 0.6698705 1.7452964 -1.9877523
symmetric 7.446277 -5.1171117 11.8227005 2.7857134 -0.10740138 0.28537905 -0.36382335 -6.08894 -4.9256663 3.070066 -4.6091237 5.9017825 1.8703396 0.08567959 0.9323421 4.694213 3.3807766 3.1268783 3.5462198 -4.7763453
coefficients 5.976099 -3.2393918 13.03854 -0.24689262 -1.7731646 0.21019804 -3.4922633 -3.8482993 -0.16474383 6.490945 -1.8847679 8.452186 -2.6730335 2.48479 1.9521828 2.8082917 5.7302036 0.50776106 3.6001809 -4.0322227
suppose 0.73204124 -3.8081188 8.259374 -1.3345677 0.68133837 -1.8392591 0.8966978 -3.501128 -1.2317437 -2.5337718 -1.1641213 5.029386 -3.5665529 2.4173532 -3.3989909 5.284737 4.7632117 2.6965086 -0.22860135 -4.7193832
calculus 2.9111 -3.9626389 10.649147 3.9410434 -1.4464629 3.8071308 -0.11314373 -2.3721914 2.7293782 0.31185234 -1.7370244 8.752712 2.0942295 0.652714 2.9045162 6.0106134 3.1765742 -3.8650417 0.00027887788 -0.48566678
matrices 7.8847704 -1.3035944 14.026704 2.1752994 -1.531796 -0.38128856 0.2737904 -4.4573793 -2.733248 1.4337586 -2.246797 8.488298 -0.93303514 2.6805005 5.0016394 4.0170946 2.5071924 1.1038767 1.639549 -6.1936
transformations 8.028038 -1.2612408 9.918707 1.6690032 -1.9565723 4.021079 2.2675493 0.115364805 1.007798 2.0690808 -0.34570768 4.6273704 -0.36264572 0.53370273 -0.1318138 2.7567987 2.0140061 -0.5408706 2.552851 -1.4239504
computation 5.1584306 -3.0540264 10.331999 1.6183532 -3.7250164 1.3659551 1.5110883 -2.4016085 -1.6300354 -0.33303475 -3.402179 8.200225 -2.672626 0.60980153 0.7275934 4.664406 4.3373704 -3.7421 3.257331 0.90750664
simplest 4.4098372 -3.544409 7.7749662 -1.7521216 -1.0298553 1.2927891 1.5363916 -5.775676 -1.7521054 -0.0238548 -2.6813471 6.3686957 1.3071438 1.8459916 -2.0677629 5.2827964 1.2953361 3.1266034 4.895788 -2.4926486
variance 1.2344832 -1.5258871 9.515167 1.2409995 -2.075833 -0.25781208 -0.57665026 -6.2820864 2.883925 3.210957 -3.043554 7.231244 -6.7793784 -0.94501424 -2.9502583 2.1224515 4.306216 -0.71549547 1.8580886 -4.8012443
cyclic 7.5341935 -2.9636757 13.323093 -0.39568043 0.3151786 -0.601414 -1.3558286 -5.8788266 -2.125064 2.7653747 -1.5072556 2.6769915 0.21163271 0.0016604858 0.39634556 1.0854399 -0.35900533 2.4976122 3.9939883 -0.4030293
computed 2.509548 -4.11429 9.348436 -0.30204105 -4.484944 -2.4566867 -0.6149785 -8.322133 -0.42260635 1.8972412 -7.666781 4.3573556 0.2480102 1.0754017 -1.8713268 3.3924046 6.134771 -0.7375563 1.9152374 -1.109749
multiplication 8.656611 -4.864748 10.777959 1.8439267 -0.527502 0.09093905 0.1906691 -4.724073 -2.0262573 1.0924991 -2.3079638 5.551355 -1.901302 4.453319 3.8564124 3.9741948 4.411863 -0.35091424 2.8636627 -2.5283294
compute 4.502137 -5.283016 8.10029 -3.2360425 -3.0996141 -2.8683007 0.44102597 -5.490426 -3.551304 -0.5898553 -4.665507 7.545735 -2.737458 1.3544519 -1.7263546 5.0725455 5.3737836 -0.62308365 4.040877 -1.6348636
sequential 6.3279395 -4.346239 6.8604565 -1.1300535 -2.3561034 -1.4219344 3.1195831 -3.4048157 -0.29335922 -1.8756225 -4.500539 5.035604 0.17985007 0.17467128 0.6237151 2.793907 2.1835718 -1.2246047 4.245155 -1.2653388
euclidean 8.994725 -5.5526066 11.596474 3.9374564 -1.8099551 2.2368574 2.2324777 -6.4357414 -5.9197392 0.9169126 -3.4651108 7.7837763 3.0347238 2.4673424 1.5684253 6.8346095 9.826054 0.051450226 -0.13302845 -5.8475885
projective 8.250411 -6.7662406 12.844857 3.161218 -1.1687613 3.3677573 2.427389 -5.9565353 -5.649 0.029805537 -4.150745 7.439721 2.3638704 0.7577448 1.9341159 7.1949615 6.9473286 -1.3212259 0.4314603 -6.031243
constraint 4.2758546 -2.262608 9.117294 1.721731 -2.125426 0.47347403 0.8518089 -2.337642 -1.6563609 3.1668913 -2.500303 6.7346115 -7.194383 2.8215811 -1.595734 5.5032363 3.8732688 0.4198476 4.1089516 -1.6692554
constants 4.2574086 -2.6646392 13.07532 0.8151103 -2.0971222 -0.5791381 -0.20871936 -3.6595526 1.8386489 4.4760194 -2.4713805 7.523119 -0.9627366 1.8997159 0.7010651 1.1285124 3.6074932 0.41120872 2.3874261 -0.39307904
orthogonal 9.784043 -6.3594966 11.187262 4.502476 -0.2697039 0.4186992 1.4283956 -4.6937466 -4.8917065 2.062149 -4.524589 5.4936314 0.6607845 1.1647532 1.4796573 2.8463626 4.655072 1.0260092 3.2642548 -4.4245563
hyperbolic 6.385484 -3.5179124 10.702095 3.7454398 -1.6648666 1.3166944 2.3869464 -4.3233476 -2.9143941 0.6799525 -2.7625234 5.217978 4.5367947 0.40225673 -0.77542484 6.2249775 5.6734786 -0.75559586 0.38803715 -4.7670927
maximal 5.2251263 -4.1435704 10.179735 0.804398 0.16215393 0.460197 -0.9269256 -7.0310073 -2.3986833 4.177636 -2.446436 4.205381 -2.2115757 0.25813532 -0.47353828 2.3055346 6.31773 1.1476349 2.6549044 -2.2648647
planar 7.195705 -0.12950444 10.322071 2.4456813 -2.1493683 -0.82749856 0.9175862 -5.331293 -4.3420105 3.2457476 -1.8513 5.4792314 4.7492614 -0.0010163301 -0.317433 1.6001748 2.074849 1.765339 3.4139214 -2.9767194
quadratic 5.2345433 -3.2911 14.761704 2.6013484 -1.5840476 1.7322798 -2.594036 -5.753832 -3.0159333 1.0608941 -2.1647453 8.236653 -1.662822 1.7730681 1.2972035 5.3017216 4.696963 -1.0943971 0.39973468 -6.7424674
nonzero 7.01816 -5.468893 13.117575 1.0255096 -0.6028075 -2.4248514 -2.496308 -5.887635 -2.2157528 4.0509953 -2.9977891 6.4261127 -1.7426276 1.8701885 -1.7975719 2.9329002 6.975085 2.3613195 2.3214927 -5.44945
scalar 5.0203342 -3.9232173 13.517953 1.6561313 -1.3688283 0.24436995 -1.8034849 -4.3972464 -2.7235425 3.9980297 -2.1240919 8.553459 0.6836449 0.2789288 0.42778665 4.500671 5.579626 -0.33212665 3.5626028 -2.974915
euler 3.4791656 -4.09698 12.398569 2.805312 -0.86930686 1.6747923 -1.3902764 -2.2848928 0.31263122 1.5610598 0.60010433 6.4586616 4.30614 3.158072 1.7129594 4.6386995 4.9342155 -3.795284 -0.46931374 -3.7592478
schema 5.7721815 -3.5867565 8.4939575 1.256584 -2.6473691 2.5056486 4.737191 0.5329182 -0.4772715 0.48631403 -3.9472399 8.774275 -2.4896114 2.0265367 1.0621786 3.1800964 0.6625657 2.2980843 0.14191827 0.09078707
quotient 4.0026593 -4.380932 9.985013 1.2771367 -0.022330364 -0.2594764 -1.2957249 -2.7162662 -3.0423048 2.6115363 -3.1283906 6.501494 -2.642713 -0.87872535 2.2990336 4.26673 5.8740354 0.34523085 1.0069419 -4.1439853
manifolds 2.989492 -0.9924172 12.433197 2.9147916 -1.2763557 2.483799 -0.94975686 -4.3399944 -5.114741 0.7246419 -1.5982823 7.510545 2.5433996 1.3330787 4.1532297 4.3648577 2.7548695 -1.6003106 3.3737202 -5.508756
gaussian 3.6843948 -3.162746 12.192094 1.591225 -2.2218213 -1.7293016 -0.84030753 -4.4237003 -2.5576248 4.667888 -3.852477 10.01135 -0.3017993 -2.1278038 -1.4294925 2.343031 3.4702432 0.18437923 3.8910599 -3.5597587
encode 6.985762 -6.410902 7.5495825 -2.6149135 -1.0683159 -1.2795159 4.367398 -6.4267044 -2.0838244 -2.516229 -7.1064706 3.0405045 -2.414769 -1.3400317 0.55981636 1.9150684 -0.63749194 3.0501673 1.9877964 -0.6266478
fractional 2.853938 -1.711443 5.672257 0.43491524 -2.2955546 -2.076893 -3.8485072 -6.065285 -0.8189526 3.8672 -1.2638235 7.544612 0.6136008 3.1432314 -0.99007076 3.246197 0.49833444 -0.5784904 2.3216286 -1.746936
affine 7.452326 -5.013142 10.336498 2.671318 -0.4006005 2.549645 0.8610336 -5.127337 -6.251486 1.3998702 -1.8824075 9.473444 1.2904849 0.9516871 2.3765726 6.771502 4.176881 0.29436803 0.033631183 -5.9613085
boolean 5.7194967 -6.8943844 10.918582 1.0532742 -1.5245366 -0.18059622 2.127592 -2.8620088 -3.9845448 -1.4165066 -4.461429 8.523475 -3.1880512 2.9787858 2.3078973 6.267678 3.518857 -0.8464072 0.25063932 -3.6837733
syntactic 4.7686667 -7.578534 9.524101 3.1548111 -0.015077567 3.956875 3.791406 -4.323769 1.128809 0.3784357 -5.92852 7.3937006 -3.3396592 1.6785614 -0.31391197 3.2751431 -0.76940733 2.1698658 2.8557787 -3.5805953
embedding 4.7710667 -2.3397548 8.624231 1.1307206 -2.2211874 0.52176255 2.6037538 -2.4936922 -5.055171 0.23436591 -3.5891669 6.1319113 0.018086633 0.24395247 -0.1187477 4.4764495 1.5707033 1.2644699 0.7930471 -1.8053524
recursive 5.6710014 -6.363778 9.886415 1.396658 -0.6471415 0.75189555 2.8804886 -3.2513852 -4.132711 -2.0648787 -3.6952848 8.086588 -3.516129 1.6895341 0.85469955 4.9110236 2.47327 -0.54104084 0.9278643 -3.7667437
isomorphism 6.3347836 -4.34732 12.90109 2.388037 0.22614788 2.2496028 0.10645558 -3.6276448 -3.9783623 1.0424805 -2.271911 8.561961 -1.6520865 0.9259436 4.5585804 6.278319 5.493788 2.1091204 -1.7622927 -5.3604445
deterministic 4.507458 -6.0497537 10.447262 -0.12754793 -1.8473513 1.6314964 0.7394891 -2.212433 -0.77221084 0.42221898 -2.9815016 6.5780535 -2.8906631 0.2512095 -3.1801915 7.551211 2.3854773 -1.6408521 1.672548 -0.95859575
conjugation 7.694169 -5.770501 12.273788 1.7181528 3.0455542 0.8060337 1.4932082 -3.273927 2.100396 3.4056735 -1.0283723 3.045424 -1.8992335 0.971492 2.3925118 -2.822269 1.0386508 3.502657 2.4203072 -0.4814649
equivalently 4.7014537 -4.3964577 10.504898 2.5621388 -0.37838086 -1.9008704 -1.3126305 -4.598904 -2.9340663 2.2755752 -2.3914156 7.463974 -1.5485046 1.4595436 -0.36317658 2.055092 6.5362277 1.0948504 0.47501975 -4.3194532
associative 6.237628 -5.013638 8.094794 0.81749105 -0.6180369 4.5356474 3.0357206 -2.7952442 -3.4201 -0.19282794 -3.8793752 4.8623257 -2.360399 -0.66265905 1.4871237 5.184002 1.3308886 1.1243749 0.8103541 -0.046478517
inductive 0.4315815 -3.7557318 10.413014 2.8641863 -1.0447123 0.29637077 1.5535632 -2.6724591 -2.2665203 0.26441514 -2.7177634 6.4946246 -0.2821286 0.6229575 -1.715211 4.945735 1.0056329 -1.5006422 5.2675524 1.3329704
multiplying 3.7573774 -2.4378846 6.8088164 -1.1072128 -0.20219173 -1.8135303 -1.6124794 -5.9271092 -0.6366755 1.4176496 -0.7331135 3.7237065 -3.0390966 2.7637522 -1.2012861 1.7934133 4.775875 1.1753875 2.8659697 -3.2316484
eigenvalues 5.88134 -2.784228 13.168212 2.3740423 -0.83806646 0.30544356 -2.0433764 -3.6828294 -2.8276846 3.2493944 -0.4451764 7.8272777 -3.867459 1.9720575 -0.32592183 2.7536955 5.537694 0.64861655 0.7469718 -5.4307423
multiplier 2.6005113 -2.3732803 7.328922 -1.2881062 -2.0240412 -3.9217668 -1.8713869 -2.2457514 -1.6993953 2.628498 -2.5851057 6.2947006 -3.3555803 0.8632924 0.43217972 3.4912086 4.3767924 -0.90064836 4.6993184 -1.3764374
nonnegative 4.5767393 -5.2223673 11.735302 -0.36161312 -1.0934025 -0.040961802 -3.4908342 -4.122317 -2.6944647 2.6571777 -3.2342103 7.2955775 -4.5234585 2.1779475 0.80766964 3.41116 6.090336 1.4670311 -0.54016817 -7.9723787
asymptotic 4.846808 -3.298254 9.847388 1.8536135 -1.2048011 0.7460375 -1.7405279 -5.590747 -1.7034568 4.5941095 -0.08220923 7.907844 -0.14497676 -2.540833 -3.0828938 5.7569895 4.405783 -3.486087 0.75800663 -3.1281562
computations 5.1403947 -2.5615673 9.724848 0.04825727 -2.819943 0.5698755 3.3864625 -1.6927072 0.71255124 -1.0814261 -1.5059948 6.75437 -3.0098736 2.6566606 1.2590806 2.0917048 4.3273506 -3.969284 4.8551583 0.77091956
nontrivial 6.315643 -4.9174604 10.986615 1.1497283 -0.66217613 0.8395954 -0.090529114 -4.783922 -2.599375 0.5627901 -2.8022766 5.8701663 -2.2358258 2.0937352 0.42062515 6.013879 4.221781 0.28406915 0.8774871 -5.03881
iterative 4.787598 -2.871982 11.086995 -0.006245127 -4.217697 2.2934887 0.5027276 -1.7228744 -2.5996103 0.2309307 -3.5951884 4.818815 -1.5679569 1.2105873 -0.76602054 5.0334024 2.467468 -3.119052 4.881204 -1.2171634
parametric 3.6182787 -3.831843 9.660927 0.47248182 -2.4701793 0.59108144 0.0750228 -3.2078047 -2.403395 0.6120644 -3.3714824 8.499104 0.27826735 -1.6927198 0.52112615 3.2539973 1.6419256 -2.7922323 4.4868627 -1.6505954
approximations 2.9403021 -1.8754942 9.480554 1.2192271 -1.9280018 1.9674788 1.1013185 -2.8576136 1.6868012 2.3501189 -0.657205 7.9042225 -1.0362856 2.5283334 -0.53263587 2.6027277 3.9708967 -1.8982669 4.7165136 -4.112349
denominator 2.4678679 -1.8027394 8.6332855 1.7767597 1.0078874 -0.6541197 -2.2572396 -2.8470874 2.1325538 2.0968122 -0.38629785 7.8875766 -6.3913493 1.0455045 0.010055132 0.36566848 3.531424 2.8967721 2.672126 -5.486339
symmetries 8.064076 -1.9930576 10.563384 4.2193594 -0.22230713 1.0012895 1.2349786 -1.7983624 0.06629727 1.9949591 -0.36078995 5.9638343 1.3753998 1.3016458 1.2247652 4.206284 2.0120509 1.3188704 2.3871932 -2.8469412
endpoints 5.8475223 -2.4875116 6.7395086 4.0285797 -0.9346788 -2.5546975 3.8716648 -4.051908 -4.4964767 1.1672938 -3.5403185 4.241347 -5.337279 -0.59514993 -0.18199627 -0.43275446 3.8796735 -0.84765697 3.643672 -1.7997054
conformal 5.03824 -3.7396488 9.211579 3.0497704 -1.360107 1.5571343 0.5668225 -3.9659812 -3.6563811 3.9724796 -1.7077014 5.5187774 4.2590213 1.0623381 0.97374207 6.247243 1.9315445 -1.9407973 2.8758035 -2.45349
logarithmic 3.9597092 -3.611643 10.110437 1.9906625 -1.978626 -0.23422842 -0.5675584 -5.480002 -1.4126906 1.5970715 -2.6295538 7.380469 0.24770032 0.8755416 -1.3042687 2.8460195 5.6687994 -1.9218311 3.3848326 -4.0157366
factorization 2.6721015 -5.225207 12.357481 -0.6932017 -1.5973039 1.59489 -1.2969596 -0.9352269 -2.2970097 2.0905786 -2.0905774 7.787618 -4.1406994 3.5967054 2.9155772 4.2399073 3.6555998 -2.4717317 1.1439025 -5.4306216
intuitively 2.8776171 -3.591739 8.4154415 0.038442217 1.4157611 1.7981832 1.9170033 -2.6045012 -1.527721 -1.9711903 0.58238435 6.7215433 -3.3784685 0.4119661 -1.9968939 5.3979197 4.378456 1.526926 2.2290802 -2.6484742
invariants 4.022564 -2.3731725 11.88657 3.5830977 -0.6787831 2.0148299 -0.5509853 -2.4200346 -0.89049375 0.66941094 -0.5964594 7.46991 1.1058123 1.985678 3.349985 5.533185 3.2979755 -1.7821566 0.7891993 -3.7278314
separable 4.4447713 -3.5246522 8.962036 2.0384986 0.1427505 -0.124243625 -0.099183135 -5.3573036 -2.4010482 1.1478949 -2.264167 6.0922008 0.8260016 0.9726358 0.63439244 4.469686 2.2282848 2.0188808 0.17237024 -2.8651671
lattices 7.303268 0.74635977 10.308162 3.186348 -1.4789561 1.3839742 0.496446 -2.703594 -2.3421147 1.2547741 -0.56452316 5.9939613 1.7975445 2.2852137 3.9239542 4.081987 1.9225549 1.2826531 1.7808633 -4.0260553
recursion 4.0264034 -3.9564295 10.659562 3.3933382 -0.7104752 -0.1735939 2.6141753 -1.130552 -3.47619 -1.1809535 -1.7579693 7.7317986 -3.290258 2.230987 0.9307446 4.2455916 2.846617 -1.6891786 2.0516465 -2.6907935
congruent 5.1835155 -4.4846807 6.212274 2.6221113 -0.13850622 1.802518 0.56002086 -2.8873107 -0.48307842 1.6211456 -4.570916 2.7541587 -1.271219 0.6567021 -0.4215559 3.2379565 2.1535544 3.3248417 0.8257676 -5.113939
eigenvalue 4.7304068 -3.133705 11.457638 2.8512933 -0.5242368 0.0106648505 -3.3153257 -3.250408 -1.6457872 3.5650244 0.18586639 7.2870264 -4.0126805 1.0665913 -0.63991207 2.2057815 6.411272 -1.3532234 0.794467 -4.4695306
convolution 4.8424964 -3.9310455 11.012388 2.2953503 -1.776394 -0.9248842 0.47167915 -2.056015 -3.9131289 1.2151884 -2.8912973 7.8012495 -1.6168402 0.3758116 0.14139403 1.6732367 3.7433858 -0.8787419 2.1860452 -2.44764
transposition 5.3413615 -2.8583179 10.113945 1.9629253 -0.3192455 0.04501484 3.0769908 -1.810945 0.5989033 -0.23688576 -2.3508282 1.9973801 1.2119663 1.631985 0.08526395 0.5465406 1.5330586 1.00862 2.992706 -1.8445781
ternary 8.664603 -3.3186033 11.139806 1.3177942 -0.80934244 0.31843448 -0.6029978 -2.0192685 -0.682364 2.4329278 -1.4846196 5.959705 2.3602545 0.7189137 1.344412 -1.0162222 1.0318168 1.9310471 2.432469 -2.9782162
propositional 2.6836755 -5.4185038 10.833871 4.1417665 -0.2350387 2.559434 1.016668 -0.3784114 -0.088164575 -0.6631186 -3.7244117 7.550712 -1.7021528 1.6477544 0.36355424 5.7501 2.2188103 2.5761092 -0.9754558 -2.8372226
parallelism 4.8542776 -4.6801605 7.7954874 2.0062575 -1.3587155 3.3365617 1.6200051 -0.3207543 -0.7931524 0.50294214 -2.7626312 6.68076 -2.0491 1.2302511 -1.176573 3.2588084 1.9363259 -0.22542927 4.352939 -1.8268224
dimensionless 0.8807578 -4.053051 10.098978 -0.26392025 -1.1813055 -0.0372879 -2.1403182 -5.8994026 2.107311 5.0941286 -1.8361381 7.396541 0.3150113 1.2348485 -0.78793305 1.3491455 2.9975603 -1.1937317 3.589477 -2.3072
geometrically 5.9488215 -0.760109 7.21357 2.844362 -0.5091799 1.366733 2.1553738 -2.212293 -1.8097639 1.6855727 1.0395839 5.9967318 1.0996027 2.4448872 -0.081183694 2.7513013 3.7737556 0.89289576 2.7068913 -4.67502
modifier 2.9185376 -4.2242627 7.5885096 0.44843593 1.7564653 -3.0902762 4.4793 -2.3946142 -1.3616896 2.0536735 -2.0531774 5.955734 -2.3301563 1.5800573 1.3588254 1.4812944 0.42905787 3.1641936 3.3999305 -1.6407667
logics 4.1980314 -2.412452 9.312178 1.9575129 -0.8661723 2.9940994 -0.4049447 1.4225417 1.0547862 -0.802416 -1.848458 6.6691933 -1.3727982 0.05703834 2.3611126 3.2773137 0.1972371 0.64125484 0.7265297 -2.0378432
subtracting 2.8298886 -1.1734273 7.2735167 -0.30730805 -1.3848789 -3.3965673 -1.054519 -4.428392 -0.007918751 1.4981118 -0.79475313 5.1325436 -4.0041285 3.717725 -0.42416975 0.2965675 5.950444 0.36008015 2.8636465 -3.0941494
computes 1.7382518 -4.4505157 5.77152 -0.4623599 -3.6744432 -3.031482 -0.5582901 -3.2269945 -2.9831886 -0.32915792 -6.421636 5.640567 -0.6473775 -0.06395017 -1.2343756 2.2963877 3.763911 -1.1406782 -0.16233101 -2.8337898
singularities 5.265129 -1.328 9.328487 2.6449273 -0.71253234 1.0334241 1.8788742 -3.040879 -2.1628838 2.3616369 0.13707364 4.1398854 0.28945217 0.8113933 -1.9600755 4.1657615 3.4691255 -0.72681344 1.3112695 -3.0474763
mappings 6.2762585 -3.3145816 8.082734 2.246697 -2.1889658 1.1031902 2.8567588 -2.1637194 -2.2123232 0.37123072 -2.7434707 7.899587 -1.3358845 1.5558555 1.2846407 2.8588343 2.0469851 -0.77717155 1.1316341 -2.0914226
bilinear 5.756958 -3.6598213 9.908974 2.6772983 -0.14839157 0.51933914 -0.16187792 -1.276002 -4.5862455 2.06827 -0.52394056 8.790911 -0.2895208 0.48408282 1.4406127 3.9274871 3.5380554 1.5302924 -0.12876579 -3.145631
moduli 3.575181 -0.8325361 10.076468 2.4456396 -1.3775749 2.7357726 -0.8274788 -4.859021 -4.04668 0.76561445 -1.0370659 7.475748 2.408134 0.586367 1.8461826 4.916607 2.8382707 -0.48792586 2.0182002 -4.60152
solver 1.9876153 -3.2981262 6.4527597 -1.3752543 -1.316444 -0.8941738 1.1685809 0.5843227 -3.2409875 -0.3466021 -1.824163 6.0488954 -1.9699568 -0.9077053 1.5097398 5.203556 2.0160398 -2.8564782 2.2475262 -2.0972054
parse 2.1738703 -3.045806 4.988263 -0.6196892 -1.144655 0.45134714 3.7820451 -4.7007833 -3.9259348 -2.4678824 -4.2289047 7.176949 -2.899155 0.41389832 -1.1113137 3.3457053 1.2480415 2.874839 0.285757 -4.5443807
topologies 7.2193837 -2.965463 6.856478 1.7213498 -1.7553347 0.061836984 2.019108 -1.7577927 -2.4608705 1.3727024 -2.6369102 6.301558 -2.0298665 -0.20982824 1.6686896 1.5883801 1.131071 -1.4877127 4.9077883 -3.4627855
undirected 3.0118387 -2.828342 7.136098 2.4984028 -0.14105429 0.8076973 1.3711011 -1.028791 -3.4133346 -0.44635093 -1.7563053 4.806619 -1.456585 -2.8569841 0.0057706083 2.393254 3.171724 -1.4650749 -0.20041302 -4.4450455
acyclic 3.5882301 -2.4392288 11.440471 1.6380479 0.1731988 0.1908971 1.3924247 -0.45863053 -3.7037692 1.1801248 -1.3601294 6.7232275 -1.7229475 -2.7024252 1.3533487 0.23539004 0.89571726 -1.0066749 0.73029387 -3.4680085
topologically 7.780092 -1.9687953 8.187704 3.2015378 0.42112887 -0.32038093 1.7825863 -3.110298 -2.594755 2.5767744 0.31059563 5.5021243 0.70132315 0.5451324 1.4116453 2.5691738 2.4840882 0.91540724 0.13412268 -4.431495
pseudorandom 4.0604644 -4.7029843 8.034922 -3.4238951 -2.4696302 -2.335471 1.3780687 -3.6512823 -3.3683982 -0.12429962 -3.845999 6.266905 -3.247359 1.6704575 0.72976667 1.6600803 0.09250436 -1.273555 3.8680098 -3.2183068
multipliers 3.015301 -2.092232 6.2192 -0.049045175 -1.7468301 -2.274984 -0.7981947 -2.2919981 -1.1275856 1.9533197 -2.037609 5.242875 -1.7160536 1.0813451 1.8302232 2.8290036 3.0403235 -1.5872579 2.963612 -0.9948864
suffices 2.390408 -3.0977576 6.6603355 -0.12212512 -0.37173384 -0.7309816 1.3141246 -2.1018732 -1.5145044 0.04761945 -2.2198522 4.334495 -2.9990377 2.4612434 -1.0720115 3.7080643 4.13442 2.8643806 0.8106687 -2.2037919
regularization 2.9603992 -3.6537933 8.446546 1.3664027 -0.7206735 2.150134 0.57492906 -1.4443758 -0.7786032 2.754873 -1.7932798 3.0618525 -2.3357882 2.9692068 0.9519028 4.3408213 1.5174865 -0.34815708 1.2149613 -0.3497982
traversal 4.9773846 -3.3054721 4.797385 0.10201379 -1.3234394 -2.008675 3.7500732 -1.2102805 -5.450123 0.2072929 -1.9108937 6.194989 -1.4602088 0.662489 -1.0222306 1.8291646 3.2444909 0.34697062 0.4486593 -1.4259099
qubits 5.1907744 -1.8811882 8.186596 0.749969 -0.51240253 -3.429823 1.6560522 -3.5324724 -2.4517977 -0.09352729 -0.29773602 6.0365615 -1.3960361 0.31642696 0.30993092 1.7616382 2.5718284 -0.7340488 2.807758 0.9341051
estimators 0.30447683 -1.5180379 7.1254687 0.85038644 -2.0697355 0.31636497 -0.015809147 -3.9361954 1.9147282 2.1031582 -2.5070825 6.611184 -4.581521 0.30865467 1.4064089 3.3505635 2.5754912 -2.8306205 2.4263172 -4.1334486
operands 4.8713217 -4.5430546 6.9561872 0.43124264 -1.6365885 -3.0289104 4.432414 -2.51832 -2.5919938 -0.6214775 -3.1918492 6.605286 -5.58123 4.9111342 1.3285563 -0.01978026 4.6306825 0.17376041 1.6900903 -2.9208841
reducible 3.282599 -3.1354604 9.391671 1.7079686 0.10266358 1.319872 0.31832987 -2.9809158 -1.0719951 1.341161 -1.6331378 4.285938 -1.4628183 1.3760375 -0.55457896 4.8400283 1.6273743 1.9835198 -0.08085883 -2.7895157
scalars 4.725776 -2.7047021 8.110396 2.538258 -0.6332609 -0.80930585 -0.22483996 -2.5700982 -2.9806843 1.2797142 -1.0223062 5.926944 -0.6006989 1.3546542 2.0825005 2.3410854 3.40717 -0.44459313 -0.21676303 -3.359408
eigenvector 3.6531525 -3.3712022 7.3549814 2.4188976 0.42805904 -0.39366388 -1.8317797 -1.431547 -1.6954818 2.391247 0.15466149 5.8428855 -2.3235545 0.8675313 0.55431867 1.4306678 5.078614 0.32984832 -0.14356208 -2.6288493
centroid 5.0099316 -3.1293068 5.1663575 4.2672777 -0.27754065 -0.12740627 1.1418743 -3.2820687 -3.3069575 3.0603497 -1.6290215 4.316449 0.11906621 -1.5354614 -1.916215 1.1614658 5.604471 -0.47276422 -0.000104291445 -3.223899
parameterized 2.484061 -4.1288857 6.6106296 0.747401 -1.2459575 0.8687234 0.32778108 -3.5656989 -1.7787173 0.9291976 -3.0921416 5.556894 -0.5685167 0.3440902 0.5002066 3.0265741 1.6530243 -1.028224 0.7266563 -2.8962712
histogram 3.2178454 -1.2439646 5.113037 0.3052184 -1.9757853 -1.6785872 1.4397292 -2.49243 -1.785063 2.546421 -2.753531 6.8326054 -1.8234961 -1.5238988 -1.2022811 -0.15571332 4.0423203 0.9321485 3.113912 -2.6802776
adjacency 4.1013265 -1.852981 5.6539354 1.4173291 -0.92091084 -0.25715622 0.7417436 -1.9329984 -2.0736105 1.2804279 -1.895815 4.374884 -2.121887 -0.62079513 0.7265619 1.2985026 1.5762858 0.46082553 -0.43669185 -2.8694208
pseudocode 3.3872404 -3.0166588 7.2635455 0.97218657 -2.6688905 -1.8907957 2.9131985 0.1727437 -1.0410292 -0.3344077 -2.7787967 6.3135614 -2.3101134 2.1888795 0.36899474 0.8925168 3.2806497 -1.2890809 0.6772493 -2.4913776
iteratively 4.1805196 -1.6155554 7.355424 0.15685639 -1.7746263 -0.9627423 0.7964492 -2.0540524 -1.6687347 -0.22959988 -0.4602861 5.2917194 -2.6330116 1.4703493 0.69942325 2.192367 3.9663854 -2.1980305 2.4283996 -1.7029673
hypercube 5.6232805 -2.2197804 5.4424725 1.8649298 -0.502221 -0.4932304 0.91994965 -1.5668633 -3.5682864 0.2509237 -1.0374877 4.855655 1.3620784 -0.25046638 1.6576607 1.0786723 2.918671 0.19366546 -0.0905064 -2.9249735
satisfiability 1.4956706 -3.3813353 7.9525523 1.2303236 -1.0737499 -0.4573837 0.44114766 -1.2736902 -1.7423341 0.12566671 -1.9031583 4.386018 -2.8227932 2.258689 1.6634095 4.4653525 2.8840637 -2.0997083 -0.03249563 -3.4724832
univariate 2.0607698 -2.2674985 6.5483313 1.0488476 -1.1079955 0.16990797 0.009472088 -2.7870257 0.5678735 1.6961232 -1.8221179 5.1467037 -1.9961828 -0.9915256 1.4617529 2.0697777 2.4325662 -1.5066074 0.23134117 -3.8665926
preprocessing 3.5573165 -1.774447 6.386586 -0.4447667 -3.222711 0.35823324 2.5490782 -1.8182328 -1.6962723 0.76191974 -3.1640863 4.337427 -1.5941628 1.2372833 0.51567674 0.720892 2.3048506 -0.82578564 3.4286647 0.22676057
decompositions 2.8685546 -1.6731389 7.030314 1.6161687 -0.24008091 0.15705784 0.90364444 -1.981797 -1.1204932 1.0285819 -0.88439375 4.7251277 -0.5243884 0.54791164 2.040481 2.2116206 1.9447395 -0.70376056 0.8195663 -2.6058762
parametrized 2.8567533 -3.8345609 5.9850383 1.3512099 0.13151716 0.35024828 -0.74922293 -3.3434982 -2.3350763 1.5600048 -1.5690929 3.72435 1.362362 0.23742063 0.5870932 2.5076363 2.5921812 -0.08004657 0.50780356 -2.2903545
aperiodic 4.2845774 -0.85709375 6.813189 1.5971642 -0.6770657 -0.31904525 0.9614836 -1.80601 -1.1769664 0.5153222 -0.6520028 4.0528703 2.0757043 0.9690258 1.2730055 2.1945183 1.3423864 0.8310816 -0.34015182 -2.6401236
multinomial 1.6874924 -3.2167919 5.477462 -0.5743085 -1.2128772 -0.34624395 -0.0789707 -1.8886755 0.65040493 2.57385 -1.7925693 5.5322523 -2.287879 -0.33173746 1.1224772 1.8815548 1.5702194 -1.8570336 0.4220256 -2.631584