Centroid_89 -2.671027657965367 1.5657283134199131 -6.294341180346313 5.365529659437231 0.29999871996883093 -0.9121486780865803 -4.073066378095238 0.9869942538311686 -1.4870072450129872 -1.8221152974406922 3.73540576965368 2.6301352955021655 0.15545865285281368 2.8500262702140704 0.7694065751991339 -0.03687243063636382 1.1885539599536803 -2.099754493162597 1.4553070737272717 -4.079303749835498
county -2.5850518 5.124517 -7.5959 14.8494425 2.2780926 -7.3814526 -7.56866 -6.4145126 -6.4271827 1.9680692 1.8801836 2.037202 -5.3526764 0.3624819 4.423748 -0.36678803 -1.4256269 -0.09938662 -6.4071527 -5.3069534
west 1.6289513 0.020994265 -7.848615 9.211448 2.4094167 -1.4183873 -4.9739847 -0.12231579 -4.445229 0.8089418 4.7553954 1.5545485 2.3784535 -1.418904 -3.5623457 -3.238561 1.3550173 -1.2153598 2.6979742 -2.896792
east 2.6549504 -1.030228 -7.8599105 10.424038 2.3581693 0.45529497 -4.943332 -1.1095846 -3.927156 1.772751 4.537815 1.5167344 2.8951173 -0.2579009 -4.3539677 -4.762986 1.3247284 -0.9215239 3.2010942 -1.4165201
london -1.8579232 4.397721 -7.3687754 4.7555256 -2.0875127 0.16749102 -1.4941415 6.6248035 -0.1382774 -9.182579 5.6454353 4.8154926 0.7567602 5.7767935 1.8056486 -0.88522965 1.7131349 -2.0778754 1.9780078 1.0523317
england -1.3736287 4.028524 -7.9309015 7.5281005 2.2962315 -1.3971802 -4.6757774 3.9032 5.4349065 -2.7650437 9.973252 4.9032454 -1.5522707 6.6465464 1.3092004 2.139042 2.850403 -1.1434374 4.111496 -3.575738
australia -0.548101 3.252832 -10.453813 3.0619996 0.31225872 -3.9808755 -3.908667 2.6061413 5.36467 0.5622228 6.338174 7.764599 -2.7723343 -2.0784936 0.24850261 -0.26259938 1.9434017 -1.9393169 4.6145177 0.5510242
ireland 0.5244784 -0.5040322 -9.104311 5.9248652 2.9020956 -2.8912783 -5.8753343 4.3121376 5.543839 0.9175525 6.1329455 4.5991373 -4.689344 4.166368 0.74691916 0.2362417 0.1905231 1.1654254 0.26047358 -4.9355874
zealand -1.6240106 5.61037 -11.744629 5.146194 -0.69693786 -7.1248145 -5.7894654 6.340055 6.2140236 -0.005728884 6.2457356 9.510177 0.28115946 -0.39164284 0.9224026 1.757367 -3.7214625 0.8869414 5.9868803 0.90289634
wales -1.653551 2.5075274 -11.722865 10.064347 0.79444695 -1.966 -5.5812497 5.316873 2.0623665 -0.25489792 6.6006236 10.393986 -1.5327666 4.2209764 -1.0100782 2.193613 -0.11367146 0.8008473 3.6634316 -4.8700423
scotland -2.508859 1.9147751 -7.945554 6.8658614 1.392098 -0.60557044 -4.367433 3.2456706 3.7748575 -0.19020408 6.5834026 5.447868 -1.405154 6.6169424 0.6681357 2.0604045 1.4153119 -0.28428754 2.947497 -4.099456
scottish -2.0509949 -3.056198 -6.677681 5.440263 2.6379385 1.6354682 -5.6423903 4.957589 4.2166877 -1.3755326 2.9814978 5.4982114 1.5134375 3.9577003 2.4480717 6.061971 -2.8209727 1.3395314 3.0244646 -5.7312036
sydney -2.049064 4.2956343 -10.069802 3.7584114 -0.96737593 -1.4787681 -3.1150773 4.90467 -1.239831 -4.5127196 5.924106 3.1255922 0.92530036 -0.4534398 1.1201422 0.34118903 3.3368638 -3.7502904 3.4492655 -0.18752372
victoria -4.0978365 3.4872155 -9.167058 3.8997433 -0.75221556 -0.38431874 -2.3363254 1.9033916 -2.1868634 0.21519695 4.5340095 4.1122875 1.069599 1.3576268 1.7990185 0.9288829 2.8657005 -1.8458724 -1.6751484 -1.4177153
ontario -1.9869964 4.6756597 -8.757194 6.949134 -0.3735968 -1.9682778 -9.467929 0.28233057 -3.2191036 -0.34870818 4.061179 6.4893723 -0.69479156 -3.5021713 3.2107613 0.66196334 -2.584315 -2.1255717 -1.6844779 1.3781987
melbourne -1.5802978 3.8190038 -10.006497 3.7432735 -0.49608883 -1.5721434 -4.903152 5.7009497 -1.3816237 -3.3917496 5.253514 2.4145603 1.2074767 -1.0566223 2.7084558 -0.35598475 3.609686 -3.0955117 4.2531614 -0.7999888
queensland -0.78136134 3.3971 -11.305612 8.513998 -1.3798132 -1.538921 -5.0900545 0.02384741 1.046739 1.8399832 3.5919688 7.066505 -1.9635891 0.39042175 0.231776 3.0348516 -1.7703373 -3.9844413 3.359482 -3.2552404
ward -4.2354383 2.610105 -0.54373866 8.519257 0.72537225 -2.2167168 -1.4233856 1.7925911 -4.180766 -1.7771769 -0.9166468 0.92535913 -3.5385022 0.20123988 2.7913868 -2.1244063 -0.336344 -0.49656695 -1.947216 -7.639291
lane -3.1372416 4.5209646 -1.8643092 4.761807 -1.1164621 -2.275227 1.1834291 1.7568983 -10.088364 -4.4732194 2.036063 2.008378 1.3387791 1.3584621 0.46912354 -0.314071 3.2928038 -2.2516854 2.876636 -8.716873
queens -0.96028745 1.8280852 -7.059727 4.437361 1.4957644 -1.4886843 -0.7667525 1.9863831 -1.7137823 -4.3598714 3.6645396 3.434401 1.3176564 2.5043595 2.6119654 3.5084987 4.593946 2.5321124 -1.2600746 -2.0655644
dublin -0.8018973 -0.061150987 -7.161058 6.7210264 0.7382624 0.12245926 -4.0789022 5.3108683 -0.5637084 -5.4840946 3.4191332 2.1928968 -1.891627 4.784531 2.8383305 -0.12714775 3.0064833 -1.5190619 -1.3544198 -5.3781986
edinburgh -4.5263004 3.2741663 -6.268867 7.85872 -0.97949845 2.038057 -1.88301 5.2084546 1.7487804 -6.614541 4.482201 5.9641147 2.3374908 5.6689897 3.052393 0.7543613 4.2361255 -1.5687716 1.6028298 0.24884999
welsh -2.127908 -4.346153 -5.0764003 4.7643957 3.4119985 2.436218 -4.257777 3.871746 3.8400621 -3.2372537 2.2790904 7.152341 0.907718 2.6130085 1.1389259 2.7035322 -1.1906307 2.0359185 3.0478702 -7.95101
kent -4.6927156 1.7728091 -5.639348 6.1928596 1.4961272 -2.6154292 -3.6609128 0.75419456 -0.52946347 -4.378474 4.33399 3.404571 0.87446606 1.65686 1.9925704 0.40958998 2.2009265 -3.3017497 0.5398773 -4.9915643
birmingham -0.88981986 4.5779557 -5.6336927 6.791209 -0.44956663 -1.3992747 -6.3224535 3.973564 -2.9537113 -6.217324 3.5663369 1.1657157 0.63549036 1.4838096 3.6217954 0.364601 1.0174438 -1.3600392 3.2732046 -1.1733922
glasgow -3.4444754 2.36428 -7.109209 6.7110934 -0.22393112 0.51411194 -5.574255 4.7413373 -0.8010789 -5.3249264 4.715732 4.128069 1.4923403 4.3808107 2.4538252 0.5931859 2.5513747 -2.4903295 4.496984 -0.8619933
victorian 1.1062689 2.363696 -6.8844285 6.357977 -1.9600605 4.766214 -2.0040956 3.1229198 1.8521606 -2.6752355 1.476238 5.4326553 2.2455144 4.46631 2.2379904 5.6783185 -3.0575266 0.20040914 4.2625804 -7.937903
yorkshire -3.777421 0.35895175 -10.050586 7.9129133 2.5135777 -0.483807 -6.554806 2.6977222 -0.7167999 -3.2768066 6.470912 5.522837 -0.84104776 3.9269521 1.1805358 -0.74847037 1.4980843 -3.1552725 5.5420866 -9.707433
hampshire -2.6547687 6.4319386 -7.4555326 12.401238 0.4970079 -6.173206 -5.5289907 0.84822106 0.2836948 -3.9201639 5.543393 5.4654236 -0.7781556 1.8679442 1.7553712 0.6708863 -0.94319826 -2.498368 1.0225219 -3.4092038
bristol -1.7723197 2.0400743 -6.517188 4.2113748 -1.0285934 -1.6621699 -4.9536934 2.0332646 -3.1620245 -4.820368 5.049679 2.615068 2.3780098 4.471032 1.9425831 0.041742332 2.2517672 -5.4237986 4.56675 -1.6789131
suburb -3.04251 8.436528 -6.7222414 8.891341 -2.1192122 7.1570387 -7.0867186 -0.57884896 -7.1664104 -0.437669 4.0323997 0.19600888 -0.113985285 -1.9615023 0.1942205 -9.309571 -0.979235 -1.8858193 0.21814944 -4.1419873
nova 0.14408784 -5.509119 -3.8590503 0.05977155 1.5592785 -1.0397682 -12.357331 0.09272277 -2.5844345 -3.1714227 8.756858 13.684682 0.63135886 -0.05084865 -7.308332 6.474836 4.095719 -3.0880265 -4.906301 2.5044565
adelaide -2.8932972 3.828423 -8.6263895 3.5918002 -0.121473804 -1.8136176 -5.7400274 3.5111098 -2.235966 -1.6225679 5.7044215 1.381609 1.2941931 0.60199183 2.2427382 0.19130795 3.0500832 -3.0536478 2.24399 -2.1483815
brisbane -1.0238322 5.0776825 -9.65137 5.7307477 -1.640923 -1.6404033 -4.679335 3.3149192 -2.9187965 -0.7396707 4.4296145 1.6027259 -0.2991089 0.7582055 1.106193 0.9064736 2.1397533 -3.363164 4.1884074 -2.3125381
norfolk -1.8832568 2.4416761 -8.535605 9.581056 0.6645692 -5.7578425 -2.338801 -3.262856 -0.5576347 -2.4107795 6.9023185 3.065542 1.3464919 4.239652 -0.21116535 0.020004516 1.0439413 -7.6085124 0.19705091 -1.2038904
wellington -2.7963107 0.45645434 -7.930555 5.5749364 0.89479184 -1.8131932 -4.655628 2.7585125 -2.7088153 -1.7536962 5.2865396 2.7936904 0.60059166 3.2206926 0.8315501 1.190632 2.4882524 -3.7359595 2.0699031 -1.8462569
auckland -0.8405285 0.8403083 -9.529644 4.7735014 0.7077217 -1.8953466 -6.494521 3.3298202 -1.8032807 -3.0495987 5.427523 5.4956746 -0.017348029 0.48626631 1.4234437 0.7291184 3.0570707 -2.693482 1.9307759 -1.586811
essex -4.1649303 1.3420529 -7.421343 7.338822 1.8151048 -2.4670317 -4.0829067 -0.15564507 -0.7625404 -3.5904472 4.91659 3.2455468 -1.1074321 4.8577647 2.2409763 0.088352665 1.354039 -3.4154532 1.7999716 -6.19374
holland -1.8916678 -0.761051 -2.6507027 0.97718376 2.2572403 -2.5604541 -4.5315514 1.7459238 -0.50237614 -3.7870073 7.3089495 3.6133516 3.4328256 3.7234294 -0.31777704 0.2200798 -1.6931189 -1.7109752 -1.6700939 -0.19202997
somerset -4.4618645 2.574414 -6.9730296 7.875004 0.8293815 -1.5000703 -4.569567 -0.8849059 -0.259012 -1.3479016 5.0836043 4.2480884 -0.60794055 6.1920075 1.6660906 0.18601008 2.235658 -2.9219246 1.5191983 -8.474725
perth -2.4721324 3.368922 -9.338305 5.310326 0.0271795 -2.0890353 -5.759919 3.663693 -1.3789667 -1.2989713 5.1778936 2.4205375 0.3589011 0.05022731 -0.30648637 -1.7656268 2.9416206 -1.9330924 3.137029 -1.671138
sussex -4.0868316 2.1658034 -7.7160864 8.910081 1.7990539 0.4170933 -5.581316 -0.48270515 1.51202 -3.6729686 5.6586876 4.18963 0.02676734 4.4246106 1.8832403 -1.2411859 3.1734612 -2.8861318 2.2590172 -7.0195594
newport -0.7624252 3.0183368 -10.326666 4.98813 -0.60188675 -4.8425865 -3.506218 0.7705112 -3.339627 -5.865861 5.7006354 2.1231332 0.36530027 0.5206056 0.048826113 -0.7524981 2.0452602 -5.8400974 0.14772934 -1.633104
chester -2.8088262 2.233905 -2.636459 7.25565 1.0182868 -3.118372 -3.8753135 0.7947327 -3.9166853 -4.630828 4.5352044 2.0804317 1.2890346 2.6292896 0.99985415 1.1722082 0.018802006 -3.4203107 -1.0610614 -4.3688354
durham -1.8799027 2.153808 -4.2121453 9.8452215 2.2363665 -1.5024071 -5.8752136 -0.44068936 -0.6808993 -3.78172 4.519083 4.0399575 0.95466965 2.8848324 3.0755155 2.0780344 2.0075166 -1.451152 0.5653793 -3.3489387
lancashire -4.1527224 1.8889991 -7.2414255 7.782269 2.9707308 -0.6899496 -7.901232 2.146627 0.3254892 -1.3762146 6.5600038 2.474 -1.304642 5.714443 3.9945676 -0.49637395 0.8253713 -2.2310483 6.4604864 -9.255125
jamaica -1.7593056 2.41267 -8.125004 1.6812434 1.3465273 -2.115605 -2.7948403 1.0244591 1.5645059 -1.222759 7.0343947 1.720487 -1.706561 -1.0090843 -1.3318775 -0.8738451 0.5469586 -2.2480614 -1.8365666 -0.08864472
brunswick -0.32928836 3.4211457 -4.964893 9.298481 0.18499503 -3.8029778 -7.249519 1.5593364 -2.0325577 -2.083276 6.12822 5.8830495 2.782917 3.5725133 0.20768574 -0.6415349 -4.9696875 -0.55372834 -1.9473583 0.64198965
surrey -6.100236 3.6975334 -8.210201 7.1333055 0.51532966 -0.25607365 -5.212359 0.5666789 -0.4509686 -3.1085632 4.4968166 3.3113456 -0.40516454 4.7331276 4.1745863 -1.3173659 4.4245934 -2.9900837 3.7405443 -6.4606023
kingston -3.8106756 3.0814226 -6.721585 4.650233 0.6984968 -3.1534758 -5.396802 2.046682 -3.8640444 -2.6272345 5.103471 1.5747864 1.676494 0.88145 0.040914252 0.29251748 1.4157312 -1.3917902 0.23490311 -0.5073134
canterbury -0.8542289 1.4311885 -3.690803 9.050002 0.6445718 0.4902241 -5.0731254 3.8132691 1.3431045 -3.2943637 4.606972 2.9144108 1.1576078 5.7566895 0.4736004 3.2011988 4.3049593 -0.32161948 -1.5481071 -5.296773
plymouth -1.9848546 2.4182625 -7.713163 5.4261503 0.7648269 -4.6105375 -3.8050218 -0.025099851 -2.6280994 -4.0252457 7.452729 2.3199978 1.4703498 5.9496317 0.16519427 0.51500833 0.8429639 -4.3654513 2.5991359 -1.5290452
brighton -1.6421517 5.085767 -6.4068556 4.808415 -1.204761 0.810298 -5.2155848 4.105453 -4.034713 -6.3922477 5.0934267 1.4399054 1.1353898 3.3127527 1.6146057 -2.0366304 2.867965 -1.4391849 4.189345 -3.384317
devon -5.46019 0.866662 -6.989079 5.7006536 2.0716357 -0.49723312 -3.0306702 -1.0034701 -0.60830045 -2.5265675 5.313094 3.901229 -0.13794856 4.8150277 0.06135633 -0.4391572 0.9870631 -2.2246845 0.59576494 -8.768103
halifax -0.97491246 0.8808139 -7.8164806 4.5615635 -0.34710148 -3.8628638 -5.0381994 2.132385 -2.5022686 -1.58206 5.8573217 1.6906382 0.33893922 3.813026 -0.13643144 -0.26439425 0.31944162 -5.4070287 0.65020347 -0.58110905
cornwall -3.4371986 2.1284049 -7.5656276 6.025052 0.035514444 0.6482702 -3.6028097 -1.2982846 1.784201 -1.3857847 5.7550974 5.6417007 0.91337526 7.116313 -0.558691 -1.1589833 -0.34017578 -1.9031873 0.18663037 -6.30595
belfast -1.6761789 -0.38596827 -8.774003 7.733696 1.7585819 -1.37168 -2.4090686 5.105051 -1.3233975 -4.895394 3.9511409 0.88489044 -0.6578695 3.207428 0.37607044 -1.3962898 -0.3341409 -1.8626112 2.137419 -2.9603276
windsor -2.2336056 2.7667994 -6.84119 4.724206 -0.80513984 -2.21539 -2.7201958 1.5601681 -4.2923007 -3.9962592 3.6501844 3.1106706 1.6557922 3.771897 1.9484588 0.93331003 1.8651428 -1.800858 -1.6518874 -3.6782823
lancaster -1.039428 1.4800117 -3.65226 6.7478204 0.70176816 -3.2684565 -3.5302591 -0.6042232 -2.2689273 -4.4867344 4.470611 2.1828313 2.337931 3.9766443 1.9550844 1.6547619 -1.1359236 -3.8882923 -0.691414 -2.2108905
ulster 0.52711684 -4.5899324 -7.4344916 7.1144605 4.317881 -2.054124 -2.2313318 3.1270862 2.2578955 -0.18134913 3.236611 1.8068287 -1.6874048 4.5014377 1.2498281 3.0699906 -1.815595 0.21293427 0.5948541 -7.311259
southampton -2.5626526 3.1511946 -5.568401 4.3345923 -0.054296516 -2.447119 -6.507059 2.5323746 -2.3895378 -2.594036 6.8614593 0.37164012 0.1888223 5.8167496 2.1783738 0.39510474 4.928341 -4.60425 4.254901 -1.0704265
highland 1.1797558 -0.18413629 -8.439875 5.6908364 1.5171479 2.5330195 -2.32816 -1.8737218 -2.4777474 -0.38441995 2.464407 2.9690168 1.9396557 -0.8497876 -0.5254583 0.60605353 -1.0930815 0.08812343 1.6915797 -5.452648
thames -3.8949478 2.7301526 -7.6533346 3.9959407 -2.6216476 -0.1104397 -1.5310966 0.24874187 -6.4243164 -0.32594767 5.580822 4.593466 1.6971444 4.8166566 -6.0740223 0.95065093 3.737562 -4.779242 4.566269 -3.1612298
aberdeen -3.356958 2.0882795 -4.9685297 6.8799615 0.476834 -0.22506611 -5.4092836 2.1302786 -1.2354203 -2.4146197 4.8869963 3.2426713 0.49441803 4.7253337 2.155879 1.3211247 3.2932599 -2.6283126 2.8600953 -1.1330413
cumberland -0.5778508 1.7249447 -5.1757984 10.331543 2.0523477 -3.405355 -2.884623 -3.7184458 -2.539929 -1.0345976 5.21513 2.1589053 0.9635994 2.5430324 -1.8264636 2.2270582 -0.53520095 -3.086362 -0.43083698 -3.4037743
suffolk -4.070581 2.1865244 -8.212685 8.78417 0.16999935 -0.81014365 -3.328993 -2.9695556 0.050143074 -3.1815057 4.348956 3.5881295 -0.3405792 5.9054 1.7833123 0.047540184 1.2810966 -4.606456 -0.7959003 -6.319473
midland 0.6663749 0.8193804 -5.6284046 7.83369 0.03712304 -3.1627748 -7.8447685 1.5701087 -4.62276 -1.6176337 4.1084743 5.854587 0.9710047 3.1522048 2.0722759 -0.2716546 -3.1029863 -3.8301558 6.0808296 -1.8947632
bedford -2.7137456 2.9770262 -4.149769 6.800835 0.10262496 -1.5077679 -3.1053588 -0.63158035 -3.3195095 -4.951967 4.6780386 3.3754666 2.5595584 3.497458 1.5640509 0.670669 -0.31152916 -3.8257296 0.51765376 -2.933136
norwich -1.7375124 3.740214 -5.0558615 6.5097785 -0.16739483 -0.486272 -7.5386467 3.5553443 -2.4945533 -5.671866 5.4403377 0.116768725 0.001897118 5.4639482 2.0672476 0.8916112 2.7011836 -1.6980462 1.1526047 -3.0618207
tasmania -3.2065098 2.605195 -8.864543 4.4144096 0.700738 -1.9415648 -4.1827645 -1.7921691 2.3312733 2.487559 5.0953097 5.87078 -1.5203985 -1.1717283 0.63430667 0.50701886 0.90973216 -3.3274615 1.8985326 -2.4426425
worcester -1.7383083 3.5191522 -4.15484 8.502329 0.75201005 -1.9329582 -3.996583 0.1110004 -1.2585225 -5.4171157 4.878978 1.7312629 2.2283318 4.4279833 1.9440187 1.4650458 0.96867645 -1.6775299 -0.43010417 -1.9315412
exeter -3.2155821 2.2836058 -3.834708 8.071545 0.53838426 -0.6280382 -5.479309 2.3711867 -0.99687624 -5.4994817 4.802452 1.2806667 1.053988 6.505478 2.0786507 0.71096873 3.8666093 -1.8628689 1.0508972 -2.517855
midlands 0.8744318 -1.4852713 -9.390918 7.5206876 1.5654641 0.20143034 -6.7148237 3.3133838 -1.9472393 -0.94999915 3.5100255 4.919202 -2.0753765 1.4424694 -0.17383713 -2.341593 -0.39098832 -1.8488561 8.333895 -4.145911
gloucester -2.7431116 1.8446989 -5.5674906 6.6035056 0.57071555 -1.963798 -3.7071724 1.2298604 -2.4072142 -2.811962 5.606145 1.7191983 0.93628013 7.660674 1.1047765 1.0814741 2.9214134 -2.0435343 -0.14886233 -4.8005815
canberra -0.911332 2.4928467 -8.807343 4.7712765 -1.4592828 -1.968277 -3.6875887 3.7820168 -0.4875792 -0.198347 2.1164327 1.3810122 1.3704419 -0.5887264 1.7634958 1.362032 1.1861523 -2.8485277 3.121022 1.0722568
middlesex -4.491347 2.255754 -6.825568 9.259014 1.5928826 -2.541306 -5.502926 0.09694506 0.08017624 -2.9238117 3.1996903 2.8451245 -1.0799317 4.5917306 4.96402 0.3233683 3.536906 -1.8143667 2.2151744 -4.943867
carlisle -4.971436 5.973483 -4.0392933 8.410682 1.1565946 -4.0942802 -4.5789638 3.6278613 -1.0960733 -1.5591714 4.6694293 -1.6202695 -0.0816373 3.5318468 1.7002565 -0.9620809 -0.29175106 -0.39441916 4.03778 -2.6607096
warwick -3.6469414 0.8017258 -2.9421256 4.170611 -0.14499043 -0.8513313 -3.4477916 2.2931836 -1.981551 -4.542597 3.409962 3.5759504 1.3831896 3.3579252 1.0837661 1.195177 1.3550473 -3.2359138 -0.84163415 -4.420201
cheshire -4.222785 2.3789728 -6.3181233 7.9486694 1.0182577 1.0057994 -4.705552 0.12090251 -1.2371935 -0.9980179 3.7639089 2.8351703 -0.38472897 5.2223134 2.261731 -0.43020585 -0.70798177 -1.3466427 2.7161772 -8.614297
waterloo 0.36991417 -0.44859162 -5.754288 6.508052 -0.293851 -0.91450185 -2.598068 2.8744986 -3.2947025 -2.8451622 2.7478771 1.229488 3.4192905 2.2421196 -0.07432108 -0.6370146 2.3560538 -3.3550954 0.57484204 -0.46327955
dominion 1.6742893 0.40256777 -5.3385777 4.233473 0.48241436 -1.5664936 -2.1158044 2.3465044 0.42863923 1.4501705 5.3471193 4.3919415 -0.31661496 4.8233995 -1.7995576 2.6721568 -0.41154197 1.0926034 -1.8455639 0.77681947
galway -1.6682823 -1.3220457 -6.096343 4.848589 3.0344775 -0.7924506 -5.979734 4.07201 0.02820447 -0.017307904 3.4647474 -0.025750633 -3.8015785 1.703883 2.602921 -0.73874 3.392767 -0.23917213 -1.8563552 -9.810052
racecourse -3.4190228 5.698514 -10.028731 -1.2876887 -5.1538653 -3.729529 -4.937212 1.8665787 -3.1440983 1.3928555 5.7764297 0.551574 0.8442 6.3515944 0.8001545 -1.8818992 12.569236 -6.0671535 1.447937 -7.8164077
dover -1.2459462 1.0075359 -6.1270866 5.115624 -0.90298456 -4.6575522 -2.4171245 -0.10377774 -3.5773637 -2.368249 4.5451517 2.0267112 1.1630933 3.909166 -1.2917391 0.70742923 2.621572 -6.1076827 0.57344633 -1.2228135
camden -0.20622024 3.3315547 -5.7192473 6.7878623 -0.61489767 -3.1302717 -2.7163491 0.2784956 -4.039458 -6.6399727 3.0481567 2.4462817 1.5311149 1.2399461 -0.6353566 0.7964742 -0.6770376 -1.5963591 -0.68547755 -2.3781366
derbyshire -5.0481043 2.8215165 -5.4334435 6.403519 1.5731723 -0.27488747 -6.8378935 0.09838393 0.2382429 -1.8129113 4.9854007 3.0167902 -1.1606767 3.909076 2.9026513 -1.0173268 2.1390393 -2.5623486 4.2247105 -10.289169
dorset -4.5340457 2.377746 -7.6139197 7.006379 -0.105084434 1.1315246 -3.2098556 -1.8569574 1.037569 -1.4454356 4.3594785 4.5411882 0.93948156 5.488267 0.6514574 -1.9543748 0.61673266 -2.9696252 1.2357502 -7.72337
stud -4.021793 5.1948943 -7.681256 -3.2706554 -0.2961237 -2.97867 -4.2280197 -3.5128996 2.6092937 0.917173 8.720547 4.2340384 -0.12825893 4.3303857 4.887783 3.876894 4.36921 -5.3521886 1.1001803 -7.4814706
berkshire -5.0597878 2.917174 -7.241441 6.7920766 -0.91040725 0.2182088 -4.915029 -1.0079026 -1.0429243 -4.251728 2.8694348 6.181638 -0.2581582 3.8203292 3.1868536 -0.5212266 1.7528907 -3.4981406 0.19687268 -6.9632416
limerick -0.24243264 -2.3282435 -5.152143 5.597698 2.5374877 -0.6477213 -6.8952966 3.7619817 -1.0980883 -0.8715735 3.6538565 0.09995199 -3.3007846 3.792582 2.419876 1.0372765 3.5563438 -1.803984 -0.83178365 -8.712033
gloucestershire -5.1149163 2.3362472 -7.471183 7.342845 1.0872998 0.34131855 -5.0814004 -0.80910176 0.7769562 -1.1654 4.425168 3.2125726 -1.1818805 5.4019804 3.8943727 -0.17586072 3.8616574 -3.0892878 2.158636 -8.983762
christchurch -2.3651876 3.564235 -7.4943647 6.0843515 -2.309743 -0.8211468 -5.3568892 2.0545263 -0.71177334 -3.851341 3.2712953 2.639068 -0.85132456 3.4632769 -0.79050094 -0.8248011 2.6162097 -3.0216727 1.736336 -2.0159929
lincolnshire -5.011237 1.2583573 -7.39696 8.993709 0.65322274 0.8924317 -4.9856176 -1.4397746 -0.2707177 -2.709624 3.9075656 3.7587614 -0.35783052 5.7471633 1.00752 -1.4739674 0.17007577 -3.7825868 2.8698173 -7.576838
northumberland -4.465052 1.0819389 -6.5731983 8.451465 1.7181394 -0.6663145 -3.2865248 -1.43179 0.21483596 -0.057054352 5.8952537 3.7200906 0.6743094 8.009387 0.32704666 -0.23227862 -0.16885763 -2.410643 0.8406721 -6.8722296
wakefield -3.6790965 3.1125152 -2.3748324 7.073887 1.0836207 -1.3214178 -6.008964 3.0925148 -2.2695909 -3.144534 3.7720764 2.3166165 0.88801646 1.9195783 1.084344 2.11504 3.6314132 -0.31316715 0.73526907 -6.0130057
dartmouth -1.6911975 0.57472044 -4.0110273 7.160521 1.2751551 -1.3375226 -2.201983 -0.99136144 -0.3940208 -4.9390006 3.163924 4.551772 2.7326186 -0.82782346 3.4615974 3.4920204 3.3461926 -4.0378847 -0.13300283 1.455351
staffordshire -5.161358 2.1181972 -7.068541 8.146889 1.3164716 1.8236377 -5.430925 -0.9282291 -0.4695916 -1.9563905 4.353479 3.4102886 1.0056888 6.110382 2.7386756 -1.1434143 -0.3312115 -1.538512 3.6854405 -7.6796293
hobart -4.371459 2.7466397 -7.824708 4.058678 -0.45890698 -2.7195332 -3.5626917 0.85393345 -0.8779514 -0.7028662 3.975344 2.3705487 0.6930228 0.44407678 1.4661227 0.5186547 3.1360195 -4.2706246 -0.08779464 -1.5962905
clifton -4.245886 2.593404 -2.7843068 5.5447464 -0.056830704 -0.105919495 -2.1631365 0.22003633 -4.7815332 -4.7221255 2.341676 1.3346123 2.5575962 0.080767855 1.2752175 0.22401845 0.57459646 -3.4537535 -0.60134006 -5.1191587
barbados -2.7708366 0.5491231 -8.84189 1.6894364 1.0384309 -2.1388242 -2.8698025 0.52399504 3.6359181 2.1741679 5.0472684 1.5700358 -3.0010288 0.17931207 0.15466109 0.4405658 1.7807829 -2.4443367 -2.912658 -0.7304176
barrow -2.855366 3.2378218 -2.4168267 4.302218 0.366082 -2.1579845 -2.099007 -0.5268296 -2.1237686 0.39520463 4.3657784 -0.008569373 2.1686814 2.9445908 -0.12946837 0.38574064 1.3755556 -2.543106 0.58278936 -5.576621
warwickshire -4.915762 1.5646092 -7.081049 6.8180833 2.0725987 -0.36201054 -6.453372 0.7721097 0.3992844 -1.5135392 4.901405 1.95018 -1.6932144 5.361087 4.822447 -0.26576403 3.2422926 -2.9551942 3.8755507 -9.368925
cheltenham -2.9083045 2.8036025 -7.914052 2.7020915 -1.1102216 -0.6197185 -6.732942 4.2126594 -2.1415775 -3.8816347 4.0131264 1.0864476 0.10895926 4.822359 3.3889227 -0.5308927 7.4815536 -0.8292521 1.6900002 -5.5950007
kensington -3.4520693 4.699295 -7.865913 5.913577 -2.2690308 1.8546947 -2.4965622 1.6192845 -4.305657 -5.965949 2.859534 3.1436746 1.9982401 3.861822 0.6986664 -2.2922504 1.2306699 -0.0433126 -1.2465874 -2.603702
cornish -2.4800377 -0.9902263 -4.4000916 3.074305 1.9034154 2.172748 -1.0152 -0.29538155 2.672334 -3.3500972 3.5618243 5.879722 2.31157 2.735805 -0.8073302 0.36038873 -3.5984092 0.21376841 1.2464358 -6.7594724
grange -1.664827 3.3128269 -5.091559 4.914575 -1.492302 2.5004191 -2.3016891 0.7291076 -5.287345 -4.413696 2.876302 1.6491443 1.9087802 2.7641556 2.8239603 -1.0547302 0.6261903 -3.513367 -2.492428 -8.3181
waterford -1.832693 1.6156782 -6.042711 4.8049965 1.1041635 -1.7261965 -6.9690495 2.0678072 -2.126482 1.1334376 3.9331806 0.036164917 -1.9788953 3.5764406 2.654817 -0.18703207 2.275301 -0.5306321 -0.57438284 -7.01708
hertfordshire -5.701216 3.60816 -6.8489213 7.239673 -0.19021824 2.3404036 -6.0610814 -0.2089056 -0.99433553 -3.8554976 3.0809555 2.5034516 0.20326358 5.7420325 4.465881 -1.7025044 1.7980843 -1.4405445 1.8709106 -6.418425
alderman -6.903902 2.2754042 -2.2313056 9.085673 0.35786644 -3.336763 -6.5653596 5.0356345 -2.984847 -3.9711866 0.2997734 -1.5657511 -3.7774034 4.6551614 6.150864 -0.10139293 -3.6979597 -1.5935786 -4.1416955 -4.9178805
tyne -8.844314 2.7108352 -6.733662 5.89586 0.28533974 -2.3579848 -3.3386393 1.5449288 -3.0486815 -3.6737852 5.5407825 6.690375 3.9190545 7.3201437 -3.1956358 0.33760536 3.705526 1.3115448 7.9342194 2.209628
greyhound -0.90499973 0.30785504 -10.347566 -0.19877714 -0.01999266 -5.737957 -2.5676436 2.2866173 -5.1291814 -3.238564 4.179531 6.742246 -1.5150247 1.9445517 3.0075464 1.9943537 1.8110876 -3.0678966 5.253826 -4.5836077
leicestershire -4.8451424 1.8064666 -6.304565 6.4510784 1.3079134 0.11087036 -6.297992 0.2515577 1.0765443 -1.0640256 4.5376306 2.837701 -2.0541961 4.8473687 3.9195392 0.045575738 3.4455247 -3.4632998 3.1357431 -9.874353
scarborough -2.2618258 1.4550363 -6.0939817 5.3611026 0.01030812 -1.8200531 -4.555507 3.1131966 -4.4070544 -3.358449 3.1635268 1.2058573 -0.7166675 0.8259585 0.4030779 -0.84192926 1.2166431 -3.1621172 1.4034039 -3.0260215
avon -3.9225373 2.0962436 -4.684119 3.1064162 -1.5035987 -0.96930945 -1.5865649 -1.7217444 -5.4153953 -0.46755925 2.5669897 3.9842775 0.62611985 1.5031587 -2.4933202 1.7859603 -0.16658166 -3.482245 0.5368153 -4.143901
derry -0.46688545 -1.0025674 -6.400014 6.1370773 2.8760414 -1.9287696 -4.038244 5.171199 -2.0889688 -2.4021034 3.307811 -2.7124946 -2.9709232 2.4149985 1.4593877 -0.120037094 1.7133279 -0.4392035 0.25360137 -7.0222955
nottinghamshire -5.314192 2.555668 -6.104009 7.6344156 1.8212279 -0.9621325 -5.9893885 0.5614534 0.55193675 -1.1904292 4.3823314 1.4335033 -2.2392242 5.143616 4.0560703 -0.46314317 2.717254 -2.5158808 4.225955 -9.447729
oxfordshire -5.8238664 2.3353415 -6.972337 8.087579 -0.5895465 1.0479617 -3.6689687 -1.1422231 0.5841374 -3.4514482 2.5949333 3.913582 1.5258 6.1894875 2.0435796 -2.1633587 1.4788166 -2.8999605 1.7355975 -7.4185896
fremantle -1.6098907 1.5109488 -9.116735 4.803562 0.40973395 -4.105416 -2.5639598 3.5676355 -1.0929968 0.110877715 5.074924 0.7667315 0.25209102 1.6373714 0.13087341 0.15552431 1.8028297 -4.161267 4.2595024 -2.2556076
monmouth -0.4875062 0.8973553 -5.9353356 8.26433 0.75613695 -2.9292426 -2.0813785 -0.92256594 -1.7078154 -3.0360544 4.2155514 2.879681 1.2719713 3.652405 -0.6434105 3.3301806 1.9472339 -2.6789627 -2.14219 -3.678161
northamptonshire -5.2224226 2.1455243 -6.051496 7.2598114 1.022177 -0.27964866 -6.3808403 -0.06772963 1.1422579 -0.9025041 4.0920024 2.263786 -1.432012 5.8438416 3.754316 -0.8663457 3.071751 -2.771599 2.5988674 -9.870657
fife -4.0039263 -0.81972224 -6.033786 6.464462 3.128777 -0.50999266 -4.7553587 1.4894803 -1.3125046 -1.6132784 5.147054 2.1215553 2.73759 4.8473477 1.3139657 -0.85714984 -0.45771626 -1.5222609 3.4941864 -5.163897
buckinghamshire -6.4768214 2.4773781 -7.138687 8.064165 -0.32423908 0.9475349 -4.2947474 -0.41327137 -0.19325003 -2.2325985 2.9667134 3.087232 0.5257526 6.7254663 3.4086556 -1.79798 2.1300693 -3.2051306 1.7789023 -8.062953
stratford -3.3567145 3.2418885 -5.7498903 4.271228 -2.441735 1.4071871 -4.0706177 3.2573705 -3.9176722 -4.983278 2.924132 3.89742 2.4939103 2.6513426 0.85080147 -2.466349 1.2118027 -2.8255305 0.90655875 -2.5992637
bathurst -1.9079087 -0.6492441 -6.6662846 3.0162387 -1.4841667 -3.189269 -2.6447897 1.3474481 -2.6366718 -0.0013192018 2.7260869 3.9528785 -0.13683881 2.9157605 -0.38843668 1.5885044 3.7831857 -5.837563 0.54672587 -5.5303617
grays -1.8556727 4.053139 -3.7185786 4.9269257 0.8919002 -3.362891 -0.6469966 0.5288973 -1.2057706 -5.9706106 3.995534 2.832353 2.3154454 0.83532834 0.98266697 3.4259367 1.3616381 0.24586412 0.2655938 -2.4950995
cairns -2.3049314 3.272996 -5.9632583 4.893986 -1.8840711 -0.7865521 -1.0691338 -0.33322793 -0.6681895 1.2281406 1.5646635 0.77593964 0.5662918 0.69461155 -0.44852814 -0.36559907 -0.065432265 -4.092252 1.9103249 -4.077912
otago -2.1874237 1.5090245 -7.7435937 6.8662815 1.5180252 -0.22794904 -5.84973 -0.3311339 1.9721727 -0.689312 5.0728436 5.795798 0.43675205 -1.2229493 0.18825255 1.2804832 1.925579 -2.812503 3.2360492 -1.8755629
parramatta -1.5340207 4.0404973 -7.7225533 4.9458685 0.6327737 -2.0147002 -5.5616975 1.2528888 -3.8823645 0.56713074 5.534969 0.17643349 -1.3968841 1.8569887 -0.12419065 3.293077 3.441092 -1.2183648 4.223841 -5.4976277
pembroke -3.3664713 0.11951856 -5.124062 6.419205 1.107551 -0.92085975 -3.080717 -1.0437771 -1.3309462 -2.349425 4.8535986 3.4138103 2.374569 5.593337 2.3307276 1.4244694 3.4768438 -3.4369094 -0.6531834 -3.0834754
newmarket -4.018446 3.732869 -7.965802 0.55855596 -1.6383945 -4.161101 -4.7479863 -0.7641042 -1.2243924 -2.125306 5.6133246 1.0098597 0.20437525 5.378346 2.213558 1.2171863 7.2737784 -4.941731 0.62955046 -7.48864
dunedin -2.223013 2.8624578 -7.313054 5.614404 -0.0020874979 -1.4168538 -4.9512377 1.0364245 0.050356552 -4.780897 4.348174 3.9354553 0.3755733 0.62148005 0.44217393 -0.89007133 1.1167305 -2.351631 2.488539 -1.4023079
glamorgan -3.405779 0.062086526 -5.7741656 5.892213 1.8806059 -0.44517335 -8.077682 1.7477669 1.1423771 -0.41315395 5.0008664 2.6127129 -1.988434 5.205843 2.174542 -0.4460361 2.649257 -2.4867508 3.1542273 -9.460877
cambridgeshire -3.5937717 1.4091777 -7.5860324 8.43385 -1.1152211 1.3642532 -5.119721 -1.8667225 0.94315463 -1.1574512 1.5946357 4.5110817 -1.2187042 5.1187935 1.9561248 -0.2072998 2.4062395 -3.1171582 0.008617576 -8.507026
marlborough -3.7139401 0.512431 -4.868812 5.8777556 1.067867 0.3925974 -2.326822 0.29523152 -0.6282074 -3.0835836 5.3699446 3.1682823 2.1409683 5.983671 -0.17624308 1.4677895 1.6766928 -2.2224698 0.049097043 -3.0103
bangor -1.9384493 0.939793 -4.675632 7.5084085 0.86670786 -0.66537786 -5.167492 -0.3253281 -1.4232334 -4.6791677 3.4119055 2.106363 0.39770743 2.631133 0.086297445 -0.99741286 1.508305 -2.3964887 0.15882494 -2.2944286
galloway -5.145357 -0.5676186 -2.6085324 5.2603 2.2004676 -2.167191 -1.4936547 2.7702098 -0.056061484 0.14651588 3.1262472 1.9876959 -0.8554231 2.4265382 -1.2334074 1.0077221 -1.0908362 -1.0005926 -0.9439757 -5.809662
craven -4.002797 1.6000336 -3.693503 1.4003173 0.24813235 -2.628023 -2.5424168 2.724279 -1.262951 -1.9553733 3.2193244 1.4944398 1.0122269 0.9457568 1.175694 2.130848 3.1067622 -1.7327459 -0.17040545 -5.138405
fitzroy -2.688384 0.612294 -5.9534974 4.267237 1.3377874 -1.3445197 -2.3981793 2.5309696 -2.2197676 0.267566 5.165557 0.6364273 0.539948 2.916012 1.0667778 2.9360478 1.7078675 -3.893322 1.7551374 -6.6534033
elgin -1.7452794 2.4924102 -3.644953 4.267473 0.0023703757 -1.7841077 -3.1614048 1.5512669 -4.4025507 -1.6432837 3.5957537 0.68787944 2.313388 1.8229885 0.91815406 0.7309128 0.16576365 -1.4713957 -1.8931482 -2.1844342
guernsey -0.4625547 -1.6660362 -8.696917 1.6164526 1.4659884 -4.1092 -1.6718361 -1.830628 0.7439535 -0.87060004 4.4823956 5.459239 -0.070731066 4.757368 1.8680543 2.1074638 -0.14258014 -1.3825158 -1.8964134 -2.0309236
henley -4.166745 1.2370453 -5.062258 1.2530446 0.19583471 -3.0944686 -0.78360164 1.3370068 -0.6354324 -2.4721572 1.831947 3.856831 2.003578 1.1235795 3.673133 2.0055437 4.1701283 -0.11292715 -1.4925566 -2.3717666
cumbria -3.691974 2.5400553 -7.27608 8.3531275 -0.6063009 2.8638058 -4.9918857 -1.8547249 0.423796 -0.16897917 3.0686674 3.6162696 -0.27134967 3.8534055 -1.6461854 -1.6497095 -0.16559416 -2.1553822 2.55046 -8.302436
harrow -4.9719687 0.42059883 -3.9785645 5.5786333 1.742424 1.3360813 -3.4216788 1.2516483 -2.149231 -5.636564 2.669925 3.1647563 0.90354633 3.734607 3.4405198 -0.65063524 3.9971468 -0.39749202 3.7036343 -4.0376296
antrim -1.3513217 -2.478925 -7.1497216 6.5870557 4.533516 -2.7994 -4.6259084 0.47036457 -1.3419489 1.1837584 4.5543313 -0.04853889 -2.3822935 3.395609 0.9809369 -0.5135402 0.35426787 -0.86834043 -0.25299823 -10.144739
guildford -3.8376827 2.5370128 -5.1239047 5.9163094 -0.26579252 0.09124249 -4.54471 1.3946081 -2.1321783 -4.008808 2.1582477 0.6266037 0.39782795 4.592795 2.1710162 -1.2961465 2.9535406 -0.8826419 3.4572315 -3.6504402
townsville -1.4293507 3.842341 -8.70106 5.4206686 -2.401976 -1.8403835 -2.3314674 0.06461442 -2.2167487 0.6458244 2.4494038 0.15476303 -0.10252552 0.63403606 0.03252601 0.22435457 -0.054171685 -5.7836566 3.6359382 -1.6992761
kimberley -3.8617713 1.0854616 -5.674266 3.1130412 0.8512176 -0.12158988 -3.3993285 -0.20960546 -0.6143657 1.3166268 4.0217557 1.2140334 1.1269644 -1.3700852 -2.7245274 -0.10915913 -0.8738279 -2.2029 0.20851326 -1.9908384
meath -0.67804813 -2.4640088 -4.517013 5.146426 3.2564328 -1.181952 -5.846897 1.2547401 -0.42408448 1.0182797 3.521887 1.2794696 -3.49235 5.207109 4.029764 1.0547196 3.4906685 -0.37816954 -3.4002044 -12.421972
southport -2.6672623 4.0441017 -7.3645835 4.255431 -0.7840548 -1.6948313 -5.7259083 2.3597462 -4.687905 -2.158312 3.9535477 -0.31952882 -0.8714947 2.4951522 1.9035436 -1.0569443 2.6450377 -2.422873 4.5715585 -3.4155903
taunton -3.8498938 2.5084593 -4.8331122 8.17831 -0.25054628 -1.4748673 -3.2154806 -0.56154656 -2.2006629 -3.282241 3.1717331 1.4356452 -0.6321781 5.249093 0.15292075 -0.72799075 1.0987746 -2.976971 1.7901218 -4.353667
bedfordshire -4.4318585 2.1896236 -7.350464 7.570606 -0.49813062 1.2200112 -5.0429792 -0.36974844 -0.31752238 -0.6742864 2.389673 2.639909 -1.4106914 5.3440566 4.308615 -1.0861183 1.1303192 -3.678394 1.3621649 -7.38043
ascot -4.1765604 2.9075236 -9.744 -1.0448899 -1.8041061 -2.9209228 -0.6484788 2.6520417 -0.1451678 0.13502014 5.956431 1.9012445 2.2546391 8.202494 3.5940533 0.6031377 9.522626 -2.4782085 1.1140329 -5.3492565
rutland -4.4570584 2.1313257 -5.324968 7.4350486 -0.19020721 -1.4033688 -2.2691414 -1.8103359 -0.84653044 -2.9525084 2.1784375 3.7458682 0.16148609 4.037603 1.1954411 -0.62754196 0.57217896 -2.2414308 -1.4763061 -5.3328357
montrose -2.131747 1.5803065 -3.40603 5.134691 1.4157082 -2.1011796 -2.994131 1.2572216 -3.0664675 -2.4483492 5.0712748 -0.3326792 1.0535347 2.7951527 0.09519345 0.17722568 0.0072192303 -2.5956132 -0.34324846 -3.2695568
humber -1.5280697 0.089706525 -5.154815 4.3971815 -0.38554868 -1.0613103 -4.2659335 -1.0756831 -3.6648283 0.8946513 4.508054 4.3708572 1.6595123 2.7835145 -2.2755506 1.4776661 0.033608694 -5.222 4.8009787 -3.127066
ballarat -2.7672381 3.141019 -8.859438 5.618543 -0.39759406 0.76043415 -3.5411167 1.2488045 -2.0781786 -1.1732808 3.2410378 1.1961433 -0.23086525 1.1901731 1.7679173 -0.6235093 1.0367026 -2.1369522 2.6022983 -2.4380221
ayrshire -5.300835 -0.16953143 -7.6769223 6.59351 1.840644 1.7479516 -5.9378023 -1.0413384 -1.1651008 -0.3484477 4.6938496 3.6924613 0.019443091 4.569719 -0.48997042 -0.7457186 -1.2944894 -2.0092251 2.4270782 -7.1851244
sligo -1.2098732 -2.5666687 -6.0859227 3.7342086 2.5876963 -1.1198195 -6.2385426 1.9595785 -2.6299894 -1.0936962 3.0864282 0.40600953 -3.3961463 3.0485528 2.127229 -0.75540143 1.5414261 -1.3912638 -1.1698895 -8.613471
whitehall -1.8820356 1.7915847 -4.8933225 5.4956474 -1.8253756 -1.3769975 2.246194 3.1774602 -3.5366616 -3.50923 1.5287125 0.4348102 0.20823987 5.7528434 -1.0656632 1.0809857 0.1827597 -1.2249334 -0.41257122 -1.9166802
weymouth -3.387338 1.9743862 -5.9361324 4.4038157 -0.003981472 -1.9475675 -3.472475 0.6596142 -2.5106993 -3.048652 4.541242 0.95857596 1.375404 3.5890734 0.6969567 -1.3539417 1.8252991 -3.8255665 1.4640948 -2.556597
waikato -1.4140434 -1.9777911 -7.1255136 3.567776 2.0757143 -0.80436945 -6.481236 0.13095585 -1.634462 1.402054 4.569262 4.208204 -1.0684524 -0.24324682 -2.419221 1.5998582 1.126431 -2.0933316 2.4735677 -1.5034465
rockhampton -2.0916789 3.253771 -7.575041 6.2414837 -2.3950968 0.35698405 -2.441096 0.29292583 -1.9211051 -1.3709391 2.4448745 1.8425599 -3.0308955 2.5594978 -1.0969292 -0.81896394 -0.8743984 -4.9896965 2.2044017 -3.439058
palmerston -3.5479703 -1.6243318 -7.0727873 6.6302514 1.510843 -0.58412814 -3.9460886 2.974955 -1.848925 -1.5311389 4.657789 3.1696694 -2.1614013 3.2557647 -2.5044775 0.35958666 1.0571297 -3.23198 1.1240702 -2.4531455
toowoomba -2.0170958 3.0414953 -7.1370344 7.618738 -1.7026896 1.6275774 -3.8601253 -0.14665508 -2.0661557 -1.9010973 1.1972916 1.707065 -1.8826858 1.8434286 0.6047056 -0.8083716 -1.2857116 -3.184674 2.359378 -4.7199035
launceston -3.9096267 2.127354 -7.923034 5.085093 0.27297577 -1.7130245 -5.0484014 0.5992246 -0.9765956 -1.0607687 3.6132312 2.2168572 -0.634199 2.6055453 1.4590033 -1.1246116 2.428105 -2.3711498 2.0990047 -3.7895951
merseyside -2.437777 2.4369287 -6.479786 4.9392104 -1.2962008 1.0483284 -5.08935 3.1145809 -1.5631787 -2.447067 1.7208288 0.90693355 -2.0469842 3.1199074 1.398269 -1.5531737 0.19629647 -1.8110999 4.9227633 -4.789915
tamworth -2.7573 3.220062 -5.6928945 4.4593415 -0.11796821 -1.8881019 -7.0767546 3.5455046 -2.137639 -2.4905167 2.981641 1.1353397 -1.362711 2.3120542 1.6686686 -2.0526576 1.4972095 0.16044453 3.4729161 -4.5090785
whitby -2.7773538 0.6630483 -4.703448 4.2189584 0.13843805 -0.38302737 -3.936741 1.0993193 -1.9460901 -3.3138976 3.8988976 1.1463197 1.5554882 4.152597 -0.76821077 -0.9364006 0.26063228 -2.7457807 1.0342474 -3.493582
loughborough -3.5932403 1.6993055 -2.6179364 5.2212286 -1.0109156 1.6020111 -6.7565155 1.3155404 -1.8813924 -3.9887698 1.2862427 3.8906484 2.913345 2.5358956 4.9192567 0.95827 3.813635 -2.5936186 4.6997423 -1.3066443
brampton -0.94700587 2.5882316 -6.5159893 4.903949 0.08905485 -3.0449498 -5.67784 0.93574286 -4.9071083 -0.81954557 1.7888792 1.2825618 0.34614113 -1.1630378 3.1800916 0.0533466 -0.57767653 -1.5649238 0.5961104 -3.117241
monmouthshire -4.120908 0.43269026 -5.5604415 8.365188 0.06663439 1.0555111 -3.885763 -0.27730986 0.9928921 -1.6701632 2.7824047 5.144486 -0.669038 7.2332644 -0.21148592 -1.1731641 -1.444931 -1.1603757 1.6141161 -7.56386
mersey -4.650383 1.1310246 -3.9462676 3.1010742 -1.9526439 -1.1263635 -2.754676 0.75386524 -5.71045 -0.4623966 4.323038 4.4194736 1.5449958 5.0940614 -5.2637353 -0.25261796 0.79402876 -3.9998562 5.0592566 -3.3018596
melton -4.599674 1.0315486 -2.0278795 4.2329226 -0.28423432 0.4593622 -2.3157318 1.010887 -3.667103 -2.494037 1.1912519 2.0326476 -0.4327052 0.64302856 0.75326353 0.73991585 -0.25663045 -3.7657785 0.51195884 -6.530778
birkenhead -5.047005 1.1614815 -5.20306 4.5513234 -1.4402615 -0.21025136 -3.2845564 1.3399565 -2.5824628 -3.3544896 3.354881 2.3290017 1.6301692 6.1264405 -0.035643693 -2.1630547 0.21249111 -4.4118576 3.8624682 -2.9247265
truro -2.3050282 1.1634395 -5.153455 6.3357053 -0.30090544 -0.25992182 -5.235786 -0.21280612 -1.9275682 -3.8682153 3.0444384 2.0797064 1.3972317 4.536931 1.4533746 -1.7058356 1.3041953 -2.6470726 -0.026849607 -3.487601
bendigo -3.4021387 2.7497394 -8.422169 3.6479297 -0.6768268 -0.4874838 -4.386136 0.72849536 -2.5495536 -0.76392984 2.7470198 1.51445 -0.35229102 1.3729705 2.003496 -0.3526955 1.4718944 -2.162982 3.2553844 -2.0677078
stroud -4.3649373 2.3739684 -1.9114257 4.099498 -0.54605407 -0.8640785 -1.0091178 0.6673826 -2.6776161 -3.1641145 0.7643469 1.6715233 0.8943384 0.11448013 1.6897037 -0.6083617 -0.19553906 -2.69198 1.0893998 -4.5353565
yarra -1.555999 1.4950438 -8.093537 4.7308598 -0.54516387 1.1064712 -3.4094746 -0.6939543 -6.313104 0.013933946 3.0095499 2.9737537 -0.56822014 -0.011908007 -2.4266953 -0.598229 2.0007188 -1.8397954 2.750023 -3.81778
wollongong -1.6823035 2.932274 -7.12658 4.02671 -1.1919585 0.10781955 -5.2200675 1.8000244 -1.8105649 -1.3632903 2.3063924 2.3747172 0.7028661 -1.9368361 -0.061227236 0.16317712 1.6750593 -1.4158185 2.434748 -0.81166106
lanarkshire -5.2905946 0.054543834 -7.577744 8.413637 1.7154379 1.4843636 -6.9652967 0.2930902 -1.3208187 -1.2957443 3.4107695 2.3413 -0.5697743 3.5592182 0.8725081 -1.9650837 -2.495148 -2.0199428 3.395829 -5.427762
goldfields -3.5771859 4.675548 -7.578543 3.0514994 -0.29755446 -0.43257868 -4.106514 -0.57651603 0.09012235 2.6213653 6.964457 3.2669578 -1.9281303 1.1330142 -2.91648 -1.0143201 -2.2286131 -3.0193331 3.4110222 -2.0562668
taranaki -1.2719243 -1.2632694 -7.8147407 3.8321362 2.548854 -1.9076724 -5.0040364 0.4514984 0.6024262 1.7170115 5.818733 1.4806257 -1.276703 0.6795358 -2.5478456 0.60050917 -0.60338116 -3.0241795 2.8746257 -3.088759
bourke -4.59249 -0.56955355 -3.162713 3.9813888 0.7342674 -2.3147728 -0.9240254 3.0574865 -2.2411196 -1.5187407 1.9724731 1.7119302 -0.6565819 2.189103 -0.34640715 0.5792308 -1.2339574 -2.3268895 -1.0885053 -6.0113096
northland -0.67038167 0.3776707 -7.2408934 2.8928592 0.5255973 -1.8450831 -5.5404367 -1.3787957 -2.7261183 -0.3277097 3.4516068 4.7365527 -0.7354099 -1.8725758 -1.377257 -0.029995086 -0.32235408 -1.9641241 2.0386682 -1.153116
goodwood -1.2521585 0.38210374 -7.342782 -2.4837577 -3.9839904 -1.7145838 -2.3865197 3.1209013 -1.6059847 0.061754372 2.4460306 0.61539567 3.2372332 5.161324 0.12606569 0.17136897 7.768968 -4.224791 1.7549496 -5.0078435
strathclyde -2.793631 -2.945146 -4.271638 5.890065 0.26143306 1.4626667 -5.3157716 0.74549204 0.8036905 -1.5417998 0.9542646 4.230842 -0.73277384 4.200067 0.06031994 1.5683453 0.31314814 -1.8927269 0.9971844 -0.28923464
wirral -2.4028754 -0.09347633 -6.9161143 5.6477423 -0.62449956 1.9727552 -4.976829 0.15263332 -2.552102 -2.8634217 1.1922166 1.7119112 -0.89605004 2.308252 -1.3106815 -3.6171691 -1.3926271 -2.0809011 3.910783 -5.0757203
worthing -2.435279 3.6599388 -5.4085593 3.5428874 -1.3165988 0.7703704 -4.3534703 1.3915724 -1.8618699 -3.3764615 2.5243483 -0.40376258 0.9330023 2.3147628 0.7776629 -2.0375462 1.6519803 -0.98124135 1.9129888 -3.987129
anglian 0.45418212 -2.4761376 -5.9835076 5.4046655 1.1204867 2.0411837 -3.4750204 -2.1181521 1.836581 -0.8121323 3.655223 4.60671 4.291495 4.592803 -3.046412 -1.393417 -0.1674235 -0.74578613 2.4966369 -3.730883
sydenham -5.0621257 2.22292 -2.6229918 6.3617735 -0.5424353 2.28608 -2.6281958 0.22462915 -2.646918 -2.28456 2.1914005 2.2324207 0.7561499 4.2376194 1.1063474 -1.0301378 1.0274314 -1.8587192 0.23291229 -3.7904336
berks -0.75928086 2.6574 -1.9576694 7.199039 0.63364017 -3.498198 -7.554732 -4.2585864 -1.8129442 -1.6269934 2.2724633 4.6159186 -0.71801734 1.7928448 2.7231028 -0.024270406 1.3042765 -0.019594777 -1.2459553 -3.0541227
foresters -1.8776166 2.6709964 -6.593719 5.1966734 1.1869895 -0.014287183 0.17964193 -1.2018081 1.0798324 -0.5542802 2.8102157 1.1679796 1.5130414 3.9584782 4.645632 3.3186677 0.14387538 -0.1927237 2.4195747 -1.4190487
chipping -4.869387 4.242664 -1.7594904 3.5845456 -0.816699 0.4143082 -1.3366965 -1.8797367 -2.9819348 -1.6806076 0.5010606 0.70882964 1.4209665 1.9676232 0.2656428 -0.1665374 1.1423823 -0.3310417 5.5696416 -7.113801
oshawa -0.2692023 0.53183794 -6.3889675 3.6694226 1.2741865 -4.1843567 -5.0916653 0.42235062 -3.6371984 -0.2768729 2.3854148 0.17417921 0.346596 -0.00060437655 5.507828 2.2064273 -1.4923556 -2.7718508 0.07720033 -0.049721282
charlottetown -1.6346213 -0.2460255 -6.3499126 3.9190779 -0.10998448 -1.427378 -5.014882 2.4472494 -2.7718809 -0.5417816 3.4967096 1.4564921 0.80061257 1.7105249 -1.2661493 0.5809987 -0.84311825 -1.063092 -4.229586 1.8372242
tyneside -2.2359776 -0.25473595 -5.936663 5.1262126 0.18826765 -0.15996535 -4.728016 1.7031393 0.40611133 -4.3967056 1.948649 3.7120993 1.8850325 2.9744158 -0.6696857 -2.2043355 -2.2522228 -1.008563 5.3747606 -3.5719368
addington -4.47419 0.43470347 -3.6102655 5.329615 -0.56540596 -1.7077082 -3.3953197 1.4533616 -1.9034051 -0.66177756 0.9108259 1.4625702 -1.0923375 4.7713447 0.8716817 0.52141565 -0.3550621 -2.4303987 -0.25010294 -6.393396
cardigan -4.2791853 -0.68467236 -5.0848184 3.5083077 1.8724401 -1.6342605 0.31317058 -0.42918473 -1.5687398 -0.8494902 3.2761803 3.50464 0.94614744 4.20092 -1.3311664 -0.5248659 1.6721791 0.032823496 2.2063658 -6.0878124
ridgeway -2.5333204 0.67926764 -2.414903 5.803627 0.4468721 0.5762427 -0.20210429 -0.6289858 -3.2620301 -1.3907323 1.6875068 1.6540856 0.72655714 -0.40257573 -1.6762168 0.6421404 1.0399033 -2.6133866 -1.2280227 -5.0298367
bunbury -3.502918 0.9193682 -5.0414696 2.6641462 -0.481018 -0.5923123 -3.4925694 0.46246368 -1.7209677 -0.39583844 2.3017814 1.5316408 -0.1097301 0.042008445 -0.68600273 -2.0447984 0.25905874 -3.1181967 -0.011227238 -3.9854488
newry -2.2818425 -0.64476186 -5.3567395 5.8123803 2.1442769 -0.53876305 -4.042217 1.5600983 -3.5751796 -1.2092474 2.3081925 -3.0314898 -2.8010077 3.987411 0.8600152 -1.7968922 0.010868333 -0.7418615 0.92476296 -6.791217
shires -1.4076807 1.3430597 -5.6135936 5.4749103 -0.018848337 -2.6378286 -3.191634 -0.28547296 -0.2957456 1.7371056 0.68652725 2.1405616 -3.2367656 3.1977055 1.1686937 -3.1831455 -4.063259 -0.46088588 0.2623247 -7.929209
maidenhead -5.3240223 5.5542674 -5.3416147 5.3592663 -1.5927932 -0.96924496 -4.577454 2.9379258 -2.4187481 -0.33446944 1.266187 -0.077320725 0.41370326 3.5014036 1.7049452 -2.7340686 1.1718137 1.7192305 3.9381084 -2.5001168
gisborne -4.35176 -0.57335424 -6.051004 3.1069112 1.6422341 -0.49778342 -3.9956648 -0.19714361 -2.2912984 -1.99193 4.370606 2.132902 -1.4424413 1.1751028 -2.4441445 -1.2717676 1.4364815 -2.0211234 0.12740709 -3.2246003
coleraine -2.4994397 -0.54012203 -5.4068584 5.439378 2.4383662 0.05908054 -5.5420947 1.5973865 -1.44942 -0.8361412 2.9306383 -0.49748266 -1.641306 3.4253879 2.5013406 -0.92909 1.0198015 -0.009416536 0.82853514 -5.066318
gwent -1.1185775 -1.6683887 -8.400533 3.362993 1.7935191 -1.4687328 -6.062554 3.5006826 -1.5724629 0.23390593 3.3286307 1.5103145 3.128158 3.6394246 -0.26213592 0.25464627 -0.6818679 1.6569201 1.6002585 -6.230526
windermere -2.6768327 2.2893612 -4.4038334 2.3119774 -1.206851 1.9621835 -2.7519748 -1.5274069 -4.8123136 -2.009786 3.1125245 2.9382048 0.91759884 1.071624 -1.3644146 0.15021719 3.0319505 -2.304487 0.23908265 -4.478585
manawatu -2.4401243 -0.26811132 -6.944857 2.6549978 1.2284473 -3.239145 -7.440376 1.2994212 -2.7811475 2.1009924 3.7604449 2.5861516 -0.5589115 -0.36398724 -0.17359309 0.5171193 -0.281078 -2.2443123 4.835057 -3.459534
wanganui -3.6925428 0.10123656 -6.7150126 4.3799043 1.212492 -0.81574863 -4.6472745 1.3633307 -0.5958201 -1.8236253 3.3743331 1.8798816 -0.6358612 1.931589 0.42673984 0.44154012 0.81612223 -1.8419367 2.1208682 -1.9573601
cotswold -1.6137414 2.0171463 -6.1610637 3.6815798 -2.536735 4.302063 -2.0281994 -1.3521653 -3.126186 -0.4827507 0.23515455 3.3565066 1.544198 1.9494139 -0.7055731 0.5212293 0.089442536 -0.77732676 2.9808033 -7.7855215
balmoral -2.470306 1.865617 -8.092931 1.4546947 -1.7381055 0.31485346 0.39867538 -0.22336484 -3.7478068 -1.9855857 2.0703447 0.89188087 1.8115357 4.567855 0.8010279 -0.895505 1.0769789 -1.1852007 0.49495533 -3.05663
rotorua -2.9048827 -0.13977405 -7.087246 1.841092 0.4301551 -0.46845007 -4.579729 -0.47340274 -2.2149274 -2.2088485 3.0201514 3.384403 -1.6247262 0.010048123 -1.8212268 -2.673544 1.812243 -1.4331061 1.5762718 -1.0838329
tauranga -3.3237207 -0.7377007 -7.0045996 2.3361752 0.2957034 -1.0844444 -4.7452583 0.25735366 -2.4184752 -1.8661599 2.4992244 2.5738823 -1.6507336 -0.3308945 -1.7938244 -2.1290655 1.2648294 -2.3557565 1.1852487 -0.3957807
lisburn -2.222139 0.31840727 -6.2957463 4.4768806 1.0925457 -0.3346533 -4.5191007 0.59690803 -3.849841 -1.6361482 1.7987666 -2.041675 -1.1040865 3.851966 2.0001564 -1.7100192 -0.93205565 0.00047929244 0.58949906 -5.2462745
bridgetown -3.6661396 2.0300422 -7.959683 2.9761891 -1.2381228 -0.31359956 -3.3505337 -0.333547 -0.54243934 1.0128659 1.6172559 -0.11112941 -0.7860424 0.47554028 0.13669018 -2.734265 1.802073 -1.8446077 -2.3457203 -2.2286503
coombe -4.8526115 1.8689411 -3.1996832 3.0935886 -0.5117473 1.5241004 -1.1007689 -1.3499695 -3.6871884 -2.7887156 1.7497104 2.375809 0.9810315 3.602232 1.1264081 0.3064194 1.9985511 -0.96724683 -0.004094619 -4.8478007
blantyre -4.1286864 2.1026523 -5.4965625 4.1901116 0.1084825 1.6749218 -4.1257243 0.18164246 -1.7100211 0.67476654 1.9413472 -1.0487453 -3.511132 1.7887911 0.35257363 -3.2889965 -1.4671962 -0.23354863 -0.097577944 0.09605273
dubbo -3.5985796 1.1980834 -6.871792 4.3611307 -0.8652243 -1.3275887 -2.81067 -0.1265286 -1.7305818 -0.6801416 0.15819007 1.8475938 -1.1553699 -0.12953098 -0.13040555 -2.555405 -0.49332038 -1.8854079 2.3613322 -2.527658
llandudno -2.6300483 -0.19769657 -5.887102 2.3512294 0.052858658 0.53282636 -5.1089125 2.2394798 -3.1087315 -2.6617491 2.3151515 0.35423326 1.0514977 2.4024756 0.18096314 -2.5923707 2.0776472 -1.0186522 3.147993 -3.8336046
liffey -0.90593415 -0.9813778 -5.0573654 2.1160512 0.54101026 1.3614448 -1.4340485 0.07237896 -4.8537455 0.4129005 2.8948362 0.8393336 1.2317038 1.1960317 -2.850186 -0.7254353 2.86181 -1.1870567 0.43548337 -6.4157557
whangarei -2.5239735 0.035906717 -7.094123 2.981769 -0.04053158 -0.51537216 -4.4946065 -1.677274 -3.042077 -0.9649292 2.4604888 3.2009735 -0.68099755 -0.19090408 -1.1814959 -2.087763 0.70268697 -2.3890684 2.3921063 -0.9468631
grampian -1.1551273 -1.1189975 -7.1643643 3.0903075 -1.5571299 0.41487348 -1.7618126 0.9610415 -1.2301719 -0.43313655 -0.30424958 2.355805 -1.1325854 -0.3432652 -1.6142945 -2.4587681 -1.2525356 -3.3701367 3.7044077 -3.1905432
waratah -2.1663733 1.7214117 -4.964851 1.554536 0.22417219 -1.9832536 -2.7508724 -1.303053 -1.5656239 1.5853344 2.4192586 2.3491368 1.5587068 -0.19419266 0.4798299 0.18389529 0.11414519 -0.78130156 2.556244 -3.288408
petersham -3.655801 3.1708333 -4.596197 4.478192 -0.3720075 0.8230178 -2.5425954 -0.5029876 -2.8941789 -2.0007663 2.2750993 1.1126789 1.0682719 2.6095223 0.7936553 -1.539046 0.84802717 0.16796696 0.0750464 -3.5524204
snowdonia -1.6088824 0.763445 -6.941802 3.4595668 -0.99800706 3.8558607 -2.8203864 0.109671056 -1.5717516 2.1453578 2.1994627 4.4376397 1.053622 -0.9623889 -3.874865 -1.9393263 3.1161108 -0.074825406 1.9532138 -5.6644135
cumbrian -0.31942895 -2.0162714 -4.0507216 3.2523458 1.3409536 1.4449047 -2.3332255 -0.25522736 -0.372153 0.73305994 3.155849 1.3539919 1.5826521 2.4321125 -4.3854275 0.039722204 -1.7488189 -0.4678831 2.2398233 -5.744623
cherwell -3.5245035 -0.48997203 -1.8973844 5.931651 -0.9582541 1.2986921 -2.310583 -0.48768416 -3.2037325 -2.357481 -0.0442514 3.107647 0.8354426 1.9163879 -2.0099225 0.52487797 0.77995455 -1.6762668 0.14266591 -2.4109473
uist -2.170444 -2.666349 -6.1790376 3.3739097 1.9592624 0.42117667 -1.2211808 -0.31953782 -0.6592449 0.7571476 4.1970024 3.533398 0.87812203 0.67834854 -4.252514 -2.6990747 -0.9208859 -1.7106298 -1.4452149 -6.5546126
intercolonial 0.8727633 -1.1890311 -6.017919 2.205902 -1.3699254 -1.7131338 -5.2016845 2.1153495 0.4659324 0.80766577 0.5775249 0.8739957 -0.6712871 2.6916437 -0.4014873 1.7586048 0.37130046 -1.1712661 2.2449803 -0.5365222
strath -2.9343197 0.23378386 -2.3438709 2.960805 1.2856562 -0.11510494 -2.486916 -1.1732737 -2.6067278 1.002138 2.997198 1.8267744 1.0181901 1.3516982 -0.5912355 -0.38681668 3.0653386 -1.207319 1.0179462 -6.0491233
strathspey -2.3003502 -0.64548355 -4.7359734 2.1371975 0.384489 0.60177255 -2.2421262 0.74989295 -0.64308226 0.012905098 0.999199 2.0831368 0.7647301 2.6220236 0.5021502 -1.02475 -0.35833457 0.7932897 2.0623384 -5.6956453
tayside -1.5172447 0.12773134 -5.1969824 4.3190036 -1.1479073 0.19359888 -2.611451 0.80688876 -0.8077245 0.011291072 -0.8233808 0.33525386 -0.9320247 1.8052241 1.7123017 -0.7524756 -0.91583014 -1.3901154 2.600309 -1.207547