Centroid_162 2.2664563104411766 2.240740140764705 0.33682543679977955 1.4604901578455893 -0.9982577529779417 3.9954558169852947 -2.4209674279411773 -2.1647906470514715 2.6499501281176467 0.6353161733308821 2.7886727498235295 0.8696768198897057 -5.1934057650735275 0.3249777368235294 -3.6624033622058842 1.1459068994117645 -1.4261993352132356 -1.0526023761176475 5.175193063970589 -0.6743209825955879
economic 4.3939924 1.1954259 0.29007906 5.2071514 -4.085142 7.53683 -8.284576 1.252179 4.2417045 6.3016696 1.1564603 2.2719488 -11.875519 -1.044464 -5.8435235 6.3236365 -4.988193 -3.5678954 5.246319 4.7190166
interest 1.6914041 5.4839454 2.3676128 1.9322461 -2.3722718 5.119265 -0.33348998 2.5941083 3.6020935 -2.2611394 4.2089505 5.727844 -7.875189 -0.42525032 -1.0706203 5.0758 -0.51767224 -2.754855 3.4597132 -0.91057914
significant 5.9725547 2.4066246 0.03704301 2.2267342 -3.393625 2.9531927 -3.10031 -2.9858422 5.577809 0.7688929 0.035364706 1.497469 -4.618047 0.044901654 -3.5999358 4.6322093 -0.55042696 -1.7850626 6.0816326 -2.646537
especially 2.6750708 0.1355084 -1.4189209 0.33949912 0.67525387 6.884441 0.24357274 -2.7303257 4.5362306 -1.6063231 1.6156394 0.6528915 -1.637699 -1.1624888 -4.1482005 2.8318348 -1.5380794 2.4418945 5.7506895 -1.1757474
particularly 1.6445103 0.762621 -0.8279251 1.462825 0.14838104 6.3982854 0.46599537 -1.5010266 5.063894 -1.0044987 1.4319838 1.2219479 -1.302054 -1.623288 -4.0712376 3.4761217 -2.6219919 0.9443669 6.027403 -2.2784448
mostly 5.6609797 1.5042858 -2.2588494 1.3153529 1.2216725 3.3999958 1.6975034 -3.0148299 2.5694945 -1.8596835 3.6080348 2.5779617 -2.5402422 -0.915412 -0.7093845 -3.3194618 -2.1131086 0.29623646 5.528048 -3.4467926
mainly 5.1128306 0.62633586 -2.3714654 0.8432193 0.7921187 6.255743 0.39051014 -3.5815754 2.5272849 -0.17441933 3.6764789 3.3171825 -2.2508414 -0.68167216 0.7478336 -3.4975343 -2.7940557 -1.1509225 5.5660214 -0.99086255
greater 2.7141628 1.9532297 -0.90356123 4.359717 -0.32547665 2.0871892 -5.1595206 -4.7882915 0.98624 1.7582983 0.4897416 2.6002445 -4.3578753 -0.38836104 -3.5100222 3.5557225 2.5734167 2.6234996 6.150649 1.2677163
growth 4.7777767 6.9847183 3.3612626 2.8902318 -2.718073 4.766526 -7.0893507 -5.2263193 2.2520003 1.7516476 3.036969 2.4387684 -7.8910084 -3.9251027 -3.3767452 0.39940736 -1.5811809 -2.2422547 8.592809 0.7303384
urban 5.93798 2.1721818 -1.8824025 4.9233313 -3.5770495 8.721287 -4.3843155 -1.2231688 -2.8809018 -1.3601563 -0.897431 2.3358192 -4.3160105 -2.1928508 -3.3709242 -0.19853072 -3.8737013 -0.41831034 3.2907705 -1.228622
poor -2.5265834 4.2888165 0.014324485 1.2485065 0.19798183 4.1669183 -1.0044211 -3.255513 2.5706143 -2.9914854 2.3800504 -2.2876036 -8.463717 1.4828188 -2.671996 5.4822936 1.814717 0.3246246 6.4929104 -1.8100662
activity 6.20046 4.134787 3.523485 2.5996182 -2.2396939 4.603096 2.2800436 -2.8532925 2.322617 2.496028 0.79496837 -1.5666572 -7.1552134 -2.7714999 -1.3052087 -1.245425 -2.1399903 -2.300877 5.240365 3.8300622
economy 2.4983876 2.6714492 -1.3535454 3.3641357 -3.2131171 7.549811 -8.43475 -0.5227028 1.3141097 6.200725 3.018642 4.110966 -10.807636 0.5868369 -3.7868917 -0.51894444 -5.5131674 -3.2868438 6.854723 1.2249188
largely 4.6515875 2.05524 1.7592186 4.8910666 0.049736183 2.621068 1.2963893 0.25026852 3.8301473 -0.09105398 4.662875 3.057583 -4.7848916 3.1337752 -3.3746827 0.7983406 -3.828701 -2.173394 5.552931 -3.267327
growing 1.8030597 3.749229 -2.7890148 -0.29986003 0.55239326 5.345115 -4.9299183 -5.4490843 2.5727098 -3.0127108 3.3351786 0.40790263 -4.3573875 -3.822819 -4.910937 2.4448373 -1.7430758 2.24092 6.9447327 -0.984187
relatively 2.061185 2.7771983 1.5005734 1.9696592 0.096810125 2.959829 -0.32112893 -6.8395805 3.9484398 2.09766 2.5384622 2.3297198 -2.2353492 0.9556315 -4.3351645 -0.16551964 -0.13648228 0.42434937 10.477554 -4.825101
rise 2.459333 1.8644518 2.2578418 1.2537787 0.049862012 1.5116111 -2.5205986 1.1761426 4.0069847 1.6857054 3.6847267 0.7158248 -3.12052 -0.24564347 -6.864755 0.18697464 1.3729545 1.8796581 5.032261 -1.4205161
increasing 3.069096 0.5734206 0.00012204477 0.5497853 -2.108386 1.9101142 -5.471146 -6.287052 3.6537714 0.22748399 -1.6772696 -1.4229761 -7.363264 0.79121196 -5.681648 4.0263104 -0.19492407 0.6519692 10.818461 0.8556863
importance 3.2131033 2.1845284 1.2016068 5.3323045 -2.3851976 9.279925 0.34328392 -0.34861055 4.4666586 4.092489 1.7221637 4.8674417 -5.2469783 1.9903543 -4.0742354 4.789435 0.972265 0.28426012 2.5928736 -0.25771222
heavily 3.9366777 1.6192064 1.2273732 2.0771015 2.2365549 1.3329626 3.372421 1.7069227 0.5647327 1.1401626 7.144087 2.141979 -4.222579 0.64683527 -2.0381837 -0.34210232 -4.1415524 -3.2706723 6.23257 -3.1550267
significantly 3.7184772 2.85044 3.6582124 2.4262857 -0.7842791 -0.28490627 -1.8710027 -4.255868 4.5049224 2.1070073 2.513678 3.3582978 -7.107092 0.82645303 -1.7569244 -0.3167863 0.7236923 -2.4904258 9.771795 -1.0719687
considerable 1.402997 2.5004134 1.0716203 1.0260983 -2.043975 3.2260432 -2.719374 -1.8613244 5.86585 -0.3098886 3.1530836 1.0651491 -4.9561663 4.187671 -4.8158545 4.9126782 0.6287687 -1.7177589 6.031652 -2.0105762
increasingly 2.416627 0.3890213 2.383864 3.0116189 3.6619673 6.424867 1.3034914 1.837635 3.644069 -1.8249483 7.5389786 2.4861064 -7.8033996 0.6922758 -3.2260692 3.5507157 -4.4476767 -1.9883916 10.150688 -1.2837229
decline 2.4817212 4.6718884 0.78430885 2.9954631 -1.6207681 2.1444929 -5.802619 -1.4262213 6.914352 0.16818787 5.5972543 -1.0160476 -7.487617 1.7383108 -6.944825 0.34240687 -1.2504574 -3.9189568 7.9248724 -2.916809
rapid 5.5422196 1.4402381 2.574804 2.5242207 -1.9505329 1.4753894 -3.6342704 -2.3430357 -0.3493673 1.9443038 2.5007243 -1.5709212 -3.1180797 -0.3383694 -4.9493823 -0.5064918 0.79752 -4.2812724 10.681628 4.128456
rapidly 4.105279 3.9820735 2.2751327 2.9690697 2.0071862 1.5839021 -1.4708083 -3.874142 1.2813997 -0.1207007 8.991892 1.2052884 -5.5444655 0.67105836 -3.9107144 -1.6736163 -0.08987307 -3.7820725 10.444228 2.1859074
gradually 4.507178 1.1348364 3.0373888 3.727668 3.0879679 3.1044087 -0.19951437 -0.99588794 0.8104166 -0.98475033 8.509786 2.1394 -4.913954 4.1389265 -3.426871 -1.7142643 0.86975497 -1.7118199 8.857988 -0.63514084
widespread 2.2576985 2.3096776 -0.4437294 1.5109451 -1.2918072 0.71680886 0.4290875 -1.4353857 8.77542 2.180135 1.6070505 1.5177739 -5.7421403 -2.0389426 -7.6827464 1.2982743 -5.302963 1.0804427 4.698104 0.47790948
greatly 1.4530966 2.4056494 3.9064965 2.6924188 0.6462165 4.300563 0.5906827 -0.69532007 4.990921 1.5835366 5.6762714 2.7068028 -5.3233633 2.973582 -2.169251 1.1621861 -0.10419629 -2.9107952 7.6566067 -0.90222657
periods 5.26096 4.23013 1.242196 3.3649585 -2.3244789 2.4762242 1.52209 -4.609925 8.72877 -0.049241282 2.160257 -0.37406674 -3.1450138 3.5973694 -2.7040336 -4.3888087 5.214789 -0.87601984 7.928066 -1.8128461
substantial 2.6672995 3.9810975 0.7863179 1.9615753 -3.7449949 1.3668065 -2.7426493 -3.7992833 2.8517065 0.028010905 1.1906017 2.328695 -5.9110117 5.241669 -2.828597 3.9739816 -1.5295668 -1.3357921 4.374299 -2.5688772
extent 2.3163683 1.5925276 2.7311895 3.1575363 -0.33962578 3.0863853 1.6170801 -3.6774619 4.8415327 5.110093 2.2500958 3.2047977 -5.812029 2.778271 -5.4010034 2.07022 -0.49981198 1.5678742 3.9070117 -2.0124686
partly 1.4752432 2.744302 2.4818833 2.4370396 -1.7452973 3.1766288 0.8005591 -0.16189659 1.5902365 0.576065 2.9042215 0.9311632 -2.5445604 4.401186 -5.0287104 -0.2074752 -2.5720215 -0.32424763 3.6432889 -2.6023574
vast 5.4811707 1.8190907 -2.3738565 -0.104641326 -2.1036754 3.9789968 -0.29224104 -5.327879 1.8574892 0.8768515 1.062679 1.4889956 -3.9850693 2.1667678 -5.071781 0.89410377 -3.5128934 2.1188865 3.1290772 -3.0317957
wealth -1.0395489 4.8988667 0.82839334 -1.9898396 -1.5127829 7.868955 -2.086231 -1.3539748 3.8519785 2.968516 6.389076 6.0679436 -10.435191 5.2317038 -3.2723198 5.037458 -0.7787641 1.980432 -0.12856455 -2.7522602
wider 5.290209 -0.5049453 -1.4106303 3.3342032 -1.083547 3.421826 -0.89213026 -1.2352835 1.2652429 -0.5627692 -1.1008238 4.9448614 -1.9345369 -0.052765198 -4.004082 1.9896538 -0.15491427 3.145161 8.638277 -1.7471845
developments 4.974751 4.929055 0.8288096 5.1191254 -7.0695066 4.277651 -0.9522085 2.7767785 1.9547347 1.3830912 -0.10669361 3.2700405 -4.044682 2.6388404 -2.5510728 -0.8127932 -3.573664 -5.163903 5.941624 -0.11676593
migration 6.787407 1.1065414 -0.55914676 3.708358 0.29587722 3.8275213 -0.69681287 -5.4409676 5.4038496 3.829016 4.0935526 1.2048107 -6.7876196 -2.9586508 -8.3325405 -2.2048264 -1.5963053 -0.30817276 4.31506 3.3995435
trend 4.4934664 2.5972948 3.2192855 2.0930672 -0.89102 1.7050155 -2.0109432 2.3647346 4.326307 0.23928154 3.1289763 4.748476 -6.1947875 -2.456037 -4.0754824 -1.1849598 -1.2668387 -1.233523 8.7973995 -2.334556
considerably 2.3624148 1.7552063 2.3019557 1.7820221 -0.2532051 0.624082 -1.4460295 -3.7281735 4.6904216 1.1641034 3.35161 3.6577632 -3.846579 3.8414636 -2.5526743 -1.1598334 1.3084984 -1.5541258 9.592524 -4.035066
largescale 7.1517906 2.77473 -0.84690005 -0.2877367 -5.8426895 4.724403 1.087543 -0.72298795 2.1636302 0.8002114 0.73278123 -0.85186464 -0.83046764 1.9253768 -3.742121 1.2530692 -4.069315 -3.510741 5.6005545 3.5980008
enormous 1.9985267 3.280372 0.19339128 -2.7277567 -2.2732875 2.8905811 0.5227383 -1.6659372 1.9543703 1.1022738 3.3468595 0.037403204 -1.4129274 2.8056493 -5.049153 3.9085555 0.81841254 0.5236678 4.594015 -1.8658919
unemployment -3.2955437 5.784659 2.2284136 5.3395123 -1.1786194 3.0835445 -9.38292 -4.2504597 4.761664 1.8732147 1.7236181 -2.3528206 -16.08308 0.5018842 -1.8091375 -0.62642574 -0.2844821 -2.6205428 5.989142 -0.3626414
steady 1.1524538 1.9140239 2.5119834 0.6943089 0.9687271 -0.25169894 -4.3944263 -2.1188166 0.8091179 -2.4459643 4.5491934 1.8798356 -4.805149 -1.4365062 -5.0599732 1.6825713 3.3001773 -1.6216569 9.234514 -0.04256802
trends 5.6606145 3.2602127 2.542062 1.9781121 -4.3200803 4.557787 -1.007939 2.0247962 5.307178 -0.21356912 -0.58288026 6.866541 -6.0009594 -4.7968597 -3.8091633 0.7707313 -2.5635407 -0.793605 6.558111 -0.066286586
isolation 3.2166142 2.2312934 3.8504303 2.071651 -0.06936605 4.693789 2.5713463 -3.964109 2.6206007 1.7026099 2.1294274 -0.76286083 -4.968991 -0.8938853 -4.5583487 1.1157367 0.39049676 0.13990167 4.19348 1.3930976
dramatically 2.8191974 3.8558245 2.601425 1.7776567 -0.8801818 -0.42109928 -2.1429071 -1.2353114 3.507803 0.0897542 4.1759777 1.7926558 -6.615061 0.6746107 -3.2831857 -0.6013119 0.85854286 -2.925737 8.599226 -1.5102483
declining -0.42670888 3.3377938 -0.8785112 1.5965567 -1.489954 -0.14096735 -6.5805364 -4.130291 5.2617073 -2.6750498 1.3376455 -2.238597 -7.8427434 0.36602077 -4.8375964 3.4219005 -0.18962547 -1.74594 5.7043624 -0.5333394
financially -0.39230976 4.2526355 1.203218 -1.5102435 1.004658 2.9636245 -3.5533938 1.6339931 0.55965203 -4.094182 7.202296 -1.1851455 -10.063046 3.7690363 1.5999262 5.730514 -3.3458703 -2.5002596 5.851998 0.4125162
steadily 2.1770444 3.0804987 0.20615204 2.768927 1.2574432 0.5278539 -5.336497 -2.160294 4.895628 -1.5855842 7.126189 0.53426576 -6.526255 0.86887825 -2.792669 -2.3872147 2.0933065 -4.475653 9.426091 -0.74324125
productive 2.6263807 1.3899921 0.7708075 -0.3280608 0.48068818 5.403484 -5.498647 -4.9118114 3.2341154 -1.6276848 3.6284006 0.7385073 -3.0159976 -1.182476 -1.710805 5.7419043 -1.324002 -1.672533 5.9351573 -1.5563867
prosperity 1.0079381 5.279576 -0.78904766 3.430759 -1.5415796 7.800379 -5.1339946 2.084105 3.9573882 2.964768 7.286856 2.869765 -7.2951713 3.5587752 -6.9410625 2.690367 0.28444627 1.4091175 1.8949409 -0.2406395
economically 3.2020671 1.5711195 0.058414932 1.7053207 2.3971074 6.959639 -5.208571 -5.979005 1.3627063 2.0262744 6.0088115 1.3986107 -9.853132 1.4122657 -2.4883895 3.698512 -4.9034095 -0.4612434 8.051174 -1.2722864
demographic 4.4102993 0.65735644 1.1924151 2.2301102 -1.5979396 2.5181887 -2.7304778 -2.532993 6.3412323 -0.18935366 -1.8900484 3.0816858 -11.161267 -7.580798 -3.8888917 -1.8044001 0.48657367 -1.4538339 3.3326087 -2.887228
profitable 0.54058856 1.7460401 -2.6826644 -5.0236692 -2.5668895 -0.16981158 -5.720254 -2.3391154 1.0276622 -3.8038921 4.711663 3.3567195 -6.5552154 3.731902 -4.2841644 4.476584 -4.6625504 -3.7492902 7.2744756 -1.765067
gradual 5.009685 1.437127 5.364176 4.5731997 -1.6345954 3.365691 -3.8468318 -1.0395849 4.0239024 1.8478864 2.483703 -1.0773795 -3.105635 2.2946653 -8.049387 1.0397894 -0.018767599 -0.4541704 6.556276 0.8913312
influx 4.007704 4.7702723 -3.8476162 1.9959717 0.44076008 3.6973386 -3.2918506 -3.133179 4.056902 -0.39683133 6.2295384 -3.0393662 -8.198601 0.75680363 -5.249275 -2.4682734 -4.731423 0.41106427 6.72041 0.9836171
favourable -2.1179378 0.6245966 1.9711897 0.37758234 -2.3090026 -0.7319755 -4.082171 -0.097475745 6.453332 0.72221285 0.26415846 2.7291458 -3.8892944 1.3969643 -7.6393504 2.8538904 1.4885066 0.65839547 3.9920142 -0.5365517
socioeconomic 4.491608 -0.9077485 1.0001109 4.767567 -1.0664625 9.989994 -4.617976 -5.01093 5.089845 4.0190506 -3.0908875 1.888015 -10.66572 -4.6419044 -2.795782 4.1896496 0.27299106 1.6878183 4.5356946 -1.335012
economies 6.1864314 2.0169168 -0.22050048 0.67335236 -2.4091408 5.960825 -5.7359567 -0.073060974 4.4805064 6.9267707 3.981585 6.234055 -9.382242 -0.6756754 -2.4082859 1.8607777 -4.487648 -2.0266545 8.68247 1.3472842
emigration 1.5299195 3.141712 -0.6743188 3.9127538 0.987088 3.0290563 -3.5369246 -1.8343112 8.986879 0.8623453 5.9578185 -2.3864675 -7.368859 2.730623 -4.485601 -2.4884348 -4.5471363 0.43220577 2.040457 4.4233904
progressively 4.087308 1.083642 3.4658625 2.554589 1.5582329 0.9869099 -0.27623007 -2.1500297 0.67729527 -0.14487197 5.005727 1.9199188 -3.5037172 2.8375964 -1.7968594 -0.5878338 1.5200466 -1.5712271 8.637211 -1.1417763
thriving 1.9561763 4.1792107 -6.595159 0.8898785 -1.7775782 8.547685 -4.13971 -2.4727778 -1.5321103 -4.2502165 3.701251 1.1946218 -1.619281 -1.2208652 -3.264725 -0.01190264 -5.0470495 0.083919555 2.8286922 -1.8283216
drastically 3.5200129 2.1217434 2.9885225 0.80821127 -0.3106075 -1.2192433 -1.2480061 -1.4941866 3.6155872 0.8594914 3.7335668 1.6189951 -6.7682014 2.095954 -3.444087 -0.07337622 0.2794425 -1.5811831 7.8044295 -1.2285823
economical 1.1827056 -0.2760599 1.2870198 -1.4706932 -2.7153704 5.345076 -3.0785549 -1.7020696 0.3961717 1.9965895 0.6086338 2.6131785 -4.0243897 3.1404293 -2.6587868 3.1866002 -1.2405251 -1.9401555 8.526177 0.41849205
livelihood -0.78342414 2.0101771 -1.3628695 -1.8840325 -0.09929952 8.717251 -1.0640562 -4.667135 0.47552916 0.9566128 3.2701137 2.8659878 -14.013775 0.92788726 -0.23792845 -0.052102935 1.3928535 0.10507731 2.7910864 -0.5845201
subsistence 0.32560992 1.8555597 -2.736395 -0.18181062 0.41042027 8.7251215 -0.07548909 -8.535444 1.3958366 2.2041328 4.5697412 3.415174 -9.075701 1.5735512 -2.21247 3.4920533 -4.3445 -1.148109 4.3024073 -1.3568395
thrive 2.3451743 4.223776 -1.5466546 -2.2236285 0.4140608 5.289788 -2.0691907 -5.7663836 0.253334 -2.0597634 4.652187 0.90564823 -3.2734673 -4.1079054 -3.724941 4.460359 -0.25369573 1.6865271 3.9023902 0.37428048
vastly 3.3001127 -0.28826717 1.271781 0.5184172 0.19933318 1.3322142 0.9163517 -0.73226315 3.5089462 1.9506471 2.473255 2.1618977 -4.080844 1.4269918 -1.7394923 2.7419262 -0.36345485 -2.0123024 7.422551 -2.9535763
poorer 1.2561436 0.666916 -1.0595273 0.4397155 1.5741727 5.4119368 -3.7072759 -6.9648843 2.4247482 -2.876051 1.3061216 -0.19214468 -7.424295 0.56625164 -2.2539942 2.8399687 -0.44175643 2.6626098 5.8604193 -2.4611082
markedly 1.5716594 1.3495002 3.0882504 2.459954 0.7648385 1.7893398 -0.14905769 -2.2584147 6.410582 1.494752 1.3050114 1.9717985 -2.586572 -0.5764438 -1.2445532 -0.93189514 -0.17828283 0.04171218 7.7274446 -3.9169827
hardship -1.7826366 5.734745 0.4615389 1.9828608 -0.33241576 4.0561557 -0.6137759 -0.3206902 5.612052 0.33499816 5.5267315 -4.5346494 -9.512425 1.7216803 -4.641728 4.1062865 1.2220441 -1.2205174 2.6638312 -0.016149841
flourishing 1.5547111 2.4596083 -2.95634 1.4103565 -1.8915856 9.557271 -3.4670737 -0.97330683 2.6554675 -1.6669526 3.509431 1.3659174 -1.2117796 1.9212497 -4.3915615 -0.2668923 -2.649797 0.8045515 1.4379063 -0.6588057
flourish 2.647997 2.5504947 -0.5993152 0.059348457 0.54203516 6.1270943 -2.593756 -0.6461302 2.2720387 -2.8762372 5.287934 1.110302 -1.4040176 0.9134936 -3.4663136 2.5462136 0.3177031 2.0596702 4.2259426 0.33588332
prospered -0.8290653 1.3986039 -4.394927 1.096392 -1.1125993 5.3561254 -6.644614 -3.649681 1.7596059 -3.1167326 4.3501434 -1.8714325 -1.0473882 5.324196 -3.3549109 0.37663215 -5.1774025 -2.5541246 1.5669819 -2.08295
scarcity -0.29610547 4.223063 0.05743118 -2.0328927 -3.6604254 4.309658 -0.13533789 -5.472219 4.071003 2.922789 1.9031954 1.7780555 -5.482295 1.6485858 -6.568388 3.208875 -1.3995044 -0.018889025 4.2201304 -0.1725373
burgeoning 3.0559368 2.4358277 -2.4473634 0.51809114 -0.9229949 5.8617954 -3.48195 2.0945785 0.019046344 -4.2513304 3.2297773 0.039548296 -1.3168899 -3.1234515 -4.0987697 2.374221 -5.0588727 0.15113391 5.010432 1.5396521
migrations 6.627633 0.42483333 -1.3331014 2.0633492 0.37396798 4.50747 1.7185338 -5.0365634 7.692185 3.9123087 4.8315845 0.17446867 -3.2371016 -1.5190649 -7.3474507 -4.2458873 0.20961873 -1.1021814 2.9218817 -0.24747594
disparity 1.0796623 1.8431977 1.5376627 3.755201 -0.721073 1.9122198 -0.56462175 -2.639503 6.077075 3.3663232 -1.1813753 3.1700003 -8.836879 -2.8505998 -3.185894 4.4300675 1.1761812 1.0279152 4.1299195 -3.7351084
urbanization 5.3587027 3.4726756 1.3415525 3.4141164 -3.3182151 8.308091 -5.091943 -2.4945636 1.6774833 3.617716 3.2805183 -1.1390609 -7.22576 -0.57063514 -6.8391566 -1.7754531 -1.758408 -3.1214788 4.129889 -0.052732926
slum 0.35579646 4.310761 -2.9796073 1.0324259 -2.3748565 6.481402 0.7146955 -0.86426413 -4.4685555 -1.8923783 0.75407237 -3.7753203 -7.848485 0.42025104 -3.8868663 -1.9627334 -1.4167705 0.14058731 1.6159773 -3.0736923
adversely 0.4203004 5.6630425 1.5017022 1.5366057 -0.98994786 -0.26115683 0.20022674 -3.5692055 2.4866092 3.2685287 3.1083162 -0.07028556 -10.722292 -2.7872508 -4.276699 3.111966 -1.4892113 -2.126793 5.900802 0.7526718
booming 0.10849889 3.050804 -3.3636553 -1.1327904 -0.92981285 3.6785066 -4.900764 -1.0059094 -1.8507448 -2.8611956 3.8617275 -0.1302678 -1.9748998 -1.8134284 -4.99209 0.009899419 -4.376777 -1.2056823 6.729878 -1.02312
thrived 0.89615214 2.2558098 -4.863598 0.20622024 -1.0944153 4.8879795 -4.4041038 -2.952906 2.3814614 -3.508967 2.6511598 -1.851227 0.8802984 -0.37706414 -3.5945656 1.4351517 -4.0802546 -0.9440563 2.4798903 -1.8325139
diversification 4.2306337 1.7823957 1.9148052 -0.6834006 -2.76794 3.7902257 -5.3371143 -2.8606806 2.5614288 2.4305167 2.610378 3.5667596 -5.133056 -1.7205791 -1.7081212 2.6281443 -4.5869455 -5.123124 5.442874 0.340543
industrialized 5.6642795 -0.025851188 -3.4523225 -0.056509584 -0.41363508 5.9078345 -6.7801514 -5.730738 4.629265 2.381552 2.6346455 0.19849978 -2.822209 -0.8072417 -4.037529 0.78007 -4.5156846 0.88555163 5.8090925 1.9397117
unproductive 1.4979593 1.7604909 1.7091917 -0.24182826 1.2073481 4.2962213 -4.0887704 -7.919298 -2.5601966 1.6201732 4.4900174 -2.455971 -6.448616 2.0290127 -2.8614538 5.0041428 -1.0322382 -0.6726887 2.7623682 -5.4537554
commuting 1.8089257 0.74958163 -1.8448212 1.754479 -2.2704184 3.4812543 -4.0665627 -5.8067017 -4.350078 -6.48429 -1.3487728 -0.13625701 -5.7304125 1.2921627 -2.3702831 -0.793156 2.6436293 -1.7482883 5.4498153 -0.5088766
insecurity -0.9619521 2.4809713 2.2702549 0.44672886 -0.15850556 5.232945 0.47097847 -0.15671204 2.8120286 2.0115519 1.5329744 -2.6967041 -9.341032 -3.443807 -6.206917 2.1797683 -0.8519945 0.9946062 3.140291 0.5006441
exponentially 4.3351035 1.5897862 4.878301 -0.74260616 -0.6065877 0.89733434 -3.6459372 -6.2153573 0.9328125 -1.6795896 3.3068998 3.8592339 -5.786085 -1.4076825 -3.7627912 -0.3426457 2.5972645 -2.5321405 5.8300357 -0.85889536
underdeveloped 1.8890148 -1.2507627 -0.6373026 -0.44822004 0.5625032 5.6455116 -2.1746273 -4.8405 1.9859724 1.496192 0.51925516 -0.9746749 -4.7394824 -1.9734473 -4.5666375 0.9914489 -1.6946603 0.33639386 5.1534224 -1.1886083
foothold 2.722922 0.031527612 -2.373233 1.8821996 2.8520265 2.204062 -3.2933662 3.129364 0.6949584 3.5511944 9.206795 1.7627444 -5.104355 3.1189935 -3.8778121 1.919297 -0.09846523 -0.62855047 5.5507603 2.680336
deepening 1.9029185 0.89201224 2.8302824 2.872007 -2.023221 3.764254 -2.5086255 0.30834788 0.35748318 1.213132 0.18000348 -2.227465 -2.2413185 -1.8999265 -7.3090906 2.1745698 0.1432208 -0.9824485 4.628151 1.7147425
sedentary 2.6337423 -1.1175147 -2.066382 0.06337654 4.006996 7.7745585 0.93546623 -8.372193 3.9965076 0.59392166 4.566532 0.21682017 -4.741392 -2.9751117 -3.6996267 0.57930845 -2.7008646 1.1124297 4.4385133 -1.5810093
intensively 2.8759167 1.3950388 1.1634766 0.49490526 0.69267887 5.3857584 0.3773021 -3.63521 3.1679378 -2.4199927 5.588247 2.046294 -1.4527171 0.17404212 0.31238914 -0.65608746 -0.936961 -3.9450352 3.3816414 2.7622616
stagnation 2.352954 1.3985428 4.6400714 2.3551114 -1.6306293 3.960994 -5.257165 0.8389546 5.2479978 2.9374404 3.4145408 -1.7765628 -4.0613856 1.8111464 -6.2729816 0.63990504 -0.7417477 -2.1914003 5.2682743 -0.0811236
stratification 4.026293 1.7302217 4.31585 4.5046377 -0.78058624 7.398497 -1.1775508 -4.3486547 3.748638 4.5116243 0.47658667 3.5593038 -3.3781562 -1.6372579 -2.1339622 1.993765 -0.40009582 1.1406376 3.44515 -0.78263915
stagnant 1.1583518 3.081556 0.44117188 -0.8924447 -0.112490945 2.4520206 -3.111067 -3.791546 0.5887717 1.0244414 3.7907329 -1.6392989 -3.2206075 -0.96708906 -5.7023373 1.5289577 -1.0642285 0.31797144 5.565785 -1.5328763
sprawl 3.9504197 6.7276053 1.822307 3.7259884 -3.1123838 4.2479057 -1.6644958 1.1018937 -3.3324382 1.7270758 3.1620803 -0.33550814 -6.202877 -2.4059873 -6.054292 -1.0213236 -3.0190506 -1.8138876 4.931814 -4.7276287
gentrification 5.5395236 7.4174485 2.4173589 4.6750383 -3.6092474 4.960261 -2.9829009 0.90047085 -1.5809625 -3.1732488 2.5106654 -2.584067 -8.071121 -2.5092866 -6.7132072 -0.41352558 -4.1199107 -1.2990259 3.9356983 -2.8625293
unsustainable -0.12335401 1.8965054 0.67695475 -1.2190344 -1.6599048 1.7446061 -3.3182557 -2.8651671 1.2244418 2.4935658 2.9152193 0.46465117 -7.4475803 1.2659166 -5.397268 5.144029 -2.9012034 -2.3027685 4.6335387 -0.6498499
livelihoods 1.4059016 2.854211 -2.9244227 -1.4163375 -0.46099323 8.457503 -0.7489648 -2.9224944 0.13667428 2.5406935 4.599667 0.7012581 -11.441578 -0.56222457 -2.4990406 2.974331 -1.9558294 -0.3986263 3.2214456 0.9826362
illiteracy -0.5872517 1.0169872 0.8799095 2.7496002 0.9137993 4.9426665 -0.63707167 -2.1984363 6.1145115 1.0433754 0.7665617 -1.428669 -9.682649 -2.522521 -2.6473727 1.0842707 2.0689182 0.36692348 1.9172035 0.70923877
urbanisation 2.3416073 2.8550284 0.41973162 4.364937 -3.1123197 7.2120132 -4.7846947 -1.2608806 1.9504808 3.5391295 2.3648257 0.029112715 -6.465844 2.0979726 -5.9435053 -3.2892478 -1.3247726 -2.5444438 5.6681576 -2.3500931
inroads 1.9868876 2.0601876 -1.6853764 0.7392713 0.57424575 1.9491758 -3.3913147 3.6345518 3.4047122 0.8402461 5.4935784 0.5727109 -5.8889117 1.6893228 -3.463741 0.2884592 -2.6548955 0.8112354 5.442511 -0.95832825
boomed 0.31902954 2.822706 -5.2425923 -0.77521414 -3.5773828 2.350227 -6.6040854 -3.8972788 0.8802747 -1.7671431 1.5247589 -2.2615206 -0.7487849 0.6959836 -3.920562 -0.7017178 -5.142665 -3.8473067 3.7427862 -1.2586519
remoteness 1.547742 1.71187 -2.0642107 1.8719797 -2.0125198 5.64347 -0.2226089 -4.151213 0.87988615 4.372505 2.5182273 0.11894935 -4.652846 1.1018329 -7.081362 2.3260596 1.0575213 -2.0362623 2.555166 -2.6941342
infrastructural 3.431054 1.1955287 -0.58198756 2.07514 -5.3921824 6.8246846 -2.7644923 -1.442553 -1.1503597 2.964617 -1.6075625 -0.28977007 -6.500301 2.3765094 -1.4491754 1.5838985 -1.6501472 -4.1982255 4.9115987 1.619428
overpopulation 0.25955063 3.0850132 1.3020847 0.20906356 -1.5897176 4.1836853 0.33661765 -3.3895023 2.6520662 3.3884609 2.8060734 -1.5771883 -6.5383983 -2.1385977 -6.763524 3.6517553 -1.7144752 -2.271669 0.21470125 0.07157643
industrialised 1.5993259 -0.6787868 -4.13736 0.53811127 -1.1684736 6.486123 -7.516491 -3.5316298 2.4589624 2.9381566 1.2065194 -0.23718585 -1.5051662 1.6381974 -4.105621 -0.8929028 -4.991285 0.030344568 6.6549864 -2.65371
mechanization 0.59344965 1.9248514 0.35708734 2.0819645 -0.9891198 3.8680215 -2.6136963 -3.2902787 3.350502 0.647672 3.9073906 0.952537 -1.6972224 4.0333385 -0.83332145 3.0675445 -3.93447 -3.9480782 8.558207 2.5419712
organically 4.4317827 3.1749709 2.5787387 -1.8081435 -0.54733735 3.452384 -1.1346959 -1.2060367 0.45805088 -3.4378586 4.9124675 5.294536 -3.1898453 -0.29196644 -1.3984964 0.316432 -1.9210914 0.778893 3.1710482 -0.11219527
lumbering -0.23612309 3.5420315 -2.452546 1.2283821 -0.48157385 2.2405806 -0.71342385 -3.011126 -0.9586418 -1.7869158 5.446658 0.5985812 -1.0129962 -0.36236084 -3.1174471 1.8970307 -5.305796 -5.1005063 3.9621305 -2.1658797
alleviation -1.9710516 3.5467906 0.9498871 1.1611886 -3.8497877 7.3578815 -3.523929 -1.3451415 0.08931828 2.5983458 -2.1350596 -1.8131139 -8.770179 -3.4171896 -3.1880856 2.7781453 0.544459 -0.32970035 1.2194066 3.2316282
upsurge 1.641132 1.6224936 -0.5890641 1.0774177 -1.6373044 2.6250231 -1.7761455 2.786973 4.886092 0.8598939 1.3860822 -3.3393192 -4.6092005 0.031705666 -4.899223 -1.0117496 -2.9292092 -0.4972419 3.8524702 -0.25904998
diversifying 1.8323097 0.22728899 -1.0906146 -2.210884 -1.8703691 4.09891 -4.5230546 -2.0156827 0.07962335 -1.035843 0.27413034 1.4188211 -2.927338 -1.5485827 -1.428879 2.5132494 -4.646637 -1.2580738 5.6263204 0.84512925
stagnated 1.4801557 -0.3266689 -0.35276577 0.18729278 -1.72036 2.8939633 -6.484515 -2.2962816 3.1819022 0.29735363 0.5678714 -3.3374639 -2.3105168 2.2429485 -3.5431178 0.88958913 -2.549847 -1.595277 4.5205407 0.5527034
preindustrial 2.8484852 0.14439027 -0.1505873 -0.180427 -2.1087096 6.850781 -3.5707176 -4.480923 4.477396 0.9660437 1.2035741 2.6080205 0.2615661 0.40980187 -3.5761886 1.7368953 -1.3122672 -0.8312409 2.7746048 -1.4680523
uneconomic -1.3038622 1.7642227 0.8352281 -0.21279821 -1.7799699 -0.15828227 -2.7619882 -2.9494119 -0.6065877 -0.7977383 4.050875 1.8814411 -3.6117892 6.305858 -3.4854603 1.3451017 -2.6060696 -3.7910576 6.036403 -0.8171078
spurt 0.15106826 4.576647 2.3638656 0.44713297 -0.92899805 1.717963 -3.8476806 -1.7709737 2.3490658 -0.9803443 2.832601 -2.728337 -1.9705673 -1.2990761 -2.0422952 -0.41753566 2.7334144 -1.7550334 5.8000627 -1.9953412
postindustrial 2.9609382 1.5753298 0.84291923 1.3986924 -1.6510333 5.8846207 -3.1379673 0.34321973 1.5713912 -0.79856205 1.6377583 0.99510473 0.50886524 -1.55399 -3.7613263 1.0766202 -4.43672 0.20508695 2.5721908 -0.2171353
enrolments -1.1808101 4.3170457 -0.2536553 5.760049 -2.1027946 1.5286996 -4.934279 -3.6790123 2.9262755 -3.305671 -0.1702982 0.3056267 -6.53564 3.3842342 1.0541781 -1.5217551 3.9070172 -0.9481064 5.1733675 -0.05012323
vitally 1.7854352 0.69114053 0.05885185 0.74309134 -1.3444151 5.047822 1.2078466 0.59613216 1.1928705 1.021166 2.1004746 1.4675972 -2.5238304 0.94918036 -1.9822346 3.7802675 -0.39856166 -1.6720273 3.7930136 0.43359995
agriculturally 2.488543 2.7412994 -0.45463467 1.7104472 -0.19444282 6.5626955 -3.066257 -4.078437 0.4484309 3.13279 5.278119 3.2229488 -4.2100353 -0.13869658 -2.1679242 -0.7111713 -2.628784 -1.8681755 2.5497458 -2.1676357
pastoralism 0.45564258 1.8965156 -1.7551094 1.775048 -0.23843938 6.6388245 -1.1503701 -2.7354639 3.1155407 1.8552336 4.3483114 2.6317093 -3.3722181 -0.043024708 -2.9579623 0.122125246 -4.091572 -2.0817475 3.3448298 -1.2407911
recessions 0.98093814 2.6388485 2.5464876 0.2726637 -2.6066084 0.73608553 -3.0447955 -0.8694139 4.259426 1.9557246 1.316574 -1.039622 -4.6389866 0.112506814 -4.206644 0.23799264 -1.3637973 -2.7699697 5.057063 -2.1591487
backwardness 0.6523176 -0.54069495 1.6363097 2.4292722 0.18665332 6.1813736 -0.5931946 1.0127617 4.0743494 3.438784 1.4897029 0.07051609 -5.230216 0.33092004 -4.0374513 2.1253068 -0.7592629 1.0399292 1.2774854 0.1986714
upswing 1.5857003 1.8133165 1.0105081 0.03008517 -1.7283108 2.237913 -4.9662747 1.2319001 3.0715165 -0.31558034 2.5406852 -1.8437175 -3.4539962 1.0281048 -2.8795552 0.1119325 -1.6322834 -2.2980433 4.058757 -0.6118798
mechanisation -0.9706467 1.2574928 -0.022325497 1.3065494 -1.6265563 3.3973596 -2.2021244 -1.8561288 2.1650548 1.7611305 2.7030122 0.8437777 -0.93004805 4.580434 -1.0579115 1.6836486 -2.9424636 -3.7586393 7.0112767 0.70154727
suburbanization 3.7513826 3.4142985 0.62739974 4.21765 -2.02103 2.465809 -3.5430026 -1.1968471 0.8356392 -0.38616493 2.51301 -1.3049787 -3.8259492 -0.65386236 -3.650401 -0.6900793 -2.8182125 -3.6013076 3.4621065 -1.2647566
demographically 2.9423115 0.38852265 -0.59222215 2.6181397 1.2432544 3.0739455 -2.2136931 -2.9856656 1.9027652 0.22911859 1.0473156 0.5571258 -5.537429 -1.6003501 -1.3335325 -1.4896668 -1.8486727 1.1603733 2.1492832 -2.8804193
listenership 0.4748765 0.5841075 -0.6580724 0.6617285 -1.3855809 -2.1270456 -3.4841611 0.23702423 1.7229648 -2.3534544 -0.85211974 1.78257 -6.5340605 -2.9803288 -3.5050962 -4.484669 0.11799937 -1.3349121 5.1799645 -0.7249812
mercantilism 0.86030143 -0.9901331 1.6407132 1.6947834 -0.41239515 3.7098858 -3.6922092 1.8321154 4.370144 1.6338605 2.7818558 2.9328518 -1.5890887 2.0620325 -2.597699 3.32527 -3.7382946 -0.5964459 1.6293427 0.5125921
impoverishment 0.04582875 1.4993308 2.0560637 0.67410606 -0.43882456 4.5609326 -0.8694072 -1.5091798 2.9373155 2.7592359 1.9167879 -1.4489024 -4.8488913 1.270816 -3.5244293 1.1422197 -1.7199014 0.15943424 1.0518318 -1.2344676
downturns 0.34754702 1.8834262 1.2636671 -0.6907432 -2.4711175 1.568774 -2.746644 -0.544194 1.781125 2.3065946 1.3224001 -0.81870943 -5.101297 0.04700903 -2.7188957 1.5079684 -2.0867083 -3.4229121 3.7513762 -0.57973564
birthrate -1.0351217 1.6862167 1.1635938 1.3376362 0.10665955 1.7090943 -2.6352413 -2.6070848 4.8665533 2.2922373 1.1799866 -0.70446414 -5.28604 0.10612107 -1.8055869 -1.1168125 0.96475136 0.5771294 2.6551418 0.07134786