Centroid_104 3.5920609118214277 -0.23890098465714274 1.9553375021818138 0.9798144817428567 -4.21043451892857 1.825225215164286 0.11907352941428577 -0.7729640037857145 -0.7417733264285709 1.7336050569357147 -3.389316912278574 4.716291625928573 -4.049365123142856 -0.6080496572357144 0.4069777616385714 3.8901033974999994 -1.0760523298142857 -1.2503548434999991 3.99610382542857 4.164567100535715
system 6.0924273 -0.3726258 2.103679 5.416005 -2.401227 -1.9544333 1.3034573 -1.5208869 -3.516869 4.4425898 -1.0610535 7.7404356 -5.027474 1.0871711 -0.029380003 2.4995995 -0.27854842 -2.4164095 7.643928 4.402139
development 5.1151476 1.6580222 -0.23167074 2.5904183 -5.4793973 5.9425464 -3.7475696 0.47548294 -1.588849 2.174064 -1.5937881 3.0359974 -3.7752483 -2.4141269 -0.33971563 3.6319695 -2.9808471 -5.024786 5.844068 4.5483356
project 4.902832 5.2235103 2.1492 0.49419457 -6.894584 0.67298496 0.06867887 5.2874813 -4.004367 -1.2405775 1.8986986 4.2083397 -3.0384228 0.24079482 -1.5096256 0.6063349 -0.22258154 -4.9334817 1.9523258 5.897389
systems 6.1041155 -0.7176638 2.6896002 1.5757804 -5.192599 0.4985499 3.476079 -3.4586334 -3.5354602 3.7893922 -3.3239462 8.795306 -2.8584332 -1.2589386 0.6899686 2.7705472 -4.0339575 -4.99077 9.40555 6.381015
management 0.24819478 1.5112318 -1.4309233 1.0648214 -5.518306 2.4424338 -4.1314163 -1.1359797 -4.5648613 0.356176 -3.171953 4.3223186 -6.0089016 -1.2400374 3.1950645 8.151007 -2.719999 -5.0859437 3.5074534 7.0255504
technology 1.6695703 1.0881574 0.54088813 1.048935 -5.6368036 3.700756 -0.5117301 0.5668222 -3.2027035 0.26272574 -1.586222 11.162181 -1.1758088 -3.6053877 1.4622604 3.8797503 -1.6645533 -4.332326 6.582452 10.837241
global 5.419338 -0.11377152 -2.1097312 -1.4796557 -5.1689563 0.8090254 -4.4047875 2.4792807 1.192229 2.7093248 -2.136464 6.5185184 -6.432399 -7.5832477 -3.4278471 5.432989 -2.0452228 -1.8732111 3.0826764 7.7591906
technical 2.1414907 -1.7128862 -0.036262885 2.7912927 -4.1777644 3.6428285 -1.9872137 1.0744196 0.50649214 -0.63432515 -4.0020776 4.298604 -0.703133 0.57293147 4.4733725 6.08681 1.6863525 -4.2479973 6.9532304 6.143243
purpose 4.1234674 1.2750806 1.3155897 3.3326023 -1.7263614 2.4512227 5.5450354 0.14661446 -1.9864899 0.93188256 0.9536894 5.695432 -5.8981586 4.784997 -0.34451628 5.2162447 -0.20861854 1.688816 2.7579079 3.6991246
existing 8.898069 0.41844833 -0.75392807 2.9402003 -3.7669659 -1.0109702 -0.7023157 -3.6133296 -2.8393452 -0.8602574 -0.9475815 5.036664 -3.677003 5.690226 -1.9168155 4.1847477 -2.2644143 0.52167994 6.2126055 0.7659321
application 3.30341 1.1161555 5.87774 0.8227714 -5.072828 -3.5357456 2.6130745 -0.2594631 -1.7246857 0.96006626 -3.8019352 8.885495 -5.529396 2.8944726 0.98429996 4.9606066 -0.6918823 1.2816081 3.418103 6.6030707
standards 2.5319924 3.2935832 0.57913095 4.4184923 -3.606309 -0.42009264 0.8674803 0.95963454 3.1433816 2.7187278 -2.552061 11.91998 -7.1791673 0.6807947 3.8698983 4.773978 0.874306 2.4275205 7.705621 5.003696
functions 6.630418 -2.2324107 6.237852 5.0838385 -2.2962286 4.2076907 4.622106 -3.3113823 -3.5282795 2.503256 -6.4437833 4.616581 -6.271126 3.170419 5.86927 2.9317017 -0.15823539 1.3837287 3.1921034 1.550729
core 8.945203 -0.16323674 2.5368001 1.77546 -2.1472056 1.5105311 0.41357347 -1.8716408 -3.2145963 -0.4088715 -1.6197289 4.7239037 -0.2107367 -1.1870124 -0.4808951 2.102165 -1.2857846 1.6591191 5.0874805 1.6273347
communication 4.0000353 -4.396031 1.8527683 3.3383424 -2.0114439 4.8133683 4.05501 -0.72858965 -2.1882582 -1.6850028 -4.0505137 5.3471723 -5.232614 -3.5124583 -2.768163 3.4513986 -0.50307703 -1.9396855 6.3654003 8.153915
external 4.2188945 -2.7631154 1.4963288 2.2512932 -3.8095624 1.8592575 2.4592206 -2.0324717 -3.980764 3.3320036 -7.0105004 3.1308935 -0.67778605 0.17701411 -1.973527 2.7056043 -0.5795555 3.0545957 2.0279224 2.900239
purposes 3.7412696 3.1477816 -1.3297426 3.877988 -4.0794854 3.1809416 5.2620287 -3.4609532 1.3611301 2.258081 -1.4874634 6.588204 -6.452989 5.680766 2.1249835 3.497618 -2.7947922 0.2187716 4.27078 1.9417232
strategy 5.9766827 -1.6783414 2.6224968 1.4369185 -1.4992656 -0.51904595 0.9235404 5.7784348 -0.1792559 4.9962497 1.3722303 5.0953355 -7.581581 -1.3023508 -1.2609913 8.738737 -2.6395977 -3.671301 7.69967 3.4627836
integrated 5.786848 -3.7978332 -1.898216 1.2304964 -4.7227454 2.9864008 -2.2985747 -3.314297 -5.219634 0.42177564 -7.1863737 3.7187595 1.3969017 -0.0823837 0.15750912 3.5793836 -3.3835063 1.0730672 5.7678747 5.466567
processing 1.9943874 1.3222322 3.5262678 -2.8700657 -6.409794 2.8771548 2.7779412 -7.691449 -3.672303 0.6796815 -4.71482 7.1460795 -2.0944853 -0.16387846 -1.5931878 0.59728605 -4.359685 -0.8697442 6.99807 6.8536224
technologies 5.110757 2.785174 3.3397622 -2.2452774 -6.8109937 2.1981869 1.5948528 1.2889076 -2.8792403 2.7734554 -0.6637298 10.237839 -2.3128505 -3.2210977 1.4553962 2.154256 -6.227213 -4.5744276 8.067406 9.127179
component 6.1919703 -0.96692127 3.9158182 2.4103212 -2.4865596 1.0962963 1.2288208 -3.458176 -0.8968022 6.3130846 -3.4066722 5.0264664 -0.65500724 -1.8074776 0.5888712 0.6601006 -1.8764999 0.07854433 6.033334 2.6820579
implementation 6.3181467 -1.9469671 4.172033 3.1058156 -6.7014055 -1.1179465 -0.8488872 1.8285716 -1.3277513 3.9309695 -6.6073756 5.5972257 -7.599385 3.379534 -0.87858367 5.1210904 -0.8452701 -0.06058412 4.8019705 6.850605
solutions 3.652845 1.5207042 6.7182994 -1.7608172 -4.8974004 1.8751404 -0.07806269 -1.4370886 -4.052618 2.1737294 -1.9746679 8.349886 -6.3535953 -1.8505218 0.67539114 4.960411 -3.6476793 -2.4204266 5.681114 4.290452
comprehensive 2.9453964 2.7520323 0.8201867 6.1416163 -6.1994495 1.8653255 -1.204122 -1.010051 3.2552261 -2.2186668 -3.8781002 7.829365 -3.5294664 -0.12947077 -0.7400874 3.6132698 1.4358132 -1.7380258 1.1187276 3.8050985
scope 5.2400255 1.0845898 2.2627318 4.6602125 -5.6880126 -0.80626804 -1.4771252 1.6093148 2.506035 2.5885496 -6.438088 6.3924017 -3.2144644 -0.67662406 -1.120761 2.2997205 1.2847302 2.0313199 3.944409 -1.6613162
framework 8.482591 0.043267373 5.4005213 4.744164 -5.5506034 3.6169436 0.5152746 2.8925323 -0.42406592 6.131781 -3.53183 9.400566 -4.9270835 1.658409 0.9751039 3.6228924 -1.6256279 1.4312077 2.960897 5.1127024
assessment -0.40612945 2.4859939 2.6602411 4.6412044 -6.4424605 -0.62484616 1.7566626 -1.3688883 4.887817 3.0900836 -5.2272997 4.6361685 -5.494204 -0.11339581 0.62741464 6.7436953 3.3453302 -4.586678 2.6354744 3.9192276
resource 3.4718556 3.6515894 -0.67456377 1.2776572 -6.0229945 5.536098 1.8350736 -4.0655036 -2.8309414 3.177505 -2.58013 8.098204 -6.997979 -2.9736342 -0.2592537 6.468082 -1.8837013 -1.5232786 1.3149714 4.8094463
aims 4.934506 -0.1807504 -0.16059555 0.43905824 -2.532264 6.242918 -0.30813852 2.6454937 -1.7833817 -0.13168414 -1.1896768 3.8285713 -6.653193 -1.7014971 -1.927855 7.138322 0.14935711 3.0515645 4.3863864 6.708574
innovation 2.2728522 1.4795306 0.7695314 0.76200664 -5.678412 5.600815 -4.1126556 4.3059154 -0.72074586 0.91083026 -2.229373 8.613644 -1.7580559 -3.2632859 1.1856468 6.3702784 -1.3003479 -1.677321 4.7583976 5.3031077
integration 7.074335 -2.1838675 2.5601058 3.7428706 -2.8226812 3.3880181 -2.1084867 1.6728916 -0.60948026 2.9818647 -3.4857886 4.4985332 -4.9673676 -1.6280156 -0.81152046 4.178793 -2.1985512 0.8348064 5.7766237 5.7367516
evaluation 2.1116674 -0.7250452 5.009643 2.5393941 -5.665448 -0.6634801 3.0659552 -1.295634 3.7072246 1.1560316 -6.5287066 2.7916868 -4.562123 0.21969298 3.4846013 6.5625725 3.7169437 -4.6890683 3.6489804 7.298443
capabilities 5.4520006 -1.8844265 2.2401671 -1.228241 -3.4172711 0.59767157 6.0354624 0.7602823 -0.79434824 4.673843 -1.3462703 5.8531733 -3.9217024 -0.49993217 0.37517726 4.896142 -0.043295152 -4.2991257 11.484569 5.4664145
strategies 6.002083 0.46334356 4.6234155 0.6827724 -1.9813529 3.872912 3.5434473 0.78809965 1.0119444 2.3681643 -0.630526 4.6659336 -9.258015 -3.6188512 1.9744359 8.596883 -3.0498424 -3.3515093 7.976509 2.461211
computing 5.1346416 -2.0250921 3.5575478 0.42834625 -5.683079 2.4671502 -0.009027701 -1.0995743 -3.8572893 -0.8711726 -4.7449827 11.97822 -0.1750724 -4.464224 2.318256 5.638828 -0.708474 -4.1935673 4.997107 5.148231
accounting -1.1327198 0.90917844 0.98163676 1.0226828 -5.017827 0.012819037 -4.981347 -4.8789134 3.9822414 0.16622259 -4.327704 5.986025 -6.8665066 0.6538602 2.9061224 4.390835 -1.7055956 -3.78885 2.2514577 3.078342
utility 1.8120344 -0.25181854 0.5571352 -0.37900203 -3.1011703 -1.4835244 -0.5504042 -3.7517061 -5.0042567 2.495753 -2.3449748 5.5662208 -4.152534 1.4116588 1.5015001 6.0984035 -3.3094342 -2.6581585 6.311129 0.44521078
objectives 8.9275465 -1.9133548 0.9622869 4.305142 -2.95116 3.383494 2.621317 3.4593616 1.2313454 5.918889 -1.1010113 2.5178895 -8.08773 2.3278925 1.4639937 5.421847 3.5802667 -2.4755201 5.8256865 4.7893558
regulatory 3.550494 -0.70545465 2.4715543 2.6292994 -5.4603477 -1.6110566 -1.8207123 -3.9849458 -0.81451136 7.190113 -7.6322885 3.1593192 -9.69798 0.045140225 0.50812274 7.0005803 -6.6510563 0.5167346 2.0649095 8.377488
technological 5.316867 0.024820069 1.4501901 1.2381871 -4.981969 8.137235 -2.3085518 0.82124645 1.7368382 2.6438406 0.38833478 5.0531216 -1.4876202 -1.3447931 -2.664962 6.57407 0.30783758 -4.295981 6.7144804 6.071026
expertise 1.1430565 1.4261312 0.4663087 1.5378195 -2.4292884 7.3426747 2.4136498 -0.476175 1.7648327 -0.31298155 -0.047791805 5.5172205 -4.5033116 -1.1444507 3.5527716 7.7100196 -2.0853302 -3.6704328 6.1956415 4.584967
institutional 5.4723988 -0.08838702 0.9670166 4.04555 -4.422903 5.8764834 -2.8068273 0.6840346 1.4845967 0.84286404 -4.5814295 3.3848443 -7.4669423 0.37020287 1.9581211 7.1299944 -4.8031535 0.22006968 0.9417407 2.2674747
coordination 5.151163 -2.1560817 1.6792262 3.8283596 -2.7162352 3.5449624 0.55315524 -0.92857134 -1.936983 6.3187613 -5.478091 -1.9402028 -4.4645386 -0.7011041 2.412899 4.5613174 -2.0935717 -0.4813992 5.6204357 7.8648634
organizational 7.4876337 -2.7619905 3.3987248 6.477347 -2.5025558 5.3574176 -1.4522362 1.1921251 0.93709105 0.53724784 -5.0182905 1.4700725 -4.142615 -1.296854 3.0281355 8.431455 -3.305318 -1.4148204 4.6130557 3.864622
mapping 6.2392216 -2.4101958 2.471335 2.4555883 -5.4497538 2.0691288 3.8516023 -3.9785779 -1.2929919 4.1809616 -3.6230013 7.673068 2.0543041 -2.7820594 -4.004367 3.0940597 0.45385954 -4.9547024 2.1230497 2.6121423
mobility 2.9987195 -1.2287675 0.4924583 2.5058136 -0.41499045 2.4393125 -0.26592934 -3.4874694 -1.5997605 5.7132783 -1.3875359 2.2308192 -5.102624 -2.0253313 0.649984 5.399848 0.6860523 -2.068252 10.128704 4.019836
coordinate 8.37947 -5.489645 1.7954392 4.446852 -0.6897591 1.4941105 0.720015 -2.2109585 -3.640379 2.8658895 -3.8685706 1.8266238 -2.7661438 0.7648078 -0.503414 6.9084005 1.3195721 1.0079182 3.7538943 5.2573
implementing 4.3735104 -1.8477343 1.6295391 2.2562895 -5.0201116 1.2507476 -2.1108248 0.2553437 -1.5652063 1.2403991 -5.9057302 1.5347236 -6.2234015 1.698313 -1.0515735 7.892206 -2.615803 -0.12904622 5.1951046 6.353675
sustainability 2.0138342 4.044291 -0.20994602 1.8128954 -6.751137 5.7786813 -4.714029 1.2389115 -1.8922805 3.0278933 -2.9469914 7.4561353 -5.479762 -5.1486397 -0.04505656 8.042245 -0.96491075 -1.4376826 2.3563719 3.9233456
exchanges 4.1303606 0.8064895 -1.9151281 -1.1588677 -3.4407148 0.35564902 0.010696582 0.90616864 1.0880233 -0.021615783 -1.4621577 3.38402 -6.5235324 1.9258744 0.46494123 0.9194935 -2.7682602 0.88662803 3.9470177 2.619079
connectivity 4.620266 -2.982752 0.10118267 -0.119449206 -4.4401436 2.835128 1.0210086 -2.6763988 -7.6189404 3.6162193 -5.7160206 6.928685 -8.295138 -3.8469908 -2.6815772 -1.6559598 2.5386603 -1.3107401 8.230844 2.9729447
automation 3.235584 -0.5814444 2.5936816 -1.559872 -5.6923985 0.97406816 0.059744354 -0.2972242 -5.2134256 -0.79974717 -3.405418 6.5601916 -1.9380144 -0.46078953 1.865533 3.1966324 -2.7014856 -4.0039363 7.8985047 6.8569407
indicators 3.063122 1.3654839 2.4446933 1.067686 -4.909905 1.6078777 1.1211656 -3.4422987 2.9776096 5.412707 -5.171982 5.6656504 -5.73727 -2.7764251 -0.50213045 1.6127357 1.9604822 -0.6950378 6.792964 -0.070577405
assessments 0.47092506 1.9175527 2.9720929 4.781805 -4.8490415 0.14956072 2.6795576 -2.2112064 5.269085 1.9010973 -5.1077347 4.395269 -6.912543 -0.5319318 1.5412241 5.050435 1.9641535 -3.3492386 3.5447536 2.7343
capacities 1.6188812 1.1204224 0.19133632 1.3985001 -2.2317662 3.6085286 2.4386322 -1.1078448 2.3416042 2.379493 -2.4024606 2.2922895 -5.547629 0.97201526 6.7059417 -0.5576419 -2.2045274 -2.7598312 6.723918 1.8774023
decisionmaking 3.8264167 -2.2767706 4.0556726 4.357818 -1.442196 4.7553034 0.07580246 1.1287817 0.34180683 3.7019374 -5.3031635 1.0724685 -8.173431 -0.36598933 1.7498693 9.45444 -0.87430036 2.8086133 4.4444804 3.7132652
accessibility 3.1627827 2.5234025 -5.1543546e-05 1.1547884 -5.270111 3.9190824 0.16690388 -1.623399 -3.7392538 -0.41694698 -4.22173 5.0069656 -6.766885 -1.3961824 -1.95665 3.6006675 1.8969148 0.87481403 5.949978 0.78119487
integrating 5.440334 -2.691116 1.498438 0.67068243 -2.7414987 5.273412 -1.2787119 -1.6311553 -1.4280257 -1.0802329 -3.6748362 2.2763927 -0.58249253 -1.5704089 -1.9267166 5.089252 -1.6650914 0.6391485 4.9561667 3.266339
regulator -1.7761717 -0.09551022 3.5649564 0.6010846 -2.5795116 -3.3528564 -0.90907407 -0.9390687 -4.00027 6.534282 -4.6083407 2.5936773 -6.027726 -0.41628674 1.9453119 0.66916007 -4.312724 -0.55889326 4.8446307 5.335025
feasibility 3.4667184 2.2016177 3.6324935 4.5528135 -7.893317 1.1622775 -0.8380583 -2.206009 0.3052407 -0.17034268 -0.26488137 3.9326105 -3.674134 3.3879042 -4.0493555 4.3465867 2.8597817 -9.36778 2.3674672 9.699836
enhancement 2.3928194 1.7544606 2.9569306 -0.15360013 -4.5604973 1.8706964 0.31543013 -1.1971407 -1.9658086 2.5595472 -4.2885528 2.3161702 -1.8416733 -3.8746397 -0.43483528 5.514565 -0.09442874 -0.25320205 4.7611866 4.385876
enhancing 2.1231623 0.47359535 0.6926968 -1.7178998 -3.4681537 6.649036 -1.718129 -2.2627943 -0.9654456 1.7491598 -4.363653 -0.47924787 -2.4802916 -3.5326724 -1.6452931 7.180873 -0.51654935 2.3768184 6.354444 4.361241
verification 2.9044516 -2.2961302 4.807615 -0.3309864 -5.0464797 -2.3860497 3.5423872 -1.3719075 1.6861849 1.2405931 -5.975502 5.050427 -5.236998 3.0113142 0.57091343 5.0782924 1.5437081 0.17368236 1.4766659 6.8675394
reuse 4.7346287 4.1924105 2.5610383 -1.7383859 -6.7759585 1.4923434 2.410147 -3.2719262 -3.689933 -0.8613131 -1.5859392 3.1729171 -1.7328037 4.4342484 -2.0271976 4.4232163 -1.9446057 -0.27281797 3.7492533 1.5579933
analytics 2.7472339 -1.4963168 2.640869 -1.9077401 -6.065557 -0.52910805 -0.056874417 -0.7363286 -4.0160875 -1.6120423 -5.392245 9.871907 -5.3421226 -7.151236 0.73011 5.3984966 -1.2152077 -5.364651 1.894574 4.725115
facilitates 4.1809473 -1.4848007 1.6504658 -1.4598546 -3.5528922 4.228643 -0.6500068 -4.563543 -4.2333407 -0.10885448 -6.6805105 0.8540208 -2.2809584 -3.5013623 -0.95112383 4.450056 -1.7236358 3.3168042 3.7809768 5.632951
enrichment 2.3278127 3.5563195 3.280349 -0.3674048 -3.8567529 5.1357636 -1.7380922 -3.8341792 1.270114 0.865852 -0.86003846 1.6147661 -3.0766704 -1.5374072 -0.19255815 3.2433603 0.45358536 0.07244298 2.4788258 7.3956285
supplemental 2.8903215 3.1225977 0.7030285 1.1064676 -3.8314428 -5.4597344 -0.1816853 -4.2285533 0.49950874 -0.6912051 -2.9796665 3.9984 -2.3149827 -0.65222347 2.0828316 4.447213 1.709489 0.35346946 1.4163275 3.9656186
aggregation 4.1071973 1.361526 5.2481785 -1.289395 -4.793981 -1.2508104 -0.04106049 -3.9417708 -2.1507235 4.0782266 -5.501794 4.092595 -4.825721 -5.752186 -2.7999384 -0.3488633 -1.5121353 1.8798603 1.1830331 1.3901699
dissemination 4.091792 -0.011000478 1.8404757 0.86392367 -6.0665655 5.4155936 2.544407 -0.25049284 3.9587753 -0.3435987 -4.7458663 3.9213183 -3.5140858 -0.5722378 -3.4322314 2.6071548 -3.353892 1.0309343 1.5273926 6.981573
stabilization 3.6989667 1.8975807 4.1656 1.7614954 -4.2073617 0.19019917 -1.5359703 -1.8735452 -2.6896844 7.3926597 -2.2746487 -0.5037808 -2.4812052 0.118322834 -1.3933794 4.0831656 -1.7405956 -1.1258761 5.4562488 5.8294363
utilization 1.5970659 1.5107702 2.6682322 -1.1565977 -4.6448994 2.7831213 -0.9968012 -5.5913024 -1.3019959 3.7889764 -3.0300043 3.6918728 -3.8493752 -0.5754679 -1.3832958 3.6741781 -0.786484 -1.0301753 5.674031 4.281935
standardization 5.2804785 -3.5021951 2.4011502 1.598267 -4.298911 1.1459963 -0.8150994 0.33208436 3.4997637 3.5424366 -5.0090704 6.928192 -1.9815232 2.784398 2.0161405 2.6824894 -3.131162 0.40013975 5.3613944 6.924466
validation 3.6259348 -1.2732661 6.360909 -0.50920326 -5.5807734 -0.5323897 2.8832045 -1.0976416 1.0280077 0.7126348 -5.602346 4.8344526 -4.0428452 2.2869594 1.2129552 4.8129997 2.9631588 -0.5851304 1.4170598 6.030609
benchmark 2.464601 -0.013253003 1.2866778 -2.0002794 -4.6117263 -1.9103359 -3.4512622 -1.2442266 2.1447995 2.0253313 -1.8659753 9.457699 -4.2563004 -1.0806323 0.8374933 3.5221317 1.3259376 -3.3198385 3.419757 0.6917983
competitiveness 2.0693026 1.1625643 -0.7295993 0.28267452 -3.051127 2.6659431 -6.7948604 2.55217 2.1160672 5.8966675 0.049225986 4.062892 -7.4788165 -2.3685548 0.21810472 5.720446 -0.0344998 -1.7178614 6.5592756 2.6582541
frameworks 7.6890206 -1.1450245 5.2030315 1.1604265 -4.477946 4.5005255 1.9718531 1.5042369 -0.1525713 2.537174 -3.6263297 8.160032 -3.9567254 0.15568835 1.7952586 3.6369753 -3.5830164 0.5535185 3.5329545 1.7572451
transnational 5.89982 -2.432395 -1.3663018 0.5643617 -2.2128623 4.5860896 -1.2920536 1.5865831 2.361467 3.1005464 -2.2390661 2.8107362 -5.2531247 -5.1342626 -1.9494152 4.6607795 -4.7902083 0.425129 -0.2550924 4.1284113
responsive 1.0279201 -1.5259506 3.0756297 0.77508855 -0.88198394 2.9938376 1.1615165 -1.7627251 -1.486729 -1.3069189 -4.2578716 1.9925838 -4.1653585 -3.085937 -1.4843886 5.8023057 -1.9777579 2.0175467 7.00721 2.085437
forecasting 1.2667532 -0.48197052 0.8833242 1.00672 -6.5071125 0.79389524 -1.0465726 -2.3179536 2.622298 1.2898349 -3.33754 4.8777733 -2.965917 -4.7231092 -5.698947 4.4275317 1.3355571 -8.084075 5.9803376 3.8686678
participatory 6.331792 -1.102973 2.9877002 1.7731744 -3.8537445 8.196629 -1.1761035 3.822471 -1.2100732 -1.4411136 -3.566573 4.406615 -5.2513547 -4.6072354 -2.1853685 5.979461 -2.1200998 1.7260294 2.4542532 3.0090818
interoperability 7.441829 -4.365111 1.541373 -0.70033085 -5.1544566 0.90379703 1.3882521 1.6706833 -2.2183414 3.876046 -5.157993 7.765647 -6.281824 0.5271813 1.1295516 4.9658017 -0.7570511 -0.40491283 6.522254 7.636723
decentralized 6.861596 -3.427411 1.0028576 2.7182217 -1.7659754 4.0348816 -1.4293511 -1.5118487 -1.9979054 2.6772487 -2.7223985 3.0432498 -5.5977073 1.0962645 -1.4345423 3.8541107 -6.4565 1.1909081 3.2799864 3.2425132
remediation 1.041119 7.193174 3.3489819 5.585026 -6.349292 1.7708132 -0.11262468 -7.605412 -1.3336061 0.41612288 -0.3823772 3.508244 -4.519418 1.722326 -0.7114461 5.202839 3.1303535 -4.5596886 1.8014584 7.5785866
auditing -0.7589257 0.036475573 2.6278312 2.0549533 -4.9774103 -0.21985912 0.34822378 -0.808339 1.6558627 -0.019079013 -5.9113755 3.8699362 -6.1987615 2.80206 4.3710055 4.8739624 -2.741381 -1.6486119 0.9247465 5.81369
informational 4.463885 -0.46939018 0.12943038 1.0670706 -5.336498 1.4180963 4.3897476 0.12339352 -0.13514236 -2.6676588 -6.3369923 4.906811 -4.0115867 -2.5103655 -0.75349677 2.7749937 -1.0246826 0.35572502 1.1686007 2.4115217
competency 0.042110913 -0.3909792 2.4039917 2.6346474 -1.8853624 2.0135834 2.4647772 -0.635063 3.2482924 1.5587546 -3.4006736 4.11981 -5.521198 0.99789846 4.1791573 7.4580727 3.7110448 0.12355635 3.111381 4.0428505
audits 0.8556136 1.721719 1.0861977 0.85188097 -7.191151 -3.7997265 1.4515607 -1.3079182 3.695384 -0.19837557 -8.013191 4.2681665 -8.247895 1.847915 4.2369456 3.951645 -1.6558511 -1.2445753 1.121381 4.5684667
guideline 0.53300256 0.24801068 2.7076597 2.048712 -2.966901 -1.8037964 2.7432687 -1.0904557 3.4077227 2.393322 -4.1266522 6.1497936 -4.767982 1.0796654 1.3612028 2.514465 1.0530396 1.767598 2.0557194 4.6899343
infrastructures 5.705756 0.9988169 -1.308259 1.0875865 -5.8280454 5.9817643 0.7006113 -0.87599957 -3.4893508 3.5215418 -1.4347146 2.116492 -6.515707 2.4847338 -1.0275862 -0.01696548 -2.2634184 -3.710336 4.2779284 3.3387058
multilevel 5.004436 1.2605338 1.4715289 -0.06403134 -4.588732 1.9075897 0.59172803 -0.35060045 -4.890133 -0.23078999 -3.3059235 4.330482 -1.5254384 -1.1546601 1.6831183 3.0709114 -1.227087 -0.5888469 3.2887719 -0.10637896
linkages 5.1705174 -0.25195727 4.168703 1.8114413 -0.85702866 4.1947956 -0.86515677 -2.0789084 -2.0117736 3.071486 -1.0320963 3.0974438 -3.493573 -0.8435933 1.4412707 1.2768191 -3.6615317 0.5345357 5.3648148 1.0221777
macroeconomic 0.85883075 -1.9140176 5.6268444 0.4270019 -4.511516 3.9074407 -7.287706 0.5800049 3.876107 4.3226204 -3.2825642 4.215469 -6.694508 -2.0793726 -2.6529295 4.690057 -2.8387563 -4.026126 4.331924 0.94090134
repositories 7.221273 2.007171 0.0379676 -0.9062783 -6.6641474 1.2613614 3.3634887 -2.3747299 -0.19311531 0.7771097 -3.7340517 7.615684 -3.7362363 1.7811335 1.6755909 -0.2451347 -3.6793709 1.7324324 -2.0205972 3.394449
usability 3.0501857 -0.046925314 4.593176 -2.4628527 -6.4209037 1.7228492 2.2216952 0.6749269 -0.57390344 -0.2969587 -5.282371 6.358901 -3.9537532 -1.0497493 -0.04106356 5.99505 0.7710149 -2.163371 6.5316334 1.2364384
cybersecurity 1.5649734 -1.0272644 -0.14507411 1.1173284 -3.8985045 -1.1699941 1.4096136 1.8662195 -1.1614654 2.4814034 -4.252142 3.6141455 -4.774537 -5.214595 1.029146 6.5990944 -3.905556 -3.3713236 1.1999779 7.0881824
competencies 5.6981883 -1.3874524 3.135331 3.1291523 -1.9082226 4.6650066 1.1301904 -0.37517864 2.587216 0.98107386 -2.8363628 5.6230288 -7.36739 0.62294436 6.391742 5.636233 1.3183857 -0.99288243 5.2712703 3.8839805
facilitation 2.6894553 -0.5018076 1.6249733 0.15028335 -2.8256192 3.616547 0.4217626 -0.8612284 -0.32328913 1.9661322 -3.6289616 0.76337767 -6.668974 -2.2122462 0.09614951 4.097628 -2.5553708 0.20008445 3.2987142 5.548256
stakeholder 3.8481896 -1.4855176 0.03185086 0.41226727 -3.8499837 1.8208599 -2.3431778 1.9501065 -0.8673918 1.6644865 -4.5794106 2.5996437 -7.1988873 -1.3683782 1.8040329 4.4670973 -4.4974437 -0.98740023 1.9285488 1.8374645
interconnection 6.3334413 -1.5882549 0.73958695 2.3603714 -3.3739293 -0.2495989 -2.8400881 -1.4328665 -4.598575 3.289119 -2.5774195 5.706364 -3.2410038 -0.5620033 -1.9683245 -0.13015981 -1.2341738 -0.12333067 4.8874774 3.4536424
budgeting 2.0835943 0.5394672 3.5311751 0.9908871 -6.118013 2.2266583 -3.3354628 0.9581648 -0.7614532 0.025902277 -4.9921846 2.5228229 -8.321762 0.7329327 0.9888234 5.2868156 -0.9697597 -3.146543 2.6936052 2.5618277
benchmarks 3.6787841 -0.24579151 2.362994 -1.3544438 -4.868505 -1.1585722 -0.9897836 0.5593316 2.0077896 1.5120658 -3.6931741 7.6827407 -5.547685 -1.1294717 1.72235 2.853258 2.7712486 -1.9131216 4.4978824 1.0184923
roadmap 5.7496915 -0.30930212 4.024777 1.6532583 -5.267026 -1.4287239 -1.4384363 4.8358097 -0.06856202 2.5367968 -1.9944011 4.6183705 -4.230538 -0.3778974 -2.1674256 2.2294323 0.33948225 -1.8389971 1.5728502 7.0314107
archiving 4.3949747 1.266696 2.0506203 -1.2679708 -7.100813 1.2640967 2.8931203 0.23692246 0.13689657 -2.9397697 -4.8095512 4.4791026 -2.0240817 -0.15057921 -0.22906396 1.1468085 -2.8827436 -0.7499249 -0.37687638 5.3683147
elearning 3.7201638 -2.028729 -0.091031596 -0.9587515 -5.3526616 4.212569 -0.5400633 -0.06978051 -1.1451255 -3.0277307 -5.439118 6.5409822 -2.449506 -2.6455998 3.0859675 0.7110654 0.97794634 -1.6187972 3.5041723 6.6789927
optimizing 3.0176704 -1.8353693 5.5149856 -2.803722 -4.708636 2.7211003 -0.15452962 -2.7404013 -3.053401 0.23594859 -4.142456 4.2427945 -3.3406968 -0.36404642 -0.06623926 4.6944685 0.29132053 -2.653908 5.3023715 2.490604
multimodal 3.4038148 -2.304624 2.449651 1.9262177 -3.920524 3.9242625 0.3614168 -1.0000134 -5.059024 -0.3279958 -3.4130342 4.8320384 -3.0109506 -2.1476607 -1.7686926 0.18665561 -0.22105998 -3.3389475 3.4316914 3.9710784
leveraging 3.09947 -1.4865161 0.50761306 -3.1947746 -3.1138484 2.6789167 -1.6685305 -0.61566484 -3.244306 -0.14286423 -2.608897 3.0910954 -3.4111257 -2.4468687 -0.9916466 5.732323 -2.710503 -0.3959341 3.474707 3.1337588
prototyping 4.4843545 0.07236444 5.4677215 -3.036788 -6.2221313 2.8715687 -0.47471556 0.40475637 -2.3655412 -1.2605833 -2.3030162 3.657426 0.7569653 0.3488454 0.48106906 2.6495385 -1.4980965 -4.3371153 8.578975 4.118507
geospatial 4.840334 -2.3464184 -1.137366 1.4661365 -5.9353848 1.654275 2.8770046 -0.7233361 -2.7017415 3.6961422 -5.0695596 7.8005 -0.17551455 -3.0901625 0.2307659 2.7562773 -2.210703 -2.4640453 0.07394837 5.844319
pooling 2.756582 0.88640136 1.8699794 -1.7939119 -2.7867315 1.1048546 -1.3256098 -3.936161 -2.842712 0.93443555 -1.9321929 2.0445256 -5.0149307 0.6901926 0.033587523 3.5192673 -2.397115 0.44616374 3.5304554 1.5880438
utilisation 0.700284 -0.61487293 -0.47850776 0.43523106 -4.160306 1.8506553 -3.2191994 -3.0659983 -0.98736066 2.8059986 -1.7938807 4.1935306 -2.4525385 1.5210992 -3.6806653 2.9973798 -1.140283 -2.6336777 5.768351 2.6806128
digitization 3.9273665 1.7834839 2.5423012 -0.15717162 -7.4817624 2.0376782 0.10624597 0.05072705 0.71670115 -1.5837015 -4.2176867 4.7552943 -1.3797562 0.9016178 -0.9629749 1.3908323 -2.8617535 -0.98721087 0.30017468 5.031537
ergonomics -0.1277367 0.15410493 3.0153608 0.13958792 -3.2097437 2.437358 2.207912 0.18097529 0.6622982 1.9235533 -3.3547616 4.4426503 -0.3629125 -1.4529347 3.695756 6.4931993 -0.11749992 -2.3730586 6.3011227 2.3759367
adequacy -1.3289944 0.013333647 3.5682135 0.9448037 -3.985346 1.8111647 -1.1345457 -2.1621354 0.62960595 2.639038 -4.2615786 3.5549283 -5.469343 1.3054682 -1.8888273 4.764384 1.3528628 0.51863915 0.81424534 2.5311425
benchmarking 1.9511783 -0.8070778 1.7372336 -1.861969 -5.679381 0.61889696 -0.9856857 -0.82138586 1.2967063 1.3719578 -5.1448846 6.5788383 -3.7498965 -1.1951971 2.5680919 3.8111765 0.14663778 -2.5537305 3.7483025 3.3084903
metrology 1.7745715 -0.891771 1.4742072 2.0660248 -4.6666107 2.2233996 -0.3955778 -1.6490015 1.8593111 3.5841231 -3.5553668 7.4225082 2.1462817 0.39299235 1.9478384 1.2431045 -0.91596913 -1.7451478 3.5050104 6.8167195
iot 4.445149 -2.218684 1.1450206 -2.6976907 -3.51266 0.26502582 0.6883219 0.83200943 -4.5571327 0.74968374 -2.1780264 5.801677 -2.674983 -2.1475947 0.022276962 2.3400145 -2.1068733 -1.6707928 2.8080573 4.240188
sectoral 4.534534 -2.1947894 0.6932796 2.3768954 -2.168998 1.7641844 -2.1907058 -0.71343243 -0.24242695 3.500195 -4.515033 2.4252985 -6.458644 -0.12456756 2.3354356 2.8468626 -2.4851854 0.91787636 2.1660178 1.2084591
conformance 1.4639772 -2.4674919 2.559805 0.6528603 -3.3453631 -1.2259889 0.75580704 -1.0103967 -0.07688876 2.2171993 -4.814386 6.3857374 -1.8853496 2.7769237 1.8633664 3.5332623 0.8928911 1.6731725 1.4515713 4.1049504
supercomputing 5.655313 0.089737006 0.6303435 1.2722539 -4.987324 0.45651168 -2.2249231 0.41289645 -3.4774444 2.619592 -3.0282724 5.032177 1.5251771 -3.9842887 3.6508162 1.1306422 0.18726465 -3.4608474 1.2288456 6.5544066
standardizing 2.4203575 -3.0070958 1.1816236 0.6670314 -2.2500288 1.3152541 -0.64989483 -0.8816731 1.2835357 0.59237164 -3.5371294 3.7308083 -0.98134637 1.4715816 -0.12796986 3.256916 -2.2071908 0.17648257 4.124074 2.6123822
telemedicine 0.5288243 0.6986778 -0.3470386 1.196019 -4.0075593 2.2733126 2.3662095 -1.5668205 -1.984007 -0.31280223 -4.3507075 3.2449207 -4.0520506 -3.6342738 2.6034725 0.81976223 -0.054971162 -2.4670966 2.785234 7.5895424
biometrics 1.1486315 -1.1983368 2.1690946 -0.39703232 -2.701716 -0.23095003 4.06707 -1.142152 -0.13463657 0.9116974 -3.333001 5.6610765 -2.5643656 -1.1288023 1.8734357 3.033797 -0.97736555 -0.78536135 1.2209718 3.9214466
optimisation 0.8573864 -1.6315728 4.4713264 -1.4382313 -4.0950055 1.8857343 -0.67664176 -1.6273038 -1.7961701 1.4304687 -3.0743172 4.175035 -2.032356 0.17069237 0.21560225 2.983912 0.08392046 -3.7671 4.6605906 2.5188925
subregional 4.980667 -1.8025684 -3.9485989 3.1664114 -2.7538102 0.4363295 -2.2126567 -0.58635885 0.14141642 3.7248476 -4.007264 0.97534853 -3.5106323 -3.1501176 1.1554612 -1.1705335 -1.1319166 -1.9319009 1.8077326 2.0110064
synergies 4.106875 0.43164283 2.7582018 -1.7043515 -2.778747 2.2024338 -1.0709516 0.9170661 -0.9448869 0.92396516 -0.34410015 2.9219165 -5.1027346 -1.0781633 0.9081384 3.3550737 -2.2178347 -1.589755 3.8488586 2.6338024
workloads 2.5810518 -0.1509222 2.8120139 -1.2711523 -2.8046587 -0.26241258 1.9613328 -1.4905872 -1.736919 0.16758737 -2.059793 4.526123 -5.4222827 0.042452738 0.6037174 1.0465287 0.42500883 -1.567783 5.7640886 0.65163845
electrotechnical 1.2029089 -2.0598943 -0.24390957 1.2657375 -4.3262568 0.36475757 -1.8615917 0.74014324 0.4991129 3.8395016 -3.6272414 4.572301 1.8907056 1.9874746 4.508121 0.20345098 -2.0667179 -1.4911426 1.6312425 7.9862175
traceability 1.6354109 -0.25395852 1.7474959 -1.5857302 -3.5585785 0.61666435 1.3919777 -2.016627 -0.5967344 3.4015615 -1.934476 6.743607 -3.8282828 1.00941 0.03287915 3.454553 -0.913949 0.616243 2.9963133 3.9717321
monetization 2.785165 0.06307157 2.2534323 -3.9940388 -4.5413346 -0.9844271 -0.91289836 1.0420288 -1.1075611 0.35472348 -2.012802 3.7680333 -5.0167394 -0.4807875 -1.8951464 3.3704386 -2.9993186 -0.56784505 2.432705 1.6283839
harmonisation 2.6618693 -1.3931668 2.3434675 1.7528815 -2.2700655 0.117034666 -1.8009981 0.5498087 2.1613166 2.4445846 -3.1398065 4.0112777 -2.5611176 1.9113648 0.0021600774 1.733644 -0.958848 2.8582249 3.5336237 3.88255
reengineering 2.2202349 -0.118562125 3.0006647 -1.1047262 -3.6763399 0.7712255 -1.0305234 0.458098 -1.1808782 -0.1312797 -1.3859222 1.8094474 -1.4840468 0.75294936 0.06620037 3.188337 -2.4102445 -3.041822 3.6625366 2.177039
automating 1.871179 -1.99137 3.306458 -1.3691533 -3.7229164 1.3475369 0.9984844 -1.3342695 -2.5967803 -1.0170364 -3.9527998 2.4935231 -1.9266135 1.2689819 0.45995182 3.1979873 -1.6399171 -2.024331 4.7645187 2.3399396
prioritization 1.5348821 -0.9448317 2.9013667 0.7102481 -2.7158134 1.2309791 1.1187614 -0.5546138 -0.56917053 1.7831386 -2.7372942 2.0009816 -4.515612 -0.16929506 -1.1386539 3.769795 -0.18470629 -0.9984797 2.3763933 2.0298955
disseminates 1.9304781 -0.5798899 0.33171088 0.26323026 -4.014514 2.4599621 2.4007123 -1.1904519 0.14199892 0.41980806 -4.8721256 4.4210005 -2.8701391 -3.4728475 0.23797838 0.9950843 -2.0602598 0.06239041 -1.464787 4.350644
biosafety 2.1564157 0.8785399 0.29802176 0.862828 -3.0919425 1.3131849 0.812416 -3.4563186 -0.2802611 5.298698 -2.5561178 2.0070164 -2.0605342 -1.7172912 2.7143528 2.9619327 -0.6563216 -1.5249544 0.87980705 6.0063486
deliverables 4.135445 -0.44564578 3.070861 -0.6513701 -4.200088 0.57745504 0.6958017 0.3194414 0.32166085 0.7364375 -2.8157616 3.4838 -3.2241986 1.0184001 1.1581599 2.161814 0.2891275 -0.88655645 2.0256295 1.8223653
maintainability 0.002383442 -1.188576 2.854744 -0.9862863 -3.0612473 1.0504119 0.45122942 -0.4467952 -0.35880035 2.4269364 -2.2279427 3.4963555 -2.098019 0.36038482 0.06019301 2.6969683 0.5207572 -2.2194304 4.5949354 0.720199