Centroid_4 2.9139144338563225 -1.239776507168621 1.2676260264712642 -3.480664833329309 -0.7576649716609196 1.8469576784482764 -1.1057992737128166 2.301035477192529 -1.730932525408046 -0.22952456278735625 1.938532355850575 -0.03164167351149421 0.9785874265862068 -0.541015754821839 1.2384794572097697 -2.452967751632184 0.498458727954023 -0.5835867995574714 -3.2947874794827583 -1.1846299485574707
les 5.389865 -8.040456 -0.045028813 -5.596869 -2.449518 3.517346 -1.9661276 5.2392845 -4.381094 -8.37621 1.2915332 4.203214 7.4067154 1.783047 0.50587094 -0.99271196 2.757982 -5.2392726 -4.909835 -5.508338
andr 3.1136599 -6.9654813 5.0954723 -4.3688664 1.14409 4.234758 -2.2811239 4.377494 -0.5898484 -2.3949485 3.4247622 -3.185811 3.8535457 0.67832154 3.9499173 2.127566 -1.0184895 -5.918031 -6.6501327 -0.53800327
monte 6.3778067 2.3498087 2.777304 -5.357942 -4.672807 5.888793 -2.1319852 0.049764648 -6.8354297 4.136144 2.7725146 -4.6372437 3.6084406 -0.55100554 1.4755198 -0.8734729 3.0554075 -5.032562 -5.289504 -4.2221155
sebastian 0.31464273 0.10495273 4.9150157 -3.1702852 1.3207691 -0.058811188 0.24945748 3.9553154 -1.4436077 -3.1339247 3.350176 -4.2040906 5.6105924 -0.4569474 3.888827 0.1103376 1.762926 -0.20789522 -5.3993335 -2.041905
titular 3.6412168 -4.181821 1.358109 2.3417912 1.4947708 2.2236707 2.6405907 4.8689604 -0.23940134 0.13225132 1.0373658 -1.3993341 2.1629636 1.9189976 0.16348092 -0.10110351 3.7281513 2.8423684 -8.639487 -3.6280746
eponymous 1.3851979 -2.1185098 -0.51441973 -3.2492955 -0.45801455 0.6681684 0.24427684 2.6523967 -0.08134787 -2.3158677 1.8549193 1.8528671 5.90531 -1.679746 -2.3933263 -2.5027816 -1.4914576 0.4349027 -3.0415971 -3.7878973
carmen 1.7245549 -0.29757425 2.4055324 -5.3771715 -0.7505449 3.4782586 0.19111662 4.091633 -2.7180512 -5.265381 2.0776181 -3.9127836 0.42872077 -4.8866205 1.7072147 -1.3783766 1.2759869 -2.651597 -7.3386626 -3.8532572
monaco 2.2808492 -0.98004335 -2.3784785 -5.7306404 -2.005979 0.51053566 -5.7183375 4.1878214 -1.3916436 2.4841743 4.0983067 -0.32985008 -0.23179176 5.7923136 4.695425 1.1166904 4.8984 -1.2285283 -3.547248 0.1387644
sol 4.162348 -1.0259583 3.1609101 -4.484694 -0.8946083 0.19459245 -2.6678255 2.765514 -3.498491 -0.064867996 1.5794965 -0.36162278 0.46293527 -5.035404 -0.18426177 -2.0909603 -0.99001586 -0.8314712 -6.496632 -1.1120886
gran 9.616915 -2.68114 -2.208044 -9.315035 -2.9520407 -0.8345592 -2.6908011 2.9117973 -3.0092177 4.454354 2.3867114 -1.3654486 0.9603562 -0.7899004 0.5419743 -2.9301174 0.62668145 -1.4166142 -5.0243587 -3.4601219
palermo 5.0023355 2.494565 0.17532015 -1.4955215 -1.6421709 3.224582 -3.2169256 2.8496242 -1.3577422 1.3156757 4.9635878 -7.463449 -1.1244626 4.736829 2.9638348 -1.5366066 0.17982288 -2.1410348 -4.3629007 -0.4865616
vega 3.1282015 -2.664373 1.1603811 -4.977504 0.12691897 -1.4649105 0.54383487 1.6658124 -2.5441015 -0.48042557 2.8201532 -1.1302067 1.3560137 -4.346872 0.73662263 -1.1224111 0.63008726 -4.751818 -3.992532 -0.056854345
seville 6.104317 -0.90955496 -0.575127 -1.587393 -1.5075223 4.121842 -3.2327707 1.5709739 0.5114485 -2.1407902 5.043822 -2.1193063 -0.37637514 4.1941257 0.60079336 -2.115926 2.1995225 -2.8273256 -6.6287947 -1.7213951
dor 1.3987172 -4.117191 0.07990967 -6.8484817 -2.2128825 3.0676236 -1.7422937 3.9363904 -0.8928162 1.3418895 0.14066784 4.155427 3.8391855 1.5110718 3.7432017 -3.103322 4.9389014 0.47616896 -5.9915676 -0.83001333
tango 6.591589 -1.4212404 1.7208176 -7.637817 0.10390521 3.999952 -0.98776346 5.6468906 -0.43192482 -4.0121617 2.8281033 0.53063923 1.4280417 -4.7066126 1.2123871 -5.963342 0.21697478 2.0144713 -0.17139606 -2.7406297
como 3.566824 1.8785864 1.2452433 -2.9600146 -1.7680678 1.5388179 -6.225909 0.6584338 -4.8625765 -1.8023524 2.8094935 -2.1250594 0.6544838 -2.0299563 0.11083216 -5.9104657 0.20384954 -0.52004534 -5.8178716 -3.3554466
lac 2.5815487 -4.366377 -0.6750592 -0.8014695 1.1998417 3.53295 -3.9756255 -4.691544 -9.793414 0.59476995 5.087202 7.892525 3.2817163 -0.1700176 0.08355616 -0.0926939 1.8119923 -2.8081393 -8.75245 0.13327104
cha -0.3370636 -6.9899864 0.31322652 -4.554212 4.7546005 0.49002248 -2.1391842 1.8165607 -3.9127276 -0.82748866 1.9500747 2.760283 -0.93667436 -5.0671334 0.16656707 -3.8183992 2.2006705 2.9568074 -2.1166663 2.088341
fiesta 6.846613 2.0215223 -4.769781 -4.0151696 -2.6670978 -3.661063 -2.7223446 2.8928232 -4.0472207 0.14003901 1.6263608 1.3677964 0.07435574 -3.430755 1.9446855 -1.9176288 3.5211117 0.95154935 -3.481571 -2.4650426
toro 4.2900777 -2.2882426 1.3346733 -5.373929 -0.64894533 -0.25612012 -0.73150283 2.793671 -4.819833 3.8898926 3.4702177 -2.8617218 -0.9970686 -3.677617 -0.9743344 -0.7769664 0.36215737 -5.2396135 -4.999927 -2.1679728
dans 1.8276308 -6.8461523 2.2744434 -6.733333 -1.3504157 2.0597296 1.1550642 2.3704557 -4.1036844 -4.759666 0.19365597 3.4539187 3.418812 0.19837587 -2.186066 -0.83500105 3.9135668 -0.37983114 -5.065529 0.61596143
maestro 0.8346381 -1.6833569 5.064209 -3.664345 -0.7796468 4.459204 -0.98858875 7.1249804 -1.5448343 -3.0640821 -0.44763905 -1.7323048 2.3999183 -0.9382431 5.8599024 -3.6602106 1.9330413 -0.06584484 -1.1375746 0.16679753
sans 4.0804925 -7.558814 -0.5627744 -4.7894206 -2.6306279 0.7264898 3.2732315 3.1573262 -4.065335 -2.3865144 -2.2735538 3.928611 4.18129 3.034063 -0.5214739 -0.61203194 0.35214406 -0.82407695 -4.475466 -1.4433435
het 2.2138407 -6.464953 1.4960073 -7.104548 -2.0405097 2.6162918 -4.4780626 2.067043 -2.328941 -6.80312 2.991262 6.604419 4.708747 6.494207 -0.38709086 -5.897276 -0.8634872 -0.014056783 -5.8974237 3.7796385
ferrara 2.73866 2.663056 3.551959 -1.007521 -1.2761619 5.7507157 -1.7507617 3.397012 1.3434806 -1.2506726 4.4424043 -4.2231426 -0.19072567 3.8425665 4.1052723 0.69240636 -0.4374846 -1.0852607 -5.9424825 -0.030926054
vie 3.1719563 -5.073852 1.7785708 -6.462045 -2.0840628 1.7211328 -1.6951247 3.8709517 -1.3491073 -2.460574 0.46341437 3.9811208 1.1097593 0.53192323 0.032715973 -2.7010746 3.2470448 -0.3876469 -5.0790424 -1.5612669
margarita 0.52673775 0.4124808 -0.19197738 -5.5711994 -0.067448296 4.0181837 0.52426714 -0.6266079 -0.1097575 0.7147517 3.294137 -4.007957 0.87626535 -3.0009186 2.818094 -1.6666806 1.0463402 -1.6998764 -8.721423 0.90197754
fontaine 0.86793625 -2.5489712 1.8615593 -1.6317649 -0.44882166 1.9585133 0.07234211 4.1321316 -2.4993746 -3.2665586 3.0740802 0.7354459 2.774308 0.22580823 1.1737251 0.41872302 -0.085541666 -4.6382 -5.6471305 -3.2589633
bio 1.3887486 -2.2143524 2.3401353 -4.779217 -1.9045972 0.087116376 -2.3861134 0.92227334 -2.5473976 3.3633416 -1.0048593 2.542515 0.30538967 -4.8359528 1.310302 -0.26825026 -0.99592626 -2.5078063 -2.4930851 2.7711322
clemente 5.530087 2.2977257 1.1619483 -1.2672374 -0.8074499 -0.15961263 0.906363 1.0559142 -2.18329 0.33797336 1.8355886 -6.1280518 0.5885697 -3.9554431 5.8172398 1.8424486 -0.3058254 -2.8480542 -8.669114 -1.0327367
forte 1.1575949 -0.4610355 2.9909656 -2.6841767 -1.0884145 1.4563186 -0.80651224 3.648403 -2.6966596 -0.87768924 1.0358342 -0.30305153 2.374992 0.010838105 2.0561986 -1.120487 0.3178 -1.7356584 -0.17685628 -3.0330453
neapolitan 4.452862 -3.414546 0.88491035 -3.674029 1.2999203 7.0042562 0.49217978 1.9710177 2.3529506 -1.1971996 3.7941365 -2.7950158 2.282998 5.140632 1.5062459 -0.00904166 -3.4950342 1.2252663 -1.7455512 -3.6375742
nestor 0.42488936 -2.2962556 2.3409607 -2.9115117 2.2030249 0.33612728 0.8780077 2.6182272 0.12650602 2.1860547 3.073217 -3.5108166 2.7113786 -1.9024564 2.7207615 0.8441418 0.57907164 -0.91763824 -5.825509 0.17257723
boa 4.0960712 -0.7377715 -2.1209855 -5.6740623 1.2166106 -1.3458074 -0.23473261 0.014540533 -3.7302086 3.9724479 2.0364132 2.0295966 0.48407018 -7.222511 1.1832032 -3.717855 -0.028386464 2.5651093 -3.8943548 -1.3435962
femme 3.4210453 -2.6385994 2.4529662 -10.63169 -0.62894166 3.9207327 5.415613 7.738716 -0.37726235 -0.15542276 3.237249 1.7850283 2.1194534 -3.5004828 -0.14500761 -1.3504996 0.37156376 2.0916295 -5.2388086 -2.9195745
excelsior 2.3697822 1.4604782 -1.9516338 -1.9515874 -0.5555976 -0.6906083 -4.8320446 0.5565377 -3.947144 -2.1282892 4.24681 1.2511337 3.4722974 1.2440999 3.8002584 -0.5598112 0.96382105 -1.5705696 0.2892112 -0.33697146
lobo 2.1591918 -2.2007234 -0.88377047 -2.849165 1.6848874 0.068859965 0.691717 3.307279 -2.1508327 0.25437316 2.5143268 -2.1191058 -1.5457711 -5.385018 0.7391723 0.7999781 0.7098742 -2.0266376 -5.152699 -2.743047
ibiza 4.254059 0.18261458 -3.807353 -6.9977145 -0.83372366 -0.26117575 -3.2981787 2.977244 -2.775608 -3.5257728 4.194116 -1.1908711 -0.34748316 -0.3181613 -1.422839 -6.3365855 -0.13047661 1.2452078 -1.4034927 -1.4642435
lucca 4.067025 2.4578342 2.1256812 -1.6227193 -1.1929858 5.858632 -2.9980922 2.1804378 0.24765106 0.31466442 5.5411415 -4.702198 0.46966183 4.9518166 2.678523 -0.7107788 -0.5605824 -0.37802243 -5.9509444 -1.3819845
mondo 3.5314386 0.38633588 2.640444 -8.0223055 -2.820665 -0.1857164 0.8013269 5.700165 -2.0947492 1.1626375 1.0398866 -1.0636272 2.646981 -2.6707582 -1.0532334 -4.8405995 -2.610033 1.2607162 -3.583682 -1.6832169
piccolo 4.18627 -2.0536106 5.256667 -3.664851 1.4015437 2.723313 1.3024774 3.793741 -2.9285264 -2.5015457 2.2891157 -2.720438 3.7199404 -0.6169866 4.432196 -2.1693566 3.1775723 -0.64653677 1.3252047 -3.4045088
rede 3.7445972 -3.4090743 1.1738194 -5.6357164 -3.2262435 -0.6240677 -4.891452 4.1179676 0.42381346 -3.1038136 -0.5668853 1.1953782 -6.383677 -3.6015642 -0.80220455 -5.297823 -0.28513485 -4.647484 -4.108994 -1.0399834
roux -1.0357505 -3.4986627 1.758277 -4.3869247 1.0434462 1.3782352 -1.2797914 2.1467533 -1.4648083 -1.3127637 3.9760764 1.343063 2.1590464 2.1872904 2.097231 -0.38799542 -0.2242807 -2.7752454 -3.2686696 -0.53842586
venezia 6.6476936 1.4423591 1.9114426 -3.4008784 -3.5885537 3.2747455 -4.1124535 3.6340103 -3.0430439 2.715364 2.6364944 -4.6099405 1.7097267 4.108685 4.6719346 -3.0870595 0.39198005 -1.5469788 -1.4475138 -0.12551315
lat 0.41197985 -6.7105327 2.8240035 -1.650087 0.7645049 1.3388237 0.5623018 -2.4947646 -3.6604555 1.9590356 0.37349877 3.4317603 0.27427536 1.2390028 -1.0698172 -5.8061376 0.6326158 -3.1683161 -1.9316089 0.9376934
nouvelle 5.7292 -8.034819 2.8661625 -2.498158 -2.2963667 3.9896638 -2.1496487 5.603355 0.9625545 -2.1093638 0.8067675 5.736956 2.9979935 1.3899957 -3.0584753 -1.6778512 -1.6390543 -3.1787508 -4.166539 -0.2559255
casanova 1.3635792 -0.20755976 2.5775673 -4.0373135 0.7529411 2.1633873 1.1555042 3.5945113 -0.07234213 -1.3490142 3.1528294 -3.12915 0.5906325 -2.2977443 1.9762287 0.1174742 1.2728308 -1.2865412 -4.1913567 -2.462213
rimini 4.999893 1.3819906 1.562112 -1.3932476 -1.4975607 4.6914186 -3.259249 2.322986 -1.1040887 1.2813147 3.9893942 -6.158264 0.83145934 4.6788044 2.2201507 -2.6433167 1.4034276 -0.737568 -2.6629238 -0.7274505
nada 1.278594 -2.398447 1.8144175 -5.312206 0.58110684 2.2856586 0.72110355 3.7967875 -1.5596081 -0.23568198 0.7295044 0.19208047 -0.81981474 -4.5585594 -0.12888244 -7.2477736 1.6166359 2.4690106 -3.7200282 0.7530266
tot 1.6021092 -2.1123447 2.5260205 -6.6605577 -0.2444446 1.8192703 0.33922967 0.1533929 -4.237645 -1.1093105 2.096309 0.5603434 -0.06372311 1.952083 1.5149611 -2.1651123 0.52473366 0.61652225 -3.1887527 0.12887955
milanese 4.4057465 -1.2507449 2.0444248 -2.0411909 -0.11871833 6.855117 -1.5883087 2.8181632 0.27907082 -0.22304559 2.8922596 -3.4844341 -0.5901082 6.477023 3.451847 -0.89483297 -3.8137357 1.0240289 -2.9658418 -3.2479274
grimaldi 0.99616283 0.4997115 1.2399346 -3.35109 -1.2594076 2.9716146 0.39295587 2.603775 -0.1711057 -0.56889254 2.9938045 -1.8784311 1.0636361 3.2172759 3.674827 1.1496553 -1.2284777 -2.1070268 -5.0063167 -2.802388
locarno 3.261153 -0.030574128 -1.4149541 -3.6726449 -3.4929464 3.9919004 -3.923742 2.4254677 -0.20219927 2.3529625 2.0688121 -0.45257246 0.92783207 3.2681253 0.88060117 -3.245475 2.8120427 0.47191235 -3.8643296 2.7830389
tout 1.3502481 -5.45732 2.1044536 -4.744001 -2.2462332 0.3133032 -1.7672364 4.052744 -2.6169395 -2.80312 -0.56033915 4.324904 1.9484671 1.9463006 -1.6370844 -2.2547538 2.0742073 -0.14203852 -3.9683688 -1.016308
mambo 3.0704522 -1.8240352 0.31739476 -5.843071 2.1898608 1.7152418 -1.7625843 3.8782718 -1.178946 -2.5650146 3.9206579 0.77015716 2.2231257 -5.178174 -0.22179662 -5.266478 -0.4458743 2.524574 -2.0023072 -2.75379
margherita 0.27811342 3.6827428 2.6336906 -4.4259644 -2.5204327 6.7867517 -0.16159804 1.9794365 -2.9581687 -0.16616921 2.8678794 -4.9597397 -0.11036348 3.4325259 3.9441094 -2.9934866 0.69009995 0.3697676 -5.956613 -2.4121857
spoleto 3.0670888 3.1408062 0.8950243 -1.0853659 -2.2269418 4.4434223 -4.618524 4.5560293 0.47453234 0.4907946 4.346332 -4.576349 2.8640928 3.6576145 1.6555375 -1.646071 1.3507686 1.5453966 -5.7737784 0.25031638
maki 0.038888182 -5.426264 -0.075771876 -4.604914 3.4336522 1.6982723 1.7919155 3.7447932 -3.2196512 -0.4477869 2.3901653 0.4646152 2.1189322 -2.9053864 1.4062657 -4.130212 1.1994922 1.2809334 0.46959558 2.895221
farina -0.23656058 0.5256418 2.9246051 -5.476594 -0.12034146 0.19854297 -2.200433 3.3700163 -2.4669404 0.887786 3.2112763 -2.7121792 0.41509202 1.6944289 4.754232 -0.21061113 -0.7943533 -2.4127507 0.23193763 -3.6128314
amigos 6.199111 -0.2666883 0.94554543 -5.4374266 -1.8607205 0.11888227 -2.7699392 2.0299382 -2.8041604 -2.737509 0.7233029 0.17033319 -3.2384772 -7.2844973 1.1944904 -3.1366975 1.0700274 -2.2494004 -5.891788 -2.1018016
estoril 3.1760707 -1.1526418 -0.11189045 -5.031977 -1.9590228 0.24150445 -7.704487 1.4121668 -2.8830311 5.5642858 2.758404 -2.6711032 -2.0442698 2.0133276 3.5699866 -1.5398006 8.359087 -2.2202103 -3.4841928 -1.0746859
todo 6.0844665 -4.6723037 2.7105095 -7.0406747 -1.9770144 -0.89063287 0.25734198 2.7182267 -1.1212971 -0.5625991 -1.7157058 2.2589078 -3.4140599 -3.6499484 -1.5190009 -5.7358317 0.40018722 1.2464623 -4.716321 -1.3246306
paseo 10.302519 1.5389665 -0.98258054 0.851087 -3.950498 1.9863576 -0.25925034 2.3579378 -8.97257 0.04860755 1.3228039 -0.69940126 -0.27673882 -2.7748263 -0.2830952 -3.2061443 1.6307992 -2.5604565 -5.0118837 -4.033099
mariachi 8.297533 -0.23023988 2.057433 -4.031421 1.7276962 2.9405863 -1.3315645 3.7562802 -1.5367045 -4.3984876 2.8875868 -1.2125175 -0.26327333 -8.327808 0.52785766 -4.904623 -1.2860726 4.030648 -2.899145 -1.9344486
nous 4.5168467 -5.788779 4.4097767 -3.5309289 -1.8444892 3.0368798 0.8880741 4.613476 -2.146405 -1.6767092 0.29458737 4.749567 1.9977582 1.2015073 -2.4669785 -2.147761 3.772772 1.4519408 -5.431065 0.852213
ronde 5.6842775 -1.222125 -0.9846901 -1.6771077 -0.58308303 -0.27444518 -2.6423066 0.80889636 -5.131964 1.7703731 3.5717757 1.9848843 4.5817738 0.7707936 1.4902173 -0.9314028 1.4838314 -0.8276692 -5.7705865 -3.3077426
quinta 6.308918 1.9695121 0.38094702 -2.184794 -3.2246425 3.8551714 -3.4387295 -0.3998541 -5.373734 -0.7138149 2.006428 -0.29938504 -1.5107687 -1.2045678 2.2834506 -4.013104 1.6767287 -1.9575124 -7.380598 -2.9591389
sorrento 1.6894732 1.9873198 -1.8511034 -1.1110234 -1.2376653 2.7054496 -3.161033 1.0013417 -3.1923554 0.38787627 3.992572 -3.3163624 2.3569608 1.3730032 0.73528284 -2.2253904 1.2545427 -1.937104 -2.6554012 -2.4867818
herm 1.2163118 -2.0625508 0.6309703 -5.0943475 -0.0927597 0.15742445 -1.1636008 0.49145496 -4.0003324 -0.97592974 2.0000782 2.3878417 2.3509166 2.0138106 3.9990737 -0.6977754 -2.6161437 -0.13825814 -4.4328976 -1.477314
versace -0.25782847 2.953276 -0.06326521 -7.4569993 -2.2026358 0.62848675 2.6519058 5.689885 -3.9625552 -0.80221593 1.221223 -1.5136242 1.8086517 0.14253245 6.637421 -0.3691297 -2.9903924 1.6327786 -2.851717 -1.2593994
feu 3.46211 -3.8007534 0.47437358 -1.2998992 1.1132216 0.15591754 -0.43061855 1.9947532 -3.150482 0.70952964 1.7823151 0.89718264 1.5005151 0.22856046 2.7304294 1.9310431 5.2392097 -0.42863563 -4.8121676 -1.3364251
een -0.11688208 -5.212763 4.5825343 -6.5516143 0.068642356 1.6359304 -1.5023648 1.8416897 -2.0813625 -2.4604678 2.1271617 6.038318 5.1964536 2.2556958 0.11387017 -7.4932747 1.8412746 2.762493 -6.206036 2.6683023
cuatro 9.475383 -3.28579 2.2197788 -5.1230574 -1.264225 2.2071579 -2.435854 0.5626022 -2.653729 -2.1017747 0.7470997 -0.5401439 -0.3770525 -5.971678 0.2729067 -6.5713215 -0.022383833 -2.828633 -3.1374938 -1.7640753
carioca 6.227461 -2.488874 2.155409 -5.351194 0.47478753 1.9022826 -5.206613 3.365633 -1.361961 1.2348449 2.6008303 -0.031994455 -1.4504938 -4.1030207 0.62920827 -2.5538383 1.6223594 0.7492865 -1.7530352 -2.5322385
bolero 4.8614945 -3.0189984 2.2916532 -4.8201103 1.6266118 2.3881981 -1.222866 3.983791 0.6743518 -2.6355581 3.218166 1.2446314 2.919811 -3.3869524 0.36067396 -5.3284416 -0.52975136 1.127663 -0.17381166 -2.9554887
hombre 5.6998234 -3.568453 4.1627173 -6.1723394 -0.051372055 -0.13658062 0.8051749 4.877206 -1.3790443 1.6760858 1.5744656 -0.4508502 -0.6746459 -6.1688824 -2.16259 -4.887289 0.38750803 0.5654561 -5.4543347 -2.6188493
gat 1.3710041 -1.9479958 1.5694821 -0.6134302 1.9122617 1.3870159 0.15854481 0.19974357 -4.2083383 0.80168414 1.1149317 -0.630196 -1.3171037 -1.2552601 0.90677065 -5.4537334 -0.50229335 1.378345 -0.6917197 1.4044305
hamelin 0.062033843 -3.1004674 -0.5228234 -2.1115828 1.7029836 0.40718654 0.00018151697 -0.35025936 -0.61682904 -0.29833764 4.580008 -0.19490342 4.6241345 1.7587509 1.3379189 -1.7596933 1.210493 -3.8027358 -2.0559583 -1.6950898
merengue 7.763418 -1.4287704 3.6136317 -4.988831 2.7126753 4.398774 -3.9601672 2.552833 1.8300675 -1.7915053 4.3239 1.2706726 -1.0548066 -8.454103 0.22371326 -5.5005403 -1.5368291 3.143539 -1.4515612 -2.7036865
haut 3.5295618 -4.7255354 0.24732488 -3.3882725 -0.31455648 1.1933761 -0.69099325 0.5218129 -3.7171116 2.1987822 3.322777 3.3881314 2.6119587 2.790558 -0.12547478 -2.5683224 2.1903036 -1.6449078 -5.7946835 0.53237385
huis -0.8017805 -3.8664377 -0.025956435 -5.2259274 -0.12433487 2.9523606 -0.27271867 -0.5600034 -1.929742 -2.093275 1.9761531 1.6387013 2.2588005 5.0496964 1.3632573 -3.9039044 1.0587652 0.33374146 -3.3758929 2.0401223
chita 2.457179 -0.92550594 -0.45227185 -0.119789846 0.8139355 2.248657 -0.572685 0.54885316 -3.2831988 1.9928607 1.3188666 -5.2280664 0.72296196 -2.565915 1.6413447 -4.71083 -0.7781615 -1.1975967 -1.3105742 3.2732801
amigo 2.9987748 -2.6940887 1.4583272 -5.6381884 -0.64184165 -1.7498308 -1.4152505 2.1294475 -2.7223976 -1.3953599 1.5324786 1.0311784 0.41009262 -3.0308065 -0.00947886 -4.6995406 -0.53807396 -1.3581469 -4.067277 0.8487014
luxe 3.5094182 -1.1036552 -0.18106021 -7.836669 -4.1665006 0.42868793 -0.29071686 3.5065887 -4.608944 -0.83301246 2.0559192 5.304375 4.134628 3.1958632 4.245848 -2.7872155 -0.22407252 -3.661433 -2.1517286 -3.0848646
amalfi 2.6826255 0.7769263 -2.760913 -1.3763039 -1.1803542 4.704073 -1.7087337 1.2992433 -0.55750626 3.3201807 5.7583847 -3.30417 2.3352432 4.2928767 -1.913259 -2.2832692 -1.1144059 -1.0790261 -3.8332455 -1.031288
bonito 3.4283462 0.3391405 -0.40339136 -4.5658836 -0.8298092 1.5448679 -0.23417641 -1.8319874 -2.9996068 2.9292314 3.357127 1.4195325 1.021822 -3.3547204 -0.10810965 -2.9823895 -2.7319808 -2.111698 -3.3959856 -1.7633089
participations 4.0254145 -1.2060899 -0.82035065 -4.7293835 -1.8982892 1.3125259 -3.9987998 1.9748526 2.4231193 2.9280822 -1.4632118 -1.3218518 -2.1911013 0.12426391 4.858908 -1.9953244 0.36207053 1.4993848 -0.28674057 -0.7523594
zarzuela 5.572234 -2.4672725 1.710117 -4.238696 -2.026927 5.809715 -1.7251203 5.200325 2.0852046 -2.6898198 1.0950687 -1.0680829 -0.4561336 -0.74735945 1.2693696 -4.1801066 -0.47952422 -1.3837885 -2.3392801 -2.6321678
sono 1.5433948 -2.9017642 3.1512833 -5.4768534 -1.2349067 2.4170294 -1.0525676 4.5001035 -3.0058067 1.5662686 -0.15762782 0.7541751 0.943428 -2.4899724 0.67361045 -5.9247484 1.1493999 0.80500036 -2.5989332 1.2799037
caribe 6.0886197 -1.2612748 -1.3756375 -4.4511676 -1.5972242 0.40575293 -1.3398845 1.982661 -2.3664706 0.31989673 1.5430961 0.56442016 -0.65455925 -4.267129 1.8213757 -2.1942346 -0.22148815 -1.8641908 -5.1125016 -0.29469082
crit 2.5874107 -4.8400774 -0.5018256 -2.3181684 -2.3539493 0.37934482 -3.4515626 1.4974962 -1.891762 3.056194 -0.035321284 2.3857055 1.9985912 1.6701901 2.4405518 1.0441818 7.8986945 -3.8099933 -3.7698088 -0.5215326
contes 2.8374403 -3.050118 3.8300614 -3.9796712 -2.6761022 2.6488044 0.558032 4.647339 0.039514385 -0.15406455 0.34081104 -0.01991205 2.5223234 1.2698665 1.1067407 -2.683906 2.368881 -2.426922 -4.2338324 -2.6412818
americano 4.430859 -0.26411372 0.04497833 -3.78104 -0.78153366 1.6526603 -3.7078393 0.7290117 -1.5284573 0.93332726 1.44393 1.50534 -1.9442133 -5.0251317 2.273555 -2.9828634 1.12748 -0.4005635 -4.805023 -1.0742365
diamante 5.220423 -0.8351608 0.8236028 -5.838067 -0.09126764 -1.6248951 -0.9653559 1.7408091 -3.072983 2.5489936 3.6947756 -1.0471438 -0.11018673 -2.00934 0.3727897 -2.459677 0.95138836 -0.6373665 -3.0384612 -1.9002666
topo 5.046897 -1.5911438 2.088749 -1.5013156 -0.14435671 0.6901814 0.8564419 -0.0115809515 -3.667332 1.220685 1.598322 -0.16204289 0.04950191 -2.790964 -1.1346029 -3.628657 -1.2663262 -1.8961769 -2.6545978 -0.7962967
canova 1.9659154 3.070798 3.6774049 -1.6974726 -1.5410547 4.7844048 0.14402674 4.013583 -0.77307314 -1.0470867 3.4384074 -2.301952 2.4614253 -0.21412586 4.4152207 1.2508719 0.3818443 -2.2948105 -3.6856651 -1.2564454
bachata 6.367881 -1.2463872 3.2823145 -4.072559 1.3851317 2.8104446 -3.483385 3.2377489 1.2234415 -1.811461 3.175492 1.9880471 -1.2488595 -6.103509 -0.36145025 -5.9237766 -1.9120622 2.7402668 -0.6296977 -1.474987
brel 0.7767276 -2.0743349 3.0441175 -5.3296027 -1.2144495 3.0925622 -1.5484107 5.1073055 0.113960244 -4.8279495 2.8436527 0.460964 4.887535 2.0335617 1.7714088 -4.3026037 -0.72624886 -1.7424488 -1.6219718 -1.249567
orvieto 3.0874584 2.2330086 2.3526657 0.9789693 -1.1990154 4.8741245 -1.4544297 0.5111478 -0.08458336 1.6771339 3.4303782 -3.2034543 1.2142378 5.033887 1.9559937 -1.5812852 0.80797774 0.26889157 -3.7379339 -1.433389
conjunto 9.182699 -1.5042902 4.209586 -3.3742623 1.1654714 2.9222915 -3.8215716 2.536137 -1.5259889 -2.5787368 3.7318194 -0.66242397 -0.37836757 -6.105884 1.7482123 -4.6608458 -2.76025 -0.5138941 -3.1892982 -1.8760556
faenza 2.8099308 1.3473895 2.6606858 -0.2913451 -1.489048 5.2141805 -1.6554232 1.3949574 -0.03934081 1.3385266 3.6381788 -3.9631896 1.054325 4.390611 3.2987013 -1.792731 0.6945436 -1.9128298 -3.8085523 -0.11881969
montez -1.7340972 0.32499707 1.0685719 -5.818942 0.48627523 0.7273858 0.055938244 3.4150338 -2.3090594 -2.57809 3.7735188 -1.8726135 1.1410576 -2.0807347 2.6872625 -1.1861441 0.8963182 -2.2845962 -3.093201 -1.7684474
rive 4.3935122 -3.2583535 2.0269005 -0.0024851533 -0.83834726 4.2177286 -2.2294092 2.8624363 -5.7355366 -0.94357497 2.4216225 1.8730447 2.8772025 1.5736812 -0.31159997 -1.268247 -0.43583682 -2.4099503 -1.893912 -0.2940635
germano 2.3432958 0.71945804 4.183086 -1.5721723 -0.8146705 1.8472748 -1.0725874 3.2044718 -0.6893477 -0.08604987 1.9595011 -2.6218023 1.332355 -1.8132792 2.5106986 -1.7011572 -1.5242418 -1.9735394 -4.131185 0.27127597
rego -0.34257963 0.57831043 1.5016294 -1.3870394 -0.9024219 3.4117343 -1.6195221 1.7076209 -3.3091702 -1.8171377 1.0371826 -0.86269796 0.67296576 -2.9059083 2.2796752 -0.49122608 0.6153332 -2.2264986 -4.3381615 -1.7776071
contessa -1.3852512 1.0311135 0.16429996 -6.0421352 -1.7987683 1.7889318 1.016723 2.170139 -2.7271218 -1.0291524 2.0647433 -0.084270775 0.87549317 0.8065896 2.0198152 -1.7373893 0.4579705 -1.5107361 -1.5055155 -1.6196884
romeos -0.111146204 -1.1332496 1.8088393 -7.208229 0.08340925 1.0505743 0.3767441 2.1060662 -1.4158471 -1.231522 2.8411608 -1.0124438 -0.19389614 0.97718275 0.7123539 -0.7869667 0.48536932 -1.1786823 1.6668345 -3.1444314
fado 4.521669 -2.6019452 2.8036761 -4.548312 0.8076201 6.6411157 -4.023207 3.7303722 1.4436343 -0.71348447 2.7848203 1.1728837 -0.6037963 -2.916577 -0.5964513 -5.2419605 0.67544323 2.8592873 -2.234684 -2.1589196
antibes 1.7816762 -0.35973167 -1.6697342 -3.7251291 -0.6357824 3.6080074 -3.267773 0.055632442 -1.6801863 -0.023282118 4.69745 -2.4970033 3.6459792 1.5132452 1.5144438 -2.163548 2.3609142 -2.7991881 -3.1989987 1.1819884
fou 1.6865679 -4.3440022 2.263975 -4.064412 -0.17069857 2.4336288 -0.16262192 4.4928303 -1.8715343 -0.29563054 1.7594596 2.0467591 3.8447795 -0.036134187 -0.042505488 -4.5012608 1.3486725 -0.8002187 -2.7316823 -0.7278587
ballade 2.3669376 -3.2604675 5.1133294 -2.6392007 -0.37086654 1.6480813 -0.10913178 3.9104793 1.3301637 -1.5309002 0.89370674 2.2011008 4.537352 1.6628212 0.7353636 -4.597961 1.1080537 0.3993 -1.2983736 -3.5995648
sino 0.7296585 -4.0972395 -1.4311587 -3.170275 0.13626957 0.16985618 -0.753269 1.7609099 -0.9931193 2.6067693 1.1275358 1.9810759 -0.8472535 -0.23466425 -0.49225387 -4.2893977 -2.5611634 0.06261578 -1.8830049 2.924421
parisienne 1.9537449 -2.2269027 -0.26864147 -4.600479 -1.7738926 1.9174504 -0.4755233 2.1131525 -1.6764057 -2.2095706 1.9385757 3.390838 3.066916 2.0683 2.2846928 -2.2565908 -0.115741886 -2.180605 -2.439157 -1.1748421
recto 3.115792 -2.829351 2.621541 2.163093 -0.41902497 -2.1454127 0.61129916 0.64662206 -2.8672066 -0.060448024 -1.9271559 1.975294 0.7322254 0.41811103 0.33886102 -3.5611217 0.69441754 0.66580206 -4.9255247 -3.7660604
brio 2.162504 -1.1025699 1.2787665 -4.4018273 -1.3307267 0.63023156 0.32315812 4.0352154 -2.3207052 -0.91510624 0.9251131 3.0341778 1.4790039 -1.0458975 -0.25857463 -1.0397089 -0.92327 0.5327856 0.71297336 -0.9812263
glace 2.514208 -0.5236618 -3.1549547 -1.470345 -0.39582828 0.031177057 -2.4327178 -0.20802693 -4.163433 0.8561051 3.498805 0.55144167 2.6339042 -1.0194434 1.7195411 -2.1623602 0.68942803 -3.6323483 -1.9352456 -0.40795442
elul 2.8417907 -1.2977595 1.6137685 -1.225217 -0.35175085 0.78360975 -3.8231826 2.7020702 0.7785683 -0.3932527 -0.86007804 -3.9445317 -0.86800593 1.4691368 2.9595397 -5.4628034 4.27635 3.6241226 -2.3739235 1.963634
umbra 3.5299067 -0.20367236 3.3533494 -1.003746 -0.686898 0.6350196 1.350665 1.1515495 -1.1529442 3.3342934 1.4808903 1.1832861 2.5681567 -1.1464492 -0.70860344 -2.2825892 0.55683446 0.7280756 -2.1842062 0.9224649
fino 4.4383383 0.19052556 0.8151074 -4.6223593 0.2949946 0.6790382 -3.2322352 -0.28736877 -2.3930154 0.66701615 2.6714787 0.28349116 -1.897245 -4.797002 -0.0090556005 -3.362613 -1.8991607 0.04375189 -3.82883 -3.6959753
pitti 1.9785278 2.8028765 0.9327349 -3.687218 -3.680154 5.155527 1.105584 3.098012 -1.9685689 0.94296414 1.6188 -0.81267077 1.4948696 3.8442714 3.1217127 -2.5322466 0.5460817 0.9895124 -3.1770651 -1.4612747
noirs 3.0416837 -1.7599764 0.7620601 -4.488676 -1.1410675 2.82016 1.2512834 2.9825158 0.33653933 0.32633102 1.9315494 2.2497692 1.8208479 -1.4648079 -0.5188519 -1.2624182 0.041097373 -1.3163 -2.312908 -3.705687
mirador 6.11963 0.22863641 0.09945745 -1.5843403 -2.03351 2.9643223 0.050965227 -0.8068667 -4.092546 2.1947975 2.1919775 -0.365794 0.17252584 -1.5123554 -0.84189636 -2.3891163 0.6827538 -2.4688916 -3.8236504 -2.361811
gringo 2.2605236 -1.6465104 0.48047322 -3.9194016 1.426245 -0.52915144 1.0694716 2.1246595 -1.8932965 -0.93206203 2.7795625 -0.76054746 -1.490053 -3.9629707 -2.010474 -2.470262 -1.28665 0.3295649 -3.77789 -1.751324
bullring 5.085661 2.5665514 -2.1353755 -2.5383694 -2.246359 2.037451 -0.33823392 1.3328145 -3.7883763 0.10222076 2.8106859 -1.8735859 -0.62615645 1.1860101 0.9289233 -1.3907839 2.1183107 -0.2984264 -1.9812615 -2.9511867
cero 4.4770484 -3.3020632 2.518909 -3.9476044 -0.9137938 -1.9103426 -1.6698693 2.0675461 -0.21647455 1.6476802 0.117663346 -0.4782655 -1.7283762 -4.145435 -0.45106256 -5.3718467 0.7377309 -2.3969696 -3.48022 -0.5671194
loge 3.7951756 -1.9695612 0.7157673 -1.4706475 -1.2765657 1.8013101 -0.112667374 2.501814 -3.7380922 -0.40483424 0.6235895 1.558573 2.738125 3.3958724 2.546473 -1.8156838 1.8008547 1.1126759 -2.3212585 -0.5017096
cantina 3.4477618 0.5490766 -1.2239329 -4.4931936 -0.2918802 0.17932084 2.0240455 1.8118051 -4.5007486 -2.2435117 2.4182496 -0.27776337 0.46377167 -2.866224 0.52236223 -2.2284677 -1.2292182 0.5638362 -3.2371092 -0.68619525
pares 1.9868648 -1.4163169 3.2246032 -0.11826512 0.71285653 2.9222727 -3.8500645 4.4047704 -1.4569848 3.2363446 0.4227756 0.8830601 0.21149954 1.5087755 3.6765168 -0.20461005 1.0206517 4.1937943 -3.3343318 -0.93352664
chianti 3.6077156 2.8890872 1.7724849 -3.5148962 -1.6036594 5.829364 -4.513956 -1.4584322 -0.75445455 3.1153107 3.5354679 2.32881 -1.8768123 1.9549131 1.7405671 -2.786011 -0.1920104 1.7073805 -0.7581369 -3.8800025
seles 1.2943084 1.4400827 2.4178157 -3.462807 2.518409 -1.9175364 -1.9706221 0.2093442 -1.207346 1.5327163 2.992615 -3.2562954 -0.21799229 -4.965049 4.6438303 -0.78790736 7.266784 2.6964712 -6.286598 -0.2124061
tangos 4.9886503 -1.1755524 2.7025688 -3.0631151 0.52453697 2.398741 -0.7654824 2.5897977 1.1545396 -2.9441936 1.4369428 -0.13620497 0.082509905 -2.9180837 1.3375504 -5.712753 -0.50221765 1.0598621 -1.2021254 -3.144028
slamdance 0.07466769 0.9588827 -1.2151382 -3.1843708 -3.9276655 0.4195577 -0.813579 4.698082 -0.21953276 0.037357397 -1.0470737 0.80599517 1.3488241 -4.2409563 -0.19405068 -0.92225224 2.539596 0.5414186 -2.8125257 1.427055
ciao 0.8988255 -0.51853186 1.6252398 -5.0574803 -1.7683766 0.29366618 -0.62468594 3.712692 -1.3212821 -0.68136775 -0.2311661 0.9611577 0.12338334 -2.106811 0.33130184 -6.0422287 -0.9384301 1.0243775 -2.4415975 -1.0019416
balenciaga -0.29771733 0.011479692 0.122770324 -5.4238744 -1.205609 2.5333087 1.0551264 4.6395235 -3.7421055 -1.2309207 1.6626415 0.020574337 2.27459 1.7029109 5.427736 0.28482962 -2.1506004 0.2436973 -2.660741 -0.44953924
niter 2.131568 0.52533716 -0.41238692 -1.7120802 -0.88752687 2.3747783 -2.255681 -1.8095993 -2.3615904 1.3319829 2.4190464 0.6215793 -0.94652385 -0.1937031 0.3384982 -2.4891317 -0.7966346 -1.0623506 -2.3332403 0.28576127
capos 3.3632278 1.0379997 2.3607593 -2.8325129 1.0680264 -1.2688152 0.12918779 2.1121116 -2.69207 -1.7399592 2.6354475 -3.0876336 -3.1913211 -1.2261906 2.6831186 1.6746095 -1.156851 0.02918368 -2.5088372 -3.0215466
cinematheque 1.1497726 2.0259383 -1.7920258 -1.8958329 -4.7563925 2.681727 0.8714553 4.8920336 -0.79892206 -0.69059944 -1.6794629 0.6313468 0.98762596 -2.3217921 1.2112134 -4.083191 -0.91509545 -0.23698787 -2.3739188 3.4462419
adios 1.4736216 -0.33339828 0.44254062 -4.1009994 0.1774807 -1.1406202 -1.5682204 1.9881653 -1.8813396 -0.29166138 2.548674 -0.043700058 1.6471499 -3.6228185 -1.7100317 -2.8772254 1.8983883 0.35017186 -3.9591048 -2.70597
siracusa 1.8468685 0.8903706 1.8994123 -1.9190938 -1.0847504 1.324299 -3.8497097 1.8348222 -0.99180526 2.703057 1.8432987 -2.3858938 -0.74602056 1.385864 2.7452772 -1.4630072 -0.59099597 -0.8419966 -1.6477438 -0.39463612
terrassa 4.8546576 -1.847758 0.8383723 -1.4012524 -0.82875055 3.3887398 -5.628004 1.0319005 -3.0750139 0.58122325 1.482824 -1.649642 -1.4770577 0.1287624 3.2440143 -2.9893005 1.1725185 -2.232845 -1.7547703 -0.10909464
beaujolais 1.7195423 -0.010761482 0.30308905 -4.386047 -0.7313283 3.769323 -3.4172635 -0.1760218 -1.1969861 0.6128085 3.8726468 4.7590227 1.2797438 2.0367553 0.56404644 -1.8502874 -0.520241 1.1950437 -1.1875674 -1.9856665
perfumer -0.49046355 -0.31377995 1.6064357 -4.669765 -0.57764703 3.317306 -0.8167638 2.9188905 -1.3829068 -0.73425895 2.79767 2.753826 1.1994644 0.920114 4.6101875 0.8553114 -1.954442 -1.0382767 -2.510821 1.1133077
mykonos 1.7716875 0.03566256 -3.7869895 -3.2365487 -1.6442684 2.754798 1.1710867 0.4524056 -0.60609823 1.9271656 2.2115877 -2.2406232 1.4418087 2.1658502 -0.77291083 -4.6035256 -0.14131294 0.4290963 -4.6797776 0.37665087
boleros 4.823965 -1.0040461 3.1403017 -3.8852942 1.2273647 2.9538083 -2.240751 2.5229344 2.7188523 -2.5342526 2.7600777 0.8197899 -0.26925462 -4.4961486 0.91487414 -4.9247136 -1.0249301 1.5156479 -1.3592007 -3.226754
mots 2.4045002 -3.0765283 2.3764262 -3.0078983 -0.8008106 0.16822669 0.40460888 2.4991195 -0.44294876 -0.64424443 0.635847 3.3548307 1.9758086 0.43268415 0.39612985 -4.550302 1.1169432 0.16111211 -3.0841022 -0.9609376
sempre 3.5126398 -2.0991209 4.6360965 -3.4772213 -1.3099449 0.4202861 -2.2605643 3.3428943 -0.8524482 1.30874 -0.022578564 0.8447083 -0.41133118 -0.45509195 1.9807832 -6.0914407 2.228752 0.43378288 -2.9680972 -1.4944841
ranchera 4.632757 -1.5587999 1.8034711 -3.5020475 1.122139 2.7693222 -2.3468912 2.182847 0.68660665 -1.7510766 2.1241634 1.1047629 -0.90901506 -5.418062 -0.37997788 -5.3145823 -1.7956542 1.6817027 -1.1666907 -2.5592718
auteurs 0.7301863 -0.95350116 2.0267224 -1.7730237 -1.706423 1.517951 0.23407291 3.5035367 0.43322456 -0.49456522 -0.35701495 2.4396415 1.2588936 -1.0178547 0.8688671 -2.1255178 -0.599712 0.24141248 -1.678133 0.3241968
plage 2.9162173 -1.5043631 -0.4339426 -2.3204992 -1.1716088 2.1926239 -0.07927084 0.61686295 -3.3608816 0.73953253 2.06932 0.4645969 2.9528115 0.36288795 1.3800733 -3.9668174 1.2807328 -2.807094 -1.3078778 0.65038323
invisibles 1.8858991 -0.342574 1.3702474 -2.202321 -1.2576853 0.17944498 0.8250877 2.8250875 -1.0737464 -0.8901859 1.0721198 1.0914613 1.3883423 -2.1235468 -1.4491122 -0.074625514 -1.1864293 -0.38830915 -3.0569832 -1.225645
signora 1.2283089 0.8938188 3.072724 -3.2679024 -0.8130475 3.9878988 0.7745642 2.2168448 -1.2581755 -0.44097677 1.973817 -2.1217606 0.008754031 0.6242158 2.073369 -1.7503246 0.93518156 0.6076102 -5.3073907 -3.0311515
bullfights 4.393521 0.82294506 -3.0967178 -2.8372889 -1.3327829 1.6992154 0.87589973 1.6260206 0.4467366 -0.3188806 0.5459899 -1.8783021 -1.8477012 0.13091733 0.9813774 -1.4520215 1.3312597 2.0614498 -1.9085568 -1.716184
zeffirelli -0.28544652 -0.2943722 3.1609793 -3.8031793 -1.9485552 2.5533814 1.374541 5.768994 -0.18473116 -0.9119863 0.8927671 -3.0895061 1.2477493 -0.53161305 1.5276114 -1.7810003 -2.1041038 -2.4929082 -1.1523939 -2.081361
amours 0.8130704 -2.21082 2.9628525 -2.6711173 -0.8602627 2.5173404 1.4657221 2.2913258 0.1174295 -0.67013675 1.2892569 2.1199048 1.3969415 0.92999244 -0.08906819 -3.4636056 2.0286362 -0.45622265 -2.9762905 -2.6120121
expresso 1.2428873 -1.9919132 -0.4019437 -3.2281063 -1.1530781 -1.0219967 -1.334991 2.0505419 -0.7641543 0.6242846 -0.24943958 2.1102972 -1.2134714 -1.7141689 0.24294963 -3.4237409 -1.1797317 -1.1025363 -2.0010579 -0.3777092
canzone 2.7144048 -0.35675466 5.302606 -3.8147793 -1.7894298 2.5349617 -1.9018664 3.3837345 0.35749692 0.45200607 0.09130609 0.50075316 0.7150208 -0.34227484 1.9477051 -6.255266 1.4434186 1.6165788 -2.7468436 -2.7761009
tarantella 2.3581493 -0.7185393 1.5096319 -2.3897142 -0.46663827 1.750394 0.4730637 2.7812006 -0.2724921 -1.1250979 1.267525 0.9378114 2.956347 -0.0670798 1.1682295 -2.340023 0.33693796 0.52398485 0.26738667 -1.462741
insulae 2.889715 -0.00020948934 2.3871963 0.14008777 -0.42978874 1.0817208 -0.34064424 -2.4753032 -1.961585 2.9472532 2.8121598 2.3012471 2.6775544 1.2511723 0.94734555 -1.8292134 -0.5374241 -0.6266794 -3.538831 -1.2905473
casanovas 1.3106471 -0.895621 1.4928806 -2.1780834 -0.08243023 1.8553991 0.61556494 1.9131052 0.12686484 -0.8438399 1.4131268 -1.5997416 0.71578425 -0.3517204 0.8403435 -0.26956004 0.61691976 -0.9805194 -2.8577507 -1.434633
noms 1.8634683 -2.34371 2.5912051 -2.004062 -0.77684194 0.44502613 0.9922028 0.88393056 -0.52895546 0.8046776 0.35000396 1.8990879 0.6305106 0.30421668 0.7067721 -1.4808493 0.18514265 -1.0405447 -3.5172403 -0.23842023
trem 2.748976 -0.3312038 0.46484324 0.10446791 -0.061996114 1.2710137 -0.8588966 0.5179854 -2.5208085 -1.852803 1.0444279 0.3486728 0.38124204 -0.8615104 0.76825064 -2.0864031 -1.2432204 -0.38161737 -1.6522535 -2.0216076
mexicanos 4.149805 -1.4809442 1.7327507 -2.8431852 -0.6482706 0.24045853 -1.8703973 1.3494242 -1.8208727 1.0226097 1.5883864 1.0772586 -1.9124446 -2.2415311 0.80823773 -2.2977283 -1.5765455 -1.2716123 -4.188965 0.20374687
larousse 1.2880375 -2.1141732 1.7514828 -2.0388155 -1.7200253 1.4316168 0.09719593 1.5908074 1.3432472 0.5543251 0.5414113 4.5914183 1.3046868 1.646814 1.2086357 -1.5366153 -1.1695056 -0.78932565 -4.154733 -0.65746224
barranca 3.4582164 -0.40363532 0.056428708 -0.17404336 0.2692048 0.7523885 -0.4949644 -0.8946468 -3.581154 1.8631798 2.668787 -0.6927265 -0.69151473 -2.8069065 -0.7069794 -1.9281063 0.49067673 -1.7446351 -3.1318176 -1.7724642
marchesa -0.4410226 0.9929857 2.0339727 -2.4008238 -0.65450764 2.8873875 0.7415562 1.9254652 -1.235275 0.24134676 2.1836379 -1.291602 0.4763428 1.4098779 2.619933 -0.3787051 0.37623727 -0.4440166 -3.5430036 -0.96858
espana 3.2068863 -1.6749905 0.24630521 -2.0285795 -0.8506233 0.32506582 -2.0441682 1.5411952 -1.1303349 1.0894315 1.0329758 -0.6724789 -0.25325546 -0.38538405 0.7579933 -1.3202753 1.1656833 -1.5594211 -2.281265 -0.52764297
canzoni 1.5997598 -0.57522106 3.94328 -2.40645 -2.0094059 0.6025347 -0.12859184 2.4365594 0.56277275 0.102454685 -0.5033559 0.6506211 0.59260774 -0.23840721 1.4879785 -4.732085 0.56992215 -0.7832419 -2.376722 -2.2278893
pinza -0.47479185 0.46198764 2.6746123 -2.018976 -0.26939693 1.8324322 -0.05189458 3.000868 -0.85748243 -0.81856084 1.4152732 -2.199524 1.3436707 -0.21285105 2.2101936 -1.3330863 0.41291887 -1.0232415 -0.719649 -1.7386444
muchachos 2.03638 -0.5251851 1.2543737 -0.9637805 -1.0852352 1.7987769 -2.5870519 0.14570066 -1.9293056 -0.36725646 1.1411675 0.55042464 0.42951098 -2.8284564 -1.5209943 -0.9301308 1.9131536 -1.8972254 -3.4675124 -0.3562043
pasticcio 1.3512083 -0.25634414 3.359288 -0.953806 -1.2135855 1.741426 0.20918214 2.1429188 1.0101918 -0.9695579 0.14150341 0.36937234 2.068294 1.0193613 0.8911303 -2.833919 0.67512536 0.24293785 -0.3143665 -1.3727441
ristorante 1.0947866 0.7713399 0.025760498 -2.432451 -1.236152 1.8770459 -0.9054848 1.7177112 -3.0614963 0.011217181 0.8858783 -0.3003276 -0.07082944 0.027277503 2.8877087 -2.2272131 -0.7527425 -0.56339747 -2.29032 -1.4195656
osteria 1.6601036 0.3022054 0.3035485 -1.5373203 -0.8952053 1.5901357 -0.26595527 1.0572969 -1.9333066 0.40012735 0.9782099 -0.89178467 0.41881624 0.531996 1.4086467 -2.2557044 -0.23741104 -0.34173182 -1.748982 -1.0455773
editrice 2.2665985 -0.19837514 1.788461 -1.5175357 -2.2320564 1.0132697 -0.45232016 1.4752495 -0.14251696 0.9098 -0.55419695 0.30449635 0.4964602 0.644123 1.5284634 -2.0944507 -1.3075341 -0.7540942 -2.3987615 -0.39155003
saudades 1.4296045 -0.5215026 1.9693335 -1.2500968 -0.5114717 0.73382777 -0.8262107 1.0132722 -0.44664553 0.65462273 1.3076619 1.2074535 0.9900402 -0.67974883 -0.40197137 -2.3234894 -0.02799381 -0.34783438 -2.1215906 -0.99140185