Centroid_37 -0.45374544610240963 -2.9953252002078314 -6.212197803012049 1.6570951028554215 0.1736132447307229 2.600793719855422 -1.5900707952108442 0.38213744192771104 -0.895619397355422 2.5977530049939754 0.7626005681987953 2.0313025299096386 -5.232552538795179 0.24139244880722904 -0.3922613336385541 -3.6939249520481923 2.874898273995784 -0.054452815334939786 0.24233356649518087 3.639670157349397
india -0.72287047 -3.2610486 -8.610491 3.6596348 -0.610348 3.7699142 -0.64214134 1.3244754 4.5178175 2.0657914 2.0087821 7.302485 -8.125095 1.95416 -2.559105 -2.972098 2.9944487 -2.127362 2.390519 3.6713963
pakistan -0.21108004 -4.26079 -8.281313 5.2601814 2.217281 -0.21926868 0.044370115 3.449233 4.7163177 4.8714113 0.53891563 0.2515112 -10.612458 -0.8400035 -0.3998397 -2.9776945 2.5473254 -0.53562516 5.255527 5.127171
singapore 0.4699019 -1.9215573 -9.540285 -1.0153556 -1.2511578 -0.46593928 -0.9938758 2.643709 -0.3312741 1.1633245 1.5307013 5.1301303 -5.2247205 0.9990325 1.1352866 -1.5622197 2.7032182 -0.10266685 1.3584917 6.917836
malaysia 1.2837216 -3.3400362 -9.249249 -2.1415675 -0.24388924 -0.8468645 -2.8112273 1.4863818 -0.13673769 7.160963 -0.035525057 5.28874 -7.952466 -0.97054154 1.3063252 -3.2927914 2.846185 2.8007565 1.8143034 4.711642
indonesia 3.551876 -3.7848382 -8.308053 -3.3556495 -0.575279 0.69964916 -1.6956831 1.6992425 2.9536524 6.379277 1.5428134 4.733438 -6.6471996 -1.3872391 -1.9380076 -5.9358816 0.33159405 2.6112463 0.29867345 5.364548
taiwan 2.5135496 -3.0068502 -6.4870353 0.07530229 1.0200908 -1.0130581 -1.6750375 -0.6627809 2.254427 1.2298521 3.608638 6.892075 -6.234062 -1.8774683 -3.4858181 -3.6602445 0.9688157 1.3015224 0.5484686 9.515366
thailand 2.638097 -2.7488759 -8.883647 -3.1486576 1.1742967 0.032053772 -0.26153904 -0.961878 1.122421 4.421726 3.1525 3.765189 -5.9957376 -2.2047625 -0.36349332 -4.530174 3.6390903 2.4656723 0.15757976 6.967239
bangladesh -0.5960964 -2.8025432 -8.7209425 4.1146083 -0.08538428 1.4945288 -0.5191686 2.2143304 4.5299144 4.043672 -1.5655181 0.78690314 -8.300046 -1.2365922 1.3073243 -3.3500342 1.7457575 -0.6478544 3.9995806 4.6611414
beijing 3.1366854 -3.014218 -6.498643 -1.1410666 0.9092622 1.1397167 -1.5649794 2.7953296 -0.4218547 -1.138633 4.2105536 3.2477746 -3.094422 0.33444348 0.44104725 -3.0407631 6.6150093 1.3916831 1.075331 11.280499
nigeria -0.9471069 -0.9362247 -6.0003543 2.4567184 2.463136 2.2512052 -5.2408085 0.8808173 2.2513528 3.9262226 2.8820229 1.9873067 -8.453532 -4.6866064 0.2601757 -1.7556552 -0.48661736 1.6954906 -1.9978876 6.442964
bengal -2.7678795 -4.842349 -8.561531 9.519614 2.556374 3.403624 -0.74733484 1.1258807 1.6238743 4.4405584 2.7903166 3.861348 -5.657016 1.3704327 -3.8749444 -5.264568 2.5729134 -3.3010368 3.407826 -1.1182455
nepal 2.093853 -3.995742 -8.197021 2.9363897 0.22855653 5.1001687 -0.9017691 -0.6487662 2.89535 4.2692013 -0.5587932 2.7378335 -9.903066 -1.626789 -2.7171285 -4.958678 6.303147 2.2379868 -0.0032575738 2.9702067
shanghai 1.4866678 -2.9086576 -7.1616488 -1.933768 0.020747308 1.8396077 -3.0834956 3.4326797 -1.8397404 -2.458002 5.620178 4.033907 -1.2721907 2.0681963 -0.5745742 -3.6946864 3.1511018 -0.8872425 0.8658636 10.026202
kenya -1.3411247 -0.12920457 -8.656542 1.3186499 1.6352137 1.1833836 -2.8534763 -1.0371323 1.4638269 4.349672 2.642209 1.0475473 -8.185157 -4.6199207 0.47164547 -1.4822233 0.8416518 -0.17519629 -1.1796244 4.4385905
kerala -0.5102972 -4.076085 -6.729121 5.3224316 -1.729203 8.404007 -1.2098757 1.3147396 0.13133366 0.56962836 -2.6368856 6.1013618 -8.431113 -0.30533928 -0.89813876 -3.538799 4.9469614 -0.3446803 -1.2851578 0.15720367
thai 1.1649811 -8.18475 -7.898417 -3.9356527 3.4153287 2.4101996 1.6886587 1.758361 0.6133925 1.5815831 0.38990408 4.401682 -4.127506 0.1525589 0.8489637 -1.3189152 0.39844605 5.1437287 2.496987 4.4054775
mumbai -1.9608053 -1.4631826 -7.578626 0.021851424 -2.3650005 5.62837 0.05733777 4.1630177 -3.7243056 -2.7862291 0.62791246 1.6149235 -8.545565 -0.6832778 -0.064587355 -5.102921 6.3831954 -4.626573 2.6799889 1.9987656
punjab -2.5459936 -5.879369 -7.331054 8.712659 3.0735164 4.6296673 -1.0797755 -0.32128504 1.9833906 3.871929 -0.1732087 1.4317372 -10.107109 0.7524729 -0.42566854 -4.188578 4.100671 -1.0952948 2.0033414 1.1089487
ghana -1.181733 -1.2286249 -6.145029 1.2404611 2.424594 2.5901575 -5.909796 1.1094606 1.9655151 3.2647233 2.496362 2.6347332 -6.3989816 -3.9357095 1.5006732 -1.7098366 0.35056785 2.9912393 -0.4159618 6.075592
uganda -0.8325117 -0.24906729 -6.890727 2.7565312 1.3203114 1.9369866 -3.1837294 -1.1159184 0.5984084 4.6431003 1.7787558 0.09618277 -8.903225 -3.341689 -0.24260189 -2.216085 -0.91078556 0.72441006 -1.4414599 5.973566
seoul 3.7892735 -1.5718261 -8.206552 1.5365771 0.3367909 0.38101238 -1.4248354 4.626785 -3.272759 -1.4437509 2.7985406 2.207296 -0.6694976 -3.690571 -0.3573216 -5.6274037 6.2385573 2.4042718 0.20756647 9.771596
malaysian -1.2388259 -6.6073456 -7.768827 -3.2507703 1.1441624 -0.43644363 -0.6525119 2.8641005 0.14383338 4.45842 -2.246636 4.0475664 -6.107598 -0.98384464 2.3111813 0.291236 -1.0559278 2.9663463 1.6936822 4.0836678
dubai 1.4551595 2.2429698 -9.858825 -4.587158 -4.927323 1.1032492 -1.753855 3.898239 -3.5127692 3.4963794 0.9535725 0.15421794 -5.2215877 -0.15920983 1.0645525 -3.9948008 4.368778 -0.34323373 -0.7335425 5.4364104
zimbabwe -1.8966486 -0.2738302 -7.7800174 2.4745111 2.3386326 -0.80357814 -4.359354 2.4848862 3.9516063 4.9028845 2.722516 0.63496333 -6.7377243 -3.0440242 -0.2740267 -0.6567874 0.7078178 1.4860249 2.2986808 0.83945876
destinations 6.8844194 1.2839785 -11.206758 -1.2952063 -4.3846483 0.15502492 0.5806315 -1.8242432 -1.5549941 2.8703082 1.4379364 4.4781876 -7.600446 -0.056531433 0.94192785 -8.576139 3.0402563 -3.802406 4.8051248 2.8444102
fiji -2.0212584 -2.442115 -10.108665 1.0176588 2.7800112 -3.1353285 -2.8399594 1.4093455 3.976525 4.3538475 3.9318233 2.1702821 -7.1581283 -2.2466047 -0.5555602 -0.164546 1.7783264 -0.73911035 0.24844727 1.397641
maharashtra -1.9701374 -5.141857 -7.2520742 5.6590724 -0.7691327 6.5841885 -1.9992574 -1.1719713 -1.0969203 3.038125 -2.7764802 6.0617824 -11.295208 -0.40050986 -0.9708077 -3.095901 4.45608 -1.3646954 -0.5873562 -0.1353503
chennai -1.0542213 -1.1093444 -6.5498543 0.34971756 -3.9637988 5.1103783 -1.6395419 2.9256797 -4.7522016 -2.1726286 -0.80476665 3.6990182 -6.473432 0.035375677 0.10257461 -5.7906466 7.9699197 -3.7436745 2.2623518 1.5898012
karnataka -1.6766272 -4.391226 -7.4896994 5.0052824 -1.505557 6.5513563 -1.4288354 -0.8726703 0.18073343 2.521811 -2.63151 7.526671 -9.018716 -0.18239026 -1.6450438 -3.8105354 5.4995084 -0.31033382 -1.8123192 0.18924421
qatar 2.9335532 -0.0096811345 -6.045968 -3.5152822 -2.5163016 -0.111953266 -2.8651228 3.876002 -0.101944275 7.682167 0.8574912 -1.4131653 -7.2723026 -1.2234223 2.3475492 -1.6511239 3.060624 0.42742583 -0.46299893 7.2045226
chinas 1.9132293 -4.351889 -2.9845674 -1.1604289 -0.0024018777 1.8760197 -2.7048364 2.1245766 4.214599 4.972118 2.1047173 4.5824084 -5.29332 -0.006861212 -5.103847 -0.00597051 0.45223925 0.7113607 3.6119745 6.2532954
myanmar 1.701294 -4.463769 -7.396644 1.6437929 2.0364304 0.13849814 -0.21413076 -1.8015255 2.5942857 5.113286 0.36097178 2.9474669 -6.1845827 -3.3247318 -1.9381006 -3.610792 1.8391999 2.7863955 -0.6063801 5.7871327
tanzania -0.5174328 -0.33294117 -6.12122 1.0084418 1.2280573 1.987355 -3.2467663 -3.2684026 1.7540492 6.5461254 1.7596666 1.4205662 -6.98104 -6.0222754 -0.9792622 -3.9841719 -1.3936174 0.8673651 -1.9754713 5.4690604
hyderabad -1.5527238 -2.7119596 -6.48104 3.5679243 -2.323123 5.5599995 -0.910013 2.7698486 -1.6295576 0.6317464 -1.1596875 1.874345 -7.8252378 2.4008415 0.9634016 -4.802291 6.5601554 -2.8361654 1.6024567 2.5145752
kolkata -1.2631971 -2.8494637 -6.934297 4.1912146 -2.1078358 5.4627695 -1.9683778 2.459356 -2.419652 -2.053246 -1.2483504 4.081841 -6.4973245 0.85725 0.57743186 -6.126195 5.970949 -3.4151714 2.136188 -0.7472468
gujarat -2.825672 -3.8618445 -6.7259884 4.419334 -1.1755263 5.9880476 0.017754175 -1.705837 1.3081213 3.2869945 -0.51934993 4.217194 -9.9788685 2.6464157 -3.3770876 -4.558165 3.4303725 -2.2240405 -0.9035724 0.9963766
bangalore -1.9050424 -1.7739195 -6.2998004 2.6658955 -3.1061206 5.6546936 -0.6196947 2.7299273 -2.7098815 -1.8611339 -1.328194 3.6640031 -5.099964 1.1009258 1.3516281 -4.203255 6.4531803 -3.5735016 1.5658427 2.4795568
bangkok 1.4345546 -1.7387134 -9.240727 -1.7562683 -0.70263016 0.8258603 -0.22292598 2.3973465 -3.9941185 0.3873761 1.5912594 1.0516562 -4.6857247 0.26078755 0.23489423 -5.0708437 5.0460734 1.8640788 -1.3929996 6.907202
taipei 2.5430973 -2.4291816 -9.0503845 0.45887628 -0.46981466 -0.09429922 -3.1673431 3.0282726 -3.3550305 -0.35580775 1.4950424 5.252064 -2.9730086 -1.0086738 0.29721805 -4.7564497 4.83423 3.8783083 -2.1550016 9.604252
lahore -3.1971083 -2.053543 -6.826968 5.93432 -0.083492234 4.3865013 1.3051889 3.213284 0.18065345 -0.35781828 -0.22261913 -1.7809194 -6.3127713 2.7578764 0.6022707 -5.4370103 5.407633 -1.4508082 1.2993504 3.535719
karachi -3.0847232 -0.90626615 -8.100818 4.143822 -0.93881613 3.447593 0.6457686 1.8745332 -0.42606878 0.06170479 -0.26087186 -1.899559 -6.701913 0.69701153 0.13663763 -6.904935 3.399955 -2.7762775 2.6117141 4.5995083
bihar -2.9793603 -5.4281254 -4.7564893 7.5086765 0.7389111 4.516427 -1.2604828 -1.777819 0.53519595 2.718739 -2.193692 3.7021942 -10.187524 1.8984942 -1.8768686 -4.946592 2.7122777 -0.9911077 0.104676604 -0.27417082
assam -2.1442833 -4.730886 -6.905573 7.277893 1.9231972 4.362498 1.3644854 -1.2657974 1.4899867 3.1537337 -0.9253379 4.226567 -6.9258776 -0.04568207 -2.6888828 -5.1344643 2.201644 0.8868193 1.8406645 0.36568162
ceylon -4.6052356 -4.6688223 -9.05694 5.107807 1.5635911 1.3995149 0.22053127 1.6147623 4.959367 1.0655053 3.408167 3.757934 -3.7084446 4.6071215 0.6566581 -1.4862524 1.3225125 -4.722414 -0.009215158 2.228028
bahrain 1.8292679 -2.3234346 -7.086166 -1.1424944 -1.2061033 -0.28836104 -0.23312362 2.9624572 1.5674015 6.7225804 0.8944003 -1.7517061 -6.8063817 0.76870286 -0.7726322 -3.0267932 2.5756412 0.07310375 -0.921971 5.410136
jakarta 2.6548939 -2.5580218 -8.297465 -0.32201427 -1.9700568 1.9949108 -0.1670176 4.0267515 -3.8131917 1.3444837 -0.45919508 1.4291354 -6.1858377 0.19589083 -0.51762843 -7.9313226 2.7132633 1.4537954 -1.3533351 5.9847593
dhaka -1.4357866 -1.9500614 -7.8208165 6.6460094 -0.6372977 5.3689103 0.41737166 2.5490444 -0.50850487 0.03252703 -1.5799294 -1.2635579 -6.369926 1.0976253 3.1110868 -6.559777 5.188131 -2.0466778 2.1299775 4.16717
johannesburg -1.3991319 1.6728183 -7.601549 3.4147327 0.015646651 2.0446715 -4.412361 2.74542 -1.7184212 -1.7311559 4.093623 1.0320076 -0.471021 -1.8362463 -1.0424539 -3.096623 1.3171325 -1.1693958 -0.9066776 3.0196204
rajasthan -2.5388808 -3.54154 -7.7779016 4.423083 0.069149055 5.90867 -0.39686403 -1.5006988 -0.51046497 3.6252403 -1.0132352 4.235462 -7.7476926 0.39422834 -0.4237084 -3.2398412 5.4619355 -0.52344275 -0.13995054 -0.97396165
namibia 0.8048289 -1.2965937 -6.4429927 1.7157017 2.2111812 0.0837588 -4.474774 -1.7319285 2.6341472 6.3649597 2.661474 1.5421166 -5.104507 -3.4410818 -0.09615664 -2.4582882 -0.37293878 1.5414698 -0.08995578 3.651188
zambia -1.0726732 -0.5168559 -6.1882434 1.4358335 3.0093522 0.21457268 -5.5114174 -0.66578555 1.5249293 6.0477166 3.1085224 0.21304122 -7.7722487 -4.8145885 -0.091000065 -1.7942495 0.45679986 1.746422 0.49967182 3.61763
pune -1.4521693 -3.083584 -6.110937 2.280411 -1.5762339 6.718514 -2.7341485 2.7231042 -3.5498486 -0.4324911 -0.28050563 1.2087064 -6.3014803 -0.15197116 1.4929848 -3.3817916 7.5511303 -4.6311345 2.5018473 2.469305
macau 3.2746737 -4.4597306 -7.1027317 -3.4990373 -1.0906767 0.57286745 -2.3004782 0.80194515 -2.0748296 2.6585636 2.0548472 3.5165148 -5.925038 3.3968706 -0.021292051 -0.9956739 3.5232756 0.066709265 -2.7436376 4.6229377
oman 0.32828906 -2.1237617 -7.1874127 -2.3783338 -0.76502556 1.0029912 -2.3834686 1.1112376 2.2128527 9.147886 1.9809309 -1.2778018 -4.4317284 0.45043778 -0.63330406 -3.8026328 1.3390783 -0.8643903 1.1258196 3.2857563
guangzhou 2.618411 -5.2877293 -7.170916 -2.412601 1.6230699 0.33789793 -5.6487846 1.6800654 -3.580032 0.74959195 4.0419703 3.2917938 -2.6025393 1.1542281 0.33493495 -4.3972282 4.7775784 1.4673055 3.0400052 9.095803
malawi -2.0862536 0.35795894 -5.8592997 1.8703963 1.7764231 1.7828506 -3.9756992 -2.3899443 1.4688545 3.8204787 2.2789204 1.7653136 -7.3507442 -4.2936034 -0.773518 -0.9308376 -1.4852281 1.5590013 -1.3926729 3.8711445
kenyan -3.046236 -4.240142 -5.925571 -0.5959743 3.6633208 0.4233323 -1.7698132 0.8644454 1.4457961 2.9994373 0.8179535 -0.3692739 -5.506951 -4.7591324 1.2492234 1.5580217 1.7036661 0.5533116 -1.2577599 1.5487907
bhutan 1.9190242 -2.569316 -7.0322804 2.540722 0.66747737 3.8543408 0.4768564 -1.2722341 2.8378603 6.874825 0.8256247 4.150176 -5.998297 1.056632 -1.1256392 -1.9082315 4.461198 4.3298936 -0.8419787 3.0798736
brunei 0.17877544 -4.1058316 -9.370499 -1.5694027 0.21087651 -0.18317197 -0.540161 0.20748813 0.7130987 7.960988 0.83572507 2.3231158 -6.541873 3.5539918 1.2951486 -2.9106653 1.6523564 1.8163095 0.38729423 3.159391
malaya -1.7682781 -4.4621916 -8.141264 3.0682602 1.981678 0.8499817 0.5143793 2.6410105 2.5218601 4.010005 4.0173674 2.0943596 -3.8224685 3.6187449 -1.0351319 -2.90634 0.35271612 -1.7060542 2.4118207 6.112547
mysore -2.9084306 -5.2207437 -6.57206 3.6625824 -0.97427016 7.2234077 -0.20811062 0.67482656 0.8112885 1.2646121 1.0999845 4.746387 -4.63101 6.8832164 -1.6034486 -2.62294 5.8578987 -2.2920606 -0.7070539 1.3481333
botswana -0.597089 -0.63797724 -7.166287 0.90900916 1.9877462 0.4093399 -3.486027 -1.5110285 0.6956495 5.481908 1.87619 1.9231286 -6.9403896 -4.526906 -0.098132014 -1.6029942 0.15824579 2.5343964 -0.86936295 3.5266752
penang -1.7633783 -3.3794606 -9.174301 2.140309 0.3690556 0.5980009 -1.3123442 1.3659828 -4.5554423 3.0302134 2.1544292 3.8314655 -5.167704 4.0176144 -0.7956941 -3.5795991 2.5063515 0.12511624 -0.1210149 2.6993513
nanjing 1.8390418 -5.10361 -5.8241715 1.5019617 1.1667985 2.6803863 -0.25062567 0.33914188 -0.92635095 -0.17067727 3.9264035 2.6572165 -1.8310641 3.2753305 -2.0898974 -4.2717023 3.8477173 -0.0047469866 0.29739302 10.7279215
sarawak -1.7232096 -4.0832996 -8.32412 1.1059887 1.6634002 -1.0404822 -0.74487555 0.10408306 -1.7058383 7.95925 0.14163436 3.4008727 -6.8872705 0.890497 -0.42062378 -2.9530795 -1.178373 2.9670215 -1.1077815 1.5411305
guangdong 0.39530712 -6.064175 -6.864082 -0.103766784 4.1988564 2.720923 -5.4806294 -3.9569125 -1.3703634 1.4078449 5.3727937 4.6278324 -5.1846857 0.0820083 -2.046981 -4.5876684 1.7065042 0.99648803 1.2897679 8.11089
benin 2.2126932 -3.6605735 -5.4688597 1.1717451 1.3564174 4.370464 -4.6784987 -2.0641038 1.8061014 5.5438867 3.2952216 1.3648455 -3.9398758 0.062103666 -1.0219675 -2.6270576 0.24962056 0.6751444 -5.203026 4.713004
telangana -0.19866186 -5.609199 -3.7208185 6.2893066 -0.6214923 4.739308 -1.8896706 1.1844208 -1.4281557 2.5013423 -4.1414304 3.9980214 -11.023831 0.43107635 -2.6005998 -3.542457 2.6038866 1.3472217 0.5165717 0.63320744
haryana -2.862948 -4.3968945 -6.4577293 5.2386675 -0.080358885 3.9855483 -0.5712581 -3.3579774 -2.023854 4.0983453 -2.4969983 4.3340564 -10.683003 0.46213603 0.27659318 -2.3966773 4.8417034 -1.5976259 -0.633855 1.4408417
lucknow -3.4449065 -3.9344149 -4.559212 5.4563117 -0.77907336 5.2690134 0.84088916 1.4673479 -0.531766 -0.987126 -0.9867163 1.0382847 -4.871303 3.151555 0.23189673 -4.319333 6.272853 -3.5264926 0.32079294 2.6579618
maldives -0.037248358 -3.0195003 -7.0384254 -0.9931332 -0.21269627 -0.21893992 -0.21598561 1.0659704 2.2825086 7.1084204 0.22801195 1.2562457 -6.975706 -1.236477 -0.44587559 -2.7446978 2.3688753 0.4414808 -1.1992971 3.0898082
durban -2.3421364 0.30172879 -8.296375 3.2139623 0.94933385 0.1230028 -3.9149866 2.5593078 -1.0882577 0.45270577 4.410033 -0.24211153 -0.6602834 -1.131407 -1.0330286 -2.0065265 2.8510582 -2.1831863 1.0871583 2.2623134
johor -0.78315115 -3.7003932 -7.798793 -0.1602585 0.28545776 1.3808786 -3.0228434 3.4385304 -5.4657397 7.8474665 2.5491188 2.4291952 -7.9546204 6.0826025 -0.57864594 -3.0979512 3.190305 2.450594 0.88054395 1.9497446
sabah -0.39820766 -3.5664928 -7.255203 0.99151343 1.1083324 -0.11631535 0.24772793 0.9321559 -1.8084944 7.5894227 -0.8089567 1.5010362 -7.482723 -1.186142 -0.28833935 -4.073474 -0.5000685 2.6493332 -1.9067343 2.3360724
tianjin 1.1262752 -4.3194156 -5.5213943 -0.67875683 1.4779525 2.5065174 -5.4992256 0.2905345 -3.8345177 1.1216732 4.4314446 1.7122436 -3.3234377 2.4719102 -0.5784923 -3.2651095 2.9782667 -0.11486853 3.880563 9.649292
gambia -1.1135373 -2.7629933 -6.529355 0.97504747 2.4979963 0.5453406 -3.4612298 -0.8170698 1.7357925 5.436019 3.756241 0.22764334 -5.3906426 -1.632569 -0.76139754 -0.58418274 0.14676623 -0.701687 -2.6272292 3.8828073
shandong 0.039458323 -7.178265 -5.375542 0.70044893 5.743188 2.973078 -5.8566184 -3.2104745 -0.3307691 1.7197564 6.683847 3.4165497 -3.2617774 1.0033029 -1.8109035 -3.3647354 2.050478 0.5376833 1.5912087 8.022956
doha 4.081946 1.0060469 -6.2355433 -1.537551 -4.0855794 1.0794351 -2.268441 4.8242817 -2.3574305 6.021349 -1.0120555 -1.8238581 -3.8227584 -1.9905974 1.7213339 -3.1687946 6.6348557 1.5538847 -1.3380215 7.0311675
islamabad -1.4124058 -1.3734213 -6.428292 4.91145 -1.7077173 2.0720022 1.288152 2.2635627 -1.7755976 2.8142562 -2.4588149 -1.383771 -6.638941 -0.027298149 0.90594995 -5.1633396 3.9675133 -1.3210797 1.4869856 6.556988
ahmedabad -3.0884051 -1.5983678 -4.370577 2.6542196 -3.6623092 6.5993567 -0.3067085 1.0725875 -2.3025887 -0.8202544 -1.3781564 2.8594546 -6.53801 3.1469054 0.61073875 -5.9358473 4.33169 -4.0423226 1.0606679 2.8448548
hunan -0.4486026 -7.317483 -6.4763246 2.892944 5.1088643 1.6547123 -4.362461 -2.574299 -1.2201535 -0.63743854 4.328196 4.525852 -4.5605865 -0.39861852 -2.873936 -5.2756305 1.8417029 1.6026154 -0.055987556 8.140115
nepalese -0.9238689 -6.1391435 -6.9966345 -0.34190717 2.2283127 5.2332783 2.0501945 0.008013433 3.6697128 1.0361526 -0.55784833 1.5159178 -6.5915885 0.6312348 -0.36029884 -1.7476842 0.47171417 2.2384892 1.7673934 0.7391157
jaipur -1.7577353 -2.9532423 -6.5398912 1.8065066 -1.901079 5.8902845 0.6240621 1.3879459 -2.7272246 0.38736483 -1.5580032 3.2931476 -4.405752 2.5151994 0.28029087 -3.8562872 6.2966733 -0.053124674 0.858806 0.6702795
patna -3.2503636 -3.0493236 -4.517551 6.4885397 -1.678976 5.4620967 0.07086127 0.3301002 -2.2001503 -0.4685596 -1.6413115 3.0175161 -6.358454 3.3292258 -0.30525365 -4.8336916 6.5799894 -2.742488 -0.038136452 1.6658049
nagpur -2.2729888 -4.5526175 -4.573607 5.9480104 -0.96352834 5.165225 -2.344191 0.026903024 -2.1097598 1.9497588 -1.8500835 3.069105 -6.143955 2.8356838 -0.3455541 -4.3801713 6.009747 -2.2710345 1.482124 1.3630455
chandigarh -1.6806161 -2.8315427 -6.4675946 3.2392523 -2.0437062 6.296644 -2.299761 -0.48369962 -4.113619 0.4964025 -2.976534 2.5948913 -6.864854 -0.31015193 2.5974252 -3.5689895 5.729489 -1.6728405 -0.15221117 4.5036974
kochi -0.23101082 -2.1303778 -6.404172 0.26433557 -3.425597 5.298765 -0.8293324 1.0395339 -3.423072 1.0528485 -0.62007326 1.137414 -5.0608487 1.794794 -1.4234028 -4.6809506 5.042557 -3.083743 -0.47114033 2.0114248
chengdu 1.1357688 -5.370364 -4.581536 -1.123847 2.2580736 1.2923819 -3.275708 -0.56522137 -3.2771776 0.64978486 4.7135015 2.8925886 -1.7717673 1.6407706 -1.4900129 -3.7173567 3.932915 -0.4381411 2.714393 8.757023
sikkim -2.1368687 -2.743782 -6.492218 5.7250466 1.6830181 2.7025003 -1.5584514 0.037271008 1.8385214 5.5273714 1.2670693 3.0294158 -5.1555743 0.75571316 -2.4396524 -3.5290282 4.480804 2.5315952 -0.5273266 2.0825932
manipur -1.0736196 -5.6377773 -6.5747843 5.577261 2.8938885 3.6396005 1.296041 -0.047660094 1.7110509 3.4731345 0.013514028 2.4115362 -5.7988257 -0.81089866 -3.0039215 -3.8061163 3.871823 2.0231323 -0.67236495 0.06688839
chongqing 1.3481718 -5.3957486 -5.0522346 0.0634334 1.8888261 2.517882 -4.773588 -0.7400651 -3.2440119 0.91604245 3.6074555 2.3318195 -4.255527 1.7017924 -1.1561403 -4.820329 2.1965425 -0.69193476 2.9746428 8.245172
djibouti 3.5190532 -3.4186022 -6.5259438 0.39835173 0.21384464 0.660338 -0.5083377 -1.0292026 -0.5221701 6.7837396 2.0058641 -0.6955384 -5.4200826 -0.21838795 -1.9425641 -4.9714036 0.350693 -0.4141755 -0.8983826 6.450376
lesotho -0.8113489 -0.7053953 -5.366796 2.5354578 2.3362274 1.9948293 -3.6769469 -2.1049657 1.2708983 5.2781324 2.255555 1.3596344 -5.3533983 -2.638928 -0.3365916 -0.4644434 1.1808044 3.0954716 -1.4014561 3.6893318
bhopal -3.6226544 -2.1432195 -3.182993 2.9064167 -2.499728 5.101426 0.70135844 -0.01731731 -1.5174065 0.5444634 -2.1861494 0.3286213 -6.2440743 1.8537383 -1.2264888 -4.4099894 2.9689362 -3.0906875 -0.010933242 3.235552
coimbatore -2.3234267 -1.9656028 -5.0472975 2.875549 -2.84951 6.832159 -1.5710412 -0.16037379 -4.6738725 -1.0358973 -1.4988668 3.6032786 -6.343966 0.39946848 -0.35410967 -5.1559134 3.986683 -3.8240366 1.8472265 1.0341659
wuhan 2.1742847 -5.176035 -3.9757648 0.7812063 2.3393807 1.0405772 -5.132943 0.52763516 -2.8666267 1.5377256 4.130124 1.5705688 -2.0019317 1.5479709 -0.8537066 -3.0037847 4.382076 0.06478204 3.1719 9.454959
malayan -1.3335947 -3.6814842 -8.507249 2.415616 1.5297477 -1.4013665 3.5723045 0.98797315 1.8454313 5.2579813 0.28977743 0.25512037 -3.926285 -0.32023245 -1.5449167 0.69090897 -1.9622397 -0.32481605 3.2146106 4.2525887
tuvalu -0.84251887 -2.4182067 -7.3125486 1.18879 -0.19702412 -1.5778587 -2.0331333 -0.8130273 3.6325474 5.897775 0.40590644 4.0705905 -6.220991 -1.0769233 -0.8435115 0.5617805 1.6229424 0.05904273 -2.7366598 2.3924212
swaziland -2.2587469 -0.3216817 -6.204059 2.4053857 2.7848284 0.42956087 -3.4617834 -1.5078887 2.2644901 5.3120046 3.0863028 0.81370085 -5.3949094 -1.8629572 0.027043441 -0.39220437 0.46730927 2.836704 -1.9942011 3.4873822
hangzhou 0.7978595 -4.211767 -5.3782296 -0.5168902 1.6544886 3.282949 -4.22063 -0.8987381 -2.8694758 -1.3673644 4.639248 3.8056748 -1.4064852 0.9604177 -2.1017995 -4.8174844 4.2753515 0.5082734 0.50689036 7.8766036
tripura -0.8148279 -6.168428 -6.1767206 5.968408 1.9178115 3.7200658 0.5281363 0.3997905 0.36982846 2.3322797 -1.729489 3.121733 -7.223581 0.50249374 -1.9045804 -3.9365718 3.8837276 2.2385397 -0.756823 -0.5929173
orissa -3.0377817 -3.568699 -4.555073 5.2901297 -0.28653672 4.115263 -0.029430635 -1.1469413 1.1817377 3.7140796 -1.0451974 3.264913 -5.2703195 1.7650201 -2.3781424 -3.0158603 3.6543775 -1.1495407 -0.6749733 0.9381906
dalian 1.2120205 -5.566451 -4.8744936 -3.5174973 1.7785045 2.0818307 -9.007644 0.7048936 -4.237598 0.9522214 5.067427 3.4088302 -2.1945872 1.1843596 0.29914764 -3.2825253 3.0872102 -1.0149081 4.7297053 7.7664723
kanpur -3.2805817 -3.907567 -3.8419914 4.984341 -1.530113 5.6674395 -0.38315266 0.11491686 -3.2986362 -0.6509689 -2.339618 2.6481268 -5.6892347 0.542011 -0.14619301 -5.008154 4.5403056 -4.0515237 2.4594212 2.3512108
chhattisgarh -1.5373765 -4.017445 -5.33846 5.305135 -0.4450429 2.6583865 -0.81507355 -1.748501 -1.5951831 4.208611 -2.841093 4.6754994 -8.69258 0.39915833 -1.1306641 -3.816857 3.5187087 0.7542432 -0.1132027 1.0033808
pyongyang 2.956938 -3.6727147 -6.0932307 2.1614335 0.9636618 0.45777425 1.879649 2.6371942 -1.3819225 -1.4544796 2.5073268 0.5675065 -1.8659614 0.8627138 -3.2505035 -4.842457 2.3234208 1.0725319 0.43862775 8.179731
kaohsiung 0.27172643 -2.6920576 -6.93697 1.3236046 -0.5002212 -1.1634948 -3.0598476 -1.0402658 -4.7050123 0.54276985 0.8010873 2.2186646 -3.5571783 -0.2969951 -2.097667 -5.416591 3.3522458 1.0915184 -2.9933631 8.870533
liaoning 0.78355145 -5.763158 -4.583719 -0.13210787 5.0212355 2.142142 -7.255943 -4.4824605 -0.06620617 3.4753792 6.090432 2.2869878 -1.4118505 -0.31094617 -0.53541183 -3.2980814 2.0548615 -0.19837835 2.8837278 7.072459
guwahati -1.8436961 -2.8012583 -5.8919735 4.591457 -1.1682849 4.259578 0.8525795 1.6633068 -2.5678077 -0.07627998 -1.572367 1.7546885 -5.5433097 1.4126219 -0.46758178 -5.764338 6.1632395 -0.9883817 2.6626406 2.2340434
bandung 1.993537 -4.4177628 -5.8718915 -0.8345811 0.20660806 4.4606886 -2.9286668 3.52022 -3.3635912 1.1730715 0.68286073 0.9601705 -2.9272838 0.029168887 0.298931 -6.397522 2.6354773 2.070859 0.44308826 5.653105
mandalay 1.2838284 -2.181916 -7.4051437 1.806602 0.067558855 1.6373773 0.9259318 0.1078542 -3.2751224 0.27867267 1.3150845 -0.63886666 -1.317925 -0.726606 -2.247065 -4.6618304 2.5077147 0.11798991 -2.0981054 3.5710373
indore -2.660936 -3.1814315 -4.539037 3.0639625 -2.3234484 4.9497485 -2.2096584 0.4951861 -2.9999259 0.22472233 -1.8636767 3.9209158 -6.164298 2.4803746 0.9034362 -4.3751535 5.6820846 -2.5226731 1.5736057 1.7324064
qatari 1.3413022 -3.2230103 -5.194435 -3.813252 -0.031955987 1.3843323 -1.9278061 2.676455 0.4113538 4.9421024 -0.41048777 -3.0023468 -7.3033953 -0.83951956 2.923282 -0.35754588 -1.265217 0.46322986 -0.6249934 3.5758314
kozhikode -1.0673931 -3.891743 -6.4147525 2.8072991 -2.3195794 6.515493 -0.78249377 1.6491606 -2.481512 0.012128519 -1.5515575 1.6610749 -6.758667 2.0466135 -0.8755696 -5.36199 3.9187436 -3.0621803 -0.054238543 -0.58730185
kedah -1.8137399 -5.0270324 -7.0547705 -0.664455 2.0648363 0.22122207 -2.7294438 2.155555 -2.6998868 8.013761 1.7513912 2.5973709 -6.227046 3.3906925 1.0915309 -2.9437497 3.7511125 2.9862328 0.58273923 0.7346126
zonal 6.178011 -4.4318676 -3.222715 2.899544 -0.5850751 1.4236137 -3.2057207 -0.2930675 -0.064754106 6.6273665 -3.2898245 1.3278673 -2.275898 -0.7152077 3.2549307 -1.1164168 4.9304605 0.698584 3.283679 2.080448
trivandrum -0.76080894 -2.3090572 -4.1586514 4.697434 -2.5453622 6.7266483 -0.26824012 2.223803 -3.3113542 -2.081126 -1.4346764 2.436101 -4.326403 0.8601472 0.01841922 -4.5913434 7.5614376 -2.4191794 -1.4979119 2.4275162
mizoram 0.11263354 -4.7781944 -5.5719953 6.6074877 2.44363 2.125157 -2.159878 -0.7586792 -0.21971823 2.133429 -1.3585498 2.4215746 -7.0209613 -1.9034202 -0.43523186 -3.388605 4.278752 1.9942648 -0.014432923 1.6776489
sharjah 0.881035 -0.1636435 -7.8909783 -1.121384 -2.8176246 3.2162104 -1.4743443 3.0025482 -0.97466135 5.434803 0.19433172 -1.3289113 -3.7687125 0.37858576 0.67577994 -3.0982788 3.1945293 0.26320446 -1.276838 4.0838475
jeddah -1.5381912 0.28179327 -6.7632546 -0.34865245 -2.3834934 2.3192096 0.7102191 1.1374538 -2.0433056 2.9095519 1.0714948 -2.6446111 -4.3143826 1.8860139 -0.9423044 -5.5195546 2.0116563 -0.7023973 -2.831476 7.600708
guizhou -0.1728694 -6.363446 -3.9277341 0.72177726 5.4513683 0.96375597 -6.2523284 -4.447119 -0.49522856 3.2183676 5.0063124 3.6296294 -4.300019 -0.5391061 -1.2571708 -4.2713895 1.8173218 0.9211695 2.2421365 5.3832655
ludhiana -2.7955382 -1.132557 -7.6948256 3.972792 -0.10328531 6.3859825 -0.31372973 0.73898166 -4.1052213 1.6025969 0.32484683 0.81962097 -7.1080465 -1.0628043 3.2467468 -6.8153205 5.6414423 -2.8732457 2.5923715 1.8649635
qingdao 0.6234811 -3.7829773 -6.234729 -2.2856205 1.3621387 1.0324211 -6.9001412 -0.6439918 -2.6202276 1.679332 4.564002 2.526476 -0.86361474 0.80290145 0.95068055 -3.7325346 4.2194567 -0.6439456 3.7451828 8.27685
jodhpur -3.3565145 -4.2953873 -5.786945 3.984629 -0.13954866 4.910636 1.2776648 -0.6390209 -2.062465 2.131568 -0.4803455 1.2373334 -4.2379146 4.818046 -0.37803409 -3.247116 5.891966 -1.4323821 0.839861 0.6798613
nagaland 0.45688722 -5.5461936 -5.9341254 6.767315 1.6873947 2.4315786 0.14120233 0.030062072 0.8207391 2.8267243 -2.540502 2.6920419 -6.3774123 -2.3668792 -1.5940677 -4.200594 2.6364663 2.113029 -1.7278862 1.2927421
kiribati 0.37409538 -3.4472742 -6.9844913 1.4065883 0.6783161 -1.7170719 -0.85294056 -1.8458309 2.7481415 4.0874553 0.57134616 3.0066814 -4.631831 -2.3872418 -1.6968502 -1.3742708 0.59650874 0.13885634 -4.069803 2.8618073
bhubaneswar -0.9488445 -2.160432 -4.7048283 3.4770527 -3.9792452 7.58375 -1.1732938 0.1598028 -4.074906 1.1248426 -2.880875 4.4747653 -4.932394 1.4470592 0.9018535 -4.817707 6.653286 -1.4935219 0.49538046 2.0524147
abuja 0.3556002 -0.42048475 -5.4817276 2.4130867 -1.5541167 0.93850714 -2.5515664 1.8904705 -2.6156135 2.3111203 -1.1845756 -1.5267415 -6.4582424 -1.5235019 0.6302333 -2.7523608 1.8505592 0.23995617 -3.2039585 6.446131
hooghly -4.5037303 -2.862216 -4.059312 5.2288527 -0.11998055 4.2836742 -1.6266618 -3.6717677 -5.8205214 3.4697428 0.12878156 2.645763 -5.1365533 1.8314279 -3.7917736 -5.7398906 2.3823621 -2.5211701 2.4956157 -2.8446872
melaka -1.2613591 -0.39402786 -6.143121 0.06534817 -0.28708148 0.5264072 -1.1314831 3.873817 -2.4537818 6.4505177 1.0749006 1.8922595 -3.9944081 2.4961357 -0.3021122 -4.4593706 0.42329276 4.623753 0.043859094 2.3447387
dehradun -4.0127044 -2.8329291 -5.7514424 4.2747335 -0.55286753 5.565205 0.14085157 -0.8773811 -1.9145968 -0.62389135 -1.0492629 2.5143719 -4.495966 0.2628647 1.2925617 -4.1511908 6.438284 -2.7045138 0.9068104 2.439822
taichung 0.56115055 -2.4882236 -6.8174767 1.7682598 0.24224517 1.0633051 -3.872541 -0.996232 -5.400941 -0.18442501 0.60002023 3.769772 -3.442109 -1.2261865 0.14190413 -5.217694 2.2655969 2.4101636 -1.8741558 6.603855
xiamen 0.4670364 -4.2773986 -6.001941 -0.9711355 0.7471145 2.3277013 -3.8925142 -1.7748773 -1.6537408 -0.7000471 3.4063392 3.6735919 -2.5391665 1.3550876 -1.3170623 -5.417546 2.4268475 -0.5410142 0.8468322 7.5983567
windhoek -0.12354634 -0.7816796 -5.955071 2.5037713 1.1300673 1.1021643 -4.2681847 -0.18319508 -1.788044 2.2377257 1.7307727 -0.56511885 -3.001253 -0.4835964 0.89806414 -5.2914515 0.025783336 0.9006004 -0.3926015 4.2236204
kolhapur -3.5514517 -3.7985144 -5.214183 3.087171 -0.14649022 7.51188 -0.40104532 0.021762475 -1.3100373 0.92347145 0.3531951 1.5459292 -5.800073 3.5868955 0.34171996 -3.9686053 5.399994 -2.1964986 -0.33792058 -0.5709913
niue -1.8028123 -2.411597 -7.720185 0.93094563 0.9812335 -4.019716 -2.2657213 -1.6822994 2.2340674 3.9273705 0.89484185 5.0567956 -4.4576674 -1.2123475 -1.685682 -0.26703507 -0.18820892 1.9700768 -3.4833844 1.1698203
hin -2.461323 -6.8116155 -1.9234186 -3.4605422 3.3685071 1.7610388 0.20454422 -1.3038511 -5.9311414 0.97464645 1.2120637 5.093573 -1.1278908 0.7418428 0.51148486 -4.5772285 2.6288812 3.7727945 -2.3690927 4.045637
shimla -3.5124307 -1.4290448 -5.1397033 3.1104743 -1.3550526 5.095509 0.48937407 -0.58876586 -2.1489625 -1.0782819 -0.82155764 1.376979 -3.6052265 0.9825118 -0.5637399 -3.816048 5.783361 -1.8802296 -0.5026474 0.9115862
vadodara -3.0384376 -1.8086123 -3.8570635 1.7831767 -2.9812784 4.7391973 -1.375244 0.23274878 -3.190965 0.6659726 -1.9001206 3.151562 -4.991164 2.450571 -0.04451104 -6.387797 3.8338206 -1.7596253 2.099503 1.0407372
nashik -2.6690586 -2.4749055 -4.7095094 2.7162297 -2.1128979 6.1258063 0.35236222 -1.902163 -2.9873598 1.6131529 -1.5374291 2.945395 -5.3907094 2.6439738 -1.6123194 -5.041738 3.8604639 -1.6444097 -1.0736324 -0.6295556
emirati -1.5841591 -3.5002203 -5.367023 -4.022986 1.1688076 2.4797187 0.0903933 1.6982697 2.1761446 2.8926957 -0.79122704 -1.0356063 -5.2264547 -2.5868304 2.895432 -0.88260084 -1.0836967 1.7253453 0.18905929 2.8493428
phuket 0.14201055 -2.2211952 -8.486907 -4.152091 -0.6359403 0.8050828 0.6428487 -1.2583815 -3.6958253 2.3319368 1.1488651 0.38528216 -3.861026 -1.547463 -0.7855968 -4.4826465 3.8366413 0.48078394 -1.675346 4.2717466
lombok 1.842162 -3.8240807 -6.0440326 -0.84130573 -0.697914 2.1216693 2.464616 -1.8962379 -1.2790527 4.6837635 1.6545708 1.5973816 -4.330557 1.3551207 -5.805909 -7.3365045 0.028187264 -0.692687 0.016119368 -0.12750284
belgaum -2.302425 -3.635923 -3.6376638 5.527112 -0.82717776 5.8312597 -1.4676143 -0.722457 -1.5562656 2.0342333 -1.4911306 1.7108119 -5.2945027 1.6841311 0.01979371 -3.872878 4.417343 -2.494753 -0.14323103 1.7743093
rajkot -4.2701945 -2.8194363 -4.6542716 3.7416842 -1.0970229 5.351854 -2.4546206 -0.48788545 -1.8932986 0.5233031 -1.6823307 2.589134 -5.947585 2.031094 1.1086607 -5.12109 4.6182747 -1.7768136 0.9827328 0.13301884
pattaya 0.452008 0.18357116 -7.6895485 -3.604283 -0.07936478 0.20311996 -1.3267679 1.3777926 -4.563118 3.491704 1.2094599 -1.6222723 -3.4609208 -1.5262375 1.1907431 -4.767215 4.527648 4.316784 -0.5946331 4.3990774
wuxi -0.22515994 -3.7842848 -4.1566353 -1.9953823 0.68710786 2.1430888 -5.803547 1.4485685 -2.0660272 0.9312227 2.4353185 4.573093 -0.1680494 -0.9408982 -0.23577645 -2.9996262 3.0474057 0.2895023 0.56224215 3.6269448
bishkek 3.0718446 -1.7818068 -3.7882113 1.2521497 0.53242093 2.3726923 -1.7156743 1.1667768 -1.8652873 3.8176703 0.4239834 -2.204736 -3.811124 -0.98343277 1.5815065 -6.1364865 1.2726629 1.6813961 0.8772338 6.4686155
nellore -3.4377537 -2.953849 -3.4194975 3.596745 -0.78636223 4.8309183 -0.7384522 -1.2144084 -1.3753772 2.4438093 -1.2530688 1.7735571 -5.6115646 2.150181 -0.6966949 -5.5565305 2.7588449 -1.8359876 -0.9385699 -1.6338328
pho -0.18526842 -5.3547835 -1.7309904 -1.5526779 2.501168 1.6474682 1.962392 -1.779301 -4.2927003 -0.11505581 0.36429363 3.77325 -1.8859403 -0.7852923 0.27331448 -6.633116 1.0647348 1.780963 -1.7929162 1.8220024
ashgabat 3.8372529 -0.54742515 -4.896075 1.5720078 -1.7711767 3.6505637 -0.39832342 1.1810261 -1.4273374 3.2796962 -0.1517188 -1.4389082 -0.5825961 0.8130092 1.3168882 -5.700559 1.5027251 1.5164598 -1.0359789 5.237031
bhavnagar -4.57799 -2.8803093 -3.8529577 3.9107864 -0.7207403 4.8727603 -1.9442704 -1.4668772 -1.1943101 2.8126955 -0.25207782 2.63547 -4.801573 2.90662 -0.07106572 -4.576933 3.9568293 -2.5772667 -0.47090128 1.138595
cotonou 2.6115375 -2.5476913 -2.0836537 -0.046584286 -0.6354213 1.550504 -4.208306 0.2731942 -0.87114877 3.6687515 1.0514554 -0.27130136 -3.2852116 1.0743784 -0.54856586 -3.3457375 -0.9183869 -0.048347488 -3.215406 4.6844335
niamey 2.9752285 -2.8175366 -2.2967174 1.220593 0.42786953 1.7523665 -1.9080365 0.25126117 -1.8240404 3.5728395 1.1432385 -1.2193228 -4.4123526 -0.47427952 0.51858836 -4.243517 0.33468702 -1.1421833 -2.1668615 4.729913
hubli -1.9679426 -3.1958911 -3.4520886 2.8210554 -1.7694973 4.2427044 -1.2576923 -0.012036402 -3.418505 0.52112216 -1.9829259 2.594012 -4.4384546 1.5055033 0.09845565 -4.924143 3.7970324 -2.2488446 2.5202234 0.93976665
boma 0.002162392 -2.1962264 -3.2766032 1.7369348 1.5518911 0.51512 -0.39211527 -1.1927427 -2.0044284 3.4757802 2.1223567 0.015672585 -2.1073282 -0.075993024 -0.46267325 -2.9686623 0.27624908 -1.1380197 -2.2760801 1.5107188
agadir 1.8067296 -2.2101378 -3.4576714 -2.6906683 -1.1813953 2.6669672 -1.8950177 1.2097253 -0.7452303 4.763761 2.6739519 -2.3969204 -1.5855966 1.2991285 -2.3937428 -4.887765 1.043584 -1.7261133 -0.16089231 3.590498
ajman 0.11244085 -1.4917884 -4.8395967 -0.674657 -0.17609474 1.8208722 -0.65420043 0.021721454 -2.0855854 5.6008716 1.1963322 -2.2946882 -4.9607334 1.3402061 0.37106618 -3.157456 0.0044418233 0.038476568 -1.5999116 2.3972764
khadi -4.37564 -1.3689008 -4.8122516 -0.22537379 0.25389695 6.107732 1.3126634 1.3797653 -1.1997564 -0.31126335 -0.48823112 3.9420376 -3.355668 3.090094 2.3436704 -1.7220873 -1.6300937 2.8790934 4.573782 1.427454
nanning 0.27452528 -4.3814487 -3.5767498 0.49295872 1.4113725 1.8414917 -2.8278866 -1.9708346 -1.7527908 1.7643336 1.3336431 1.9618602 -0.6664961 0.31352612 -0.7396484 -4.0724406 2.7930238 0.92427355 0.5660154 5.1085906
banjul 0.37644175 -1.347099 -4.918467 0.61503863 0.37614545 1.1710991 -3.5611682 0.56237346 -1.7196434 3.3686006 2.0227392 -1.7970407 -3.6491551 -0.473405 0.29808545 -2.3086004 1.0605966 -1.1374922 -2.266185 2.6231322
fujairah 0.76920575 -0.16152553 -4.868259 -0.6988628 -1.4402173 2.2336016 -0.67951435 0.41598856 -3.9363837 6.158324 0.8686583 -1.2500176 -3.5610359 0.20978218 -0.43528423 -3.4815001 1.1306635 0.535267 -1.0094231 2.71064
lakshadweep -0.9246575 -4.008654 -5.849222 1.3724564 0.46746725 2.0133004 0.15246399 -3.416852 -0.46520647 4.7711945 -0.2671253 1.9098527 -3.586529 -0.5716501 -1.8679862 -2.9868405 0.83075404 -0.92632675 -0.6426106 1.4589524
dharamshala -1.5622073 -1.7310795 -4.4519486 2.3651695 -0.8853997 4.7052474 0.7304161 -0.4534372 -1.2298272 -0.4630434 -1.1549256 0.97926664 -2.8299475 1.813902 0.21734735 -4.568469 3.5604882 0.39414927 -0.14125454 1.2674806
masan 1.5070179 -2.483213 -4.123766 2.8502367 0.96901464 0.7876388 -0.28478742 -0.6912467 -2.5302598 2.0280156 1.0169042 -1.3356583 -0.6819782 -0.45993268 -1.5490096 -3.6002407 1.6400598 -0.23283942 1.6931576 3.7747004
maseru -0.25664577 0.14656325 -3.9188938 2.3550904 0.5968318 1.5020177 -2.7861962 -0.47756132 -1.8592299 2.715849 1.1938264 -0.95234555 -3.2475674 -0.38567713 0.14160258 -2.59149 0.81824094 1.3148705 -1.4212962 1.53617