Centroid_103 -1.1954746336956519 1.359077929010869 -1.2733816201413048 3.5606307026815216 -1.872386814532608 0.4177134176630436 -2.3602831878043493 2.425532380652174 4.885512151152174 -1.2115702836304352 -1.1490469327608694 5.173397227826087 0.4162250227173913 -2.3381188334021736 6.625549749999999 3.162960441413044 5.213570193152177 -0.5928317977499998 -2.4528830056521733 3.9842311012173908
national 6.4237657 -1.4990709 -9.66663 5.8261123 -1.7569454 -0.81164956 -3.956357 3.556785 0.85457695 2.2313683 -1.9886714 4.352312 -2.0723567 -2.874319 4.476396 5.4822526 0.770745 0.7021241 -1.4230336 3.9087524
university -2.671103 5.565424 -2.1498384 15.296963 -0.6883149 4.3597064 -9.477693 2.815114 1.5549474 -3.2132835 2.7646697 5.808058 1.804503 -7.3014817 6.960884 1.5844816 6.6179266 -4.149328 -3.4793932 12.335025
international 4.331058 -0.66634154 -7.268221 0.0028054367 -3.659817 1.2104628 -6.226146 5.684483 3.3256812 0.77734554 -1.8959411 3.6997988 -1.6045495 -3.7517688 4.8300724 4.0283537 1.4894197 -0.37972036 0.74462116 7.453921
award -4.981576 1.5303135 -4.5432334 -1.8523865 -5.8591785 -2.2337818 -3.140635 10.848119 7.3753753 -1.7627292 -6.6917706 10.154928 3.8428044 -9.99948 9.819921 6.7740054 7.2083735 1.520421 -6.379624 2.462812
awards -2.0415418 3.455178 -6.6665263 -2.162878 -7.1732183 -3.5949907 -0.77135646 10.2350025 9.26296 -2.4894962 -8.392335 7.8326836 2.0214038 -9.697606 11.449464 -1.0208648 5.764689 1.9913225 -4.048511 0.4626804
academy -2.2646313 2.1651502 -4.83845 8.668154 -1.0979438 5.343857 -2.0397055 7.629506 3.1268709 -3.1328225 1.1047815 5.7483816 4.5813837 -1.5411577 11.248967 0.31088147 5.1217346 -2.269283 -0.6375242 7.833906
degree -4.225655 3.3805623 6.299587 8.955884 0.38924855 3.6121597 -5.1880937 -0.5508017 4.838982 0.3571078 3.2520595 9.326687 -3.3638387 -3.212455 4.346592 3.3896902 10.663565 -3.0344195 1.790408 8.847698
senior -2.4047546 -3.52252 -5.8446803 6.1142154 3.3477092 -2.2670996 -5.7441597 2.899122 2.2722952 -1.2537367 -0.8002662 -0.97088313 -3.1204693 -1.5221134 10.644286 6.6715302 4.260296 -3.2078338 1.6747764 1.481564
medal -5.1216264 1.2775909 -7.7137113 0.25333938 -1.3895398 -4.688168 -0.5590795 3.3703852 9.048958 9.41828 1.0587614 2.0550466 7.5013366 -0.04305065 10.98886 7.248916 13.059911 0.09685759 -4.57336 5.518199
annual 4.8045673 5.4453816 -7.2858386 1.4227045 -6.271909 -2.9790282 -3.2864814 0.91172075 2.8315015 -2.3226328 -3.1887617 6.387072 -3.1758323 -3.0945911 3.2624927 0.29618907 7.770518 2.2936332 -1.7723595 1.8309281
prize -4.0659513 3.047049 0.08940004 -5.1100173 -6.710699 -0.30170667 -3.9462347 7.946732 8.691148 0.27619386 -2.672077 7.6773453 3.2323859 -1.6731093 7.9892306 4.08934 7.7265882 1.1912721 -8.304975 3.6141279
grade 1.8078392 4.013739 0.13136184 11.080159 -3.6958683 -1.1080741 -1.579577 -1.5808342 4.2630544 1.8607695 -0.26240775 8.189847 2.8780587 3.707318 8.992857 0.7514994 13.346995 -5.635847 2.5085652 -5.3269916
honor 1.0341961 0.25865173 -4.3227806 4.1137166 0.3953715 -1.9465512 4.736928 3.668559 1.8033272 -1.2968608 1.4466215 3.7058673 2.6362553 -1.1726117 5.9997897 6.350659 4.8501616 0.45308962 -10.094845 2.1078181
ranked 1.4641889 -0.06681636 -7.707278 3.68479 -4.092985 -8.208583 -9.940423 0.43589488 11.319866 1.2464306 -8.962374 3.2401993 3.499183 -10.081319 3.8300872 1.1733077 6.908827 1.375652 0.49620086 -3.3699613
masters -0.3958581 0.74008256 -0.13663302 0.7024026 -0.23768137 2.089841 -3.2053342 2.4073365 3.8473473 -1.9320592 2.930495 5.6401877 2.06841 -1.8347 4.06791 3.533486 8.8698845 -0.24577048 -0.35119793 4.720277
recognition 0.6027819 1.3740915 -0.121104956 1.9033953 -2.1353729 1.8527303 -0.6315945 4.3935714 7.2147965 1.129077 -1.0306587 6.3003197 -4.162128 -1.864441 2.813275 5.8547354 2.4492993 1.5487254 -0.026711244 4.24883
graduate -3.9566681 0.56901586 -0.94565916 7.4123797 -0.28835958 2.7169054 -5.6756988 -1.1479639 1.370748 -7.8069954 -2.1764755 2.4414163 0.96001124 -6.7138414 7.1978636 4.7669272 6.0721016 -4.209299 -0.5640314 7.4902186
oxford -3.5615811 2.4773371 -2.441618 11.253876 0.57152057 0.6336834 -3.434885 3.5815053 4.811052 -7.61949 3.9441361 8.395243 3.0897202 3.376806 3.4641378 3.1403377 6.431054 -0.9521538 1.2295405 1.0097957
cambridge -3.910007 2.941296 -2.4054646 10.479848 0.3551132 0.6286494 -3.921482 2.1278074 4.1867957 -6.869651 3.7290716 7.905753 3.1079738 2.2056155 4.684706 3.067642 6.594568 -2.2457922 1.6315241 2.136915
outstanding -0.6718428 0.33955765 -3.174231 0.19460689 -3.3632042 2.6769643 -1.8147527 3.7236366 6.5795817 -2.0160258 -3.9207592 6.30751 0.86417454 -5.750842 5.9082894 9.577865 5.2366824 -0.85887194 0.5946855 -1.358322
harvard -1.6720326 0.8442446 1.7364968 8.588344 0.47567737 -0.46936682 -2.1495502 1.2477839 2.6199448 -9.303023 1.478642 6.5687866 0.6407358 -5.4534125 5.0783367 7.339042 3.4649708 -4.9299426 -2.4205244 6.527222
honorary -6.419909 -2.14132 -5.138317 7.003537 0.19418147 0.6852366 -4.2188196 3.7928176 7.74101 -1.7126328 -1.8338357 5.836103 2.4027734 2.1371813 10.989627 5.035886 3.4200683 1.6566117 -7.9229884 8.776852
honours -4.538426 -1.4301723 -7.007317 2.8009048 -1.0596068 -0.87483805 -6.5306897 4.6895723 8.8618145 0.02452394 -0.6464686 4.7390656 2.4675553 4.419934 9.333147 4.5875297 6.8297114 0.09178143 -1.0730693 1.1574014
honors 0.6669463 1.9002326 -2.6345625 4.3379254 -0.832828 -2.3265 -0.035606336 1.8421372 7.5800853 -2.2618499 -1.7633641 3.9358287 1.8426892 -7.4961753 10.067742 4.2765636 7.2460294 -2.3170269 -5.3678627 2.1402822
graduating -5.2944775 0.75053114 -1.7019677 7.3239613 2.3068337 2.0726595 -7.2475295 -0.8350864 2.7530923 -7.1303897 2.656117 0.4285534 4.167915 -4.6928444 6.5541096 1.4345058 7.7472887 -4.1644654 1.4454688 8.590671
ranking 3.6021621 -0.2779776 -2.3238711 1.6147494 -2.0497468 -6.0675426 -5.8420873 0.7750463 10.397161 5.6607676 -3.2547126 6.716682 -4.576146 -4.6069374 6.205122 1.2429739 10.691404 0.6677241 0.9512768 1.0260241
scholarship -2.3293867 5.3387184 2.182904 5.8117905 -0.70331293 4.4462414 -3.6697233 4.6408825 5.477179 -3.3210294 3.4363332 8.138472 -2.9418876 -2.0806127 7.5293093 5.754386 7.27573 -0.7768094 -1.8480655 4.903575
bachelor -8.714192 4.380928 1.1704149 7.2256217 -0.2563007 2.5326998 -5.8248105 2.1083853 1.5436949 -3.2532814 3.79248 9.934073 -1.4627825 -5.559078 3.738508 3.5911422 9.955358 -2.2594619 -2.730841 7.7689986
achievement -1.4436318 4.134618 0.016966803 2.8939865 -4.23304 3.848268 -2.286613 4.9493256 8.14203 1.3338072 -2.1369352 6.818313 -1.4636762 -4.268848 4.67227 6.3435555 7.379081 -0.3313641 2.018697 0.06471942
inaugural 3.1267552 -0.8610595 -7.210617 1.8064818 -1.4802452 -5.4889956 -5.0972004 8.190778 0.07636576 -1.6197125 -0.32109612 3.344303 2.0364182 -3.5705996 5.2821813 4.4963064 6.546304 -0.10133988 -1.8445681 1.4338365
bachelors -5.6535954 2.9891965 2.4343588 6.797741 0.6253382 2.4483268 -7.303821 -2.368434 2.974754 -2.730147 2.360748 7.0172625 -2.831684 -7.7112904 4.8434 0.7587683 8.550008 -3.342286 -2.5368795 7.6403513
achievements 1.0923208 2.0582159 -1.6634234 0.75148106 -2.9528627 5.7675195 -1.3197657 5.5538445 8.826488 1.9361528 -0.55159336 3.9250593 -1.5235761 -2.1796806 5.9038773 4.129397 4.0859175 -0.9237293 0.6758397 -0.12527916
recipient -5.667827 -0.006631706 -3.5048122 -0.13390812 -3.7118654 -0.82381046 -0.2801663 1.0341982 5.409881 0.55173427 -7.221248 2.8796198 4.2024903 -3.9924908 6.626654 6.422331 2.192993 1.840997 -6.3571973 3.8578176
fellowship -2.917192 5.7453346 0.28353906 7.404914 -2.487638 2.8335688 -0.42104632 4.8871074 4.1410446 -4.4791007 0.35528013 6.6104965 0.40746915 -2.6685045 7.186959 4.521206 3.078238 0.522602 -6.593472 8.1062355
prestigious 0.9550643 -0.7336248 -5.966524 -0.81399715 -2.0122721 4.5542226 -3.5086067 3.2407038 4.7537346 -2.9730504 -0.8145015 5.808997 1.1820109 -0.78411704 8.135252 2.3345344 5.355877 0.38360447 -2.597963 0.76317513
excellence -0.68069196 2.0843644 -2.696829 2.8522809 -5.354276 5.4791074 -1.553568 4.734422 2.5646417 0.38460654 -4.326453 9.235473 0.16364239 -5.966051 6.411826 7.3148093 4.9186263 -1.0950476 -0.21113843 4.9076853
certificate -4.184111 1.1562371 0.7716016 2.2917929 -2.5975852 -3.4915047 0.7893448 -0.95697933 4.188449 -0.67466235 -1.6457161 9.812604 -6.344286 4.5352783 7.2734776 3.0983531 7.625991 -0.21292192 -0.9011429 8.43933
collegiate 4.980497 2.908636 -3.854592 8.943961 1.5399212 1.9552808 -6.044872 0.48844212 0.27665237 -2.0643106 1.6143584 3.1491966 4.3201036 -6.424986 9.732115 6.0972815 5.9571586 0.020877354 0.20262359 -0.14338575
doctorate -6.6155696 4.0587745 7.5831747 9.363136 -0.33202899 3.6036613 -6.9832525 2.3276222 9.010276 -0.2396645 5.7688727 7.9812794 -0.06785057 -1.1803322 6.1049595 -0.27842027 9.090304 -4.5024605 -5.074329 12.843361
stanford 1.2101933 1.4530777 2.8422973 5.0400376 0.7931513 -1.3026325 -1.9093243 0.71170413 -1.0732317 -5.576128 2.0756917 2.970791 1.4107908 -7.1153855 6.032533 6.8350224 5.20467 -5.2800994 -3.1049006 3.8166187
lecturer -8.6733465 -0.94562596 -0.67936736 9.961642 -0.034071222 8.357955 -4.5430145 4.667378 6.7225466 -5.6939588 -1.1847465 3.294899 3.1509948 -2.747934 7.1715775 0.2737733 1.4133252 -4.7848616 0.067498244 7.865861
merit -0.1266123 -0.78755945 -3.2127717 1.7835572 -2.0798843 0.787387 1.7724811 2.1851275 7.5763025 3.7869709 -1.4649374 7.5843797 0.4532225 4.1192102 5.9486175 9.028837 6.2616725 3.6551082 -2.5484977 4.048215
rankings 4.7449603 1.7473758 -3.299439 1.2723988 -3.1185422 -5.723815 -5.883134 1.5714124 9.705571 4.120395 -2.3176563 8.607887 -3.7683492 -6.7878976 6.6298122 2.4319458 10.8780365 0.12902588 1.6858008 2.6057906
diploma -4.5367465 2.0123863 2.138235 4.0220823 -2.7447782 4.8027663 -5.106757 0.43945304 4.9640355 -2.15363 0.3375486 9.321283 -2.8112178 2.069599 9.865099 -0.4216864 10.043213 -2.8054526 1.527654 9.935957
certification -0.67145723 3.2624347 -0.71692103 -1.3178259 -4.5506434 -5.1384263 -1.6326282 -1.8012587 3.1788902 1.8508235 -3.3232658 10.191737 -4.647387 -0.19537708 8.763283 3.9497736 4.112252 1.3037966 4.3901052 12.39306
lecture -1.7421961 3.913718 1.7227068 6.036059 -5.0999885 1.39002 3.5969398 7.4863863 3.578968 -6.111062 -2.5701752 5.7210164 1.8630084 -0.37835315 3.7220173 0.99666095 6.2153563 -1.1870961 -3.0142505 5.1184974
prizes 1.5237533 4.046283 -2.7706845 -6.046504 -5.1754246 0.108251035 1.1168845 3.3156426 8.220977 -0.7204285 -1.1194309 5.643639 -2.6595383 1.6635644 10.70984 1.1560714 6.6204877 0.28404906 -1.4002594 -1.0996658
nobel -4.1411524 -0.34115964 5.819109 -2.9997787 -2.76392 1.9852135 -2.583736 4.3939357 11.742845 2.2463212 -0.5883335 6.062427 0.554354 -2.736037 7.0074964 6.936298 2.5110102 -0.8923414 -9.336654 8.727838
doctoral -1.1025101 -1.5485318 6.900352 6.04854 -1.6109997 3.259856 -4.5284243 -0.3734982 7.304785 -3.76059 -2.0006104 4.642165 0.13184327 -2.8571894 5.2054963 2.1690176 5.9406905 -4.249383 -2.53919 9.565359
finalist -1.8380653 0.010712669 -3.9370167 -3.1214323 -2.3436472 -3.5269697 -4.3969264 5.4729853 3.625496 -0.679185 -3.6800687 3.7544649 4.868606 -8.299782 5.5652633 3.6274238 6.6877365 2.5218608 -6.3640513 -0.7207188
posthumously -2.360374 -0.17153502 -0.87817484 2.2821338 -0.097958155 -3.548413 6.1620364 5.5080724 8.124685 -0.45656887 3.0238461 2.5477428 2.9549408 1.5170106 4.182182 -0.2356842 4.352208 -2.4857407 -7.9868574 3.4044576
accreditation 0.15267645 2.1586366 -1.7360569 7.0271378 -3.8165998 -0.60219765 -4.5736628 -1.8927115 2.1452842 3.171702 -4.6583276 7.926557 -6.7803507 -0.67823285 8.645279 3.4453583 5.8699436 1.3509657 -0.4228642 11.701797
recipients -0.8153106 2.9165134 -1.6224684 0.39092407 -2.9601755 -2.2714684 4.072003 -0.0583696 6.906531 1.0166606 -4.288259 5.106269 -4.092619 0.9141471 8.758909 4.416537 2.7612462 3.2508724 -3.4710538 2.0538764
polytechnic -3.7398036 1.7793839 -3.08003 8.086878 -1.6233329 7.826671 -8.387428 -0.34399685 -3.2689524 -1.094772 1.301763 3.8805988 1.0478424 -0.4155004 5.4725466 -1.6404591 4.118286 -3.180923 -0.719074 9.302511
accomplishments 1.5976915 2.848084 -0.75350904 2.7161603 -1.3984005 2.5312648 0.7176396 4.267604 7.253088 -0.6006006 0.29584724 2.5842292 -2.279499 -3.4550729 4.9498324 5.589194 2.1307032 -1.9327182 -0.3102548 -1.1257081
honorable -1.5059767 -2.3410373 -0.39186627 4.952378 2.410892 -3.9889073 3.7516928 2.03949 8.297617 0.11289042 -0.0804605 4.2430215 0.19778685 -3.9526274 3.3412979 6.9131145 8.778112 0.2254694 -7.7095065 0.13631096
pulitzer -2.4121783 1.4181342 -2.609057 -0.64003533 -5.1898594 -3.6835368 1.5969677 7.3920903 9.790758 -6.0391765 -1.852923 5.5524325 0.45727572 -6.7715693 3.8423789 7.3291464 3.579226 -5.5749755 -9.550099 -0.056447648
alumnus -5.4820642 0.27849364 -0.893181 5.323892 0.64551234 1.1680584 -2.4797363 2.881517 -1.1855209 -2.7313807 -2.3075783 1.9767796 4.0980477 -7.7034297 7.686971 3.0013654 2.8795986 -2.0907345 -4.6543016 2.3671513
seminar 3.286097 1.4824969 1.3531642 4.9300175 -3.5257027 4.0101957 1.3346881 6.3220415 2.1312225 -4.769375 -2.9449918 2.4370387 -0.88431805 -3.1104805 4.666728 0.0359834 4.2893386 -0.1871441 -2.2244577 7.820169
professorship -6.1824327 4.201961 7.6643815 9.378259 0.051733237 2.5544758 -3.3484056 3.8184552 5.238656 -0.11229655 4.440474 6.429879 0.23120452 3.0408487 8.444681 1.2716547 5.172302 -3.2902372 -3.3346841 9.842459
fellowships -0.86220336 6.178305 -0.942834 4.0111737 -5.2141185 2.636939 0.031704325 0.70918524 6.870927 -3.425949 -3.754492 4.940975 -0.95166045 -2.2250946 11.267675 2.391917 1.8468755 -0.69221073 -5.6594553 4.2059336
scholastic 2.5300238 -0.15519272 -1.2533538 3.2416983 -1.4846119 1.4790081 -1.9231384 1.7457455 4.8999577 -3.6427727 -1.7429886 6.305915 2.6685941 -3.6933827 2.8934543 5.5485187 3.1337016 1.1155739 -1.587464 1.0857385
fulbright -3.8020055 0.85878193 -1.079631 2.9564025 -1.9046777 2.0755382 -4.936205 1.3027164 7.7041616 -2.133679 -0.7919863 2.9304152 1.0582882 -4.524452 6.0721216 2.6153097 1.9092046 -1.877713 -7.986035 8.981506
olympiad 4.950592 -0.63883555 -1.3191862 2.6234658 -3.1775563 3.4125078 -3.3139448 5.686695 7.4139476 5.2778144 -2.3443806 3.1676247 4.655013 -2.7101555 7.98099 -0.37980956 9.643407 1.2085178 -1.6422021 6.4904294
sup 3.2065248 -7.233338 0.32546 -1.305489 -1.5005647 4.9208417 -2.162324 -0.47118625 -4.2042 -2.6933744 -0.6896839 6.520304 1.5235894 2.3973935 6.7734776 4.238713 7.4097657 -3.552059 -4.008021 6.629628
yearbook 2.7570624 -0.34081775 -3.8093674 3.6266694 -2.3055882 -1.6114357 1.0642735 2.3282719 3.4244444 -6.415123 -3.7716928 8.106084 2.508791 -4.640198 4.352878 1.6444701 2.8178318 0.70107365 -3.2449868 1.3306365
australasian -0.597247 0.64011383 -7.0228662 1.9125357 -0.013118307 -1.3745989 -0.6343486 -0.4229631 5.0051637 0.26674286 0.32176918 6.751375 3.2262878 -3.473107 3.123434 4.16935 -1.1007259 1.0845373 1.479883 1.8142848
certifications 1.5169052 2.057017 0.67137283 -1.5802813 -4.5080295 -4.0048413 -3.947282 -0.83587396 5.1578 0.016605036 -6.532181 7.6157928 -1.6969203 -2.886025 7.536316 -0.3357587 2.4103796 3.2220197 3.8705926 4.1112895
diplomas -0.91090757 1.2520827 0.48839268 2.4655142 -2.3570437 1.6241101 -1.3314905 -2.07792 6.1703577 -2.0551183 -2.2613568 7.357069 -2.6666372 3.699896 9.520968 0.16460933 6.428791 1.3772916 -0.6778779 6.3253374
nit 3.6923668 0.52302593 -0.04019356 4.269949 0.20695543 -2.7484562 -3.8037107 1.4734446 -0.113567024 1.8907166 -1.7603928 0.17732945 -1.6028717 -5.9573207 4.1421676 1.9690348 10.147699 1.5062613 -1.968111 1.2603269
recognitions -0.89189756 1.843865 -1.8973995 -0.91491985 -3.8989599 2.1908174 0.55183154 2.18446 7.262027 0.1520168 -4.4043937 3.4660506 -3.046199 -4.8097606 8.457502 -0.25312477 2.3334908 -1.1677444 -5.155688 1.3403071
accolade -1.4731703 0.61706764 -1.5543766 -3.5157487 -1.720246 -2.4408238 -2.1149287 6.4837937 5.904059 -0.1780706 1.1596309 7.224217 -0.95926833 -1.1181506 4.3945374 2.7009008 4.3162374 0.9980404 -0.4897865 -0.40666974
inductees 2.589994 4.3933954 -4.058294 1.8528086 -2.2785614 -4.600859 0.42681652 3.978804 2.4113154 -2.8092074 -3.5271153 2.2584703 2.1130133 -3.0140285 11.606324 2.9718637 1.9626722 3.7673953 -3.162551 -3.2914066
accountancy -4.421795 -0.07869195 -0.98277897 1.904043 -2.060038 2.865397 -5.625828 -1.4780895 1.871854 -1.4749393 -1.6247584 6.1084924 -4.417848 1.1963794 7.163422 3.548514 0.90424407 -3.0851772 1.224835 5.472376
laureates -1.5420645 2.7952578 2.7077663 -1.0685344 -4.005676 2.6862726 -1.077599 2.8468754 10.467314 2.7894714 -5.14741 2.597475 -1.4682938 -1.9325342 11.32155 1.1945887 1.0115494 2.6683865 -8.093271 3.11981
tenured -1.3390604 -1.8805798 1.9347212 6.3882203 2.151123 -2.0496602 -3.6885993 -0.78006345 4.156993 -3.4125247 -1.8964641 -0.6350232 -0.06606639 -4.104978 5.2425394 2.7686746 2.5118666 -2.0005589 0.31367883 4.346811
licentiate -4.2391315 1.0163274 3.8746748 5.260802 -0.4368371 3.5483587 -6.339618 -0.4306392 6.7116814 -1.4425374 1.5926701 4.358804 0.535859 2.798235 5.6057634 -0.17340884 8.677045 0.8918214 -4.834838 7.7295
naismith -1.7302377 2.239466 -1.3990465 2.2807355 0.56909215 -3.7764697 0.047927216 4.397462 -0.23444025 -1.3437554 0.22345036 0.69058204 3.5065424 -3.0086806 10.687405 8.138036 5.157027 -0.058724407 -4.6750894 -2.6310189
accrediting 1.6281234 -0.07345524 -3.6976228 5.3571763 -2.9095237 0.63672316 -2.3828118 -3.9783385 1.8593498 2.803189 -7.0539846 3.6386797 -3.0694482 -3.9773157 7.128997 4.9988375 0.1858779 2.7727835 -2.6201415 8.310418
valedictorian -3.479295 -1.3149719 0.8361369 5.644196 4.093873 -0.97004944 -1.9546303 -3.5806243 1.1951052 -4.7790895 1.2925746 2.4363263 1.3945482 -4.9488764 5.750162 2.7654881 7.4083953 -1.8851037 -2.8783436 1.5744945
lectureship -6.986499 3.895135 3.1379178 6.837112 -1.8658648 1.0495464 -2.4841323 3.0490575 4.389436 -1.2053165 1.5792427 5.714451 2.3640866 2.0012279 5.948675 1.9847829 5.1201816 -2.8800726 -2.645129 5.846259
honoree -0.55366427 1.7699002 -2.8740337 1.2551101 -1.8446784 -1.9725157 -0.38416255 3.1623526 3.044192 -1.0463789 -3.739245 2.3172061 1.9662588 -8.355636 5.5279403 3.4400916 3.4834287 1.5780404 -5.6436706 1.21151
professorships -0.9263569 5.498711 1.2625962 5.6590986 -2.0092251 2.3650951 0.069508374 1.0552864 6.703386 -0.30920452 0.32552692 3.8484404 -1.2441604 1.6950403 11.648224 -1.8724424 3.9954524 -0.5500031 -2.9623775 4.974432
linnean -5.660133 1.9913871 -4.0916533 4.338415 -2.5123885 1.0995604 -1.2774343 -2.8326735 8.228114 -0.60042936 -0.080066204 8.800006 5.268819 0.7258495 4.740978 4.2810087 -4.1609645 -0.11675344 -7.433416 2.5060709
professorial -4.105868 -0.027457384 1.8158126 6.4347863 -0.6175312 3.1488883 -1.622447 2.48199 3.6550984 -0.31593361 -2.7906532 1.3583543 1.7915217 0.8496291 6.1370525 3.310196 1.9710102 0.56022453 0.5207015 5.2877574
honorees 1.775675 2.890426 -1.0626109 1.0506567 -2.027721 -2.744556 1.9223528 3.2378182 3.8692992 -1.661636 -3.6256003 2.154138 -1.0132256 -4.7523212 8.019203 1.8823377 2.069527 1.9565969 -4.2924337 -2.0789115
bursary -5.3629084 2.7750056 -1.9006338 0.71745616 -3.2243066 2.5680294 -3.4929235 2.5710444 2.383201 -2.7445545 -0.55403847 5.576904 -0.7184892 1.97022 5.8734937 3.1918664 4.066903 -0.6432976 -1.8044989 2.4905262
tripos -2.2125654 -1.0160321 3.5898807 6.4399815 -0.921298 2.9961407 -2.2496085 1.1862437 7.372688 0.9173771 1.0332419 7.878783 4.7897997 2.9455273 3.8008215 2.400678 8.141259 -2.1913245 1.37352 2.09453
festschrift -2.0961514 -0.84924054 3.3019173 3.1935096 -2.2008872 1.5511885 1.6339096 2.9004567 7.8350406 -1.579996 -1.8962592 4.875285 4.0545115 -0.19322094 2.5955977 -0.34519067 2.241728 0.09874405 -8.150865 2.5283184
quadrennial 4.897123 -0.4028121 -2.3919098 2.4511564 -3.7905252 -0.37823492 -0.78822374 3.727752 3.3411162 2.8807926 -3.7797554 1.069184 1.2637613 -1.6680654 3.2937417 1.2857909 3.1872852 1.6258847 -2.4708836 3.4614716
biannually 3.86512 1.4369489 -1.9775352 2.139937 -3.2608302 -1.221232 0.040754013 0.911377 3.37045 -2.3053098 -1.2285119 4.5949373 -2.0735178 -0.022958113 4.511165 -1.7614903 2.971711 -0.37470597 -3.3468933 3.6027553
biennially 4.126536 1.2552145 -1.3672072 1.4190928 -2.7138531 -1.1969043 -0.81675106 1.3148081 4.4421277 -0.4004307 -0.53142494 4.190719 -2.1089592 0.89313495 5.1752043 -0.1727265 5.001787 0.4101685 -2.8231394 3.034355