Centroid_48 2.5723336505194814 2.289751124038961 -6.4137442902597375 -2.1886585559805205 -1.2398114218896108 2.4165962461818182 2.2169480435714277 -2.1767780478233743 -3.402613629006493 -0.8400261559675322 2.5293500126168844 1.4917768704025973 -1.181352780068831 -2.1335881725649353 0.2898834791883116 0.7868044741363635 3.9781607762792217 -0.8415426553441557 3.091300125532468 -1.1822250249155846
home 1.8015884 4.978582 -6.572059 0.81144947 0.8900563 -1.6445719 -0.9575677 -0.21861836 -4.859989 -5.9242086 5.2878594 -1.9189869 -3.5411737 -0.22965564 2.1283746 1.5995599 4.7461433 -0.47442192 1.5374376 -2.3100839
around 6.56464 2.6962392 -4.947737 0.5908135 -0.3664747 1.2922229 2.2383146 -3.678846 -0.017998187 -3.8322148 4.8670115 0.53250337 -1.1824309 1.794588 -3.5360165 -2.2872167 4.2489533 0.045970213 4.8434386 -1.6485426
across 7.9608283 1.2649865 -8.2500925 3.3897684 0.21328692 -0.597464 0.8490513 -4.152756 -1.9656926 -1.9946579 2.928261 2.7308004 -2.438724 -2.2336602 -5.6288004 -0.7956347 1.9353623 1.402734 7.1026645 -0.14318438
outside 5.400122 2.1457245 -5.198045 2.1911438 0.6596295 0.16828226 1.4799047 -2.1973777 -3.7218156 -3.1953967 2.4951198 -0.73603064 -2.6175976 1.4820296 -2.0193706 1.2893527 2.3295035 3.8213887 3.3657675 0.59890825
runs 0.25700134 0.23141362 -4.431685 0.032881197 0.7851503 -4.3355923 -3.26351 -3.8469067 -7.651996 -1.6495943 0.19222572 -0.9165771 -2.2008555 -4.8294954 -0.20895125 -1.2423078 7.78224 -2.5545912 6.034844 -7.114651
winter 3.7659826 5.5780993 -5.984314 -1.9590455 0.73998815 -0.93662274 -1.1324283 -3.439765 1.6642175 -1.5899463 8.15908 -2.2642348 1.6339922 -1.9825845 -0.45857465 -2.3100858 8.609478 -0.7126479 4.812943 2.949117
worlds 6.6588287 3.7666674 -4.6881742 -3.9770234 -3.6326149 0.27414462 0.4816035 1.3703349 3.7221446 1.0578 4.009533 7.708485 -0.5437826 -1.9675428 0.07460773 0.69639146 1.9796942 -0.61217165 2.248362 -0.49887997
golf 3.0618076 3.6857774 -12.135103 -0.48903632 -2.1626077 3.3497276 -4.257566 -1.2776129 -6.6451406 -3.7450242 2.2702746 6.060798 3.2268224 -5.0398874 7.3078947 5.288635 8.120162 -2.1711843 3.0251813 -4.6855907
visitors 6.6063576 8.088425 -7.416777 -0.065116614 -3.7798345 2.93555 5.1936297 -1.4889426 -2.440981 -4.5188193 4.2155714 3.9026935 -8.395298 2.0535886 -0.4770766 -0.65498596 7.3850827 2.2189078 2.1670327 -0.014810818
pool 4.3413377 6.191567 -3.9534473 -3.0317385 -1.8968207 0.63575643 1.3611834 -3.73742 -7.396802 2.5318456 1.836303 1.4965521 0.19011107 -1.1874394 5.9080715 1.2744699 7.912411 2.6555161 3.3386102 -1.4073015
ride 0.8252876 2.5125566 -4.9171195 -5.083654 -0.68757516 -4.176531 4.0185194 0.92728597 -8.616334 -4.5523524 4.580946 2.6580245 -0.5856686 -0.36342552 -1.6973704 2.2202458 8.509945 -0.92104757 6.617612 -3.856298
walking 2.3674483 2.4803348 -5.082303 -0.88585705 0.7219771 1.4162155 6.630629 -2.4964352 -6.667522 -5.925573 1.971794 -1.2949556 0.9668285 -3.8097036 -3.203953 1.2600716 8.021997 2.1059403 5.2477174 -4.815514
outdoor 7.3884063 8.778885 -8.390112 -1.5360991 -5.0921674 3.8803458 0.78140014 -1.4559337 -5.433612 -2.323761 -0.20861144 2.811691 3.1635587 -4.7359333 5.7528195 4.555643 6.672219 3.854418 4.54501 -0.38433406
resort 3.6039307 5.953486 -9.378969 -3.979596 -3.365353 4.5976515 0.31771648 -1.483062 -7.9920716 0.5100769 5.214623 0.2730797 -2.8991485 -0.865922 -0.0986831 -2.4830303 2.8794825 -0.94809353 -0.8078841 -0.5513621
remote 5.0550528 -3.047305 -4.372791 -0.5077249 -0.7404663 3.269258 5.8037786 -6.581214 -6.2070236 -0.42816934 0.08404845 2.712656 -3.8226883 -1.4200861 -6.2528787 0.51135576 -0.18477634 -1.1991186 4.364403 2.3707843
tourist 6.7324953 1.6980819 -11.555637 -3.6240034 -5.3142605 8.451324 -0.65156573 -2.0286834 -5.123416 -0.046852794 2.5079327 3.908649 -5.917475 0.35286382 -3.8977222 -3.1113436 2.5078459 -1.8806407 2.6624587 -2.933564
recreation 3.0431552 6.4429784 -9.783359 4.34325 -4.950721 5.9694586 1.0111918 -2.7925239 -8.442325 -0.1408769 -1.3844862 2.3153667 -2.0695386 -4.4743533 2.5763524 5.5551524 1.6182764 -1.5759909 1.3456056 -1.4594153
traveling 2.4476187 0.52475286 -6.2619104 -0.8608836 0.93809956 0.5954729 1.6550871 -3.2832484 -2.1849487 -7.1462345 4.196297 -1.5409249 -0.0008521257 -2.0355558 -3.755409 1.2359588 3.0283914 -1.3733722 2.2889473 2.7255278
destination 5.6918526 1.4597762 -7.0213995 -2.7630756 -2.4128747 1.8501039 1.4504786 0.26305786 -3.5928721 -0.13540898 4.145105 4.343049 -6.785342 0.14734912 -4.8429704 -2.6639721 5.4145126 -0.4133752 3.3331974 -1.0138654
attraction 3.995732 5.3099556 -3.8707979 -2.8902686 -4.011198 6.5567527 3.4005826 1.862347 -4.532181 -0.07718156 3.3077476 2.8053164 -3.3665082 -1.9787805 -3.7066932 -0.24502435 3.2979515 0.15013868 2.0579064 -4.1424704
tourists 5.1721845 5.1671386 -11.22521 -3.3520298 -1.1862073 5.9349113 3.5995502 -1.7397772 -1.1301643 -1.6085867 7.2539754 1.9036193 -10.97235 0.80627626 -2.5777922 -3.8086703 4.7003894 0.8747385 4.7866173 -1.3087444
trips 3.9559088 4.988741 -7.530274 -0.35259327 -2.4544683 0.49438208 2.5276158 -2.012045 0.874513 -3.6392744 4.0874414 0.45013696 -4.417383 0.2586308 1.3501053 -2.3993416 6.261941 -3.9836354 4.404015 1.385768
recreational 4.5020037 5.2442336 -8.701467 -0.62054384 -3.9682949 7.34631 2.77271 -7.6792154 -6.1915045 -0.3140975 -0.2466228 4.079345 -5.400691 -4.3147197 2.4024112 5.279858 0.22358225 -1.8265848 6.130433 0.23629235
zoo 1.7831551 8.734403 -8.496198 -2.1625755 -3.3675976 2.056792 3.9303536 -1.5508717 -3.2291582 -2.2258615 5.1998277 1.5955267 0.11100513 -3.5588238 2.4032702 -2.2399478 2.0886056 -1.5681361 -3.0442176 3.3989277
trails 7.7585635 5.098383 -8.289689 3.157391 -2.9574714 2.2165077 6.372264 -5.7421007 -8.216333 0.8264678 1.697242 5.385832 -2.9117346 -5.783877 -0.6504021 1.772897 4.8220315 -3.4898798 5.017694 -6.712856
diving 0.10432771 3.5720253 -5.897222 -3.270634 -1.7396735 0.7966614 6.045679 -4.8179846 -2.1815732 3.9864032 1.40012 0.42570773 2.3758492 -3.949574 3.5154147 5.0799923 7.6248393 -2.600899 7.36128 4.5268917
bicycle 3.007523 0.34256876 -6.45817 -3.8333101 -1.2269045 1.1658151 0.19032885 -0.94833493 -8.236188 -1.5550371 2.932641 4.2813754 -0.44454366 0.30105343 3.5767295 3.1589556 3.835926 -3.402529 7.522046 -2.3370461
climbing 3.3733587 1.7528838 -4.2601724 -1.3760476 1.3819208 5.2002916 2.1805596 -4.5666323 -4.2145925 -0.38707393 4.248788 0.84228146 4.2153697 -4.3819933 -1.2692808 1.0296547 7.922419 0.064057104 7.6519065 -3.2399263
bike 3.6210978 0.5728286 -5.377124 -5.223939 -1.1714431 -0.602511 1.9482929 -1.0097739 -9.584647 -1.4614491 3.2765079 4.633007 -1.0220413 -1.4544309 1.5834265 2.9246435 7.2126694 -2.957375 7.4196777 -3.7311518
leisure 1.7276949 3.7648065 -7.9312153 -1.623063 -4.9459724 8.296131 -2.2067337 -0.8238286 -3.8958576 -4.478264 0.6081728 5.0507436 -3.2651002 0.11141502 1.3263719 2.630715 1.7242409 -1.4763943 4.540877 -1.420108
rides 2.742166 3.1910295 -7.659342 -6.2081504 -2.4365532 -0.7757641 5.1175795 -0.45293868 -7.4880257 -3.729555 2.3412962 1.9054985 0.17752731 -1.2910278 0.85836416 0.9181085 5.2098417 -0.6375793 5.0851545 -4.7132726
swim 0.086384326 2.3829541 -6.1309934 -3.98389 2.7424784 -1.7487181 3.994894 -5.0733223 -3.7773998 -3.1309767 3.6066594 -0.49691945 0.06600109 -7.670181 0.90001845 2.1154318 9.173861 0.6321644 5.7458415 1.7738234
pools 6.832136 8.521082 -4.181007 -3.1040177 -3.1411335 2.556853 1.7334121 -7.440487 -5.010468 5.283276 2.1874893 0.46463257 -1.5605679 -2.6434917 3.1044426 -1.0290354 4.895045 2.856294 4.941909 -2.733949
hiking 6.313569 1.9573171 -8.687201 -0.8784593 -1.4402122 7.1497974 4.175331 -6.047666 -7.4628263 -1.430699 2.5194833 4.37361 -1.7683617 -6.936011 -0.71522236 1.6616468 7.8826737 -1.880742 4.0648613 -4.0850224
camping 4.5144067 4.391807 -11.806134 -3.334919 -2.5734537 1.8861886 5.368974 -4.533455 -6.060607 -2.9554431 3.00181 1.303641 -3.192258 -2.562385 0.8426618 3.061555 5.5517635 -1.5176256 3.09652 -1.0275874
vacation 0.45296237 4.953167 -5.468812 -4.0819607 -0.6152504 0.22589262 0.7398992 -0.667363 -2.2091227 -7.375165 5.80997 -1.6977214 -4.82863 -1.2389519 -0.47114387 -1.4588408 5.319245 -0.8332298 -1.6073456 1.7301081
resorts 4.2976427 5.1233687 -10.382407 -6.2765336 -4.319285 4.4651747 -0.05128544 -0.7900293 -6.9158263 1.256872 3.3980064 1.1287636 -3.678346 -1.6852276 2.0224857 -3.6124907 0.5353526 -1.1603885 0.8047303 -0.89490795
turf 2.6642516 6.813693 -5.417965 -2.2699811 -2.5387728 0.66853935 -0.17016791 -0.9341193 -4.554062 4.8694406 3.856709 0.6173723 1.822219 -1.2404988 3.69209 3.9673553 5.001719 -1.2605941 4.7912393 -4.6336575
travelers 3.675734 1.8312713 -6.0669208 0.06044276 0.4449474 0.7998159 4.4759 -2.4696393 -2.9299703 -3.8423781 5.1665044 2.226088 -6.5320206 0.42672184 -3.4611902 0.14940879 1.1115552 -0.97389764 1.776715 0.4620224
amusement 3.507119 4.4200006 -7.474112 -4.067829 -4.2805634 2.399767 2.8481293 2.1122856 -6.2277584 -4.2433844 2.9566884 3.5972416 -0.63542217 -1.3112589 -1.9527994 2.620221 1.3696226 0.10547262 0.65126324 -2.9358706
canoe 2.3007061 0.21040793 -9.50906 -2.5116053 0.98576367 1.3004553 2.9750018 -5.0088253 -4.464789 0.8806084 6.8438954 4.338797 2.619392 0.39385134 0.7648768 1.7067935 5.859636 -2.1403608 0.7952263 -0.5167765
surf 1.932546 4.461406 -7.079797 -4.6771436 0.118667476 1.1485894 0.911045 -0.24182232 -3.8278298 -2.3637605 5.6009574 1.2912657 1.5279305 -7.8917775 -1.7212873 0.11606507 2.3112943 -0.28775167 6.0934405 -0.22039482
cyclists 6.376696 -1.5398005 -6.6848216 -2.0418386 0.7808127 0.5941614 1.0251886 -1.4038666 -1.775157 1.8625423 3.3689795 2.894165 -6.7523847 1.9658166 4.4854026 2.1065762 8.368065 -2.3899894 6.2494125 -4.5221057
enthusiasts 4.603691 0.86836916 -6.964803 -3.7078314 -1.1921133 3.6509886 2.2640443 1.2343849 -0.6393647 -4.470528 2.7715042 5.807022 -1.4382555 -1.7799089 1.7682205 3.079815 -1.7779378 -1.0470055 6.8809595 -1.289481
journeys 1.1395546 1.3833289 -3.8370066 -0.22463697 -2.2418587 2.2152247 3.5452027 0.09019905 1.8760445 -3.31339 3.7961044 2.5302465 -1.9078311 2.732678 -5.1210604 -3.0676713 4.6322346 -2.9435406 3.0692778 -0.9149505
seaside 1.2458626 3.0737143 -9.268252 -2.275463 -1.7993344 7.124983 -0.9765345 -1.260706 -5.1018777 -3.4296489 5.236075 -0.08236606 -0.194126 0.4102019 -2.717057 -4.080225 1.6904496 -1.2598796 0.77286744 -4.5822034
caravan 1.2719594 -0.36600477 -7.584971 -2.8788157 -0.022033798 0.34928283 3.628052 0.66227883 -4.5549192 -2.598431 4.396388 -0.10441726 -1.8434955 1.6486331 -3.191853 -3.197571 0.109765686 -1.3916185 1.2400864 -1.554288
climbs 1.8353518 -0.033318687 -1.3034539 -1.964654 0.6775849 2.1624682 3.4595673 -4.3234043 -6.1881104 1.2199253 2.3741136 -0.5993605 3.002832 -1.8114352 -1.4271277 -1.5669847 11.028751 -1.2025352 4.3283086 -8.434605
outdoors 2.1629283 7.1238785 -4.6534486 -2.5296156 -1.2691604 3.4634233 3.0281236 -2.002941 -1.178228 -4.1856375 4.107198 1.5587609 0.021532953 -3.5380483 1.2558349 1.962822 6.136002 1.8168551 4.6727934 -0.23313154
downhill 2.8359275 0.69083345 -2.4081705 -2.5910723 0.6470317 2.4086874 -0.87583596 -2.4274342 -4.4133286 3.0445242 4.483419 -0.027533488 2.6332016 -1.6449493 1.5641477 0.4635835 11.34118 -2.0059357 5.317467 -2.7880776
rodeo 3.6301205 4.7691565 -8.523535 -3.3902745 0.1120329 -2.7485151 0.5712794 1.3010005 -3.6338706 -2.7823071 3.5176241 1.3873618 -0.19340503 -7.674349 3.790594 3.1149445 2.0156069 1.3488226 -0.5782945 -2.328385
surfing 2.3977754 2.6280231 -7.727029 -5.3726206 -0.27461705 4.3688145 1.5538785 0.56377 -1.7293897 -1.5633596 4.163651 2.9633706 0.19120513 -8.922476 -0.62270653 1.8064487 4.7226334 -0.12411545 4.6344986 -0.011916034
horseback 0.6007189 -2.089429 -8.4579525 0.8490292 4.563962 2.2042544 7.767819 -0.6961152 -3.7133272 -2.046349 6.1535387 -0.6670816 0.04307805 2.0795524 0.80674165 3.3911588 5.2807493 -0.6026691 2.9179778 -4.266421
boating -0.34891626 4.167576 -9.185265 -3.050109 -2.8697214 4.731503 3.1701064 -3.8997662 -6.190484 -0.95320266 3.2951837 2.9371345 -2.9986184 -3.1248598 0.75144356 3.6382089 5.0574455 -4.5716987 3.6907246 -1.6345334
safari 2.7595248 -0.52211434 -8.7981825 -5.929908 -2.3623393 -0.99051154 3.0262268 2.489822 -4.8035803 0.79604626 1.7443672 4.002469 1.090021 -2.6679716 -0.85851943 -0.89855236 -0.033005517 -0.45801654 0.2754836 -0.05273365
climbers 2.4731412 0.6513823 -4.1556683 -0.74877244 2.7972817 4.4277287 3.9241526 -2.5841646 -0.79045844 1.3702888 5.5630097 0.25729138 -0.7569636 -3.2968435 -0.49663478 -0.21568288 6.5501018 -1.5468497 5.713276 -3.1048396
indoors 3.449171 6.6047873 -2.4146695 -3.7851233 -0.5900601 0.9679221 1.2365141 -2.6002018 -0.8782628 -0.7400004 4.43628 0.09544154 0.22026716 -0.18137908 3.835929 0.0655437 7.426161 3.749847 4.2729793 1.8898776
biking 5.104952 0.23310508 -9.859942 -2.5144744 -0.36676678 5.6094365 2.4437888 -2.165441 -6.682867 -0.7275954 3.3398607 4.4150133 -0.0958839 -7.1970067 2.1166835 2.758073 7.904885 -2.2598555 5.277256 -2.2382355
excursions 2.8582926 2.9648519 -5.8812203 0.03542549 -2.8773155 3.0100732 1.8615229 -1.5824165 -0.53943 -4.504694 2.7195399 2.2650683 -0.61607265 0.89654624 -0.8610153 -2.0343 3.6692348 -3.4580674 4.449557 -0.06520351
scuba -1.0777452 1.843849 -6.7392654 -5.964831 -2.2388985 3.7517729 6.431414 -4.992444 -1.7123828 1.3642865 1.8323073 2.9941115 1.5089768 -3.910975 2.7539632 3.5346293 6.1343555 -3.6162086 5.8357124 4.214546
hike 1.1254503 2.1595554 -3.9548357 -0.30911988 -0.8530698 -1.1704575 0.9668455 -4.2393947 -5.272784 -1.1458763 1.6480848 0.9200617 -5.4013276 -2.2938812 -4.3811536 1.421018 8.652038 -0.33686352 2.2735915 -2.0456352
canoeing 1.4110936 0.387195 -9.020871 -3.569271 -1.0173817 6.6185017 0.8556839 -3.946689 -2.935662 2.7082555 3.172857 3.1926227 0.33553103 -4.63544 3.5834486 1.8499614 8.177378 -3.290351 2.1798632 0.73906213
hikers 5.392622 1.52398 -7.5744085 -0.69440556 0.7211167 3.8254032 5.2703867 -5.2142515 -5.1353717 -1.7715241 4.2534194 1.5450243 -5.4483423 -3.1038082 -3.1141548 2.5904336 7.57442 -0.52513015 4.5566154 -3.05494
surfers 2.3539054 4.8359265 -6.9811554 -4.329932 -0.4135746 0.1137931 2.2322276 1.4253215 -2.5894332 -0.37686053 4.278908 0.9327109 -0.45617232 -7.3035274 -2.259939 -0.31477138 2.0015976 1.8473758 2.7395837 -2.5812411
whitewater 1.944738 2.892297 -5.3229856 0.33557972 -1.6252538 1.4482813 -0.5238562 -3.8024342 -4.65049 1.8898022 2.6715224 3.1876135 0.31088623 -5.528376 0.049715217 4.306751 4.3846035 -4.3515735 0.8517982 -1.2420927
campers 3.581474 3.8443644 -6.381428 -0.7727353 0.73489726 1.7650511 5.927865 -4.174334 -3.3524992 -6.6880236 2.5012715 -0.5480559 -4.4031754 -2.7655172 3.0692558 0.4581787 4.5279684 0.8665511 2.997697 0.81521434
sightseeing 5.4029856 -1.3566039 -8.404245 -2.826792 -3.4349148 6.1047044 0.096835285 -2.3694115 -3.6612375 -3.6534193 0.5551621 3.667566 -0.15611553 3.1297104 -0.9054149 -2.9344153 3.0335143 0.7427745 0.03322983 0.81170595
outback -0.7297955 2.1060617 -8.942761 -1.5398192 -0.3024035 -0.92714953 1.1380273 0.27204376 -1.3098836 -0.846187 3.7164974 4.057221 -0.27378687 -4.5851774 -2.061628 0.76514393 -0.59642684 -1.8342324 3.0540438 -2.704327
roaming 3.7787023 -0.40895134 -5.569764 -3.617358 -0.033147294 -0.49898303 3.2620263 -3.3382213 -3.6744208 -1.1481178 0.071058474 -0.3718519 -4.5521564 -1.6489041 -3.199134 1.1878963 -0.63376564 3.2873423 2.1339064 0.7183922
sled 0.6170806 0.6795264 -6.1330934 -4.496409 1.467647 -2.9837635 5.189975 -3.7761478 -3.6609614 0.63130665 5.291681 2.1914098 1.5175581 -2.446788 1.1520921 3.0121863 5.9870696 -2.5068772 3.780261 0.8654622
kayaking 1.9054774 2.3515964 -9.549754 -3.1419976 -1.1627557 7.2405953 3.1970112 -3.8544977 -4.357203 0.6122173 4.1832724 3.59188 -0.37576106 -6.403833 1.4349226 2.0922866 7.9599304 -3.1824226 4.6911397 -0.56982195
locales 5.0521955 2.7779005 -4.182907 -0.37113607 -2.2074318 3.685104 3.9629514 -0.99788463 1.3221177 -0.10467738 1.399281 2.2952163 -2.6155682 -2.557963 -1.4068142 -3.0775716 -0.42081258 -0.5780262 1.4424964 -2.662515
roam 5.046613 1.3988684 -6.7453117 -3.9759116 1.0222521 1.1345145 3.6103415 -4.589772 -4.567855 -2.5668623 2.2953568 -1.2904732 -1.6168962 -1.80118 -4.5660157 3.6175005 1.395104 7.0923743 1.3142338 -0.40410206
campsites 5.7270494 5.4828734 -8.392474 0.2947067 -3.4525573 1.6646799 7.380136 -7.957041 -5.2352667 -1.0849007 0.4444564 1.8015186 -2.6094863 -0.9482957 2.3663685 -1.9354807 1.9466442 -1.4307312 2.5508678 -3.7645578
campsite 1.9634715 3.3704934 -6.877123 0.8091149 -0.4558163 1.2558979 5.32847 -3.086909 -6.3550572 -1.8026581 3.4381962 -0.3849096 -2.1100419 -0.34160307 -0.42028776 -0.8487165 2.7175786 -1.2525043 0.040481713 -2.5302403
kayak 1.7452145 0.3336171 -7.278764 -5.2349825 -0.23144597 0.6440783 1.6661179 -4.017599 -3.3678234 -0.26816252 3.7909229 3.1277049 2.1948402 -2.0770962 1.8881929 1.0063025 6.026258 -1.4873123 2.9231408 0.41627365
vacations 0.2684394 3.9715726 -5.0972657 -3.2052336 -1.6121037 2.6292377 -0.6412895 -2.446186 0.27117416 -6.563422 3.2155557 -0.50306743 -3.9795818 0.012493429 1.9146321 -2.0462184 3.852607 -1.1370082 0.25341886 2.982918
trekking 2.9105074 -2.3237264 -9.402979 -2.9223135 -0.32362586 6.980245 2.9249933 -3.6892853 -3.5599835 -0.18595196 2.096784 1.7413201 -2.7554016 -3.6980932 -2.7663703 -1.478904 7.5022745 -2.0026748 3.655708 -1.1187565
rafting 1.96173 2.4765306 -8.01141 -2.7330918 -0.9769778 4.8754487 0.9363377 -4.9469213 -5.3410635 1.9654279 4.413804 2.6371 -0.97391313 -3.836645 -1.9614716 1.69004 3.563013 -2.2696657 3.086297 -1.3878515
angling -1.1692234 1.7505333 -6.5811706 -0.8160619 -0.6287666 3.7095184 -0.10998358 -2.931724 -2.074257 0.119126305 1.9145445 4.88401 -0.5295935 -2.2101197 -0.22122312 4.4282146 1.4397587 -0.98336923 4.048464 -4.118961
yachting 0.5410764 0.38517508 -10.325911 -3.9757035 -2.9697514 3.8432508 -0.89035934 -0.41659862 1.3334596 -0.3492492 2.4594104 3.9026701 2.0985856 -0.08344518 3.519755 2.770261 2.0805929 -3.954581 1.190182 0.40850726
velodrome 2.4088287 3.3613253 -5.9707994 -1.9467356 -4.066302 1.4061377 -4.20945 1.9687341 -6.417815 2.164565 2.6116254 0.4354109 2.7224522 1.8053373 3.9861972 -1.0900131 7.61551 -2.358477 0.4708428 -0.32669762
bikers 2.9515667 0.28371227 -7.024756 -3.2617624 2.5984635 0.6674185 5.4739532 -0.23754065 -4.627262 -2.1547966 3.356662 -1.1042019 -3.2867608 -4.4698095 0.40337217 1.6085647 2.0743227 1.1059394 2.9956715 -3.741235
swims -1.6609721 0.75149554 -3.6780457 -3.950972 1.5594846 -0.40182772 5.1781898 -4.42962 -3.9956717 -1.0062721 1.3683038 -1.4846709 1.772923 -7.4089746 -2.1609752 -0.5654792 6.4306808 0.5812276 3.1111042 0.44722098
campgrounds 4.7168913 5.5091386 -8.717146 0.42286366 -3.6479785 -0.010751391 6.04798 -6.329232 -6.431993 -0.32005316 -0.01228268 0.8338515 -4.2067537 -2.6255 2.3184679 -1.0167415 1.3227044 -2.4977207 1.211027 -3.7400243
jogging 1.0171573 2.7783997 -4.578804 -1.2395236 -0.36015755 2.1622994 3.5931163 -1.8482298 -6.8022003 -3.3302157 0.5490289 -0.8615705 0.029268663 -4.3414483 1.2533032 1.3348205 7.0474687 0.69406027 4.070537 -1.3319746
vistas 4.971507 5.6058517 -2.137726 1.3106015 -4.26421 5.852117 1.7887547 2.4551213 -4.552919 0.14064927 1.9249439 3.8777559 -0.20692329 -3.3668852 -3.741873 1.8230308 3.2249362 0.57160467 1.718422 -4.6068735
congregate 4.223686 0.7800655 -6.513374 -1.4103581 1.5253212 3.251409 2.1404736 -7.469885 -2.1687093 -4.1923685 -0.86355925 -3.4270544 -2.782138 -2.6482518 -1.8982563 1.0155991 1.690466 6.755302 2.60844 -1.0112283
backcountry 3.279149 1.8734068 -7.7459106 0.66651064 -0.29817858 1.7726816 3.5513382 -4.3250976 -3.2354703 -0.8977628 2.5439575 1.2872721 -2.6366892 -3.9111016 -1.1256526 2.9208505 2.3072276 -2.4355333 2.703386 -0.64802116
carnivals 4.3015203 3.4125118 -8.421304 -2.6762304 -1.9006764 3.6697197 1.0417167 1.7510129 0.13993827 -2.1753173 1.6715009 -0.5483422 -1.242406 -1.4640527 2.3823814 -1.04123 3.7378569 2.5031476 1.1637702 -2.147605
hikes 1.5176697 4.118948 -4.55471 0.49493927 -2.317354 1.0582819 0.7303312 -2.7118645 -1.5363239 -1.6549305 0.5197669 1.0806729 -5.899924 -2.8554103 -1.6801997 1.4414464 4.716942 -1.1700336 2.6272748 -2.0915077
greenery 2.3107157 6.746633 -3.375214 -0.5958827 -3.176023 7.652686 2.110479 -1.9971169 -4.806312 1.573735 2.391932 2.1466587 -1.5208949 -0.9766682 -3.0959258 -2.4481406 3.3588855 3.9759915 2.758359 -3.4534588
bicycling 2.9162314 2.1334906 -6.6168733 -0.6593584 -1.9749273 2.30261 1.1711102 -0.19142526 -3.4959476 -2.8900898 1.1220646 2.3659904 -2.0950348 -4.255482 0.9382012 3.5730274 3.7875805 -2.1348934 3.2369907 -0.44225782
picnicking 2.7033043 4.6035457 -8.711516 -1.80217 -3.663909 6.061878 5.6136837 -4.203082 -5.935774 -0.8893125 0.7475008 1.2236512 -2.1968396 -4.8957686 1.6052157 2.8871038 4.928554 -1.2376549 2.0877523 -2.2435226
marinas 1.6229085 3.1282828 -6.6802425 -3.2576861 -3.4691334 2.9925842 2.7924352 -3.1865888 -4.7615194 1.437792 1.1684746 -1.4830754 -2.5580156 0.79985553 1.9086293 -0.9151513 0.6771876 -3.8817835 1.2020364 -2.270664
touristic 7.0855274 -0.30122048 -4.452338 -3.1717296 -4.5756736 9.473788 -2.4977489 -2.3645635 -3.6198099 2.3481145 0.18258874 0.8787745 -3.73481 0.771503 -2.4803987 -2.2040327 1.4031856 -0.6938904 -0.07212948 -1.8080797
watercraft 1.3016152 0.7866788 -5.477346 -3.3909264 -2.2483716 1.823474 4.6318274 -4.8052187 -2.0848203 2.3305306 3.4965837 3.5570152 -1.4531884 1.7394665 0.38830292 2.3223906 1.5193672 -5.938455 5.281269 0.07082865
paddling 0.42755732 1.7134805 -5.9660034 -1.9523244 0.124214895 2.3153174 2.96971 -3.7682505 -3.8944685 -0.14735468 2.758644 1.4072037 0.44780985 -2.6592908 -0.19382583 2.9530923 5.8686476 -0.44516766 4.8793144 -0.40331697
windsurfing 1.5384715 0.09328947 -7.4578137 -5.348577 -0.9002547 5.6971793 0.24245961 -2.0168345 -1.8355604 1.2727894 3.746076 2.8265336 0.47754884 -3.3131764 2.9840288 1.4734961 5.600557 -2.89537 3.5503647 0.93616503
birdwatching 1.2304636 3.141781 -8.156942 -1.3839036 -2.9435482 6.1315255 3.4239426 -2.7528093 -0.9703022 -0.6380467 1.6288887 3.182235 -1.2608405 -4.8953023 -1.2607957 2.1797972 3.108683 -2.6771681 0.6718464 -3.0660021
skydiving 1.772459 -0.09140528 -4.82574 -2.8815773 -0.97341835 1.4116807 3.1130562 -0.37862375 -1.7445992 -0.22304147 0.85035866 -0.57053417 1.3074535 -3.3706205 2.9476905 1.7597504 5.531389 -3.0711036 4.5272775 3.7454803
aviary 2.5211773 7.104852 -6.2712693 -2.0950754 -3.4042346 1.868431 5.3820834 -3.4447768 -2.4232526 0.41711104 2.759115 2.5899947 2.010696 -2.6592598 2.0015495 0.045020152 1.914729 -0.45654237 -1.3776213 -1.3405161
kayaks 1.8837603 1.3788482 -6.984585 -4.8324103 -1.2535311 2.1033485 4.3741183 -5.9383583 -4.3434567 -0.48055357 3.5840151 3.5605383 1.8024936 1.1929789 1.8812453 2.4720721 3.6123347 -2.2988129 6.8126507 -0.9492331
snowmobile 1.8795627 0.32907256 -6.3018756 -3.8884077 -0.42084572 -0.3453474 0.5211963 -3.4864528 -5.6205106 -0.6817073 3.3132973 1.8583753 0.123885676 -2.529724 1.5203961 2.2062511 3.7687886 -3.9499435 3.5110292 -0.42700562
boaters 0.5139531 2.8966985 -8.366237 -1.6487141 -1.1909491 2.0465114 4.0006466 -4.503574 -4.5415936 -1.010227 3.0920076 1.9577754 -4.360344 -0.67449147 -1.8539135 3.1219077 3.2141466 -1.645878 4.6431937 -0.17744121
rodeos 5.1105433 4.07616 -7.890784 -3.9134524 -0.5405326 -0.9188087 0.59137917 -0.4760674 -0.44295058 -2.0265832 2.9298863 0.45863914 -3.106257 -4.3142905 3.5499854 2.0869079 2.8203712 1.7462871 -0.021729736 -1.7889192
rickshaw -2.3620121 -3.7305083 -5.5275397 -5.562759 0.70798326 2.8538957 4.2255325 0.051204555 -5.8495517 -2.6524131 1.4411677 1.510225 -5.706119 2.0727122 1.341956 -2.0184245 3.7709835 -2.096274 5.2128873 -0.75582963
trotting -0.8299027 0.47865573 -7.9066553 -2.1080532 0.0910607 -0.24953875 -0.93026006 0.0037129002 -0.18761112 -0.6473932 3.06205 4.3080535 1.6201149 0.48752224 2.5497131 2.994794 3.7467825 -0.17470902 2.4091191 -4.346145
birding 1.8779415 3.3313992 -7.4833417 -0.39368322 -3.4771 3.215079 2.0613656 -2.013077 1.953591 0.4774259 0.26749995 3.8132246 -0.72676545 -6.7133703 -1.5800356 2.6695118 1.3718563 -1.9923546 -1.5792865 -1.8298423
lifeguards -0.041536696 2.2549224 -8.108197 -0.060119156 -0.39025804 -0.2781697 5.573842 -3.1193461 -1.7957656 -1.1068362 1.0804502 -2.0142775 -2.6763225 -0.9373979 3.0280893 1.1999143 4.35073 -2.1025362 3.064473 3.131979
rickshaws 2.1010277 -2.8159485 -5.4153676 -6.0209193 -2.451536 4.0942802 1.5665761 -1.2045138 -5.9556365 -0.3010599 0.36161137 3.6302238 -7.5636277 2.8730462 1.0821568 -4.9864373 2.2570837 -3.0541039 7.984798 -1.5505729
backpacking 1.5255243 1.2787216 -6.8751225 -2.2258315 -0.8386777 3.8401215 2.4733741 -2.5510845 -0.7421575 -2.6581895 2.4003313 1.7102007 -0.44334704 -4.7224493 -0.98669577 0.41049507 4.593484 -1.7073369 2.5813167 0.46961513
paragliding 2.111887 -1.0835315 -6.54787 -4.876379 -0.85351044 5.369763 2.0142987 -1.7378285 -2.722369 1.4599085 2.6614876 1.5618945 1.8595506 -1.1734879 3.968148 -1.7195314 5.243856 -3.0261478 5.39535 1.9298671
waterpark 3.284258 5.013579 -6.5805874 -3.1422064 -4.1800866 0.24764748 -0.3555278 -0.10632907 -6.230225 0.77726597 2.164348 2.0363462 1.5475407 -2.1839857 0.8737048 -1.3782463 3.1137683 -0.058332168 -1.8463573 -0.78099984
bicyclists 4.295197 0.33415017 -6.637762 0.4758767 -0.4524808 -0.40002257 2.3428292 -1.4382533 -4.672136 -0.7155694 0.23193693 0.73761654 -4.8260365 -2.116887 -0.13854446 4.2328296 2.7294834 -0.6924673 3.979981 -2.6320944
motorcyclists 1.6061558 -0.6872269 -5.9967585 -1.9020019 0.51973295 0.32075617 3.298008 0.07945729 -1.7911732 -0.29433945 0.7001931 -0.9324624 -3.6432981 -0.32176828 0.91442883 1.719642 1.3614805 0.059748214 4.2099776 -1.5045521
racetracks 4.2384467 3.4139018 -6.1708136 -1.7895976 -2.5065582 -3.171146 -0.76507163 -1.4592417 -1.0226358 0.25246322 1.8912408 1.9189044 -1.8313704 -1.2738619 2.2498665 1.5493029 1.4773887 -2.270376 0.7287908 -2.6337814
treks 2.3510418 0.0605786 -5.1741123 -1.3035675 -1.2831876 2.513895 3.3550515 -0.7215369 -1.263965 -0.6695859 1.2039074 0.8747432 -0.24691111 -4.1706724 -2.670124 -0.07603656 3.840472 -2.3724332 0.97753304 -1.2476915
snorkeling 0.7552502 2.2848985 -7.0613074 -4.273013 -1.7889633 4.16396 5.2742968 -3.7759037 -2.7083418 1.5941525 2.226258 0.82298464 -1.6613739 -4.256503 -0.2955316 1.0548093 5.444447 -1.5739715 2.3705678 0.49298528
walkthrough 4.163648 3.2481618 -2.562782 -2.0995774 -4.6198087 0.16269961 5.288998 -0.11937 -3.4748712 -0.72953475 -1.1918429 2.393504 2.2402987 -1.2976693 0.09154687 1.5258563 2.7916665 -0.15176515 1.6718235 -0.8223477
coursing 0.4399011 1.0375923 -6.0791063 -0.07914511 1.4302499 0.7797041 1.9572438 -0.06728894 -0.24668232 1.6027032 2.5035806 1.8926617 -0.5845565 -0.3496325 1.8428394 4.233668 2.640258 1.7553253 3.2833302 -4.521578
outrigger 2.2590053 -1.8038114 -5.7724395 -2.5963664 0.66391224 1.5296128 3.3083174 -3.5323257 -3.2650833 2.2471197 3.4537873 3.0617297 2.9095883 1.556019 1.6979761 0.18205598 3.0871031 -1.9907932 4.4049587 -1.4888498
petting 1.6154131 4.3939395 -4.542843 -5.0729604 -1.5338769 3.0103397 5.4521003 -2.3274662 -4.1941886 -3.1945057 1.6395034 -0.70158535 0.22909172 -4.338774 1.0091326 0.2478055 -0.007067632 1.8372331 0.3956962 -0.02526809
vacationers 3.0124438 3.893761 -6.9217653 -2.2427762 -1.040103 3.1961083 -0.26308662 -2.956799 -1.6039217 -3.7169335 4.404195 -1.6655457 -4.713724 -0.93824023 -1.909784 -2.5872495 1.2541435 -0.56296456 1.7005315 -0.5209461
backpackers 1.139866 1.1568052 -6.7788234 -2.4577084 -0.61100024 3.5092318 3.3305833 -1.202542 -2.2360308 -2.7872834 1.7089148 0.12833641 -4.537835 -1.1609808 -0.2709009 -0.6671287 2.1010418 0.17277668 2.4029045 -0.89310145
bouldering 3.6717796 1.5422449 -3.899205 -2.141203 -0.7882895 4.0472074 0.18273813 -1.7412657 -0.30440152 1.4576952 1.86649 1.2583283 2.7333841 -3.3584502 2.0686135 1.3170457 5.872116 0.054026615 5.1358366 -1.2831806
snowmobiling 1.6769012 1.9952277 -6.8566327 -2.2347279 -1.2828344 4.1629553 0.8747004 -2.6776724 -3.3010683 1.085766 2.1098526 0.5408645 -1.7219285 -3.936048 1.9169171 1.0947478 4.30548 -1.481541 3.2258625 -0.8292007
watersports 0.5726121 2.397064 -7.9964147 -1.3721039 -2.2847526 6.133533 0.8551554 -0.96697974 -3.8528717 1.2574751 1.6330495 1.460372 -1.4938127 -1.6447753 1.6944779 0.39485773 2.6731675 -1.8163574 3.6662564 -1.1686751
trekkers 1.505321 -1.4737344 -6.1484313 -0.57262987 0.7289581 4.515813 2.6399815 -2.0946593 -2.1120703 -0.34613138 1.9395529 -0.49712828 -3.1601539 -1.1075202 -2.8599772 -0.9959952 4.4448404 -0.022495374 2.202389 -0.99068755
holidaymakers 0.7581627 1.7250923 -7.412677 -2.694167 -1.7004712 3.460756 -0.49672157 -0.712452 -0.9820901 -2.7950568 2.965687 -0.3197696 -4.471666 2.6813421 -1.8015437 -3.0198815 0.88826346 -0.3822813 3.865815 -0.89154804
paddlers 1.2526026 0.6224392 -5.049272 -1.418469 0.6113488 0.45029032 1.8904816 -3.357971 -1.4830334 1.1025224 2.4313946 1.1249627 -0.48612735 -0.5870764 1.4186343 2.080768 5.647273 -0.56451845 4.518555 -0.5931007
sunbathing 0.8615555 3.5599005 -4.7089477 -2.7098012 -0.69151 4.190001 4.793753 -1.5258259 -2.747709 -0.89161116 1.0444025 -0.90807396 -0.6296961 -3.1387146 0.94821876 0.16101433 3.2771268 2.881185 2.3957148 0.035982292
horseriding -0.74200267 -0.017793627 -4.3767805 -1.9824172 0.5652061 5.3754025 2.8475592 -0.6137008 -0.26801237 -1.0040337 2.0826175 -1.059385 -0.44149008 0.053442556 2.053422 1.731344 4.2719502 -0.57729894 3.057713 -0.7044065
snowshoeing 2.1275105 1.9234304 -6.047985 -1.7989906 -1.5814704 4.4414697 2.3618693 -3.1027234 -3.1923144 0.81203026 1.5837853 1.2791122 -0.37858546 -3.900421 0.97632706 1.1924771 4.5827804 -0.93956023 3.294169 0.019897308
toboggan 1.519448 3.4726274 -4.4462337 -2.022099 -1.9969914 -1.468789 -0.53277355 -1.8712641 -5.2093325 -2.184708 2.5020373 0.10494149 3.8782163 -0.7085665 2.0391338 -0.116842285 2.5026436 -2.6193404 3.1415856 -1.3365408
birdwatchers 1.9638896 2.294881 -6.7655516 -1.3981582 -0.97805226 3.8033257 2.8067439 -2.2820985 1.6521404 -0.41170275 2.5420651 2.413886 -2.180116 -3.3315854 -1.5171062 1.6237535 1.0652474 -0.37875938 0.122617625 -2.5915875
kayakers 1.0740907 1.0462308 -6.944874 -2.4865427 -0.26538056 2.6088367 2.1202345 -2.9183002 -2.9890761 1.2811465 2.3994293 1.5036961 -1.3786525 -3.1623824 -0.14503418 2.3153338 4.786117 -1.3203363 4.304795 -1.3920472
waterskiing 0.27142197 1.2731316 -5.571676 -4.152132 -0.54953843 3.513146 1.7958099 -1.2275621 -2.9319706 0.5216076 2.7633512 0.60021245 -0.16329144 -3.397221 2.7003908 1.2007656 4.067475 -1.917387 3.0175292 -0.16959645
sledding 1.0468488 2.1201386 -5.4255466 -2.914834 -0.28255618 3.4530292 2.4172053 -2.3610344 -3.5126941 -0.6104508 2.8330667 -0.12384116 0.5595618 -2.919263 0.3729184 0.7233479 4.4959636 -0.17490226 2.4796329 -1.3361672
safaris 0.64307404 0.7419631 -7.288537 -2.8811803 -1.6391375 1.8443595 3.1497858 0.05357725 -0.8549342 0.8059844 1.9503367 1.9889809 -0.86224395 -1.9149659 -0.29635102 -0.4201789 0.5840045 -2.1855502 0.9929446 0.4224574
canoeists 0.7711848 0.42073 -5.9133935 -1.7660207 0.54355013 2.3843877 0.90997475 -3.4154048 -1.306151 1.9407511 2.5667083 1.0838014 -1.5480472 -1.6766155 1.1694626 1.0092753 4.105122 -1.3012297 3.1927621 -1.2565174
snowboarders 2.1777217 0.005920054 -3.9746034 -4.4187026 0.77679247 2.4571407 0.96822506 -2.3161275 -2.1199834 0.2307353 1.7161396 0.24902269 -0.66881675 -3.060861 3.9472592 0.9813086 4.4631824 -0.020791681 3.3193185 0.17364256
joggers 2.119917 -0.18884654 -6.227153 -1.3693678 -0.32518262 2.2337277 1.8745346 -0.9672892 -4.3795376 -2.0045874 0.012406419 0.28320247 -1.8440537 -2.6526096 0.28132126 1.4989253 3.4400718 0.22320578 2.7722614 -3.7029023
snowmaking 2.4980311 2.501297 -3.5527816 -1.7917295 -3.1602852 0.8631952 0.069426455 -3.3259082 -4.8157396 1.523299 0.97212774 1.70802 0.4278584 -0.15250157 0.59612966 0.05188623 3.346561 -2.5671084 5.3708773 0.6731722
boardwalks 3.3552153 3.2402382 -3.8930926 -0.12988982 -3.425766 1.3311327 2.8868692 -2.5063062 -4.7648487 0.22461179 0.26058167 0.8623219 -0.34906155 -0.93173426 -1.2689244 0.54559964 0.9969761 -1.4468697 2.2677171 -3.4300587
kitesurfing 1.1108537 -0.049143348 -5.2073555 -3.6431267 -1.2804737 4.1479807 0.06582014 -0.6301585 -0.95329666 1.886911 1.8044649 1.5519763 0.65313965 -3.067096 0.7499669 0.31582314 4.107297 -1.5876217 3.0341356 0.021022605
rappelling 2.6891968 -0.08698587 -3.5741532 -0.92686325 -0.457398 2.2037776 3.705306 -1.8820481 -3.8936448 0.23814078 0.5751599 -0.8228381 1.8726084 -1.4707811 0.69996166 1.3441764 2.8576646 -0.7158393 4.0443044 0.5687318
bushwalking 1.1380635 1.203344 -5.6574297 -0.6809217 -1.1215906 2.9571388 0.23417331 -0.6784621 -1.8195766 -0.33096218 0.72119206 1.5525857 -0.4575665 -3.1608348 0.44075742 0.5596416 1.8949109 -0.52688044 2.4157894 -2.2159748
snorkelling -0.19230637 0.9597072 -5.2552295 -2.6443005 -1.013469 3.40529 2.3800015 -1.9019188 -1.6269166 1.9397798 1.7391832 0.61153054 -0.0033684769 -2.5686743 -0.11912266 0.64389884 3.229911 -1.1466604 2.08133 0.25514662
minigolf 2.601166 1.6716899 -3.5250082 -2.9859166 -2.489542 1.4651306 0.67249423 -0.8572966 -2.5982854 -0.1513963 0.14203027 2.02676 2.0691788 -1.9157659 1.7494457 1.6379942 3.1011176 -0.031140093 1.7711957 -0.72318614
freeride 3.0922732 -1.4092878 -2.7697601 -3.2479353 -0.26645637 1.8002318 -0.37981957 -0.27480885 -2.3655324 1.3053972 0.6737342 1.4169843 0.6323721 -2.6461549 1.3491162 2.3262918 2.9925735 0.049658787 2.5506265 -0.09991423
zipline 2.1610017 1.2984797 -3.2127833 -1.5116923 -1.8563112 0.014831513 1.375374 -0.80540717 -3.632603 -0.33633786 1.0017334 0.7934977 1.2872456 -0.8777711 -0.028619012 -0.08219363 3.3663368 -1.0215924 2.348491 0.80591804
wakeboarding 0.6585955 0.74485725 -3.751377 -3.6090722 -0.7851744 2.9123898 0.36551636 -0.49021786 -2.2857862 0.8814736 1.3052284 0.85720164 0.76237416 -3.3990457 2.4236906 1.0597639 3.3292336 -0.8392273 2.6924741 1.0755551
rockclimbing 1.6217135 1.4842727 -3.8225858 0.058894712 -1.1024091 2.902553 0.8353067 -1.014008 -1.3290551 0.3553496 0.19470416 0.56494737 0.82856905 -2.243028 0.6725138 0.7018461 2.6087162 -0.06812161 2.079543 -1.376683