Centroid_82 1.8057225423983734 4.093227860138213 -1.5742952697560975 3.3890454474796754 -2.3218704063008135 0.3647594537886177 1.8329678559837395 -3.851190653495935 -6.2280066154471525 3.119801960934958 3.8877408404065035 0.4593942365528457 0.23772938067479668 2.9749534851626027 -4.394091714065042 -1.3699844293414625 0.5399440005853656 -2.9588895989430886 3.0167161800813003 -3.3350637775365883
river -2.0102794 2.6397898 -3.229569 6.472906 1.5244495 1.1828519 -1.3461516 -5.3444304 -12.319171 10.525201 8.671412 1.3563064 0.5255002 -0.25490195 -10.177304 -2.993799 -0.17358215 -2.749766 -1.0573276 -2.8750966
near -0.8508295 2.2234607 -5.3478904 5.5027943 0.06526348 2.6903942 -1.4629202 -7.211647 -8.174485 1.4940655 4.282818 -5.0250635 3.9419837 2.5339563 -5.144753 -5.866982 2.6254203 -2.4969022 -1.5818208 -1.3743428
land 1.9678451 5.431092 -3.7810726 3.7470794 -1.7735178 1.2119057 1.5590311 -6.6378756 -4.0884714 4.216849 7.6456575 5.4027 -8.108642 8.097362 -5.203635 1.8187466 -2.9589143 -1.7875569 -1.9982932 -2.2468553
site 6.0534825 7.208947 -2.7077956 5.51907 -6.546218 1.1840695 5.0665545 -3.592515 -5.2818856 0.17267954 2.232402 4.194687 -1.7125187 4.6591053 -2.6422954 -2.6707525 -0.88040376 -3.6892593 -1.7349415 -0.35636315
bridge 1.5053073 4.1982493 -0.4093308 7.319455 -3.8419857 -3.3965788 1.8011506 1.4482138 -10.795556 3.0665674 3.9649277 2.5675259 2.5041056 6.670783 -5.4723725 -2.7752936 1.4024282 -4.216476 4.0648904 -4.6796007
location 5.4947968 3.8436608 -2.3597624 4.0667763 -3.738494 1.3272804 3.70994 -3.124654 -5.763329 0.49910572 1.9873487 3.4370167 -2.2436254 2.2746444 -3.82907 -3.1549702 3.0729609 -1.8915281 0.18578584 -0.9865445
nearby 1.3403515 2.9600298 -5.6252894 4.013316 0.07712404 4.3950887 2.5380933 -7.786657 -8.992876 -2.52892 4.3646264 -1.813541 -0.39143622 2.612974 -2.7047088 -2.714157 -0.4147781 -2.5839055 -0.32947528 -2.5525556
miles -0.025135413 4.1750355 -7.2157125 5.116439 -0.78200704 -5.8019905 1.4584898 -7.4797406 -4.6703067 -1.2181896 3.2457213 -2.6552165 0.6369194 -1.3299397 -2.1700728 -8.396101 6.367832 -6.73904 1.1703914 -7.990069
portion 5.41429 5.026394 -0.62925214 7.1874065 -0.98320013 -2.4140108 0.6391481 -4.28585 -4.746783 2.861038 3.214673 3.7631235 -2.6388164 1.293531 -2.7139826 -2.8946064 0.16506575 0.29936817 1.3331363 -3.0329046
canal 0.13716763 3.886569 -0.7902691 5.643419 -4.048212 0.11119157 -2.28381 -1.3185109 -10.28026 6.3923974 6.513114 2.0017018 -0.46365178 6.9660535 -7.321877 -3.1380227 0.935624 -7.0922256 3.5537565 0.67233825
crossing 2.2703278 -1.1817425 -3.2734368 4.9672885 0.67406917 -2.8604758 -0.23092525 -3.369076 -7.914079 2.864896 3.6525576 -1.1266483 0.95062107 2.1541831 -8.186391 -0.97031206 3.2210474 -2.3306525 4.0139003 -2.4260921
shore 1.7499564 1.1464372 -6.6657014 4.095296 2.5068927 -1.0947382 2.3085046 -4.1070514 -6.81575 0.9272617 8.752098 1.0056134 2.0491285 -0.47703984 -5.0555277 -1.703605 2.170779 -4.353166 2.356867 -0.98787594
tunnel 1.9285961 4.4066057 2.282955 4.4443183 -4.323465 -2.2459807 1.9225107 -2.2001579 -11.264033 0.7660084 3.86569 1.2328126 1.7159743 5.5839634 -7.25807 -5.7815876 3.8588333 -4.7713346 7.0916286 -0.21613456
bridges 4.8666363 3.2551143 -1.4261947 5.4576044 -3.892298 -1.140491 2.7760668 -2.803255 -6.4156704 1.2919967 1.1023047 -0.3699707 0.7271817 4.9279795 -2.3522542 -2.134153 -1.5223703 -5.62379 5.5128903 -6.650981
harbour -2.3208637 3.8855488 -9.110012 3.1304812 -3.2235956 1.3861587 1.3104423 -1.8197157 -6.7697053 5.195198 7.18879 2.2677507 0.80834335 7.325623 -5.239852 -1.9918064 2.4314268 -6.034997 3.8467546 -1.4221257
reservoir -2.5698538 9.074452 1.3572695 3.0663238 -5.0313616 2.0783381 -0.6352243 -6.9985137 -11.948877 9.464608 4.029941 2.9821484 -0.964167 0.96892494 -3.999713 -3.7893221 1.594287 -3.7609172 0.9773433 -0.51034224
flood 0.8754497 7.9316382 -0.9536749 2.7730231 -4.5570836 -1.6915603 2.243392 -3.1948423 -3.4855385 4.8321567 4.437768 -2.9024236 -3.818656 1.0074931 -9.845113 -0.19071807 1.0471816 -3.746801 1.8284434 -0.6879468
portions 4.9179397 5.2102485 -0.34379727 6.7192125 -2.0917165 -2.7334425 2.5671551 -3.998498 -2.7226691 1.0387412 1.0865836 3.0631254 -2.2104783 -0.09303886 -3.0516932 -4.032658 -1.7948382 -0.25462243 0.52175665 -4.046356
stretch 3.3555958 2.0888271 -0.37065423 3.1212208 0.043906666 -2.2251258 -1.1289513 -2.437658 -7.0841856 1.718951 2.9105115 -0.045050185 -0.1624482 -0.84479433 -4.349276 -2.1847231 6.5688124 -0.99697095 5.4826455 -5.405247
vicinity 2.6270776 1.9361246 -3.265605 4.220512 -0.9677987 2.6288078 2.3895352 -7.2802687 -3.9782066 2.371469 3.5027745 -3.4130087 0.0594995 2.8366776 -5.4366703 -4.5619254 -0.32321426 -3.4099422 -0.4148526 -0.59355825
lighthouse 1.82213 3.6365924 -5.982019 4.0371556 -4.2129664 -0.5848572 5.772328 -1.9536365 -5.816676 2.5565825 4.8723664 4.489714 5.431935 5.8212566 -2.6269183 -3.0739925 1.8668485 -5.1180887 -0.18940568 -0.50481
drainage 0.68527174 6.6538115 1.8721926 5.385033 -4.893031 3.2308202 -0.5377311 -9.374741 -8.7593 8.685405 0.5928253 0.903587 -2.0539765 1.0173717 -6.2839055 0.50818276 -1.8491459 -2.653738 4.902331 -1.3356817
pier 0.9386296 5.821187 -4.879527 0.497658 -4.9667134 0.21734515 2.2241282 1.3113326 -9.579317 1.6807228 4.6479874 -1.0154817 3.1912096 5.2167525 -0.97094834 -2.6940696 1.8785605 -4.8599315 2.1488323 -2.07954
tunnels 6.1155763 4.4293404 -0.7174674 2.5784478 -3.941756 -0.47859314 6.074482 -5.028153 -8.287794 0.25879183 2.9150438 -1.2097474 0.44373906 4.7394304 -5.449858 -4.825083 0.66980094 -3.8478065 7.8775177 -2.7745726
downstream 0.9345943 2.0791924 2.7018342 1.8834184 -0.8814243 -0.8680483 -1.3115313 -9.541689 -10.146244 4.9144807 2.8936534 -0.39258134 -2.4840517 0.03873296 -6.6429424 -2.1503592 0.9154282 -3.417276 2.583793 -1.1116028
spur 2.1101522 0.02498584 -0.014612406 6.598759 0.70541614 -2.4585893 -0.43239862 -1.9937234 -7.5694194 1.292902 3.2338176 3.141608 2.1440046 -0.54455304 -4.374174 -0.4305033 0.6473907 -2.841301 3.5434372 -3.0321565
quarry -0.07291451 8.128791 -0.9641079 3.3776808 -2.443028 1.9133991 1.4060004 -5.1398716 -6.1603937 0.823813 7.3525386 1.7177279 3.1040094 5.011401 -2.3929226 -2.69918 -4.054103 -4.560937 2.7350438 -6.725458
upstream 1.2119814 1.2718928 1.8204173 1.9054394 -0.9717671 -0.73485523 -1.4128978 -8.815128 -9.8502865 5.034384 3.0906925 0.930391 -1.7658118 0.12131878 -6.8236213 -1.6852934 1.3642435 -3.6045308 2.1781025 -1.7920984
dams 3.6202462 6.5475893 -1.0588728 1.2079998 -6.2395306 0.6073753 0.13853653 -6.8335314 -7.2351213 10.639976 2.4997127 -0.41238675 -3.2196681 3.5157404 -3.4966464 -1.6251422 -1.2439657 -6.2063336 3.5588038 -3.014352
gravel 2.859455 7.261523 0.05453452 0.3069585 -2.7593894 -1.3677238 0.305598 -7.392661 -8.51453 4.071131 4.6439486 0.5855319 1.8100195 1.023496 -3.4560473 -1.0515288 -0.30741394 -2.0427837 4.8026886 -6.9633136
farmland 2.4576132 7.673287 -2.311291 4.4365616 -0.8708021 4.78734 -1.5564678 -7.342503 -6.778652 1.704486 7.4147363 3.166727 -6.772371 1.4118925 -4.0428915 -1.4990344 -3.6869767 -2.6433082 3.022921 -8.029365
inlet -5.385117 2.3034039 -1.3972675 4.075209 -1.0945576 -3.0777934 1.7655523 -5.6341376 -8.644646 7.4908977 3.9383533 3.755752 4.5814805 -0.5099427 -6.9639277 -2.4566853 0.10559332 -5.3696885 3.2688339 -1.689575
canals 3.0521097 3.4482975 -0.930085 3.6003306 -3.308874 4.8660836 1.0466404 -6.031117 -6.468229 4.659127 3.569114 1.2165184 -1.5371664 4.9602 -4.8728824 -1.9415064 -1.8608925 -4.6485963 5.443246 -2.745131
perimeter 8.358897 2.0465987 -3.3653724 6.751314 -0.796804 -0.97887146 5.5013013 -2.9605732 -7.557883 5.6691566 2.1918285 -2.677066 0.9695858 2.860086 -1.9130477 -0.35867542 3.5153985 -0.6173312 6.284282 -0.9561266
waterfront 3.692733 6.6980143 -6.3488374 3.3172896 -5.440322 1.900993 -0.16552496 1.7738088 -9.107577 -1.3658417 3.1500487 0.033932906 -0.60991865 1.089177 -3.4924881 -0.044760432 -1.6960845 -3.3665342 1.6882981 -2.306836
wharf -1.9963801 5.9996004 -8.109936 2.0438926 -5.251137 -1.578741 2.8813195 -0.69958085 -8.450016 0.49948373 5.133587 2.8024065 1.0046352 6.7399845 -3.873015 -2.847858 -1.2350084 -5.69318 2.5845556 -4.02276
estuary -2.5621014 1.9064127 -3.4877458 2.5850863 -1.4990847 3.3861275 -0.7359636 -4.4073796 -6.2248445 9.631143 6.5742297 2.9195244 0.5623486 1.057662 -8.192556 -2.8180764 0.87904626 -6.200403 3.0816696 -4.2079773
viaduct 0.057484202 4.1522994 2.0395489 7.7207727 -4.7264023 -1.1469359 -1.1879894 0.58546704 -9.630799 1.9140965 2.7233472 2.397689 2.403966 8.178534 -4.8430505 -5.541969 1.9342785 -4.8513513 5.730823 -7.192297
shoreline 4.4275985 6.1567926 -3.4925828 4.4840045 -2.658088 1.0443052 2.2974696 -6.1740317 -6.1816072 4.5612564 4.3969784 1.4611642 -0.6706196 -2.5858104 -5.8825555 -1.6228222 1.8025144 -3.6142354 2.1714113 -3.9982882
ditch 1.690379 3.8618765 -0.22101454 3.661485 0.3411537 -1.0905876 6.0001 -3.8460605 -7.5272384 4.9668736 6.312429 -2.268604 1.3565911 5.268378 -5.119924 -0.49860197 1.7176378 -1.7209833 3.924902 -6.6489177
asphalt 5.412549 6.4377213 -1.2584254 -0.8236062 -6.6408324 -2.912431 0.889338 -5.307074 -7.009596 4.821908 0.17476259 1.9273201 2.899104 1.6362737 -0.23314439 -2.0945141 3.7906258 -2.3404217 5.043922 -4.6234426
hillside 2.2382922 4.920103 -2.243749 4.0414186 -0.63153225 3.9038715 2.6097777 -3.9066925 -7.239824 -0.7208484 4.179656 0.084958725 2.2843363 0.9937011 -1.9572979 -2.371586 2.2372377 -0.4124742 1.6217232 -5.692786
diversion 0.4638289 2.1506193 0.04152883 1.3339958 -2.4555848 -0.4558954 2.371752 -1.7369306 -6.220828 3.0619571 1.7991941 -1.3905512 -3.8132038 1.5474663 -6.0733657 2.3859668 0.2952642 -2.9962413 2.8294287 1.4640993
waterway 1.5330722 2.9813511 -2.7192113 4.893453 -3.6257317 0.8937841 0.15726115 -2.478628 -7.655152 7.7061577 4.640296 4.8770127 -2.177614 2.1241493 -7.3899474 -0.58017313 -0.5353549 -5.653091 2.1046646 -0.47002885
causeway 2.6563804 2.5475388 -4.072457 4.222388 -2.5844743 -0.5073113 1.7078532 -0.230559 -8.490459 4.074561 5.157823 1.9586922 0.5152753 3.5130467 -5.838646 -2.4924212 1.9924722 -4.4674273 0.6511319 -5.284365
rubble 3.9140582 8.410074 1.8335534 1.3486985 -2.5626342 -0.038546547 7.7906675 -3.8211973 -4.581501 1.7193975 5.575672 -4.9829946 2.1583083 5.650171 -3.4834754 -1.5710735 -0.61453146 0.12044635 2.7443852 -5.4184184
embankment 0.5560868 5.1261153 0.21054865 5.028582 -2.845676 0.83483243 2.220021 -1.3632163 -9.96108 4.6535625 4.628888 -0.6273577 2.293738 6.977789 -4.5491934 -4.198802 3.6036685 -1.8464035 5.727556 -4.0902624
sewer 0.3595726 6.478634 -0.34986043 3.3000908 -4.5571556 -0.4723703 3.1473687 -5.0333343 -10.954667 1.3901492 0.25779775 -0.009553784 -3.1960435 2.248139 -4.6919165 0.86128896 -2.8312922 -1.5085956 3.6902306 1.9948246
navigable 0.020460436 0.38076085 -3.072815 2.215392 -2.4254239 1.1336956 -2.0911782 -7.348496 -6.4316397 6.500948 3.7395647 3.4034488 -0.8702295 4.4574223 -9.240761 0.892562 1.688524 -3.2381358 3.5961769 -2.1269608
undeveloped 4.4227567 4.377098 -3.0897458 2.7114305 -2.9428246 3.3480744 -1.3672708 -7.1865134 -3.8600407 0.6118318 2.2565327 0.14213155 -2.872373 0.56159914 -5.950764 0.9697131 -3.318994 -1.321941 2.14455 -5.9387183
moat 3.4267755 4.579637 -1.0379511 4.798042 -1.496163 3.3333797 5.7669306 -2.1808617 -7.081998 4.546953 5.6698036 -0.6599138 2.043386 8.338495 -3.7229898 -3.1094162 1.9292917 0.6274986 2.654662 -6.8278823
frontage 3.463331 4.625014 -2.3056526 6.6897693 -4.0305533 -0.2827429 2.156328 -1.1028243 -8.016742 1.1697482 1.0290873 2.5511703 1.5732621 5.13069 -2.1104116 -0.4827118 1.1526428 -1.3740685 3.928355 -8.150978
footpath -0.30226374 2.271659 -4.320102 5.98146 -2.57907 3.689254 2.3243117 -1.6692739 -9.608311 -0.5692305 1.8987448 5.534344 -1.5851946 3.042342 -5.497243 -0.90425336 6.380604 -1.8390185 5.4677024 -8.575694
ditches 3.2493546 4.5788608 -0.43653995 2.4178197 -0.80137616 3.379596 5.5236 -7.182595 -6.5783887 4.813852 4.4755263 -2.0354066 0.265808 3.2506936 -3.1044164 0.95752746 -0.8048972 -2.160746 4.551229 -7.219158
steeply 2.7909875 4.522959 1.6997411 5.7815666 0.028608672 0.96942514 -0.4803577 -1.9914663 -5.663228 3.8536675 4.9110208 1.1256508 2.117766 0.26092604 -3.7898874 -0.9869824 3.9863336 -1.8637048 8.777772 -11.576085
headland -0.47853136 0.24118222 -3.5959256 3.8476458 0.38534334 2.3784177 2.4693441 -1.7364987 -5.1761394 6.249859 5.3752346 3.4710097 5.086833 -0.100983605 -4.7656584 -3.6955454 1.6297737 -3.2398841 0.1781589 -6.7236257
harbours 0.3362835 -0.38291645 -6.889381 0.7222956 -1.8843975 3.8457158 1.3585739 -3.8207524 -1.4032837 5.5455923 3.8875632 1.6568047 -0.33077043 5.076466 -4.109071 0.29929742 -1.3136067 -4.3612247 3.6379395 -1.8734771
incline -1.2289466 1.9871802 1.0847489 4.619291 -0.40046933 0.06812114 -0.6168129 -3.67386 -7.221212 -0.50463367 4.0118814 3.0217307 0.34932417 4.659869 -4.0002403 -1.1376626 4.263222 -3.623212 8.747706 -5.1110687
silt 1.0403668 10.409256 3.1528308 0.548702 -3.3875937 0.040715463 1.2089602 -8.307398 -4.2047596 7.498673 6.8099327 1.4128553 0.28463277 2.1044598 -6.0580783 -2.3027532 -0.5730857 -0.529014 3.8673382 -3.4970734
jetty -0.6282416 3.902699 -5.6711116 1.1438656 -3.9426494 -0.22553042 3.691617 -2.3923888 -7.1792226 2.23808 4.232916 2.3608458 0.6269854 5.4710793 -4.222904 -3.4446628 1.9274453 -4.2947288 4.0431294 -1.9717478
earthen 3.8514223 4.36411 -1.1104213 1.8794076 -2.3904438 2.9137967 4.072251 -6.4710803 -5.7076545 4.408294 3.3476646 -0.30038276 4.047547 6.241278 -2.7268927 -0.8665529 0.13118452 1.4344541 1.5195024 -4.009727
promontory 1.2301524 2.1592891 -1.7325964 6.0870023 -0.30533963 3.7577555 2.6462784 -1.7744677 -4.5856204 7.696476 5.4060235 0.4536612 5.3908267 0.70629025 -5.410071 -2.703406 1.8499763 -2.6567912 -1.5707369 -6.9228888
shingle 1.7593067 5.3799767 -2.311282 2.265656 -2.4592588 1.8434253 1.6438285 -2.682022 -5.1299644 0.39258724 3.306048 1.8019631 5.125585 1.8660825 -2.0290298 1.1824062 -3.8871818 -0.39911148 3.5435123 -7.705153
seabed 2.9951549 4.646064 -1.2268877 0.89494 -1.7174646 -0.5077968 4.4699597 -7.3577433 -1.8379335 6.209632 5.574178 1.8894209 0.9379327 0.9916554 -6.1147747 0.16942748 1.6727132 -1.990526 3.399189 1.3724905
sewers 1.7339767 5.9809203 -0.6263991 1.9690952 -2.4226184 0.5362065 5.673767 -3.1053393 -7.875134 0.48095912 4.148027 -2.4153566 -3.337479 3.7937014 -4.590631 0.29905233 -0.8587731 -2.0550091 2.012238 0.22366613
shoal -1.514931 2.5616517 -4.1362805 1.9392251 -0.6468289 -3.6959598 2.5693479 -4.9478345 -3.1587942 4.688701 4.685625 2.056204 2.064391 -0.27326462 -5.674156 -0.25396335 1.8853911 -3.9643288 1.3315089 -2.2144866
overgrown 1.9996444 6.055675 -1.9945153 0.43358073 -1.3225957 3.7446392 2.2760289 -7.2887454 -4.3318787 -0.9425241 4.066693 -2.5332863 1.2258087 1.8842399 -5.316769 1.0605913 -2.2831078 0.8309066 3.2452652 -8.082523
upriver 0.1756812 0.63685524 -3.9003222 2.7752268 1.9315153 -1.7738922 0.25923875 -5.8912086 -5.612877 -0.083443545 7.570235 -0.8674192 -0.7896362 2.1426048 -6.061349 -0.6926228 1.5698439 -4.474881 0.53957814 -0.18117389
ramparts 5.7909155 1.7908278 -0.9430077 4.8389974 -1.3746626 2.4865873 5.57622 -1.0988536 -3.1166008 3.1175725 4.1335273 -2.7276545 2.9880724 7.7360706 -3.020976 -1.9330332 1.130426 -1.2603717 1.767841 -5.603999
quarrying 1.1710088 8.410074 -0.98790723 3.4806592 -5.1496844 4.738415 -0.11097473 -5.2235203 -1.5527011 2.0767386 4.83185 0.26706588 0.77324384 5.240368 -4.7380958 -0.96731544 -7.5087385 -4.8131585 5.012177 -4.7119813
spillway 1.2247752 7.489643 2.1833148 4.4628515 -5.7499104 -3.5420122 2.4191277 -4.9534717 -10.662919 8.61465 1.0127844 -0.19503444 0.3593941 3.5755646 -2.4761903 -1.291009 4.021714 -3.5636597 4.7040563 -1.0280373
footpaths 2.7585273 4.9183435 -6.0251794 5.4988728 -5.2981 4.424743 4.1654997 -3.0451536 -8.8581705 -1.4304127 -0.9103766 3.197188 -3.9190621 2.0747561 -3.3881803 0.63530815 2.3068113 -2.6019979 6.448472 -8.880355
levee 3.0078585 6.0436187 0.51332885 6.035326 -2.458862 -2.8563976 1.1607586 -2.0470703 -6.5540524 1.9616976 3.3715212 -2.099151 -1.8727224 1.6887269 -4.6079683 1.8656496 -0.9477247 -2.6367247 0.5400494 -0.9675235
dike 1.4860408 4.0276337 2.1266274 3.312073 -0.73532176 -0.05662632 1.0044367 -2.965327 -5.8345456 4.8835354 5.7036753 -0.20816107 2.41865 1.9695323 -4.5380983 -0.7695453 -0.047824416 -2.6004462 0.50067586 -1.9617289
subsidence 3.3615093 8.010462 4.429465 5.135252 -5.131675 2.0942547 -1.0318856 -4.97478 -1.4249973 6.239631 4.62025 -3.2638142 -1.5287775 3.294596 -8.519037 -1.2571118 -0.46595562 -5.086863 5.839487 -2.5742884
unpaved 5.3323464 0.045445647 -4.0397763 2.100803 -2.6025686 -0.4638282 0.6158375 -6.3037343 -7.62235 2.1275036 -0.21961984 -0.6506048 -3.17482 -0.12065095 -4.7417927 -2.115592 2.546379 -3.794976 3.7043471 -6.98255
breakwater 1.5117321 5.4082894 -4.2875 3.7894957 -4.1276464 -1.5479244 3.6838644 -2.356635 -5.2568355 4.054984 5.6950765 1.9988999 2.9949803 4.5457087 -5.047022 -1.2818991 1.2358712 -5.5747237 3.281938 -0.051125567
wharves -0.07246781 4.364386 -5.783967 3.9845083 -4.348888 0.5223254 1.9589849 -3.9330318 -5.802192 0.35405985 3.036389 1.2350761 -1.3391588 6.406413 -2.9353242 -0.7288983 -3.594698 -6.547699 5.429012 -4.105065
dammed 0.10942101 2.8691506 1.0312028 1.7191817 -1.0497825 2.196712 -3.3986013 -5.658295 -8.164301 4.076008 4.1520185 0.8444501 1.446033 0.22097744 -5.825648 0.050566368 -1.5401961 -1.3850149 0.963762 -2.7260258
downriver 0.93507797 1.7651455 -3.9811726 2.5269935 1.0124866 -2.3481908 0.039967842 -5.673525 -5.354815 -1.2637963 6.64218 -0.59580445 0.046306655 1.4196043 -4.660684 -1.2035172 0.43958822 -4.200434 0.33192712 -0.24262778
trestle 2.1822999 5.293264 -0.89017487 4.9461575 -2.9554405 -3.876409 2.8072195 -2.7025414 -7.9244685 -0.5645933 3.5662887 0.74105054 2.7793736 3.861244 -3.9246635 -0.9450075 -0.25536668 -3.704546 4.9322815 -4.4159527
riverbank 1.5168355 2.2234483 -2.222892 2.1019268 0.5715207 1.7241986 3.1848369 -2.6376963 -6.2721376 0.15630512 4.856935 -0.64625776 -0.033991355 1.8689013 -3.040574 -1.531154 1.2571766 -0.98971164 0.5974302 -2.420341
marshland 1.2842257 5.511825 -1.9117014 3.3679352 -1.1224899 4.167352 0.64050436 -4.4558926 -4.7193766 4.198036 6.541298 1.4224333 -1.2945011 1.5906208 -3.8146672 -1.1899924 -1.0584528 -3.1427996 1.5899677 -6.174061
dredged 0.6467347 4.1587467 -2.0208626 -0.55126894 -4.7376723 -1.5437019 1.1869712 -7.6223245 -5.727656 2.6817095 2.1362362 0.605261 2.133685 2.2242918 -8.304545 -0.06355621 -1.0360034 -3.180308 2.6938558 -0.28143984
sluice -1.9550804 5.281789 0.21675299 2.796599 -3.4582274 -1.8520226 2.0544837 -2.6918223 -10.014149 5.0194182 4.346181 2.6613936 0.99038297 7.684735 -4.88015 -0.8308495 1.4039818 -1.6241792 3.9984596 -2.8029542
blockhouse 3.5667899 1.8336875 -3.683959 6.6539288 -0.6613383 -2.229544 5.3689785 -1.5713388 -4.2849927 1.4618529 5.0377097 -1.9754807 3.748905 5.99281 -1.8803314 0.38046023 -2.508856 -5.1924806 1.1114199 -2.7514715
levees 4.8062506 6.647386 0.18586105 4.763322 -3.5656686 -0.40240288 2.361512 -3.9919431 -5.5426664 5.16008 4.04392 -2.2136283 -3.0770936 2.0878649 -5.47625 2.145275 -1.4302968 -3.987427 3.2487938 -1.7177922
palisade 4.9584293 2.796329 -1.0918621 5.3759727 0.038207952 0.10339448 4.341465 -3.6707563 -4.613608 2.6228073 4.421443 -0.7112208 3.4756088 4.8671165 -2.1579397 -0.1652246 -0.52990544 0.14679866 1.5504802 -4.8539357
inlets 2.7252452 1.3824279 -3.379374 1.2263446 -1.7016166 -0.677589 4.477196 -4.9066997 -4.3282723 6.135927 1.6992891 2.230721 1.5497231 -1.4714888 -4.4349437 -2.178654 -1.1700593 -3.5982776 6.1222434 -5.2357006
seaward 1.0511904 -0.18081945 -2.8135133 4.2491307 0.3986168 -0.2776496 1.9455771 -3.1502464 -4.3499136 5.390668 3.7479348 -1.3204539 3.2978725 1.3973516 -5.4750853 -0.21822204 1.8620298 -3.5295231 5.0421267 -3.2955375
weirs -0.22257556 3.5665295 -1.0300825 0.25737247 -2.516194 -0.21369493 2.505116 -1.9033184 -4.330023 0.8043019 2.0404305 1.0381722 0.11226348 1.454542 -2.3954265 0.4445929 -0.21034615 -3.2649846 2.8283718 -5.2771482
drawbridge 3.3946354 2.6135628 0.33913553 4.758024 -1.6128825 -2.8136241 4.176301 -0.37457913 -7.472837 0.9704545 4.3752985 1.1510528 1.6624544 6.351325 -3.3233886 -0.6415525 1.419128 -2.521057 2.8484404 -4.4415874
farmlands 2.0455127 5.1425943 -2.8167403 2.58691 0.039902635 4.7465005 -0.47943076 -4.3995028 -3.4473267 2.4516113 6.3829217 0.5416963 -5.049156 0.62108696 -3.0309813 -1.4453354 -2.2981431 -1.5126759 1.6979495 -3.5334904
aqueducts 4.695742 4.8691244 0.3763764 2.0136514 -5.2757697 4.935131 2.4620645 -4.478707 -4.058274 3.9814794 2.7664247 -0.26664454 0.051793043 7.0885005 -2.603518 -2.889943 -0.3799327 -3.2968757 1.6116637 -3.3426576
riverbed 1.5931722 5.1473427 0.82314533 1.4850483 -1.6951928 1.3094194 1.7411917 -4.6241126 -5.3075876 4.542608 5.4910355 0.950241 -0.42339033 2.5011637 -5.373577 -2.8252735 1.7290242 -1.270408 1.9704881 -1.9863695
obstructions 2.0992439 2.4121058 0.8670369 3.190045 -1.1730088 -0.91322553 5.169056 -4.264894 -3.807131 2.5394166 1.1186751 -1.475815 -2.129593 1.8569889 -4.7472296 2.1552007 1.4528145 -1.453505 5.704995 -0.8024659
viaducts 2.9606845 2.875659 0.5282716 4.9101653 -4.963162 0.375033 -0.11117728 -2.665741 -4.816887 1.3521564 -0.18154213 0.2713464 0.37455988 6.1709228 -1.7760373 -3.92288 -0.25532562 -5.5466685 7.5341606 -6.9555974
quays -1.1269647 4.515528 -4.95987 2.454206 -5.2508097 1.4107194 -1.5283815 0.50363976 -5.147024 1.0925785 1.8587084 2.067296 0.3930096 5.753577 -1.8886209 -3.709577 0.4814921 -3.4429264 4.655305 -2.9761846
culvert 0.33653775 5.991651 0.90947014 4.612326 -2.9262803 -2.6168728 2.5300486 -2.7877855 -9.049236 2.2070444 3.9603772 1.5990566 -0.055786498 3.0207293 -5.3043194 -1.0787559 1.4151386 -2.9540913 3.9002829 -4.17974
tiber 3.195013 2.8962605 1.3183968 1.70998 -0.08964005 4.009355 1.8084528 -1.8910644 -6.1373706 3.5939393 7.3282213 -3.0703106 2.3781786 4.4243965 -5.8586993 -0.9921052 1.5286572 0.2146756 -4.0700917 -2.1564157
floodwaters 1.0745511 6.5851083 -1.4794289 1.4712139 -0.74822104 -2.7509198 2.1474378 -5.4648094 -4.4443064 2.096753 6.483343 -4.1183686 -4.61603 1.0616667 -6.3121204 -3.1255 2.334139 -3.2122931 3.2039528 -1.2715961
felling -1.2172518 6.6953454 -2.4473653 1.1704288 -1.513275 1.209251 1.8875915 -4.8333755 -1.7313293 1.9434923 3.1023312 -1.2299085 -1.5654871 2.7631602 -2.3474429 2.1025064 -1.3957373 0.69776773 2.7001503 -3.9739318
moats 4.041742 3.0521114 -0.5874361 2.8303096 -1.1697063 2.0687132 4.26403 -2.7313535 -4.051087 3.5647025 3.7272117 -1.9187541 2.1800869 4.963727 -1.6401643 -0.51393986 0.07172474 -0.85934323 2.052279 -4.5969677
towpath 0.5767143 2.5468907 -2.9186602 4.8394833 -2.3346372 -0.21740443 0.7474139 -1.4060854 -8.226547 0.2335169 2.696303 2.3229752 -0.6640348 3.708529 -4.138519 0.9727131 2.596397 -2.8883624 3.9275262 -4.58208
sinkhole 4.155488 5.6563115 1.0911771 0.80918664 -2.3162794 0.9383883 3.441366 -3.8861372 -4.577181 3.5955832 4.8787374 -0.5805292 0.17290993 -0.92824644 -4.922634 -3.232758 1.9965762 -2.0861852 -0.5017379 -1.6294281
seawall 3.2801561 5.527459 -2.2716544 3.3879309 -3.9057121 -0.5162168 2.4935534 -1.9906945 -5.16745 2.6193712 4.0473695 -1.3788319 0.3598983 2.8568118 -4.5462413 0.3244756 1.8369746 -4.566544 2.4398437 -2.1617362
seepage 1.0914881 7.129024 3.1571672 0.8465501 -3.7613575 1.042639 0.44157782 -5.9066257 -4.6516395 5.6720405 2.894725 -0.5400689 -1.395262 0.05282874 -5.388618 -0.27579942 -0.044362698 -1.5027524 3.5790107 -0.4715856
culverts 3.5991192 5.2563624 0.52182156 3.397517 -4.275793 -0.7503684 2.9491415 -4.2999296 -7.080704 2.220741 1.1810036 -0.014287725 -1.3681172 2.536733 -3.874288 -0.8668867 -0.9204905 -3.581508 5.845353 -4.767256
sandbar 0.49734572 3.0390458 -2.416446 0.9204009 0.6999901 -1.5429016 3.7184582 -3.9340475 -4.5032163 3.0006125 6.538985 -0.12883887 0.37173668 -0.74906784 -4.913081 -1.2881641 1.9911054 -3.1488516 1.7005693 -1.5666734
landward 3.5988958 -0.8268318 -2.7120297 4.847391 0.16186406 1.876884 2.5547109 -1.6614366 -4.9737363 5.9084616 3.1501553 -2.1367178 1.7910237 2.928018 -5.3322177 0.9826108 0.2697114 -1.7873774 4.744308 -3.9765692
copse -1.8810492 2.7213514 -3.6469815 4.554865 0.7969529 1.4467732 1.861598 -2.412243 -4.1208115 1.7463697 4.439101 -1.1080989 2.4506056 3.6402805 -2.031789 0.079207055 2.1447818 -1.3518496 2.4288003 -7.5351443
jetties 2.2777889 3.24365 -4.3819666 1.0974624 -3.7069004 0.6338329 2.7964194 -4.0917726 -5.3313956 3.3923788 2.5097668 0.17939423 0.49368602 3.8949628 -3.0421894 -1.0701109 -0.588005 -4.5566697 5.5680337 -3.0380278
footings 3.211508 5.5900035 1.2597601 3.5677578 -3.822113 -0.5398993 3.2649548 -3.3135588 -3.8308787 2.0593698 1.5661265 -0.022527777 2.540423 5.458626 -2.05668 0.3147368 -0.5542258 -0.08807355 4.080644 -3.311816
pilings 2.9873996 6.170164 -0.40817088 1.871538 -2.7653635 -0.6685116 4.1892557 -3.640814 -5.420122 2.1707861 5.0359697 -0.091245234 2.2812474 4.373909 -2.5607617 0.3503458 -0.64361364 -2.4897842 4.6998158 -2.159684
roadbed 3.157062 4.046372 0.025977572 5.134743 -2.2062328 -2.3810515 0.3288803 -2.7454674 -5.7221546 -0.60990834 2.6523175 1.4584898 0.043618824 3.0827148 -2.6498928 -0.25124735 -0.14231327 -2.642912 4.3466883 -3.2467935
silting -0.84926397 2.9471757 0.78931737 1.9834304 -2.568007 2.6931665 -1.3475279 -3.1698596 -2.6900122 5.341821 4.9779205 -1.3193725 -2.6426427 3.3436291 -8.338415 -0.92833185 -0.67678446 -5.4043884 4.15171 -2.2208316
outfall -1.1682929 4.842804 0.097667284 4.3163595 -3.5841563 0.43493536 -0.56144524 -2.251063 -6.1688304 4.0885544 2.6746283 1.8325799 -0.2554506 2.2674198 -4.985062 -1.264494 -0.024145074 -3.304012 3.3339157 0.26565233
causeways 4.7449546 1.476156 -1.59368 3.403714 -2.26185 0.45802036 3.1876495 -2.7742643 -3.789808 2.7175028 2.601381 0.46313995 -0.9146152 3.0976312 -3.620441 -1.6750412 -0.33422935 -4.105348 2.255582 -4.4529343
sluices 0.31577286 3.256988 0.2699857 1.2076122 -2.6679013 0.35335615 1.5217767 -3.079933 -6.2109423 3.336009 2.9474778 0.66053504 0.106436744 4.6658607 -2.3640013 -0.91277456 0.6648393 -3.272734 4.2993994 -2.7139273
breakwaters 3.650681 3.6031666 -2.4267306 2.2556167 -3.209541 0.41194126 2.6779473 -3.006655 -3.72121 3.478859 3.4854765 0.808772 1.4607166 3.4788437 -2.3128006 -0.43062407 -0.23751459 -3.825398 2.971668 -1.6198752
adit -0.20400354 2.2485504 0.74425095 1.0222895 -0.68218404 1.2102478 -0.058468986 -2.7691343 -4.509446 1.3255773 4.1727853 1.5459669 0.1865645 3.1409595 -2.0713768 -2.371885 2.1415143 -2.3905532 3.1987689 -0.92508173
floodwater 0.5278407 3.8471403 0.16228634 0.86305374 -1.6106806 -0.83818936 0.76155406 -3.790181 -3.6144378 2.3188624 2.8414757 -1.0247632 -2.55464 1.7039281 -3.5346227 -1.8547637 1.2550914 -1.775562 2.4458103 -0.59388155
spillways 2.0417817 2.9131575 1.2896653 1.1560721 -2.9356143 -0.64181274 1.7381822 -2.9866705 -5.1718087 3.7503967 0.3651205 0.06658826 -0.7114627 1.5369766 -0.7179182 -0.77843153 1.9571337 -2.177148 3.2982454 -1.494368