Centroid_109 -1.632456844716043 -0.009939504729166649 1.7616912910666684 0.5519300950487498 0.8768808443650001 4.136499612374997 1.7452108269080415 2.524677385217501 3.0001656170725015 -0.7789048539125009 1.7449068894187494 1.5477735649854159 -1.6903056110604162 0.2765057043220836 -1.737852754979167 5.317108224845835 1.7063905365458327 1.841964324525 2.878622425284583 -1.1340586594816668
great 1.2219057 1.600779 -3.4432683 1.5539559 0.6470258 3.553534 -1.1112988 1.8897948 4.44457 -1.9750456 6.928367 2.235664 0.7886313 2.4146478 -6.46923 5.7116776 2.881039 0.79863393 3.4122734 -2.565448
strong 1.9270746 -1.1893473 1.8828838 2.5280328 3.335898 2.5996091 -1.5531323 1.4528942 2.132854 0.74186057 2.8294215 0.08840749 -2.0542367 -2.26916 -4.1170955 6.6223235 0.037903477 2.3598344 7.2880197 -2.1923435
choice 0.13610023 -1.1402837 2.1804023 -1.5003239 1.0366976 -2.1255932 0.109572224 3.9189363 1.9252154 -2.3367403 -1.0046599 4.963474 -5.1134963 -1.0826398 1.5096846 6.954204 3.137802 4.501896 3.4180946 -1.9901046
perhaps 0.94636637 0.29319373 2.2698376 -0.39276263 0.6427891 3.9181855 1.9198725 0.1299149 6.2624087 -0.94263566 3.291401 1.9370387 -0.27911055 2.1624186 -4.4764104 3.300014 0.7016831 1.9138715 2.313436 -6.101839
respect 0.50494343 -1.7147769 3.256765 1.3376521 1.420523 2.7233903 0.650738 0.21464546 3.0951393 0.85404843 -0.08617181 3.165156 -6.1583905 1.3136619 -3.052998 8.595767 3.659033 6.094162 1.3741752 0.3214968
excellent -1.5190829 0.6410358 0.5173787 -0.7865494 -0.876047 4.2191014 -0.13648069 -0.17625701 2.184373 -1.6657878 0.7302322 5.1594973 0.99209535 -1.1054134 -0.42048988 6.7814927 4.6089892 -0.5804995 6.8345838 -2.4192896
friendship -1.6704124 1.5210481 2.9208283 0.086795606 2.623638 5.763122 0.81117004 6.3239965 0.8022368 -2.268469 6.728258 -0.8731418 -3.45269 -0.5212814 -1.7540537 3.9801118 0.55374646 0.76293474 -0.8126116 0.04777047
attitude -1.6474222 -0.917128 5.757322 3.2042692 3.6644726 4.1997366 3.128482 6.7193956 2.910958 -0.25460097 2.9837806 0.5728291 -5.3415146 -1.6960392 -5.4236703 6.011468 0.29598263 3.5835598 7.4341106 -0.998434
discipline 1.6485106 -0.41906637 2.3376749 6.330375 1.4136146 5.377773 3.379283 1.689445 5.4556856 1.2069356 0.4125441 2.6735084 -3.8912125 2.0551915 3.1919158 8.358458 3.9145236 1.5975826 5.0809393 3.2827275
equally 1.1321609 -0.26804358 3.1246471 0.744694 2.2906928 2.6413763 2.606678 -0.4517897 3.7396533 0.13651437 1.7231054 2.8884704 -4.7686462 1.2659408 -0.4381053 3.77912 1.0473068 2.7986846 4.724102 -5.406822
skill -0.40657583 -0.15166341 2.2733035 -1.7347964 0.9671655 6.8363037 4.9931936 2.1060023 3.9164503 0.14135675 2.484469 4.64521 -1.2790519 0.8441722 3.2903335 10.52001 6.256023 -0.06967467 10.317228 -1.2053987
profession -4.2620487 1.828256 1.4342067 4.4113817 2.008527 6.793918 1.4899348 1.5905186 5.9291925 -4.367859 3.3140488 4.0624866 -6.8167605 2.821038 5.253563 5.988376 0.45857176 -0.37096256 2.0944264 3.1606567
reader -1.6188387 -0.4113905 4.5364943 2.0053008 -0.6274151 0.79778624 7.1151185 3.5566895 1.7901002 -6.7891765 0.15988557 8.884564 -2.3424196 -1.341794 -2.2967343 5.1334224 3.4578066 -0.023770163 0.74742603 -0.401758
remarkable 1.365148 0.8143836 1.6958055 -0.596369 -1.8041555 5.364808 -0.5937115 0.6202399 6.0041137 -1.4633776 1.1242487 2.111482 2.351771 0.29726562 -2.6961973 5.144858 4.539873 0.10636958 3.346754 -4.4423685
truly 0.8387987 1.143338 3.467973 -1.8146937 1.1800046 2.4462843 2.5947325 4.1706486 2.7956128 -2.7482517 4.2481146 4.2307215 -3.2339354 -1.1949148 -4.8628616 6.1477327 3.132806 4.219873 3.0195363 -2.260104
extraordinary -0.25893566 -1.2303038 0.07118034 0.3181934 -0.8698368 2.1718953 1.8949535 3.2866213 5.9766116 -0.9370927 -0.1563795 1.7738869 -0.6270084 1.7697988 -1.8049186 7.5060244 4.2895417 2.3559203 0.26663217 1.3217272
impression -1.5296426 4.319953 5.487989 0.9940565 0.727381 1.0622702 4.9209266 5.949991 2.9573061 -0.4350287 4.9818745 3.182097 -2.8783908 2.406595 -2.6491017 2.4829185 3.352584 3.0375657 5.793782 -3.2837517
pleasure -2.1526048 3.9082432 0.1586276 -1.9159231 -0.588077 4.1909413 4.7590966 1.9744527 -0.26561996 -2.6723347 3.8036811 4.1184077 -3.3452275 1.1524073 -3.385497 3.7014644 4.696974 3.6084912 1.8758336 -1.6162362
exceptional 0.18711984 -0.13106507 -0.22445999 -0.5247003 -1.4885763 4.661298 1.0113391 -0.88692546 5.314942 0.061635878 -1.112261 3.521709 -0.13020472 0.23656999 0.7669941 8.43633 4.8298106 1.2514813 3.0699337 -0.9525628
courage -3.204298 0.21779673 -0.31620276 1.5635476 2.129081 2.7606664 6.9038315 7.2919016 4.9290433 2.044819 3.86566 0.7187208 -0.9280955 0.201397 -1.4447094 9.992472 6.6960297 2.4328532 1.5686926 0.54855627
ambitious 0.9931495 -0.9176458 1.5755491 -1.8689272 -1.8082108 4.698055 -1.4549196 5.6474614 0.57960165 -3.3695753 2.6700907 0.37858096 -1.2765297 2.1538432 -4.294781 5.8178024 -0.22763492 -2.0625477 4.1686225 -1.2090827
virtue -0.09213345 -1.071736 2.0600305 2.2648041 0.98065543 3.4557426 0.37950167 2.3053262 3.2635837 3.480744 0.2883779 3.3030298 -2.6631598 1.8810025 -0.818695 7.585637 4.906008 6.0197616 -2.8209336 -0.2195001
peers -1.0117068 -0.23730196 2.287173 2.330452 3.8036683 2.2093368 2.122119 2.7137249 4.846703 -3.280748 0.8884155 2.8746057 -7.1310067 0.4689299 5.5496597 4.9121256 1.0881933 3.9120593 2.5486383 -3.3160148
genuine -0.3690187 -0.012455306 3.2363875 -2.1001327 -0.50121766 2.1934454 3.2708418 3.0201032 3.8611875 -2.1088479 0.66143215 3.4351993 -2.4617925 1.0854212 -4.6593785 6.6739483 -0.5342608 4.6583004 1.7159517 -2.2476058
careful -1.0929867 0.5770635 4.455994 0.1452018 -1.8068942 1.9992887 4.6732526 -1.1402172 2.6481822 -2.95811 -0.6606155 2.282289 -2.3773963 3.4974144 -3.6433704 7.6761036 2.2285419 0.9018564 4.3621902 0.96455014
appreciation -1.376557 3.073865 0.96483874 0.3557092 -2.219143 5.8289256 0.046699576 4.977052 4.1367426 -3.0125659 1.1386367 5.2088437 -2.771032 -1.6113031 -2.377991 5.3005924 3.00635 3.0434103 1.4418734 1.2427202
worthy -0.8505183 -0.29788285 1.2090003 -0.54269004 0.3013648 1.5376064 2.1324475 2.7809863 3.8424616 -2.1638927 0.91160995 3.0679693 -1.5755564 1.829545 -2.2526958 8.138583 3.8289647 4.6291466 -1.3992275 -3.154254
enthusiasm -0.94963497 4.2029843 2.6733587 1.6585331 0.2844438 4.3731203 0.81203264 7.4806876 4.3511076 -2.8159068 5.5751653 1.2115853 -3.9099355 0.13856286 -3.5396392 3.9007726 1.0080099 0.89279896 6.0790367 -0.3513563
admired -4.876273 -1.9406437 0.324496 -1.7689995 0.0035812296 8.15216 -1.3203472 3.0604253 6.8729615 -5.6868753 -0.49482977 -1.4209635 4.436095 0.94029117 -2.4703057 6.5071306 -2.3938003 2.3654683 2.20807 -4.444806
enthusiastic -3.0882885 -0.23224877 0.4570394 0.17159262 0.71224445 2.3892453 -1.1503757 5.130354 4.7560678 -6.396399 0.80513734 0.20619966 -1.2994382 -0.90006447 -2.0962157 4.765732 -1.0679153 1.284796 4.245378 -1.7007093
generous -3.772054 3.7036147 0.16035059 -1.1947383 -1.1497439 5.196754 -0.96353036 -0.25360292 1.7131864 -3.0991333 1.7474288 3.3501422 -5.0784044 4.511093 0.23294061 6.8587704 0.47343346 3.9603941 0.4156668 -2.108796
immense 0.6882556 2.0740445 0.24098092 -2.067363 -1.9148401 5.19212 0.18812631 -0.32698977 2.7364824 1.5178269 2.9151196 0.20278053 -1.5811553 2.1296642 -5.890422 4.098646 1.8835492 1.0995411 3.8230617 -1.3513232
ambition -1.5019385 0.91027766 2.7523644 -1.4290106 1.6182636 5.3342953 -0.6411193 6.9539123 2.51713 -1.1255126 6.2765183 2.0893557 -3.629843 1.1022917 -2.5638645 6.1123734 2.4650297 1.2755375 3.933146 -0.505769
exceptionally -2.2083733 2.8036425 0.93070555 0.8463321 0.45875782 3.3048728 2.173613 -1.695105 4.8230534 1.1692092 2.1631887 2.7560718 0.3154444 -0.511191 -0.6769416 2.0622675 3.3465536 0.8367294 6.8978624 -3.24344
lesson 0.37388676 -0.5819399 3.123408 -0.10416337 1.1617064 3.6956627 6.070588 3.245144 1.2217332 -8.150287 2.0396335 2.7402782 -2.35021 -0.030503085 -0.039594535 3.7887714 7.0961385 0.84045076 2.5076466 1.4356723
encouragement -3.44218 0.99051994 1.7051674 0.9014036 1.2031538 4.5201354 0.6374255 3.6650434 2.0489357 -5.2193236 2.7479682 1.4043258 -3.852956 1.286102 0.5441565 5.1722946 0.75689787 1.3718635 1.1752145 3.1223776
ambitions -0.8744006 -0.20357516 2.2748713 0.70364136 2.4871104 4.922846 -1.7747916 7.099563 3.0323124 1.0082829 6.689289 -0.289622 -5.2463655 2.748741 -2.3030727 5.0915847 0.12902425 -0.098439775 3.7431943 0.39137366
competent -3.116183 -3.6501832 1.621572 0.69160134 2.607391 2.507264 2.9137833 -0.8038613 3.4717093 -1.7111396 -0.48227882 1.361162 -3.8029127 2.5574195 1.8080406 9.806499 0.21955001 0.6611904 4.566409 -0.112054996
superiority 1.7110176 -4.899908 1.9441779 3.2234473 3.0657718 2.5069644 3.1129315 2.6581984 6.7946925 7.445684 3.922267 1.2170969 -2.6197479 3.2662237 -4.5168934 7.7648196 2.2460177 -0.54181147 7.5118585 1.5030516
admiration -3.5784147 1.216293 4.7004666 0.7693086 2.1591349 5.934802 1.5050246 8.007407 5.5836987 -1.9921182 4.774062 1.2060062 -2.2136679 -0.48342413 -3.021646 4.910368 1.7039361 2.842141 0.59190184 -2.0857632
vigorous -0.29502386 0.82371527 1.7370791 3.32452 1.6389855 3.5525544 0.67301285 0.98550355 4.0619392 0.85962063 2.5582738 -1.178296 -0.9097168 0.046084277 -3.5088246 4.5059476 -1.0420748 1.1552329 4.914985 -0.431174
aspirations 1.0788093 0.087049894 1.4327801 2.0481548 2.2036815 6.515854 -1.8549889 6.0150723 2.902771 -1.1061163 3.8601882 0.65600044 -5.817017 -0.92968667 -1.583405 5.2906847 0.7475221 2.4907708 2.8598106 0.20569284
insistence -2.9830155 -0.090539455 2.9936454 1.1624279 0.8446119 1.2997097 1.0781952 4.242881 1.8833866 -2.5023403 1.8355031 -1.4978449 -3.497806 3.4506452 -1.8157084 4.061177 0.04454979 0.8502535 1.0967351 0.46804318
earnest -1.6578432 1.5200827 1.5252616 1.9039975 -0.37493724 2.6067178 0.10449167 4.7981496 2.208423 -4.8418126 4.040085 -0.74560285 -0.1986146 0.834959 -4.1952863 3.1142838 0.8482304 -2.377441 2.971565 0.049229436
stature -2.3823986 2.4983368 1.8653207 1.7662848 2.6346192 5.3923254 1.8188088 0.8301812 5.401297 1.9773833 3.4762306 1.2754594 -1.6331348 -1.0501039 1.4715984 2.9766185 2.657897 1.0517244 5.6871395 -5.693609
undoubtedly 0.35699734 0.10303529 1.9503218 -0.061756626 0.32485795 3.1656554 0.4708893 2.1520474 4.9667974 -0.31530818 2.9247231 1.3410888 -1.1426445 1.7142208 -3.66472 3.5693097 0.33922398 0.91512614 2.3898516 -3.8045616
patience -4.662414 1.6012857 2.4879205 -1.0700147 0.9674612 1.4927955 2.6470652 3.8616421 2.1568441 -2.1728618 3.270499 0.3748591 -1.9198753 1.2363538 -2.7333913 5.846648 4.7517667 1.6762973 2.482792 -2.1463416
outsider -0.5272075 -0.24464202 0.49730766 -0.770679 2.084019 1.6991391 1.3946993 4.8273773 2.9858282 -1.9662024 4.963949 1.8995852 -0.92885363 -0.85406095 -1.7044214 4.020513 2.80452 -0.065916516 1.1396027 -4.3386483
longevity 0.26169926 2.630291 2.0412598 -2.4108832 -1.0946243 2.679313 0.10768271 -2.4335732 5.6522794 0.92491806 1.3567415 3.922987 -2.7446427 -2.350402 -1.1931775 4.1135573 2.9389272 0.94620895 2.9093785 -0.69538873
upbringing -4.0204563 3.4148195 3.1399083 4.005927 3.8290474 9.905764 0.7671876 2.3713171 5.0957685 -4.504887 5.88329 0.1915583 -5.2690787 -1.8205602 -0.95775044 1.7136681 -0.24944134 1.6666125 0.06818386 -3.3492413
ardent -3.0084922 -2.3500125 -0.10532717 3.3417363 3.316336 5.1237235 -1.1709698 5.2851367 3.0094292 -3.0528932 2.2722547 -1.5575294 0.3942832 -0.5148056 -1.8514764 4.8658853 -4.3546705 2.154115 -0.9066829 -0.8265124
temperament -3.9806612 -1.158185 5.3343987 0.103896685 3.9861681 6.3861136 2.3727984 -0.39834404 5.991138 1.0471255 2.3053682 3.7087567 -0.90385765 -1.5009443 0.37804127 5.564668 2.3707118 1.9385661 7.378004 -6.5437207
grasp -0.5531845 -1.8525567 3.3092916 -0.4766647 2.0795848 3.3827436 2.860663 -0.36266872 0.85825336 -1.2830843 1.4549857 0.8839727 -0.31634125 0.5048029 -4.3174715 8.031572 3.4611666 3.5365794 5.1566453 -0.32703605
proficient -1.5226573 -5.3858323 1.7682631 0.62320596 4.9737535 5.006394 -0.22439098 -2.1280103 6.1077337 -3.436103 1.5289204 4.623578 0.7310189 -1.8105259 4.696056 3.8499913 4.8204055 -1.3086934 8.429702 -1.0840026
enjoyment 0.46616068 4.665368 -0.029469 -1.1831378 -2.3098643 5.982124 0.6022641 1.3794672 1.6809846 -1.9256295 0.6746517 3.5967612 -6.2908673 -0.39574164 -1.8520674 5.706518 3.4958813 5.246154 1.920789 -1.5276558
accomplishment 1.2760692 2.1070995 0.9576203 1.3521422 -1.3030534 2.3029761 -0.15598154 3.7007508 5.782412 0.9092018 1.585283 2.5127056 -1.7255989 -1.0440468 0.29222888 5.3086424 4.281649 -0.37732652 1.7234615 -1.0177485
mastery 0.050786145 -1.1937704 4.179466 -0.012464513 0.314966 8.066846 2.310489 3.025931 5.0711985 -1.0921271 1.8624648 4.735789 2.4010475 0.46861443 -0.5586776 4.6304703 5.110105 1.7529285 5.967485 0.83062875
exemplary -0.43403748 -1.1252061 -0.8761167 2.123117 -1.033823 4.8405623 2.3425677 1.6584364 5.40651 -0.9567023 -2.036943 2.8293145 -0.8403753 -0.52901363 1.2323917 7.6274014 3.278397 1.0209675 -0.041999348 1.0568385
deserved -3.5741715 -0.12119595 1.3141297 -2.1278427 1.2358476 -1.5287269 -0.6915692 4.5114737 5.8822265 -1.8365611 1.2544417 -0.5199131 -3.651791 0.982751 -2.6581244 7.6498995 3.7349617 4.648585 0.38644812 -2.6549048
prowess -0.6890844 -0.22248557 0.26317447 0.21234135 2.4837074 5.672307 3.2606702 5.716528 4.8290315 2.4056199 3.9450696 1.190068 0.1733172 -1.9403058 1.4662932 7.2282834 4.312308 0.08470226 6.147648 -1.6958361
honesty -5.222141 1.3879695 3.7241066 0.4259094 -0.17756586 4.7383084 2.2031076 5.714659 2.8599849 -0.45506713 -0.1257679 3.8271897 -4.0349364 -0.8403053 -3.9527047 8.783552 2.2488844 5.789207 1.9434114 -2.3591084
intensely -0.7072178 2.3319125 3.5145013 1.2996165 2.2080345 5.125574 2.7494261 1.8115853 3.8513677 -2.4847336 4.724734 0.4729552 -1.3995639 -1.5870236 -2.7734413 2.0691972 -0.9211211 1.0360311 3.8924816 -1.9408112
intellect -2.405273 -0.24781908 6.0262103 1.1131521 1.9996301 7.8791537 4.7028184 2.9747963 3.732266 1.859777 2.7161615 3.5870838 -0.7224348 -2.0617425 -2.8129148 7.8101068 4.3067217 3.4409904 2.0025318 0.49596444
friendships 1.4891045 3.07958 2.473088 0.49366638 2.165452 7.767691 1.1479886 2.894995 2.706949 -4.838142 5.1405168 -0.6986309 -4.8491364 -2.2562306 1.2687632 4.2606406 -1.5542234 0.29898927 2.0802486 -3.2673624
cautious -2.6467483 -2.9065828 2.9703946 1.4944919 2.346012 0.8812016 1.1332295 2.3119092 3.1170063 -0.6184305 1.9903508 -0.8146602 -3.9764793 2.0087168 -4.8639226 7.385569 -0.8428532 -0.30873182 5.116484 -0.46969885
morals -2.2359273 1.0709369 2.943508 3.461248 0.3319477 5.9202223 4.1683555 2.784148 4.1712775 -2.1681547 -0.13855588 1.7004049 -5.0953097 0.48488843 -3.3293817 7.057162 -0.5656337 4.597482 -0.7173315 -1.4702095
generosity -3.5541549 4.012748 0.63396084 0.56580615 -0.5027843 7.736509 1.2424773 3.1152763 2.321786 -1.0259801 3.1869483 1.7480732 -4.7308435 2.8585813 -0.92123455 6.2429814 2.2895436 3.897208 -1.8217202 -1.9626188
courageous -3.3309114 -2.1740472 -1.5983808 0.3136529 2.5293353 2.150738 5.2192326 5.4809895 4.999548 0.5759838 2.5424433 -0.9375747 -0.81033796 -0.65494835 -2.164614 7.7761025 2.3546073 1.0273802 1.5109867 -1.0208502
sincere -4.4473104 -0.58362126 4.0618296 -0.04092651 1.3944552 4.3041325 1.9518876 5.558646 2.14039 -3.7657418 0.9197729 0.33244145 -4.0506454 1.0499849 -5.352661 5.41033 1.6454068 6.341246 1.4164478 -1.0204382
disciplined -1.4594575 -3.093873 0.096456625 2.6877377 3.360283 2.794297 3.2061155 1.5322897 3.012758 -1.7461668 -0.32088014 -3.0401962 -2.3196123 1.3681384 0.9620333 7.2741685 -0.38281712 1.3604084 6.814386 0.051013116
optimism -0.45793536 3.28201 4.4724326 2.0758295 -0.38767102 3.407031 -1.6759615 6.1920958 3.0510392 -0.44374308 3.9453578 0.7321677 -3.6698565 -2.0525942 -7.2419605 4.854902 1.7870421 1.606425 4.5301037 -1.0232162
professionalism -0.00046835825 0.8165774 0.29812494 2.7992344 0.30755028 3.5658731 -1.2513487 5.5335536 4.4261518 0.57753664 0.9783216 1.6178343 -4.1755996 0.39899507 1.9124162 8.157474 2.2112548 1.2968725 6.67474 1.5544057
esteem -3.53187 4.3267875 2.1069272 5.4012637 1.4849217 5.360065 1.0636935 4.0675797 6.640534 0.5260126 4.2782917 4.9848804 -5.3726816 4.253682 2.888603 2.9052296 7.493303 3.949013 0.66521156 -1.6992539
publics 0.48083377 0.3659383 1.3915175 -0.7113218 -1.7707533 2.3492992 0.5993853 4.706313 1.4341067 -1.4267361 -0.15617646 0.8060801 -5.492043 -0.9815248 -5.117478 5.992376 -0.62656856 1.6647645 3.0067956 0.8369674
adept -1.667398 -2.8984902 0.88632596 -1.6362789 3.281613 6.0331798 3.4439142 0.23712274 1.8352581 -1.8268597 2.3597236 0.96002 1.5113703 -1.6824877 -0.38817304 6.712842 0.2679087 0.14781027 6.848905 -1.946497
unorthodox 0.054333307 -1.583568 3.8374326 0.78140557 1.3056533 3.34288 1.682277 2.4215333 2.5777833 -3.5332875 0.039044876 0.7409398 0.815397 -0.6864445 -1.5510947 5.654589 -1.6974089 1.2658715 6.1517134 -2.289744
familiarity 0.14486632 -1.1552477 2.2010028 0.36090326 -0.13964151 4.8715878 2.2133899 0.12735318 3.5909433 -2.3131742 0.16448097 3.760687 -2.609385 -0.45617077 -3.450597 5.059258 0.7961227 0.6723751 4.3846836 -1.7313737
aptitude -2.351012 0.32954285 5.7337046 2.1569328 0.55979437 5.4468484 3.654303 0.20528296 7.430364 -0.94977456 1.4876043 4.765589 -3.0052571 0.0075560273 4.3176746 4.4928484 7.372934 -3.3160741 6.849165 1.373323
ethic 0.30975014 3.3864293 3.4429033 2.2538917 0.55991375 6.7576523 -0.67496514 4.228736 3.4720461 -4.3388243 3.279263 2.592181 -1.7467768 -2.6642768 -2.1936045 9.349264 -2.4048471 3.2479286 4.401678 -0.113483295
persuasion -2.1137133 -1.3740124 3.8408406 1.0793134 1.0743343 3.883081 2.5555341 3.2136788 1.9160798 -2.2309299 0.74758637 1.0300115 -4.0812445 0.623344 -2.7636523 5.799543 -0.5861071 1.6182652 1.5283637 0.18536918
agility -0.9710583 -1.4929891 -0.1386473 -3.4813826 1.9810399 4.5031133 4.0202456 0.34273043 1.2549894 4.3043017 1.9931328 2.194853 0.3496225 -3.6939723 1.8510234 9.089888 6.292277 -0.20134099 11.540975 0.4764462
vocation 0.83447844 1.5388683 4.4981093 3.8334746 1.5930676 8.760314 1.5708165 2.0134459 3.6883152 -5.761049 5.2271795 0.7008773 -4.065119 2.7520835 0.6535851 4.0752196 3.2185988 0.04904658 -0.75658274 2.1183753
sensible -2.116419 -1.1454699 2.3249295 -1.5222954 0.7740957 1.4286054 0.9204093 0.84560585 0.90372545 -1.4967487 0.68090665 3.0505652 -2.323443 -0.056899793 -3.5566313 7.219365 1.0905105 2.6186538 3.6478763 -1.5327114
feats 1.7093052 1.7240758 -0.80954903 -1.8209437 -0.3762918 4.4263268 6.395616 4.2310877 5.5539894 1.6480011 3.6077993 1.0940912 1.5768234 0.056216106 2.1345325 4.802662 6.0810513 -1.1757064 5.812529 -1.9719124
enlightened -0.52033186 -2.7609007 1.8550072 2.152476 2.085691 8.249568 0.35693562 2.9501424 3.8409612 -0.8247939 1.9458048 1.8673847 -1.9850645 1.7815579 -3.9167893 5.5757565 1.1395224 5.1530366 -0.41286838 0.64716583
greatness -0.6464619 0.42777568 2.6984658 -0.004497828 1.0348647 3.8371298 0.6943391 5.062643 3.9853818 -0.02160849 4.0279856 2.8619702 -0.9638704 0.58830976 -4.9498444 4.371453 5.1718073 4.331942 0.27936462 -1.4952717
compassionate -4.801134 2.0957189 1.5100288 0.82629144 0.9695136 4.970278 4.238996 2.6302876 1.9048406 -2.5689313 0.8301913 0.42997015 -4.432976 -2.3792243 -2.9093225 6.559238 1.4479297 4.4266057 0.28430766 1.1595051
polite -4.275978 -3.441805 1.9751382 -0.11217468 3.3925853 4.2071476 4.006229 2.8944697 1.7339326 -3.8766599 0.38940856 3.8715014 -3.47018 0.8560082 -2.4053204 4.3253374 1.1602774 5.466129 2.9853637 -3.3155625
exceedingly -2.9490805 2.1030395 1.9418578 0.15083596 0.6359146 3.5509722 3.0292394 -1.4027667 4.2541413 0.15311663 2.9060276 1.9412674 -0.78971565 1.4430869 -3.730531 2.2270086 1.1339247 1.4143803 4.6940317 -4.2821813
mentality 2.2814136 -0.7778153 1.9867288 0.38162243 3.0016487 4.25576 2.0753484 4.109292 2.3037221 -0.11645533 3.7355168 0.67943466 -3.7528796 -2.375473 -3.7093725 5.093743 -2.064317 2.957429 3.8547046 -1.4823366
fruitful 1.3854392 0.7149376 3.0629816 -0.9819002 -0.72242004 5.025246 -3.3184874 -0.0045399778 4.531267 -3.398007 3.1383023 0.42543948 -0.7693128 0.6452844 -2.6621542 3.6047857 1.3652246 -1.0769126 1.8369554 -0.09198546
extraordinarily -1.5431713 2.9956486 2.654254 0.30414456 -0.30473536 3.692792 2.0715082 0.10220149 3.8652868 -0.15319972 1.9373463 2.1655812 -1.1870196 -1.1072901 -1.913012 2.5074623 1.2175213 0.50056946 4.689435 -3.008545
skillful -2.1221075 -3.294836 1.1186451 -1.1942781 2.4159079 5.6183796 2.8609118 2.5213518 2.8808231 -0.44217193 2.1155758 0.60096467 1.6197684 1.0182635 -0.33951962 7.0910583 0.190218 -0.06377578 6.130132 -1.2678053
forceful -2.2756336 -2.1390607 3.5703955 2.6271682 2.7492683 2.5411243 2.6712124 3.1733537 2.6804273 -0.31413275 0.6117628 -1.0961651 -1.7333105 -0.13040061 -4.198547 4.7543707 -1.9049809 2.5648553 5.141855 -1.6743771
stamina -2.126657 0.78614676 2.0280333 -3.954338 2.046722 3.2705638 2.2804093 0.30185437 2.366303 4.2036357 3.7435162 -0.40686068 -0.8186092 -2.0008965 1.0124403 8.269732 7.2137218 -0.09629174 10.023111 -1.4683421
etiquette -1.6398506 -0.8115721 -1.7358977 0.36550206 0.09050784 4.1168265 5.343831 2.9300623 2.825118 -2.6003149 -1.4039875 6.0548573 -3.8508267 2.2244275 1.3353493 4.804556 2.5734668 5.9925227 1.8169894 0.42464095
respectful -2.269351 -1.7100545 1.2404137 1.0678205 2.107166 5.7562504 2.30096 2.160968 1.8084334 -3.312952 0.03975709 1.4689144 -4.26627 0.072568156 -3.4169717 6.267784 1.5150021 5.7353024 1.6761633 -1.3363327
sincerity -3.6467135 0.16934 4.7139363 0.48021197 0.46160847 4.852454 2.2303786 5.7305098 2.8392186 -1.16003 0.8637097 2.3755243 -2.529187 0.13126688 -5.691598 5.4825153 3.1224227 6.062239 1.4895948 -1.2438982
hardworking -5.2942324 -1.6595936 -0.55952895 -0.8733994 4.7619066 8.156694 0.5425249 2.0984354 1.369355 -3.0264513 3.3425968 -0.009265871 -4.007997 -2.1978567 0.61788493 7.338468 -0.6114155 1.595128 4.777264 -4.416983
deserving -1.7973905 0.12135526 -1.1839736 -1.0815029 0.087636665 1.9054635 0.7366898 0.5029249 5.280975 -1.9297438 -1.7991959 1.4127419 -4.545418 0.58558565 1.0217001 7.900315 3.5092452 5.7023473 -1.0959065 -1.4640555
disdain -2.3783813 0.6751503 2.3878667 1.1091007 2.4594083 3.3009145 2.8296783 4.384385 3.4812436 -2.403502 2.9606702 0.26683298 -4.5043664 -0.8771459 -3.9903448 5.105065 -1.1934189 3.2762835 1.9621484 -2.520929
physique -1.5605109 0.56974375 2.1804516 -2.9660792 1.5476601 4.9943023 3.6304731 3.0232854 2.4497774 2.7764256 2.755667 2.1908379 1.6270093 -2.691964 3.7532852 4.7331653 4.161713 0.1940257 4.951048 -2.6795504
intellectually -2.2902088 0.38527405 3.5317893 2.7293363 3.2703795 7.46043 3.726597 0.77916485 3.120821 -3.0044084 1.8977289 -0.036774818 -5.200465 -1.6870213 0.2811327 5.7287745 1.0247877 1.4621618 4.512404 -2.0960507
admirable -2.7244744 -0.8026189 2.11937 -0.886697 -0.6760456 4.703593 1.9268388 2.6099548 4.1808286 -1.9302083 0.6898973 2.2673872 1.5258464 0.66846204 -3.4595597 6.3734155 2.403753 0.7552538 2.1514962 -3.7175996
seriousness -2.3171446 0.673106 4.0771546 1.4871576 -0.5144732 2.3817997 3.5644648 3.0837286 4.469153 0.33987147 0.06507971 0.15256876 -4.4452715 0.27419236 -4.878132 5.7546706 2.949791 1.764706 3.1996968 -1.0326596
endeavours 0.24397221 2.1466267 -0.020933004 0.27802208 -1.7309525 5.401332 0.5406946 3.8868873 3.2188919 -1.8172883 2.4731586 0.96741986 -2.57874 2.0377543 0.47562888 3.4866216 0.36624166 -1.0397975 2.7069242 1.584398
perseverance -2.12941 1.7528583 0.1518031 0.97223914 -0.10767612 4.415327 0.33287555 3.365408 3.029409 0.06592448 3.3208256 1.605042 0.5820188 0.7151148 -2.9702663 7.307251 4.9511175 2.2215426 1.4137213 0.55484897
diligence -3.8089588 2.690329 2.8097818 0.03631386 -3.0726657 2.6663663 1.8439637 2.1805632 4.0061145 0.5491382 1.5168111 2.536963 -5.4165277 4.5756536 -1.0811815 6.663819 2.338082 -1.5907885 2.8089674 3.019268
modesty -2.955429 1.6366105 1.5509262 1.039381 0.39952508 5.340765 5.6294837 4.402504 3.2492948 0.1678077 0.5966377 2.1776457 -1.732845 1.3988341 -1.3757609 6.228795 2.43986 5.999676 0.70053375 -2.8695738
demeanor -4.828194 1.9867582 2.7935338 1.0175248 3.7276354 4.126303 5.8682156 5.0102167 1.9350234 -1.1446093 3.3638396 -0.25315002 -2.7461717 -3.352199 -2.2219377 5.682573 2.0839343 3.446464 6.106996 -5.0089817
prudence -6.3924284 1.6265109 0.991397 1.2194808 0.34626555 3.21267 2.1375246 2.057234 0.77549213 -1.0435609 1.4391866 1.4791778 -0.5523489 0.8925401 -1.4656185 5.479217 1.1797066 1.6855489 -1.8347731 -1.8598211
ingenuity -1.0480385 1.5608668 0.98614275 -1.162429 -1.8468813 4.71284 2.9010978 3.5051358 2.301114 -0.65689474 2.2224867 4.1027203 0.55293214 0.56080127 -2.2364104 7.445617 1.5242035 -0.37975067 4.53399 -0.5967587
wits -1.2869021 -0.9438591 -1.6367545 -0.5536744 2.1270912 2.7215056 1.7517601 3.949864 0.12511885 -1.2091517 3.4762948 0.14057267 -0.3522361 -1.0742818 -0.710688 4.7167087 3.5496547 0.48052073 1.903768 -0.25581974
realisation 0.41096207 -0.34355015 3.9970646 0.116598375 -1.5607208 4.392448 -0.39262384 2.8083382 1.2868973 0.13116632 1.0907178 1.1611097 -1.4513093 2.7551832 -4.235288 2.97121 2.2300355 1.0822366 2.9362426 1.307077
idealistic -1.8072091 -2.6722832 2.496826 0.9287621 2.553913 7.583111 1.9672668 4.2687216 1.6528 -2.6045609 2.089757 -0.44524604 -1.4251326 -1.839251 -3.168092 6.4432635 -1.7832705 1.0983185 1.0206645 -1.9208541
prudent -3.4466925 -1.902563 2.3713453 0.546354 1.0717454 2.1789856 -0.0486282 -0.8663744 1.1092244 0.5225948 1.9229442 1.1023483 -4.6796403 5.333182 -2.2752242 8.25862 0.1947834 0.31275505 1.0797819 0.8412075
chivalry 0.41563526 -2.590409 -1.8306245 0.90907615 0.72143245 4.532321 4.298624 2.9945786 6.280378 1.3699048 2.2190824 3.2265441 2.1455743 5.358761 -0.20356956 6.3305736 2.3251746 3.7697055 -2.5668788 -2.1913273
vigor -0.5807526 2.4381795 2.8464959 -0.47121862 0.25074872 3.2208576 -0.79801494 1.9739105 2.2509818 1.4730268 4.38105 1.8284796 -0.9638115 0.48249942 -2.3424683 3.8365343 0.5384645 0.6778909 3.6144755 -0.011494253
boldly 0.7217198 -0.15172084 1.5416561 2.7695725 2.13102 0.44304377 4.512451 3.9729326 0.49657565 -1.4585907 3.671713 1.7011001 0.06326353 1.3638499 -2.9387352 2.9572828 1.4329625 1.8426924 2.088898 -1.5412508
unparalleled 0.750041 0.5724025 -0.99835044 -1.1398509 -2.3576307 4.846809 -1.1412294 1.1203668 4.303359 0.05806744 0.4197117 1.8843029 0.5737939 -0.3004226 -3.589715 4.466365 2.6227314 0.9708267 2.8001494 -0.5000716
rapport -0.7899999 -0.51557094 2.8663516 -0.590697 0.62863106 3.7668693 1.4105915 4.7449756 -0.0034405026 -3.8654773 1.5639951 1.2602252 -3.5058527 -1.1987383 0.1517107 2.5832298 0.34648603 -0.6744605 3.244955 0.30314246
sportsmanship -1.1013348 1.7501538 -0.5564076 0.38847083 0.73806244 3.2124312 -1.0107433 5.815853 3.4707181 1.8552134 0.06009874 2.12459 -1.8192656 -4.9789762 3.9534178 11.320041 7.115873 4.0105495 0.9495455 -1.7820029
cleanliness -2.672149 4.108088 -0.8997874 1.0018159 -2.4015265 5.8011694 3.5098596 -2.2444723 -1.100801 0.6801149 -1.2552102 2.5618913 -3.5305505 1.0561943 -1.693284 4.197135 2.4140143 3.6444995 4.4439697 1.5505233
shrewd -5.4279237 -2.902 0.68351054 -1.6594111 2.3884728 4.736667 0.51711005 3.3255281 0.6817763 -1.2099352 2.54803 1.2511283 -2.6417277 0.21224411 -2.5366242 9.382068 -2.399267 -0.7772629 2.935748 -3.7856722
diligent -4.735071 -1.3277875 0.20514318 0.5409434 0.84938693 4.4965343 2.526059 -0.2301464 3.870241 -3.9431026 1.1002809 1.2456093 -2.1801658 2.7576218 -0.58134705 6.220415 1.3241668 -0.50804704 2.1552434 1.1271523
toughness -1.7350193 3.342474 4.072563 -0.82684714 0.8948129 2.375754 0.99934626 1.3974952 2.5850635 4.254863 2.943456 1.3784759 0.90633494 -2.4048848 0.7875692 8.224135 3.174985 1.252671 8.017989 -1.490705
foresight -1.7532456 -0.25327203 1.1618865 -0.2520661 -2.0245302 3.3535519 1.3169941 2.4240146 1.1478012 1.0986181 1.1955869 2.593404 -1.8068838 1.6730759 -2.3322444 7.2480173 0.5292113 -2.312633 1.7915251 1.9149026
eloquence -3.9874356 0.2752664 3.6846979 4.1247096 1.195891 6.5921044 1.9121782 5.063851 5.3340783 -1.3699766 1.9427606 3.046312 0.6985099 2.5109892 -2.1215553 4.5005474 2.5803974 3.8664238 0.9958772 -1.5304582
stoic -0.4396482 -2.5691314 5.1394696 3.1631732 2.9113142 5.9331574 3.6151507 2.2548656 3.598253 -0.64658535 2.163915 0.37021205 2.223207 -1.3040493 -3.9035065 5.388929 2.8124373 2.403389 -0.91015923 -2.6643207
inexperience -1.9519042 -0.051259317 2.2097082 -0.03982676 1.0045936 0.92022705 1.2389703 3.3996606 3.7274482 0.3277756 2.4583278 -3.262328 -3.9891753 0.39415932 -1.023238 6.1719513 1.9853549 -2.9323454 6.186984 -1.8109138
prodigious -2.479293 0.50495607 2.1472218 -2.9986436 -0.86098135 4.763706 -0.45019385 -0.8057954 4.660136 -2.0106425 1.3346733 1.8848988 1.3506169 -0.050425965 -1.2270714 3.6889737 1.6968943 -1.0286552 3.7091641 -2.020144
astute -3.80563 -3.982091 0.4402028 -0.3893859 1.2859122 3.5841296 -0.03356848 2.4996006 3.2000835 -1.9460565 0.64592373 1.2928044 -1.2986339 -0.39638588 -2.5039012 7.68196 -2.3498933 -2.3923075 3.2543283 -1.9363428
agreeable -3.626741 -0.320165 2.0982811 -0.025491547 1.0982113 3.589857 -0.42596316 -0.38769713 1.3169993 -2.5086875 1.0248395 2.1737714 -1.9439446 1.6991127 -4.5398545 4.651656 1.2232838 4.212185 1.975978 -2.9108925
fullest 1.1832017 -0.69189334 2.7250772 -1.1835005 -0.21836653 4.3292575 0.6643615 -0.47353593 2.4608588 -1.6722977 1.8227639 2.7636747 -2.6127346 0.75887465 -3.9155738 4.371902 2.6134264 2.0666888 0.8012166 0.4183161
acumen -3.808477 1.5160698 1.8511463 0.62743115 -0.82793754 5.239435 -0.98390055 4.1153717 2.749778 -1.3732419 2.2288475 3.2787845 -4.270509 -0.003753714 0.17644107 7.5123644 -0.9953702 -2.3992317 4.365886 -0.07319334
selfless -2.9611988 -0.7260897 -1.4358516 0.21090071 0.22046654 6.050009 4.1748214 3.573214 2.8966699 -1.1213691 -0.015960857 -0.18896113 -1.7844577 -0.069053166 -2.6347702 7.100419 4.2995095 4.190984 -0.3017495 1.7587963
assertive -2.2595484 -2.52509 2.3340502 1.0997432 3.4868746 5.1258774 1.1652219 2.9748085 1.5569336 -1.2972995 0.9979833 0.22957085 -2.878036 -1.9819473 -2.2984385 5.813427 -1.1724098 2.9250097 5.061764 -2.303189
reputations -0.1637504 2.9320052 -0.3878877 -0.5246492 -0.2831638 2.509422 1.5544393 2.5236106 3.9845505 -1.028481 2.781256 0.25584248 -4.737446 0.7827827 0.7566791 5.6568003 -1.8414984 -0.27153823 2.8633635 -2.2449455
skilful -3.7033386 -2.523132 0.3524931 -0.34822336 2.066136 5.420051 1.1231004 3.559934 2.8045228 -0.1916576 2.3188596 0.4236077 2.3319232 2.1563025 0.34655052 7.346656 0.54672956 -0.7643273 7.4185596 -3.4089582
impeccable -3.2760284 -1.5728989 2.0193257 -1.3694286 -0.06275284 3.584132 1.1098716 3.470408 3.323995 -1.5077276 -0.78830165 2.911568 1.7522779 -0.17767808 -1.3820621 5.187102 1.6987385 2.1929145 4.7910824 -1.6532576
aloof -2.62026 -1.1630448 1.3701433 1.662843 4.3574557 4.360714 3.047164 3.312355 2.5394146 -2.0419006 4.039382 -1.7875236 -2.7008982 0.7259903 -2.720974 3.233657 -0.31067812 2.6113896 3.408334 -3.3328547
versed -3.174449 -3.5494769 -0.16195965 1.0526532 1.2562332 9.980408 2.8762352 -0.44818288 5.540361 -2.199858 -2.0595188 2.642081 1.7782048 -0.20506135 0.6030971 2.6281614 -0.31524652 3.8527834 1.9219745 0.25964397
dexterity -1.8711184 -0.092053935 4.008154 -1.0843334 0.67958546 3.7809 3.3811684 2.5453134 2.4862342 0.8606395 0.21327019 2.596043 1.4360392 -0.5883374 0.7736561 5.651559 4.424166 2.253776 8.256593 -0.9264132
keenly -1.6751487 -0.1285172 -0.351682 1.082447 1.6656247 4.6499205 0.30491796 1.8882308 3.9769843 -3.43035 3.743214 0.69025487 -3.0802214 0.5148126 -2.2158864 4.69065 -0.023016846 -0.9802395 3.115566 -0.9049409
tenacity -2.3020856 -0.43277502 0.9395091 0.5465258 1.9457378 3.6740637 1.7697625 3.0674124 3.2468605 2.3096626 3.493998 0.34645993 0.48049486 -1.0262482 -2.368287 8.783223 3.009171 0.29172748 4.337918 -0.5262628
distaste -2.077637 1.1376061 3.2699409 1.7530805 1.3856429 2.867357 1.53898 4.662807 3.3714194 -2.2656236 2.7865255 0.5145956 -3.688444 -0.96445566 -4.4726973 4.298747 -2.1384885 1.9913348 2.0910234 -1.8209522
dependable -1.9045942 -1.3752894 -0.18918335 -0.77435404 1.1475304 1.3874763 -0.48390684 -1.2127966 0.48206666 -1.0143454 1.3273177 2.1236565 -1.4907277 -0.64210767 -1.4125875 5.8908653 0.62885344 -1.4148333 6.1848106 -2.2415085
repute -4.2457957 1.178209 -0.9427753 0.50232285 0.34453365 6.212803 0.15803657 1.4022812 6.0364046 -0.86415935 1.3855381 1.9764476 -1.8314486 0.9208581 1.8681386 1.416789 1.7218437 1.1477388 0.32344955 -0.5893935
vigour -1.9862012 1.7597358 2.5646977 1.9859215 0.9596098 4.2363186 0.9206637 3.1032035 4.4956965 1.4030036 4.1054635 0.9124591 -1.0600506 2.4632545 -3.0874217 3.4099095 2.4572437 1.7415341 4.150186 -0.3421814
inclinations 1.5575122 -0.09059017 4.9113035 2.4872036 2.230318 5.833638 1.3928558 1.0779911 4.3345556 -0.8984632 2.822427 0.1722898 -1.7960188 -0.971643 -2.2917314 2.4906561 1.555856 1.8938584 2.5002446 -0.2388441
exacting -2.3904166 -0.08419027 0.76778954 -1.5837159 -1.3200825 3.0716968 1.8559706 0.5494124 1.6442167 -0.5994043 -0.2568581 -0.39752862 -0.3978964 3.451765 -2.0983367 6.1590514 1.0557615 1.2935033 2.6368942 -0.6260519
combative -0.3157308 -3.076152 1.4670901 0.32217282 2.7446346 3.55465 0.63581914 4.305407 2.7457812 -0.2861866 0.60204875 -1.428667 -0.690077 -2.1666143 -0.4893538 6.3368206 0.5546668 1.3580929 3.9462397 -2.923335
benevolence -2.9316099 1.2506342 0.839107 2.5426986 0.32511654 6.8721805 2.2844448 2.0902474 1.8748943 0.886594 1.6489829 2.2646284 -2.8960905 2.3756025 -2.4617388 5.06036 1.4969063 5.0130324 -1.5670143 1.1992815
immediacy 0.0029037844 0.8271947 4.1529703 0.718742 -1.0252025 4.1420994 0.5143067 2.9321103 2.8525686 -0.10857701 1.6085469 3.6955943 -0.8631616 2.9365287 -4.0567017 2.863381 1.8896046 3.7176008 3.1692536 0.16342472
propriety -2.4831703 -0.1829848 2.1560197 2.5244498 0.083586395 2.8273604 2.2170792 1.8349693 2.8845932 0.2552422 -0.5700762 2.8572865 -3.888298 2.7479038 -2.1405375 6.4986157 0.62407506 4.0793867 -0.2195205 -0.6644204
respectability -0.76026905 2.8142245 1.0704957 1.9636345 0.9275679 3.7873542 -0.4673366 3.5400739 2.9696724 -1.6845738 3.7160099 2.2210753 -3.1848104 1.4979163 -1.4352052 7.0274534 0.95372266 3.1668065 2.5131855 -1.9098042
pretensions -1.581768 -0.24985902 1.843815 0.9282884 0.5737008 4.933408 0.62933165 4.9254274 3.2711737 0.49866313 2.6634676 0.6402916 -1.4296006 4.2327895 -3.2329376 4.3516536 -0.7005619 3.1066918 1.2749076 -3.0896432
elitist 1.3431624 -1.9171718 1.635208 2.307588 2.2173293 4.5206895 -1.008524 4.1040382 1.2749606 -2.6449237 0.9967178 2.0550802 -3.0919375 -1.1460938 -2.2163296 5.821511 -3.922895 3.5625293 2.7022867 -2.1991055
aggressiveness -0.530803 -0.63684326 3.1755838 0.4950558 2.5866053 2.2670436 2.9054031 0.56018 3.7253542 3.6501553 1.8886867 -1.4085767 -2.4205306 -3.3292944 -2.2108974 5.7488155 1.863413 0.56421095 5.688518 -0.7786295
practicality -0.08547386 -0.04732461 1.9181566 -0.076999195 -2.1238306 3.6028426 1.0072374 0.9992144 1.2940406 0.07609379 0.0931431 4.1380386 -1.0324016 2.6084428 -2.5250173 6.2489104 0.57618815 0.16783029 5.3888373 -0.29500577
inflexible -0.22554505 -2.1238036 2.1742017 2.1645808 1.4691441 1.5588485 1.9856594 -0.3305335 1.8637199 1.6904042 0.86549485 0.6908282 -1.0288846 3.8484426 -1.5543964 5.7931557 -0.8509644 0.5284978 6.3979955 -1.6472139
materialistic -0.7844007 -0.90508586 4.223173 -0.023152554 1.4608833 7.872679 1.1032299 2.620346 1.6922102 -0.91351753 2.545493 1.8259383 -2.790046 -1.737483 -5.5527964 5.2010036 -0.9757452 3.2793481 0.42723933 -1.7507246
trappings 0.3117337 2.164725 -1.0675997 -0.3824312 -0.44801703 4.2883077 4.262114 3.9217687 1.7629957 -0.9016311 2.3953986 2.9037898 -0.37470677 2.427939 -2.7012775 2.557523 -0.6194992 4.593929 3.1690967 -2.7926877
admirably -0.47133648 0.6289191 2.4605334 1.203661 0.5882375 1.6461868 3.401628 4.8964143 2.6665757 -2.5813227 3.682157 2.7211154 0.5873891 1.4425961 -1.0959551 2.5960252 3.394389 -1.0928893 4.408487 -2.073311
instinctive 0.24093892 -2.0072818 3.9844587 -1.1243749 3.0280821 5.675202 2.7842867 1.2803842 1.5715622 -0.605189 2.1457999 1.1486397 -0.018520376 -4.2357707 -3.6966078 6.1559453 1.679437 3.1576948 4.072366 -0.4469382
athleticism -0.27387607 1.9528679 1.1576581 -0.69974923 2.4032116 3.26557 1.2608376 3.436772 3.1077867 1.6137755 3.5684876 0.88634527 0.22634806 -4.5645437 2.0919359 8.771916 5.285591 0.921534 9.029092 -2.0110712
justly -2.5331724 0.36697057 1.9401037 1.0830001 1.0215099 2.0755525 2.027657 1.6212596 4.356105 0.07351943 2.2441962 2.3814752 -3.142504 3.841788 -1.8534266 3.9168608 1.769952 3.5732973 -1.2009553 -2.6775043
preeminence 1.2210723 -0.08366618 0.32519454 2.9462762 -0.10481763 3.9543877 -2.6817842 3.0313365 4.536243 2.2093074 2.9674037 2.196684 -1.8178314 3.3308463 -1.7815641 2.8111813 0.8555108 1.1360562 -0.11069366 -0.7416227
singularly -1.0081109 1.029421 1.8946925 1.0795898 0.20439515 3.180309 3.0775442 1.5091362 2.9981618 -0.57532036 1.7054342 2.0038543 -0.47659543 0.70356816 -2.5704358 2.7235744 0.7296268 1.296554 2.9596348 -3.4836237
semblance 1.5232368 -0.07567189 1.6215935 0.78926414 0.43431622 2.9040024 2.2816536 1.9444168 0.40815404 0.9100423 2.1192682 0.8268203 -1.686292 2.5121882 -3.4427752 4.5129504 1.5490724 3.513068 1.5950166 -0.42080802
indomitable -2.858598 -1.2614747 -1.5170828 -0.18790217 1.1560823 1.8844327 2.9925768 2.7197876 2.3566997 2.1178606 3.3049245 -1.1223857 2.945459 0.5735336 -3.790869 5.250212 3.7334638 -0.10899733 2.2972405 0.7500956
eagerness -0.26351985 -0.4354673 1.1912444 0.036054682 1.7876834 3.2007809 2.2176983 2.665611 1.8378762 -2.236015 3.641637 -0.19462442 -2.9820082 0.8598902 -3.8124475 5.2151465 2.2076895 1.8986354 2.1705577 0.501668
countenance -4.525238 0.8390693 2.101622 2.1165476 2.556879 2.2023358 3.3588574 2.3217661 1.6153926 0.6530721 2.3816369 0.8050998 -0.5206393 3.039285 -3.8157344 4.4162364 1.887461 6.742974 2.2800992 -1.973909
tact -4.6952615 0.16931608 1.8936605 1.0691429 -0.03893495 4.3701506 1.5122589 3.7844 3.121061 0.4828905 1.1522654 1.1333224 -2.4178052 3.2768104 -2.0371804 6.3266373 1.9140186 1.7446841 3.2104063 -0.0066814036
commendable -2.7112765 -1.0178915 0.77031523 -0.5688177 -1.2690653 3.0350606 0.4350883 2.9606805 4.000397 -0.4694746 -1.5889515 1.4130878 -1.4874231 -0.039396696 -1.540086 4.4605546 4.409258 0.74449944 3.5166016 -1.3839204
boldness -2.661155 -0.72442347 1.8734771 0.5241756 0.7933396 4.052011 2.364365 3.8696985 3.376565 1.2269 1.9031553 1.2845331 0.17164375 1.2420123 -3.9398859 5.4565296 1.7387894 2.3212442 3.636767 -1.5587304
perceptive -2.565026 -0.655811 3.099733 -0.1994089 -0.4770891 4.7770844 3.0252128 2.363264 2.8702269 -1.8716327 -0.67840374 3.0697844 -0.5771766 -3.0783353 -3.4941583 4.5040946 0.74740976 0.6934041 2.2530353 -2.4906032
eminently -2.3893723 -0.114181526 1.3968706 0.5432854 -0.029095586 4.135345 1.3111699 1.7078993 3.2077997 -1.8214662 1.4288571 3.7681808 -0.031314727 1.9164323 -1.845527 4.958214 1.3186057 0.67857015 3.7975671 -3.281029
wholeheartedly -1.1547177 -1.2507743 2.151316 1.4842507 2.2330682 2.5995693 1.3255823 5.0740714 1.6834983 -3.2650757 2.8669598 0.40620163 -4.4575872 1.671957 -1.7994456 3.4765525 0.82004017 2.8492787 -0.006069356 2.0229092
erudition -2.5396206 0.8611278 3.372385 1.4771322 -1.4875395 8.47291 2.5562334 2.8693867 5.8286114 -0.6674185 0.84711736 4.2317576 0.76852494 1.8464204 -1.9936802 3.2569368 2.4384654 1.8853313 0.8866246 -1.6246678
ably -1.5328841 -1.2204671 2.2092488 3.0743308 1.8186148 1.7968004 2.8600724 4.350446 2.1618648 -0.49618146 2.6652803 0.3369773 -1.2822536 1.1466564 1.4221231 2.6193779 0.8770729 -3.1878242 2.0216348 -1.1487385
courteous -5.864978 -1.0909657 -0.31164637 0.8272678 2.5034032 4.6197176 3.2375379 1.5001281 1.6882356 -2.4660397 0.9647044 0.9302945 -2.9063113 1.5048933 -1.571814 6.186945 1.5816922 3.6344006 2.1415892 -2.9665823
intricacies 0.09303699 -1.4349123 2.1911862 -0.09692624 -0.15968871 5.439914 2.5104494 1.7479511 1.7924328 -2.7128623 0.05139423 2.409368 -1.0057158 -0.9852083 -2.691051 4.174975 0.43851218 0.36112005 3.6237988 0.24496734
coolness -3.4410374 1.2150365 0.14757249 1.3578807 0.16178347 2.229523 5.307442 2.4930713 3.390268 2.270862 2.328733 -0.0060468605 1.5693098 0.35143027 -4.019637 4.981739 4.237688 0.39334056 4.387223 -0.37291357
fairer -1.1638694 0.25879052 -0.09047446 -0.34583193 0.4845895 1.1688445 -2.0268404 -0.18001813 1.4118961 0.2034889 0.083144106 2.9420326 -5.0819125 -0.06472833 -2.6281545 6.115741 -0.2859886 4.5599675 2.6347523 -0.6040887
disciplinarian -6.597777 -1.0657284 1.6187361 3.833631 4.4840407 4.3520026 2.4780774 1.9443747 2.8011105 -0.72123826 1.6859591 -0.8581367 -1.3965503 1.6540471 2.128045 6.829731 0.1779945 2.000462 4.142083 -1.3341193
judicious -2.9766793 -0.47430027 2.3339078 1.1921184 -0.7954081 2.7492945 1.4993278 0.34193286 1.5894358 -0.6590346 -1.2241187 2.7604983 -1.6205089 3.420147 -1.8362068 5.2950764 -0.43383172 1.9046975 3.3358579 -0.82484794
physicality 0.5848673 1.2172233 3.2345502 -0.83633083 0.5837346 4.529321 2.3553648 3.5462413 1.6413021 -0.2775565 2.0711825 0.72511786 -0.10152485 -2.7438521 -1.402464 6.0618033 2.944272 1.5061135 5.8624263 -1.8892783
forthright -4.0157037 -1.8428175 2.0904043 2.040128 1.4607399 3.4416916 1.7509204 3.9895217 3.1858895 -2.469271 -0.9851884 0.739864 -1.6768283 -1.2951945 -3.2076051 4.8899636 -1.4062873 2.5025418 2.729009 -3.3065045
peculiarly -1.3181566 0.59470457 1.0158756 1.3559303 0.7085098 3.800063 2.781026 0.1382069 3.7043958 0.17207544 1.7288009 3.0478246 0.6095761 0.84903395 -2.8810997 1.78484 -0.03547083 2.6302712 2.7598288 -3.0667224
studious -5.1827683 -1.0428096 1.6011897 0.6812884 3.521765 7.6548867 1.6294442 1.2028674 3.1042442 -3.4747996 2.9880319 0.8050495 -0.81258327 -1.3251169 -0.19342092 3.7047412 3.2780983 1.3811064 2.0058475 -1.134061
horsemanship -0.70877683 -0.9121841 -3.7973545 -0.74645185 0.71351904 7.0405064 4.3513827 -0.07073619 3.6285238 -0.29058307 1.741366 1.6615114 2.054148 -0.17084828 2.9956589 5.9429455 3.334033 -0.6597019 3.605869 -0.14056134
firmness -3.2084665 0.96215606 2.9542131 1.7113277 0.98193675 3.7820084 1.7084401 0.5342094 2.1094878 3.78233 1.6250274 1.4411004 -0.28500414 2.402608 -3.037245 5.4807267 2.146788 4.2765365 3.1049051 -0.42829704
friendliness -2.3002956 0.80404323 -0.106433205 -0.25511357 -0.20174818 4.382267 0.84621507 1.7135959 0.12864804 0.03451561 0.57834035 2.0836048 -3.2624965 -1.4776964 -3.3979263 4.555566 1.5709332 2.6434898 2.6450992 -0.17164434
fittest 1.5646127 -0.69979185 1.1646731 -2.7100058 1.0923835 0.7979736 0.97554225 0.487586 5.3735003 2.4096324 2.3712177 0.3257173 -1.1621475 -4.20467 -1.827688 6.5145288 3.937401 0.44349056 -0.91193104 -0.63977444
politeness -1.7562885 -2.5162137 2.9134505 1.0540097 1.4301317 4.539792 3.0215194 2.3016224 1.7925235 -0.4612603 -0.43363088 4.298759 -3.264407 0.7863196 -1.4599177 4.3466306 2.6275568 3.9630427 2.0837626 -1.7520238
civility -0.94107467 0.82182944 1.1457212 2.9023373 -0.2307041 3.5488505 1.0293621 2.7163732 1.7750815 -0.26435366 -0.12904966 1.6552761 -3.1638367 -0.46612513 -2.8620007 5.621989 0.23895003 3.46457 0.0051268283 0.21473536
poise -2.4357076 0.82920754 2.4359663 -0.6691705 0.7544059 4.196942 0.8152526 3.0139425 1.3305484 0.29062647 1.3467424 1.5299791 0.7210876 -1.877496 -1.4665279 4.7830315 4.42192 2.7483234 4.3549204 -1.4741971
fervour -0.24748261 1.491465 1.398088 3.3940022 0.47401324 5.9705696 1.9510542 5.6184554 4.2045217 -0.8047321 2.806057 -1.6881468 -1.8557696 2.155623 -3.896684 0.012548063 1.077627 3.2793238 2.2264473 -0.22921361
disinterested -2.1245563 -1.397375 2.4606078 0.72471714 1.2485493 2.8428888 1.291482 1.5764077 1.7913321 -1.7171155 0.20216307 0.6562113 -2.8961043 0.61626107 -2.127184 5.0326858 0.3178423 2.799922 1.0983007 -0.42599902
rigour -1.7639321 0.7124142 4.329849 2.7737076 -1.9884039 5.0908 0.5939095 2.1327884 5.013581 0.83314085 -0.41756153 2.9824195 -1.742255 2.5967486 -1.4337789 5.0667806 1.8804883 0.14639801 2.1700616 0.20502509
empathetic -2.542355 0.13020298 3.248449 0.045756184 1.1557348 5.958911 4.1125236 2.1059964 1.4613774 -1.9717664 0.47846228 1.0306361 -1.894833 -4.140969 -3.0656617 4.30971 0.8406335 2.4227502 2.3529544 -1.4126647
quickness -1.2856853 -0.07898394 2.1816711 -0.11106194 2.2019641 1.0052983 1.737954 1.148234 0.9981285 1.1278313 2.3116074 0.9372803 0.13110532 -2.643163 -1.2815667 6.8879447 4.2027297 0.6226 7.5747232 -1.8136396
demeanour -4.9554744 0.53177536 1.5157254 1.4405779 2.092957 4.077402 4.140101 3.7660358 2.257111 -0.2716889 2.2115242 0.13801771 -1.6979915 -0.030341228 -2.5600948 3.5404425 2.2524648 2.1642947 4.448561 -3.3525813
debater -3.4563038 -1.9116409 -0.42187873 3.628305 2.7764196 2.810218 -0.33805797 4.4670596 5.091474 -1.6169775 -0.08559298 1.5999248 -1.6557692 -2.0272586 3.0067937 4.4957013 1.3046277 1.1002916 2.1492972 -1.1055479
cleverness -2.922796 -0.07265862 2.1952574 -1.8260404 0.31174964 3.6370416 3.560181 2.8606508 1.5574627 -0.032464262 1.5860363 2.1980362 -0.28388035 -0.57108104 -3.3409286 5.448909 2.728073 1.8290352 2.9596145 -3.1364827
swordsmanship 0.5574842 -4.6642675 -1.4872003 -0.68163306 3.0065765 7.2391186 4.7720103 1.7231591 3.1339276 -0.12347947 2.9453273 1.9435029 2.8929286 1.241979 2.0952013 2.4687831 3.6469593 0.5241742 3.4348576 2.1774943
solidity 0.1438682 0.85444504 3.129569 1.3638101 -1.4380424 4.398884 0.10666594 1.2329944 0.44365746 2.0775244 0.5970195 2.8184733 1.4112068 2.643285 -2.5052345 4.738043 1.9409083 2.2400415 4.055012 -2.1483948
paternalistic -0.9130774 -0.8502539 1.1518909 3.1514187 1.6549172 5.286768 -0.531609 1.3182762 1.4449853 -0.75487554 1.4395856 0.9970829 -3.8410301 0.017386528 -2.6052485 5.6616797 -3.6887634 1.7483464 2.223943 -0.6440596
gentlemanly -3.3285687 -0.60073644 -0.6684821 1.0411099 1.7862991 3.035138 1.8499892 2.455829 2.5989287 -0.81584924 1.3103712 1.105484 -0.43495575 0.16238295 0.48593843 7.148804 2.0286336 1.4995011 2.1171863 -2.927469
scrupulous -3.524536 0.027599862 2.3656545 0.16741608 -0.78059137 3.9354959 1.8022263 0.3939088 4.016677 -1.6886138 -0.7663634 1.4753644 -1.4982752 2.0505965 -2.1279168 4.8711495 -0.4260664 1.7986219 1.0128629 -0.8421066
oratorical -0.6208869 -1.7931308 0.50725025 1.9849389 0.9213835 4.836856 0.17182367 4.2886605 3.9112782 -1.3217777 -0.9788652 0.38317925 0.73941207 -0.3408391 1.7448764 5.6903605 2.6790714 2.7330396 1.6223278 -0.4015139
resourcefulness -2.3404863 -0.25496835 -0.33154175 -0.94141346 -0.15708424 5.181019 2.7836354 2.361933 2.262338 1.2857504 1.6710895 0.87667465 -0.50043786 -0.011652475 -1.8794067 7.2356787 2.0160377 0.17456958 3.0470893 0.8658928
gentleness -3.775299 0.85736847 2.6180944 0.7353174 1.4436185 6.447 2.563011 1.9074068 1.9371883 0.26208165 2.2431066 1.5880858 -0.12498819 -0.12325713 -3.1855297 4.270643 3.2916107 4.783402 0.69059277 -1.4757267
unflinching -2.504434 -0.11486907 1.3933085 0.691844 -0.31644803 3.5940707 3.2784374 3.940706 2.4274697 -0.17497268 0.0054596555 0.08228215 1.0238074 -1.7885704 -4.757242 4.413217 1.4251007 2.346893 1.5442255 -1.1318215
undoubted -2.147402 -0.8205082 1.0432041 0.022896493 -0.65591425 3.7468739 0.00018914793 1.8459531 3.185695 0.8819423 -0.05103868 0.8073871 0.6792942 1.254218 -2.4544497 5.03843 1.4281309 1.5022379 0.9927629 -1.9915427
considerate -4.1195164 -0.5137234 0.47118706 -1.107944 1.4648118 4.498767 2.6324856 0.18607463 0.48344797 -2.164897 1.0244299 1.3296028 -2.8185606 -0.52688116 -1.637846 5.488304 1.4716192 2.459932 2.1271656 -1.2399335
sleight -2.175381 -0.24299774 2.835615 -2.5258143 0.86345357 1.578127 4.8655005 2.8093243 0.4388354 -1.2568833 0.77161 1.7969542 2.4701004 0.003165427 1.6538564 5.053624 0.30597308 2.6692479 2.672908 -0.7956816
persevere -0.9395015 -0.36513376 2.1266801 -0.57487607 1.1250736 2.8300915 0.13847412 1.2035499 0.49300024 -1.8297966 1.8415331 -1.6376156 -1.7986299 1.1563461 -2.6711543 4.8223376 2.7659192 3.2620308 0.8133214 1.5777763
unselfish -3.0103185 -0.77446806 0.3583104 0.09757823 1.3449364 4.2175045 1.2112643 1.7904375 2.387605 -0.95059425 0.73973095 0.22219127 -0.56495947 -0.7963047 -0.9367109 6.8787 2.4704275 2.5730577 1.2332065 -0.27607566
preconceptions 1.2373548 -0.18775481 3.2364445 0.78395045 0.11691905 2.811299 2.6995165 2.5538375 2.2400875 -1.1233506 0.52188903 1.7919918 -2.4767115 -1.0235724 -3.081883 4.023179 0.64665866 2.7705753 1.4199153 -0.58304983
competently -0.6956623 -0.7174685 1.6524272 -0.40645713 0.75754714 0.81076443 3.5921743 1.8234257 1.6338148 -2.0891902 1.3006548 1.0356205 -2.239298 1.3234687 0.12898031 2.2652993 1.24477 0.01838734 3.9748898 -0.64299023
attainments -2.8407576 0.5607392 1.4938859 3.1152258 -0.2617362 6.3558373 0.82694954 0.1337281 5.5045114 -0.3421223 -0.9215657 2.7795687 -1.5082922 0.31548837 1.1529913 3.6060896 3.5643368 1.8782796 0.33719927 0.04884704
mettle -1.1708645 -1.4202945 0.6268936 -2.680194 0.926166 0.49569738 2.2866728 2.876921 2.0357375 0.3467865 1.7234138 -0.7423221 -0.57492626 -0.35962868 -1.178685 4.3037663 2.9056013 -0.36567643 2.7473972 -0.450484
naturalness -0.40606546 -0.66487074 3.909924 -0.0006591503 -0.6187528 5.416943 0.69162667 2.17926 1.6666473 0.49313787 0.14668767 3.6723661 -0.6888355 -0.94564503 -2.82171 3.1064947 2.0671437 2.1605103 2.3792062 -1.3233162
chivalrous -1.0021865 -2.580191 -1.116932 -0.5982328 2.293691 4.837407 3.2108505 2.1213474 2.3660018 1.4276655 2.1991124 -0.33432403 0.6748038 1.1519706 -1.6704463 4.221357 1.1750649 3.359289 -0.7879632 -2.551187
thoroughness -2.205586 0.5213383 2.8262239 2.2210386 -2.1420228 3.2001338 1.9849998 0.88600874 4.2154837 0.7547022 -0.7363866 2.6056156 -0.5679521 1.6014556 -2.4670935 4.445772 1.8208731 -0.687882 2.355519 0.48091465
earnestness -2.7916665 0.92336565 2.9457202 0.7874641 0.34605297 3.8096287 1.0031093 3.2614896 2.1711462 -0.8217454 1.4186454 1.0984201 -0.56206155 -0.726706 -4.8563557 3.4991941 2.2876132 3.625258 2.260367 -1.3831654
assertiveness -0.68446267 -0.775703 2.566416 0.9478736 1.2853075 3.77688 0.5840833 1.8469658 2.845798 0.9791922 0.1511447 0.117776886 -2.7399964 -1.496399 -0.72990346 3.9345212 0.8450369 2.0777671 4.0604696 0.31692928
meritocracy 0.45718843 -1.9380313 1.2648889 1.9203581 0.59917825 3.9313118 -1.4919431 2.6273685 2.6649272 1.7881861 0.16885574 2.9335086 -2.972629 -0.3337732 -1.5738766 4.507507 -0.45920768 2.847669 0.8418318 0.8407145
fearlessness -1.7897927 -0.14990944 1.2089936 -0.3516206 0.9377274 3.303831 3.1485136 3.1566992 2.535129 1.2400703 1.7482224 0.47668296 0.0016778285 -1.5249828 -2.693798 4.5836816 3.0567963 2.1987271 1.5944598 -0.3210985
selflessness -1.740899 0.6444734 1.3200066 0.5461218 0.56653166 4.9003205 3.493156 2.8137822 1.9584192 0.99984527 1.4436251 0.7663546 -0.9013337 -0.45450738 -1.8617616 5.060303 3.7552586 4.0565834 -0.59582263 0.6227182
frugality -3.2063794 1.3982579 1.1894714 0.24869178 -0.21704417 5.332876 -0.9496187 1.108535 1.8941823 -0.25409877 1.598229 1.6289679 -2.7085056 1.5995104 -1.586749 4.119306 -0.42475387 1.7350154 1.5032682 -0.23824967
machiavellian -1.02457 -2.8151774 1.5147169 -0.78041816 1.7129012 3.4106898 2.381788 3.7879708 0.78396386 1.2032763 1.8136307 0.3237258 -0.71093404 -0.067972794 -2.5506837 4.9105234 -1.2290906 1.0468755 -0.058744606 -2.723833
frankness -2.6600513 -0.25094807 2.812829 0.05338161 0.015952619 4.60385 2.3038633 4.080821 3.314965 -0.06290886 0.42205855 0.65672076 -2.0842056 -0.63687986 -3.198401 3.0442085 1.2162478 2.5182595 0.9631086 -1.8866667
snobbery -1.0913427 0.29046082 1.5376345 1.3817247 1.3462598 3.6783159 1.6511233 2.881251 2.3586628 -0.6660028 1.3308452 1.0305113 -1.875506 -1.0388056 -2.2134619 3.225278 -0.6936123 2.5735974 1.3571494 -2.6945274
virility -0.8468194 0.061168008 1.3848436 -0.17531317 1.8069447 4.3320546 2.3912532 0.5457021 2.3417094 2.1457536 1.6816952 0.9081059 -0.89396054 -0.9691508 -1.6132114 3.3386483 1.3348106 3.9095635 1.3064257 -1.0281007
sociability 0.1280772 0.37389183 1.8966397 0.6261121 -0.073453605 5.7514358 0.5804929 0.6547473 1.7666148 0.103071705 0.07145119 1.4722142 -2.41359 -2.0184062 -0.78721774 3.2773006 0.84358287 1.2941389 2.1092381 -0.66311115
unfailing -3.3470764 0.1331851 1.5541354 0.25958073 -0.11739977 4.287427 1.1229972 1.7620907 1.3806719 0.05838937 0.23725274 1.1219006 0.27218434 0.041175652 -2.6512842 4.6854568 1.7972257 2.5192778 1.8309345 -0.41850927
vivacity -1.9725591 0.8369916 1.576808 -1.1065842 -0.5487634 4.79597 1.7143437 2.6529214 1.8193274 -0.30924803 1.1877863 2.0554848 0.7464296 -0.45227844 -2.17187 2.1162877 2.6746476 1.9127942 2.4569335 -2.2275252