Centroid_45 -0.2466628016450981 0.2855427550129409 4.0197784588039225 2.0068125773372545 -1.115629163216863 -0.9015664721580388 3.448677627568628 1.8268252580823534 3.6310710527568646 0.6183548838535685 -0.9481918608521573 1.329598824858823 -5.720114727843137 1.3622563265254901 -3.2546518511999962 4.901586415098039 -0.7071739155490198 1.2171836553764694 0.7181201939921567 -0.3625661189450984
issues 3.5653434 5.399006 2.1157799 4.8831162 -4.7358165 -0.23983438 4.712809 5.10901 5.527676 0.5135933 -2.775544 2.6997802 -12.112497 -3.5343716 -0.73009735 4.229206 -3.1738112 -1.4376227 3.7719674 0.6110428
evidence 1.2536596 4.527712 6.56875 4.080331 -3.1364 -0.2901693 11.049655 -3.7013621 6.6034513 2.094209 1.7791536 3.2494779 -6.6183925 4.3116755 -6.108964 4.2513785 -1.848196 -2.1844802 -1.1381111 -1.2197142
issue 1.5838875 2.4325325 2.1076806 2.311311 -3.6288908 -7.8023434 3.326358 5.5007257 6.598871 -0.85102636 -0.6891422 3.4399402 -6.938701 2.6375902 -3.7854788 2.6092563 -0.65602046 0.4121855 -0.5967624 0.67041767
subject 0.9197804 0.5199998 2.09899 2.231159 -3.6813657 1.151768 2.5889485 -0.14757478 6.968449 -2.5041533 -3.7376804 2.58491 -2.8051462 1.8931782 -4.5450397 5.766499 -0.10971521 2.4064684 0.8547865 -0.047322392
response 0.0855081 0.5424811 3.4022443 2.6833637 -1.8093557 -4.1131234 2.9896507 2.733691 2.9088302 1.3113403 -2.3876529 -1.2266823 -7.1242933 -2.1013012 -5.950024 3.193383 -1.6604171 0.015547245 4.2042446 4.3749113
account 0.5720904 0.977497 3.5735598 0.5176569 -2.7247775 -1.9524692 5.0974317 0.10942149 4.8522053 -1.025773 1.3286419 4.6983447 -7.411724 3.879878 -5.6063766 2.0956283 2.166789 -1.62086 -2.3093612 -1.4123288
claims -1.740355 0.731413 2.4037113 0.27323544 -0.9004892 -2.8892722 4.2672205 1.2036229 4.043758 1.1729771 0.6309907 1.4694117 -6.91071 2.5271273 -4.267341 5.57368 -3.899041 0.8803961 -2.8095925 0.17470323
actions 2.6461031 -0.7270766 3.2390196 3.8012178 0.8245739 -1.858445 9.373749 4.5849137 3.6718335 4.332499 0.99697787 -2.2307262 -8.850731 2.6269329 -1.906531 6.6383796 0.11421462 -0.013043774 2.0629873 1.8065913
matter 0.48613515 2.8999069 6.63723 2.9406722 -0.2901335 -1.6748242 4.597873 0.2012921 3.8077533 -0.5412748 1.7863476 3.960724 -5.227251 1.6492014 -5.9640546 5.857852 1.3475194 4.1123667 1.1466535 1.1070979
question 1.6695726 -1.306647 6.238449 3.5238338 0.7314612 -2.4858127 4.617321 2.386567 3.589602 -2.1369853 -0.39196917 3.6092079 -8.750471 2.1877835 -4.159655 7.5152473 3.318631 3.586161 -0.7003867 -1.225133
speech -1.0820944 0.105916895 5.3392677 7.4738984 0.85332084 -2.5228786 5.697468 9.221761 3.8807535 -2.4503462 -1.8341043 4.0376873 -5.993922 -0.86434215 -1.9095082 1.9246014 1.7071229 4.9520397 1.5474533 3.135392
reasons 1.9317181 3.752316 3.410705 1.8140745 -1.842403 0.31281984 2.4609637 2.7785256 5.2039185 1.0175117 0.94661075 -0.5170434 -9.982713 3.471627 0.39180028 2.7756631 -0.24420354 -0.4867277 4.092343 -1.3400286
regarding 1.4337918 -1.1409254 1.5243776 1.8413633 -3.9843738 -1.5545144 1.1558989 -0.15528698 5.405761 -1.7393879 -5.860119 0.11345173 -6.270334 0.5506863 -6.5517497 8.737503 -2.0531769 2.7040772 -0.56408596 2.1770127
negative 0.23280522 0.0065125683 8.874678 -1.0806514 -1.845519 -2.2044992 0.9500466 1.0273633 4.7532973 1.8708602 -3.9023607 2.1776834 -7.0701437 -5.8659096 -8.097575 3.968197 -0.32970724 3.364962 5.644204 -1.419369
controversy 0.8243679 5.406911 2.9994986 3.91446 -3.0313954 -3.1302311 1.5399041 7.7211566 4.9461145 0.15779755 0.6532414 -1.6542344 -8.174038 -0.8362241 -4.6040277 1.05814 -2.5133746 -0.23178522 -0.13529891 -0.87643623
criticism -0.5530767 2.0397234 5.366243 4.650083 -2.3956096 -0.10281306 2.4751143 9.402279 7.675994 -1.1220322 -1.3874565 2.361896 -8.192752 -1.5934306 -4.301357 3.8705523 -3.2390325 0.039377805 3.6160052 -0.89184654
concerns 0.06331578 4.671348 2.0264513 3.584689 -3.3747532 0.6366171 3.1287117 2.1554642 2.2522628 1.475387 -0.72147846 0.20610268 -10.029632 -1.0633377 -4.120089 5.695167 -3.3307383 -1.3997804 3.3591974 1.0744303
questions 1.6950755 0.3485067 7.047198 3.5927422 -0.95980877 -1.4250209 9.216091 3.7163236 3.3525174 -4.6861434 -3.4440455 3.3001232 -11.607962 -0.6797436 -0.33429527 7.2880144 4.328073 1.537331 0.34032145 -2.1160002
debate 3.5322473 2.077054 3.1509109 8.492715 -1.6024953 -1.7589968 0.2003213 7.123275 5.8581066 -0.94563055 -1.7314174 1.1289089 -7.498166 -1.050925 -3.5386312 5.2571177 0.49263054 2.2776766 1.4896637 -0.25314435
opinion -2.0544994 0.8396675 5.0896926 7.959107 -0.9239043 -3.2566402 3.1800508 6.2425976 7.204731 -0.901377 -2.443377 4.5265994 -8.698258 1.1381991 -3.580085 5.0756664 -1.8894136 2.2819943 0.83656377 -1.6507444
accounts 1.0656949 1.4382007 0.35405052 0.37720236 -3.998621 -0.7146019 5.3649507 -1.6844969 6.2599645 -0.06472473 -0.83575267 4.002812 -8.4297695 4.464701 -3.8844275 0.15299188 -2.4828744 -1.2051504 -2.020385 -1.8450861
concern 0.32743588 3.5752046 1.552431 3.4913392 -1.5718268 1.4456034 2.7873275 -0.71739453 4.1384745 2.8109038 0.37637028 1.190106 -9.518844 -1.3237873 -4.867064 5.7566576 -2.9342453 -0.005036115 2.849437 0.14951266
favor 1.850572 -0.3269125 3.6874847 2.4052262 1.8392395 -4.998661 -1.6014749 2.7419674 1.1769671 0.075335 1.618064 0.10481927 -6.0745687 2.2383552 -2.1557348 5.659277 -1.7170922 3.0093017 0.9337665 -0.32307678
matters -1.0309519 1.640762 1.9299746 6.5873404 -1.3122176 3.2718372 4.51194 3.3417716 3.8447268 0.7176874 -0.9229643 3.059693 -11.317739 3.7711318 -0.21374807 6.6902575 -1.9446813 0.9173843 0.8328508 0.8672959
advice -5.065058 0.44284537 2.6701257 1.7394625 0.5627826 1.364842 5.5081544 3.9945498 0.9908818 -4.518903 1.4769592 4.4963326 -9.305944 3.079391 2.0349298 7.389466 1.289718 -0.46715954 0.6704667 3.183123
false -0.7512136 -1.2102735 4.8368526 -1.4160609 -0.540645 -4.1944513 9.28756 -1.15898 2.6392968 0.6281182 -1.0802693 0.81881297 -5.565789 2.4947402 -6.5869384 5.2435465 -1.6695936 2.704379 -1.8098224 -1.3243598
circumstances -0.7341349 3.086431 5.3920565 2.3042831 -0.268374 0.65116733 6.7465773 0.54949695 5.62808 2.843874 2.5441873 -0.4201782 -10.672037 4.962607 -2.7470458 3.574726 2.9352663 0.54045534 2.2588058 -1.6621134
discussion 4.3342853 1.1385844 4.1663203 5.193817 -3.339983 0.75756824 3.5604064 5.691048 3.423182 -3.83753 -3.467273 2.573409 -6.161272 -0.89999396 -2.8329751 4.068687 0.4775704 1.562447 0.99145734 1.1677579
argument -1.10035 0.21725217 9.961811 4.2156563 0.8284965 -1.4321119 5.363544 3.970634 1.1606314 0.7112589 0.59562904 2.8310273 -6.2284074 1.8962861 -3.6621754 6.677396 1.0085683 1.7191797 -0.5825643 -3.4445102
regard -0.07491615 -0.81881756 2.1425629 2.0937986 -1.2722439 3.2081938 1.1776265 -0.2531367 6.18531 0.99655074 -3.034687 1.9376402 -4.9984956 2.0188713 -3.7051847 6.5961742 0.8234307 5.0553513 0.8888936 0.2866387
error 0.09942866 -0.9913825 9.993272 1.3361155 -1.6484143 -7.554515 5.998159 -1.7945256 2.3141212 2.8384163 -1.5661341 3.203206 -6.050788 2.4962733 -3.6238217 4.941732 4.7985315 -3.3539202 3.1340966 -2.7449148
comments -3.087031 1.1063542 5.5944166 2.1103635 -1.2612555 -4.593971 6.2699323 8.7472925 4.7541356 -3.5213518 -2.9796886 1.9421723 -7.1270466 -1.7663465 -3.490835 2.866735 -1.6197127 2.3347337 1.0736761 -3.5305214
statements 1.0247153 0.45672318 7.994026 3.8379486 -2.7422917 -4.957924 8.448731 6.7642536 6.6486154 -0.41225025 -3.7352264 3.398882 -11.523243 3.4770532 -1.5950023 2.9477715 -2.8237278 1.8436873 -0.5548766 -0.68495286
proof 0.21467327 0.04748724 8.868497 -0.5883163 -2.219702 -1.7941345 4.579112 -0.36245748 2.6947567 -0.04904081 -0.60346603 5.4284654 -3.364115 4.85699 -2.2466826 6.4289045 2.6502278 1.108942 -1.0693997 -1.6153871
findings 1.8093523 4.042226 7.068429 5.373953 -5.05625 -1.048794 7.0213914 -1.9719801 8.115588 1.6108001 -2.0728095 2.8983552 -5.514479 -0.06574646 -1.9862643 2.0346541 -0.91747373 -4.4996305 -2.1254776 2.9987493
confidence -2.3324451 -0.16503641 4.991288 2.64389 1.6397212 -1.0923225 -0.8433822 5.629056 0.9916048 1.1461972 1.5575897 1.2725527 -9.149903 2.6640499 -2.4904726 8.1315365 3.344978 2.5227025 5.5366907 -0.43670532
consequences 0.49291503 1.9817297 5.6304703 0.58731663 -2.1719146 1.87755 3.6640184 0.6336839 5.567425 4.393496 0.41164324 -3.7451112 -9.005705 -0.05366312 -7.5391493 6.1929936 0.30570716 -0.44635102 2.26106 0.5598579
intent 2.5106204 0.45945624 3.048479 1.069497 0.24021523 -3.324339 4.7039366 3.1217422 -0.96911573 -0.71792334 2.4419773 1.8836199 -6.3730226 2.6768463 -2.8372598 7.293596 -0.7492294 1.9778509 0.20011431 2.7383735
doubt -1.4380045 0.8193538 5.0745893 0.344128 -0.11849086 -0.78029656 2.480431 2.9053795 4.94848 -1.7950182 1.6086429 0.117086105 -3.734294 3.0200505 -6.1019726 6.5053844 1.9125712 2.70101 1.2709662 -3.984189
explanation 0.28912926 -0.617418 9.000407 1.4350907 -0.60230887 -0.51300585 5.9160438 0.080672465 4.0835533 -0.05841565 0.89834756 5.1985364 -4.4235983 1.9240323 -5.7071414 4.248921 2.58434 0.48464346 -0.05409942 -0.91508424
discussions 5.4788184 1.3335025 2.1131678 4.4864707 -3.6605322 1.0305152 2.0082188 7.232391 3.4970615 -3.4990768 -2.1942563 0.6353884 -6.854904 1.1634622 -0.16390121 2.8234942 -0.36963195 0.023007693 2.19783 2.7424815
outcome 2.6789293 -0.52240974 6.0360446 1.04252 -0.71239626 -3.0279357 0.57782954 2.3960738 5.227715 3.6218143 -0.30590022 -0.9784608 -8.379737 1.1757739 -3.667684 7.2426677 4.1146054 0.6449544 3.1277401 -0.7856411
facts 0.12658598 1.7232766 5.738619 1.9225482 -2.9706914 -0.54932547 7.0983567 1.6431192 4.59521 -0.10512042 -0.98196936 5.5869684 -6.8994803 1.9636971 -3.6776443 5.851089 -0.058859803 0.29756692 -1.7049987 -2.3886988
arguments 0.9156538 0.42569327 9.605544 6.78008 -0.800113 -1.2911179 6.368068 4.13771 5.252472 0.84116966 -1.7795078 3.2305095 -7.143429 3.2088575 -2.4867678 5.445722 -1.2293756 1.5059663 0.26046073 -3.1161013
favorable -1.4698476 2.4296432 4.0070944 1.0610254 -2.4440858 -3.3717759 -4.335864 -0.13410237 5.8394523 0.52434486 -0.5370717 3.781352 -4.727495 -4.4986734 -8.150358 3.5034604 0.56165594 0.9754592 3.0262675 -0.01105399
acceptance 0.2514087 1.1233779 3.3759494 3.7474444 -0.67885756 0.6245211 -1.1158526 3.0769546 6.0786376 -0.25579345 -0.62883776 4.040758 -6.2933607 0.18689547 -2.339723 5.675411 2.4979594 3.916006 2.7733345 3.4577317
errors 2.2029757 0.32569006 9.849721 1.5720621 -3.0667727 -4.376136 7.5455966 0.019767137 5.9876566 1.1452245 -3.1688666 2.145556 -6.3652935 1.2801908 -1.2641506 4.522 2.162556 -3.9818575 4.927546 -4.63962
arguing -0.80022186 -0.9837638 3.3776655 2.9665887 0.5706034 -1.6452756 1.2748978 2.1792722 2.280835 -1.145072 -1.0809637 0.030036591 -5.49672 1.1881611 -5.1649466 8.924476 -2.5006845 3.6837394 0.1802533 -0.07823799
contrary 0.44670004 -2.52251 2.9903307 1.9337252 0.05646087 0.5931818 1.1265249 0.16764162 4.516427 -0.44723684 -1.3921288 1.6600671 -4.1285267 2.2649052 -6.721238 6.503799 -1.0968955 4.5170774 0.25599262 -0.41248575
opinions 0.6075667 0.20857967 5.779899 6.1658463 0.0076928707 0.17756256 5.429291 4.8276496 7.874585 -2.6451993 -2.5692713 4.670459 -9.490961 -0.25078171 -1.7927074 4.220877 -2.0170124 3.2787838 1.3867807 -2.8064985
comment -2.5412147 0.40030825 4.7179127 1.1086742 -1.8070883 -4.5710497 4.421482 7.0857215 3.7137682 -4.4581027 -2.0801387 2.653538 -6.9613066 0.5075076 -4.557333 3.6995437 -0.36931092 1.9120178 0.68547004 -1.6472267
interference 0.7384277 -0.6474838 4.634717 2.819821 0.3192861 -4.7071743 2.8617716 1.9250785 -0.31559467 4.800474 -1.1441684 -1.9127806 -6.365782 -1.1876739 -5.0688753 4.589909 -1.682302 0.8364638 5.4839325 3.0800533
integrity 0.84523535 2.3440835 2.8857899 4.0648513 -2.9373918 2.9790385 2.1520162 1.984494 0.20200521 5.107394 -2.1864061 2.8732145 -5.047546 1.3906002 -1.7933686 10.28794 -0.318464 3.0834682 1.7643892 1.6622288
explicitly 4.091653 -2.9622338 6.53499 3.029637 0.56700504 -1.3984336 4.8479743 1.9318153 4.014063 -0.008381106 -0.3026381 7.2273974 -5.9582705 2.880879 -2.916352 4.9693885 -0.9728505 4.4585204 -3.2205825 0.1704394
instances 3.903905 0.6258708 3.0093837 0.7809743 -0.88914144 -1.0810485 7.6664467 -2.414542 5.040016 1.1347423 -2.4592664 1.04158 -6.6800327 1.126306 -0.576478 1.3942842 -1.2168801 2.4205697 2.7281513 -3.5346293
legitimate 0.7674347 -2.7558393 1.8842379 -1.3492843 1.5581133 0.5657247 1.4138836 0.42752331 3.7334898 0.8901803 1.088365 0.82852554 -8.255283 4.5507646 -1.4440485 8.537009 -1.535407 4.005187 -1.8459233 0.14537826
privacy 1.1741612 2.6923354 1.3188117 1.2255471 -3.8974905 -2.1143556 6.346352 0.45260426 -1.0057759 1.3649695 -3.718025 4.633987 -9.970832 -0.656776 -3.2749631 9.461773 -2.8192484 4.2368937 -0.73020726 3.910521
suggestion -3.175683 -0.09413207 5.0406384 1.8319912 1.2684369 -0.88954204 2.8915117 3.7221541 1.3316494 -2.0307353 2.8369853 2.0264328 -2.3445745 3.3580744 -1.4265797 3.6280475 -0.47847444 -0.10443826 -0.34030235 0.1480475
observers 3.0255659 -1.4966083 0.15905184 4.2397523 1.1065236 -3.1723657 5.5170817 3.5416105 5.696469 2.4503984 0.38526377 1.0929484 -6.4629393 -0.84391564 -2.521519 2.889509 1.0737569 -0.21983209 5.1075516 1.2128624
recall 0.48420486 -0.8566522 3.4722342 -0.81335056 -0.57143843 -4.6497393 1.2373667 0.48790005 2.3897808 -2.9385176 -1.418388 -1.382415 -4.303503 1.9319497 -2.5523777 4.8861656 1.744335 1.356192 1.7932998 -0.39393613
determination 0.71838456 0.4198374 5.291922 1.0160153 0.317352 0.67028636 1.6736985 0.19420351 3.705532 4.0297656 1.2747414 1.7192743 -3.7760289 0.48160306 -2.5280268 8.555172 3.9742947 2.0946877 2.83725 2.4687374
bias 0.14241523 -0.96140677 7.9974804 5.2858 -0.13249174 -0.9487519 3.5266488 1.1395028 5.110707 2.227529 -3.9909012 2.7944224 -8.291219 -4.7262897 -4.0757823 5.8819427 -1.6872693 0.59246165 4.378507 -1.1031803
remarks -4.1948366 0.63065165 5.4103484 3.4949534 0.31570473 -3.239314 6.032255 8.069298 4.55977 -1.7919863 -1.1661785 0.43627027 -5.313392 0.03546063 -3.863348 2.286647 -0.9667808 2.6880522 -0.5278428 -3.1067896
censorship 1.3952801 0.047351435 1.3710841 1.8309445 -4.0769224 -1.8828186 3.9806077 7.7681494 6.5151987 0.2671681 -3.407329 1.206021 -7.765558 1.7971182 -5.7395716 1.6554538 -5.3243194 3.2431912 1.8031943 4.9213963
commentators 0.65231144 -0.8954549 3.21268 3.1255484 0.5692381 -1.9405723 3.9550693 8.04586 7.738312 -0.49418274 -1.3261566 2.7034624 -6.975859 -3.0371048 -1.5663533 2.5034423 -2.6549773 1.0033689 2.9612243 -5.0419707
controversies 0.8892022 2.2840111 0.2278099 2.5292096 -4.0966268 -1.0379244 0.20525359 4.986346 5.141066 0.24449943 -4.1816564 -2.7108397 -7.5666423 -1.6825669 -1.5137393 0.9835103 -2.754047 -0.46771467 -0.6985976 -0.25778288
positively 0.246208 1.8886942 7.874073 0.22914115 0.5421879 -2.6221173 3.0902889 3.2850807 4.4250546 -0.22885288 1.3101004 4.3771863 -6.4752 -5.814612 -3.5017693 1.6335669 -0.048042066 0.744554 2.582897 -0.7717348
necessity 1.0977886 0.61906976 4.0153146 3.639475 -0.24808037 3.0565977 3.1037014 0.82775927 2.270763 1.0131625 2.1791906 2.6693382 -5.940234 4.6332507 -4.0602555 6.9837356 0.5486328 1.6388614 3.4568324 2.5015116
rejection -0.26603767 1.3281835 7.025932 3.478633 -0.3231803 1.1773981 0.4368314 3.590654 4.685897 0.6020948 -0.8177179 -0.9288079 -5.045745 0.957286 -4.2939787 4.6153064 -1.070828 4.6376057 0.7546155 1.477214
criticisms -0.1958911 1.0402511 5.5764494 4.3029323 -2.8626375 -0.37254494 3.2897787 6.1217093 6.4856324 -0.08631078 -3.0777314 1.8771152 -7.3777843 -0.6118228 -2.9254873 4.1083417 -4.0158167 -1.0149953 2.9102137 -2.0734465
reply -5.054249 -2.311971 4.373293 2.439766 1.3478512 -6.221887 3.9909165 5.546116 3.3287086 -2.3775415 0.682896 2.1690493 -4.8613405 5.2156196 -3.515714 2.5419042 3.8945687 1.5187026 0.6646415 -0.5745867
conclusions 1.9148939 1.2393805 8.929143 4.731561 -2.2586815 -1.8410802 5.049407 2.277838 8.384834 1.5837725 0.17027658 3.8426843 -6.335786 1.9634677 -2.9690392 5.1366963 1.7741084 -2.6899292 0.5623995 -0.5795095
questioning -1.5330522 -1.2464287 3.8110542 2.2107692 -0.034122683 -1.3733934 6.519244 3.2401407 1.4382954 -3.8141308 -2.0817873 -2.8192375 -7.004749 0.228236 -3.67758 6.2372 0.34686026 0.5806308 -0.66775256 0.63354254
incorrect 0.23553644 -3.7016659 6.844741 0.4384906 -0.1664508 -4.599361 4.135368 -1.9693198 4.2720695 -0.49458534 -2.6961374 3.2697527 -4.315565 1.9300846 -4.718913 4.547434 0.57693243 0.584169 1.6580164 -3.4311786
unnecessary -0.7001541 1.1778206 4.3517184 0.4352926 -1.3290173 -2.3647187 4.3649197 -0.5505866 1.392553 0.7285526 -0.7705233 -0.6345543 -6.4239173 3.721576 -4.5482597 6.6519923 -0.4669299 1.3254663 6.1022515 -0.37448213
exclusion 3.0313752 0.3419758 1.9175935 3.023572 0.21009234 0.04352441 -0.63334405 -0.62291986 4.470587 3.6262343 -0.94265074 0.25081486 -6.587611 0.40433025 -1.8395069 5.4026313 -1.0298971 4.401986 0.8131124 1.1850425
analysts 1.8105088 -1.2545506 1.84925 1.1145387 -1.110915 -3.7835526 1.7622755 3.3083704 5.1752214 0.32491824 -1.559446 2.7913349 -9.354068 -3.5967517 -1.0711813 5.688027 -3.6582723 -3.605269 4.2743096 0.8556278
suggestions 0.9829935 1.1326268 4.3243747 1.5822672 -1.5716451 -0.76677096 4.721411 3.995486 2.765643 -2.0773463 0.013954502 3.8057704 -6.6024094 3.4385607 -0.59410113 3.5598598 -0.9182748 0.33350477 2.9023032 -0.74798644
judgement -3.243346 2.0868833 4.640645 2.7221262 -1.9478952 -2.5798485 4.87503 4.57069 4.0668983 2.4340127 -0.7386768 1.4246873 -5.321813 5.3776393 -2.113811 4.494115 4.7570667 3.3272803 -1.9752597 -0.59126544
objections -1.0183039 2.6214695 3.5765574 5.27776 -0.7007694 -1.5619448 2.152324 4.2205806 3.084577 -0.6907977 1.2709165 -0.24068452 -7.8789034 4.1682415 -2.0643198 4.4936533 -1.9435256 0.025380976 0.43478125 -0.2625858
justify 0.9613849 -1.6085521 2.4213111 0.109000646 -1.3988876 -0.8007375 2.3899949 -0.6676414 3.2248178 -0.010960223 -1.1856692 -0.36592388 -6.131072 5.089956 -6.7078376 9.339834 -1.0443609 3.2706654 1.939311 0.8352841
deliberate 1.1663345 -0.9566143 4.005226 0.40485772 -1.2592152 -0.40861726 5.52112 1.5914191 2.6320503 1.4177058 -1.4967088 -1.6411433 -3.5378807 1.9740658 -6.503952 6.8946195 -1.7987041 2.0555055 3.5676863 -0.81948096
disagreement 0.5717602 -0.25578886 4.637097 3.559218 -0.13144855 -0.6991128 -1.7308732 2.7483723 3.639256 -0.37992448 -0.14175335 -2.199008 -5.425988 2.3848944 -2.7215407 3.9538012 -2.436069 0.15400447 0.96780545 -1.1329577
proponents 2.6116753 -0.09342591 4.918612 4.979635 -0.12241037 2.1700127 0.3980845 1.5203332 3.8939455 0.60260946 -0.24376793 3.5255864 -5.1731405 -0.56579876 -3.7283149 6.496626 -4.997754 1.849565 1.3548651 -0.12948512
doubts -2.4802573 0.613282 6.14556 0.8164424 -0.21506245 0.34459224 2.7048037 3.055159 4.189989 -1.1442125 1.6669512 -1.8897604 -5.7427664 2.6071477 -4.881572 6.2451158 1.2846483 -0.40555748 0.2774261 -1.1407646
inappropriate -1.4764186 -0.48192587 3.4562144 0.39642426 -0.059994202 -0.6919833 5.828048 0.4254115 3.0717304 -2.2446404 -3.1258688 0.48489708 -7.3840785 -0.51400304 -3.2434545 6.42162 -1.879354 3.480544 2.9891384 -0.9543515
thorough -0.058780316 1.4227035 3.9610527 3.6991174 -3.9435966 2.2844846 4.4238853 -0.5588677 4.8525143 -1.8000791 -0.7425615 2.6241014 -1.8859123 3.7573864 -2.2883806 5.2221828 2.0207224 -3.6636207 1.8974977 3.5213413
scrutiny -0.50123256 4.04082 2.80449 5.1643224 -2.8447442 -2.0934918 2.1727333 3.5105948 4.36924 0.7690616 -1.5151827 0.53580576 -10.054857 2.0992002 -1.5145273 4.624019 -0.2916556 0.16611354 2.8346972 0.66603553
explanations 2.9893425 0.43381262 7.7641125 2.649963 -2.0301578 2.5150137 7.605064 0.051785264 6.8265324 0.30033806 -0.7890358 4.97976 -5.009458 0.8247153 -3.4830828 3.4687393 -0.16001078 -0.2622478 1.2239987 -2.554056
denial 0.13148244 1.1020763 4.223358 2.6090336 -1.7592084 -1.9253888 4.679731 2.2206793 4.523303 1.1169639 -2.3377833 -1.5971389 -6.5117364 -0.3743375 -5.7820888 5.1762533 -1.3250588 3.7711864 -2.770644 3.7356453
motives 1.1983343 -1.0452267 5.4408526 0.47088158 0.35463873 3.606407 7.237309 3.8954191 2.714167 0.52382725 0.70294833 -1.2086397 -6.245212 1.6663622 -4.0307193 5.873823 -1.7980925 1.4900497 0.06352012 -3.1553159
predictions 3.1727002 0.1350571 7.001787 0.71210706 -2.768869 -2.9515414 1.3149594 0.68538153 6.7440033 1.2881069 0.34093797 4.3208814 -6.069585 -1.6148254 -5.383461 4.2083178 3.657871 -3.7672615 3.1250453 -0.6200421
justification 0.853222 -0.3390812 5.8226266 5.2463417 -1.0963786 0.32369193 4.6778 1.8957821 4.128059 1.9124837 -0.49071082 2.811222 -6.4713855 4.6020703 -4.9488153 6.558862 -0.7932325 2.6902413 -0.3897315 1.927803
authenticity 0.15854712 0.57025635 5.7019396 -0.17442866 -3.3803167 2.1229427 5.1621275 3.960459 5.406597 -1.7218581 -0.86749214 4.7525654 -3.04608 3.7063062 -4.37371 5.050519 -0.02781152 2.404351 -1.5326593 -1.4793676
legitimacy 1.6162624 -2.312327 3.9675636 3.6475875 1.2359747 2.0537586 0.7509233 5.043798 5.057852 4.6729994 1.8211019 2.2850313 -8.79763 4.2064104 -3.5338094 7.227914 -0.5633644 4.2110596 -1.4919927 1.4884984
remedy -3.1516042 3.384825 4.182947 -0.057386745 -1.1537724 -0.52782345 2.9644027 -1.6142234 2.0079622 1.2859465 0.48737139 1.3892008 -5.2457957 2.2906718 -3.4441714 5.729488 -1.683157 3.0361695 1.400662 2.6663897
credibility -0.22062445 0.9702606 4.0707603 1.144866 -1.0094064 -0.8808 2.249618 5.5474405 3.750425 1.0554297 0.97405756 2.1093435 -8.680964 -0.19056386 -3.9968941 6.804093 -1.0840267 -0.23741086 2.7898486 -0.6168437
dissent -1.6047655 0.48792568 5.603859 7.9304485 1.1933836 -3.2952244 3.2818549 5.36384 4.464678 2.7490785 -0.67326295 -0.023230461 -6.441937 0.6801021 -2.9210289 4.4328904 -4.5199747 2.3806708 -0.38513407 -0.35276803
misleading -2.4230337 -1.796622 3.9292648 -1.0597781 -2.5460362 -3.621836 4.4834995 -0.60313636 4.6565533 -0.004773173 -4.6523066 4.0002112 -6.3043222 1.0969671 -6.2919664 5.823029 -5.2432156 2.3252509 1.474016 -2.5139515
procedural 1.256828 -1.8534218 1.8521879 4.1634307 -3.9703379 -1.9295954 6.1207137 2.286032 0.86653155 1.5659381 -6.9703774 2.1363668 -5.529121 0.19198266 -1.2887459 7.982287 -0.39434302 -0.83927524 1.9346228 -0.264255
intentional 1.9711077 1.3159554 4.8235908 0.14193779 -1.1249582 -1.8387703 5.5373235 -1.1904296 1.1041225 1.2377725 -1.8158678 -1.2745432 -4.531351 -2.2382128 -4.279804 6.7370114 -0.50353324 1.5462706 0.92894137 -2.0623622
motions 3.5532415 0.82588744 6.9119782 4.735473 -0.3888001 -4.491106 5.863787 1.4165136 1.234641 2.5373328 -1.7918282 1.7349645 -2.075251 1.1791918 -0.8600992 3.696075 3.5429928 3.0987108 4.268671 0.89580905
questionable -0.44929168 -0.652791 2.716182 -1.0218855 -1.429255 -0.6902443 2.1567023 -0.8834318 4.878036 -0.0662218 -2.1012027 0.22820236 -4.8800616 0.9713886 -3.0394309 8.422412 -2.0042424 0.3763803 1.1266816 -2.6660185
reversal 0.41196838 -1.0312376 5.9079065 2.4125125 -0.93823117 -1.6572357 -0.13114913 0.40423298 1.8436235 1.3944889 -1.5190252 -0.94568175 -3.131765 1.4555795 -4.7909036 3.704969 1.8054546 0.024104338 4.0755367 -1.211051
merits -0.76992404 0.041509405 3.6282337 1.8102603 -1.6182767 1.554813 1.4238997 3.6528852 6.4753633 1.0770727 -1.4719776 3.055963 -3.5578935 3.0180423 -0.30553362 6.992433 2.7703702 2.7841213 -0.28132427 -0.5072553
credible -0.24674147 -1.9103175 2.6402926 0.16992956 -0.4729413 -2.668064 2.9473612 2.3247423 4.205439 1.1448007 -0.9440997 1.131002 -5.89592 -0.60416615 -4.761937 6.713001 -0.069180995 0.15272734 1.4999464 -0.59127
flaws 0.6853431 2.3131554 7.209318 -0.41585487 -3.9447582 -0.9201031 6.998416 3.6118565 3.7437959 1.2845038 -1.3897318 1.7714882 -3.9912403 0.8863277 -3.2055068 6.424082 -0.80478925 -2.4104586 6.063548 -3.8517025
assertion -0.86200184 -0.9386461 5.975543 3.7801075 -0.13740182 -1.2833679 4.1324 2.8388767 4.7082014 1.418181 -0.11723723 3.2371876 -4.634864 2.2834947 -5.1309905 5.5231094 -1.6715635 1.6860057 -2.0555356 -1.7240498
timely -0.05286932 -0.39158377 1.8150167 -0.98247635 -3.0374134 -0.75404 4.3552976 1.345038 1.2917496 -1.1364329 -1.4949905 0.92529607 -4.543156 1.9918648 -3.9862242 6.9845266 1.2957823 -1.0457995 3.8102982 2.4231198
disposition -1.6953384 1.0473666 2.1479206 1.9618961 0.071839355 0.9140132 3.1482277 -0.8694074 3.0110805 2.4176145 2.1502287 1.1464684 -2.5463843 4.2204857 -3.0923867 5.5681486 1.3390601 0.7862769 1.8430364 -0.62904215
inaccurate -1.4739114 -2.3942502 4.258297 0.67434716 -2.0111413 -2.9539037 5.4553742 -1.2481313 6.510914 0.53772116 -2.959756 2.3801677 -3.5956023 1.4199255 -7.2475057 3.6853006 -2.471564 -1.4990064 3.0057957 -3.73144
improper -1.880336 1.3835433 4.4330926 0.592278 -1.8046492 -2.4101074 4.95642 -2.5589943 0.92897004 1.5608968 -3.0197225 -0.718028 -6.781949 2.9151452 -0.45424992 7.894089 -1.796293 1.0256501 1.9666643 1.4345171
superiors -1.9241443 -2.6152463 2.7021687 3.723224 2.977654 -0.036818 6.408965 2.5271993 1.705092 -1.4944112 2.4677746 -2.4713168 -6.146164 5.0896072 -0.5547181 5.938537 1.0731125 -0.86358476 0.2666228 2.9773629
secrecy 0.9579198 0.95162404 1.76924 1.6944331 -1.4926825 -0.7113421 5.758925 2.2771313 1.5557113 1.2717664 0.9199334 0.4674051 -5.981492 5.0548434 -3.6412797 5.1668177 -0.5726283 1.4771423 0.89501804 3.0240667
revelations -0.260894 2.610985 3.8460405 1.4234906 -2.5506089 -1.9045017 6.1184554 6.03129 5.145427 -1.6471189 -0.4213656 -1.8096015 -4.6030607 0.46245772 -4.086027 1.4149346 -0.50385535 0.536528 -2.7334769 -0.43461186
favorably -1.2105627 1.086881 4.6057677 1.0517466 -0.2134925 -3.2024376 1.371061 4.6044493 6.2098284 -2.189112 1.8775635 6.2220926 -3.536434 -2.8278058 -3.6188986 1.5854737 -0.48581967 -0.27134147 1.5506588 -1.9637742
factual -0.34358862 -1.0649799 2.6483023 1.0325782 -5.0647373 -0.60455513 5.6982985 2.0678647 5.655963 -0.64187473 -4.8130007 4.6919494 -4.9165726 -0.22836678 -5.2556634 5.01031 -0.57281584 -1.5617555 -0.18607217 -2.7594402
remark -3.8492174 -0.24854168 5.274373 1.7153859 1.5822904 -2.4933586 4.448858 5.600378 3.4660609 -2.1047957 1.5209018 1.6172991 -3.9396374 1.4900571 -3.9809012 2.3887894 0.6018898 1.9339529 0.19072656 -4.036724
flawed -1.40395 -1.9513403 6.031414 0.18845756 -2.111362 -0.2845913 3.5567 1.5605947 4.3179607 0.68311185 -3.000592 0.4271859 -3.3716478 0.14973354 -6.5001345 8.388215 -1.9605798 -0.6667611 2.8451614 -2.769813
biased -1.010039 -3.7545528 4.7974057 2.8973808 0.11502811 -1.5393339 1.7983152 0.040612552 3.8354437 0.7231586 -5.162911 0.78286517 -6.3687625 -2.636618 -5.998443 6.066724 -2.5554004 1.9397873 3.4018478 -2.3873315
judgments -1.1862905 1.3151672 5.6199865 3.7648797 -1.8777156 -0.29893363 4.7234387 1.2961613 6.5962825 3.6579163 -2.8201363 5.086043 -8.158967 3.0326712 -0.3034702 6.8847017 1.5953593 3.533092 -0.72399 -2.3250747
contentious 1.9464406 -0.7886984 1.307711 3.7153435 -1.3979136 -1.4903327 -2.2905514 0.9063153 4.881069 -0.7251964 -2.3641765 -2.185801 -4.7296424 0.7427194 -5.1452622 6.4777417 -3.4762926 0.91242886 0.39293635 -3.380454
constructive 2.3458214 -0.788549 5.5819254 2.5775523 -2.1183004 2.9173706 -0.24353147 2.6834471 1.3206877 0.35373512 -1.4097189 2.0934494 -5.6126604 1.7504288 -3.1272936 7.248223 0.5934009 1.062109 2.1987221 1.2069293
rationale 1.7128104 -0.1105638 4.5111113 2.8078728 -1.6913135 -0.93017566 2.9364738 1.793144 1.940289 1.722703 -1.2259368 3.4624248 -5.3068314 1.8087571 -2.5080228 5.6204553 -0.61717874 0.90837306 1.3458033 1.4753268
irrelevant 0.6782434 -2.7814777 4.5067225 0.32298473 -0.31845573 -0.8401934 1.7166001 -0.25174746 3.5968804 -0.45919836 -2.1394947 1.9953171 -5.1027102 1.4637831 -5.183954 7.3300867 -0.7264142 2.4461381 2.5298617 -2.506478
fairness -1.5158312 0.24677227 2.787229 3.1591022 -1.7106347 0.0029732287 0.27889818 2.875905 2.1040719 2.2958436 -3.7196395 4.41734 -7.962308 -0.85762113 -1.6013638 11.352336 0.707313 3.8542268 1.1250626 0.010941078
misuse -3.4562576 1.056953 2.1820397 -0.8448904 -3.3656547 -2.0824106 3.9106698 -1.4970231 1.5368968 3.0552244 -4.9184504 0.37637922 -7.6394763 1.2384499 -2.75244 7.093193 -5.777533 2.6514814 0.053509418 2.751381
contradiction 1.6962402 -2.1908593 8.684603 2.805829 -0.06286802 2.1277328 2.4572551 2.4316132 3.1045697 1.5260972 0.04659177 2.948866 -3.718091 2.2389433 -6.2950115 5.138825 1.3378211 3.2283988 -0.91316104 -1.5742961
skepticism 0.042349253 0.65357214 6.46434 4.0965343 -0.313478 1.9741074 1.7408171 4.4616466 5.026049 -0.8663916 1.6083368 2.3437111 -5.0596914 -2.5077324 -5.583595 5.2064734 -1.3461186 -0.9730179 0.37405556 0.68362534
implication 0.4144145 -1.737547 5.630373 0.9403846 0.13967934 0.8393357 3.5574563 -0.4868256 1.9536116 0.83092326 -1.2271047 1.7058727 -4.165169 1.6834977 -4.2015605 5.0284276 -0.038635153 3.2730331 -0.21704775 -1.8250012
shortcomings 0.0078667775 -0.13140233 4.8940973 1.3140597 -2.5033944 0.75949365 3.8459802 3.3204515 3.958336 1.164725 -1.1018139 1.165536 -4.7812247 2.026623 -2.390129 5.0262017 -1.0565013 -3.0396647 6.141628 -1.2468253
affirmative 1.2038237 -2.8842654 4.3114533 5.5405793 0.82793206 -3.5872583 2.4402516 2.423596 2.7903013 1.552435 -4.9750357 0.49947944 -8.322685 -2.7736564 -1.995619 9.097693 0.6257974 4.1220036 0.72977316 1.8580807
grievances -0.09232765 0.7192241 -0.104218185 5.3438096 0.0995703 -0.74697244 3.8818965 3.8360367 3.1867137 0.5485671 0.27122155 -0.28293023 -10.363552 4.174355 -2.82976 2.9419644 -3.5396771 1.9542884 0.73269874 -0.5697476
disregard -2.406869 -0.12018244 1.8513781 1.6643968 -0.88763094 1.3840728 3.9338279 1.5327626 3.9350607 1.9319706 -2.4851165 -1.3968577 -5.1384573 1.7716514 -4.677037 9.093991 0.2292045 4.0014057 1.5018169 -0.43776682
circumstance -0.7550814 1.2458556 3.9098816 1.2539098 0.23681226 1.4497625 4.0169706 0.91541207 3.490044 1.4079354 1.8805333 0.33969215 -5.2486844 3.4676487 -2.8516335 3.359999 3.1042566 1.8801835 0.98761445 -2.30384
obscene -1.4703448 1.2738872 1.7900789 -1.4658812 -2.1181524 -3.157295 8.389811 2.3750503 5.25936 -3.0142267 -3.7426736 2.981468 -4.5906963 0.95977914 -3.5206943 2.6889303 -5.242551 6.4476533 -0.9696738 -1.4265404
appraisal -2.0629828 1.9251893 3.2270744 1.4927535 -5.249302 1.5718896 0.25357908 1.3033556 3.2960167 0.43836027 -3.2377563 4.520854 -3.4828787 0.7951095 -1.1240877 4.6149497 1.0345279 -2.266259 0.60712117 0.31694663
erroneous 0.089008644 -2.0583282 6.0510783 1.79956 -1.5367426 -2.4856815 4.3892474 -1.8567541 5.496045 1.0915469 -1.8295697 2.484942 -3.1736174 2.630872 -6.3066974 3.2351182 -0.8956454 -0.2112377 -1.3110597 -2.113795
unjust -2.2924109 1.3192192 3.461826 1.7345183 0.23308235 0.9929421 3.1149597 1.0522356 5.285109 3.1032863 0.56560624 -1.4249977 -7.1478243 3.2557878 -4.663276 7.948163 -2.0967515 4.9103327 -1.6549642 0.23803948
implicitly 2.642032 -2.952277 6.7452116 2.4230514 0.79288787 -0.08919767 3.4934335 1.3969094 1.5433105 0.65746367 -0.20262878 5.4052873 -5.714209 2.7370956 -2.1252086 5.34214 0.22954221 2.9380565 -1.7780368 -0.90910894
censors -1.8199735 1.365804 0.4070932 0.46567988 -2.9291706 -3.9115806 6.389152 7.0887094 4.7083244 -1.901531 -2.2548525 0.2079829 -5.1744323 4.4254756 -1.5728127 0.29901513 -2.2820778 2.8660877 1.6633561 2.6093674
discrepancy 0.967161 -0.27725232 5.331868 1.5488622 -1.1505226 -1.6074715 1.838603 -3.0518854 5.1466475 0.84261143 -0.43844438 2.6043313 -5.1297946 0.7410213 -4.495595 2.2706032 2.5570621 -1.1655425 0.46432358 -2.6078277
flaw 0.35943043 0.67100054 7.06279 -1.8198836 -2.8474512 -1.9126761 5.3144994 2.4031188 0.8641991 2.758311 -0.0028445423 1.4013983 -2.1461427 1.5199648 -4.432189 5.378522 -0.34518987 -2.4117813 4.562898 -2.2048166
urgency -0.161083 1.7728583 4.5301466 2.6549518 -0.99726206 0.5283383 2.0446517 3.361663 2.4946558 -0.13481522 1.598938 0.9478115 -4.312629 0.54336727 -6.6852536 3.8154895 2.172773 1.1893008 4.645402 2.2925892
assertions -0.44877455 -0.6448909 6.322296 3.1419222 -1.3105787 -1.6947055 5.7627153 3.098829 5.9042296 1.1373215 -1.1672347 2.995917 -5.7636786 1.8067253 -3.8597064 4.1399207 -2.814743 -0.32082435 -1.2540467 -2.1163554
coercion -0.33389395 -0.9107447 4.107763 1.8664585 1.3377836 0.755571 5.6279616 0.06879705 2.9765756 3.7473001 -0.50920457 -0.9342712 -8.741965 1.9769499 -2.7106473 6.726839 -4.123227 3.9401524 0.6380078 2.0883784
unreasonable -2.9214787 0.060897544 4.1815424 0.73378396 -0.8720955 -3.1236434 4.0578017 -1.8124219 1.5005752 1.8179055 -1.200105 0.93372166 -8.147808 3.7655594 -5.0613046 7.721543 -0.46021956 2.4426298 -0.03445706 0.3994596
inconsistencies 2.0069041 0.5913471 6.05867 2.0495985 -3.494623 -0.932096 6.8249846 0.40421134 5.3968062 0.042933404 -2.5681763 1.2424283 -4.560133 1.5065547 -4.1151133 4.184334 -1.0318238 -2.1094677 0.91222733 -4.7343655
acknowledgement -1.0500382 0.2599776 1.7988194 0.72367543 -2.0856934 0.81782776 1.2213092 2.7494185 3.7515516 -0.04716978 -1.311382 2.9903424 -3.6454885 2.5123672 -1.8735548 3.9557085 1.9855633 2.5744627 -0.6816093 1.1409385
discrepancies 1.6549098 0.11368187 4.884875 1.8278066 -2.6467009 -1.6672769 4.2073345 -1.6726584 6.323156 0.8028712 -2.0376813 1.565378 -5.479318 1.7888275 -2.9181523 2.3760428 0.020251574 -2.3044777 0.5277573 -2.8741047
deliberation 0.8796811 -0.81093353 3.1254408 2.277195 -1.2257978 -2.9859564 0.753244 1.708542 2.264165 -2.7745812 -3.4019861 -1.7056504 -5.9033327 3.0708847 -0.5887139 3.5123136 4.5313115 2.7556362 -0.22770981 1.0782701
anonymity 1.9079481 0.5308004 3.5560958 -0.8183955 -0.88231355 0.63718086 5.393578 1.5755843 0.10289251 -1.5275322 0.20972244 2.6027944 -7.723973 0.31096864 -2.0334141 4.7684865 -0.25538978 1.6291142 0.1226657 0.98261505
impartial -1.226406 -1.9855419 1.1760796 3.2561133 -1.0831699 0.118085966 2.846734 3.2431853 2.5623066 0.52527636 -3.7494771 2.1285558 -6.679047 1.8055559 -1.6940303 9.5265465 0.51524526 3.3537164 -0.04798405 0.8486099
deceptive -2.0159593 -0.47252503 1.817154 -1.994886 -0.7481452 -0.9212036 5.013692 0.8654667 1.7454358 0.46526596 -1.4362295 3.4013505 -4.4064565 -1.3312548 -3.6501038 8.008136 -4.3028016 1.6615852 3.2564735 -1.5035659
unfairly -2.3774893 1.2471526 2.071305 0.96759254 2.525286 -2.7576933 3.457038 2.673414 3.5833461 0.0887789 2.9017854 1.1043681 -10.55223 0.14052635 -0.77501255 5.258728 -2.9085133 0.6907884 1.5190508 -1.6899736
presumption -2.0550132 1.3657533 5.8578196 1.78234 -0.6947644 -0.7937571 3.1803594 -0.5589456 3.7726495 3.311721 0.42132998 3.3424585 -7.074486 4.1428447 -3.0265522 7.3322268 0.15129447 3.686576 -3.2388492 -1.1690472
moderation -1.4705287 0.44401532 3.7889643 2.9125738 0.27066952 2.9974089 0.6686725 3.2369862 2.7661364 1.1018236 0.21336755 2.4426084 -4.7878923 0.9976241 -3.5609202 3.7351205 -0.16116633 4.6690993 2.0148265 1.7753927
undue -3.5480063 0.2627358 4.2873898 2.228427 0.48089406 1.0136533 0.4755618 -0.366706 2.3596876 3.0403788 -0.14603381 -0.86778426 -8.165967 3.4830294 -4.2674804 8.402802 -1.1964011 3.1115832 2.9412506 -0.08212509
clarification -0.01590911 -0.84051996 5.173193 1.7931987 -1.8564746 -2.5655243 1.9332925 1.206444 2.19026 0.15140174 -2.2527683 3.510463 -5.273499 3.1941953 -1.9281462 4.0396967 -0.078556344 2.4082386 -1.1732848 3.1572485
detractors -0.34618315 0.02855647 3.7020268 1.6863536 0.70145756 0.10717018 2.5010645 5.5880003 4.5316954 -1.3962294 0.69878834 0.12742925 -4.947694 0.24745907 -3.5193243 4.098813 -3.9149835 2.3515663 1.5006249 -3.588065
untrue -3.0445006 -0.9445626 3.7920086 -0.85511893 -0.39232382 -2.7606173 4.1830845 1.9564658 4.017118 -2.1900318 0.26496404 -0.33805695 -4.984132 2.50243 -6.1023192 2.6369858 -2.9917607 0.57628644 -1.3025949 -2.7051232
inconsistency 1.2971871 0.13050139 6.17606 2.2884617 -0.6298645 -1.525339 1.0354164 1.6871387 4.8846707 1.757549 -0.18858694 0.61237043 -4.0048466 0.040472787 -3.7637851 5.563287 2.62607 -0.14070089 2.384255 -3.9711373
skeptics 0.22513989 0.91588837 1.2212327 2.9922361 -1.0343666 -0.9445791 3.022084 4.5500674 5.342168 -2.264198 -0.63872004 3.4460359 -1.9460953 -3.7571099 -2.807124 5.3682556 -1.7052307 1.3609141 -1.6492914 0.83976924
impossibility 1.3192126 -1.1084682 6.489016 1.0105097 -0.7759894 1.0736082 2.2311196 1.2760055 2.2616987 1.7054884 1.4796264 1.3936392 -3.616019 3.181311 -4.609702 5.5607843 2.8242428 -0.08963619 0.44054437 0.19804636
compromises 2.349744 0.5143247 3.391179 0.28370693 -0.89959073 0.9767575 1.0546541 2.1635911 1.4723129 0.43508488 0.51241344 0.46516526 -5.1684036 2.9974003 -2.1242833 4.6105804 -1.1804949 1.8822085 4.499933 -0.19537564
conclusively 1.190619 -0.46872932 6.669636 1.1227629 0.61007404 -1.488857 4.345002 -3.4093153 5.8740993 1.7156358 4.0076013 1.8043087 -2.82985 2.5834649 -3.6281095 4.198254 0.65425336 -3.4307115 -2.2611313 -0.22235867
unfounded -2.0767014 -0.27164957 4.1572742 -0.18125272 -1.5201236 -1.6771164 2.5441556 1.2199007 4.48483 0.649163 -0.5869827 -2.5313358 -5.3553953 1.905443 -6.2792068 3.9622405 -4.4450073 -0.55352134 -1.0836923 -1.6213188
recourse -1.4104595 0.40352044 2.7341046 0.46923047 -0.95047504 0.34618565 2.17504 -0.2038754 1.9750224 1.132854 -0.7791489 0.06267128 -5.6075225 5.0589914 -2.5659966 5.9996033 -0.73762923 4.206563 -0.090013705 1.6831778
inaccuracies -0.3501702 1.9521906 4.9032607 2.3072338 -4.571342 -1.5483719 7.4728127 2.6133049 7.31179 1.118136 -2.2913475 2.869179 -3.9956124 0.92783517 -4.7753754 1.7843748 -2.3375885 -2.732111 0.38958547 -5.4351463
ramifications 1.1199148 1.6787146 2.8418367 2.0168326 -1.9954448 2.0488856 1.3677605 1.710093 3.5492444 1.4201878 -0.5191583 -1.0739523 -5.300624 -1.0839828 -4.6893077 4.9951935 -1.4334656 0.017255563 1.3413701 0.019462047
circumstantial -2.4472203 -0.19272706 5.4863453 2.00009 -2.2056124 -0.23991665 7.3622255 -2.4007144 3.9276938 1.4065919 -1.55085 0.13065754 -3.3556018 3.0193877 -5.2951217 4.4838743 -2.2941878 -1.6851499 -2.9594426 -4.4211864
acknowledgment -0.6251879 0.29826197 1.8670952 0.9522137 -1.8307515 0.6242774 1.1828943 2.4542985 3.2305303 0.00015510866 -1.7651088 2.1410346 -3.2368083 1.6032685 -1.804283 4.164467 1.9463127 3.308975 -1.248366 1.275378
decency -2.2806828 1.1430372 -1.0139487 3.3284233 -0.747606 0.052962083 4.873744 4.0546975 2.204219 0.9766395 -1.8573499 2.6093266 -3.778966 -0.6141133 -3.4837115 7.980254 0.07509708 5.6548347 -0.77860975 1.408655
veracity -1.7673398 -1.3431317 5.130295 0.43322173 -2.3785477 -0.7042372 5.831425 1.7430923 5.8146496 -0.20345122 -1.3821746 1.1035242 -4.023648 1.751195 -6.1134114 5.108707 -0.26324916 -0.64078355 -4.3949766 -2.0490856
objectively 0.06204364 -1.2749783 5.8690658 0.74690604 -1.0972989 1.6168181 4.1473327 -0.86405015 4.7289953 0.9623573 -1.6788535 3.6092546 -5.475935 0.6066334 -3.2130089 6.5986986 2.6445003 1.5417143 1.4447092 0.093525186
impediment -0.8159009 0.9847782 3.1489866 3.6275482 0.26969635 1.5334384 0.7522297 0.5804768 1.7529551 0.3507069 0.60042214 -0.97201234 -4.5352926 1.3127574 -3.9417787 4.965168 0.9634413 1.4923971 3.2802043 0.14811818
credence -1.0494932 0.45727924 4.241966 1.3410938 -0.95772755 0.5474346 2.5116303 2.5047917 3.7946315 0.17278971 2.3220093 5.1600723 -3.8788679 3.2864006 -4.172236 2.7874978 1.0040609 1.0956722 -3.06041 -1.250522
judgements -1.2619678 0.5093397 4.6597624 3.2722728 -1.2373008 0.26737195 3.949319 1.7373887 6.296405 1.7857013 -1.8292888 4.046528 -6.1547346 3.7016025 -0.61572355 4.720041 1.679528 2.8448527 0.07336306 -1.9911858
insufficiently -0.29645765 0.22934203 3.45523 3.0583808 1.5095128 0.42238125 3.414896 0.31913415 3.9716978 1.227254 2.7961464 2.7224987 -4.2034836 2.5304763 -1.128592 3.9207494 -2.3304093 -0.83268774 4.115141 -0.06263059
apologies -2.7569215 1.3596474 2.725387 -0.31600103 -0.62606245 -3.2889416 3.788525 5.841948 2.6704147 -3.3010197 0.29028538 -0.04951185 -6.6324954 2.124487 -2.57837 0.34588224 0.96586627 3.1656084 -0.9218977 1.1045153
materially 0.2874563 1.2761182 3.3416753 1.827069 -0.4322496 1.5985824 1.2633848 -0.40612608 3.3831258 1.863467 2.7709908 0.83575773 -5.932843 3.8442934 -2.2910416 5.411689 -1.0486053 -1.5433987 2.396759 0.08867781
rebuttal -2.2605612 -1.0775222 5.762105 3.7072856 -1.9360552 -3.9090397 3.3453348 5.299686 4.483744 -1.5295204 -1.9629558 1.9493142 -3.2393835 0.4666914 -4.460163 3.897856 -0.8114407 -1.3858718 -2.4664297 0.13073958
unqualified -3.217364 -1.8600308 0.8118841 1.2304798 1.0250154 -1.5004284 0.8194582 0.15840362 3.772945 -1.8687994 -1.5113565 1.1788026 -4.974064 1.7321036 -0.61049414 6.4686065 0.43034258 1.9874077 1.2929779 0.5253671
tacit -0.26737523 -3.344454 2.942386 0.8686292 -0.2841601 0.3141847 0.41158336 2.6920037 1.7974467 1.4551891 -0.80305713 1.751043 -5.015154 4.335908 -3.9139671 4.6838403 -2.0557783 3.089451 -0.9769382 2.8105817
unnecessarily -1.301719 0.6282853 3.6719449 1.2243801 0.13019596 -0.39033145 5.119517 0.72212803 1.4677317 0.39934084 0.53131807 -0.15480885 -5.692192 2.1832955 -4.11596 4.460192 -0.923519 0.6875485 4.970272 -2.0024898
failings -1.6132013 1.2540108 2.6786664 2.2965195 -2.2057333 1.7880896 3.4728127 3.6228766 3.8212442 0.5691812 -1.0284308 -0.68028665 -5.9101543 1.4759455 -3.4448373 5.2053814 -1.6861672 -1.0486804 2.3366697 -1.6407444
inaction -1.5900232 -0.9355555 1.9351487 3.8310826 0.5125381 -1.1254925 2.4377728 2.7169282 2.2680678 2.0640225 0.17463063 -3.8478205 -7.2352414 1.4460936 -5.8264422 4.154767 -1.7950678 -0.18943761 0.85164243 0.682159
concealment 0.61980134 0.60953844 0.977456 0.2509736 -1.1340022 0.7697462 8.287632 -1.8786509 0.68970275 2.3130338 -0.059895355 -0.18376671 -2.0142822 2.4919157 -3.486707 4.9332848 -0.18222554 1.0315741 2.0651476 0.08632895
immorality -2.0287118 2.095085 2.884011 2.481709 0.09165164 3.2919004 5.027402 3.2113395 4.449558 1.3489481 0.010934171 -2.5076232 -5.9296136 0.95345044 -3.8149595 3.3859646 -2.5463223 4.5618577 -2.9467757 -1.5829747
unproven -0.643284 0.07039632 4.2029476 -1.2401083 -1.37657 -0.17951246 1.6902015 -2.6349647 4.439266 -0.12947203 -0.48190123 0.3366356 -2.291261 0.8084006 -2.535039 5.43872 -3.9299796 -1.4004815 0.529868 -1.0777618
impartiality -2.9346936 -0.86924565 1.3415846 4.590235 -1.5002588 0.4991032 2.078359 4.6044188 4.3994 3.2206547 -3.0180678 1.3275157 -6.133415 2.142156 -2.9281645 8.340112 0.9582422 2.3579965 0.78869927 0.5833171
unsubstantiated -2.1470258 0.47081554 2.5921485 -0.5114528 -1.9456605 -2.133155 4.2241406 -0.16419376 5.40166 0.71789384 -0.47980908 0.5201144 -5.3813066 0.28935826 -5.538246 2.281201 -5.3421974 -1.0080329 -2.3959947 -2.3337495
hearsay -1.4828981 -0.54006773 3.9693227 1.0275546 -0.6864467 -3.4647233 4.441246 1.171471 4.7158504 -0.13546816 -1.1294719 3.036023 -4.859727 2.1610901 -2.8125055 1.3355625 -1.6613276 1.923532 -2.51608 -2.8007548
misinformation 0.21562387 0.6219705 2.806599 1.4971542 -1.102061 -1.4911962 7.2643003 1.8008915 3.307113 0.3083488 0.17473729 0.4824727 -7.075089 -1.3669538 -6.696689 1.9975394 -3.941486 -0.5396478 1.2919626 1.9870069
omissions 0.6741845 0.62686646 6.125872 1.1752435 -3.4371371 -2.4586468 4.804564 1.4038109 6.0642953 0.97734946 -4.077196 1.2529818 -3.5211332 2.6773772 -1.7105895 2.512503 -2.6314476 0.76671255 0.2632734 -5.2463303
disclaimer 1.0377644 1.7222307 2.9825528 0.5158871 -3.604317 -6.363242 5.3231597 3.851543 2.7257154 -2.701532 -1.942954 5.749374 -5.1850224 1.6373914 -3.3750806 1.1885136 0.47267777 2.2224262 -0.99347275 -0.3103464
loopholes 1.8616021 2.1794584 0.91081345 1.6370342 -1.9138451 -2.026855 4.4348674 -0.15717727 -0.9763875 2.5487452 -0.6683587 0.02026748 -5.5931096 5.0016513 -1.1259513 4.5465884 -2.8055317 1.5995136 3.5255582 -2.959649
positives -0.9693513 2.6242101 6.5337753 -3.5840335 -3.337245 -3.6357577 5.1938887 -1.1411462 4.0327134 2.4992156 -2.3355172 1.7081349 -4.374257 -0.31087035 -2.6069818 3.051041 0.4907242 0.77130204 2.2547736 -2.996253
nepotism -2.657136 -0.9771774 3.368829 1.3181046 0.78000903 1.5354036 0.5642199 3.8318262 3.5243044 2.4744697 -0.469499 -2.550527 -8.579828 1.9777955 -0.50783896 4.0826974 -3.5398996 0.8805154 -0.17707649 -2.0612288
criminality 0.07022937 0.5370121 2.5827296 1.6260852 0.4197557 2.0707974 4.040734 0.5348775 3.7996707 2.393958 -0.2612622 -2.4702544 -7.054895 -1.9729986 -2.7059343 4.373786 -2.8382833 0.41227412 0.39290744 -0.85067016
unequivocally 0.6844732 -1.0938739 4.1488037 2.1457908 1.4124469 -1.3203952 2.1466446 0.6450857 4.2726035 0.22434843 1.216146 2.5230787 -3.236876 0.6220078 -3.654506 2.8124125 -1.2862657 2.9643528 -2.008621 0.74081546
inappropriately -2.1713212 1.2705956 3.5780647 1.339841 2.013326 -1.8927342 6.636552 0.63526106 0.66186464 -1.8226713 0.8101027 0.9655043 -6.891452 -0.32264057 0.19992705 2.8555787 -0.35604322 1.5914261 2.2985208 0.08379084
unjustified -2.328004 -0.35874328 3.6098583 0.83747965 -0.5132529 -1.6914213 3.3497584 0.2994064 3.3112483 2.7551076 -1.2089211 -1.3120239 -6.25525 2.1827807 -4.3845325 5.687926 -2.7848408 1.7343806 -0.26088685 -0.22335383
unduly -2.1804824 1.3017044 3.4451652 3.1592426 0.70708954 0.24053709 2.381178 1.6985275 3.5326004 0.98798096 1.6376349 0.8552218 -6.5359507 2.96376 -3.2947268 5.130781 -1.8379574 1.2571694 3.690131 -0.8838433
determinations 1.3034399 1.0454745 4.489182 2.2451823 -2.9298348 -2.6156957 1.6494606 -2.4281368 4.936553 4.3801527 -2.4438224 3.9907577 -3.979616 2.0800667 -0.6491019 4.3274417 1.7674416 0.6317067 -0.12829053 1.6649424
justifiable -1.9010733 -1.273933 2.3233383 1.3912792 -0.01522304 -1.026786 3.3196874 -1.401613 2.8401773 2.4561174 -1.6054851 -0.9958943 -5.999941 1.646205 -4.2094593 7.4840264 -0.78080857 1.9662306 -0.7647492 -0.8463866
reevaluation 2.1637125 1.5496383 5.173963 2.3647141 -3.1069646 0.8668477 0.43956256 1.2354707 5.690628 0.4592555 -0.17019875 0.23428252 -1.6020052 0.5332362 -2.258242 3.1594985 -1.1923143 -2.704386 0.6746242 2.4427288
willful -2.557572 1.2244741 4.1144457 -0.38865003 -0.8382833 -0.25927228 5.8988366 -0.020268403 1.9555428 3.2145703 -1.2438766 -1.3752767 -4.667261 0.16947114 -2.9311454 5.6989822 -0.8956903 2.379847 -2.3084984 -1.1671859
unwarranted -1.4626664 -0.16027246 4.173088 1.7467347 -0.79603964 -1.1251174 3.843908 -0.21472755 1.9928894 1.7187452 -1.62677 -0.97732276 -5.5867267 1.0531952 -5.393697 5.8976507 -2.4519942 1.7363284 0.029497085 0.28797293
justifications 1.4577327 0.49507934 3.1303332 3.5756767 -2.0696356 0.28985503 5.3654203 1.9107002 4.8033876 2.4478137 -1.9131984 1.8328402 -5.7324414 2.5303264 -2.5901265 4.611743 -1.77897 2.109005 -0.2896309 0.9403461
inadequacy -0.6681677 0.68576556 3.5258222 2.5656435 -0.9607463 2.708472 2.4231105 0.04935208 1.8100541 0.41671842 -0.6520775 -1.2066202 -4.144046 0.10019691 -3.9163957 4.0765357 0.06992683 -0.6136542 2.6163435 -0.20799838
leniency -3.3781078 0.35062402 3.2149646 2.477715 1.4477255 -1.376881 3.9303823 1.5149 2.6673036 0.72641164 1.2544467 -1.7745537 -7.5270863 4.068641 -2.3140166 4.1010313 0.16613781 2.704121 -1.7566365 1.855923
frauds -0.60669863 2.5155802 1.1292218 -0.68834007 -2.7498693 -1.5068767 4.5628996 0.7183166 2.4231987 1.5681168 -0.20798717 0.5108623 -5.8646355 1.5369672 -1.9260892 3.6116512 -4.8689427 -1.1035821 -2.149029 -1.9758335
ethically -0.9792952 0.2747345 3.588582 -0.48832402 0.78472096 1.63198 3.1361725 -0.6872625 2.7308822 -0.46789008 0.64858437 3.4859688 -5.9525743 0.27182683 -1.2812557 6.7061024 -2.147386 2.8458154 1.8377607 0.7108803
denials -1.4735171 0.4635572 3.63535 1.1339512 -1.1150618 -3.5141249 3.6851418 3.1274462 4.5639915 0.15266263 -1.3231001 -2.4366724 -6.4315133 1.8251325 -3.1933613 2.3108194 -2.074357 0.7978503 -0.68644404 -0.09840873
adversarial 0.86079884 -2.5745475 3.6359513 2.3906608 0.23258784 1.7120514 1.8419243 0.94065225 0.7165805 0.50565517 -2.0686796 0.49944857 -4.2232585 -0.7384537 -2.0401423 8.412804 -2.6636717 0.8680509 1.3557335 -0.24694194
pronouncements -0.034108948 0.08258506 3.4911523 4.357326 -0.98436725 0.8593044 3.0212913 4.7108917 5.632208 0.3774403 -1.4808204 0.7064993 -3.9458556 2.4014192 -3.1895168 2.228808 -1.5929357 3.325175 -0.3967855 -0.86272514
technicality -0.7310194 1.4895321 3.5080252 0.46428758 0.20978613 -5.119015 1.2920858 2.9717717 2.1005163 0.9566946 1.7270317 -0.14482296 -4.2218266 2.3953176 -1.0213999 3.4064298 0.6998426 1.1849178 0.19226913 -0.41069794
appropriateness -0.4556125 0.13643675 3.2271376 2.7014327 -2.5445027 0.47747755 2.086473 0.4592335 3.3995922 -0.48354495 -4.1626163 3.068521 -3.3629901 -0.11568782 -1.266206 6.1835327 0.6531303 1.8806297 0.35740086 -0.08715489
falsehood -1.7547913 -0.13477977 5.180535 0.6142276 -0.10203646 0.21944948 5.751991 1.8919586 2.3962765 2.094549 0.7185731 1.7636465 -3.367964 1.621543 -5.875186 3.2218587 0.16771072 3.5950396 -3.4097843 -1.521976
vetting -0.62555933 -0.88380915 1.8367704 2.196191 -2.4039037 -2.6871784 1.6652019 1.1891912 2.0509644 0.17452219 -5.0710907 -0.5720607 -5.9466863 2.2875516 0.90930045 4.70989 -0.7846034 1.2035514 1.8135242 3.5138738
reassessment 1.215972 2.1215038 3.2830954 3.3262513 -3.7449644 0.3315443 -0.6699054 0.30706397 4.5885515 0.95156103 -0.7467187 0.60110945 -1.5958357 1.55233 -3.2241821 3.3881006 -0.34140566 -2.3348773 0.27746433 0.2667654
baseless -2.99481 -1.8553765 4.1052914 0.3806062 -0.45496997 -2.0921338 4.850387 2.2147112 2.9288352 1.8713546 -1.3327079 -0.92327964 -6.758593 0.86156785 -5.7996044 2.3588378 -4.5317497 0.895461 -2.703777 -0.40427628
torts -1.5208384 2.9017968 3.3930647 3.0647979 -2.3139093 -0.85437673 1.8149827 -2.1039557 4.5635314 3.226077 -2.2955441 2.7302415 -4.2458925 1.1978916 2.1195476 7.331769 -3.7978308 0.5572615 -2.0161526 0.17572023
repudiation -0.07922838 -0.3850537 4.4206557 2.499654 -0.7614956 0.052075062 -1.1306034 2.9640582 3.882826 1.7045302 -0.60804474 -1.4073131 -3.4292166 3.574993 -4.1645546 3.7483788 -2.5186236 3.730384 -2.2539816 0.5091513
inaccuracy -0.40644357 -0.39034742 4.1013193 1.2220796 -2.6095557 -0.8574955 4.235133 0.75294125 3.732694 2.1151388 -1.6063387 1.3220102 -2.3382664 1.2206658 -4.7146792 2.5487 0.02875193 -2.2122235 2.5468516 -2.9376125
erred -2.7579305 -0.28413504 4.321969 3.3551884 0.13115683 -2.9878082 2.2142096 0.18031573 1.5834773 1.8688488 -1.0037348 0.1986752 -3.5070822 3.3816233 -2.154866 5.522605 1.3150089 2.3334157 -1.872883 -0.7006917
prejudicial -2.942995 -0.22702092 1.8072364 1.8971795 -1.2824593 0.43964016 2.8899562 0.1913333 3.0741692 2.478349 -3.5226436 -0.94709593 -5.6740475 1.6456002 -2.8850434 7.782692 -1.6718063 3.8906176 -0.68677604 0.126326
impediments 1.9364529 2.4810574 2.4480011 2.5884411 -2.0594633 1.7129837 1.9853113 0.1433814 1.2211599 1.5677923 -0.74160075 -0.42567465 -5.9195013 2.1145873 -2.0119047 3.9373078 0.15355358 1.5154895 2.3871398 -0.12347302
willfully -1.9446924 0.6880601 2.9395905 0.17436391 1.0031705 -2.850034 5.720419 0.030583216 0.004985843 1.1578492 0.6654877 -0.2558024 -5.2654033 1.3960179 -2.3921134 4.598267 -2.2466989 2.7880535 -1.3845308 0.029019259
culpability -2.1731863 0.023012977 3.8176188 2.1497126 -0.21495977 -1.1969796 5.1064234 0.32630688 2.1587362 3.1225355 -0.7222369 -1.7444454 -5.794908 1.8741107 -2.7110083 4.977467 -0.10463399 0.5740265 -2.6027942 0.73501116
egregious -0.46402234 0.7603785 2.568116 1.1184489 -1.2660575 -1.7285272 4.1585846 0.5860195 3.5276933 2.0679708 -1.9790585 -0.6670403 -4.7203655 -0.55200726 -3.2560153 5.689636 -2.0681942 1.4640387 -1.2276844 -1.9675249
censoring 0.42229843 -1.7039692 1.918519 -0.2663412 -2.4704056 -1.6253235 4.1894593 2.6714973 2.1841445 -1.6219049 -4.3051596 0.6657013 -4.7819424 -0.2705666 -4.0379543 1.1278923 -3.3028946 1.9334207 0.3702494 1.3317776
exclusionary 2.1945703 -0.6150419 2.960661 4.1508737 0.28101867 -0.34743178 0.6360584 -0.6660807 2.2787328 3.0989797 -0.9853159 2.6798012 -4.774041 0.6148183 -2.495515 6.1141286 -2.909567 3.8635385 -0.26974928 0.20173007
actionable 0.58795244 -0.5387116 3.6910717 -0.51739377 -2.792788 -0.7032548 3.2190475 -1.4152092 0.53105366 1.8836887 -2.6125422 3.4472115 -5.824395 0.4424908 -2.390747 6.436837 -0.38692683 0.370748 -0.23133446 1.6115706
illegality -0.48020783 0.35020095 2.2027953 1.5637975 -0.71768147 -0.9438913 2.0994823 0.8188281 3.0859885 3.1032658 -0.38761312 -0.17469871 -6.0925636 2.051811 -2.9323277 3.8338027 -2.464971 2.0180707 -1.2075442 0.2638675
tacitly 0.13090056 -2.3700342 3.6112027 2.379908 2.0215445 -0.74873734 1.6095182 2.28294 2.496105 0.6439814 1.7996608 1.0992601 -5.315497 3.1856334 -2.3537462 3.3600547 -1.5576042 1.9026879 -0.7842237 1.2907046
truthfulness -2.7029972 -0.6279396 4.0066643 1.704509 -0.9547901 2.899114 2.3534758 2.3093097 2.809325 0.69723445 -1.7457817 1.5915053 -3.629491 0.5459005 -4.039846 4.7623005 1.8148137 3.3028543 -1.8176972 -1.1001048
appraisals -0.15383491 1.9704871 3.2658525 -0.09233954 -3.7923987 1.2113327 0.60706335 0.9004973 3.5730038 -0.01854447 -2.1721432 2.9459505 -4.4036536 0.055948347 -0.02742612 3.368563 0.09783081 -1.050672 0.6901874 -0.82453
expediency -1.7694236 -1.3010266 2.8386312 3.8233502 -0.09761183 2.8095453 0.80217963 3.0687268 2.545953 1.4499748 -0.54532814 1.0512371 -3.5814729 3.4205995 -2.2457442 4.792266 -0.68104315 2.2623029 0.221952 1.5637983
rejections -0.53668755 1.4954727 3.7559874 -1.0445777 -1.6951278 -1.4522066 1.8069978 1.1493826 4.9335027 -2.1319025 -1.1508874 -0.6160279 -3.5793898 0.880826 -0.022926386 1.9920157 -0.020846568 0.01594545 0.6978767 -1.5082012
framers 0.99463224 0.024450734 2.2305279 4.3363566 -0.3941445 -1.6776161 0.38625017 1.4330456 2.6449127 0.6981485 -0.0606566 4.0307546 -1.9577385 2.7225204 -2.6886535 5.305001 -2.9014144 3.951784 -1.8383143 -0.21419796
netizens 0.30442426 -1.650919 0.29486397 -2.1515365 0.034667514 -1.348486 3.9400606 5.040187 3.569578 -0.86243004 -0.56186986 1.4214802 -7.7425494 -2.4011686 -3.4454155 -1.179537 -1.5629112 2.6167343 0.9020748 1.2333616
inadequacies -0.6133589 0.63153315 2.3432596 2.084852 -2.3194625 1.7042072 2.216666 1.0294224 1.8008611 0.7828033 -1.160495 -0.034023136 -3.2356763 1.2320093 -2.6418931 3.5384078 -1.0959707 -2.0168087 3.2658384 -0.049212135
inequities 1.5821341 2.1971996 1.8573134 3.73622 -0.8697053 2.8687282 0.43548402 0.4932618 2.9247413 1.8336148 0.19447151 0.16661538 -7.0130568 -2.1122258 -2.6355338 4.52366 -1.0517153 0.24474446 1.1816204 -0.27759105
unfairness -1.2388978 0.5422131 3.5896342 1.449322 -0.21286856 -0.1348754 1.2695473 1.1525807 1.9223944 1.5197654 -0.84032905 -0.3773141 -6.329815 0.17184982 -2.6329281 5.619898 -0.6413681 1.714909 0.23419255 -1.4752983
evidentiary -1.0776739 1.1743482 4.8799443 3.2634892 -3.1200738 -2.720298 3.9557738 -1.1340582 1.9937774 2.4802263 -3.5906367 2.0415478 -4.077976 2.9934912 -1.4176455 4.73138 0.975626 1.8658724 -1.6235352 1.1279403
prosecutorial -1.65565 0.3058564 2.638986 3.1493952 -1.679168 -1.4489727 3.6227028 0.63449615 1.2683647 3.4837346 -3.4622943 -1.4532145 -4.991281 0.33704817 0.26647863 5.9836707 -1.1793735 0.20997424 -1.4278101 1.2189095
factually -1.7759029 -1.6013976 3.6763363 1.3728797 -0.9479335 -1.529539 3.9203863 1.0403625 4.2770486 1.1831619 -1.3897903 2.3133342 -4.109146 1.2321818 -4.990464 2.4916782 -1.3834869 0.6723319 -0.84840703 -2.4673853
unreasonably -2.7955852 1.7535146 2.4052463 0.8083353 -0.2100435 -1.694438 2.6308336 -0.8352009 0.05619445 1.0214236 0.65644485 1.4735833 -6.4106026 2.43503 -2.2573535 4.555446 -0.09919886 1.3514588 2.195269 -0.48382214
patently -1.5212966 -0.6277513 3.100293 1.3704524 0.014296775 -0.91492695 3.9058561 2.1281233 2.5575202 1.2595106 -0.53305113 0.9198045 -2.3667095 0.5721462 -4.6903663 3.5240736 -1.5538139 2.346121 0.8158407 -2.1652043
pleadings -0.737823 0.6055099 3.6229124 1.7666793 -1.2699876 -2.7462726 3.4455988 0.2418332 1.5238097 -0.045286424 -1.5168599 0.83413076 -3.1512754 3.8880706 -0.37164146 3.3161824 0.65999407 2.3938544 -2.4266837 -0.055399474
cronyism -1.3428524 -0.28385964 2.560396 1.6746514 -0.6866487 0.9634933 0.2739408 2.6212027 1.6375041 2.1462672 -0.63317895 -1.0714858 -7.3844857 1.1201109 -1.4841601 3.836331 -3.6741714 -0.688107 -0.40379626 -1.5867432
decisionmaker -0.88512444 -1.872608 3.30486 1.0224751 0.10677869 -0.29444712 1.5390424 0.8861822 1.1929219 1.874478 -1.0949407 2.019433 -5.775439 1.9299523 0.4029771 5.0853295 0.98484564 1.2663687 0.39337415 0.07568925
quackery -2.4704835 1.9022543 3.520202 0.68130565 -0.578522 1.227907 4.0204787 -0.03508119 4.4642053 0.077687636 -0.039417673 2.7614706 -2.395509 -1.8049636 -0.66739523 2.8419123 -3.6211712 0.74026656 -0.34332862 2.3165572