Centroid_122 1.1920422785541125 -0.501916008822511 3.6478418827272723 -0.4359798430168832 -0.49911462538744594 -0.10309830317316017 0.7197448917935066 -2.675800676194803 -1.2836980251125543 1.6020082523896098 -0.17340435799376613 0.980158470497835 -0.37688174920649337 -0.025513065852813842 -2.9583610721385285 2.4910922709307357 1.4653266104761902 0.31389380549350665 7.039424385281392 0.16751361544155846
target 4.186462 -2.1524773 0.88776386 -2.3292365 -0.14844167 -4.426092 4.8340344 -2.6241202 -1.2001569 2.082393 -0.649349 -0.85733646 -5.512075 -0.6067969 -2.53627 2.2212446 1.3364955 -1.506116 7.48857 1.914938
improved 1.450543 -0.22410491 0.29317382 -0.3721615 -3.6284323 -0.9427795 -4.7990856 -3.4886663 1.0744565 -0.28176004 -2.2008474 0.8942967 0.2433439 1.7860641 -1.6949736 6.4320083 2.1144161 -3.0542421 10.986481 0.89322627
strength 1.0429544 -0.2636093 2.654881 2.2823443 2.5933414 0.31921762 2.1521506 -0.30599296 3.5331614 6.208599 3.0731132 0.5370627 -1.9671701 1.4965847 -1.2326123 5.539766 4.945763 1.15766 10.443466 0.92195565
combination 1.8754755 -0.29994994 3.4137275 -1.4058952 -0.5049015 0.72990155 1.3797508 -2.1728697 1.0855495 1.5278655 -1.6773665 4.072115 0.53925365 -1.037107 0.6509007 1.9272112 -0.68705416 2.4517782 6.7190824 -1.5402327
fast 0.10947352 -1.1156766 0.34924272 -4.2610893 1.5348871 -1.7750424 1.167271 -1.4020853 -2.0513425 -2.12352 3.0530818 3.2746894 -1.7797593 -1.874187 -2.9756162 2.308465 4.317812 -0.9321468 11.760283 -0.9370049
capable 1.7973467 -2.9034994 1.9479897 -4.2339373 1.0125612 0.91813767 5.6401744 -4.4798093 -0.18221559 1.9972821 1.1084 1.3261843 -1.2309661 0.56249636 -1.0399746 4.7034135 2.1946566 -1.4808606 10.935566 1.7110692
constant 1.4678905 -2.1770706 6.9242086 0.43243363 0.7822012 1.1785644 -0.22044067 -3.6962202 0.5656661 1.117435 1.0861468 0.16109751 -2.1855676 1.5179046 -5.8503203 3.274308 4.1489553 0.06476438 5.6387253 -0.1468502
solid 2.8132029 3.5985315 4.3167925 -0.39780468 -0.9307806 -2.6089628 -1.2833534 -1.0834756 -1.886045 2.364602 1.1139599 3.884231 3.7780185 -1.3869715 -1.122373 4.1057463 0.6340924 4.0538177 7.5348153 -0.5149738
slow 0.9829442 0.14917587 4.356799 -2.1508765 1.0420959 -0.7740765 -0.62263787 -1.2255148 0.33364496 -1.3214775 3.3473487 -0.9729944 -1.4780864 -0.9713348 -6.779628 2.0001938 3.195172 -0.7862065 12.51483 -1.1660335
stable 3.8772929 -0.54513603 2.838611 -1.8933924 2.175479 -0.3770641 -2.9637606 -5.3552265 -0.90440667 0.8941537 4.0795207 1.8775419 -1.4418745 1.1418439 -0.6751992 4.01234 0.117013164 0.15085505 5.9960546 -1.0364782
gap 3.1615102 2.0621603 2.6755536 5.1867213 0.3124179 -2.2747173 -1.449999 -2.2202618 -3.2970262 0.88243425 2.6053119 1.1391643 -2.0882828 -0.5927856 -4.096427 1.1045382 2.971653 -2.2158225 6.4829383 -2.7700992
continuous 6.380987 -0.124312185 3.4306393 3.0999162 -2.3661907 -0.089542255 0.23478435 -4.4024916 -0.6155752 -0.10541188 -1.1861459 2.4720435 -0.49773905 1.6089962 -4.4559517 1.1794757 2.9904604 0.12952602 7.38829 0.14204487
conventional 2.6600611 -2.9532363 3.6333492 -0.9246742 -1.2752918 1.5830631 2.5722487 -2.4380498 -0.009554674 0.35385087 -1.1728579 4.6940784 1.1375711 2.8541417 -2.6378348 3.7114007 -0.90826786 0.17929506 10.986867 0.14831208
shift 4.2047377 -1.0621337 4.342099 3.2915363 -0.23017523 0.16964675 -0.64417005 1.1898874 0.105935566 -0.69728136 0.30980223 1.7493427 -3.5827374 -1.0438255 -6.0228257 1.7046642 1.6670176 -0.15445252 9.097895 0.47861195
weak 0.40662298 -3.476141 5.7024603 0.9099347 4.2066293 -0.4756315 0.83912927 -2.945409 1.8845683 3.1344256 1.7861512 -1.3668702 -3.0912457 -0.3992835 -5.780179 4.8956223 0.26232076 1.9408286 7.3919253 -1.7662419
controls 2.1607206 -2.4726741 1.2067373 -2.3445876 -1.6554313 -2.080071 2.6303957 -1.1706364 -4.642443 4.3290386 -4.3021193 2.2754695 -2.945843 -0.9120604 -0.2306548 5.8754225 -1.2904115 1.3749535 8.607635 1.8542914
faster 2.7245097 -2.3135903 3.840775 -5.247013 0.9501528 -3.2628226 -0.685529 -5.4570456 -1.4455369 -2.2344124 3.2528417 3.8758233 -2.693105 0.36409444 -4.127853 3.155161 5.555621 -2.457057 13.57419 -1.2740645
fairly 1.0236367 1.2415452 1.3035911 0.54178524 0.6442494 0.8931507 1.1409167 -3.516163 3.4843817 0.29024684 1.3341556 3.4588933 -2.3099084 -0.37992227 -3.8714893 1.4838384 0.43390042 1.6235355 8.499655 -6.1973915
stronger 2.5609968 -2.215608 3.4719615 -1.0008752 3.9165092 -0.2938134 -1.6175576 -1.3030959 1.6031829 0.41022718 3.4442995 1.104015 -2.9227846 -0.4698625 -4.507623 5.9786468 -0.041695908 3.4796336 9.003771 -1.5555228
enhanced 2.9894023 -1.2963568 1.6986189 -3.0406735 -4.273039 1.069377 0.31284636 -1.6731572 -0.6084052 1.735121 -4.6598105 1.4199646 1.1927799 -1.0239886 -2.9937434 4.8196464 -0.80061966 1.0644933 6.7396 2.7396083
minimal 3.0402448 0.66089725 4.1443725 -0.38800898 -2.056787 -0.05591059 0.09239391 -4.02456 0.58711654 0.33719173 -1.2693567 1.0307586 -2.8757484 0.47629845 -3.6754134 3.3379455 1.1488262 0.04510283 7.5361977 -0.32187483
generating 1.8642813 0.6490653 2.1764297 -1.9813281 -5.9294295 -0.5523604 -4.313733 -6.3090076 -4.4288588 0.6140443 -3.631435 2.8185294 -1.7074624 0.08428834 -4.8263917 1.0287025 -1.3131541 -2.550652 6.310043 1.9154485
coupled 0.49435967 -1.8480464 2.8368728 -1.1603448 -2.0561328 0.8423865 -2.681788 -3.212501 -0.24202414 1.2546602 -4.122222 -1.983076 1.1424154 0.24607322 -3.940167 3.3241775 -0.70304275 1.1476885 8.67136 -0.4832431
ease -0.076332375 0.49979937 2.4671829 0.36683872 -0.48005545 2.7875886 1.1052755 -1.9211745 -1.8960994 -0.6506859 0.92172796 1.2713131 -3.6361403 3.134316 -3.6989155 4.991951 2.4912333 1.1032876 7.870837 -0.2520075
deeper 2.9669116 1.7447989 3.2069068 0.06735836 1.4676375 3.3364546 2.6985366 -3.6982746 -1.2544472 -0.72039926 4.7799044 1.6540794 0.31280598 -2.5157611 -8.474598 3.7438927 3.359539 2.3682413 6.7037487 -0.8689297
detect 3.2866864 -3.071695 5.3988047 -4.427855 -0.98615026 -2.527656 8.595634 -9.609596 -1.2353718 0.45646736 -2.9990158 -0.58424467 -0.8284997 -2.37099 -6.4071493 6.8302965 1.1482649 0.654445 8.795337 6.1682215
flexible 2.8803499 -0.43104234 3.8073683 0.49393025 -0.6252233 1.7159673 2.281141 -3.439848 -3.2763398 -0.10260784 -2.5399976 5.315116 0.54038936 1.431528 1.564248 5.719577 -1.2982876 3.7008142 12.011428 0.87423813
switching 2.9320247 -3.5534444 1.9749887 -0.77502877 0.09306088 -2.9109533 -2.157346 -1.421191 -3.8504603 -2.6195302 -2.7829983 1.8131281 -0.5737911 -1.3200096 -0.16268757 2.6153448 0.2575807 0.22704838 9.260737 1.043245
timing 1.9403137 -1.0075829 5.752803 -1.902249 -2.2162566 -2.838953 2.2561436 0.058019295 0.77923447 0.9967528 -2.1598825 2.300277 -2.822556 -0.9335036 -4.237108 2.8874428 5.336288 -0.3171054 8.125265 -0.27765378
static 4.8128858 -1.7387968 4.4769163 -0.9893718 -2.282344 -0.63743305 5.0204473 -1.2552772 -2.4263618 0.9771566 -1.5382118 3.454065 1.7404478 0.5133254 -3.6461744 2.2132225 1.6249535 -0.05735995 8.645285 0.5676753
passive 2.9322228 -3.531752 5.0036106 0.8689729 1.674573 2.3332615 5.0160513 -2.4700975 -0.50496936 2.0330904 -1.6131194 2.1512544 -2.7386892 -0.8301113 -2.1773536 3.4869094 -1.6696694 2.6651576 8.672514 2.7148478
balanced 1.1006761 -0.8134821 3.4013112 1.1139851 -0.82905823 0.7065758 -1.4257077 -1.2173984 -0.4346029 1.280163 -3.7249436 2.84352 -1.771362 -0.39675307 -2.4120345 6.8087697 1.0029503 4.320467 8.186265 -2.5377214
rendering 1.3863807 -1.7704214 3.725963 -2.9155953 -2.8459258 1.0844665 4.360412 -0.580087 -0.5742407 1.2277464 -3.2361076 2.2447636 1.6336733 2.9571767 -3.7995946 3.1856923 -0.28714082 3.1048093 4.69161 -0.69610745
slower 2.2496715 -3.1715086 4.7883887 -4.1583786 1.2452811 -1.5447829 -2.199951 -4.40387 0.39965698 -1.5584002 1.8962044 1.3305306 -0.8433622 -0.3471829 -4.5874376 0.8279057 5.070963 -1.7120019 12.698497 -3.4894822
shifts 3.3495955 -0.39556164 3.8166192 1.4118307 -1.2321877 1.6090069 1.7713311 -1.8798691 0.30750927 -2.9678338 -2.1835442 -1.3274847 -2.2075303 -2.1868958 -4.9925976 0.38300902 2.6297498 -0.33086994 8.285998 -1.4131763
shifting 3.3406692 -1.334783 0.76899594 0.7161909 -1.2740856 2.4483376 -1.9836097 -2.031571 -1.126789 -0.27453938 -1.2614952 -0.4583969 -0.7225009 -1.2397751 -6.925662 3.503408 -0.49212137 0.9159057 7.7384295 -0.9259279
robust 0.9899153 -0.24013647 2.7844636 1.01019 0.14788458 2.2944145 1.7084734 -4.9851346 1.5158316 2.3398309 -0.8545656 4.158341 0.090169534 -1.7508975 -1.311963 6.325485 -1.5197841 0.4024088 8.08378 -2.6421947
accelerated 2.5743015 -0.43056485 2.841591 0.7321494 -2.4061553 0.10596626 -5.24138 -3.3673184 0.72561455 0.054426778 -0.0744529 -2.3732376 -0.6509104 -0.25680286 -5.480272 2.4745145 2.2478273 -3.4006152 7.2745347 3.9521344
offset 1.4133389 1.216659 2.7773685 -0.42187685 -3.4601774 -3.426154 -2.2689629 -4.2455335 -1.7621065 1.9168673 -2.782084 2.1149411 -2.0105674 2.383003 -3.4567885 3.2632291 0.6150586 0.8338561 8.339515 -0.8476364
rigid 1.983176 -1.6614733 4.6818614 3.2498684 1.4959008 2.6014616 2.673275 -2.9086268 -0.8012003 3.0205092 -0.86098766 2.59564 2.6972551 3.6077943 -0.09349771 5.8756742 -0.88519764 4.4179897 9.050581 -0.7561197
friction -0.98327655 1.598612 6.4765654 1.1351048 1.2657042 -0.32633266 0.3702101 -0.95226294 -1.7195301 4.6131873 2.3673325 -0.46478167 -1.0376258 1.4151337 -2.4655843 3.2695568 -0.95107704 0.8026274 10.171156 -0.2546149
drift 2.4701316 -0.14615175 2.982524 -0.30627304 0.6668804 -0.5856396 -0.5616978 -3.038353 -1.0039 2.51653 4.481084 1.0728571 1.9312598 -2.4685872 -7.016643 1.9372857 2.7251883 -2.844964 7.1999288 -0.19177215
indicator -0.29916453 -0.45657548 3.6118057 0.51247776 -2.061145 -1.0328846 1.9467765 -4.8957667 0.45924318 3.9607077 -3.8208146 5.768991 -1.8679733 -2.0897267 -3.1910298 2.730217 2.1283245 1.2362751 7.042239 0.2634339
spark 0.6392649 1.1406963 3.1695898 -3.1357846 -0.88089055 -2.7538807 1.7215599 2.9222054 -3.5080552 -0.07500737 2.2869394 0.94352305 0.636619 -0.9615999 -4.2253146 2.5509796 -0.2792539 0.40104166 6.148502 2.1093013
stationary 3.9665937 -1.1695863 3.148049 0.40931866 -0.39084917 -1.9958 3.008545 -6.3530474 -3.8998392 0.67969614 1.2495162 2.3510933 1.9628223 2.050225 -2.7230241 1.567499 3.42866 -1.896501 9.214129 1.2529747
buffer 6.059858 -1.2642097 2.314205 0.5093554 -1.2507007 -1.9579645 2.707494 -4.084712 -6.999163 7.398009 -0.65925735 2.5933912 -4.37477 2.0667126 -4.716491 -0.07244562 -0.6086429 2.6644049 4.371961 1.6014941
generates 1.6580459 -1.5141658 3.3357365 -3.9183528 -4.7051907 -0.57799226 -3.1048017 -6.52658 -3.8795402 1.2414634 -6.969829 2.0371466 -0.8121037 -2.299638 -4.721713 2.6372488 0.49004084 2.6450837 4.6537676 1.046691
weaker 2.8333936 -4.167353 3.7601266 -0.4144844 3.9942536 -1.0302563 -1.6795901 -4.481965 2.0358026 1.9528034 1.488769 -0.42478687 -2.6409035 -0.09728202 -4.469777 4.8465347 0.5557274 2.48645 7.6792965 -3.0812695
noticeable 1.8938074 0.24460472 2.5645113 -0.48083568 -0.7709697 1.8200644 -0.42288384 -2.8649888 2.7273505 0.120658234 -1.7240813 -0.98980325 1.2091467 -1.4474878 -5.10029 0.9091269 0.67490095 2.7143817 8.151706 -4.905456
upward 2.6491246 0.60461867 4.2840924 4.301099 2.628679 -0.24847217 1.0707775 -2.681815 -3.687693 2.771557 2.125032 0.2919841 -0.2874525 -1.6577584 -3.9001348 1.6479089 5.334932 2.2898178 10.154432 -1.215809
penetration 1.7591065 0.30787742 0.95751774 0.040150966 -1.0435253 -1.6431137 2.5997546 -3.6425912 2.1775892 7.0162826 -1.306886 0.4498933 -3.1103215 -1.6186073 -4.243083 -0.38888142 0.56495523 1.609511 8.898475 3.9994855
positioning 3.6860187 -1.9139805 1.9218346 0.41101724 -1.9963334 0.29635417 2.2095747 -0.5189557 -2.3591855 3.7215395 -3.3674536 2.6270764 0.34772608 -1.5872077 -1.6290468 4.2299237 1.3427919 0.7976859 7.770617 1.2642937
lowering -0.8718589 2.2666187 1.9691702 -0.25213087 -1.2369049 -1.8477776 -2.7005193 -5.490649 -1.3279514 3.1425617 -1.8459748 -1.510351 -3.8287847 1.744546 -2.0932477 3.7860126 2.0886018 2.9808269 7.9573874 1.088399
downward 2.2722716 1.6097165 6.1694965 3.7153203 2.1740963 -1.8844095 1.3985912 -1.7659941 -3.2799053 2.5566447 2.2627394 -1.5039285 1.1095668 -1.7271967 -5.315344 0.9347271 5.207474 2.1150477 10.051072 -2.6887958
withstand 0.114743896 0.82570153 1.1621487 -2.5192616 -0.4653248 1.5152135 1.5288484 -6.5457187 -1.2241937 5.156397 2.3545332 -4.960096 1.7767045 4.1414332 -5.927841 6.888429 2.4746344 0.72062767 11.143704 2.3778703
reinforcement 2.9587827 -1.4728863 2.9159305 2.9229033 0.14901756 -0.07333936 3.4875007 -0.6551354 -0.5374811 3.6072977 0.65154713 -1.4550098 -0.9580173 2.4958336 -1.5562831 2.7523944 0.5784009 -1.9877609 8.0043745 3.2155533
accelerate 2.7885551 -1.3722801 3.148506 -3.2300575 -1.8395534 -0.39984277 -3.9606845 -3.4320643 -3.0766416 0.2051134 0.3951023 -1.0914838 -2.0087695 -0.11875668 -4.8466825 5.4181476 2.7445529 -1.240668 8.3851595 6.178033
improves -2.5562544 -0.7098779 4.403836 -3.904103 -3.0891356 2.7496262 -1.57493 -5.7524605 -2.1661887 0.17530178 -6.1916966 -0.09518815 -1.2303935 -3.2177806 -2.9578016 6.1400175 2.7345235 2.0206463 8.224519 1.8414892
usable 3.6227677 0.9668059 1.2505844 -2.7769396 -4.4140015 -1.5241463 1.6320137 -6.321739 -3.3524346 -0.8958243 -1.6127851 3.0767765 -0.71518964 4.451512 -3.5680878 2.0402074 1.5752282 0.56512004 6.6800017 0.7209772
balancing 0.50910556 -0.5842838 2.2100003 -0.61288 -1.5160352 2.0649643 0.74900955 -0.8439504 -2.1956322 1.3253742 -3.0689409 1.8660233 -2.123546 -0.7528524 -2.104256 6.9966617 0.8607326 2.443562 7.0126104 -0.8278473
relaxation 1.8547335 2.168308 4.828638 1.4609468 -1.3959966 3.7605267 -0.16922802 -1.8630633 -0.44570103 -0.36991182 -1.0595211 0.372878 -2.1626947 -0.8308119 -2.6960812 1.2765486 3.541611 3.5823581 5.6189046 3.9633503
absorbing 1.3899263 -0.09411762 1.9965904 -1.6103114 -0.4144904 0.76581466 0.7298384 -1.9450358 -1.2995877 1.0706004 0.6936619 -0.945346 2.0093129 -1.0835445 -6.2241178 3.102865 -0.6449469 2.3079183 4.9307346 1.5217434
scaling 3.2451777 -0.66523916 5.4803505 1.1858222 -1.9637794 -0.3000473 1.5208045 -3.765632 -2.4782178 2.6556025 -2.4686806 3.120366 0.1368786 -0.6264896 -2.4832852 3.8326218 2.3351028 -0.14362144 6.522278 -0.9706987
detecting 1.6017816 -1.6754887 5.1899037 -2.5482013 -2.1947668 -0.73140955 7.149376 -6.6079373 0.04150632 2.004344 -3.1618898 0.09594893 -0.079333946 -3.3355756 -5.3731475 4.70492 -0.7252183 -1.621255 6.668416 4.3462734
resultant 1.040848 0.2966678 4.080707 -0.09556965 -1.353082 -1.0808934 -0.9473112 -2.8456268 0.18426456 2.9226723 -0.6823823 -1.3536373 -0.9634774 0.8092593 -4.796149 2.2741754 -0.33275864 0.33271018 4.324994 -0.5679404
collisions 4.58272 1.2104677 4.1701903 -1.6645879 -3.1910763 -3.414032 3.2497497 -5.2514896 -1.5345787 5.5807695 0.54470354 -1.6339909 -2.0594363 -1.4920579 -5.538978 2.1163902 2.6639695 -5.872986 7.561432 -0.80276257
bending 0.662055 0.4238245 5.7581224 2.342556 1.7621113 0.23472553 2.5845716 -2.3661609 -4.302363 2.466097 0.2225362 -0.029472504 3.5911539 -0.9208732 -3.0074117 3.7039177 3.379227 3.9337249 9.491102 -1.7142076
tilt 2.157743 -0.14506479 2.2481282 -0.21185465 -0.6975043 -3.451339 0.8239081 0.77424943 -3.4732542 2.7128618 -0.86673677 2.0117114 2.4459748 -1.516743 -2.3232105 1.5047953 4.7473564 2.5762627 8.421985 0.07524246
modifying 4.046335 -2.4410238 4.384401 -1.2388964 -1.7329203 -0.5325721 1.8120302 -3.333368 -2.0427742 -0.3543103 -2.8264954 2.6785128 -0.76680255 2.2205532 -0.85762745 4.4545813 -2.1998055 0.9039824 4.978337 0.95702446
ideally 2.6518962 -0.03702668 2.2097776 -0.11096428 0.5111749 2.274016 2.2296205 -3.898884 -2.0348845 -0.33280516 1.458168 4.5283713 -2.3108187 1.361213 -0.49761328 3.1484156 3.7728412 1.3886925 6.828837 0.4512142
vibrations 0.6318908 2.389659 7.8820806 0.21200597 0.46297234 -0.5634139 4.759269 -1.5245662 -1.7798914 -0.67123204 2.3985734 2.021742 1.4866636 -2.7690806 -4.1933403 -0.994997 2.9585533 0.43524116 10.834129 2.1023836
cracking -0.30607134 3.8982909 3.931127 -1.8403568 -1.6053135 -2.3809993 3.2338111 -0.7232947 -1.5537812 2.5507226 0.21977636 -1.9340845 0.31494573 0.30830947 -3.0635433 2.072773 -2.7724912 1.8341986 7.5165057 -0.98582137
quicker 0.42446947 -1.4895293 2.702135 -2.5969803 0.6842066 -2.3186524 -1.2110631 -3.069229 -1.4722334 -1.9178864 1.8575492 1.0123065 -2.7409916 2.5276866 -2.4549026 3.856267 4.612375 -1.2142338 10.108653 -0.7955435
adjusting -0.38775447 -0.81166303 2.811101 -1.1315838 -0.9070435 0.6030773 -0.96252406 -3.705413 -0.74789333 -1.9297011 -2.9252305 -0.28854966 -1.086958 -0.43698952 -2.9978952 5.4741178 2.1612937 1.8468016 8.046352 0.16721994
optimum 2.1923213 0.081689835 4.3220887 -3.4623258 -2.084831 0.49162644 -2.37794 -6.5259023 -0.75684124 2.2256317 0.058786076 5.0483084 -2.5051594 -1.3519988 -2.0819974 3.2560003 4.730458 -0.99919367 7.1262555 2.4064128
reversible 2.1808126 0.68501675 9.619254 0.13703097 -1.6657841 -1.365501 0.50892764 -5.6946735 -3.630729 1.9041879 -2.7670264 0.5117793 -0.09811817 0.9181699 -0.11044493 1.5405161 0.009957749 0.9793243 6.2688065 0.9318746
reversing 0.46616432 -1.5912784 3.503783 1.8279842 -0.7028273 -2.5020335 -1.2806319 -0.5886664 -2.1263576 1.1816937 -2.0449684 -1.374544 -1.2642837 2.6005306 -4.2530065 3.9257243 1.1108748 1.4941257 5.5044994 -0.4713066
negligible 0.7222914 -1.1589235 4.2028546 -1.3710728 -1.0495266 -0.419607 -2.2865746 -6.1386037 2.960405 4.1702952 -0.91161555 0.025191821 -3.01245 0.57819915 -5.357166 2.2277765 0.41041428 0.0765718 5.771874 -0.44463193
accelerating 2.5072007 -1.1548827 3.8632371 -0.288322 -1.8930391 0.25933087 -3.510297 -2.141833 -1.1308969 1.768874 0.66725713 -0.5735143 -0.6647574 -1.7560985 -6.780132 3.2372377 3.3798866 -3.404697 7.9381256 2.2127287
turbulence 0.37680689 1.1273377 5.647692 1.3934926 -1.4864162 1.6241543 1.1285115 -0.6886977 1.2308574 4.816142 2.5037098 -0.19061127 0.01484697 -1.4581195 -6.651851 -0.2592861 2.3036003 -3.9357042 7.6212215 1.8538322
slowing 0.8628072 0.084465235 3.9840622 -1.8698008 -0.43068343 -1.3406478 -1.4328873 -2.519329 -1.1690123 1.1074433 0.84889907 -3.9525118 -2.7706933 -1.5807226 -6.1886964 2.1325011 2.5933492 -1.5153929 9.301146 1.0262686
bridging 5.485758 -1.6299231 2.2780588 2.5789993 -1.034482 2.0396645 -1.6272806 -2.2372658 -2.9327316 0.38467842 -1.4067339 1.7642355 0.5069792 -1.9034799 -2.7849107 1.7755427 -0.7476936 -0.3304347 5.1994762 0.9847549
agile 1.0841198 -4.266624 0.78048503 -3.3872423 2.2950163 3.5454302 2.333156 -0.989273 -0.74143076 1.4609052 1.3172525 3.7062485 1.7102987 -4.31222 0.07003884 7.305964 -0.28431165 -1.9138507 10.007588 -2.1098077
conditioned -0.46996117 -1.523366 0.99135685 -0.8181896 -0.47842643 1.4088224 1.5218891 -3.521198 -1.6672984 0.91211987 -3.067952 0.109837025 -0.36698547 -0.635179 -1.9973338 3.5363204 1.771356 2.5884342 5.0937996 2.7464128
inward 2.1308496 0.8217054 4.592774 3.7577388 1.8037517 1.5814099 1.5961714 -1.335021 -3.5896943 2.0193915 2.3045514 0.8113182 0.109412454 -0.3713778 -5.677201 0.7498185 3.8622177 4.157045 6.9038386 0.7078663
amplified 1.946981 -1.3414187 5.6150074 -0.46289563 -0.4632738 -0.35332775 1.1131877 -1.6569817 -0.15650697 -2.3524737 -2.4274263 -0.0823804 1.7435428 -1.8785838 -3.681624 -0.29973665 -1.0209124 2.3709803 6.2992897 1.0343086
lag 1.4775934 -2.4617274 5.6722355 -2.7908237 -0.68205816 -0.34107646 -1.7156408 -2.0169919 0.911206 1.5310049 -0.3074681 1.3561891 -2.1016917 -1.057553 -2.1301847 -2.7397716 4.355102 -2.0226462 5.7986994 1.1899686
disconnected 3.2938251 -1.9632432 2.3056033 0.9084475 -0.41137576 -0.844567 2.4529681 -3.317326 -4.364934 -3.130356 -1.999183 -0.45601282 -2.003578 0.9218243 -5.0895586 0.65535027 -0.7110819 1.4305353 4.7102995 -1.2851497
gradients 1.8688974 0.8531564 5.4705486 3.565223 -0.7918044 3.0612268 -1.9016987 -5.261388 -3.3905523 4.195784 1.6006027 3.0991485 -1.0130508 0.29994076 -4.6213875 -0.5839899 2.6829443 -2.6414874 11.087035 -2.9823472
grounding -0.41926312 0.66991603 2.0690765 1.2643361 -1.9280845 -1.2175423 1.9157857 -0.8268897 0.2913241 1.1831923 0.5707718 -0.0863915 0.6657325 1.2315243 -3.578474 3.6941679 2.2689316 -3.1922312 4.6062083 1.9403828
shrink 2.1878276 2.0577242 2.929481 -3.256739 -0.124606 -2.435273 0.71571285 -4.3512673 -2.061352 -0.9844858 2.256131 -0.26717255 -0.8383683 -0.014059123 -4.6291056 2.9888163 1.172673 2.062184 5.913588 -0.13259044
maneuvering 1.3180864 -3.1545472 1.0803589 0.7807227 0.6727627 -0.3837307 3.3879926 -0.46794382 -1.481647 3.3383346 1.1576934 -3.2675033 -0.3318858 1.9357032 -2.7415323 4.8309565 2.1510084 -3.6625843 7.99063 1.831283
centrifugal -0.5649148 -3.394388 6.190133 0.43263277 1.6206453 -0.1936269 0.9480061 -3.101183 -3.5305371 4.772091 2.081406 2.7758298 3.6523893 2.6583571 -2.706338 3.1588676 0.24553722 -0.86036843 11.819002 3.3662968
stiffness -0.84614605 3.4116313 9.370776 3.0173173 -0.25974917 1.0477782 1.5198598 -3.2234693 -0.9850168 5.592174 -0.47244984 0.7295264 0.74491525 0.5090672 0.942166 2.710704 3.860343 2.0994747 12.284775 -0.06950932
creep 0.31758368 1.9491541 5.470063 -1.1033609 -0.22263244 -1.3904133 0.31497568 -1.045113 -0.901712 0.16785964 1.2592447 0.17202762 0.93544143 -2.5390854 -5.0611587 0.90550804 0.5000587 1.5425483 6.0053964 -1.3534297
tighter 1.3853296 -0.5107063 2.3328073 0.2586865 0.69662905 -2.561985 -0.9119343 0.14138651 -1.1560216 0.24418566 0.31859702 2.309341 -2.7739453 1.8233353 -2.6362715 4.239815 0.24603023 3.0743396 9.576471 -0.8107678
lowers -2.8354697 0.4650723 3.453092 -2.9381316 -0.31537837 -1.1150962 -0.58510476 -6.5872364 -5.056043 2.8021824 -2.882037 -1.4338348 -1.362396 -1.8896264 -2.9042068 4.0102887 2.6338322 3.6483986 5.656586 0.18239923
stabilizing 3.1756482 -0.60976464 4.5712895 -0.016006857 0.2259454 1.6968439 -1.2580112 -3.4898467 -1.8330375 4.6600223 0.28244662 -1.8840585 -1.4868339 -0.19057669 -1.6998485 3.9606087 -1.9749842 0.5893248 6.5043464 2.515691
overload -0.28640205 1.105043 6.1210995 -2.8480353 -1.9504668 -1.294936 4.617113 -1.6260685 -2.0243044 0.89157635 -1.6871014 -1.2249649 -1.9643455 -1.970479 -4.199604 0.6653318 0.79215604 0.35434335 6.525171 2.6011693
shielding 0.32845488 1.8103355 3.412821 -0.4769102 -1.3209964 -1.3271594 5.3409815 -3.5072234 -2.8868878 4.592006 -0.18767112 -0.8694779 1.1128823 0.8085501 -2.582143 3.5381136 0.29168472 1.1251949 6.051558 4.3891826
detectable 1.8980175 -0.19091128 6.834696 -1.6708719 -1.5259495 -0.930792 2.454091 -9.412693 2.5338964 1.1341829 -2.816914 -0.5911311 0.91072184 -2.1664171 -5.585908 -0.39611316 0.7887486 2.0360503 4.4687266 1.8283607
rigidity 0.11563 0.95474446 8.2418785 3.7210715 0.36003333 3.017235 0.80518484 -1.0808518 -0.13428149 4.361176 -0.2546938 1.3447133 -0.16433717 2.4117985 0.37101543 4.550162 0.9222754 1.6050144 9.114574 -1.7779721
smoother 0.6749151 0.784767 3.634046 -2.0388134 0.14022015 -0.32661352 -0.33089027 -1.0419459 -2.5170674 -0.4729932 2.14947 5.9112844 1.0992781 0.15646999 -2.9296572 1.2864941 2.3410196 1.887693 12.5437975 -4.0607166
drawback 1.5565325 -0.40867102 5.241301 -2.217912 -2.6698987 -0.116635345 1.9097979 -1.3862301 -0.020527348 2.8878236 -2.1074443 1.7402426 -2.5023885 1.2653087 -2.3985121 2.4195104 0.6221955 -0.9350876 9.082252 -2.7472863
instantaneous 1.6473802 -1.8454854 5.9404526 -1.108398 -2.0489962 -0.6594617 1.4191962 -2.987801 -0.40395996 0.8821888 -1.0564895 3.0404515 -0.99243474 -0.14013982 -6.399935 1.1270998 5.0331006 -0.22892502 5.563945 1.981992
unbalanced 0.39467934 -2.1081855 4.4118156 0.39004862 1.3718537 -0.5462243 2.0628178 -1.0172604 -0.54047275 1.1273813 -0.6906375 -0.1143235 -2.796729 -0.42276192 -2.6967816 4.7003794 0.4347187 0.62051386 6.6582294 -2.9722958
slows -0.24772286 -0.46935454 4.9195733 -3.5282216 0.4131857 -0.2847978 -1.1604147 -5.4704814 -4.0089064 -0.5991665 -0.76081735 -3.2897625 0.27097696 -4.0660644 -5.6558404 0.61649233 4.159754 1.6958916 8.205655 0.42034835
quieter 0.44911766 -0.38295203 0.49512485 -1.6081421 0.38477817 1.4197013 -0.57311076 -1.9730482 -1.9257618 -4.1609874 2.0597944 1.1787878 0.1191746 0.48607263 -3.7964156 0.14185473 1.7442849 -0.4693226 9.635716 -3.2370026
bottleneck 3.4745808 -0.14792974 4.3995233 2.1424344 -0.5932446 -0.38192123 -0.26085052 -3.3981462 -2.8519933 0.65963423 1.7671696 1.175059 -3.8531616 0.010813776 -4.873124 0.2682967 0.5379087 -4.0036883 6.4295983 -1.9903746
adaptable 1.4257278 -0.39062676 -0.67422056 -2.4079823 0.13497801 4.251737 1.3822935 -4.751531 1.0539211 1.4339428 0.00024165754 4.49256 -0.0009172447 -2.7746599 -0.4632007 5.785896 -1.1271052 1.260369 8.257609 -2.3217454
denser 3.1345634 2.8432834 3.142072 -0.01594297 0.69937265 1.679426 -1.1191679 -7.146758 -1.4471003 1.9614159 3.668282 2.8210258 1.7152983 -1.3104454 -4.9587336 -0.8760115 0.5352429 3.1274264 8.2317295 -1.543382
correspondingly 1.5083492 -0.9963006 2.7154791 1.4038032 0.15719685 0.31609243 -1.1955619 -4.2137704 2.023016 1.8503455 -0.26591027 2.9896111 -1.744374 1.5109721 -1.6663734 0.48919454 1.271288 1.128312 5.3391423 -1.2570579
dissipation -0.72548574 0.90145016 7.2080164 -0.11868575 -1.7270395 -0.29508975 -2.277045 -3.0257096 -0.7681637 4.742491 1.1812341 1.2815036 -1.1136799 -0.8552582 -6.2060103 0.4437031 2.164323 -1.6243567 6.513863 1.5696945
damping -0.37638605 0.011544956 8.319225 0.7994172 -0.48420233 -0.8805992 0.186861 -3.3232636 -3.0573113 4.5359707 0.0005324319 3.7815154 1.1546307 -0.28217414 -1.8717103 2.5395098 1.6411893 -0.54339075 12.310734 0.90454507
cumbersome -0.1589598 -1.3661544 2.7694297 -0.8707217 -0.83299327 -0.4751692 3.4580839 -0.9453898 0.7598136 -0.6639322 -0.36487347 2.5915391 -1.4580406 4.8507085 -2.4815416 4.4580007 -1.7201931 0.058487054 9.083333 -2.4766927
masking 2.2465243 -0.14828093 5.7004805 -0.60768896 -0.96717775 0.21500552 5.947273 -1.2103794 -1.4876454 1.0600442 -2.6410003 1.8717685 -0.93541366 -1.1832216 -2.611396 2.5151582 -0.5509231 3.8775017 7.009962 1.0199115
downside -0.7445407 0.9129029 2.3409417 -0.13522995 -1.4737945 1.0834826 -0.99663067 -1.7608674 -1.2855982 -2.0663235 -0.51681083 1.6243076 -1.0960393 2.3808808 -1.7130972 3.000945 2.0983632 0.54523504 5.131923 -2.498938
fluctuating 1.2552938 -0.1185937 2.1130288 -1.0847913 -1.1172848 1.9676546 -4.0238667 -5.1417747 2.494376 1.8071017 -0.7328078 -0.54489225 -2.0912166 -1.4114355 -5.2539024 1.5293398 1.2506828 0.6043004 5.7905636 -1.8005654
lengthening 2.2333667 -0.003312965 5.3558025 3.1709461 -1.2064415 -1.3212879 0.18603645 -3.5875309 0.31642276 0.38747615 -1.3318608 -0.8839931 -0.17338526 3.6818411 -1.9033315 -1.795766 2.884073 -0.7721408 7.910474 -1.320765
leveling 4.385618 0.3296927 1.4882187 0.6081393 -1.7875384 0.807698 0.25047693 -2.091674 -1.9168066 1.6669487 -1.0094585 0.0794543 -1.146813 1.6217695 -1.8050829 3.1871116 1.536122 0.75871056 6.220324 -1.5754926
phasing 2.4098923 0.099142306 2.1981444 -0.25745702 -2.092471 -3.1139154 -1.6736156 -0.6997962 -0.7872297 -1.1797262 -0.7582761 1.3523966 -0.7070356 1.0099291 -1.0757996 1.4318485 -2.1467173 -1.3230593 6.650281 2.7439556
sluggish -0.6991638 0.29887983 2.0995271 -2.027431 0.4749704 -0.70371455 -0.6380897 -0.7472469 1.5639842 0.8707938 1.9030745 -1.2060272 -2.1292357 -3.0866919 -5.4257746 2.7351432 0.71093404 -1.8315899 8.055349 -2.7848349
achievable 0.9309075 -1.5109317 3.4001822 -1.8315916 -2.662372 1.1178381 -1.9549818 -3.3486183 0.7517167 2.535368 -2.8426416 3.456867 -1.5836504 1.0033145 -3.0951047 4.4560523 4.335985 1.5255698 6.214774 0.8305807
hardening 0.57712865 3.1227696 6.2091036 1.380975 -1.1326373 1.0481089 0.864847 -3.7073126 0.705314 3.0074878 0.52615225 -0.13194966 1.9455353 0.9487535 -2.531116 2.349117 -1.7211722 2.239288 6.9687433 2.8113735
oscillating 1.6087323 -1.6211835 6.8051496 1.0882785 0.26843506 -0.32024977 0.81010723 -2.6630168 -1.8647029 1.0416282 0.3367247 2.2970028 3.9762874 -0.93133795 -3.1982877 0.403698 1.8016782 -0.5500845 8.521513 0.4680765
minimizes 0.79103035 -0.40448081 5.2866774 -1.7893552 -2.41581 0.3092109 -0.40491754 -6.2305174 -3.8256207 3.0780547 -3.357584 0.5620191 -2.2666814 -0.8482708 -3.7973459 5.2568107 2.9016283 0.6400131 5.8073516 -0.60058886
buoyant -1.6676534 1.335392 2.258185 -2.4554746 0.062189903 0.5219532 0.297968 -3.05713 -0.6320061 1.5997224 1.9019083 1.8525107 2.2131844 -1.5197316 -5.875739 1.3176026 0.5919859 2.29249 7.7369757 -0.2652456
scrambling 1.9661767 -0.44652244 0.30637172 -0.0986146 1.7560217 -1.7145174 1.9651963 -3.346433 -2.874917 -0.4413091 1.5156752 1.467086 -0.95691925 -2.6044796 -2.4584093 3.5187097 2.554908 0.2918873 5.611297 -1.9228723
dissipate -0.2609345 0.37722412 3.7569654 -1.5303065 -0.32280067 -0.74145794 -0.5541967 -4.0322948 -3.111872 1.5610819 1.3653988 -3.0106585 -0.05454233 -0.5067598 -7.686693 1.1532018 1.2368225 1.1500802 6.788655 3.7301943
manageable 2.3853054 -0.13956611 2.0097272 -1.2728484 -1.091498 0.3557609 0.21427362 -4.5779886 0.19372603 -0.33495283 -0.5936698 1.1057218 -3.0392542 2.4473221 -1.7938226 3.5594878 1.664585 0.64853007 5.431858 -2.1187708
propelling -0.38223916 -1.3677818 -0.46238914 -2.26315 -0.019207317 -1.4441476 -1.0856177 -1.4177761 -1.7087153 1.2205036 -0.81693035 -1.728202 2.6928768 -1.1812528 -2.5406685 3.0569692 1.361657 1.2069787 6.3941445 0.2080362
smoothing 0.5845941 -0.07583497 6.4346356 -0.005533164 -1.9429727 0.6782281 0.2212831 -3.0832908 -2.6709347 1.68233 -1.855052 4.4351587 -0.19577652 0.7275479 -2.062284 3.6493697 1.0223002 0.2974983 5.649731 -3.2013576
workable 1.12076 -0.34484038 2.6652954 -0.38148165 -1.3641361 0.11248185 -1.3514848 -0.8248944 -0.9857534 -0.83973664 0.9426684 2.9090047 -0.51363885 3.1683886 -2.8741577 5.609258 -1.2819582 0.10201185 4.9421887 1.197786
controllable 1.3592268 -2.369402 3.7374525 -2.861928 -0.86961156 -0.30399403 2.009198 -3.103474 -2.4703586 2.441 -1.6670762 1.0260502 0.51359063 1.0536802 -0.5810607 4.059227 1.7129338 0.028164476 8.509745 -0.32399368
appreciable 0.8562158 0.28621253 3.171892 -1.1816545 -1.0554613 1.215283 -2.005478 -4.6278567 1.5712926 1.9660037 0.7405807 0.79016626 -1.9390044 0.77334225 -4.5223436 1.5911008 1.4645281 0.37527472 4.6345944 -0.29419088
differentials 1.2321596 -1.164214 5.399696 0.38561243 -0.29315913 -0.7607062 -1.2124194 -2.934041 -0.87766206 2.73515 -0.7265483 4.525864 -2.9573913 1.7515134 1.315556 3.138019 2.0869985 -0.4268889 6.9270954 -1.8655994
clutter 0.91526496 2.286928 3.1787803 -0.5591407 -2.249135 -0.3085413 5.539025 -0.83841413 -3.2826357 -0.21096252 -1.0275768 2.0355916 -1.8129904 -1.2034937 -3.7175133 1.2084421 -0.42774186 0.56180316 5.2068615 -0.8500019
compressive 1.6518772 0.74902064 6.5903816 4.170522 0.78284156 1.1166124 1.5520554 -4.671721 -0.30291602 7.157512 2.0577586 0.25349528 2.8177052 1.3453255 -1.9003693 3.4560246 1.3565463 -0.52871454 9.776532 1.8556244
energized 1.2745792 -0.47750378 2.1201081 0.9973789 0.71012 -0.570766 -0.22660138 0.22603096 -2.2939405 -1.3632973 -0.66253877 -1.8697375 0.7509555 -1.5860981 -3.0981135 2.2262862 -0.88138 2.9592354 5.426498 2.243198
breakage 0.7487323 4.596206 6.0389066 -1.7001934 -1.4401544 -1.7204679 2.9374766 -4.4286184 -0.8625241 3.61065 2.0386438 -1.0844884 -0.23893337 1.1791344 -2.3066046 2.029593 -0.8605477 0.051159594 7.506366 -1.1412451
displaces 0.11869637 -0.3343477 3.6270669 -1.6225033 -0.08982302 -3.8584108 0.8065941 -5.9975004 -3.56746 4.3005085 0.98543674 2.7316682 3.0949807 0.2515081 -0.8007046 1.4661157 1.6414955 -0.77381694 4.695702 -0.14871426
boosts 1.6088011 -1.4688467 1.942958 -3.9141226 -1.1509075 -0.17002116 -1.0780482 -2.2703476 -1.8736589 1.6548918 -2.2618215 1.6175356 -2.2020369 -1.4428034 -0.093791604 4.2475286 2.4644487 1.072714 5.0124187 0.21225475
modulating 3.0092185 -2.9556193 8.289485 0.31232494 -0.028573537 1.2318999 0.420448 -1.2409192 -2.5833502 0.96551716 -3.8230553 -0.8784634 -0.3206982 -4.7346663 -1.2445683 -1.2776825 0.2763504 0.7037678 7.735145 0.71463776
smoothness -0.8783572 1.0677266 5.8379264 -0.73577434 -1.1832694 2.54601 -0.1828751 -0.21371725 -0.7087778 2.24282 0.96435916 5.237061 1.329356 1.0715661 -1.8092326 3.7063727 4.3515625 1.2147039 7.0364537 -3.0677202
unwieldy 1.4780021 -1.6460894 1.6552486 -0.3320307 -0.09259082 -0.84420156 1.4831165 -0.74235123 1.4573866 -0.40925372 0.4770566 2.0747755 -0.5179315 3.8063061 -2.412339 3.7994926 -2.1609728 0.19890553 6.809903 -3.485152
deceleration 0.16782553 -1.4573587 5.8139043 -0.21719052 -1.2340517 -1.0855228 0.69943523 -2.60442 -2.1179194 4.0941443 0.43548805 -0.2671424 -0.6474488 0.008414332 -3.9688067 1.0871067 6.13134 -4.0670133 8.640661 1.47179
warping 1.0766551 0.53836375 5.099143 0.5707444 -0.16849184 0.3895668 3.7521672 -1.1405988 -2.5314994 2.5580654 1.0930899 0.777573 2.5313954 1.09909 -2.4778142 3.8179798 0.13824986 0.2780862 8.293094 -1.382412
loudness 0.09149874 -1.0975963 5.7817216 -0.45625645 0.2975862 -0.6794103 0.64041215 1.3943721 2.882797 -0.16244613 -1.1860187 3.305018 -0.68949366 -3.5177634 -3.2782514 -1.0085236 2.0810618 2.2197943 8.853444 1.0442536
cornering -1.8041537 -1.7972512 1.8311062 -2.2341506 0.8851218 -0.19441412 0.53767425 0.063853964 -5.242102 2.930635 1.2981843 -0.004341087 -1.0398848 0.7554587 -1.4415654 4.249482 2.5277143 -1.118877 9.813509 -2.1446753
tolerable -3.0110247 0.30440423 2.745112 -0.38740277 0.01790974 0.7672108 0.408945 -3.7950792 1.8567376 -0.8820011 -0.74279433 1.6473981 -2.8319106 0.45750064 -3.2518907 1.4835237 2.455323 2.206154 3.4752152 -0.78848755
optimally 3.2024677 -0.85552377 4.6100607 -1.2614129 0.2604491 0.7577636 1.6107674 -4.4296474 -1.9014181 0.4121699 0.9748946 4.5989423 -3.1131074 -0.39294168 0.68558186 2.5921407 3.1391764 -0.4238102 5.1919284 1.6033722
compressing 0.8299031 1.233724 5.4392076 -0.093859136 -1.2257046 -1.5048128 2.2885716 -3.278766 -3.4374304 0.92144984 -0.7623159 1.4339448 1.8931968 0.5625508 -2.7600513 0.12319639 0.71056384 2.092813 6.329025 1.8614784
condense 1.9701556 0.9706598 5.740619 -2.796973 -0.70958513 -0.5139705 0.07839693 -3.2400606 -2.2881012 0.40683064 1.4298087 0.854122 1.5605361 0.0713608 -4.1578035 0.73625106 0.83286196 2.9750268 4.011328 1.9362967
maximized 0.9969787 -1.1653594 3.2457297 -1.7115241 -2.0742557 1.0092205 -1.8654886 -3.54823 -2.7093933 2.950719 -2.43149 2.6966488 -1.9665952 -0.04318738 -1.8079054 4.962915 2.131211 0.4906701 4.7858725 -0.8103454
undesired 1.3431971 0.20004158 6.555573 -1.3235077 -0.112187795 -0.07098246 1.9905351 -3.341397 -1.1488911 2.3120077 -0.23872124 -0.06186173 -3.3128045 -0.6773436 -3.5307884 2.9245813 -0.35326982 2.140324 4.895692 0.9862889
optimised 1.7243931 -3.3146052 1.8199143 -2.3294187 -2.8122823 0.54349506 0.54846543 -2.8503578 -2.6988375 2.5299797 -2.921352 4.216438 1.5581535 1.0410136 -0.5448301 2.062593 0.3005102 -1.9577148 7.571283 0.97798806
amplifying 2.0844173 -1.2868669 5.032799 -0.010527515 -0.30314967 1.3497797 1.5601832 -1.4899377 -1.2379451 -1.0653919 -1.9221506 0.38655856 0.23416486 -2.6835988 -3.1521714 0.99638563 -1.8220237 1.4851257 5.989933 1.957054
overloading 0.68768615 -2.3119407 3.3743582 -1.5032908 -1.134265 -1.1836435 4.107229 -2.8724382 -3.9306777 1.1564531 -1.3761909 0.45019415 -3.2620223 1.7243752 -3.2932787 2.5964465 -0.23041406 -1.7018186 4.789589 0.70914626
plugging 0.79983693 0.6116541 3.467674 -1.2423537 -0.5803292 -2.9660065 2.1927142 -1.9403489 -4.393746 -0.82120633 -0.4942704 1.1106306 -0.2047797 -0.2753442 -1.8949592 2.0534885 0.43364334 1.2724433 4.9423165 -0.17895506
straightline 2.7137637 -0.66562474 1.6414459 1.4869897 -1.8541365 -1.6411675 -0.24729545 -3.383901 -1.0054288 2.260983 -0.22814581 1.9344844 0.243322 -1.0905622 -3.4581795 0.40380138 4.5278215 -3.9772627 5.138799 -2.7603147
propulsive 0.437943 -1.1928446 5.1234436 -1.0140826 0.88805026 0.26229656 1.499289 1.2298442 -1.0466287 0.27158862 1.598099 1.8823735 3.0784767 -2.113514 -3.5484512 0.8340916 2.4103742 0.8147391 9.077279 0.9365973
undetectable 1.1673795 -1.0157316 5.4598236 -2.5586002 -0.12326457 -1.4762491 4.121145 -6.014438 0.6839064 0.88448143 -0.4942088 -0.19529285 -0.8865672 -0.08914001 -3.4850001 1.1557664 1.2029033 0.7216375 3.7043023 1.8787955
changeable 0.889634 -0.9167052 0.9343658 -1.0066695 -0.98396534 1.3255711 2.126381 -1.8617085 0.75045216 1.0638386 -1.2339568 2.395693 1.1429663 -1.2189096 -3.4208546 2.2942646 2.6764174 1.6459674 4.3870845 -1.745644
oscillate 2.1736479 -2.288787 5.77989 0.0012440531 0.9532618 0.17667927 -0.5544891 -4.1173735 -1.9361601 -0.303621 -0.6943309 0.69554484 0.67763674 -1.74918 -4.8079534 0.644644 3.4524987 2.4266388 6.4911947 0.345411
maximizes 0.7757009 -1.4228456 4.4691467 -1.689984 -1.8852733 0.71663326 -2.2172647 -3.9609716 -3.4882433 2.6243982 -2.789248 3.4150894 -3.2476125 -0.5196569 -0.8845292 6.2523828 2.7159066 0.60473305 3.6213617 -0.92889655
frictional 1.3170893 -1.8913432 6.293943 0.4430463 0.96713555 0.40542176 -0.24859138 -4.113351 -1.069503 5.0605745 1.5254676 0.35729098 0.3983754 0.16192941 -3.3221607 3.8873143 1.1514221 -1.157264 8.5777025 1.8003455
firmer -0.535212 0.44665918 0.8340267 0.48731452 1.2030318 1.2660517 -1.4830251 -0.6768202 -0.6677377 1.4076283 2.2256157 1.5045315 -0.5635253 2.7004983 -2.1106012 3.3012693 0.4560759 3.4504027 5.6052775 -0.18370555
rapidity 0.1570779 -0.25850442 3.4481704 1.0038979 -0.19428058 1.8275056 1.5385649 -0.77834326 2.6943605 1.8164062 2.4464784 0.69438636 -0.17808887 2.315324 -4.6848574 2.0150368 2.9978468 -0.9732027 4.680555 -1.0518097
tractive -1.4410436 -2.4285142 2.3273773 -1.9775492 -1.79134 -1.9193685 -5.088823 -3.8679488 0.03291665 2.7590623 0.7759614 0.8663311 0.23231694 5.802262 -2.827641 5.960134 1.9830973 -3.5280917 11.962871 1.3855237
maneuverable -0.048449926 -5.273776 -0.1704871 -4.01584 1.6111778 0.74974686 3.5276258 -3.8527722 0.81451976 4.2385316 2.1712477 0.546499 2.4425583 1.5440294 -2.1374335 2.9674954 1.2517732 -3.6803353 11.170599 -1.3463389
straightening 0.52541125 2.5442798 2.3828237 3.0717459 -0.11619441 0.08223869 0.49232057 -2.1832201 -4.1192403 0.43985227 1.0940837 -0.3971004 1.0765545 1.122587 -2.7400663 2.2099233 0.36389476 1.178886 6.4384127 -1.1770513
compensates -1.2830113 -0.1751987 3.3602793 -1.556381 -0.71504706 0.47672975 -0.099708706 -2.7234106 -1.4917971 1.2358886 -1.8731973 0.43141273 -1.4012742 -0.8069094 -2.9686658 3.65378 1.4217498 1.8660183 5.0644064 -1.1635963
clamping 0.6827325 -0.427479 3.6474943 1.636112 0.89759946 -2.7618225 2.7853522 -2.2637258 -3.3827107 1.4379215 -1.2996817 0.016414545 -0.7978943 1.5705613 0.07775669 2.464389 -0.3858115 2.7017114 7.0748134 1.7723724
resistances 2.3400652 -1.6644835 4.191169 0.6095885 0.93297356 0.06449835 1.7030797 -1.9365934 0.41281393 2.8250334 0.77809775 1.1920017 -2.1319118 0.2670078 -1.1436037 0.8881379 -0.2040715 -0.6930331 5.5213675 1.3942027
buckling 0.040574796 1.9366611 5.0229273 2.0801115 -0.35362703 -0.8211171 2.0580504 -2.0945754 -1.378958 3.536215 0.65262336 -0.690902 1.9737703 1.1740304 -1.9833198 2.3057928 0.49174964 0.04552839 7.354512 -0.98331547
compresses -0.13818997 0.83441186 4.3065925 0.030173361 -0.5068478 -1.3703306 2.5109344 -3.3071241 -4.0040636 1.9617919 -1.0512975 1.4712893 2.2152462 -1.2921596 -2.242433 -0.9258552 2.0702574 2.5983267 5.6879616 1.5677346
lags 1.476876 -0.2839196 1.8331834 -0.35312313 -0.7246266 0.6889632 -0.63719594 -1.6969235 0.050350115 2.1318774 -0.866796 0.749932 -2.181442 -1.1261096 -2.267709 0.6202105 2.635265 0.5263077 4.898564 -1.8938249
flexing 1.0405431 0.5591629 4.779568 1.4943651 1.6468246 -0.6422859 2.6592567 -0.86384386 -2.1931746 2.3186748 0.89046574 -1.0521722 1.4662503 -0.3238516 -1.0554948 2.557561 2.217223 2.5078216 8.348285 0.4272401
slippage 1.778827 1.740121 4.8201275 0.6183671 -1.1870089 -0.81494534 1.7571074 -2.4777246 -1.469741 2.8658078 0.8429705 0.13314763 -1.8401785 0.8906926 -3.0213413 1.7872117 1.7761457 -0.46886346 5.702343 -1.0919638
stabilising 1.5324358 -0.5821158 1.8519794 0.469674 -0.32835433 1.1255915 -0.9847721 -1.814711 -0.9093002 3.291524 0.84632653 -1.1504059 -0.0435152 1.9128513 -1.7579648 2.1231668 -0.8382562 -0.7620223 5.259396 0.5672324
blunted 0.7820753 -1.8811297 2.1612048 1.0417657 1.1629766 -0.34983954 1.7188287 -0.16115409 0.70559 2.5024474 -0.5247376 -2.6975925 1.2706355 -0.66415507 -3.1439002 2.176308 -0.014647605 1.3752376 4.886506 -0.85046124
torsional 0.8868702 -1.311997 7.2420154 1.9879706 0.59848475 -0.109368086 0.43846363 -1.8258247 -2.4886863 4.24132 0.5425718 0.7790954 1.2301272 1.4273081 -1.2565173 3.1469574 1.136761 -1.0175799 9.489192 -0.5516764
amplifies 0.64469326 -1.6967205 4.559986 -0.45186535 -0.08083901 1.6276269 1.7652999 -1.2566874 -2.1146107 0.191047 -1.9771485 1.1072432 1.1774892 -3.7312348 -3.7928047 1.5512053 -0.02374702 2.2723298 3.9112127 1.1277766
tempering -0.52392447 2.4737258 4.6013885 -0.3428435 -0.21793805 1.32474 0.5010966 -2.17945 0.995645 1.6542362 1.9044107 3.2538595 2.595785 0.8450265 -2.0726728 1.8100553 0.1293177 2.912462 5.6805577 0.06852326
depress -1.5135906 -0.97768825 2.420989 -0.82876134 1.6462125 -0.5748135 0.13820237 -4.5205774 -1.9195521 2.0451553 0.2992477 -0.21286152 -0.5928601 1.6599371 -1.1191955 2.4916263 1.719228 2.4007952 5.981114 1.0534177
repeatable 1.707023 -1.055521 5.254574 -0.6580413 -1.8311626 0.55083764 2.3942206 -1.7290813 0.45146126 1.0883529 -1.6830286 4.307648 -1.1010097 0.2554017 -1.1153566 3.8040388 2.2926075 -0.13451102 5.820783 0.20564029
clogging 0.6901108 2.8303826 0.8424162 -0.7512525 -0.28236523 1.354214 1.5703514 -3.050684 -3.8180168 1.1182237 0.9489137 -0.76719165 -0.3123539 -1.1166103 -2.0849643 1.0898794 -0.733786 1.8056722 6.0291405 0.22242124
damped 0.5073882 -1.8310573 5.754886 -0.112532005 0.2719839 -0.5497179 -0.28692973 -2.1055362 -2.4500878 2.3502247 -0.119614646 1.2947919 2.6787722 -1.1796492 -4.0160856 0.04542943 0.70713943 0.39751935 8.276159 0.43663317
manoeuvrability -2.263741 -1.547731 0.4773044 -1.4308492 -0.589747 1.0166298 2.0272849 -1.4434288 1.5345842 5.064691 2.5035732 1.8060937 -0.11468087 2.8788478 -0.95213985 3.5799377 5.0786743 -4.9738183 10.473383 -0.23197693
optimise 1.5375739 -0.97956496 1.9708383 -2.5069559 -2.4881978 1.7958496 -0.0046194727 -3.0580099 -2.5523744 1.7777038 -1.9375156 2.4994528 -0.90352356 0.26900402 -0.3903084 4.4209943 0.8179114 -0.60231423 5.4665565 1.6218194
upwind 0.23762248 -2.024998 0.16996668 -1.138087 0.48915437 -0.2136714 0.5372994 -4.00909 -2.1447191 2.60562 2.529037 1.4234987 1.2307298 1.074805 -4.0818753 2.3223643 5.1371193 -1.6845292 6.5925055 -0.50497466
idling -1.2654921 -0.43305823 0.63547975 -2.259653 -0.8107291 -1.5725697 0.52989286 -2.6287048 -3.4196167 -0.47590426 0.90441483 -0.32383814 -2.1976595 1.9414737 -2.3038442 0.20795448 1.633431 -2.158158 5.914033 0.027402587
minimised -0.33639348 -0.20978026 2.5274734 -0.33984643 -1.5010684 0.46614748 0.08068913 -2.6131005 -0.06961807 2.3664734 -1.557753 -0.4174731 -1.4770496 1.6887147 -2.6461408 3.3950126 -0.28457567 0.14426032 5.403269 -0.51018333
accelerations 2.0667632 -1.656969 5.4096212 1.083365 -0.6877489 -0.13959609 1.5948128 -2.463029 -0.44546124 3.3555086 0.15787771 1.2791415 -0.20650049 0.28926858 -2.2099323 0.56796545 5.6547313 -2.907325 6.211219 0.5533232
dimming 1.8062747 0.93687737 2.9285462 -0.18724103 -3.1560607 -1.3682568 1.9192382 -0.4662634 -1.2906777 1.1203481 -1.0507052 2.3896677 1.5231982 -1.4184276 -4.789366 -0.24341637 2.3268018 0.086153455 4.5703983 1.7894429
attenuate 0.5951443 -0.44494838 5.3774824 1.4925455 1.1770074 0.38429144 1.6547205 -4.4571877 -1.6415044 1.7582382 -1.186413 0.018481735 -0.23343337 -2.8808467 -1.978778 0.005464195 0.04527425 1.9476612 5.9345145 0.9186938
appreciably 0.9251245 0.8978845 3.122262 0.3575923 -0.12972197 0.1296091 -1.2852451 -3.3786225 1.0643573 1.0391084 1.860815 1.637928 -2.2465231 1.2923529 -2.5371954 0.17457251 1.1273336 -0.122706264 4.840308 -0.27905133
shortens 0.30864894 -1.1415405 3.6846414 -0.61946076 -0.54784524 -0.015848665 -0.037576847 -4.587267 -1.1750703 -0.40247205 -1.9349931 -0.7353987 -0.13196161 -0.71444374 -3.3545687 -0.44471547 3.067625 0.8054364 4.033897 -0.22311567
dissipates -0.4606866 0.4053667 3.8876884 -1.3862709 -0.2251521 -0.027821047 0.9151954 -3.2537801 -3.6157808 1.6151133 0.70460945 -1.065918 1.0940042 -1.493874 -5.7955317 0.06752427 2.1652443 1.5499458 4.0773716 0.98713493
centripetal 1.9515733 -4.365521 4.3838763 2.49996 1.5054408 0.909613 0.9810931 -1.4984778 -2.738101 3.0945005 0.6922727 2.0233648 1.5980806 0.5353565 -3.6045125 3.858684 3.646267 0.065250844 5.104053 2.567859
overheat -1.5809913 0.49043262 4.616974 -3.4988325 0.36683807 -2.314745 1.5966876 -3.004681 -2.9362073 1.772801 2.4461854 -1.7707326 -0.11209324 1.4970993 -2.9471805 1.575835 0.99058527 -0.85592264 8.268574 0.83481646
overshoot 1.5047914 -1.0647424 4.1391892 0.5077926 -0.3956775 -1.310134 1.2954242 -3.1799467 -1.9551369 2.5724206 0.6831865 0.40308627 -1.5219219 0.41661045 -4.660287 1.4297191 4.392881 -0.99587166 4.8706183 0.61103237
stiffening 0.61479264 1.3171235 3.8267474 2.3201942 0.25632507 -0.21759005 1.8174583 -2.0556476 -1.3653369 1.9992299 0.59271836 -0.6674093 1.8220532 2.6586866 -0.30981842 1.6224452 -0.3410042 1.2560538 6.609469 -0.10237454
transonic 0.5690612 -3.0367682 3.756311 -0.4856971 -0.5813255 1.0974708 -0.5988088 -2.3567204 -0.7802461 2.913846 0.9443654 1.102155 2.0202584 -0.9738845 -2.916931 0.99208903 2.8274531 -4.67608 7.3219857 2.451625
pendulums 1.4910831 -0.2769415 4.874659 1.0339282 -0.9852469 -0.55437803 1.2900034 -0.40877482 0.37007025 0.52971554 0.38768232 2.6894226 3.3554504 1.2373801 -2.193129 -0.04050753 3.1464078 -0.14243509 5.863883 -0.51203674
arcing 1.2966547 1.6777436 3.734357 1.8574253 -0.4004114 -2.050904 2.5952528 -2.4053562 -3.7801807 2.103073 1.454356 -0.09370026 1.037577 -0.8411888 -3.9356234 0.26900738 1.3790984 -1.0805999 7.9038005 0.9805922
misalignment 0.9232386 0.7105033 6.1880646 2.1335282 -0.66959697 -0.6480152 2.8245049 -2.1477447 -0.7690333 2.718559 -0.8748023 0.2848188 -0.346751 0.35344258 -2.3874447 1.2328576 2.069263 0.36864477 6.882584 -1.1148643
oscillates 1.0870931 -1.8499063 4.8220105 0.5464616 -0.4632382 1.5061522 -0.5219947 -2.4419878 -1.5793477 0.8957711 -1.3556044 0.48586738 2.590058 -1.6017061 -3.9580646 -0.5515571 3.0774372 1.081094 4.260019 -0.6495111
decoupled 2.375079 -2.227357 3.9851203 -0.66709805 -1.5377959 -0.17632648 -1.0652734 -3.0053842 -2.4020052 1.1759653 -1.9354461 1.8606739 0.28700823 0.14152442 -2.416125 1.5473974 0.0721651 0.11975492 4.0891323 0.87297386
crosswind 0.48305264 -1.8635232 0.9955575 0.3785219 -0.9878639 -0.41208595 2.0901473 -2.3336833 -2.6732812 3.0868108 0.12485675 0.38820916 0.5645075 -0.28445283 -2.3022237 1.3376281 4.5293455 -4.2095017 7.0023994 0.86165005
maximising -0.04151574 -0.670379 1.658474 -1.5684252 -2.1637242 1.9570879 -1.8132439 -2.1158745 -1.1789111 2.442441 -1.5475508 1.5534421 -2.5154662 0.92758137 -1.1751711 4.0664263 0.6007596 -0.32072785 4.2728953 0.4399707
lowlight 0.21279043 -0.35269284 1.2408347 -2.3378816 -1.7146145 0.92747015 4.0696716 -1.436096 -0.8317265 1.4920408 -1.6320451 1.9222732 0.7555782 -3.2878199 -1.8537093 2.1465435 3.1183357 -0.6262555 5.8999743 1.1662422
lessens -0.64543635 -0.5804269 3.2671182 -1.1525217 -0.15044798 1.6339422 0.09846535 -3.4793363 -0.7732252 1.6901107 -1.0297958 -0.34256035 -1.3970914 -1.2287295 -2.964902 2.9576187 1.2336906 1.4132929 3.7942688 -0.32967836
gyroscopic 1.0941944 -2.5994194 3.442944 0.32970524 -0.69358087 -0.36901912 2.1575756 -0.22649339 -2.318625 2.76661 -0.12270677 2.2446911 2.481232 0.46361646 -1.2261862 2.7881238 1.8896873 -2.0195835 7.129825 2.310546
eases -0.9222236 -0.6440323 2.0888696 -0.5330095 -0.7845178 1.3509936 0.6491296 -1.722725 -2.5651464 -0.04170372 -1.8321126 0.05342111 -0.17687605 -0.66753334 -2.8701384 1.8117503 0.3616393 1.5762738 3.722904 0.8683863
dampening 0.23519035 0.46184176 3.6680646 -0.20177421 -0.2756633 0.11396429 1.5096079 -1.0080849 -1.8060603 1.3809448 -0.12729685 -0.02841909 0.5800645 -1.2100184 -2.015695 1.8914913 -0.2695485 0.67064327 5.756334 0.79503775
vibratory 0.23376626 0.35965222 4.1324086 0.5759436 0.11028687 0.103631735 2.792239 -2.7972262 -1.4412392 0.66387457 -0.15545101 2.3678143 1.5791932 -1.7694159 -0.8925495 1.3569871 1.4681673 0.94665676 5.794054 1.5502343
manoeuvrable -0.89268094 -2.9616005 0.22042705 -3.081046 0.73152804 0.70300144 2.087209 -2.0957909 1.0661275 3.0620182 2.3018224 0.27973762 1.3156866 2.0940788 -1.0675349 1.7751863 0.8853979 -3.0265393 7.7520123 -1.2814482
topspin 0.32927555 -0.7646409 1.7691251 -2.0564241 1.4655772 -1.2485845 0.6457775 0.99050325 -1.4375894 1.7385099 1.9926819 1.3392117 0.5419955 -0.89733696 -0.11681977 3.0017588 2.4398725 0.80320704 7.0284657 -1.4542131
depletes 0.70302016 -0.29956537 2.0409715 -3.6900623 -0.15027153 0.48752525 0.9585413 -3.929304 -3.4497132 2.1374962 -0.032689556 -0.844601 -0.354894 -1.1443406 -1.7609106 2.9271355 1.6999177 1.3018026 3.8521237 1.1158952
torques 1.2445267 -1.7795868 4.0570374 0.8821879 1.0372919 -0.5377629 1.6438099 -1.311214 -0.783664 3.0326445 1.094802 1.7307276 0.23946911 0.79361355 -0.9812649 2.542585 2.4072497 -0.20477873 5.411082 1.558393
controllability 0.6029336 -1.9456038 4.1279597 0.07509053 -1.2768904 0.83450174 0.872743 -0.39076725 -0.9961134 3.0048513 -0.63278425 2.307975 -1.0070878 0.40339944 -0.5878187 3.3835275 2.2820578 -2.715487 4.6847277 0.43630883
decelerate 0.9288466 -1.4264177 3.2713308 -1.1939174 -0.025489425 -0.93100375 -0.50426 -2.5164766 -3.5444722 1.5486684 1.2704633 -0.63790065 0.41247356 0.67022765 -3.0695322 0.9631259 3.0974233 -0.84259254 5.9457746 2.4381878
repeatability -0.47914734 -0.79518497 3.6204224 0.2041871 -1.9088691 1.346433 0.7834268 -1.6543734 0.21249299 2.423623 -1.6591098 3.322256 -0.73005307 -0.009582967 -0.723405 2.587684 2.4701433 -0.66747355 4.780241 0.33193168
concussive -0.016927745 -0.8208313 2.4599528 -1.7737974 0.42096245 -0.23828292 4.218068 -1.075861 -1.7176431 3.9977343 1.3298161 -1.6608015 2.7860966 -1.4026971 -3.2208023 3.0363667 0.12973376 0.18814558 4.9557533 3.470372
mitigates -0.32783717 -0.27528712 3.1585684 -0.86079884 -1.4610475 1.0552769 0.62629706 -2.1974518 -1.8038487 2.7766414 -1.6636393 0.4280131 -2.3056192 -1.271712 -2.3411787 2.6477644 -0.6791087 -0.17289524 2.789097 0.5397508
ohmic 1.0214757 -1.4543828 5.452118 0.4573762 0.6621133 -0.59635746 -1.211891 -3.0037959 -1.5128756 2.3337824 0.67979467 2.2152257 0.06753697 -0.36655638 -1.2162446 1.0832928 -0.3018985 -0.5597188 5.257095 2.0971637
understeer -0.2396396 -0.28065005 3.559826 -0.17875952 0.0018063765 -0.11181264 0.11580339 0.5009665 -1.0227273 1.8960246 1.4846119 0.14910209 -2.4615011 0.8424606 -1.5719556 1.6544671 2.329813 -2.1243534 6.6487 -1.8611472
oversteer -0.40216854 -0.7644769 3.9328482 -1.0611976 0.27708063 -0.9476106 0.33291084 0.19030309 -1.938657 2.171904 1.8176361 -0.65606636 -1.8304102 0.99430144 -1.423692 1.8719614 2.6692212 -2.3201318 6.163391 -1.9544444
decelerating 0.68950236 -0.82228476 3.0087318 -0.47944194 -0.42099458 -0.45923054 -1.0786986 -1.4518129 -1.6249136 1.68003 0.8957728 -0.04229242 0.074217066 -0.47383887 -2.7702737 0.24956767 1.9413313 -1.3189152 3.871198 0.7454852
yawing 0.34470862 -0.9991222 2.67192 0.31306767 0.08831628 -0.95506686 0.50693727 -0.5107961 -1.6076481 1.8798594 0.5819548 -0.21658398 0.4614269 -0.0633849 -1.9750851 1.2667121 1.7466866 -1.5424802 4.850184 -0.4577648