Centroid_101 1.3246319303276595 0.5472258909627654 -4.95071946521277 -2.820508961404257 0.8636657657606386 0.5800304875276596 -0.8959629653989368 0.6087614610372337 0.9097314718856385 2.370003776664892 2.1117483577324467 1.2325879157340427 2.076015295412766 -2.900368050797871 7.207838259787235 1.857523090851064 5.882533399468088 0.8762929333457451 2.717258434293457 0.6066406513617021
professional 0.29654363 0.30405247 -3.325678 -1.3488458 2.4186535 2.274874 -6.5496902 4.6164074 3.1369605 -2.0360992 2.87571 0.041046023 -0.1360578 -7.1091166 10.569603 7.197151 0.17708492 -2.4642375 5.77181 2.9268599
sports 5.1411066 1.5139604 -9.505008 0.5821895 -2.2083743 1.364545 -2.008892 3.9410982 -3.3498952 -2.0180016 -2.7900758 3.6504614 -2.2614918 -9.079626 9.306567 2.7673979 2.499508 -1.33907 5.07691 0.80012715
gold -0.27176228 5.658342 -6.1816425 -5.238449 -1.3081566 -5.413496 -0.72488284 -1.0804483 2.6868353 4.5667853 6.010575 5.2668505 4.2907057 0.66921675 3.0168514 1.9175285 5.023726 2.766209 -0.09642239 1.7668607
basketball 5.666999 1.5017854 -7.3319182 5.5476456 5.2161508 0.63492227 -6.005111 2.78836 -2.5913355 1.7414085 2.6310065 -1.0677589 4.0400987 -13.087913 13.15257 5.4567323 5.006295 2.8010652 1.0164495 1.5440214
junior -0.28210384 -1.0626203 -5.9817405 3.34103 4.1760354 -1.1407548 -5.611133 0.5409314 0.9858841 -0.5800362 2.7542505 1.9882272 2.3494349 -4.527673 10.824528 4.1365643 7.578021 -1.2562143 1.3934168 -0.057174366
silver -0.57296866 4.398158 -4.1571794 -4.890879 -1.2164762 -4.2263618 0.6858273 -1.4115106 1.8091538 4.4753394 4.498863 4.4466977 7.4160714 1.5962368 4.495776 1.5990839 5.165285 3.2632194 -1.0367938 0.77356553
ice 3.1711888 5.8714085 -2.3807034 -4.2697783 1.3343263 -0.058248136 -2.3321688 -2.78867 -3.8249142 2.8992712 7.800222 0.7192322 7.1043353 -3.9787936 2.3393805 -1.8242347 3.8873618 2.1928132 7.0302057 2.4012754
hockey 4.5048556 4.3833013 -9.507668 2.3170874 3.2552807 0.58762664 -10.83532 2.4246962 -2.4431863 4.6531687 6.3600683 0.5316686 8.350005 -10.234794 14.435265 4.657505 -0.16549952 0.016150085 6.395997 2.5366352
competed -0.27897754 -3.8617074 -12.73116 -6.4032354 0.41907823 -1.8774375 -10.383233 -2.3966072 4.553596 2.6478126 -2.8671265 -6.13433 10.809359 -7.2015886 8.958337 2.0039728 7.3186765 2.0816317 0.08443004 1.6381153
olympic 2.9716148 1.5746834 -9.61228 -4.062925 -0.9398785 -2.5587676 -2.65599 3.461705 2.2288623 5.0802464 1.6417388 -1.5854355 2.2356043 -3.3145058 9.693592 3.9015436 10.291944 2.525777 -1.1695911 6.5522017
sport 3.786669 0.32419547 -6.8162174 -2.4276383 -0.060273055 5.0588756 -3.1942558 3.7727919 -0.03727621 2.3260205 1.8255582 4.1691904 -3.392853 -3.7908132 7.85184 3.904793 4.29717 -0.07748598 6.5503335 1.1043593
bronze 1.8601974 3.6996121 -4.1536756 -3.6616116 -1.2744061 1.6984099 1.8180033 -2.4030716 6.0715046 5.397174 4.710059 0.18496141 11.815237 3.1811478 6.7849374 0.051912874 9.372097 2.6462243 -1.0673915 -0.40458447
soccer 6.1181664 4.686854 -9.10965 3.0669537 2.2411392 -0.04120504 -7.1203327 4.9144077 -3.5009334 2.1618779 4.1084733 -0.78570515 2.8419914 -12.412138 10.354257 3.399986 0.8235389 0.48745397 4.5264072 0.5812236
qualified -0.07580854 -4.1729164 -5.9285874 -2.314173 1.3542213 -3.3955233 -7.1950784 -3.888929 4.8489513 3.4637454 -3.6843457 -2.809514 -0.15600882 -0.16412663 7.431639 6.0056667 9.642195 4.2376485 2.100422 3.652355
compete 5.130842 -1.6651305 -7.3635306 -4.9110975 2.2421134 -3.737823 -5.0939183 -1.079149 -0.5168312 0.16080368 1.0512415 -0.24075375 -2.857044 -1.7161698 5.9420357 7.3372097 6.973288 4.821972 4.8393016 2.1096184
amateur 2.477322 -1.7848909 -6.164171 -0.66080874 2.4210389 1.4855543 -5.091226 3.1921391 2.9291878 -2.0518286 3.3679104 2.8468516 3.1806452 -4.077521 8.176838 4.554354 1.6058922 -2.2767594 5.4624224 -0.082621045
athletics 4.6109657 4.8394575 -7.4725957 4.185521 0.5155182 0.39805514 -3.7971644 0.78538007 0.4906042 1.6049687 2.385349 1.7498021 -0.061675824 -7.391641 10.737611 3.826683 7.9027066 0.024125954 1.0189317 3.9114695
competitions 8.126293 2.8245277 -6.346583 -1.4450941 -1.3608298 3.0622773 -3.3713171 5.310518 3.745073 2.8964949 0.5298889 2.9975512 -3.384236 -2.4784045 12.561539 -0.7687864 8.090425 2.7786915 7.0108433 -1.1290618
swimming 2.531611 6.058317 -8.85732 -3.3631687 -0.4262456 4.7203417 1.8632457 -4.9874635 -4.67433 2.1766844 3.3290875 -0.24916528 1.156095 -4.8343616 7.979871 1.9426745 10.381459 1.7040792 4.9150586 2.4926395
medals 0.0354983 3.3397505 -9.46058 -3.8032491 -2.3890555 -2.5520263 1.8280759 -0.57758474 11.27197 8.594263 -0.6392479 -0.48369345 2.739064 1.661398 14.9583645 0.8179296 9.976628 1.9221599 -0.47076836 0.310054
competing 5.372217 -3.0462768 -5.9635305 -4.439023 0.70116335 -1.3006603 -4.8221707 -0.56853807 3.0446975 0.38475177 -0.4883177 -0.41885495 -0.63106173 -2.8913667 4.991486 4.2277684 3.4380686 0.91604584 5.208695 0.47001553
competitive 3.4204125 0.066184364 -2.3378115 -3.0389707 0.03906238 1.3671565 -6.5444474 0.94722295 2.1574733 1.784169 0.73894846 2.1092026 -3.839413 -3.008934 5.447257 6.96721 4.791284 0.06982768 9.295642 -0.35478634
athletes 5.533454 2.4264827 -5.5226398 -2.7256656 2.7339158 -0.20223637 3.7122486 -0.036803983 6.908707 4.3156714 1.4337279 0.42582864 -8.105278 -5.238622 12.989923 1.591142 9.243873 3.8937328 3.5864618 3.2373059
indoor 7.326599 8.410404 -7.6744747 -1.5592387 -3.632494 0.70731103 -2.6045442 -0.7154524 -5.5875144 2.7872944 1.7293358 1.4070356 4.527281 -4.171181 8.823563 2.2735865 7.534312 3.4276803 5.824684 1.9846776
coaches 1.1664437 -0.45578325 -4.4677143 3.2908673 2.6841066 -5.2656713 -0.9899675 1.5593922 -3.1807199 -2.8831027 -2.0774539 0.97616416 -2.8346543 -3.578202 12.78418 3.345071 3.3662627 -1.2257764 8.051816 -1.4322006
elite 5.813473 -3.9665306 -5.2088566 1.0821308 3.8411694 3.3642218 -0.20102143 2.2490683 2.8084197 1.3952067 2.829536 0.87057453 -2.5628922 -0.26672402 5.1950474 4.74999 0.7865116 1.0561048 3.8132563 -0.055010594
sporting 4.543674 1.0303019 -8.041811 -2.773427 -2.4321778 2.1896908 -3.923241 3.2871249 -0.5102891 -0.78505546 -1.1291833 -0.48768336 -2.8627863 -3.274442 5.4875536 3.2074606 2.5802112 -0.4125029 3.8069704 -2.9835956
chess 4.8127446 -4.633446 -1.1262133 -2.6342218 1.5644469 2.5916257 -1.573939 6.883676 6.7277846 -0.2575545 0.14249854 3.9017386 4.726855 -2.4306746 9.212655 4.3237114 5.3897023 3.0075226 1.3848839 1.9970933
volleyball 6.2140827 -1.3861364 -10.117501 -1.650233 4.2274427 5.3448405 -2.6097848 -0.84437895 -4.33772 4.1199784 1.2697337 -1.4355204 3.0829139 -8.900292 12.790892 1.4733552 6.4090295 6.3491297 0.41903195 2.813438
pan 1.7621875 -0.37033603 -6.2519712 -5.3744254 0.53409505 -0.94034445 1.6481864 3.8835425 -0.98706746 4.3348336 3.7389975 2.5315547 5.7675676 -6.6922827 2.501704 -0.76355124 0.87601674 0.9596072 -1.2994924 3.9315188
marathon 2.1870525 4.6284018 -6.721169 -1.9919873 -2.708149 -1.990488 -4.1779027 2.2011533 1.0007436 0.05134825 4.7456775 0.46416816 1.8481615 -3.9030206 3.1021252 -3.9644687 14.713719 -2.9708216 0.03231888 2.2377443
competitors 4.82468 0.36826175 -3.4629238 -5.722196 0.015523347 -2.9408424 0.76903725 -0.03966927 1.8549384 3.6102834 1.2793075 2.4773843 -6.3595357 -0.28537422 6.454164 1.7034037 4.1371193 0.3973213 6.912049 -1.2757052
freestyle 1.194352 0.26449066 -2.7360146 -6.2429085 1.1590688 -1.1974101 -0.120107695 1.2314174 3.3768508 3.6539822 3.181669 1.4480022 7.917683 -7.843311 7.9134083 -1.7351588 12.48984 1.4305165 2.3331425 3.1986682
skating 2.5593436 -0.6368219 -6.4169984 -6.2457695 2.193532 5.1468267 -4.1002474 -1.2214826 0.025364105 -0.7541538 3.9621902 1.846122 7.7641797 -4.4995756 8.726439 4.7454515 10.634247 3.208353 7.193279 3.3022935
cycling 5.3360405 -0.29044488 -7.586942 -3.9080472 -1.4292198 3.5507028 -3.9981556 -0.2772103 -2.868887 1.2089322 2.5709512 4.1217895 -0.4379164 -3.0023024 4.236298 3.1222053 8.129445 -2.0665565 5.941475 0.62463135
sprint 2.161299 -1.6935608 -4.8165207 -7.5942087 -1.6296138 -3.0028613 -2.820422 -0.1569192 -0.8332918 5.570619 2.5669956 1.2412293 4.1825795 -1.157284 6.84676 1.6437355 11.674014 -4.7570605 3.6258297 -1.242802
runner -2.7541664 -2.2123425 -3.9763463 -4.1133823 3.630066 -1.2677164 0.37785584 1.6395134 -0.45889458 3.776752 4.3718305 2.1513262 3.542275 -6.974207 4.2356524 0.45407125 9.245652 -3.4295979 4.144892 -1.8811408
fitness 0.59062314 3.9050157 -0.7158459 -3.0573888 -1.3653127 3.256957 0.35017347 -0.99551296 -2.3328483 -0.7557983 -1.1741155 1.1935228 -4.056726 -6.6353407 7.263228 5.9764132 5.7535176 -0.33321607 6.0939345 3.316384
rowing -1.1516117 2.216197 -11.796168 0.24259475 0.70963144 2.8708055 -3.5254052 -1.9724667 -0.7288966 1.4303719 4.828507 2.7814896 4.512591 0.65753967 9.405282 4.3321457 8.185858 -1.7352802 3.9943926 0.59676534
trainer -5.292542 -0.70513606 -2.8419552 -4.2410784 2.1902149 -0.4639739 0.8002924 2.7052429 -1.2253381 0.18497127 3.419152 0.40656194 1.4363333 -2.8591 10.175529 5.7296844 2.060012 -6.300269 4.076799 0.39765397
varsity 4.8057065 -0.17394891 -5.543906 5.813272 3.869741 -2.508852 -3.1476853 -0.33406672 -1.7566717 -4.614755 0.91369015 2.5305088 2.7753656 -6.7612715 11.213839 5.560488 9.069559 1.301089 2.6260118 -0.07920332
polo 0.51471543 4.281861 -8.062897 -7.1188707 -0.23495944 5.7267194 -4.0386567 -0.7185227 -6.6575303 7.191926 4.9041533 -1.9170475 3.7355955 -2.5953264 6.5051327 4.238008 4.0122876 2.9384074 1.3895588 1.0021474
skiing 3.8339307 2.2424757 -8.457347 -5.4520493 0.40192866 8.117072 0.119135655 -4.835492 -2.8300664 2.193757 5.5998216 1.8444722 1.566119 -4.872374 6.8111925 -1.0687522 10.608019 -1.5250819 5.827048 2.002555
handball 4.549215 -3.1653063 -6.049814 -3.222969 3.9055192 6.135128 -6.359035 2.0545557 -0.8767953 7.362341 3.1693604 -0.6588155 2.1293771 -1.8672781 13.468948 -0.9079024 2.8823779 4.9267077 2.6631217 1.5663124
cups 1.7341198 4.792548 -6.276629 -6.3842263 -0.72817636 -1.9424112 -1.7734439 1.6225008 3.7758 8.400313 1.6295621 -0.13476232 1.5474623 1.3095548 9.536917 -1.372363 2.1824117 6.5297766 4.1323934 -5.3671107
gymnastics 4.1086454 1.561191 -3.707438 -1.5555075 1.8973433 7.0091496 -0.8371275 2.6387951 2.258116 0.5271128 2.4975479 -0.18511687 4.5105557 -5.681031 11.256375 1.8247234 8.294646 3.8803966 4.6701303 6.498514
paralympics -0.70078725 6.357681 -8.083702 -5.7345347 -1.2522603 -0.42180875 -1.3395548 0.7236192 4.6244035 6.7104445 5.53426 -2.5229497 -1.7931266 -2.923768 9.743834 -2.4885685 14.328172 1.978004 -1.3085777 7.8679166
lacrosse 4.3395543 3.1792157 -6.856309 4.3928666 1.7642817 -1.7772601 -3.4526787 1.6600128 -2.3612933 0.31105167 2.1917398 3.114193 5.0641227 -8.513744 10.0982485 6.8012404 2.6042252 0.7726933 2.567704 -0.6065853
poker 3.8293872 2.8935597 -4.9161696 -8.680635 -2.3141997 -4.209884 0.7040688 4.6373615 -1.6912217 -1.7451895 0.3327597 2.872588 -1.6846626 -6.3136563 6.134169 6.336139 3.9466574 2.188794 0.43023023 -3.039063
softball 6.0247955 3.434988 -7.6256647 2.3606064 2.0746431 -0.21842328 -2.1217275 -1.7256598 -5.709351 -1.8890389 1.0671793 2.6265984 3.5300112 -10.611514 10.029129 6.6322756 5.6972523 3.2121046 2.594354 -1.0678027
badminton -0.73474973 -3.4725585 -10.547941 -4.357686 2.426557 4.2343216 -2.5914762 2.10327 -0.33968177 3.7822073 0.009470894 2.9422965 -0.11462503 -3.7493665 11.021055 1.5959277 5.7317204 4.7044563 2.0462604 1.488072
contests 6.4372835 1.6563292 -3.8042026 -0.74876446 -0.3195279 -0.99441993 0.5804022 4.920484 3.9474845 -1.5177892 -1.1716516 1.3551638 -4.8876276 -4.3971515 6.4461384 1.350659 6.2179594 3.3395312 2.8807275 -3.083405
wheelchair 0.15670422 2.1991389 -3.030326 -2.4390862 1.6618739 1.1709964 4.1859627 -1.1473261 -5.1438417 -0.44401866 2.2792141 0.6229031 -2.0684125 -1.7817249 8.177453 3.8432865 7.7969213 0.3845374 6.218757 1.5483631
curling -0.90818256 4.6194887 -8.645478 -1.8699051 0.5254692 -2.2815535 -6.181514 0.6031616 -3.071973 4.224757 4.5585666 3.6683488 4.826138 -3.4921412 7.048108 2.9858053 5.3191557 3.7762165 1.5226092 0.17449903
medley 1.4657855 2.8601606 0.53682196 -4.985539 0.62605864 -3.428722 2.1230297 3.1895227 2.1723785 -1.3810881 1.0799748 2.904151 6.120512 -6.165172 6.0509152 -4.7189565 10.840408 6.8728976 -0.0714281 -0.98367876
swimmer -7.0997944 1.5293719 -4.2285056 -5.8287635 4.63595 3.5121238 -0.11663064 0.81466 4.086032 8.049481 5.472797 0.40970895 3.7916534 -8.863689 11.920518 -0.10602824 6.6280556 -0.80676144 1.0291128 3.0316172
juniors 2.2012231 1.3314713 -3.42915 -2.187439 2.706827 0.55627894 -6.878443 0.7977346 -3.1317081 0.13181618 2.917285 -2.4475121 -2.4378493 -4.4215846 9.673051 0.2905686 6.312851 0.33643126 2.2482197 -2.439016
paralympic -0.110218786 0.949347 -8.044185 -4.8851666 -1.7065883 0.64494264 -1.8581314 2.0811121 4.2566714 6.0647025 -1.5444322 -1.5309294 -0.2982079 -4.9174047 9.710732 4.8441935 6.806291 1.7534158 -0.29118523 5.838214
bowls 1.0841258 6.2493863 -6.509841 -1.8007346 0.5851204 -1.8475349 0.03471391 -0.12179766 -0.57181394 3.8414626 2.149279 2.429904 4.004263 -1.6259948 8.947411 1.1500793 3.21835 5.819598 5.2877507 -5.6894326
sevens 1.7250991 -0.8620816 -11.694134 -1.9912753 -0.35563707 -1.7787175 -5.3659906 7.6162753 1.9656965 4.113507 2.1546965 1.473087 0.0075613526 -3.3661408 3.9145494 1.3743627 6.3924994 1.2310923 3.891552 -2.7052326
hurdles -1.4314717 3.7302465 -1.7596161 -1.4941623 -0.21933547 -0.7514395 -1.317862 -1.9492656 3.0522246 5.3221908 3.637943 2.2898974 1.278398 -2.8635764 5.611292 3.1539757 13.468718 -0.85345274 2.9759336 1.6798258
skate 3.3005142 4.820062 -4.316625 -3.2599545 -0.06812064 -3.6860254 -0.85473835 1.4724597 -1.0806917 -0.05391815 3.7980607 2.9219084 4.606407 -5.1843762 5.294721 1.0337563 8.194215 3.5081592 4.1314216 4.723928
rink 1.2375029 9.108181 -4.353325 -1.7837536 -1.1291312 0.4624427 -3.4219859 1.3591658 -9.03935 0.29553163 5.6956296 0.15062773 5.002372 -1.1993986 9.443282 0.48633713 6.1537633 1.6462004 3.2000227 0.62664485
equestrian 2.564297 -0.102132134 -8.706763 -1.2127712 -0.81009334 5.763418 1.8277968 -0.60566 -0.14131705 2.7315364 1.4942787 0.34220248 4.487959 0.9974608 7.379154 5.4730597 4.224806 0.33141983 -2.431383 -0.26099172
intercollegiate 9.470043 1.2553439 -7.6249166 8.265919 2.0300965 0.052261405 -3.2518008 1.1357582 1.3570634 0.12617105 1.9482409 3.037062 3.1589653 -9.113574 8.598882 6.679472 5.0282726 1.1664321 0.05209148 2.5924184
slalom 3.9194226 -0.20130716 -2.9248035 -6.4981174 -0.8858491 2.4466088 0.6919158 -2.2720215 0.33876476 10.2702055 4.4883065 -0.12005454 8.734611 -2.8234742 8.814923 -2.0050828 15.045333 -2.993215 0.19292037 0.80161077
judo 0.9826594 -3.7691538 -3.772181 -2.9129546 4.5282183 4.5517936 1.3323244 1.9056823 3.299092 2.6165586 3.1386936 0.20177633 2.021184 -5.3750477 8.597195 1.2083796 6.9797363 1.7976476 2.7311008 7.3554225
darts -0.5260392 -0.47417226 -5.377093 -5.690893 0.7436507 -2.8391573 -1.3634148 4.8506513 -0.40819073 3.77615 2.7398627 3.0440612 2.3043053 -0.8180287 6.405642 4.1291 2.557591 1.3859205 4.82671 -0.95066625
karate 1.207477 -5.9069266 -3.995093 -3.097642 5.829355 3.7226522 4.3923883 4.569551 1.7507778 -1.2136722 3.2680347 3.0785282 4.4132676 -7.3639455 5.7910914 1.1143233 4.9516454 2.2811742 4.38738 5.8967276
squash -1.2585181 3.3560076 -8.002086 -3.7107642 1.2044278 2.4449823 -1.5300103 -0.7321341 -2.2575579 3.827403 1.2541615 2.7816463 0.18957698 -3.449788 9.011421 3.403134 2.9880266 6.288689 1.083339 -0.9110323
swimmers 2.0699651 3.6594636 -4.8620887 -4.028801 2.033742 0.11469028 4.8903537 -4.0570693 5.504516 6.988466 3.7494774 -1.134538 -3.1161213 -3.7553906 8.291518 -1.1243532 11.123641 1.0490999 5.579751 2.0231965
cyclist -1.6675262 -3.0225537 -5.9727716 -5.1747136 2.8012538 2.8965828 -3.19649 1.8757209 -0.8154336 3.8644474 6.0000477 1.8865398 3.465461 -2.0974057 8.856147 1.6870517 5.5370994 -6.2620144 4.0957885 -3.310529
archery 2.0524144 -2.069132 -8.409587 -1.8490497 1.5767202 5.4331713 4.175414 0.03526991 2.1626127 4.093009 1.6367441 1.707267 2.275091 -0.77913237 6.3364162 1.9165446 7.5505805 2.1045742 4.3292403 1.7492582
invitational 3.119541 2.9486947 -7.289301 0.48883715 -1.0502498 -3.9493892 -2.9422169 3.705265 -2.874974 1.3212117 1.0243438 2.516739 4.4118743 -7.2009525 6.833902 3.6746068 9.198175 0.94169736 -3.8633685 -0.5243834
trophies 3.7841864 3.1623168 -5.4435625 -3.6806397 -1.7562904 -0.9911543 0.58448935 2.972533 4.3682427 3.1360075 0.8547932 0.5179296 -0.2903815 2.2356303 9.646464 2.2658963 4.0092564 1.8994817 1.4087622 -5.144706
trainers -0.43308282 -1.6419894 -4.196434 -3.118586 1.587257 -1.1819302 4.0649033 -0.9178521 0.5245562 -0.9161077 0.7576877 1.315055 -1.9491881 -0.92571205 8.9275055 3.9394772 1.9537227 -3.7796223 6.2682495 1.4902216
skaters 6.7073836 0.39359686 -2.4601357 -3.70405 2.428963 0.42626625 0.22361867 -0.9158457 3.5437646 1.3342197 2.4894087 2.3832345 -0.23895943 -2.8435166 10.284249 1.9635338 8.298579 3.1132646 6.2282643 -0.20212539
futsal 5.891878 -3.2974298 -6.888349 -2.424976 0.8996171 3.9959013 -7.2616267 4.1453056 -1.0274808 8.121939 0.7158997 -0.16605216 -1.154631 -3.4170709 8.526898 -2.2144496 2.5499136 3.6530976 1.798581 1.7384977
golfer -6.198033 2.0782924 -5.1729264 -3.6337223 3.969653 1.0755808 -4.563424 4.810069 4.1408167 1.2142028 6.6252666 3.8642845 2.5057182 -8.8706665 10.97823 4.0352683 1.9122603 -3.1697085 2.4842951 -3.6435995
netball -0.1487518 2.6550813 -10.744577 0.3344939 1.0545126 1.8848504 -4.5094013 2.5715203 -1.253608 4.198341 1.8138343 3.3032982 -1.1329682 -4.772906 7.7499413 4.280621 3.4052806 3.137111 5.7653804 -2.8328633
sprinter -5.6058736 -0.34421614 -3.8144405 -5.291944 3.3131058 2.705642 -2.46965 0.026943557 2.0079947 6.6915436 5.3844028 3.479258 4.836458 -5.481043 10.164693 -0.8476086 4.8441687 -4.151205 3.116738 -1.2564454
weightlifting 0.87312925 0.50601524 -5.5715847 -4.4353642 1.430955 0.78603935 0.87990177 -0.13419475 4.2982154 5.4983544 1.473608 -2.0113447 0.014238139 -3.9044456 9.56294 0.8189024 6.462653 3.0855753 1.896169 6.7675962
regatta -0.9027902 3.5243769 -12.213862 0.31680107 -2.5883923 -1.6664231 -1.2604345 0.035778586 -1.4920819 2.9638414 3.092479 4.2761497 3.1469598 2.598618 6.135091 0.9541381 10.703174 -1.3334463 -0.56600577 -0.73602843
jumper -5.7263126 1.9404594 -0.88714755 -1.3648064 5.0480433 -0.96392196 1.6992501 0.5711729 1.1150866 5.3597975 5.1156015 1.8404737 5.060343 -3.8623643 9.114762 -1.3867528 6.9379344 0.9111496 5.881837 0.29148248
snooker -0.8391046 0.4115763 -6.660853 -4.265051 -0.14996362 -0.90779656 -3.8727376 7.379284 1.2425838 1.1667964 1.0458611 3.1849406 0.07032088 -1.6372252 7.579918 4.6741796 6.3334284 3.226999 4.376255 -2.9617536
breaststroke -1.2681878 3.0600464 -1.633787 -4.121823 0.4298779 -2.490739 -0.41551548 -2.4792798 6.300811 6.4536085 3.740666 0.441037 6.805432 -4.4194417 8.345577 -0.38498232 13.774761 1.3183041 0.59815985 4.119805
novice -0.21467286 -3.1085553 -2.4832826 -1.2076997 2.5932057 2.9349103 0.72902226 -0.9412914 1.4251019 -2.0416112 1.5598155 1.3360689 0.22344325 0.5850381 5.3812046 5.409944 8.4615345 -0.3565005 1.0435463 -1.2508962
backstroke -1.1994774 3.1347682 -2.0445392 -3.3591821 0.3683744 -1.8628416 0.09223405 -2.83265 6.0242715 5.4150004 3.4168272 -0.46871716 7.208499 -5.0671544 7.7954197 -0.28634882 14.2818165 0.6047836 0.27677628 3.1248777
gymnast -3.591589 1.113401 -0.44166437 -4.9486904 5.2770934 6.024517 0.5719324 4.690941 6.3361683 5.159611 4.843339 -0.4790714 5.2012496 -7.510078 13.308731 0.69252723 5.813676 3.5970447 2.2711139 3.8408372
olympian -3.652127 -0.34250522 -3.3992896 -3.336306 2.8779814 0.56703776 0.5191719 2.7471743 1.9356742 4.372817 3.445562 0.16864668 4.3838816 -4.129844 7.034927 1.6654924 5.3079205 0.34073928 -3.4312797 0.46396014
triathlon 2.3316948 0.6777547 -7.402895 -4.007581 -1.4247293 0.7422428 -2.4727106 0.20062897 0.22137268 3.8286579 3.0891564 3.160318 0.81583655 -3.2408638 6.5712953 0.82529205 9.099896 -2.8083353 0.62697655 3.0774796
sportsman -4.604153 -1.2343732 -6.331184 -1.9195398 1.6899408 2.465652 -2.038285 3.4658034 3.772922 0.3565121 3.2672586 4.3239727 1.0707182 -2.4300802 7.7134304 4.1669283 1.7371855 -3.84958 2.3652601 -2.9352183
gliding 2.6360097 -1.4053897 -4.6620145 -0.9363586 2.3571248 3.7738693 2.163719 -3.8309565 -0.80732936 -0.456896 3.507043 2.0266514 5.022522 -0.7029594 4.909067 -0.044248164 5.774497 -1.1831781 9.131543 2.3944542
fours -1.4632826 0.609815 -3.947401 -2.4972575 1.5490549 -4.00157 2.3122451 0.7816232 2.017176 0.6474633 1.6396267 0.6095551 2.1828625 -1.7189826 4.771989 -0.16533518 7.687532 -0.046042114 4.291348 -6.840943
steeplechase -1.5140543 3.0419016 -6.908663 -3.567896 -1.2759564 -1.1342536 -1.9333341 0.094940424 1.6526469 3.1596677 4.6391006 3.6574783 4.0071907 -1.3044555 5.111914 -0.14319003 10.255749 -1.6855894 0.04742525 -1.5017282
golds -0.4138362 4.0255947 -3.8893352 -5.1433287 -1.0833229 -1.5462042 1.5976907 0.30014056 3.6232996 2.2559605 1.485391 -1.2032274 2.9184496 -1.2093018 7.1982336 -0.7000966 5.120952 1.7058185 0.28233296 -1.4227073
bandy 3.8589218 -1.2171574 -4.481344 -2.751773 3.2960145 2.1456976 -6.1070824 0.74470097 0.55158263 3.1301131 3.3215106 1.4333837 3.2263775 -1.0531187 10.54006 -1.732891 0.7759112 4.318532 4.2649174 1.8269883
skiers 3.284392 0.50455034 -5.3571525 -4.0758977 2.4133458 3.9869068 2.804622 -4.971184 -1.8087296 2.265129 4.6038637 1.0655969 -1.7624401 -1.6338626 7.0934963 -1.028863 9.910034 -1.3501351 6.6458006 0.55027455
motocross 3.110322 -2.7245877 -6.7169394 -6.972046 -0.7698294 0.5432072 -2.2791367 2.1206615 -1.8210301 1.4818406 2.7925413 4.3948545 2.2864842 -3.9019537 6.439507 3.366618 4.407162 -4.799653 3.3916562 -2.342629
golfers 1.5055852 2.950191 -6.3777175 -1.1850194 1.2494344 0.64988387 -0.6581764 1.3202379 2.4349327 -0.7253702 2.5882485 3.5115576 -2.233676 -4.077534 8.144646 3.7475176 4.9287686 0.5211266 4.237489 -4.346501
orienteering 2.3737426 -3.1412518 -6.5041947 -3.8758965 0.23204534 5.4267745 -1.3517212 -3.7292545 0.2119052 3.6428638 1.7557726 4.783955 4.8078494 -0.6223862 8.402377 -2.2089636 6.4731174 0.2511433 3.0228264 3.2503138
kennel -1.2173039 3.1837828 -10.4086 -1.9093497 2.172062 -1.8591634 -1.0844504 0.013049201 2.751137 -0.87575716 3.0732577 4.9955597 -0.95256585 -1.6393389 7.8387294 4.42909 -1.4963689 4.181706 2.5169044 -2.061956
springboard 2.4978292 -0.8026244 -3.2441666 -2.1758082 -1.1337992 0.57333565 1.8422774 3.1705618 -0.7530959 2.2068043 0.22269128 1.2135615 2.4977198 -1.9674203 2.0985703 1.7351214 5.7137322 1.0702927 3.9638622 4.127567
allround -2.0994675 -1.5741 -2.0235345 -2.383887 0.4719738 3.4549444 -2.1551125 1.6648432 3.9423304 3.2949007 1.2971138 3.1180286 2.916741 -0.43991256 3.439606 5.225067 7.0125904 0.49079534 7.387207 -0.5350925
sculls -6.4791155 1.9405317 -3.2025244 -7.5838966 0.64499766 -6.617762 -3.154129 -0.77631503 0.8108509 6.3361826 1.8798221 2.7805362 10.215769 1.2681408 10.17605 -0.6892031 9.828709 6.2517204 1.4243553 -0.15088624
dressage 2.1843758 -1.5861479 -4.9427447 -4.9680324 0.5375532 4.453474 1.2600349 -0.82424587 3.8870287 3.0767837 2.7508988 2.9234955 4.1062145 0.4862993 9.158479 3.4982874 8.703896 -0.17270306 3.5525484 -0.20236704
snowboarding 2.9159732 1.5573909 -5.3411283 -6.6723337 -0.26606023 2.9032085 0.9530574 -0.5743175 -2.1138709 0.26878488 3.2710848 2.0012038 1.6317028 -6.5188704 3.8225362 1.0234934 6.4865656 -0.6020532 4.6765065 2.133981
billiards 2.368086 1.3384246 -5.4349947 -2.8318584 -0.24386568 1.7096075 0.33034593 3.073537 -1.5107709 -0.72617286 0.5438291 4.404425 2.8675683 -0.6061881 8.58464 4.9762063 2.994162 3.7588274 3.2150242 -3.3117282
fillies -1.1338595 4.819099 -7.1384063 -4.492094 -0.92625135 -3.3754053 -1.3863465 -3.760833 4.396516 1.9786236 5.6885195 2.3738277 -0.19189626 1.3825502 5.4733424 2.6471856 10.215891 -2.2811058 -1.2753925 -9.664647
luge 6.4196987 1.0131887 -3.5981832 -6.838339 -1.8890413 0.7809932 -2.7167768 -2.5181804 1.084617 3.581609 2.7668705 2.5262873 7.461964 -1.1831168 6.8769226 -1.1340756 8.452239 2.952918 0.038419414 4.789521
pentathlon 6.548057 -0.8382668 -4.039379 -2.0512898 0.016663773 6.7258096 1.7095783 -0.0806814 7.1432886 4.7339206 3.7162483 4.9308233 6.9126096 -0.05982346 8.713155 -2.4496121 8.858655 0.9840505 2.9876673 1.7746104
bodybuilding -0.20437713 1.8483528 -2.2298448 -4.88911 0.9346929 2.185081 0.26750952 2.938552 4.129357 -0.021149553 2.6392412 0.76528525 -0.867198 -6.5283027 6.8532023 3.2187877 3.7079704 -0.20318832 2.409472 3.5684953
decathlon 2.116779 2.5409722 -1.4710549 -1.2363132 -1.6314516 -0.9208459 -1.887186 0.621654 2.4631593 2.4667377 0.07712441 2.2142994 3.3793461 -5.0131655 7.2549853 3.3588696 8.926322 0.28577664 -0.49796805 3.1107357
gymnasts 2.805533 1.8451405 -0.6556506 -3.825733 1.924334 1.1018041 3.145415 0.41930842 7.1726346 3.7995715 0.67529666 -1.9891008 -1.3257705 -1.5594013 11.826733 -1.6783446 8.870135 4.766533 4.5303435 2.4346738
sprints 3.3032784 -1.8458737 -1.8039471 -1.7176296 1.2114683 -1.8822604 -0.8275928 -2.3631098 -0.318008 2.7137668 2.014357 3.9073548 1.6428542 -2.4131236 6.208908 1.1659461 10.65955 -2.6618729 3.9326494 -1.7363777
olympians 0.18827188 2.0181637 -4.5875974 -2.6293175 0.7073394 -1.2070644 1.7325604 3.319446 2.7977326 2.318823 2.269916 -0.71633595 1.6877378 -2.9182763 7.4981203 1.586384 2.8309827 0.1484829 -1.5817982 -0.8752968
karting 2.037302 -2.739699 -3.539209 -6.191883 -0.17475344 2.0812516 -6.4017706 0.6365205 1.4397614 1.4185069 4.667899 2.3030217 1.0512996 -0.16964114 8.477473 1.0403229 5.8092613 -7.750951 3.6596322 -1.2573191
eights 0.58736587 -1.3339896 -6.3041787 -2.0259173 2.4139912 -5.1602416 1.4858223 0.22866869 0.87040585 1.5493896 2.1065924 -0.15727879 3.0867178 -0.65012026 4.8603506 1.9620031 6.411398 1.0082008 2.8494287 -2.2960875
ironman 1.1058214 1.2038614 -6.23162 -4.8360686 -1.8800317 -3.290767 -2.7489998 -1.1807793 1.7164147 1.9593263 2.3349812 1.4543322 2.939219 -4.6182747 3.9326928 1.2229891 8.207354 -3.310454 -1.6821195 2.0791821
footballs 2.212001 1.6409519 -3.8927324 1.5848044 1.2729028 -0.89281535 -2.7741446 3.8302722 3.335771 2.4818792 0.4335991 1.0631441 0.15954678 -3.3860512 5.811974 3.8573818 2.7127419 3.0297523 4.9945245 -2.1371496
skates 1.4681529 2.6918945 -1.9909966 -5.751629 2.2385843 -1.1865652 2.281621 -2.1555872 -2.3450325 -1.2956378 5.149667 2.5924923 4.3457694 -2.5689547 5.3826113 3.1050248 3.2426827 1.4082302 6.2655973 -0.7790015
rowers -0.034259122 0.82847214 -6.502257 -1.4665478 2.0410657 0.875017 2.3716056 -3.1342728 2.8156123 2.0755885 3.4125965 0.3987784 0.20326036 3.1556354 8.101112 1.0926929 7.3572865 -0.1245245 5.5980115 -0.710331
competitively 1.9441174 0.9612285 -1.5361143 -3.4815652 2.0652115 -0.7292273 -1.7760893 -1.61811 0.59602356 -1.6504631 4.5013394 1.7278373 -2.682603 -1.3850768 5.9360895 3.0260332 4.0446143 -1.9481138 5.383622 1.20259
marathons 2.8039021 3.3463933 -6.1012216 -2.4223113 -2.4329 -0.3285399 -0.24116205 0.09727454 1.7685897 -1.395956 1.1955911 0.1072248 -1.9740196 -4.0811734 4.9572988 -3.0090473 9.291915 -3.2178237 2.2320247 -0.9758013
snowboard 2.5228574 0.19441223 -6.2254295 -4.2871237 0.040730663 1.8483629 1.00017 -0.9891354 -4.0517106 1.0063288 1.9068038 3.6559653 4.848441 -4.2511606 5.695171 1.8258414 5.714462 1.2521155 2.8078432 3.4489913
powerlifting -0.5824904 0.6950801 -4.014304 -3.8644867 1.4018015 -1.2238522 0.16674972 -0.5566373 3.730371 3.044597 0.5963706 0.79706705 0.13267484 -4.2769957 7.962738 2.2699568 4.9430113 2.9239008 2.6695776 4.612159
bobsleigh 3.2732701 0.65575695 -4.634291 -6.2089605 -0.46965122 -0.12933744 -0.32794592 -0.89430314 0.3412605 2.7411304 3.1058772 -1.1390435 5.4603143 -0.9509452 8.278127 1.6529025 6.416561 -0.6008837 2.1970093 3.961473
coxless -5.378069 1.8533827 -5.4615126 -5.1828947 1.190765 -3.5886176 0.3374756 -1.3653039 2.0439596 5.5410037 1.5125624 -2.276538 9.693186 2.3787842 15.375588 -1.0345075 7.8545685 1.8993684 1.3895346 -3.5047824
coxed -4.0479116 0.618024 -7.2368636 -3.725127 0.7839244 -2.8365812 -0.10112025 -2.5635521 2.5460784 4.636296 0.694896 -2.009996 9.029717 2.6333091 14.031246 -1.5355678 8.002759 1.5267255 1.8193194 -1.4894468
dinghy -1.099924 0.6091777 -6.811043 -4.4206605 0.20916164 0.23737697 4.3650646 -2.779228 -1.043191 1.2545586 5.1904883 3.7061412 3.943055 1.5443369 5.0112844 1.1833997 6.824598 -4.160868 6.3862967 -0.06383877
aerobatic 2.7572272 -4.628048 -4.032913 -4.094345 -0.15382917 -0.17841554 3.4557722 1.1924006 0.85405004 2.4673154 -0.17223711 0.77103823 6.5999727 -0.9585573 7.494884 2.4340982 4.0869894 -4.220748 7.1434183 3.9742756
beginner 2.4904695 -2.7247944 -1.2236696 -2.4395144 0.97184837 3.8734944 1.5442258 -1.9256296 -0.51186603 -2.7991438 -0.26546687 5.5775166 1.5640022 -2.7547872 4.6433334 2.8069904 7.149649 0.21398316 6.361734 -0.8121883
sprinters 0.8668376 -1.3667853 -1.3787754 -3.5148704 2.9133048 0.11477993 -1.5056658 0.25498858 2.5201035 2.3558433 4.5574574 0.010186821 0.11585991 -0.6243425 4.673635 2.3439527 7.118765 -2.3209329 5.7560253 -4.446735
trampoline 1.592744 2.5540252 -2.8757546 -4.5079985 -0.30844253 0.14568461 3.094777 0.3610054 -1.8851372 0.8063352 1.591497 0.9375541 3.3974931 -3.597465 5.3361773 2.083201 5.82748 1.8866159 4.651842 2.0798185
eventing 0.6323627 -0.49208453 -6.742384 -4.3902416 -0.5007973 1.4023819 1.9394456 0.13654767 3.2523725 3.2943244 1.5889302 1.2521807 2.5158975 -0.829253 7.4843836 2.8930619 8.23733 -0.67492956 1.672868 -0.17856778
fencers 6.041119 -1.8490909 -4.570895 -2.9715865 3.649913 0.7611238 1.5978335 -1.6268338 5.125887 5.598634 3.1380832 -2.074554 -0.4333923 1.0624506 9.809976 -0.14563975 6.5900416 4.4462457 1.4012169 1.5289283
kabaddi 0.49414772 -4.8730984 -8.190374 -3.2426505 1.7586946 4.831734 -0.4557049 5.694352 -0.99578214 3.580113 -0.8422764 1.5881429 -4.124803 -4.224623 4.7740836 0.30946964 6.526341 2.9906318 5.3112936 -2.1971526
croquet 0.11932202 3.248831 -7.0628614 -0.8231522 -0.50920045 2.6552382 -1.2629994 1.6498749 -2.863315 -0.647279 1.4158392 2.3587828 2.5686488 1.2029504 6.0714445 4.471781 2.6484005 4.3485045 1.9756936 -5.1133432
scull -3.3923464 1.3689922 -2.2690754 -3.2824843 1.2205751 -5.3682833 -1.1305815 -0.88659674 0.0616347 3.0316637 2.4961228 2.9676285 7.6981235 0.80011314 7.820424 0.52501357 6.4350185 1.8963014 0.38108742 -1.1868246
racquetball 2.7453573 2.5862536 -4.711267 -1.5180835 -0.09818254 0.4762453 -0.26853204 0.2635478 -2.166339 2.3600607 -0.9879266 -0.14244896 1.686028 -4.1527066 9.063204 4.218835 3.6395357 4.4809365 -0.5143406 0.19687729
heptathlon 0.4077108 2.3722353 -0.9582667 -3.052439 -0.13307048 0.0046029943 -1.2335993 -0.5648554 3.9718907 5.2684083 2.1081362 -0.32954577 3.3195095 -3.871603 6.457128 0.42125353 11.26764 1.4606447 -0.36034986 1.841051
cyclocross 3.9212594 -2.743796 -5.6202807 -4.779482 -1.0449833 2.865288 -4.445797 -0.013443776 -1.0248051 2.2056158 3.2357843 1.8558679 3.0332346 -0.3332528 5.1839294 2.1857486 5.834047 -3.8458052 1.0332688 -1.4834428
regattas 3.8462481 1.3871775 -11.140334 -2.6109185 -2.5805628 1.3766707 0.7675035 -1.1770926 1.162776 2.4822989 1.9091018 1.3699119 -0.3567044 1.4217207 6.2472835 0.65174127 6.4115424 -2.7569735 2.4456463 -0.6510143
medallists -3.4040627 1.6203877 -3.190315 -3.0107408 -1.0506034 -0.92208487 -0.3732345 0.19166714 7.1152735 7.7358823 -1.4513186 0.085190445 2.9669285 -1.4198304 7.8184605 2.4618778 6.4959884 2.3242922 -1.860692 -1.4457883
sprinting 0.61145586 -0.18630697 -1.7182449 -2.490082 2.3808355 2.2750213 -0.1959016 -0.010422064 1.7185668 1.6174097 3.5388682 -1.3930895 1.4145129 -3.3477721 3.511984 3.3387487 8.43235 -1.2731489 5.9018917 -0.5511882
bodybuilder -4.434265 -0.34177747 -1.5624441 -5.163113 3.4559066 1.8300409 0.4589681 3.85796 2.39495 1.8872783 3.3807976 0.108291805 0.66180784 -7.0117483 7.785203 2.5782394 0.93830156 -0.94331235 1.2273585 0.9865319
hurdler -5.3098516 -0.252281 -2.7791333 -2.824876 4.1400146 1.2265882 -1.7355344 1.16878 3.8265328 4.547345 5.015673 0.8334521 4.1616406 -4.9516087 7.492347 0.21002536 5.46577 -1.5247451 0.5229927 -0.3000842
sambo -0.019961955 -3.6859286 -2.9173942 -1.7296668 3.612285 1.9781055 3.427671 3.485662 2.4193127 4.03516 1.7470925 -0.42226243 1.7344867 -3.7632787 3.9484708 1.9506654 1.4324552 2.041991 0.6636057 2.803097
rinks 4.6371 7.335056 -5.501478 -2.043219 -2.2613556 1.207086 -1.4458286 -2.1864974 -3.633429 0.079977416 1.7003446 -0.38888758 1.8774005 -1.4043647 8.11309 -0.14890474 3.297931 1.9390385 6.017245 -0.35936302
kendo 0.8531202 -5.51481 -2.5635202 -3.6043963 4.7083607 2.4074612 4.186233 2.9952214 0.45038214 0.6479395 2.3582714 0.5599057 2.8694892 -2.5704417 4.3046265 0.3068385 3.8200939 3.2463229 4.5642347 5.3911047
racquet 1.0065025 3.7733672 -2.5537984 -2.2456496 1.129028 -0.68665546 -1.3837199 0.7116423 -4.5222025 -0.6890136 2.878287 2.0201614 2.0074162 -1.2038192 6.5062323 3.3465343 2.8193948 3.841918 3.829717 -0.4638382
gymnastic 3.096306 -0.6949406 -3.206604 -0.6405366 1.2931128 5.3853426 0.67715234 2.0232239 0.19144402 -0.9303441 0.70265263 -0.5107132 3.6436288 -1.0435343 6.146561 1.7889743 3.8618705 3.6485457 3.95033 3.4811926
wushu 1.3904698 -5.7474895 -4.6600986 -2.2072217 3.03241 5.3202147 1.7609612 1.9298326 2.902455 2.0755365 0.37199274 3.343582 1.7203764 -3.6061769 5.123809 0.47022083 5.259073 3.6483 2.832125 5.511225
skeet -1.7548319 0.6167402 -2.3963945 -3.9243457 0.65700084 -1.6597193 4.684344 0.4979416 -1.2113373 3.5499544 0.09947576 -1.5327997 3.4301374 -4.40069 5.980376 1.7111595 4.2645082 -0.2838923 1.4457014 0.28430966
triathlete -4.1343575 -0.60720825 -3.7016726 -4.4091883 2.6492507 1.0242094 -2.209335 1.5674921 3.8394735 2.582114 3.445626 0.03182932 2.4291294 -5.1138525 8.708595 1.1459541 2.4569256 -2.3034322 -0.5371026 0.55935174
draughts 3.2639203 -2.3989959 -1.4051757 -3.2403896 1.2446804 0.90882 1.2551068 1.9470059 3.0793178 3.2855685 1.279466 2.3003867 2.5147994 1.0052792 4.6259065 2.2894 1.935946 2.8062212 3.6602056 0.103545435
amputee -1.1273304 0.256959 -1.3348784 -1.8486365 1.7542957 -0.0015539381 3.7109008 -0.29157162 0.6582772 2.3202436 -0.0014408553 -1.9240683 1.4100956 -3.3783298 6.0867558 2.840435 4.7745094 0.83105206 2.5181894 1.8335494
sportspeople 2.6293488 -0.4106147 -3.856937 -3.1430686 1.0590576 3.560349 1.4331033 -0.10300692 3.7288432 1.4630455 -0.3390405 -0.16285777 -5.403931 -2.348336 7.756587 1.9421602 3.7865593 1.5657136 2.5697968 -0.11976433
halfpipe 1.8359877 1.0325356 -3.042586 -3.1033266 -0.5408326 -0.4083462 1.0776266 0.16025227 -1.4739078 3.0102816 1.8691189 1.0272759 5.5312366 -2.7407644 4.0232086 0.9221317 7.285918 0.97328234 2.2387316 1.4290403
snowboarder -2.573077 0.9814743 -1.815344 -4.4636884 2.4164658 0.8807696 -0.21258852 2.106298 0.53590745 2.325214 4.4511676 1.7028983 3.7063842 -5.626021 7.620461 0.5000087 2.4391558 -1.4925724 1.1399053 1.4800369
sportswoman -3.6450856 -1.1735586 -5.1670847 -2.2823982 1.9123869 1.3939279 -3.2249427 2.4428546 4.618547 1.5557413 1.3281554 1.1334195 0.64195746 -2.8968759 8.690851 0.06775761 4.9906154 0.74876684 -2.1026576 0.20009738
tenpin -2.2937903 0.55038655 -8.0590725 -0.620199 0.5134729 -0.83583385 -1.0244138 1.2028601 -0.21424128 1.7770909 -1.3224847 2.6756017 0.43762934 -4.445347 4.7539864 2.1837099 2.0501115 2.5473564 5.6220403 -1.4891087
roping -0.50583786 0.99925745 -5.5896845 -4.0483403 2.1807814 -0.06675533 2.9297063 -1.2952867 -2.6147096 0.5793297 2.377582 -0.6489298 0.7241861 -2.9869053 4.7281446 6.2367716 4.9401875 1.1599423 4.5294 -2.3537936
criterium 2.8224022 -0.8702259 -4.928937 -3.8845623 -2.0145223 -0.1051232 -2.8716261 0.7773495 -0.53757143 2.837753 1.2516359 0.71657616 2.581789 1.1276815 4.2095366 -0.10685454 6.9472117 -1.5503825 -1.6731503 -2.2533855
goalball 1.9721847 -0.75660974 -4.5537405 -2.1595476 0.92192084 1.9591575 -1.1086334 0.36326453 1.4100653 4.12433 1.3732105 -0.6033816 -0.2631444 -3.1261969 5.6653247 1.0290551 4.563611 2.4687355 0.36095682 3.6103258
slopestyle 0.55849266 0.88185096 -3.5465622 -3.2657096 -0.5987146 -1.519078 0.015705561 0.14619504 -1.0730088 4.278029 1.9594955 1.1288384 4.7378807 -3.6062624 3.363332 0.26622835 7.577837 0.51058775 1.0154035 2.8088088
korfball 3.7420986 -1.1774315 -5.2363586 -1.3785295 0.46587226 1.9932398 -3.9536874 2.6534894 0.55956954 4.390816 2.0158808 1.7073348 1.1157811 -0.25818318 5.5835223 0.36391827 1.5341736 3.9312608 1.195666 0.98202825
shotokan 0.6715407 -4.794375 -1.7392209 0.108041756 4.590088 3.7342727 1.5470868 1.786442 2.351933 -0.09629828 1.971287 2.8313637 3.888875 -4.035387 3.9236646 -0.4404871 1.787437 3.0398068 3.9195697 5.0144477
bobsled 1.9779153 0.65889895 -4.265884 -4.4007106 0.2345412 -1.3871416 -0.1647561 0.16705188 -1.4471023 1.6655589 2.7601337 -0.16549736 3.5595422 -2.9778457 4.2772303 2.8123071 3.7683315 -0.2826854 0.70101655 2.497026
ultramarathon 0.8417701 -1.314034 -4.758594 -1.9853007 -0.742784 0.647074 -1.7517592 -0.5731905 -0.0045240005 2.7610104 1.5702041 1.2635733 0.98892057 -3.4684513 0.39128304 -1.1979028 8.113992 -2.4046345 -1.0932634 -0.21846893
oceanian 2.8421338 -1.0357559 -4.4247146 -1.6124303 0.048818655 -0.8651559 -2.6765924 -1.3005837 3.3348556 4.9329085 0.5551481 2.0238826 1.0598831 -2.628435 1.1429307 -0.4659019 2.065868 2.3395343 0.289731 0.44780627
synchro 0.5213166 -1.9860566 -1.0851407 -3.7126486 -0.93393224 -1.8393735 0.48370665 1.1722634 -2.9080918 3.5479078 -1.547712 2.213691 3.6374524 -1.7389119 3.7643569 1.492989 4.952817 1.1740813 2.444747 3.1607418
triathlons 3.9702358 -0.4672201 -4.254165 -3.0288913 -0.59932643 1.0551698 0.19764139 -1.3571198 2.3464637 1.8037523 0.82780546 1.4408488 -1.6756072 -1.5630363 6.189405 -0.5418096 6.915608 -1.5382166 1.3632946 -0.4608501
keirin 0.94393533 -1.4136307 -3.7508984 -4.1071944 -0.7492329 -0.70435643 -0.3128687 -0.39603797 -0.23802708 2.6177707 0.5644638 1.3295448 1.5652847 -0.7936505 3.946925 1.6683385 6.6912084 0.4578662 0.45244592 0.8008229
racquets 0.89476514 2.6481874 -2.640901 -2.151636 1.1734262 -1.1573873 -1.2369387 0.43884677 -0.38863719 0.959925 2.64044 2.7060761 1.0951781 0.11071383 6.899896 3.7748363 1.8760048 3.0071254 3.1405115 -0.71288186
jujitsu 0.950103 -2.9334428 -2.4535964 -0.85731167 2.3883922 3.33494 2.5572896 2.3065143 1.3376977 1.4620697 1.3468499 1.6318716 3.392385 -3.6012428 4.3065653 2.0011415 1.6679518 1.2606344 2.2152011 3.7680478
weightlifters 1.0055149 -0.4764959 -1.8669833 -3.397538 1.4313596 -0.3644227 2.2689228 -0.48621273 4.6450205 4.301515 0.45071468 -1.781615 -1.9873579 -0.61102474 6.9393 -0.793209 3.6012511 1.7210389 2.1995585 1.6175005
kumite 1.9063861 -4.9648504 -1.1094832 -3.558749 2.6233287 1.3962181 2.1158607 0.42671883 1.7129441 2.7701964 -0.37361255 0.5958065 2.2762225 -2.177023 4.5785146 1.1854614 5.1741343 3.5186806 2.0979502 3.1250212
hurdling 0.058091145 -0.073123686 -2.1346354 -2.378102 0.40127477 0.49308816 -0.9869526 -0.5572688 1.5628222 1.4219953 1.8526096 0.097988024 1.961938 -1.4812142 2.9210486 2.5053132 5.75507 -1.0218512 2.8160503 -0.4441529
dancesport 2.4974742 -1.1992441 -3.9534917 -1.41427 0.05658775 1.637353 -1.8471466 1.9460994 0.9229061 1.4189456 -0.83244795 2.7663412 1.2932904 -2.5934343 5.0220118 0.7052746 2.826334 4.250827 0.67019665 2.2668304
smallbore 0.7640934 -1.8559085 -3.52893 -0.852723 0.82446104 -2.2704325 3.2735739 -1.293967 0.9685919 3.756952 -1.0231315 -0.76630986 3.332258 0.04578988 5.1853075 2.161732 3.237425 0.03325708 4.7587714 0.062013056
triathletes 1.8137872 -0.513526 -3.1453881 -3.7077415 0.43889824 0.57215965 -0.0989396 -0.36343756 1.8305769 1.3245533 1.1534085 -0.0871084 -1.5967473 -1.5519718 5.7663507 0.6254763 4.332806 -0.34731483 2.3618011 -0.70259094
carom 2.307361 -0.008720793 -1.8673786 -2.6861129 0.43261197 1.1137377 0.9633526 0.5959197 -0.9057403 1.5701513 -0.111184955 2.3314729 1.6629915 -0.66467035 5.0551243 2.736189 1.7181959 3.7508252 3.3040102 -2.1512992
waterpolo 1.7794027 -0.9906465 -2.4210596 -1.6686817 0.8241462 1.8153965 -2.1312492 1.0417564 -0.18456872 2.543681 0.787292 -0.8863333 0.79506564 -0.6328139 5.0372357 0.9045294 2.1516757 1.388547 1.2867959 -0.3503228
equitation -0.2808332 -2.6172736 -4.728393 0.6091729 1.3043073 1.3032736 0.8711895 -1.6066855 0.15245584 -0.26635426 -0.64205205 1.1692716 2.2682192 -0.20137484 4.196332 3.9907122 3.7945683 -0.1497325 2.460069 -1.5237353
duathlon 1.742563 -1.4665382 -3.0809047 -2.6372638 -0.55358624 0.880103 -2.1555018 -0.21666166 0.68775773 2.5512955 0.79260343 0.9565044 0.97665745 -1.4040244 2.9001243 0.44806477 4.6187763 -0.34479403 0.00017319317 1.2152231
racewalking 1.6162666 -1.1066717 -3.4970329 -1.0250468 0.35449865 0.859643 -1.1114888 -0.41401646 0.9379734 1.4992286 1.1454327 0.27455226 0.15806004 -1.5477395 3.0633905 0.33276147 5.4759564 -0.036246736 0.6804691 0.5550249
showjumping -0.0056783604 -0.4430265 -4.210984 -2.0795121 0.1353935 1.1349696 0.075028084 0.55671066 0.99258024 1.0769022 1.0984911 0.08062722 0.8958977 -0.2394614 3.7611835 1.8943416 3.250539 -0.26287517 0.8723353 -0.36788732