Centroid_108 -3.402301523233335 -1.004215338373563 1.1592577884425286 -4.1899394170114945 2.085192813511495 -0.18580805188160965 6.319175999827586 -0.6942797389942525 -6.187073733333331 -3.6110607595574717 1.5210550269597698 -4.994473929885055 -1.3028836454506543 -0.4216376058477012 -3.657570805344825 5.183613361091957 3.2920650982528725 2.6237039509942517 -0.671036034626437 -0.69225800187931
find 0.8798866 -0.7481991 0.41743645 -5.249386 1.4962367 0.032977123 4.9102597 -3.923387 -4.2663517 -7.7199774 2.6722605 -1.7878231 -3.9710758 1.4806087 -6.2439413 10.439161 4.522793 3.5960293 2.527363 -0.556796
becomes -3.0969505 -2.5283563 4.159542 -2.7131703 3.6603665 3.4081879 3.5040984 -2.6776557 -4.76848 -2.5831387 1.5277414 -2.7609928 -1.865645 -2.741022 -6.287449 5.787258 2.7531946 2.6868122 2.834078 -2.607905
tells -6.653404 -2.151377 1.6757364 -6.0028267 2.5018141 -0.518108 9.46121 0.16998222 -6.8638396 -10.733785 2.2892718 -4.5390587 -1.9365734 -0.8322113 -7.055558 7.3513594 6.702453 2.6637034 -4.3372927 -2.7238617
goes -2.522362 -1.533662 0.16803584 -3.6549985 1.6084508 -0.29669067 3.415622 -2.1709855 -7.3764925 -7.936348 0.63854563 -2.8288612 -1.1844198 -1.2003436 -7.4244957 4.503873 6.3722134 4.155191 -0.023905605 -2.1480505
begins 0.3083663 -1.4162377 2.2107787 -1.1646041 0.95426863 -0.3613249 3.7056732 -2.1172953 -4.950328 -6.952543 0.15388973 -3.6495695 1.5821 -3.8508983 -8.269431 3.591639 7.0053253 2.331804 0.055021435 -1.442165
finds -3.880559 1.2252852 2.3188717 -5.151181 0.33195263 2.7858496 8.841116 -3.4445846 -5.388373 -6.437158 1.636973 -3.8377082 -0.2603426 0.18002965 -5.785565 5.048951 3.6728563 2.304639 -1.8958788 -3.112928
escape 0.7960498 -0.42055953 -1.1899794 -4.5482025 3.141811 -1.4640386 7.8150554 -1.235821 -6.067139 -1.5188359 6.859701 -8.451178 -2.865926 3.2247856 -5.811198 5.395667 2.817015 0.5226103 1.9205024 1.988991
kill -2.4705245 -3.1569235 1.3394133 -7.965466 4.8164363 -4.681046 10.740371 -1.1928185 -5.858285 -1.7667947 4.2799664 -7.3234496 -3.9777017 0.5757402 -5.225294 7.0620637 2.0025265 3.278567 -0.7921012 0.2462815
gets -5.2123275 -1.4066755 1.9293942 -7.1722894 3.0315382 -1.5435151 5.48838 -1.978569 -7.993691 -6.2641425 0.53089505 -4.01869 -4.6781664 -1.8534597 -4.0105886 4.968187 6.6063523 4.356808 3.0533617 -3.3789837
tries -4.059344 -1.0632058 2.1049259 -6.021249 4.955874 -0.85800767 5.188615 2.026361 -7.7372346 -3.4051034 4.263113 -5.2113233 -5.843996 -1.2732682 -1.1013563 8.996026 7.213866 2.627554 3.0559874 -4.364704
turns -1.6117724 -1.4836649 1.8513556 -1.0783023 3.5019028 -0.97666377 5.099999 -1.6581651 -8.606619 -3.5513024 1.9863318 -2.617221 0.07295855 -3.4715133 -6.762525 3.487374 5.965852 2.625116 3.523705 -4.6356096
returns -2.91638 1.0762899 0.40055993 -4.2905836 0.21788444 -2.9730268 3.3405278 -1.2783679 -5.9814563 -5.807938 1.6233988 -4.1860023 -3.7050028 0.0008531835 -4.511136 5.0619917 7.15937 0.96962947 -1.3963972 -1.6092402
meets -4.162467 -2.4535778 -3.422081 -2.3383276 1.660322 1.4175158 2.3459463 -1.2642896 -7.5069404 -5.7400703 -1.4171871 -2.6878173 0.047008842 -3.548016 -1.972276 4.40993 5.4999943 2.714441 -2.9582696 -0.9260217
sees -2.4773943 -1.0578709 1.5741594 -2.6890142 1.4206679 2.046683 5.5271716 0.49871922 -5.3152876 -5.4513974 -0.54417163 -3.7944252 -0.39715496 -1.8270859 -5.490055 5.9482765 4.7809563 5.1532087 -0.65452176 -2.664555
asks -6.9320197 -2.2803423 3.5088522 -5.540108 2.9651358 -1.1992785 8.290756 -0.05295259 -9.422305 -9.999444 0.9087257 -2.5035725 -4.9645104 0.678876 -3.838685 9.196587 7.9515595 5.0352144 -3.28057 -0.5917451
decides -4.943038 -1.371315 1.8566155 -6.0954103 3.7309458 -0.4293881 4.638875 0.34208384 -9.430471 -7.9113307 4.160646 -4.715585 -7.125326 0.61497706 -3.7256517 10.007371 7.3299913 3.4724352 -0.8845519 2.5195718
reveals -3.4744678 -1.6277558 4.009286 -5.5582795 0.5229841 0.6238933 9.499847 -0.87663525 -4.6114135 -6.058503 -0.07492887 -4.839982 -0.25471997 -0.8496091 -6.455229 7.5742817 3.8998332 2.1453226 -3.0759459 -1.3244201
enters -2.6713917 -1.0691334 -0.1977592 0.5046387 1.6979065 -0.113475464 1.3586819 -4.8342175 -11.561449 -3.0897582 -0.7840284 -4.219842 2.1229692 -2.273305 -6.1538906 3.6650877 4.7590036 3.927672 -1.8962355 -1.3457752
arrives -5.2791657 -1.47051 -1.9218657 -4.456149 1.9989707 -1.4259896 7.5716386 -0.60474557 -11.070009 -7.341509 2.5987017 -7.6929984 -0.11827697 0.92778283 -5.1001577 5.3450093 5.9606094 0.8980842 -3.2190976 0.12992568
arrive 0.08933043 -2.3750594 -4.641496 -2.8167868 1.7434729 -3.4025614 3.984451 -3.222352 -5.196038 -6.3483295 2.4773886 -7.035079 -1.1874064 3.1206052 -5.35224 4.0173373 4.6816125 0.5803222 0.58045554 1.5167391
breaks -0.1561208 1.1513307 2.4586973 -3.510692 0.6255928 -2.1489 4.4020677 -1.6054502 -5.932567 -4.603117 -0.074908696 -4.7311754 -0.9771683 -1.4995693 -4.071137 3.0643497 4.3187833 3.3604858 3.5762372 -2.4390438
manages -1.2174605 -1.216868 -2.0671513 -6.1649847 0.11298526 0.78392226 3.642553 -1.4816996 -9.611801 -2.3707612 -0.2993756 -3.1571105 -3.130563 -1.3162957 -1.5251474 7.8690605 1.0579747 1.6153362 0.79958904 2.1608868
discovers -5.1569476 -0.024384785 1.7041677 -7.3597546 1.0524397 0.4922589 10.693428 -2.6054592 -8.169117 -6.950371 1.8806391 -6.764235 0.09534964 -0.9808064 -4.9267516 7.139829 2.872706 1.2000724 -3.6458986 -0.5145999
discover 0.9272595 -0.21761964 0.3343003 -5.05604 0.4477307 1.069187 7.673274 -2.8703814 -4.0247397 -6.547663 2.9604943 -2.2566333 -0.7240006 -0.6133564 -5.62214 8.231152 2.3276756 0.926158 -1.0794499 1.4480364
dies -6.104523 1.0317683 4.214808 -6.485826 1.5954484 -1.2785403 7.712713 -3.4358702 -3.2787738 -3.909986 2.7646406 -8.197186 0.44681183 2.2299228 -4.5263085 2.5875828 7.2264743 2.513934 -2.1653097 -0.73732704
kills -4.5689893 -2.348148 0.9475476 -8.4704685 3.4174292 -3.2346928 11.670542 -2.5083954 -6.0336747 0.30067322 1.7071241 -10.400684 0.25457242 -1.4561696 -3.30783 4.118972 3.5423162 1.4232708 -1.1477726 -2.3034685
learns -5.3873305 -2.151615 1.5758516 -6.2735925 2.461975 2.0775707 7.983987 -1.3120364 -6.187237 -7.679667 2.4365714 -5.828326 -1.8523759 -1.348598 -4.803029 8.157493 4.078331 0.6798675 -2.9408307 0.54777336
refuses -6.7554336 -1.7611779 4.522834 -5.283057 4.118866 -1.4667461 7.3367124 1.0581449 -8.582236 -6.13318 3.3732193 -4.363139 -7.770711 2.612123 -4.0050006 9.741846 4.5607133 5.088673 -2.730383 1.7818975
joins -2.591272 -5.3051343 -2.5306563 -0.6591113 3.8386688 1.2747902 0.43039247 -1.3706182 -9.537282 -2.7605245 -0.118337974 -5.9490595 3.167985 -3.4764636 -5.1156282 4.2402854 2.6333258 2.2393925 -1.0396103 -1.2508979
agrees -6.0607424 -2.3334641 4.4000297 -4.9819264 2.1910162 -1.179052 4.4052544 -0.26153874 -7.035605 -6.9631667 1.2590383 -3.1416516 -4.955509 2.050099 -4.4018655 9.637595 5.566289 3.3281915 -3.2514884 1.1711272
realizes -5.7275686 -0.87337357 4.718039 -7.1736197 2.5645704 0.44266874 7.9533944 -1.2064036 -7.6561055 -6.6799245 3.0858977 -6.5411663 -3.0225956 -0.5801199 -7.1997623 7.980646 6.245199 2.9279854 -0.8042793 -1.6192912
hide -0.24296965 0.30343047 -0.5415253 -4.8149586 2.4570463 0.017558314 7.563437 -3.1170928 -5.0454516 -3.0468674 2.7344306 -3.4056404 -1.9257534 1.964068 -3.9877412 6.152025 0.2834007 5.760226 1.30312 -1.6704654
hiding 0.85082227 0.1575097 -1.851508 -3.1231918 3.0222049 0.0053878003 9.1019125 -3.0056298 -4.8842154 -4.1030784 4.645796 -7.1274347 -2.9895976 3.1790965 -4.0644135 2.6700015 1.4470044 2.962579 -1.4700203 -0.99545
sends -3.242876 -5.4130096 -1.5916637 -4.861592 1.4135116 -2.4421372 6.8408613 -3.7313762 -7.8177547 -4.935715 -3.841573 -4.5841107 0.39263025 -0.4632439 -4.6209445 7.355836 3.7483585 4.6657877 -2.695875 2.43772
thinks -6.2728744 -1.64456 4.3211126 -4.879882 3.0415297 1.5034546 5.4141374 -0.13489833 -3.3037717 -6.0316257 1.4434558 -1.4169782 -4.04027 -1.6721227 -5.8365903 7.759099 3.9472644 4.58381 -0.55560637 -3.200628
fails -1.5649325 -2.5913694 5.390135 -4.7570734 1.0907547 -1.9894783 4.6104727 -1.4608576 -4.412521 -2.0060165 -0.37299365 -1.4539204 -4.950152 0.8018021 -4.66723 9.394993 5.570751 2.9330242 1.925115 0.25127533
locked 1.120199 0.21689631 0.5674841 -2.91349 0.32152057 -4.7037973 6.238188 -2.8357139 -7.8318806 -3.8558123 -0.87792236 -7.074569 -0.10369534 4.6389713 -1.6125976 3.6639338 3.6045232 4.491563 2.512441 -0.38004407
accepts -4.033968 -3.139627 2.289226 -4.093975 0.5691637 0.46215937 0.9477038 -1.694481 -4.738359 -6.660353 -2.5569155 -1.5604683 -4.1132197 0.83110785 -3.4073408 9.208097 5.4371934 4.9885526 -2.9243915 1.7354373
shoots -4.688152 1.038969 0.47435907 -6.4472394 2.7976398 -2.6211264 10.69626 -3.9094636 -7.3352566 -1.5468532 0.67230844 -6.7423177 2.242849 -3.5095828 -0.01055235 2.4931452 3.1540127 2.4925528 3.0695603 -2.6056778
loses -3.8244326 -2.8200972 2.36213 -7.325626 2.4033842 -0.9875418 1.0439197 -3.8189683 -5.3866425 -1.0920795 -0.8795754 -6.5253053 -1.2979985 -1.6213387 -5.047962 9.198097 7.0372934 4.776085 2.3363419 -2.5702472
steal -0.47504756 -0.29847318 -2.0229173 -10.271869 0.8610008 -3.7275066 6.668994 -2.4857624 -7.584924 -3.227335 2.4064386 -4.0791817 -1.2298937 1.8552854 -2.0323772 9.8839035 1.2976645 4.0696964 -0.8749473 -0.46503857
escapes -3.0134017 -0.8148623 -0.3980159 -5.980634 1.998554 -1.2899331 11.462521 -2.614173 -9.604436 -1.5364264 2.7267284 -9.831069 0.44594952 0.2371411 -4.924313 5.053377 3.2023017 0.50801176 -1.4074358 -0.60355103
unaware -2.0880463 -2.3202937 1.2231282 -3.2084172 1.4434876 -0.7164841 5.6363926 -1.431762 -1.183102 -5.2871737 1.0909789 -5.1566544 -3.7259784 1.4551822 -5.8181267 6.2311006 0.54455054 0.112360075 -0.1611243 -1.0204213
confronted -1.8047277 -2.840718 -1.1758286 -1.2514051 2.5416112 -1.7184168 4.9985895 1.2292274 -2.7280865 -2.07107 0.043700244 -9.149222 -1.3433956 0.12761039 -4.660904 6.657924 -1.1553147 2.0998914 -0.8914335 -0.7511655
admits -4.9292345 -0.91339225 5.9504814 -3.1768165 2.010443 0.23268728 5.083744 -0.8104695 -3.938286 -7.135843 -0.19224334 -3.5920045 -4.399699 -0.6839369 -3.8489306 7.7830653 4.0676055 3.1032298 -1.183127 -2.5450003
realizing -1.5844741 -0.77853155 2.509964 -3.8287647 2.069855 0.5720824 3.8536415 -0.43889695 -3.4979084 -3.5845807 3.6652408 -4.280957 -3.4001126 1.055479 -6.168124 7.4824653 3.3887873 2.0288336 1.5874733 1.0152322
informs -5.481745 -2.6521094 1.1995975 -3.829831 1.096228 -0.5645309 7.6216846 -0.70464957 -6.5255175 -6.365079 -0.9006649 -4.4517317 -2.3948123 -0.16931036 -3.7654245 7.945859 3.5010755 1.2722296 -4.0867524 1.4377649
steals -1.413666 1.8224033 0.13063353 -7.2090793 0.116724506 -4.7499733 4.4446406 -3.463721 -6.589338 -1.690019 -0.90695024 -4.3707204 -0.6296744 -3.6745975 3.043856 4.8330274 6.72185 1.6231347 -1.5836751 -3.8326163
furious -4.1265283 -1.6926981 2.1295831 -4.4574575 3.1400764 -3.4504888 5.688262 4.4677916 -3.235513 -2.0292978 4.90766 -5.369754 -3.3155165 1.4838233 -4.5482025 3.418119 3.1574078 -0.27774018 1.874534 -1.9565704
confronts -5.315865 -1.4317939 2.818539 -4.673664 2.1214604 -0.5563369 10.2186365 1.1923004 -10.131052 -4.707441 0.65673053 -8.282798 -2.0319777 -1.3646134 -5.0604916 8.348461 2.988306 2.6185503 -3.2300951 -0.98987406
stole -1.7780197 0.4444518 -2.897473 -7.293927 1.254118 -5.77931 5.720371 -2.6548169 -3.5758235 -3.1790826 1.4487916 -5.32136 0.64253837 1.8023175 -0.07970631 4.6875844 0.32536137 3.0123816 -2.0315168 -3.0140395
threatens -4.35298 -0.50539064 1.8049264 -4.740362 2.286803 -0.6521127 6.9080806 -1.2077082 -7.5186625 -0.9959595 1.7943511 -6.200127 -4.7193666 -1.4626069 -6.515905 8.318044 0.42385522 3.2532256 -1.2818186 0.8363017
retrieve 0.94331336 -1.4560829 -0.9614765 -7.2793336 0.41300726 -3.9901195 9.184704 -4.7320023 -7.7783875 -2.9933128 2.1612034 -2.4787335 0.5945621 3.5204797 -2.0401 8.146437 4.2029576 2.2683284 -1.825841 3.1536846
confront -0.25295162 -3.2817695 -0.17241964 -1.6916258 3.895543 0.3558271 6.206162 2.147163 -4.803348 -1.864036 3.041382 -7.378764 -3.0929255 -0.23805949 -5.664548 8.867445 0.9515427 2.4794757 -0.8545522 0.5826305
convinces -6.4852724 -2.0121067 2.5457995 -6.465511 3.529275 -0.5696758 5.8058653 0.4229573 -9.78182 -7.0796266 3.0182302 -6.063004 -3.4923472 -0.598832 -3.616749 9.415917 4.3120413 2.52489 -2.4590294 0.78949
invites -2.6860673 -1.4050205 -2.4148197 -4.566942 1.650697 1.8234278 3.1679869 1.8719337 -6.9157023 -10.0112915 -0.8528312 -2.7027621 -2.5851076 -1.8821608 -0.29480192 6.03327 4.0409884 6.143011 -2.7996666 -0.7269078
insists -5.4892445 -0.87483054 3.460051 -3.1422706 2.4856224 0.64061946 5.455593 0.66997105 -5.1373916 -5.756289 1.7149478 -2.8543534 -4.066739 0.9288388 -3.6235685 7.691527 3.1323206 3.6846724 -1.5638106 0.09281786
hears -5.145392 -1.4361873 1.2894917 -1.4868714 2.2545288 -1.1297905 8.461344 -0.48442143 -6.5404544 -8.074082 -1.0267344 -3.881758 -1.1121252 -1.8803034 -5.9717665 3.2122746 4.481977 4.6330147 -0.73592097 -1.6560109
hides -3.4415817 2.496044 -1.5770978 -5.0461493 0.47451034 0.9527388 8.103805 -4.9880905 -6.05132 -1.6001096 1.7431206 -2.2777526 0.15905838 2.460381 -2.1016898 2.950205 0.15917942 3.9868476 -0.464564 -4.418989
warns -5.3661337 -2.1090667 2.0792477 -4.214571 2.0034926 0.22055276 6.5592093 -0.94145465 -6.1010876 -3.9908707 0.6958625 -4.713841 -2.5459764 -0.6890975 -6.980456 8.230078 2.3249936 3.133634 -2.1384857 0.5899845
warn -1.7950581 -2.962759 -1.8853434 -1.5000248 2.5496945 -2.2517717 6.5508566 -2.500867 -4.8620853 -3.4736726 1.3912424 -4.4295206 -3.4364057 0.062034797 -6.7874107 7.4730163 0.6553593 1.1033343 0.6376735 1.8940015
pulls -4.3284807 -1.2640247 1.5836086 -6.067149 1.8228453 -2.3024578 7.7996883 -1.5312082 -11.113369 -3.1555312 -1.0392126 -4.9945993 3.0846453 -0.9733732 -3.4088166 5.2041454 4.2432237 4.9978952 5.469244 -2.8163533
prepares -1.4392606 -1.8069777 -1.1663183 -3.3709083 0.800856 0.11673547 4.5418096 -1.4388977 -5.282747 -5.451681 -1.007949 -3.285306 -0.60071707 -0.5955665 -0.7339554 6.5949707 5.908618 2.8478053 -0.20678346 4.2403746
announces -3.1081998 -1.8246541 -0.106673256 -4.1110897 0.16411874 -3.3498416 1.6419986 2.6982322 -5.397887 -6.634105 -0.96347016 -4.2505875 -2.035776 0.43413407 -3.088319 5.948581 4.8406425 3.261062 -3.1283195 2.2590134
confesses -7.415759 -0.07523957 5.1343675 -5.4745083 2.2201726 0.22696944 8.224063 0.7724714 -6.87181 -6.9292197 2.0183618 -8.032558 -5.2073865 0.05078142 -5.0371785 5.119541 4.7145176 2.5971875 -3.7994373 -2.6994443
wakes -4.764673 2.326321 1.7299174 -3.9255972 1.5975125 -1.0086579 10.71218 -1.643451 -8.268898 -7.1442337 3.3746047 -6.7927747 1.1634058 -1.5794369 -4.674095 0.9484972 8.807107 1.5472225 -0.31990558 -1.1776755
stabbed -6.572262 0.42220432 -1.1776158 -1.804443 3.964599 -4.219201 8.967422 -1.103754 -4.106536 -2.8008661 0.11887187 -14.792555 0.7384601 1.166834 0.3403857 -0.42534375 1.6298723 3.769327 -2.3102968 -2.9685552
disappears -1.6295658 -0.6850253 2.8897738 -3.869072 1.1218734 -0.4952871 5.199436 -3.854005 -4.200642 -3.048835 1.8689703 -5.3114095 2.2359676 0.3596454 -7.554955 1.8653738 5.26043 2.3575423 -0.6938008 -2.1104436
destroys 0.73234445 -1.209699 0.9479381 -7.03502 -0.6364181 -0.30625305 8.267076 -3.0698102 -7.526146 0.52726334 0.3674739 -6.58815 3.154414 -0.46612677 -7.824976 7.1709576 1.1513156 2.948289 -0.8616539 1.622186
realises -7.4434676 -1.0330597 3.5763059 -6.2388344 2.079178 1.6395018 7.360545 -0.38577524 -6.7600594 -5.6911807 2.6631742 -5.7921424 -4.4518394 1.4865335 -6.475442 5.7088103 5.844034 2.3053029 0.33142808 -2.4676917
enraged -4.3135533 -2.075768 1.3630939 -2.4700246 4.490314 -0.58707273 7.0087566 2.4517102 -3.9691725 -0.7975376 4.268013 -7.59948 -4.005878 2.8423498 -4.676047 4.738769 0.7441856 3.1751115 -1.5003626 -1.2938032
rushes -4.227128 3.5382152 -1.2179862 -3.1876702 1.1077902 -0.7939845 5.9132276 -2.2530923 -7.495677 -2.672119 3.4301543 -4.633085 -0.27046394 -0.36680385 -3.0816655 2.8549676 5.6757293 1.9561226 0.70596886 -1.700675
succeeds -2.3667595 -2.1926987 2.654183 -4.6516285 1.1246991 0.94464624 3.88854 1.7241173 -3.150908 -0.28818643 1.127964 -3.2433655 -1.3398101 0.5705048 -4.163078 6.314599 4.2811317 1.9857569 0.8449935 -1.6029165
lure -0.0043861126 -1.6422147 -3.507996 -5.500451 2.902173 0.6457765 4.315083 -1.1390376 -6.117316 -1.611584 4.0624566 -3.4731207 -1.2400917 -0.1943969 -3.4580512 7.9684143 -0.17013067 2.308878 2.430504 -0.1448605
flees -3.9544346 -0.2587858 -1.6716228 -4.59982 3.1978195 0.71912223 9.031781 -0.7061483 -10.66631 -2.8714693 4.7583437 -9.344255 -0.06432443 -0.11266894 -5.5665574 4.402757 2.6348271 1.9799021 -2.977459 -0.3986215
rescues -3.6440618 -0.2236938 -3.3077347 -5.8654485 1.5137447 1.0827063 9.964595 -1.8140439 -6.220599 -0.6846744 3.213156 -6.643557 -0.22962335 -2.1981428 -2.1151702 4.110806 3.489066 -2.1065917 -0.9901812 -0.20227385
reminds -4.0068393 -1.3418633 0.8292826 -3.2116177 1.2838513 0.7752343 3.5004358 0.19064452 -2.0766647 -5.7997527 0.02513786 -2.0616877 -0.1335378 -1.1760986 -6.261699 6.009976 3.710017 5.2135754 -1.6278849 -1.3760484
pushes -2.4910195 -1.0359683 3.059637 -3.306886 1.9301727 0.13484275 2.965436 -1.7547147 -9.461536 -1.7228515 -1.035672 -5.0362496 1.2574432 -2.6143913 -5.83181 5.921183 3.7031014 5.8266883 4.197291 -1.6801248
hires -4.8143134 -1.347727 -1.6851015 -5.409012 0.48842704 0.705328 4.153681 -0.054661028 -6.264538 -5.73409 -1.2144511 -2.713569 -2.5785663 -1.8649794 2.2077456 7.2939453 -1.8338314 -0.7649206 -0.51647365 0.27398172
knocks -4.064546 0.515709 0.6519596 -5.626806 2.287593 -3.1158843 8.038589 0.41919315 -10.325272 -2.6859968 0.96727073 -7.2228227 2.8907962 -1.9299774 -2.0873733 5.5429254 5.130681 4.2640715 2.9799535 -2.394712
arranges -3.0309646 -2.0170116 -1.7570837 -4.667244 0.05223188 1.5121006 3.9598536 -0.32954323 -6.116318 -7.4983172 -2.0651672 -3.5553885 -2.3829725 0.73818713 0.8049447 5.490876 3.208294 2.549286 -2.7876198 1.488175
chases -2.6964264 -0.6840814 -2.618412 -5.0543213 1.6333293 -0.45324427 8.121808 -0.8279769 -8.560563 -2.748039 1.8297262 -5.070376 0.282018 -2.2864385 -2.7449589 4.1471915 3.1157055 -0.12529427 1.5282063 -4.5733986
accuses -6.9781795 -1.4271533 3.1174605 -3.038149 1.913446 1.0304527 8.029629 2.0596232 -4.6127687 -1.6780715 -0.9859949 -6.300603 -5.245498 -0.66254497 -4.2814064 6.6175423 -1.9939898 3.6513546 -3.925383 -1.5004928
distracted -2.5262568 -1.8391408 0.45778286 -3.482735 2.7456439 -0.68485236 4.561617 1.3164252 -4.0417385 -2.4596326 1.4799901 -6.2791424 -1.5003132 -0.75635946 -4.2714815 6.7910047 2.6503038 2.1581638 3.3246808 -1.3426265
pretending -3.3327136 -1.4871734 0.13863271 -4.4663267 3.5820546 0.4496171 7.2357435 1.18971 -4.0980587 -5.832709 2.7582715 -3.3184972 -3.6268344 0.5826944 -1.4707032 4.6421313 1.2603983 3.6417527 -0.053423565 -0.6209394
commits -4.2509203 -1.9616168 1.7302178 -3.953923 -0.2001067 -0.68510765 6.372142 -1.7759097 -2.5000787 -0.044300973 -4.2411313 -8.635505 -4.079103 -0.16187483 -3.641259 6.4613385 2.8416977 3.4900904 -2.8957558 -0.4726922
kidnap -3.782801 -3.1930294 -1.9444821 -6.3817787 2.6273992 -0.033846322 8.364862 1.4013531 -6.7299476 -2.5384867 2.2165673 -7.6604023 -4.0332785 1.3067018 -1.3982586 6.038514 -0.6996571 0.66076607 -4.024773 0.9560606
sneak 0.5421341 -0.49151856 -2.3303475 -4.799027 0.94246435 -4.2597556 6.282582 1.1218926 -8.408033 -6.0547853 0.6794918 -5.654156 4.0929586e-05 -0.8900728 -1.9479188 3.8489373 3.4384005 2.9379828 0.38359985 0.72159696
avenge -3.086882 -3.9451323 0.121450625 -4.7163787 5.426891 0.2246019 5.605743 1.1266904 -1.3679974 0.56981146 6.1403503 -10.264238 -4.19743 3.466702 -3.9912972 6.1336837 4.1920257 2.5169458 -4.8134084 0.051776525
collapses -1.2795354 3.2599864 4.0144844 -2.5118158 -0.63690937 0.31545556 5.796182 -2.9527354 -7.2884884 -1.2662457 1.508567 -8.051967 0.70148265 0.6127445 -5.9358125 2.54719 4.585619 1.3832364 2.0826104 -1.0885755
begs -6.4376845 -1.1962464 3.7524078 -4.5340014 3.6020846 1.3742594 7.289357 0.67821425 -6.955537 -4.3766866 4.231702 -4.9245906 -3.386421 2.3683002 -4.27338 4.117616 6.260616 4.5745234 -3.023781 1.2497143
grabs -3.922544 -0.5558007 0.65013224 -5.1707993 3.3127923 -3.84279 8.283183 -1.2735859 -10.334546 -0.90349966 1.0552498 -4.8310204 1.6045676 -1.1981299 -1.2924072 5.287491 5.2035522 5.0576024 2.6300893 -2.4051127
departs -1.9456697 -3.1117845 -0.25511056 -1.2507075 0.75425905 -0.3691227 3.0868542 -0.5447354 -5.9051003 -4.9359117 0.29053313 -3.2410746 1.4303371 0.42027682 -6.2960696 1.8244985 5.536958 0.92617214 -0.885659 -0.016782334
horrified -3.6272788 0.42694417 2.1945179 -2.443488 2.9015484 0.96508366 7.8485327 1.0492675 -2.8996904 -5.549653 4.170851 -5.3151593 -3.2417612 0.85966325 -4.5890226 5.001948 2.5852337 2.5135539 -1.957545 -0.57473516
urges -3.2771864 -1.2422553 2.842039 -1.2843889 3.179049 2.0727632 4.3654566 1.0927835 -3.5000122 -4.1150007 1.5927163 -2.9341347 -4.2982955 -1.4569898 -4.4433184 7.4978743 2.5115879 4.942927 -1.8266815 2.015009
blames -6.662819 -0.053053755 3.3553472 -3.7473156 1.2910682 1.5869954 4.8203497 0.22374044 -3.562825 -2.3712132 0.58177483 -8.793111 -4.72954 -1.3443972 -6.3655515 6.067066 0.43292108 1.2800714 -1.5542666 -1.6397111
recovers -4.228751 0.39544028 4.204616 -5.1540174 0.8042463 0.19241455 6.3976 -4.367664 -6.2286057 -2.882846 1.056814 -7.4139805 0.19214797 -0.35901195 -4.1353903 5.5328355 5.6562314 0.42954278 0.11626866 0.9457371
distraught -5.6780963 1.5348791 3.7740915 -3.1708515 3.1920693 -0.0012475417 6.4842205 0.4212289 -5.2168555 -5.416076 5.3051825 -7.3767843 -4.36349 0.42256743 -3.6898253 2.8928664 5.002457 0.5459414 -1.7077718 -1.8392599
persuades -6.8884068 -1.4007314 1.1487801 -4.7259526 3.6282668 0.31475857 4.5494785 0.71275395 -8.225653 -5.973268 3.9343185 -4.128284 -2.6661422 1.1389501 -1.9000947 7.5359473 3.017981 1.9272443 -2.5803795 0.7598058
pretends -5.913906 -1.6865201 2.1140158 -5.321373 3.4359179 2.1572156 7.1316495 0.8173643 -6.4375067 -4.7730374 2.5476563 -2.6089418 -3.5168946 -0.5089924 -1.9391236 5.9134526 3.0611992 3.2878308 -1.5623789 -1.4901142
awakens -2.000823 -0.01616338 1.8009971 -3.435133 1.2968458 -0.16881844 10.404407 -0.39261782 -6.3644047 -3.660674 2.8511057 -6.7659755 3.7450857 -1.9929502 -5.9185567 3.7303069 6.6756577 1.1810296 -1.863056 1.393111
ensues -0.50797755 -2.7078986 1.3440268 -2.4572332 2.6317112 -0.37154326 7.0423026 2.2153459 -4.5113378 0.899966 -0.27110523 -8.580946 -1.410088 -1.9356217 -4.6468244 5.7482076 3.5340033 3.192967 0.9811255 -4.451751
terrified -3.5245118 -0.32585588 0.5010034 -1.911624 4.321111 0.44254613 7.524693 -0.51438236 -3.153341 -4.0147433 4.7554293 -5.900837 -2.139788 0.16193016 -4.944291 2.763627 3.0151916 2.4574409 0.17304313 -2.124514
tricked -2.6135068 -1.7993201 0.16978216 -5.061512 3.2975762 -1.0578479 7.2314014 1.1799314 -3.8348515 -1.9483676 4.486821 -3.5011227 -2.6738744 1.6091968 -3.1494653 4.6685786 1.108835 2.336224 -2.1139555 -0.09446272
distract -0.10635456 -2.7890224 -0.88577545 -3.876977 2.1520119 0.7886831 5.4546204 0.8184178 -4.177996 -2.1661344 0.6246388 -6.201291 -1.1615748 -0.39398083 -5.2301044 8.862616 0.49669102 3.7226107 3.2887337 0.4436675
seduce -4.158541 -2.4235747 2.6857986 -7.218235 3.9569607 4.391641 6.0300922 1.6672764 -6.550235 -3.4697976 3.741358 -5.072961 -3.1545618 -0.033189096 -0.7453103 8.512253 2.915334 3.615135 -2.6139169 -1.8691584
apologizes -6.895245 0.9880135 5.7673135 -3.7201326 2.4552846 -1.0751082 7.609914 1.1866579 -7.9069657 -5.9617763 1.8117973 -6.1512475 -5.932627 -0.9714361 -4.455873 5.2927575 6.245327 3.6880062 -1.3539767 -1.523249
heartbroken -6.7032857 1.3496306 4.8207226 -3.9595177 3.678102 1.424129 4.4913735 2.141501 -5.224548 -6.2297306 6.185183 -5.2369175 -6.376866 -0.5793602 -4.655536 0.33265424 6.8065453 2.2676063 -1.5501972 -1.0903118
explodes -1.6043361 0.85030174 2.4503026 -7.55393 -0.5430613 -3.141514 8.152682 -1.7644839 -9.067395 -0.9864999 1.9958014 -7.0144377 3.9553885 -0.469489 -6.990623 1.0906165 2.8844738 1.2541474 3.6868055 0.402139
assures -4.9054456 -1.0271267 3.3820786 -3.7415633 1.1954505 0.5262183 3.779365 -1.276842 -5.0000453 -4.270275 0.24729091 -2.3406942 -3.5836902 0.16939668 -4.624214 7.3245583 3.577617 3.2606246 -1.232921 0.40533036
frees -1.321818 -1.7684156 1.7111698 -5.0728116 2.1782136 -0.93782085 8.274158 -0.8461325 -6.6165576 -0.9008703 1.4601163 -4.8598948 0.82403386 -0.22944357 -2.051449 5.6422014 2.749611 2.2411406 -1.6261394 -0.71861494
stabs -6.0132213 -0.56926256 5.1375484 -4.509663 4.2262044 -0.6065443 12.248223 0.02087097 -9.101571 -0.3910834 1.4982243 -9.6125965 3.734347 -0.6667742 -1.998712 2.8555644 3.902444 5.465692 0.18525422 -2.5013573
unbeknownst -2.9305823 -1.3066939 0.11206702 -4.406542 2.006604 -1.0280032 5.5568275 -0.40633333 -4.853405 -4.6967278 2.080042 -4.9001603 -1.1921183 0.14850762 -2.0272517 4.6527047 0.3850605 0.47896913 -2.010524 0.024589289
kidnaps -5.923122 -2.1777904 -0.42451873 -6.9963374 2.503257 1.836607 9.261099 0.0647835 -9.574427 -1.3517518 2.0956905 -6.241855 -1.9078761 -1.5439713 -1.6617295 5.106388 2.657964 0.9411182 -4.5858192 -0.67296714
instructs -3.0495272 -3.3829026 0.8432111 -2.514907 1.9565634 0.15850176 7.3626766 -1.439633 -6.3075233 -5.2867737 -1.569098 -1.438651 0.3130722 0.56792367 -1.2164302 6.8825665 3.5978186 4.0006266 -2.0307345 2.5843534
bitten -4.2858253 0.65035284 0.3502071 -5.427889 3.941511 -2.7155015 9.103346 -4.77163 -1.3883593 0.33571258 3.5042944 -5.4306726 1.3953868 -4.875875 -2.818039 1.673835 1.9936187 1.565233 -0.4341586 -0.6153103
sneaks -3.9611266 0.38284042 -1.5850103 -4.981247 1.5500126 -0.51464355 9.195784 -1.0968816 -12.699753 -6.696965 1.2181711 -6.4205813 1.0584257 0.031841323 -1.7702116 4.3491173 3.7236624 3.4360526 -1.7137855 -0.5169882
pleads -6.5260954 -1.365224 3.2135818 -4.1333985 2.7161763 -0.15413135 6.5955386 0.6862792 -6.4220133 -3.1936276 1.9804775 -5.4930744 -3.8092477 1.3605177 -4.592179 5.3659253 4.7155485 4.484964 -3.877059 0.8771243
overhears -6.382029 -1.990333 1.7686974 -3.4854128 1.7070888 0.82784814 8.52133 0.8889327 -9.281831 -7.7816825 -0.15913868 -4.2139273 -3.4270797 -0.7652384 -3.2061155 4.704507 2.8551612 1.7904786 -3.057717 -1.6066872
drown -3.0726805 1.5304612 0.00904674 -4.471522 2.6926098 -0.686727 4.6839757 -3.2089736 -4.641581 -1.6134706 5.4386787 -3.9839542 -0.22866015 -0.7189339 -6.535853 1.9657102 3.3663151 3.0923474 0.37246203 -0.4127519
reunites -3.570906 -1.850186 -0.62745804 -6.0541277 2.060942 1.1929859 4.192754 0.22776201 -6.693079 -5.9066534 2.2640173 -7.5037313 0.60530657 -2.7537594 -3.179328 2.1491706 3.5305338 0.4733622 -3.37008 -0.77118194
prompts -1.479152 -1.2429475 3.0813675 -2.892781 0.765367 -0.20428672 6.007665 0.052733578 -4.1134796 -4.520304 -1.289594 -2.2035105 -3.3658276 -2.0979176 -3.1200085 5.5068946 2.3911781 2.6101832 0.42053744 0.51286495
abandons -2.9587023 -2.2008371 1.3844864 -3.9148672 1.8320171 3.1607406 3.2388613 -1.4446816 -5.0583572 -3.855881 1.4889613 -4.8717465 0.27731374 -0.7770069 -5.1250415 6.228615 2.152335 1.8220066 -1.5918243 -0.59901583
regains -4.2265086 -2.787553 3.4822924 -3.3061204 2.3274956 3.6051042 4.912877 -1.8202434 -8.402254 -1.2560195 0.18497406 -8.56328 2.39197 -2.5476096 -7.456072 8.966575 6.913723 3.6696804 -0.41943786 2.0521169
quits -3.3171384 -1.0701289 1.7839667 -4.0082235 2.7032933 -1.6375762 1.4278677 2.7794049 -6.1038046 -7.868992 1.867871 -4.931925 -3.5312521 -2.8514748 -1.5370007 5.1218715 2.2739213 1.2634873 1.4061643 1.4242802
overheard -4.1134744 -2.6738389 0.71875286 -0.75365376 1.9348718 -1.7190632 6.784232 1.4997318 -4.485883 -8.058812 -1.147906 -3.9226716 -2.6617599 0.32642686 -2.3678946 2.6262014 -0.34698918 1.4176539 -1.7443371 -1.069482
intervenes -3.4859214 -2.6617885 2.0015287 -3.1921284 2.7108605 0.508198 6.8711653 0.53204435 -6.9855533 -0.13846068 1.6367362 -5.264086 -1.9590305 0.19583656 -3.495049 6.601273 2.2515388 1.8290907 -1.7474062 -0.23560804
stumbles -4.720904 0.91755456 -0.9189141 -3.5499113 -0.28132346 0.9452156 6.977426 -1.449648 -7.0269365 -3.2745774 0.047714077 -6.4863696 2.335904 -1.3219802 -7.314734 2.5840929 2.9850929 3.0384827 -0.2977948 -0.8909904
enlists -4.66832 -2.132894 -1.9894389 -4.071606 2.547632 1.827389 6.0439467 0.38012743 -5.899288 -3.2918785 1.7114111 -5.0191145 0.41670159 -2.4250376 -0.42765045 8.460715 -0.42546508 -0.021785202 -2.0392168 2.4037015
drags -2.9936912 -0.17582643 0.28611323 -4.3399625 1.498577 0.95951504 6.4191303 -1.7651622 -8.85934 -2.8904016 0.6053216 -5.4597692 2.2770054 -1.6910293 -4.598314 2.8013024 3.9351532 3.6528418 1.8356371 -2.638486
lures -2.258866 0.5423882 -1.8361683 -6.0644317 1.7188954 1.4010285 7.8894773 -2.4802406 -6.477639 -1.5200175 2.2655199 -1.9704334 0.7026966 -2.355287 -1.4623586 3.427393 -0.29012585 2.131146 2.043927 -1.830598
taunts -2.9244914 -0.3011166 1.7041515 -1.8465567 3.46902 0.1424249 8.03077 2.57138 -4.179613 -2.1174643 1.3994213 -5.8820753 -2.1203263 -2.4472194 -3.065847 4.6649947 2.6330614 3.955218 0.6378548 -3.0465832
betrays -2.3630316 -3.0872352 2.3149333 -4.3351326 2.1871135 2.5171432 6.4886537 1.667391 -4.645518 -0.5433096 1.6026739 -5.016253 0.90778136 -0.2585898 -4.676834 6.865037 -0.48197934 2.4635239 -2.4573035 -0.91366476
drugged -4.9705462 2.2606635 1.5956796 -4.768505 2.7721953 -1.8810505 8.900552 -0.99758226 -4.340777 -2.2172208 3.4720266 -5.0274277 -3.5028505 -0.2634514 -0.20905636 1.0167559 0.86771715 2.3748074 -1.8369615 1.4072311
swears -4.7234755 -2.3516536 1.5257789 -5.1888843 2.7009377 0.65995103 6.065883 0.9756667 -4.7810163 -0.8167526 2.3382351 -4.653998 -2.1510296 2.4227738 -4.204887 4.9515967 3.3917072 5.4992075 -4.6932116 -1.1534628
retrieves -2.2660127 -0.65907866 1.0148529 -6.386008 -0.33989212 -2.7920806 9.099066 -2.8319294 -8.833624 -1.4589463 -0.8996303 -1.7121184 2.325421 0.45446774 -1.3450909 4.8904967 2.693882 3.0321112 -2.8213103 0.42544383
yells -3.7881658 -1.1728487 1.3761388 -2.4869838 4.1282372 -2.1428468 7.3173103 1.0531816 -7.921067 -5.0789104 1.200811 -3.713058 -0.9867612 -2.9169788 -3.4248536 2.2089872 3.9804416 5.4019775 2.2276902 -2.0993567
forgets -3.649921 -1.4153155 2.255799 -4.775332 1.0825988 1.5695598 3.8929613 -0.48074025 -4.4129434 -5.078547 -0.2231653 -2.3958008 -1.3678105 -0.07660162 -4.143483 3.050468 4.990546 4.5530987 0.15182121 -2.4440248
slaps -5.615839 0.05776708 2.987505 -3.0127566 3.325438 0.17298487 6.98189 1.300365 -7.87336 -1.9735833 0.7252789 -4.8443847 -4.3594446 -2.599842 -2.8846235 1.1412708 4.9271884 5.3311195 2.1596663 -3.4327168
befriend -2.7662532 -2.054998 -0.9664564 -4.5337 3.8983665 2.8943825 4.452189 0.14995351 -3.8327553 -4.432869 3.1197171 -3.5052269 -2.7316716 -1.587369 0.097665176 5.2665186 1.7939115 2.0062566 -0.91918343 -0.49809793
retires -3.4217544 -1.190141 -1.0625535 -2.1784446 1.2771136 -0.23216215 1.1028464 -0.74843615 -3.508464 -3.302786 0.39121047 -4.113873 -0.4363234 0.38999292 -0.101933576 5.2586136 3.8403456 0.12783064 -1.0335851 -0.03111489
greets -3.0712748 -1.3475556 -2.3244665 -2.270195 1.3291773 1.7225946 4.916244 2.2272105 -7.0997014 -5.210023 -0.14161478 -1.9380054 0.70531297 -0.42943224 -1.4896855 2.7631607 3.898226 4.7556677 -2.7041852 -1.7760464
rejoins -1.0001224 -3.2671309 -2.0872757 0.5256986 2.5565927 -0.9694035 1.6123705 -0.51595724 -8.256462 -2.575134 1.1811713 -5.1135716 2.4279754 -1.3853948 -3.9825792 2.7147021 2.5888605 0.10452771 -0.6325385 -1.6001229
heals -2.7850745 2.2951689 3.3362045 -3.2502112 1.3062836 2.1304088 5.6415405 -3.1414044 -2.9826422 -1.033153 1.5403774 -5.0089726 2.2244098 -1.3695962 -2.332212 3.019185 4.017537 4.1954503 -0.32312647 1.2450141
frantically -1.1524938 0.45552573 0.7841067 -2.6903887 2.205562 -1.1705202 7.56738 -0.490704 -7.6058745 -5.251383 3.9809713 -3.9498756 -1.426712 0.34934643 -2.4098353 3.2735972 3.417387 -0.13234533 2.3109446 -0.10610946
smashes -2.2490277 1.2703768 1.6142242 -5.199794 1.0419325 -1.170432 7.206706 0.6069613 -9.187464 -1.9859782 0.83448154 -4.3719964 4.550225 -0.4746035 -2.0496066 2.6876173 2.648366 5.22431 2.6607084 -2.5965831
deduces -2.939718 -2.0298984 3.5212698 -3.167679 0.91323686 -0.27745456 8.307374 -2.0403533 -5.5599394 -2.6897535 -0.5388078 -3.7983634 1.1187662 -0.231934 -3.2679386 6.219982 0.7677276 0.6113659 -2.9614825 -0.68649316
awakes -2.7742083 1.2233514 1.7882023 -1.500629 1.1081108 -0.08098624 8.687339 -0.836835 -5.5139937 -3.575423 2.7759442 -5.1679053 1.9348195 -1.5445119 -4.760925 1.208575 5.1316595 0.37080222 -1.5028503 -0.04238404
injures -4.8624034 -0.22335128 1.6216817 -4.6287184 2.941535 0.6499793 6.5371284 -2.1783497 -6.7055736 1.5153073 0.8857966 -9.589374 0.58727664 -2.2359974 -0.89421654 3.9638798 3.9030583 1.2007171 2.672857 -1.5730407
robs -2.8241496 -0.2789885 -0.93777895 -5.267883 0.5599449 0.07125959 3.8779204 -0.057877973 -5.7102933 -2.3293657 0.5982373 -2.0677848 -2.0491881 -0.46738908 -1.4918545 3.5740547 -0.5944951 2.2329688 -1.0295336 -1.960986
shuts -1.2554504 -0.20911339 2.1759942 -3.5903368 -0.6708124 -1.3094074 5.22201 -2.1457722 -9.064968 -2.1545835 -1.2707349 -4.126858 0.5375693 -0.9701819 -4.117536 3.0035264 2.1535974 1.468338 2.2493277 1.7414776
abduct -1.7930624 -2.4745688 -0.7567938 -3.8820627 3.6571732 1.3946396 7.296779 -0.59763205 -5.858421 -1.1570196 2.4907904 -6.458248 -1.8386334 1.1820924 -0.4830835 4.7126474 0.6921435 2.84745 -2.4765916 0.9944138
faints -5.2864547 1.111025 3.2404845 -2.657548 2.09924 1.4820032 8.071434 -0.24829319 -6.7746153 -2.9175973 2.453646 -5.2946444 -0.7963175 -0.5693483 -2.7314517 0.75038767 7.0555696 2.2648573 -0.0950614 -0.43466765
drowns -5.063669 2.250937 0.23718412 -5.151392 1.5295899 1.309396 5.643517 -4.0222416 -6.5279493 -0.5760449 3.816389 -4.6923757 0.23620434 -2.1020412 -5.2155995 0.07046617 4.570614 1.3301947 -0.20372523 -2.4160783
revives -1.6769229 -0.1326761 2.3432126 -4.390335 1.0463952 2.4603858 5.810298 -0.5171235 -4.2703137 -0.97987574 2.826131 -3.334731 2.6571631 -0.9723567 -4.067275 2.8625724 2.817238 2.3677676 -2.088576 1.0052378
frighten -1.3574731 -2.2561681 -1.6398569 -3.2390506 2.6682506 1.2889006 6.4151425 -1.5230476 -2.5747938 -2.5840733 1.4510624 -4.064308 -2.2184882 1.1391126 -4.984935 4.7582016 -0.5173116 4.25378 1.4166161 -1.7024155
tricking -1.1323377 -1.6189244 0.35636297 -4.545131 2.5095222 0.6850672 6.2023253 0.94350725 -3.9754071 -1.433858 2.9902768 -2.0499077 -1.618983 0.097350195 -1.8268737 4.7804246 1.6390868 2.407765 -0.25205308 -0.073731095
berates -6.049941 -0.2382169 3.0934293 -2.7819843 2.84067 1.4900604 6.292265 0.8404409 -6.0948644 -3.0951622 0.9848026 -5.356808 -3.7827194 -1.737676 -2.4822125 5.2283087 1.4943179 2.6163576 -0.5466741 -2.051759
strangle -2.7191765 -0.9273647 2.4340923 -2.8683708 4.0405416 -1.6807399 7.2109838 -0.7088413 -5.356405 -1.0761473 3.6425712 -4.9626894 -1.2083172 1.0210035 -1.4758519 3.5944629 2.5045922 2.6506252 0.72437817 0.6042165
reassures -5.891923 0.23217922 3.9755244 -3.6228125 1.9386184 1.2170358 3.9036016 -0.5694529 -5.435602 -4.96042 1.5167269 -3.2529712 -3.0280216 -0.553351 -4.7064943 5.212438 3.4600365 4.1831465 -0.8912212 -1.2181091
buries -3.2639883 2.4649944 1.1108478 -3.7447183 1.0284227 0.8826525 7.0522213 -4.870484 -6.41991 -0.5461237 2.0576808 -4.835991 3.0867395 -0.9393089 -4.1007457 1.6506851 2.3874784 3.5449238 -2.0537488 -2.1481113
relents -5.135293 -0.22956806 3.8158665 -3.7427301 2.2242107 -0.022698747 4.4387927 0.14206092 -6.9973764 -3.8689086 3.4576266 -3.645311 -3.3467374 1.586336 -3.5044303 4.1518617 4.917942 2.539245 -2.0379958 0.8588454
scaring -1.5757186 -0.043949157 -1.5868797 -3.847479 2.5633416 0.0630441 5.0419135 -1.5714164 -4.7522445 -3.0047417 1.570862 -4.186062 -2.6298144 -2.5182486 -3.0842526 3.7903118 1.0550643 3.0224335 2.2818074 -2.63667
distracts -2.6842084 -1.3424705 1.3590738 -3.9810462 2.1829603 0.85250145 6.5707984 -0.27112707 -7.166926 -2.3891468 0.6141459 -3.411106 0.18779244 -2.3038845 -2.2411277 5.925889 1.4793553 2.6855202 0.74089944 -0.77546084
impersonate -2.2996552 -3.8309128 0.19618826 -4.9435925 2.5880206 1.132377 6.4583926 1.7322153 -4.1066546 -3.321989 0.43887064 -1.1377301 -1.9976603 0.2102867 1.4974866 5.572903 -0.2403054 2.008562 -1.4637554 -0.21216872
backfires -2.8038015 -0.76843464 2.7538452 -3.9489176 0.112647645 0.9154978 5.296219 0.79377025 -8.777982 -1.7113026 0.5268557 -4.6368685 -1.7996529 0.6038813 -4.198404 6.564332 1.1000469 1.1883376 0.6682021 -0.4689719
overpowers -2.8692977 -2.2461834 2.9236178 -3.2215853 3.7656555 0.17595017 8.094224 -0.21684843 -7.112202 0.15690078 2.5591893 -5.406557 0.67623234 -1.214784 -2.6252992 4.8807793 2.5299857 1.7417611 0.99886405 -0.56829834
interrogates -3.0232584 -2.4496052 1.8810886 -1.3968856 1.0021715 0.5925144 7.930494 0.15991235 -5.71609 -2.3859289 -1.4329674 -2.7381566 -0.7539383 -1.3708498 -0.82491004 4.367663 -0.071788244 -0.25539184 -2.9739668 -0.290748
hesitates -4.108949 -1.783096 3.5803213 -2.74548 2.7288797 0.9907609 5.1357193 1.2177082 -4.893455 -2.741133 2.4621105 -2.5111287 -1.806863 0.773748 -2.609971 4.030636 4.3190365 2.4185133 -0.288252 -0.10826352
strangles -3.77277 0.83949995 3.4635234 -2.3622358 2.530666 0.1503263 8.432978 -1.3760517 -6.3255 -0.7452799 2.0470536 -5.0464044 0.5697672 -0.5159177 -0.71972466 1.4758061 2.716558 2.2334263 -0.80351734 -1.446631
congratulates -3.6931465 -1.3685081 1.0042751 -2.7237663 1.403846 -0.33502913 3.4427137 2.928665 -4.1121917 -3.0387983 0.87031466 -2.4223883 -0.4669137 -0.657407 -1.4634118 4.8636928 4.178446 1.9287872 -1.5539211 -0.076492004
retaliates -3.1728144 -0.5534697 1.4534836 -2.6801393 2.8369904 -0.47284615 6.4193544 1.0333291 -5.261294 -0.3293955 2.0061917 -4.311974 -1.3178188 -1.0920798 -2.2755682 3.4198663 0.63636976 2.6244824 0.01663813 -1.1878405
feigns -5.002516 -0.16154666 3.0103574 -2.5249994 1.569789 2.5415037 4.863456 -0.018012762 -3.974984 -0.5867363 1.0344914 -4.70124 -1.7314849 -1.0705156 -4.400707 4.598715 3.0705364 2.4054384 -1.834035 0.10366575
subdues -2.00941 -1.7802964 1.9092268 -2.85745 3.0761728 -0.40386784 7.3438773 -0.22112408 -6.1379895 0.13607484 2.2484474 -4.0685143 0.65738267 -1.6215851 -1.725097 4.0754037 1.2039423 1.1773422 -0.54634374 0.036698192