Centroid_7 3.1850650058975876 -1.8227105017650598 7.222629496385538 1.0642847575765058 -2.4328283476506023 3.2586902524698798 1.9075959251084333 -2.411342303379518 1.8789327206024091 0.8032475695240963 -3.0146809195120476 5.196170642048193 -2.869698880271083 -1.3909024065783133 -1.0906162957530119 5.532984288795182 0.8080831783975898 -0.9405919889879525 3.0722166024698794 0.3921435384036144
theory 3.6302078 -2.6761458 13.30506 5.0305266 -1.200974 5.140609 0.29339442 1.6058483 4.8388367 0.5110564 -0.13596514 8.557395 -0.111433364 -2.2881114 -3.3902044 8.43498 -0.89497274 -2.4127789 1.4053583 0.67043906
specific 7.168463 -3.6719809 2.63673 -0.6844645 -1.3289796 1.8912557 4.3389277 -7.3368263 2.855522 0.35387763 -4.384721 6.7751036 -4.520766 -0.49723935 -1.1089065 7.1681805 0.96444964 3.831291 2.2773526 1.6827581
method 1.7206432 0.7645473 10.762375 0.3371437 -1.8791242 1.9337146 4.7524295 -2.6979797 1.6396174 0.7137821 0.47437108 9.91324 -2.048198 2.8027394 0.81225806 3.5565934 0.50409675 -0.7108408 6.287969 2.0527313
analysis 4.179417 -0.38099495 8.980698 3.0444524 -5.5045037 1.3678712 3.9425228 -2.4495304 5.2124195 0.9295951 -4.37484 6.9569273 -1.8357378 -3.339691 -2.1330407 4.999818 -0.58048207 -5.582574 1.5485306 2.4420798
basic 5.080507 -3.1791127 2.7323313 1.7005475 -2.0642219 2.4417665 2.458981 -4.472776 0.62853855 -2.292957 -4.160954 7.220882 -2.9088557 1.8803723 1.1112798 5.9652805 1.9685781 1.0345669 5.8121166 2.5937657
methods 3.4318223 1.9829445 8.477421 1.2052479 -3.3117003 5.185126 7.286641 -3.2886896 4.072557 1.1112454 -0.6569274 7.6560407 -4.608112 1.8902406 1.5707949 4.5595446 -3.0407546 -2.4263337 8.512479 3.4128854
values 4.665888 -0.21013832 7.297569 2.1298616 -0.9112633 4.391973 0.3092341 -0.6830932 2.6521742 3.1793869 -1.512201 9.310647 -7.9441133 -0.66449904 -1.567858 3.721095 2.017337 4.9770956 3.094411 -2.556324
characteristics 4.2592034 0.21685591 4.140038 0.77023816 -1.5008329 7.715002 4.8024 -5.3835883 4.5295753 5.956602 -1.093065 6.9535847 0.021355812 -2.0379863 0.37391937 2.4465642 0.5384948 0.26623544 5.9310403 -3.34516
definition 3.2518528 -0.7296958 7.3266773 5.0789967 -2.010644 -0.7441254 1.7983607 -1.3189158 2.587494 2.9776905 -3.856574 11.557653 -5.684452 -1.1998093 -1.6373167 3.3426178 1.8960694 3.0483992 1.8946762 -0.22338852
processes 7.347795 3.9760566 9.906315 1.7771118 -4.8636746 5.2733717 3.3812473 -3.774057 0.71283627 4.130597 -1.4152887 4.9249454 -4.539835 -0.85129887 0.103041254 3.6839645 -2.792682 -1.1063361 7.2972417 4.2613134
researchers 4.6608047 2.000623 4.943215 1.9988157 -0.8785034 3.0941556 5.069604 -4.1124196 6.042753 -2.3522775 1.6040164 5.254935 -5.31693 -4.4863887 2.1127226 4.370789 -0.8238851 -4.2658587 1.4566925 6.0961437
useful 1.452626 -1.4947617 4.9731464 -2.1201556 -1.8452797 3.4538233 3.6062155 -7.097036 2.415152 -1.9490237 -1.5342771 5.10142 -2.260674 1.6519835 -3.563153 8.180628 -0.17016986 -0.108951904 7.5041265 1.0581071
principle 2.4559648 -1.6800915 8.902362 4.9813867 -0.3386567 1.8147113 1.1955117 1.0993448 1.8717138 4.8909607 -0.059015382 8.757071 -3.7956958 3.8461616 -2.0859916 7.396534 0.5088787 3.6720462 0.93195456 3.1800795
practical 1.077332 -1.566877 3.7543764 1.8597825 -2.374979 5.860613 2.8911312 -1.8602918 2.95975 -3.8039932 -1.4691645 6.2228637 -1.8759836 3.366263 -1.9291275 9.333282 0.9501938 -0.7136127 7.5716434 2.8779216
genetic 5.383322 -0.50897765 7.971877 -1.4840379 -0.7754598 4.626936 4.719741 -10.861203 7.051035 2.4416447 -0.4902608 4.0139956 -4.939387 -7.293909 -1.4850538 6.066515 -2.3266993 -3.498714 0.7213712 1.4459988
fundamental 6.451205 -3.1171434 7.354764 3.8810391 -1.8387593 4.844796 -0.6822535 -0.83586425 3.4047492 1.7848096 -3.334415 5.09496 -2.2077618 -0.27197048 -2.8433437 9.555087 0.4690474 3.148424 1.1869197 2.3311453
approaches 2.8671365 -0.1583236 4.4137034 3.333018 -1.0714269 4.217042 5.129012 -0.88928324 -1.535352 0.55091023 -0.3220114 2.9269278 -2.152706 -2.0535946 -2.4489315 3.4417472 1.1698867 -2.6268427 5.135933 0.09117144
relevant 5.2273583 -2.476021 2.3600748 1.5537357 -3.6204724 1.5696663 2.0496268 -3.6722462 4.4222627 -1.8432703 -5.890412 5.4745703 -6.8668876 0.9379372 -2.358211 7.6023693 -0.06000388 2.5152688 2.0017378 1.9049569
structural 6.1073956 2.6680746 7.725214 4.6941 -5.503844 4.7141724 0.63530344 -4.269962 -0.24947323 4.490326 -3.1969397 0.24656337 1.3409833 2.8366554 0.22894572 5.3595057 -4.292719 -3.4333212 7.142039 -0.21944262
concepts 7.2746935 -1.2358783 7.4602337 2.2199502 -2.8902962 7.1606054 5.2082787 2.973406 3.0853012 0.041672226 -0.94534564 9.166141 -2.0085742 -0.79793835 -0.95918334 5.2764 -1.0982699 0.11316304 4.0292654 0.51458275
mathematical 3.038972 -3.8496404 7.794578 3.626062 -3.6257153 5.744459 -0.6444474 -0.7370057 4.948516 -0.8536358 -3.8270514 10.345117 3.3585296 -0.70998764 2.7223976 8.562162 2.3387752 -3.2698514 0.9216939 1.9707426
interaction 7.0356226 -1.2607744 7.4826446 -0.70409137 -1.0369201 5.494556 2.8512552 -2.7577894 -0.691205 1.2538097 -2.1168993 2.5220568 -4.005925 -6.7948513 -2.6527822 4.800314 0.14536734 0.9495939 5.0606804 3.0179741
functional 6.2177525 -2.7425478 6.656496 2.0389698 -1.9697798 5.092268 2.2505972 -6.8449783 -1.3953063 1.0474381 -5.941192 3.1221962 -1.6058784 0.003641855 2.3415082 4.1406474 -1.6272359 1.2348788 5.970272 1.3087281
accurate 1.5851357 -2.1248076 4.245883 -0.57649267 -2.564054 -0.7479968 3.460813 -3.2651615 5.795785 0.73995936 -1.8596027 5.234646 -1.4866074 1.5876856 -5.0948224 6.2647467 4.4609094 -1.5322547 7.2123327 -1.7982496
dynamic 4.9896507 -2.240983 6.321375 -1.2230833 -1.8158772 4.304653 1.2068559 0.88355714 -2.3901231 -0.31357512 -2.4963944 5.2199507 -0.50159794 -4.374577 -2.4907873 4.8174114 0.26642695 0.6598985 8.410273 -0.032798275
theoretical 3.161637 -2.528168 9.917403 4.209866 -3.8019824 6.409022 -0.8536022 -0.3875154 5.3823524 1.0349431 -2.5005336 6.083045 1.6232171 -0.80344826 -1.1670899 6.4653735 0.28188694 -4.20699 3.364794 4.0008736
logic 3.3583698 -4.364304 11.120536 3.1177318 -1.9859661 3.2668324 2.344826 2.8727052 -1.5286443 -1.4388223 -3.6249206 9.657695 -0.46172106 0.5720383 -0.63400126 6.2277217 1.2402233 0.595269 2.575143 0.31667045
define 6.562163 -5.460364 4.696306 1.0546552 -0.551147 2.6612813 -1.0131586 -3.8502908 -0.21666366 -0.65391725 -4.701014 4.948056 -1.8344193 0.09603633 -3.0582495 9.823107 0.7453637 5.166131 2.2885785 -1.0253251
hypothesis 3.3106785 -1.3235003 13.3440695 2.7296224 0.40078855 1.1996105 4.6559167 -3.7472005 7.116215 4.601636 2.649129 5.368088 -2.233036 -2.2917612 -5.252109 5.286804 -0.944579 -3.4636035 -1.5670934 -0.3078221
underlying 3.9791546 0.005774854 8.44511 1.663854 -3.0285757 3.4982731 1.7754433 -4.341994 -0.1632211 1.584552 -3.4969661 2.9562213 -1.760431 -1.5459753 -6.149164 6.717571 -1.8928214 2.2117999 2.5448248 -1.4634788
cognitive 1.9000838 -2.1755407 11.559059 2.5833094 -2.1459422 9.483015 4.2231164 -3.5571222 2.742796 -1.2369204 -5.599724 1.9115168 -4.964511 -7.6300707 0.8963512 8.537513 1.6200118 -3.7764308 5.6229343 2.364815
dynamics 3.8340833 -1.6410966 7.1136775 1.2139065 -2.5989323 3.8802965 -0.82346976 -1.5431494 -0.24982251 3.4524171 -1.1829491 4.522037 1.2914692 -5.234801 -2.7843323 5.4459968 -2.2587292 -4.578923 5.098292 3.142334
systematic 3.9615374 -0.8903328 6.9475408 3.0242128 -2.6174715 2.9026172 1.5815543 -4.5786433 7.323159 -0.19779816 -1.892577 2.9321635 -1.9720752 0.97730696 -3.207887 4.7957816 -4.3898706 -0.8973283 -0.2937706 4.697692
complexity 4.152464 -0.6308857 8.77628 -0.49146467 -4.050388 4.7399817 0.79196566 -2.4699495 1.951653 1.6463546 -2.748747 6.628978 -3.6408226 -0.43438038 -2.492593 6.086018 3.1113672 -1.7835461 7.4173427 -3.226517
determining 3.613339 -3.1806571 4.383839 -0.120489545 -2.4429324 0.62930655 -0.5473173 -6.634083 2.9295611 2.7653947 -5.391009 1.7155728 -3.778706 0.027404843 -2.6518817 10.283384 3.4400232 1.2416526 3.1592932 0.5619431
evolutionary 6.5821404 -1.672907 8.450366 2.4473977 0.44915456 5.6583934 1.6651418 -6.2809587 5.736691 1.2945721 1.9731545 4.5242634 0.6183927 -6.9269843 -3.2984486 9.653618 -0.8317817 -4.3876705 1.1892229 -1.4470117
outcomes 2.1409485 2.0680158 7.129256 1.339195 -3.0175421 2.8207552 1.338523 -2.287891 6.486913 1.890549 -4.1239023 2.1311011 -11.933221 -4.2183514 1.5061234 6.548731 3.9760778 -1.3289344 6.2569885 0.6045162
definitions 4.897753 -1.4461191 6.2655725 4.613995 -2.7939897 1.5488523 3.3472853 -2.8664262 5.40045 3.4299817 -4.8780255 10.163226 -5.21484 0.6659252 -0.28723732 3.1223516 -0.45356977 2.3871312 1.8390458 -2.5017917
spatial 7.832832 -2.2018878 7.682704 3.1450052 -4.6239305 6.567916 2.367728 -4.864634 -1.2815436 3.4269264 -6.2021766 4.8797426 -0.89692837 -2.8012035 -3.9480703 4.102013 2.7377558 0.7811492 5.1161523 1.2081622
logical 5.522311 -5.2040067 9.575213 2.5507855 -1.8388047 2.5706413 2.6994224 0.28870252 -0.48487943 -1.3738682 -3.3262687 5.6552706 -2.6847167 2.614017 -4.08339 8.088084 1.8732644 0.7844506 2.3627534 -2.055786
rational 3.3467572 -3.9864602 9.936141 1.549237 -0.254617 5.228594 0.42167282 -1.1220651 1.1536295 0.030148042 -2.3878157 5.567252 -3.7941227 0.29999217 -2.6574173 11.051025 1.2687584 2.6809106 0.9130548 -2.3056
behavioral 1.1822026 -0.0971423 7.575762 2.3775225 -1.9501622 6.407888 4.390239 -4.447284 2.8072968 -0.50198 -5.075991 2.3043716 -4.8443875 -9.582953 1.7992116 8.278678 -0.39025366 -3.3094697 3.360605 3.2958531
computational 3.827823 -3.5532029 9.161645 1.0991793 -4.8908076 6.038231 0.19578561 -4.0737653 -0.5580386 0.43271342 -4.903311 7.9751844 1.0842772 -3.9709742 1.5733197 7.656881 0.30925426 -6.2289934 3.7813659 3.614086
methodology 2.904497 -0.4493336 8.076426 3.4075933 -3.9798138 3.256174 2.0185559 0.46245614 4.8291016 -0.018784115 -2.5326488 9.523297 -3.927744 -1.295311 0.7298832 4.4005704 -0.42640182 -3.788613 3.253545 3.0300643
reasoning 0.5966414 -2.0995862 8.831711 4.2221546 -0.45773873 1.4093143 4.7433085 1.578413 1.5823636 0.16931517 -1.5096273 5.075485 -4.291275 1.3526196 -2.6244993 8.853222 2.182908 0.29421705 1.6587826 -0.84503466
solving 3.5040178 -3.5679832 6.457631 -2.0619109 -3.4222825 4.4464355 3.0933948 -1.922977 -0.9451122 -1.1176213 -3.7681932 0.29962298 -3.6033924 -0.9718265 -2.233031 11.220923 3.2955508 -3.8773286 2.6664698 -1.5866688
optimal 3.118999 -1.3356665 7.400384 -2.5120873 -1.911454 1.5806506 -1.2394193 -8.64695 -2.036895 1.801267 -1.9239379 5.406476 -4.898796 -1.3436728 -1.5362334 7.8530774 5.323712 -0.8223063 6.8753643 0.88729
analyses 5.0004234 0.211587 7.4182105 2.503467 -4.278241 1.4054853 4.0493507 -3.5768182 7.894446 1.92028 -2.9130785 4.6632276 -1.8741536 -3.0363011 -0.9477723 2.8231568 -1.5747792 -5.1955214 0.8034292 0.9568602
correlation 1.0302951 -0.66892266 9.768228 1.4700031 -1.9455795 1.1725547 0.5138327 -6.9261303 5.4429455 3.0738804 -3.499038 5.1590443 -4.3819113 -5.2554555 -3.7118702 3.9521852 3.7274466 -1.7470659 2.9711626 -1.681154
empirical 2.0117753 -1.3544183 10.962403 2.525609 -4.6180825 4.7532697 1.7277095 -3.5598407 6.4776125 1.3005072 -3.1509397 6.939694 -3.18884 -1.060065 -4.0546794 8.37856 0.039187476 -3.782277 1.2833229 1.2916414
predict 3.9265678 -3.5003035 6.1992702 -4.6106043 -1.77365 0.27904603 0.16772722 -6.3471637 2.6251864 -1.0618423 -2.2228289 0.72604567 -3.743306 -2.7776902 -6.4467797 10.352877 4.722561 -0.5635962 5.202784 1.7128778
assumptions 3.253956 -0.14799993 10.94491 2.6160665 -2.568611 2.4198048 4.170724 0.49822286 5.6683507 3.634029 -1.0563538 6.6830297 -7.6284013 1.4892973 -1.9404193 6.7512736 0.7022453 -1.7753065 3.4212627 -3.6886833
analytical 0.59514743 -2.164462 7.5439906 1.5588932 -3.9575105 4.719623 0.8915023 -1.5553448 3.749308 -0.45204708 -3.707179 6.861941 1.6993009 -1.1197704 -0.07209714 6.008083 -1.4903443 -3.1713352 3.8808475 4.610027
criterion 1.7433357 1.1456562 6.672637 1.1631261 -4.5581317 -0.33552864 -0.5797718 0.348464 2.0595887 2.4007497 -2.8218045 8.379336 -3.2839732 1.454923 -0.10636934 4.255275 3.4705522 0.1324717 -0.4775431 -2.4952996
formulation 0.20303902 -0.5655969 10.734703 2.2156723 -2.677286 1.0900041 -0.56973195 -0.5580576 3.0102558 3.4022262 -2.765779 7.090144 -1.4680885 1.3689265 0.17053036 3.7274208 -2.295384 0.64596486 2.1702569 2.9220023
adaptive 4.8156195 -0.99570006 5.698179 -1.0011288 -2.8943753 3.6476703 3.1266491 -4.424287 -2.2309477 2.1037264 -2.9317927 4.5875015 -1.22901 -4.985876 0.2989757 7.480573 0.6466188 -3.0250442 6.1105895 2.2546868
rigorous 1.5411878 -0.12117878 5.4253016 3.143718 -1.7343042 3.8309731 2.2266827 -0.37601748 5.044735 -2.6590981 -1.7843809 2.1929045 -3.173079 1.7390132 1.6760001 6.9971857 4.948278 -1.0468105 5.196969 3.8785465
nonlinear 4.572057 -3.2891998 11.304665 -0.3474897 -4.1669602 2.9953887 1.2674613 -1.2614557 -0.85760665 1.2242543 -4.3469224 5.8711915 1.9542296 -4.3691955 -3.3104725 4.680711 1.4215361 -3.1410763 6.281081 -0.5628057
analyze 5.1511693 -2.7249687 4.8448052 -2.2456384 -3.207829 1.9350958 3.6009161 -4.7362027 0.34035343 -3.619712 -3.891827 3.5613992 -2.791073 -2.4152122 -3.1841626 9.216666 0.7180245 -0.68971014 2.587671 4.300869
quantitative 2.2791574 -1.4045049 8.77124 1.2178992 -4.3608155 3.6279411 -0.642194 -5.0846257 4.6776695 2.154318 -3.380886 7.336007 -2.5501142 -2.29931 -1.355517 6.122587 -0.3159515 -4.6287622 3.4561589 3.0445292
optimization 3.884955 -3.9844663 8.903527 -2.646838 -5.649108 3.1187122 0.6142046 -4.0434427 -4.253779 0.7342067 -5.408946 7.826325 -3.515343 -1.4684165 0.624606 7.022785 0.8522258 -6.1397314 5.8124123 1.053589
complementary 5.375479 -2.0896883 4.4598775 0.24197677 -1.8958364 3.3831291 1.3283362 -3.9176772 -0.46852884 -1.1597195 -4.5301623 4.5955944 -0.97126687 -1.3987058 1.0021647 2.6138778 -1.5201254 2.33385 3.4960055 1.1938292
subjective 0.8228206 -2.9883845 8.081585 0.6245744 -1.9728571 5.025819 3.6272743 -1.3667924 5.2291517 1.5536885 -5.174759 4.4592166 -4.4553304 -3.3245199 -4.517876 9.213611 3.7108722 2.913035 2.5404115 -1.1721368
relevance 2.8898895 0.19424042 4.740906 2.1405685 -3.4590905 4.7229443 0.6313568 0.15595996 4.983403 0.6502248 -2.7490175 4.115282 -4.1016 -2.0887194 -3.7268667 4.572583 0.5908388 0.4685539 1.4521501 0.5380101
semantic 6.080206 -7.329039 9.430417 0.5685657 -2.5478559 5.7354093 5.444797 -2.6422522 -0.23014802 0.31196922 -6.479876 8.437018 -4.1988206 -1.6268152 -2.5740628 4.313669 -0.8272652 0.25003844 1.7865368 -0.7155969
analyzing 3.9885962 -1.4207857 4.836082 -0.55932796 -4.2835765 2.6257298 2.8754385 -3.6725276 3.529292 -1.9093127 -4.22193 2.7208729 -1.3717197 -2.980229 -3.6672595 5.516004 -0.8253843 -2.344694 1.8754737 2.5694609
coherent 5.6075683 -3.4884732 7.5438147 2.1839235 -1.6282139 2.6154902 1.0686994 0.20186332 0.830356 -0.6673306 -1.4822379 5.7972426 -0.038370673 0.3884197 -6.1215835 4.832576 0.22225939 1.5013295 4.684282 0.40635237
competence 0.41884843 -2.120084 3.8322546 3.566785 -0.42737916 5.2309804 0.87314427 0.08271112 3.8025923 2.9607131 -2.6515858 3.9073927 -6.256348 1.2295992 2.6739142 7.55679 2.3291185 0.6723078 4.039588 2.9483387
intrinsic 2.7209935 -0.39868745 9.04085 -0.6002357 -2.0690897 5.347481 -0.21914667 -4.331469 0.40265742 3.174795 -2.8110502 3.763206 -2.2232103 -1.6320812 -3.4907913 6.442516 0.9615827 3.651294 2.2531183 0.03758198
analytic 4.6769314 -4.7032495 10.178008 4.0479455 -1.6769611 5.7061515 -0.4258627 -1.301923 1.7867266 -0.99203366 -3.2089546 6.255027 0.717509 -0.17106624 -0.9821603 6.320504 -0.27220693 -1.3635318 2.0666494 -0.7861989
evaluating 2.0307734 -1.6446676 3.9559512 -0.48035488 -4.5355725 1.0378767 1.0859822 -3.5889707 2.455535 0.038199086 -6.1852884 2.0449264 -3.1938777 -0.77333575 0.003053842 8.310171 0.6278644 -1.9362365 3.7902226 3.3605208
calculating 0.39649045 -2.7618883 5.7229867 -2.3747938 -2.955751 -0.40059438 -0.5938673 -5.4243026 1.6288632 1.2980253 -3.2751925 4.5827436 -1.1129624 2.4440722 -2.8611763 5.4455495 4.4968824 -0.88060766 3.8039818 -0.97648096
implicit 2.614394 -4.1521516 8.146993 1.5255005 -1.0580932 2.618418 2.4759939 -0.5502621 1.7413013 0.97890055 -4.3891454 3.896319 -4.7801337 0.6532404 -3.5471041 7.319009 0.7650529 3.612058 0.98926705 -0.7573517
assessing -0.30133408 -1.084856 2.74721 0.25194928 -4.493053 2.2887905 0.7841391 -4.7619824 3.8419187 1.5427997 -6.420436 0.72530806 -4.0076976 -1.3583947 -2.1377366 8.559878 0.9441057 -1.7488719 3.4425383 2.6585536
simulations 8.170578 -0.4768659 6.133158 -2.924072 -5.3524714 0.6529253 4.3473268 -0.822281 0.12293482 1.3336605 -1.073595 5.082131 0.43672627 -3.866447 -0.15331419 4.9924946 2.8217332 -6.704091 5.542162 3.56232
hierarchical 8.775511 -5.732388 4.2854095 4.26654 -0.10556919 6.3025236 1.9084771 -2.75967 -0.8324725 3.0418859 -4.29505 4.9838734 -2.8145027 1.1993093 0.68360233 6.8596272 -2.1287029 3.554339 2.234301 -1.3902837
estimation 0.0368407 -1.5845505 6.463256 0.45149493 -3.6882646 1.2335274 -0.06868998 -5.4512935 3.2081277 2.403936 -3.589453 4.8459654 -3.246687 0.47731686 -2.9513502 3.0307572 2.8214097 -3.2641757 2.2507758 -1.6464942
cognition 2.9915946 -1.3785684 10.381379 3.0574377 -1.5405313 8.782595 5.1708503 -0.7000576 1.5450468 0.89138544 -3.1198602 4.075634 -2.998372 -7.731911 -1.063264 5.106835 1.5448501 -1.606009 1.5881279 2.686692
hypotheses 5.9656944 -0.4918915 9.66906 2.4324727 -1.6785772 1.6041218 6.5319586 -2.7891939 7.9413123 3.3116465 0.38996196 4.031564 -4.1965113 0.26881602 -1.3901453 3.691102 -0.678145 -3.831547 1.4906522 -1.8700355
semantics 3.2417 -7.3266664 10.215708 3.7898636 -1.4586601 3.9751 3.0795743 0.28223073 0.2261529 -1.1413285 -4.9845424 9.793262 -2.5756335 0.60017747 -0.28178617 4.9418435 -1.0890179 -1.494979 1.9022474 -0.47417155
retrieval 3.721858 -1.8343419 5.5203094 -2.0491536 -4.9399433 1.4834937 7.5326953 -4.2718015 -1.1208622 -0.9082823 -4.8056326 2.7124114 -2.2320201 0.060429737 -1.4762931 3.1728146 2.2608597 -2.27953 2.5583732 4.7147684
qualitative 2.2656446 -1.7103847 7.319386 1.1947985 -3.824707 4.2555776 1.2648449 -3.3841033 5.1244755 0.5664467 -4.1342883 6.4793196 -2.7947679 -2.4744298 -2.1027212 5.5163364 0.554791 -1.978592 2.9823806 1.194937
constructs 4.708799 -2.0883605 5.839366 -0.35778823 -1.1768514 4.347096 6.071139 -2.1201615 -1.5311903 0.16695972 -2.3621447 4.6302114 -0.49970633 -1.5181822 -0.58412206 5.057187 -0.46569052 1.1593586 2.1684651 -1.1305712
relational 5.308204 -4.124541 8.23849 -0.3304028 -3.0325246 6.019824 2.5943072 -1.9104015 -2.0504224 -1.2663193 -4.931675 7.274861 -4.4496794 -2.349421 -0.23400898 6.9689484 -1.5737218 -0.29357612 -0.6518562 -0.6386467
visualization 4.5880423 -0.13074516 6.2374783 -0.9626152 -5.735912 4.42869 5.090421 -1.5638096 -2.5782623 -0.80007863 -4.99688 6.318427 1.7055752 -4.29187 -0.12777904 2.6963947 0.9371017 -0.7736081 2.8682032 4.7419515
stochastic 4.570556 -3.9404807 11.926903 -0.91635996 -3.9573963 3.0679133 -2.01411 -4.432828 -1.0764409 2.2236278 -3.618187 6.8074408 -1.6438541 -3.1821122 -2.0759015 6.2538958 1.2642868 -4.8003135 2.623519 -1.3489245
evaluations 1.062323 0.4880942 4.647085 1.7074814 -4.415448 -0.43214613 3.426003 -0.34615642 5.982562 -0.63892037 -5.4342427 2.6023703 -5.757285 -1.2663618 2.8888507 5.406701 2.7610633 -3.4011865 3.5343096 3.0811765
specificity 4.113707 -0.054330997 10.790253 0.31588253 -0.20559675 3.4784362 2.0261462 -5.1885576 2.6462526 4.4061513 -2.4576137 3.2967649 -5.0829935 -4.190111 1.3812189 2.060893 0.32519278 1.7255288 3.737187 1.3794063
metrics 3.2004366 -0.3749584 5.538494 0.062468793 -5.164282 0.547613 0.50343674 -2.2031102 1.6216918 0.95444113 -5.4742103 8.695648 -5.7496257 -2.26724 1.5276698 3.8099742 3.7037115 -2.6332445 4.5535216 -0.90246123
measurable 4.011299 0.28454888 7.738093 -0.20913547 -3.5420017 0.73309994 -1.9396266 -5.75676 0.645278 1.3045211 -2.8649566 3.1256418 -3.960755 -1.0757432 -3.3002846 4.644453 5.5435433 0.26809743 2.5052567 -0.74146485
intuitive 1.0302317 -3.051057 7.5038743 -1.3828962 -1.1437244 5.1476684 3.3050044 1.3069234 -0.94362557 -2.2622626 -2.0906062 6.698999 -0.37259355 -1.9123342 -3.1089432 8.568972 2.3722658 1.9958746 5.1372776 -1.3872514
predictive 0.9026831 -2.5307271 8.446459 -1.5934285 -4.4660044 1.9774532 2.0963674 -3.751681 1.1439608 1.488249 -5.6616187 6.012875 -4.8274994 -3.6936636 -1.8764493 6.2709785 1.5291117 -3.7164764 4.329022 1.691642
methodologies 4.9120374 0.3264561 6.08222 1.9311792 -4.331575 4.682679 3.420518 -0.6536123 4.051343 0.046006046 -2.4393265 7.969562 -3.8920686 -1.5443541 1.712994 4.3803725 -2.1884885 -3.427766 5.4938183 2.478392
comprehension 0.43932727 -3.32371 7.4844475 2.6788497 -1.1508241 5.331511 4.003274 -1.2665755 3.7943926 -3.8107 -4.443271 4.8572454 -4.351974 -1.3055791 -2.8325667 4.301812 4.5846014 1.1069558 5.2605906 0.8892022
behavioural 0.60241365 -0.473234 5.2441916 0.85059357 -1.1109838 6.4460516 3.4847035 -4.2471433 3.4784286 0.12740102 -3.34116 1.6040827 -3.5905182 -6.9794035 0.72229254 6.237566 0.39048266 -2.664322 4.269118 0.8518343
normative 3.3351207 -2.639802 6.8021193 4.0431447 -1.1335162 5.5865316 0.8393633 -0.41860074 3.8631701 0.93196064 -3.6316247 5.826992 -4.677649 -0.71828055 -2.359875 6.4143586 -0.26677096 4.1805744 0.74540323 0.64017725
observational 1.7861949 -0.30496743 4.1268377 0.9372631 -4.3293376 3.3453825 4.519935 -2.7821786 5.2099476 -0.71464884 -2.8496323 3.8094301 1.2593615 -3.6334057 -3.6582382 2.7825067 3.2366118 -4.3375 3.307817 1.3283354
coherence 3.151663 -1.4828886 8.3640175 3.394724 -2.4595408 2.8749294 1.6308016 0.8965036 1.1219516 2.0663807 -2.7181683 5.1811924 -1.4489675 -0.53438735 -4.4345727 3.7258239 2.7034864 1.2697719 4.5001745 0.5911435
methodological 2.9150877 -0.797404 8.57811 5.259383 -4.3434978 6.076892 1.8076521 1.1517813 5.6878414 0.6465739 -3.8699021 3.151292 -2.3546567 -1.1401411 -1.6491886 7.147471 -1.4714332 -3.2762785 1.7791536 0.4910761
perceptual 4.4255047 -2.221 9.288308 1.1221712 -2.5429666 5.6296215 5.4417825 -1.5883814 1.2263223 0.53834146 -4.3429046 3.2748973 -1.7083254 -5.186986 -2.3977587 5.8213086 2.9041271 -0.953259 5.291739 0.4747575
ontology 6.238845 -3.5778239 8.206191 3.40771 -2.029695 5.989749 2.7129667 0.2945453 0.16328824 0.02339242 -2.4000008 9.035153 -1.0069863 -2.2626255 -0.609414 5.204337 -1.4632297 -0.11233237 -1.9010569 1.5042974
correlations 3.0444114 -0.4094787 9.707975 1.3175707 -1.9671383 2.0964026 2.2026706 -5.373438 4.9402924 2.715893 -1.6364151 5.1448984 -3.6981263 -3.505578 -2.2874095 3.387265 2.4836404 -2.841174 3.1034708 -1.6326867
bayesian 2.1698487 -5.2904353 9.8348875 1.2554055 -2.8964581 1.4284472 0.9860992 -2.7232597 1.1462103 1.2092353 -5.461948 7.8335304 -3.5092537 -3.958104 -0.28830624 7.1101875 0.050612364 -5.256608 1.3605506 -2.500057
multidimensional 5.1752696 -2.574011 5.9393187 0.6742285 -3.1664972 3.9209177 2.177713 -1.0959277 -1.608681 0.9517684 -4.0973845 5.8106174 -1.1176119 -3.394894 -1.6645726 4.3243146 1.2210484 -0.49302074 2.594382 -0.15444
learner 0.005864143 -3.2127137 4.9621506 0.12855662 0.7708994 3.6247528 2.6049402 -0.64164364 1.0491822 -4.344188 -0.91564244 5.5814295 -4.8742476 -0.7763638 2.2591157 5.013952 5.5993986 -1.3133605 5.3171005 1.1605399
contextual 3.8419256 -2.2533917 5.9429917 1.4915068 -3.4844365 4.9680123 4.5598187 -0.5345785 1.5784817 -0.9055337 -5.0426955 5.5675235 -3.3691573 -1.4998771 -2.54626 4.8846426 0.79778105 1.0114676 2.310242 -0.39690572
analyse 2.9792986 -3.5298967 4.352547 -2.4210782 -2.9619377 3.3375304 1.7999762 -2.5055785 1.0199108 -2.1713529 -3.1938853 3.223458 -1.5681204 -0.057328273 -2.6490023 6.1219873 0.46257356 -0.6629377 1.0446237 3.2149234
quantify 1.977975 -1.4604772 6.05684 -2.6107707 -2.5822933 2.1009061 0.2756025 -7.65603 2.1267307 1.8394369 -3.1313245 2.7659345 -3.0561917 -2.15347 -3.2375298 7.490288 1.0375446 -0.38038892 4.340231 2.0812244
individualized 2.8617954 0.52402985 4.9133444 0.23188949 -1.9263616 6.2073827 3.2673159 -2.3494592 0.16849223 -5.7928205 -2.6392143 1.8049638 -5.3978677 -1.1574965 4.558011 6.970429 2.198939 -0.6179646 4.576661 2.7860475
probabilistic 3.573806 -4.749187 9.666784 -0.23711741 -3.325181 1.9376818 0.48049673 -3.0828736 0.21531175 1.0933723 -3.9831648 7.348255 -2.2719169 -1.2889456 -1.020572 7.2655306 1.7794938 -3.8172858 1.1553442 -1.5030752
segmentation 6.042926 -2.5284894 5.5627804 0.675295 -2.444104 1.3514427 3.3511486 -4.1051574 -1.4214141 1.4908477 -5.0431857 5.51931 -4.195127 -3.4331803 -1.2191306 3.3840663 -1.6220899 -0.07809 4.896486 -1.1042405
paradigms 6.5859375 -2.3846343 6.8010697 4.0645537 -1.2233177 4.3245125 3.3390746 1.9114819 4.07261 0.4959841 -2.3198798 5.7354608 -2.9165769 -1.389258 0.36933988 2.297837 -0.731433 -0.24188697 4.127311 -1.1890788
applicability 1.3440399 -0.28885654 5.6247616 3.346643 -3.4362912 0.70235664 0.3632318 -1.8745373 3.6506352 3.9142964 -3.4556568 6.047862 -3.051553 0.93433905 -2.5816662 5.9537354 -1.3509405 0.5829444 1.577365 1.6162119
determinants 3.0879354 0.00408906 8.259628 1.433719 -1.9702727 4.643866 -0.5013791 -3.4193308 2.5876503 3.253091 -2.6888773 2.958572 -6.281551 -3.8070495 1.1094316 4.300466 0.086257204 -1.8508122 0.8830416 -1.3684324
predictor -0.76506937 -1.3947989 7.0371404 -0.99363226 -0.99409086 0.98030615 0.55070657 -3.8254783 4.121973 2.0693858 -3.6702483 2.682218 -5.4203553 -4.254033 -0.49732703 4.450848 3.7037077 -1.3534975 6.0384946 -2.1091566
heuristic 1.0436507 -3.4947994 9.371513 -0.8704679 -1.8857529 1.6619858 3.1826096 -2.3144531 -0.33465317 0.16854814 -2.4348338 6.817546 -4.568478 -0.9110786 -0.9607095 7.1450734 2.6080008 -3.148751 2.396156 -1.5029622
unbiased -0.5019287 -2.682845 4.02067 0.30439216 -2.155682 0.9674955 1.425437 -1.2984679 2.3569155 -0.8054003 -4.2035055 5.631533 -6.6308966 -1.3523942 -3.2484875 6.073156 1.6544354 0.60510063 0.96646327 -0.64169586
quantified 0.24380852 -2.016515 7.0204306 -0.4830338 -2.2406304 0.63661134 -0.7539176 -7.149538 2.329381 3.1151767 -4.8912024 3.2665524 -1.8201413 -1.957027 -2.5077848 3.6281846 0.84431314 0.819491 1.8674524 0.08937885
categorical 2.9454222 -3.8643022 7.7837734 2.4083056 -0.9595169 2.0510151 1.2349004 -1.8867023 2.1063015 1.3497387 -3.9229248 5.8201265 -4.393315 0.5434029 -0.43540922 5.6359997 0.8485519 1.735223 -1.1665981 -1.833962
generative 4.05476 -3.366066 7.949279 3.026879 -0.43777233 6.2838287 0.43663782 -1.2580868 -0.05026877 -2.5930297 -2.4938006 7.6189165 1.8215249 -3.0885346 -0.21823943 2.7469788 -1.6978381 1.4190854 2.2185028 1.0643682
empirically 1.8853035 -0.9809538 10.014453 1.6634595 -0.9785268 2.0639012 2.516096 -2.917093 5.3289123 1.7575688 1.2981414 7.128557 -3.947094 0.10221197 -1.5897806 5.5393815 1.4242735 -3.4800737 2.0170884 0.59534633
algorithmic 3.9395926 -3.3596916 7.828279 -1.0108428 -4.383761 2.7912848 -0.13765268 -0.8089099 -0.9834117 -1.9863576 -4.2195086 7.211958 -1.4744743 -0.9049559 -0.29454866 5.2804313 -1.0945282 -3.1549826 2.634724 -0.19720244
quantification 2.9787505 -1.1369984 10.189639 -0.0029738103 -2.9402676 1.9511379 1.4479461 -4.853705 1.8721071 3.50404 -3.2671344 5.6361184 -2.6103203 -1.2827857 -0.58204526 3.468284 0.603989 -0.62847304 1.8641646 2.0657296
simplifies 1.92256 -4.5768027 5.778471 -1.3478519 -3.745614 1.4814047 -0.67277503 -3.6202188 -3.3315861 1.3406492 -6.192399 4.06954 -0.44513834 1.9116728 -2.0768127 5.0927453 -0.07945221 0.47316164 4.3502107 -0.4468159
modality 2.3482742 -1.7278007 8.230137 2.4671617 -0.26008236 3.5534654 3.326464 -1.1919272 2.0650764 -0.029440874 -3.0991647 4.548432 -2.5760005 -2.503481 0.8680876 0.81429684 1.8954223 1.9139545 3.7633681 1.9353449
robustness 1.099313 -0.4078687 6.698687 -0.21721266 -3.1201491 2.3220518 0.7567652 -1.9768884 0.77328515 4.1164145 -2.2889335 4.932299 -3.4410765 -0.33210084 -1.4178039 5.525457 1.9125392 -1.7962472 6.510942 -1.4341744
inferences 3.5575871 0.10129109 7.899091 1.1973282 -2.0109644 1.7796162 4.957205 -1.0843723 4.8531547 1.6078928 -0.042768124 5.6425314 -6.2382774 1.8257326 -1.6792338 6.221967 3.6554983 -0.5349507 0.89702356 -2.5539412
computationally 2.9967234 -2.6608257 9.610645 -2.6771748 -3.3533936 3.6656556 2.017293 -4.6368675 -0.9262608 0.2041588 -1.6642896 5.4084253 -4.5186844 3.7218628 -0.5916696 4.634382 1.5148443 -4.059235 7.2410245 -2.0824797
transactional 2.7669067 -1.4918567 5.23696 -0.72167456 -3.7061667 1.8100953 0.94083524 -1.311925 -1.5931786 -1.3511112 -4.5816207 6.307189 -5.8973093 -1.9857544 0.44388995 5.567628 -2.5463092 -1.1438112 1.2774831 0.51734614
combinatorics 4.2937007 -2.8478534 7.0892572 3.3727233 -2.565714 4.7718883 -2.3066545 -2.4404652 2.1151638 -1.0648701 -3.8166246 6.9281483 1.2530838 -1.7064903 4.568729 4.1679893 0.15950006 -3.491756 -0.3272836 -2.5493014
heterogeneity 4.922458 0.7990247 7.0663567 1.5457004 -1.9421605 4.66302 0.29277852 -4.2460976 3.3339825 4.2360587 -1.0920849 3.2168157 -4.0965776 -3.5355237 -1.5252452 2.6367774 -0.32474315 -0.756294 2.53024 -1.633952
extrinsic 2.695171 0.10357611 9.402136 0.93370575 -0.5884602 3.7373445 2.6195881 -3.9023035 0.32723314 3.8660214 -1.733917 2.3385012 -3.9772756 -1.3965199 0.08692059 5.6601944 1.6022079 2.4584627 2.5087585 0.20187159
transformational 2.2313592 -2.3382936 4.3071713 2.4082422 -1.8492141 5.589136 -1.260215 1.7857568 0.83079857 -2.5941336 -2.5094802 4.539627 -2.0095236 -2.2265782 -0.974198 5.070397 0.14504215 -0.85015154 2.4810271 1.0339296
declarative 3.7599506 -6.351721 8.566186 1.6874264 -1.1556336 2.99387 4.633797 -0.4094705 -0.48005104 -1.1613204 -5.8294754 4.954679 -4.092336 0.34085384 -1.7526559 2.1781518 0.38362518 2.062592 1.5095452 -0.9623359
randomness 2.9980245 -1.5612142 8.62938 -1.3256055 -1.6080104 1.3542792 1.6471194 -0.70678645 0.6226248 1.4048692 -0.35017982 5.372262 -2.0811236 -0.65186733 -2.7370706 5.7881794 3.0433645 -0.5836379 3.1392136 -2.251428
generalize 3.1247203 -4.558912 7.003884 -0.14906509 -0.3759994 2.6510859 0.015662998 -4.499036 -0.3155332 -0.94589084 -3.7206502 3.3344274 -1.8567245 0.13167323 -0.49448875 6.759337 1.4257993 1.143541 1.5009849 -2.692631
unstructured 5.044934 -1.9190031 4.8221707 -0.30538422 -2.0432262 3.7734187 3.8120813 -2.7420948 -0.5160822 -2.758553 -3.4881387 4.674635 -3.8227797 -1.9003146 -0.90130585 1.5502343 -0.81859946 0.8414051 3.0047917 -1.2874851
mechanistic 3.821222 -0.8570933 10.994832 1.2501009 -1.2200483 5.1486692 1.3537885 -2.0498874 2.0047207 1.2208155 -0.047179833 2.9459825 -0.38708732 -1.6949836 -1.9889152 4.8075438 -2.1285899 -1.2888234 1.561758 1.4501113
epistemic 1.9978513 -3.9993918 7.7470994 3.7948596 -0.8083213 4.8168015 1.1063074 0.38280624 0.4890635 0.86264956 -2.926046 5.296758 -3.08213 -1.7421551 -3.7808971 8.050346 0.2394992 1.4468818 -2.2657435 -1.2845466
minimization 1.3722523 -1.1527336 8.551511 0.35085154 -2.898157 0.91331726 -0.31759793 -2.8508615 -2.185244 3.9567525 -2.4956841 4.20227 -3.6952004 0.13790081 -1.2702092 6.064682 1.6721973 -1.9662246 2.6596496 -1.072793
deductive 0.6639191 -4.30348 8.078495 2.8649454 -1.4690149 4.411921 3.092555 0.021173386 0.34793627 -0.16845633 -3.083179 5.2693157 -0.4151495 1.1936646 -0.44953233 7.8821197 1.4588674 -1.233618 1.1805698 -0.90826714
readability -0.90491456 -0.8396744 5.0871058 0.48208207 -3.4453423 1.1448879 2.810288 0.041458983 2.250586 -0.8091563 -4.6403127 7.565472 -2.6801603 0.77519387 -0.8755444 3.9668787 2.1535215 0.51069355 5.1767197 -1.6909804
axiomatic 3.7359302 -2.2904975 8.112382 3.2692435 -2.6361458 2.4835744 -0.5259275 0.7589185 1.1590598 -0.24771856 -1.186294 6.620814 0.80102545 2.2530584 0.33666855 5.7951684 -0.05186009 -1.2903556 -0.32793394 -0.3659373
heuristics 2.0584252 -1.7817526 7.8233314 -0.09093281 -2.2429075 1.7957817 3.8797207 -0.66316634 0.734248 0.11625503 -2.3042493 6.783853 -4.4640055 -0.62672055 0.9343916 5.8398676 0.50921494 -2.4369366 3.5796132 -2.049663
predictors 0.43579808 -1.24995 6.5192275 -0.11001932 -1.240709 1.4722556 1.2848516 -3.252075 4.226815 2.0784218 -3.008025 1.9785936 -5.2406964 -3.1205065 0.19798599 2.7851107 2.635007 -2.4305465 5.079086 -1.5870333
tradeoffs 2.7872677 0.5290895 5.4760942 -1.6907173 -3.178968 1.9274119 1.3601756 -1.4191461 1.2829186 2.7456803 -1.6352663 4.5575686 -5.009036 -0.3399374 0.24934274 6.273975 1.3473669 -1.0567881 5.249084 -1.3776227
schemas 5.93969 -2.0615587 6.146395 0.7580331 -2.6614196 1.9662395 4.5223675 -0.17321089 0.06703761 0.14322968 -3.4560153 6.660203 -4.896055 0.19016494 1.7079517 3.1359243 -0.748566 0.63990074 1.3095896 -0.117901795
quantifying 1.6901883 -0.9359933 5.8871264 -0.7332232 -2.6875942 2.5849488 -0.32803577 -4.8995676 1.8332624 3.7605538 -2.6785874 3.7943368 -2.1866002 -2.5894692 -1.826039 4.194397 0.4545406 -1.5038129 2.915917 0.92748034
qualitatively 3.5577652 -1.2918682 6.6356096 0.66792864 -0.48904487 2.1016643 1.91018 -2.844535 3.9194143 2.1766715 -0.5403839 4.1413784 -2.5812142 -0.95829976 -1.9338139 2.9639857 0.87695265 0.7682691 3.9161696 -0.30003667
attentional 3.5408916 -1.5988057 8.189003 1.9607828 -1.3855588 3.49023 4.1164403 -1.7799033 0.50924116 1.6763364 -3.2711449 0.3933806 -5.904894 -3.3489604 -1.0815599 3.355008 2.2404437 -1.5303785 6.1181035 1.9183701
solvers 3.2395828 -2.8280911 4.4713516 -1.5955248 -1.9450375 0.83907855 1.228166 0.9705902 -0.2627986 -1.0004386 -3.2250977 5.2323995 -2.9526117 -1.2708038 2.8298113 4.8801866 1.1132675 -1.809525 2.516585 -2.593532
modularity 4.258836 -2.3812811 5.929329 1.2615578 -2.1971323 3.009805 1.2224085 -0.22769101 -1.177993 1.3491051 -2.0300133 5.4236183 -2.0203078 0.61252815 0.25112763 3.9596608 0.46500424 -1.4174217 4.538083 0.022787495
reproducible 1.1136103 -0.08678057 7.293753 -1.0595465 -2.4851866 1.1656102 1.8415194 -3.9252677 1.5601686 1.7435566 -2.1139276 4.904725 -1.6312444 -0.52012634 -0.97845125 3.3812582 0.5422781 -0.013451048 5.0136957 1.6488532
psychometric 0.048331514 -1.7770834 5.6062474 1.2327379 -2.8583217 2.4546316 2.4169729 -2.8797355 3.397405 0.44863477 -4.4065332 4.8169737 -0.9371052 -1.4489577 2.2820053 5.233515 0.7640721 -3.214878 1.6093544 0.13596915
maximization 0.12858477 -2.1566703 6.0478106 -1.7206237 -2.3402376 2.7547557 -3.100027 -1.897013 -2.0067773 2.7037203 -1.967491 5.2444353 -5.5172834 0.5737053 -0.3791493 6.7103305 0.6935239 -1.590461 2.041908 -1.9904611
salience 2.0778513 -1.6292489 6.819349 1.6036694 -0.85163677 3.5413685 1.4050858 -1.1144432 1.8422978 1.9419838 -2.909192 2.89748 -6.1210985 -4.6071186 -2.581547 4.1907997 1.3907071 0.799881 2.8642924 0.24729596
ontologies 6.192093 -2.4278414 4.6176085 1.6309396 -2.378823 3.1770694 2.9333608 -1.0237999 -0.21083905 0.66571635 -1.9657245 7.5710034 -1.9692968 0.117083706 2.463477 3.4004314 -2.2513757 -1.3750796 1.231936 0.9973829
theoretic 3.4710176 -3.9888604 6.64608 1.0545248 -2.0360675 3.0624526 -1.3121374 -0.1331768 0.5685448 0.22564666 -3.454213 4.8601522 -0.51941454 -0.2640479 0.1966551 5.276076 0.48505688 -0.83020324 0.92952377 -1.7866001
nonparametric 0.48313832 -3.1720865 8.00808 0.94953287 -2.132568 1.0638244 -0.32822487 -3.0181108 1.6336343 1.7399988 -3.4346309 5.9635534 -1.832062 -2.1571944 1.3239338 3.3156843 1.43609 -4.155945 2.0957913 -2.333316
randomization 2.7780735 -1.3026958 6.307147 0.4726197 -2.6952488 -0.9723569 3.4840994 -1.6360971 -0.99273235 0.60678697 -2.8380756 4.0790515 -3.368839 0.8921729 0.3923558 4.7185183 1.5862007 -1.8113824 2.3617349 -0.20845401
microeconomics 0.3143176 -1.3657674 4.530221 1.7195654 -2.2196097 3.7999697 -4.669575 -0.8142834 2.6368976 0.3146784 -2.0725112 5.7547264 -2.3008173 -2.1811895 1.047232 3.0380135 -0.7830586 -2.4758856 1.2681518 0.8748494
reproducibility 1.0324777 0.58530223 6.020663 -0.27889255 -3.7383802 1.9585191 0.8989054 -2.3355703 2.2766938 2.1962702 -2.6058512 3.493322 -2.2086082 -0.40115705 -0.43342343 3.4577115 1.4698743 -1.2629541 3.5881557 1.9931511
evaluative 1.3116034 -1.8915898 5.2331924 1.7993667 -1.4143248 2.6944535 1.8040669 -0.3835316 2.1967769 1.1532594 -3.5415602 3.5488296 -2.7653856 -1.9108686 0.029027589 4.253962 1.8164018 0.78145546 1.9241983 0.58957225
giftedness -0.008578578 -0.7799678 5.2304144 2.667118 0.1057171 3.0829399 0.48123688 -6.2390904 6.5662704 -0.0800622 -4.0349326 3.6339047 -4.9472723 -4.7272415 3.971356 6.784527 2.2043018 -1.0570451 -0.60490173 -2.232934
testable 1.3367972 -2.3652809 6.6370616 0.17335887 -1.6130552 1.4412819 0.49317783 -2.7054663 1.6006161 1.8496265 -1.7323109 3.7838686 -1.1728116 -0.9586347 -2.1705148 5.0764556 0.31573403 -1.4266518 0.47101444 -0.48395553
hedonic 0.31631777 0.2563225 5.3777866 -0.78324574 -2.2774858 3.221734 0.21059184 -1.7828141 0.3093771 1.1836199 -1.8634208 3.609817 -3.5914643 -2.6705108 -1.7988381 4.1454153 1.3400357 -0.60562456 1.6521521 -1.0315827