Centroid_189 2.4689419442258056 1.1802768668548391 0.05922435108064531 4.65102149266855 -1.9048256885000003 -0.9568018685887099 -0.8962567508435484 2.145700982201614 2.5151471233112903 4.0932410307258085 -0.5340726614112901 2.499168541290323 -8.696945334193545 3.3647361939112903 0.6192178199999997 4.509962787903224 -2.627344199991936 1.6308974969354837 1.2548045954354832 4.894315265524197
states -1.788138 13.832201 -5.773456 10.753015 -3.9409928 -6.889366 2.730078 3.4381776 7.1583133 8.467167 -1.358083 -1.5187484 -1.778118 -1.4077176 2.997828 -3.451352 -9.168072 6.28174 2.5186317 6.037321
government 0.13373455 -0.23739637 -3.1465068 8.122713 -0.7211287 -1.1160797 -0.7077588 4.8651524 1.180485 6.7600975 1.5402786 1.8847444 -15.810755 8.038391 -0.37166354 1.9631866 -6.2000556 -0.11032593 1.8932189 7.0161037
law -2.002892 3.7513306 2.0154147 11.696731 0.115809985 -1.3621966 -0.011545954 -0.13285787 4.9894476 1.4488842 1.0037547 7.1635065 -9.324836 2.9458873 3.0635757 9.102894 -1.8543059 1.8152539 -3.935428 7.5269055
union 3.4612498 0.432821 -5.688956 8.159483 2.2349136 -1.159298 -3.558412 4.5579166 1.9147007 2.5546849 3.8928843 2.169262 -3.859332 3.3386064 4.1570697 3.5348823 -5.71948 1.567851 3.6570077 5.6239705
rights 3.0787072 5.3718677 -2.7392411 3.2565346 -1.9917314 -1.3949032 2.110209 5.8939533 4.756958 4.509961 1.5515101 4.3007946 -12.352782 -1.2890078 1.3714776 8.659814 -5.84765 4.3261743 -4.538434 4.4991145
foreign 2.500178 -6.347806 -5.600497 -0.26470894 -0.23008436 1.7537221 -0.72077537 2.524783 7.7609286 -0.8148627 0.027201274 3.4206972 -9.1717615 4.181659 0.21934466 5.1155367 -4.3699317 -0.052764803 1.3693224 8.17852
plan 5.3151827 2.8978353 2.487344 5.052391 -3.4092288 -2.028831 2.8554883 4.71801 -5.7851048 1.785886 2.7940686 2.1818824 -7.170097 6.2556057 -2.1481557 4.9332004 0.41245484 -2.5641174 2.3494895 3.3977187
policy 0.9154671 1.0053622 1.6942059 8.78128 -2.4813998 0.60833377 -1.1572366 5.818597 3.9908292 4.02161 -1.7066277 5.513356 -12.645471 0.84278286 -1.2960261 7.935015 -5.2894216 0.08916533 4.304207 7.6859856
administration -1.3441417 0.64269376 -0.6703064 10.274054 -2.2611282 -0.030220632 -2.4525373 0.19950254 -1.5593112 2.9467754 -1.9858323 0.80023074 -9.682312 3.976908 1.5620431 3.3430247 -3.4124684 -3.5029547 -0.64426196 8.269952
legal 0.44692206 0.14552703 -0.03179899 4.4439707 -1.8978107 -1.470055 0.26755446 0.26969942 5.135262 0.19109073 -2.2221417 2.731362 -10.180043 3.329053 0.21549748 10.741979 -3.155474 1.0608995 -1.0466743 4.5858293
nations 5.0596004 7.213897 -8.009497 6.420075 -2.1549861 -2.7370567 -0.008331568 6.27939 8.73702 11.4708805 -0.26122078 -1.0035474 -7.0702376 -1.3483189 4.363635 0.5239408 -3.3395252 6.9575477 3.1782742 6.31891
status 2.541372 2.023356 -0.3148668 4.8479047 0.37453058 -0.08095038 -1.3136109 -0.22318406 5.8810997 5.8572855 2.6144085 6.050522 -9.320274 2.7431872 2.3195193 3.5184355 3.7343173 2.073061 -0.53078383 2.05463
ministry -2.112062 -0.5075702 -2.192376 8.738931 -3.5819323 4.3276095 -0.24917579 4.8788943 1.5656667 3.6423974 -1.4302994 1.8746042 -7.8129463 7.553557 2.9655118 0.5233647 -4.6265254 -2.5623882 -0.42065445 12.005551
agreement 5.2153344 2.4049048 1.865939 2.4192123 -2.2360387 -8.173846 -5.41133 5.273828 -0.26133394 5.103359 4.406517 4.323601 -11.219726 6.980335 -1.0197085 1.7347943 -2.4764314 1.3040378 0.38829008 8.7513275
peace 2.6436388 0.83765644 -1.897482 5.3655624 0.83452314 1.1258866 0.47752547 7.6592216 2.5195534 1.9441655 5.574139 -0.6642709 -5.450979 4.095258 -4.39783 6.4447145 1.3864111 3.9297256 -3.484324 7.3446145
efforts 3.6443913 5.185448 0.51874626 4.157279 -1.0374125 2.2089875 2.4918156 5.1477094 1.9928002 2.2676086 5.6290355 -0.53166944 -9.33136 1.1829106 -0.90482676 6.5185676 -2.165684 -3.1035836 4.4027805 4.290887
relations 1.0993218 0.21985875 0.3135239 4.7620926 -1.2420459 6.404518 -3.1994894 4.6811166 6.044961 4.7789783 1.4149604 1.6180164 -9.426745 0.5520253 -1.2518224 3.9399252 -2.849942 0.71224797 0.5333859 6.7658076
agency 0.022209318 1.9461142 -3.714387 3.198816 -4.2392807 -2.3858187 1.8337982 3.4558396 -1.9660699 3.2379284 -1.2145966 4.831159 -8.814802 -2.2046688 2.534169 2.9918172 -5.5667367 -4.6502905 -0.5240394 10.585134
officials 1.5813525 -0.53856903 -4.4129124 6.0328217 2.0331242 -4.318185 5.0352364 2.4605365 0.58373976 1.5961187 1.0526932 -1.5419474 -14.357543 5.007025 2.6184816 3.7638896 -2.169204 0.7552349 0.8530905 4.355369
laws 1.2678741 4.312263 1.6897097 9.168121 -0.28802633 -3.2122424 3.1287992 -0.09802819 6.044288 5.331128 1.1219653 7.6480165 -11.00689 4.643973 -1.063545 8.413018 -3.295932 6.0988927 -0.978545 4.264014
labor -0.44469017 2.135424 -1.6830207 6.830507 2.3831758 -1.5483464 -2.606151 0.15743054 2.5836318 -0.09139262 1.8390858 -0.6983897 -11.035004 0.5598964 1.2694849 6.401062 -7.7431464 0.5780962 4.656248 2.939893
federation 4.9363365 -0.16859503 -7.902907 3.6791055 1.7941417 1.8115234 -3.2860653 6.584306 2.5790513 6.4143934 1.9880733 3.372542 -4.2475624 -1.4230568 9.730471 3.597588 -3.1516595 4.3329406 1.1632092 8.028655
establishment 3.3514223 1.1419663 -3.569208 8.008939 -2.452176 3.2441955 -2.6527343 1.8730845 1.8188064 1.7130914 0.6769363 1.6909318 -3.9749866 5.120139 0.3491643 1.8144921 -2.696198 -1.1454633 1.695306 5.0080867
governments 2.1525762 0.20563553 -2.366606 6.081678 -1.7337555 -0.7379563 -1.4942799 4.764153 2.9606316 7.707585 -0.6463466 1.8755968 -14.368839 4.0616527 -1.4884114 4.041742 -7.126529 1.7204521 3.6570084 5.18199
reform 1.6131876 1.0447056 2.4208076 10.6025095 -1.1799085 1.9920278 -4.7880454 4.9316053 2.5038993 0.52939254 -0.66593486 0.99106175 -9.860073 5.1482563 -1.3794091 6.0862823 -6.09826 2.1645052 1.450268 4.1134057
organisation 3.335247 -0.29988 -4.352448 4.498014 -1.064302 4.670096 0.7992879 6.4916134 1.2887596 2.7818525 -0.40972114 4.2401705 -7.414827 1.6428037 5.428417 2.0756512 -5.2531366 1.414372 2.8908544 6.1007104
responsibility 0.5899576 -0.39274007 -0.1624621 6.3116918 -0.52846247 1.3968405 3.4049397 1.4355749 -0.45075372 3.3333373 0.34148702 1.3197387 -11.337232 4.392139 1.2132751 6.7459474 0.89104444 -2.6345887 1.6703631 4.929303
legislation 2.6936224 6.732115 2.3405383 11.018564 -1.5731641 -7.3851852 1.8094327 2.6707838 2.0746899 5.4786515 1.0441959 7.477552 -13.897302 4.391294 0.94584775 7.5583286 -5.782575 3.5840786 1.5845779 3.6921291
policies 2.0949109 1.0271039 3.5708 7.568299 -1.2084023 1.865588 -0.9000558 5.652164 4.06588 5.009975 -0.3271118 3.3891463 -14.435925 2.1275947 -2.0522137 6.511232 -7.5133867 1.193558 5.3197308 4.5291476
requirements 3.5546145 1.6356896 1.7018087 3.3491478 -3.6088388 -2.190085 1.3537097 -3.178853 1.0586083 3.7864032 -2.5584564 8.410487 -9.796806 5.5396433 4.768088 6.7658324 4.475467 0.70018786 7.22954 6.842678
initiative 3.7624967 2.819553 -0.03538062 3.861346 -2.9461637 1.8616838 -1.1069901 6.138705 -2.2203658 1.8249718 0.68629575 3.7103267 -7.7167344 -1.2865204 1.0987322 3.800978 -1.6109955 -0.14297447 0.17232518 8.6045
cooperation 5.6309204 -1.5580971 -1.102319 1.949566 -2.7481854 4.671996 -3.3270836 4.067953 1.7268187 4.458072 -0.21734668 1.2542658 -6.271813 0.86717975 0.5526931 3.475055 -3.9494689 -0.046578787 2.7584841 11.279284
participation 6.3590536 -0.2297629 -1.22863 0.91675246 -1.4142336 1.2080721 -1.9266009 3.9925838 5.8179245 1.6533027 -1.6654117 -0.5781182 -8.686191 -0.8462515 2.657531 3.7738776 2.4644496 2.5998921 2.2471907 4.3630195
constitutional 2.8306863 -1.9315325 2.3986647 9.995733 -0.104207285 -3.1041422 -3.420941 4.2373195 5.0244427 6.7988544 -1.978692 2.278347 -8.563505 5.212145 -0.8888285 8.520517 -2.8400123 6.05309 -4.25197 4.6104054
regulations 3.5799942 2.595233 -1.8156438 4.6038313 -3.6274116 -6.066906 1.1442375 -1.0452343 1.6865793 7.9164453 -1.7702897 8.476424 -9.825208 6.8737545 2.5249462 7.128404 -1.0605941 3.139558 5.289229 5.73742
decisions 2.3775587 1.9264528 5.103709 4.2459764 -1.5328014 -1.6700804 3.0809908 4.802819 3.7981713 2.9817805 -1.1574806 3.718799 -13.643868 3.6593292 2.362681 9.193294 0.5176283 1.4372834 3.2489831 -0.061489735
immigration 1.295636 1.5285739 -3.0498219 6.106963 -0.16408654 -1.3979176 -0.967623 -1.1149825 6.75367 2.4530678 1.1998941 1.3118975 -12.42173 0.68105215 -4.5629935 2.2079508 -5.8815074 1.5748667 1.3196564 6.7452927
diplomatic 3.5457237 -4.3454976 -3.286858 3.1467857 -0.19480777 1.3104326 0.45702416 4.348366 7.3108096 3.08169 2.885759 -1.1341065 -7.204686 6.0913396 -1.1560371 4.219946 0.15091111 -1.087467 -0.11934686 11.694737
regulation 3.1415403 1.6993408 3.2934504 3.5797958 -2.3793302 -3.0256615 -2.12726 -3.4912856 0.106603585 6.4455314 -3.4100702 2.388536 -8.477315 0.62514836 1.7747463 6.125578 -3.133741 1.4137734 3.8872797 5.5361595
unions 4.1864877 2.5552583 -2.8856573 5.9807506 1.3572764 -0.40520814 -3.4816732 3.9031198 3.9107869 2.3298607 1.8349049 0.9356599 -10.382943 2.6457872 5.6340504 4.9591436 -9.355627 3.6328382 5.358027 3.358495
reforms 2.3341012 0.78731894 4.250985 10.045401 -2.0762277 3.664431 -2.6949017 7.310817 5.352859 6.0638027 1.5943863 1.2793186 -11.357654 9.680714 -0.16764563 2.2726963 -4.5539904 -1.4889076 4.293165 2.1708126
eu 5.561112 -2.9557853 0.5818545 0.35524017 -0.9236877 -3.0175643 -5.842175 0.7091352 4.057345 5.573224 -0.8449371 5.612114 -11.08275 4.2036457 0.4444917 2.0397918 -2.264756 5.357195 1.4987233 9.056296
citizenship -1.0037942 1.0108218 0.9129595 2.3757753 3.9091532 0.024720673 -1.781441 2.9655902 10.824798 5.572652 5.3365135 5.9521728 -12.74964 3.1552043 6.1388836 2.7770305 -0.14299528 5.8206153 -2.7368786 8.239736
commitment 1.9612186 3.4796088 2.3392568 4.2281456 -1.1393598 2.632291 -1.3085365 6.590114 2.8716598 -0.13554998 1.6014222 2.097515 -8.273976 -1.1832519 -0.83576024 8.06417 1.9890155 1.9677823 3.244564 4.6392517
restrictions 3.9687266 3.6639798 -1.0776904 3.0311606 -2.2903893 -4.2699924 1.8425556 -1.7742628 3.4486446 3.5861058 -0.04751031 3.6373322 -11.235264 6.092738 -1.7995882 4.4978247 -0.85851157 4.5964794 6.27807 3.5938957
provision 0.69843006 4.1771083 -0.71555734 5.7199917 -3.6911643 -1.470837 1.9198873 -2.4729385 -0.78450024 2.1029332 -2.1168206 5.285937 -9.7759695 7.2292833 1.3123105 5.183928 -0.567094 2.642965 3.7289867 3.1555321
governance 1.9869913 -0.4973428 -1.1690693 8.357667 -3.2677374 6.092295 -4.69645 1.8404135 -0.8241402 4.4656634 -4.008132 5.264626 -7.8564334 1.8411095 0.30175558 5.8179646 -2.7390058 1.337507 1.8860098 1.7210432
proposals 4.8671083 2.9593515 2.5532875 7.0092297 -4.7198195 -3.432742 -0.06435591 5.6431713 1.3940713 1.2649964 -0.19835153 4.5087857 -9.060706 7.522828 -0.6855363 3.0408034 -2.6569047 -1.7312709 4.1601787 1.2889886
entity 6.6599483 0.06426679 2.2139108 2.4119155 -0.849355 0.6507317 2.3278089 1.6015688 -1.9080925 4.0651045 1.2618144 7.3201694 -7.5106325 2.059182 0.82064533 1.8117917 -4.4608335 2.4947178 -0.9486207 3.0107563
adoption 1.4843577 0.8348129 1.5665606 2.1578202 -1.389812 -1.1366208 -0.681514 0.23869689 4.585911 0.55423814 -0.8944572 4.164494 -6.153764 2.2885916 -1.0212226 4.094901 -1.8431665 3.1645381 1.729955 3.8877022
agreements 8.5700655 2.7256577 0.014497111 0.4399921 -4.0039134 -4.582296 -3.71872 2.5239873 2.3130355 5.575034 1.1819422 4.3268924 -12.582511 5.045252 1.4893209 1.8894104 -4.6853023 2.3746562 1.6842006 8.163405
responsibilities 1.169835 -0.4589221 0.4349392 6.405755 -0.5380232 2.3662214 2.938628 1.371901 0.2871471 2.0183675 -1.4567317 1.7506776 -10.657623 4.5485907 6.2356424 5.643744 -0.43307534 -2.6888938 2.7276778 2.4297493
mandate 2.9829297 -0.36177704 0.06810114 7.997162 -1.4056964 -2.7312622 -1.0070857 3.8649037 4.0799565 4.7007623 -0.012301533 2.8060946 -9.506778 5.6420617 -1.043515 0.15866281 -1.6610845 1.4155906 0.52175945 7.902932
recommendations 1.2769784 2.9217832 2.5884638 6.5771422 -5.106879 -3.5900068 3.6211703 2.9771442 4.6509657 2.730019 -3.565072 6.246166 -10.97149 3.7585187 2.4423206 5.1582584 -0.62726754 -2.201916 3.068874 4.5142937
voluntary 1.612724 1.405665 -0.95423526 4.346098 -1.0541084 1.0369984 0.14240992 -1.4907466 2.1712048 -1.3027667 -2.0237913 0.44591376 -8.546065 4.150883 3.871 5.992059 -1.9251564 2.3970451 2.9430625 6.6334696
disputes 2.8448253 2.002979 1.0843824 4.2400665 -1.3849022 0.39422816 -1.1098818 1.1858976 3.460549 4.304482 1.1772178 -2.348696 -9.714071 5.128737 -2.4926357 5.353445 -5.772231 0.33450428 -0.274285 -0.8027663
guidelines 3.0116827 3.7690399 3.2064822 4.7798223 -4.8850923 -2.4973712 4.77657 0.3105738 4.049042 2.482321 -4.532165 8.57067 -9.141713 1.8012872 3.7749124 5.0901 -0.43260923 2.3349288 2.1572773 7.335053
entities 8.927171 0.19469254 0.5415696 1.816753 -2.3964844 2.1907513 3.4664013 -2.149766 0.97062194 4.237059 -2.1721537 5.8825464 -10.197145 1.6688228 3.837853 2.3190687 -5.0147915 2.044944 -0.31794536 1.2933677
autonomy 5.778427 -0.9854862 3.2730255 6.2083077 0.7332402 6.1281347 -4.8335686 1.898729 3.8454587 8.487127 2.5158367 3.2412493 -12.014588 6.241887 -0.798287 2.9268975 0.16844434 5.067305 1.1393698 4.5612345
sovereignty 4.258398 -1.9940753 -0.43607447 4.8483524 1.0441605 0.5104284 -1.4078729 4.0842247 4.503319 12.619152 5.1981287 5.141373 -9.675855 6.1912327 -6.5087175 4.505476 -2.217752 5.754761 -3.478699 4.461118
monetary 0.16678607 1.5819927 1.3535057 -1.2588029 -5.095326 1.5311204 -5.7329426 1.0405108 4.088412 6.3838897 -0.67021906 4.6664724 -10.12037 4.523799 -0.23369151 7.6308784 -1.6688807 0.3942396 0.27803317 4.7693114
governmental 3.9187384 -2.0840223 -2.0105524 4.864561 -2.6999137 3.7510223 0.053719353 -1.4394829 0.8384883 3.4019668 -4.7274837 0.48110098 -9.18467 3.7879937 1.6351862 4.975053 -5.0927205 1.5455185 0.530982 5.8717265
compliance 0.064389266 0.46860757 1.1557189 2.0350356 -4.6697116 -3.785451 0.75995 -2.4696817 -0.0044782874 4.519452 -5.7179418 4.359423 -8.195343 3.3978403 1.7214383 8.635948 -0.28750178 1.6486272 2.3490486 8.670867
litigation -0.37909433 6.540171 1.8228576 3.5555046 -5.0067887 -4.0060434 -0.0025046216 0.23561938 2.200924 2.1703694 -0.9527053 0.5300897 -9.1986065 2.1613882 1.9554125 8.922285 -6.3471646 -3.540039 -1.5380399 1.7460471
taxation -2.1425302 1.9578593 0.8304268 4.311636 -3.0414126 1.3493651 -4.692328 -2.423516 3.671227 6.814452 -1.3359437 5.0176005 -10.960972 7.8085546 -0.903103 4.751592 -5.39269 2.3802433 1.7763758 0.3352321
abolition -0.16614361 1.1059953 -0.5520589 7.714063 -0.9816602 -0.5889266 -4.2345653 1.3263823 5.730778 2.7501183 -0.007131224 -0.38092756 -7.023707 8.06906 -2.9946487 4.0217605 -4.846259 3.8045297 -0.19891012 0.8681825
obligations 2.497062 2.6636333 2.4241443 0.37067014 -1.8228278 -0.5098834 -1.2054911 1.5040253 2.9019182 2.4473684 1.6430074 2.2548048 -11.275071 7.0560055 1.4617224 7.2742505 -0.22985357 4.1136417 -0.66941065 4.7511034
treaties 7.704505 2.1359367 -0.12355715 3.298252 -1.9022005 -3.5454915 -0.9732974 3.1537595 6.7105103 9.346789 4.812871 3.4658496 -7.9302545 7.706582 -2.1795616 2.5100892 -4.1874213 3.9240956 -3.234155 5.2356153
reorganization 7.346446 -0.16865051 0.84554285 9.010991 -3.6114986 -3.1735551 -3.9027689 1.6261911 1.023155 4.1004505 -0.79355067 -1.3511547 -3.9941816 5.296292 1.2942024 1.9515573 -4.0002675 -5.227464 1.8878171 5.9692535
secretariat 3.5149984 -2.4833825 -3.1560163 6.527663 -2.7353244 2.1171808 -0.50643355 4.7106953 -1.3994244 5.772579 -3.616464 1.750313 -6.2677054 3.3751585 6.3531566 0.61032045 -1.3249635 -0.35372657 -2.6750443 7.7352457
jurisdictions 4.2172713 3.3145096 -2.6992903 5.9956846 -1.5717133 -3.1278524 2.8953714 -4.9639235 4.8156023 5.397454 -2.6150331 5.5135612 -11.172715 4.3680143 3.8380659 3.8602605 -3.6387093 5.158754 0.6077261 0.65241235
oversight 0.5131229 0.79806656 0.15120572 7.6765122 -4.1532116 -1.4109069 1.4016068 0.091941826 -2.0037253 2.4867609 -5.8309255 1.1481924 -8.656662 3.3548186 2.2777143 7.3305135 -3.4455717 -1.1267786 0.8201881 4.773421
sanctions 2.5217066 2.9853914 0.026189763 2.3342104 -1.3398768 -5.6780334 0.55090564 4.4125338 5.400018 11.254399 0.6282407 -1.4997144 -12.311666 1.9297489 -0.5015288 3.95191 -2.201013 3.4530683 3.223351 8.117847
consultation 0.93275017 1.4549907 0.84423655 5.4181337 -4.574209 -0.67913306 0.5597521 3.0115054 1.2391846 -1.444568 -4.1169987 1.8465585 -7.528807 4.586155 1.3777978 3.7992396 -0.23663634 0.20735861 0.8340141 5.514241
boycott 1.8239701 2.051979 -4.0322804 1.3870622 0.5938498 -4.429445 -1.3066115 7.185844 1.28931 -0.5221956 1.5012355 -2.2604716 -10.063095 -0.99309486 -0.61658627 1.6863854 -3.4894814 3.4328685 2.8895388 4.32586
audit -1.227393 1.7940552 1.3493011 3.932304 -7.4316874 -4.503666 0.48921844 -0.28175712 1.1981753 2.2534072 -7.3414392 4.578733 -10.094977 2.6836195 3.507829 4.491352 -0.9632021 -4.096456 -0.51013947 5.59019
bilateral 6.703288 -0.19206029 2.0274596 1.2256364 -1.8392729 1.1207141 -2.5504787 -0.8386133 5.392208 6.842358 -0.9065141 -0.94858515 -7.566589 -0.5526511 -1.4846833 1.7568138 -0.2635795 3.1353188 2.8430078 8.978072
restructuring 5.3538246 1.9802636 1.2629622 4.122982 -5.536979 -1.2238818 -7.0378585 3.9545193 -0.032132737 2.5673313 -0.54402757 -0.5882806 -6.6869035 4.582656 1.530072 2.4999862 -3.970978 -5.566667 5.476843 4.2890835
transparency 0.64456236 2.2163928 3.1920774 2.2995038 -5.225051 -0.014606839 -1.2877233 2.9931083 0.9734823 4.997591 -5.5993767 5.957203 -9.215453 -1.3271521 -1.0722903 6.6083307 -1.04677 3.3814578 3.7611537 3.864494
directive 3.5741045 -0.7280612 2.1277697 2.9692934 -3.4007955 -5.7072277 2.2112293 0.9461528 2.9224637 7.638054 -2.137081 5.7842927 -5.5347013 6.2298055 0.67246956 3.0345592 -3.2300942 2.560349 0.101133734 9.624686
accountability 0.20523126 2.571368 1.8864276 6.8907895 -6.2388563 -0.9365677 -0.889035 2.0288064 -1.9082842 1.7173816 -7.9090137 3.6158414 -13.457835 -1.4246156 -0.4205721 7.599167 0.83149654 0.8086205 1.259269 4.9029474
arbitration 0.42119157 3.5807953 1.1504952 1.7128252 -3.3731046 -4.8960795 -3.2812138 3.8142781 2.5559328 6.8842015 -1.0547606 1.6816298 -7.7886953 5.0121856 4.459947 8.486601 -1.3346432 3.385263 -2.3684218 5.4665213
administrations -0.46652204 0.13420746 0.317774 8.884855 -2.4229357 -3.6640532 -0.5347545 3.5827816 0.9185679 4.8481193 -4.5287046 -1.0554895 -8.417709 0.21891053 -1.4295213 4.1983 -5.3295403 -1.2901899 0.49301797 3.6516724
liberties 0.29955924 6.2083344 -1.4572517 9.244848 -1.0120195 1.2244102 3.5218854 6.413254 6.023461 5.8541174 3.0572627 2.186882 -6.6963115 2.129064 0.9436666 7.593363 -6.0715995 2.1481733 -2.0912778 0.41206697
accord 2.0148804 -0.8549017 1.5405935 2.200811 -1.0607526 -1.7589883 -3.5378726 5.244647 0.25597733 4.7890697 2.0312455 2.65609 -4.6858478 4.7440085 -3.856713 1.0081706 -0.11454136 2.9687982 -0.8178193 4.2621617
priorities 5.4367704 1.5608785 0.6141428 5.452395 -3.4045653 0.032601677 -0.2774038 3.2348032 1.9260744 2.9775145 -2.2232308 2.9299302 -9.958949 -0.036370385 1.3599232 5.3782825 0.5300586 -1.8036642 3.8625996 1.274784
neutrality 2.380828 -1.296569 0.9264702 2.7096572 0.5516595 -3.5042257 -0.7692265 4.448821 4.2049494 8.026441 3.51132 1.6864636 -7.8542824 4.5003576 -4.351475 6.579275 -2.6047099 2.1662261 1.6917348 6.324654
reorganisation 4.7300224 -4.066891 0.8614045 10.124394 -2.3529022 -2.7241242 -9.350803 3.0716877 4.331802 4.5627046 1.8787384 1.7587854 -5.0830183 12.489609 -1.7624882 -2.5383883 -2.040192 -5.4436135 6.023442 3.2735271
freedoms 4.346612 2.9674592 -0.53074265 4.015199 -0.7062546 -1.0908462 0.26946852 4.7225842 3.7251267 4.4175234 0.19355315 2.2033587 -6.0733423 0.4591095 0.35133958 5.9468274 -2.086804 7.1174946 -2.0937226 1.478984
tariff -2.1339378 3.8155792 1.3890308 5.4102707 -1.8904525 -6.142418 -5.381111 -0.9007988 1.7497128 6.3630834 0.38466072 5.8460627 -9.240904 5.322363 -1.5543975 3.1478896 -4.747968 1.7756274 5.3868585 1.6399496
guarantees 2.486381 0.20063823 2.272129 -0.27618292 -2.922984 -1.9749012 -3.0351183 -1.1903113 0.7403442 3.6008878 -2.7736194 3.0868742 -8.214825 4.538122 -0.98593503 6.3069882 0.38114268 5.3737473 0.33673802 3.7080948
federations 9.185461 -1.0017802 -4.4851756 1.8678887 0.91891766 -0.5774367 -1.3694036 3.118724 1.9716996 5.147573 -0.13887762 2.5333128 -6.795039 -0.77827144 8.891471 2.5530128 -0.7650165 5.178879 0.6145878 5.8669276
tariffs -1.0575104 4.583273 0.10262793 2.7521892 -1.9732258 -4.451938 -4.894498 -1.20904 2.0150836 9.075418 2.6066904 5.9371 -11.977043 6.4153385 -1.5573999 2.7389112 -5.5404134 2.3640683 7.982231 2.8407128
mandates 3.451893 -0.32914934 1.398674 5.4354362 -1.3306849 -3.1826637 -2.5832944 -1.6562759 2.2923295 5.191396 -4.704659 2.2505841 -9.259168 2.6380577 3.9465487 2.4555845 -0.13698003 4.0570087 0.2973692 4.339864
regulators 1.5836115 1.3683776 1.9800591 0.90824467 -1.2218071 -4.6902537 0.00829801 -2.035311 -1.4888558 3.9064832 -1.4618652 1.3436272 -8.859258 -0.57518065 1.3965448 4.337512 -6.048238 -0.88666445 3.5341203 4.2695165
statehood 4.2540984 3.0336635 0.2253316 10.129963 1.3923368 -4.520822 -3.6533906 1.7074728 5.3963046 2.8855522 3.9262297 1.4159398 -7.2888308 0.20303352 -2.8012996 1.9960871 -0.59480333 2.055716 -3.7521136 2.6625028
mediation 1.659998 -0.92946345 3.5795546 2.4831493 -1.2510031 2.214824 -1.165676 2.8250237 1.2283463 2.5004218 -0.93690795 -1.4342344 -6.296691 3.9808397 0.5938264 4.9327736 -1.6969877 1.8681282 -1.4429655 6.841952
protections 2.988583 6.0031643 -0.2954274 4.390506 -2.2237182 -3.536865 3.1015224 -2.012653 2.7547677 4.523261 -0.64933705 4.0063796 -11.005815 0.6136448 0.116820715 7.518063 -2.4601307 4.92996 -0.42120284 2.39182
antitrust 0.63952845 3.3523571 1.0880247 2.6767104 -3.8473635 -8.975154 -1.4279635 0.036770687 1.118558 4.843743 -2.254029 1.8131871 -5.1937404 -0.37604228 0.82591385 12.38776 -8.4578285 -1.1551663 -1.7885563 3.6217103
accountable 0.77573884 -0.9446386 -0.7054394 3.17503 -0.041289184 -0.26663184 1.5214292 1.8078719 -0.7562976 1.3521876 -2.5410593 0.63154924 -10.9945 3.2572794 1.7213706 7.8037224 -0.7290289 4.45473 0.29446286 3.1125543
disarmament 3.1946378 -0.84022266 1.0178157 4.458454 -1.6680609 -1.7511967 0.62691414 6.7034864 4.397324 5.355439 0.14277445 -2.672252 -2.8340259 1.3230624 -2.7177403 5.630141 -4.408767 1.102185 1.7934889 12.170361
equitable -0.11982839 3.573447 1.4550272 1.730184 -3.4468772 2.047662 -4.2683015 -0.9253536 -1.3917795 1.9770944 -0.4886541 5.5907373 -7.9884896 3.1410327 -0.7679623 10.008887 -2.7291963 3.3513951 -0.2234854 0.9541487
quotas 2.7134025 1.9450588 -1.6983852 0.34830898 0.0948005 -3.2569788 -0.96917653 -2.9481692 4.7000613 4.8460526 1.4072425 4.4531665 -11.928199 3.2721653 2.7138236 2.3311887 -0.020152519 2.9188428 5.1602197 3.4354396
imposition -1.2368824 0.58368564 0.5038327 4.1866283 -0.9748137 -0.27905837 -0.93659675 0.08694909 4.2824507 5.213972 -1.7817994 -0.8887903 -6.239704 5.7502904 -3.3814342 4.5519104 -2.952305 5.525116 1.2348217 2.294708
consultations 3.2765956 1.0317618 0.2868524 4.0721445 -3.8335326 0.2411388 1.5925894 3.334775 2.702422 -0.6400062 -3.636978 -0.52325296 -8.090635 2.851893 2.5504618 1.3518203 0.61882645 0.07360981 1.1638665 5.9930134
anticorruption -0.20349476 -3.4834492 -1.2404673 2.7690892 -2.7503395 -0.29613173 1.0049742 5.7517858 0.8004296 6.415651 -5.7327623 -1.8036553 -8.636132 -0.04470801 0.3026945 4.0734096 -3.8440433 0.2268845 -0.5883811 5.9303923
directives 3.6084194 -2.4339678 2.726352 4.260215 -1.8888872 -2.1022923 3.6942735 1.551215 2.6505857 3.7369967 -3.2221408 4.0064797 -6.4678764 6.05174 1.6101544 2.7061057 -1.4946065 2.2483568 0.9061468 5.962908
multilateral 7.948688 -1.830178 -0.8539729 0.0021105309 -4.0090694 2.005184 -3.2002122 1.4848506 2.148045 6.7380295 -2.301024 1.1883528 -6.470058 0.4347263 -0.066367455 4.8666224 -3.183488 1.7968527 0.9506435 9.606391
stricter 1.0444591 0.11017296 0.5005487 3.1608615 -0.5314984 -2.3043592 -0.73613197 -1.9454097 2.1321864 2.0342 -1.4213204 3.2676606 -6.0371137 3.8854537 -1.7361382 7.205641 -1.5766202 4.490705 3.918069 3.5882232
moratorium 2.8489728 5.0217924 0.64023685 2.6520216 -4.053175 -6.5221953 -2.1913326 0.57353747 1.6826612 3.7484777 1.5399778 -1.1841898 -6.9117675 3.39499 -2.8620257 2.9231048 -1.3797177 -0.48264363 -0.936205 6.6531506
referendums 6.818984 1.4227684 0.31267717 5.2073665 -1.5946758 -5.1047225 -4.0828714 2.7586637 5.016087 4.5670857 -1.7101355 0.9520068 -10.451524 5.7107453 3.1847339 -1.341782 -0.6970472 6.242249 0.37059957 0.84004414
remit 0.9120489 1.7056614 -1.9241624 4.359018 -3.6845953 0.53706735 0.17338823 1.4150194 0.46192184 0.4164948 -2.2178426 4.128771 -6.980944 4.3963065 -0.29814294 2.221996 -0.97152555 0.8066705 2.2582674 1.449191
redress -1.1093923 0.8839589 -0.36908674 2.2368734 -0.8430724 0.16073285 1.4048753 0.9774788 0.72652966 2.7951682 -0.004311742 -0.22090721 -9.080984 3.8724444 -2.218515 7.2769094 -1.0832083 2.440497 -0.66669476 2.326753
devolution 0.7396719 -0.8272856 0.08331978 6.0300903 -2.0720162 -0.63821733 -4.8319783 4.935158 3.2828062 3.8434725 -0.6943925 3.0366318 -6.0035186 5.8307276 -4.07438 4.5009756 -2.480602 2.2867055 2.6711464 -1.028506
safeguards 1.3803848 2.59388 1.8177348 2.4182758 -3.8529017 -0.722584 4.234032 0.21950759 0.9354193 5.788062 -2.0128832 2.37748 -7.7772546 4.4092326 -0.954278 5.364381 -0.95416206 2.6064672 0.9172697 5.0419908
decentralization 5.012057 -1.5011123 2.8805423 5.2377033 -2.3115914 4.170531 -5.132876 2.2693422 0.56167537 4.2259445 -1.4188722 0.90097654 -8.162379 2.167086 -2.0941234 1.9950409 -3.3638086 0.1601629 3.0832074 3.8756897
eurozone 4.688996 -1.001911 2.3715155 -1.3822025 -0.96095294 -2.7279456 -7.7381535 1.5098785 4.5348015 5.2236323 1.9661717 2.2672908 -9.662615 4.942699 -0.9079179 0.99659854 -1.9612331 3.4680276 1.2932525 4.087163
undertakings 0.16904779 1.6605393 -0.6425733 1.8281572 -3.8141122 3.1485348 -0.33824846 1.1127584 2.104021 1.9445982 -0.6691068 3.1600115 -6.220504 5.8122897 1.1125807 1.4279219 -2.9339674 -0.899413 2.727006 1.4786264
conciliation 0.3362186 -0.17218322 0.88703936 4.454407 -1.1138985 0.26689264 -1.9474728 3.7620895 1.6264329 3.303626 -0.67618036 0.14034125 -4.0535593 5.220804 0.16750185 6.169193 -3.1068926 3.2914593 -0.982879 3.6265264
policymaking 2.0857794 -1.7123988 1.3909079 6.078936 -1.5544585 3.8297398 -0.066640444 1.8070976 0.9389864 3.3097317 -5.2747884 1.4412677 -6.2158885 -0.3939594 1.6944914 6.132844 -2.271753 2.4268134 2.8659422 4.2426457
nonproliferation 3.1326702 -1.8329095 1.5880303 1.8349266 -2.152439 -1.7299297 0.13934825 2.9231653 1.2345812 6.8652034 -1.007842 0.91782093 -0.90581334 -0.6808407 -2.3553493 6.29977 -4.3838944 2.2030027 -1.4773713 11.157971
competences 5.3401933 -3.132093 2.7775548 3.9657056 -1.1116732 3.7330074 -0.9319922 -1.0706567 2.6477227 3.9326491 -2.158749 3.9923275 -5.9368625 4.898456 3.860378 3.5185134 -0.2441001 1.1276628 1.8324182 4.150111
trusteeship -0.19622482 0.3261283 -1.405693 4.554606 -0.94366276 0.119627796 -2.4414485 1.8594728 0.56457233 2.7486699 0.5377925 0.84826165 -4.0405607 4.9590673 0.8444533 1.8888777 -1.8036313 1.7141023 -2.834065 3.7704985
legislations 1.7607927 1.4563781 0.48076227 3.2088761 -2.188199 -1.0646183 0.05326442 0.9726908 2.6938684 3.8537989 -1.6045645 2.2336361 -5.786369 2.0774527 -0.3834711 2.5107536 -2.3142383 1.9011234 0.7276582 1.2144794