Centroid_163 0.16352003065090084 3.453393750675675 -1.1872627230049544 -2.495169446414417 -1.9582799350180182 2.7114412780540547 2.9829110026126133 -0.6295640111270272 0.47086972768018026 -1.307357027378379 2.182904295027028 4.122130928432434 3.2380112639099092 3.4610718054234213 2.2170101481328817 0.19147414230315316 -2.0699770329999985 2.500607928283784 2.7862117325945954 -1.2501548500810815
wood -2.835408 7.493668 -0.025157802 1.1439937 -1.1324898 1.1984088 3.6598766 -3.6733809 -3.8473952 -0.8898242 4.508551 3.7621286 6.046166 3.322999 1.9422721 1.1576401 -3.1267526 0.42467746 3.3015692 -6.439133
pieces 5.5320873 5.439703 2.9865317 -2.8964715 -2.658408 0.5200332 9.10544 1.8682833 3.6154556 -3.5713258 2.4667654 3.3729734 3.5187168 5.018221 3.6674798 -2.6857586 -0.12292755 3.210334 5.7047834 -5.5258617
designs 2.9744284 2.6634128 1.93459 -2.346248 -5.0532765 2.624353 5.49808 3.298172 0.8139993 0.96141243 1.0741042 7.672376 5.085059 6.6662846 4.378853 1.9494523 -3.8922746 -2.0838175 8.673294 -3.0761309
craft 1.5690199 2.023998 -4.303774 -1.9619093 -1.3837364 3.5637324 5.452065 -1.233667 -0.66817087 -2.7674913 4.7937016 4.885602 2.0851526 2.3314974 1.0477524 2.6395555 0.29270056 -3.1763768 7.325865 2.3088944
paint 0.77445257 7.746484 0.70395106 -2.9076731 -2.3365817 1.1548861 5.919718 0.622436 -1.4604018 -3.6362422 4.405916 3.4879599 5.7199974 4.348375 1.669279 4.6004796 -1.6121657 4.3482084 5.860305 -0.6203495
custom 3.1717892 -0.7369191 -1.0563686 -1.8813032 -0.48836738 0.010894241 4.548024 -0.1155609 -1.3945389 -2.8155324 0.8814067 7.6166515 -0.41231453 6.476397 2.387553 1.6044701 -1.4661887 4.6266985 3.1131244 -1.0401852
furniture 0.056031603 8.512183 -2.6926794 -3.0642846 -5.338363 4.5797095 3.3307478 -0.749476 -3.5693872 -5.7308235 2.7033389 5.380923 3.2956061 8.222246 6.6025324 1.3110367 -5.841279 1.6780429 4.4530945 -2.4449081
silk -3.382753 3.0505164 -4.3332767 -2.5538785 0.18845813 3.7126913 3.7951868 -1.7342404 -1.7876644 1.1261462 4.4758825 6.3995595 3.940933 4.4995155 0.22296073 -2.4360836 -2.0673912 4.856702 5.770379 -0.09817744
maker -4.3043685 -0.5460437 -0.3721451 -6.728846 -1.752197 1.2129158 -0.41774836 3.184772 -1.1854725 -4.40632 0.4231924 5.6838875 5.238384 1.5439705 2.6786776 2.2606444 -3.946402 0.9689854 3.3077228 0.23151836
prints 1.3152008 6.6254783 0.65715986 -4.975559 -7.4502387 0.8694773 7.4506783 1.1920921 6.4586773 -4.2455006 0.51623696 7.135979 5.0294213 5.1362033 1.9813541 -2.0241761 -2.210182 0.3966854 2.570662 -1.8459474
collectors 3.068095 5.0565863 -3.179471 -6.108181 -4.294636 -0.6807095 2.5990982 0.11470732 5.3110576 -4.284131 2.6929939 7.632453 -1.1208047 4.448098 1.5764853 3.5503352 -5.0851784 2.577492 1.8381639 -2.63367
cloth -3.189228 5.9610496 -1.9935553 -1.6429683 0.38723618 0.5854464 6.337754 -1.66249 -0.5132779 1.8586028 4.545143 5.8886647 3.6983554 8.708754 2.8177125 -1.615473 -2.0743482 8.885018 6.7821517 -2.0774925
crafts 1.9026757 4.0296707 -6.035005 0.58645666 -3.1019955 12.214531 0.86332893 0.8537832 -1.3061002 -4.838987 1.7637838 6.990526 3.7426217 0.4781244 2.3901196 1.4336107 -3.080525 3.3767362 3.6753883 1.7828056
canvas 1.8357226 7.744252 3.1021755 -4.0164413 -3.5803654 1.506029 6.405081 1.7058345 -1.6142168 0.3558174 3.9885545 1.5310773 7.0150666 4.7111053 1.6038042 0.65226513 0.6464452 3.5264375 4.1913986 -2.421401
mint -2.7432656 5.310035 -2.7543182 -1.3746778 -3.6082652 -4.272688 0.5587856 -0.24549474 0.93549293 1.5135568 3.6905546 6.8030624 0.99480027 8.094567 1.6921527 -0.41680634 -2.664077 1.5694839 -2.588781 2.023223
offerings 3.6971545 4.870662 -1.4624906 -2.5953465 -4.4189453 3.8287797 3.674722 -1.3740131 0.06414736 -2.5597575 -0.51620275 6.6963468 -3.8258443 2.5941756 1.8904761 -1.8098288 2.8844335 4.6330175 2.1312292 0.7795253
miniature 2.9884088 0.61560655 -3.7068427 -4.100782 -2.5795302 2.9998856 6.116142 -1.8274611 -1.0964135 -2.3608727 1.5583267 5.8424287 8.178844 3.071433 1.6784502 1.6125804 0.55998117 0.59167296 4.0458646 -2.7856872
precious 0.5326762 5.6382236 -0.448123 -6.852647 -2.8077273 2.2927284 3.2095487 -2.5418425 2.2499077 0.63256484 4.702101 3.2671506 2.8787007 5.486506 -3.2565358 2.464069 -0.6247277 6.917429 -1.0234557 0.18990748
vintage 2.8292332 2.6994774 -3.5572603 -6.8762965 -3.99405 -0.51085883 0.90276724 0.16920489 -1.5732602 -5.573169 1.8146918 6.669353 5.29068 1.0052352 1.582395 0.36429763 -1.7783332 -0.6214376 5.3100963 -4.515261
jewelry -0.8863227 6.541731 -2.7945352 -8.012817 -3.1014829 3.218785 5.8855653 -0.45671654 -1.3031938 -3.3651884 3.5628562 4.672202 1.7123661 3.8334987 5.0228543 1.6294721 -3.626411 4.106799 0.5859666 0.35808146
ceramic 3.4394495 5.6549487 1.1686153 -3.4222999 -4.617396 6.0266967 1.9517201 -4.4277444 0.48904493 2.4176128 2.1651855 4.5683904 9.349955 4.173876 2.6339662 -1.6053792 -3.81761 3.1287 4.0587387 0.81986374
ornamental 2.0667188 6.641866 -2.5943623 -1.6005777 -3.0441968 7.6916018 2.5932975 -6.210344 -0.05066375 3.269943 2.2704725 6.8628044 6.5677643 2.3045998 2.1322877 1.2569115 -2.6411645 5.8699107 2.766789 -6.378003
textiles -2.0615544 5.311906 -4.1385255 -3.4284608 -4.1686144 9.769303 0.40145242 -2.6255531 1.8786957 0.6911454 2.6186938 7.207037 2.973661 4.856719 2.926172 -1.9580142 -7.159315 2.5224483 5.676083 2.477353
antique 2.7012188 2.860936 -4.1483407 -4.6969466 -4.0320215 4.2883415 4.548853 -1.7157365 -1.3478446 -4.5208297 1.7094657 3.8054702 4.6049895 5.3373256 1.8868746 0.48205492 -2.533126 1.3724588 -0.29509184 -2.8909972
weaving -2.1086612 2.9703262 -2.0220988 -2.3717146 -0.40132022 10.870309 2.5387685 -2.6801596 -0.44698036 -2.442659 3.613505 4.2339077 3.7538297 4.266776 1.5463378 -1.1261126 -2.2541604 3.056805 8.000076 -0.99826413
fashionable 0.67350715 2.4907286 -4.0692487 -0.59840256 0.032121602 7.7988553 -0.15674514 2.178525 0.51119995 -6.206771 4.0629272 3.2634962 1.3427384 4.5254774 0.42752057 1.7565502 -1.4965364 4.32557 4.51619 -5.594693
jewellery -3.1270301 5.3328876 -4.6872053 -7.3310013 -4.1100836 5.2149215 4.250727 0.067351915 -0.05147401 -0.76232505 2.6069553 5.4059763 1.5381038 7.0575104 3.9038918 -0.5640115 -2.1088843 4.0674386 1.8916941 -1.0260736
porcelain -1.4709193 5.228839 -1.2974396 -5.7303624 -2.7225602 6.0621634 1.023591 -1.2939667 3.2119942 1.03125 6.3966637 6.6683373 8.160043 9.739785 3.1487093 -3.200721 -4.0856986 4.5242968 4.644692 0.8802839
woven -0.46957687 2.051898 -1.7111946 -3.7416036 -1.2890776 5.852804 4.404458 -3.1714594 -0.34006155 0.23406707 -1.2186415 2.9082212 7.2068815 3.4169862 -0.062203113 -0.13186711 -3.1643867 9.447016 5.8715754 -4.057043
garment -1.6375176 4.4609385 -3.2465992 0.9983795 1.6190573 3.1614878 4.3467503 0.072223775 -0.79234445 -0.7804616 2.7001157 3.7039742 -0.43645298 3.863782 4.0855536 -0.13155672 -3.589777 7.6474743 6.278674 0.9444385
gems 2.1971536 4.714843 -1.1168357 -5.851355 -3.291103 -0.46857765 4.4229503 1.9845717 0.42743197 0.71376926 2.7804458 5.2668667 1.9639808 0.8701782 0.32990646 0.63943535 0.90244216 3.024355 1.3376077 -1.9876548
artisans 3.2047806 2.0705485 -5.095396 -1.7488246 0.07836373 10.631327 2.0147922 -1.5238993 1.9294636 -2.8238428 5.0314765 2.5521924 -2.6236482 6.6891637 4.314599 -0.09171046 -5.185919 2.4187076 3.853217 -0.48951054
craftsmen 1.7285324 2.1287248 -4.185026 -0.59871644 0.396085 9.841404 2.2654738 -1.476112 2.8243153 -3.5683277 5.3726244 2.8263156 -0.26128826 8.735388 5.631661 0.49139315 -5.270489 1.8871437 4.8969626 -0.37117922
fabrics -1.7298208 6.7998466 -0.16778854 -3.5059197 -2.4078422 4.4430637 3.6785421 -0.06685779 0.5752616 1.2883649 3.0835044 7.637119 3.358167 5.069077 4.700787 -0.06758785 -4.924232 5.5942345 8.886331 -0.4545461
garments -1.5268261 5.398665 -1.9569056 -1.8092426 0.24064843 3.8401628 7.7554235 -0.21374832 2.1285405 -0.097261816 3.2267277 5.696322 0.02106112 6.2315135 4.155374 -0.5118979 -0.94657165 8.727917 6.2671094 -0.107343845
furnishings 1.7627339 9.509353 -2.0599828 -0.05705048 -6.2136416 4.0948744 4.0674973 0.25293928 -1.0473013 -3.8187866 1.6658715 3.1838505 1.887323 9.680123 5.204909 0.6368528 -3.3750732 2.8353572 2.3247318 -3.9662502
lace -3.1630547 4.8243966 -1.4028469 -3.131182 0.33123565 2.0383954 3.1538482 -0.23598732 0.28129172 -1.4342253 4.179825 4.5225616 6.357523 5.1026945 3.9507437 -0.6088744 -2.1069648 5.6868567 5.3290763 -3.6859028
luxurious 1.6447308 1.9781036 -3.9454036 -5.627881 -2.5082362 5.8862886 1.5292231 -0.027321065 -3.5555918 -2.9825444 2.752182 2.6760697 -0.7439601 6.043185 1.0616095 0.07134128 -0.2931581 2.072288 3.279362 -4.401685
sewing -2.95399 2.750314 -1.7451587 -3.2567153 0.8326673 3.9018734 4.813021 -3.2130494 -1.5638726 -9.507866 2.538303 3.8208995 3.2174928 3.5698824 5.83944 2.357102 -2.827869 2.8993294 7.679574 2.3006191
linen -5.146819 7.019344 -2.2139187 -0.5806852 -0.54282767 1.5135216 3.2059553 -2.3040924 0.99987566 -1.4075488 4.5487704 4.916567 3.457422 8.24926 2.860661 -0.7815814 -4.9092135 5.912588 5.668535 -1.6306574
craftsman 0.6840729 1.254089 -2.5528324 -0.9339465 -1.0420865 5.3333025 2.01644 2.6446393 -1.1831528 -3.574303 3.1440344 4.7143335 5.596243 2.360005 4.771446 4.197695 -3.8425963 -1.9738979 3.5199478 -5.6195154
potters -1.263522 3.4080822 -2.254227 -0.14431605 -0.109258786 3.4714649 1.1654079 0.3496506 0.18850139 -4.442056 4.032244 2.143921 3.3248708 3.2923048 1.4256845 1.3278917 -1.065487 0.9570054 2.6267066 -3.7433143
guilds 5.0125017 1.7216789 -4.420279 1.8053743 -1.01202 5.2534027 0.18230073 1.691727 2.2680926 -2.652881 2.1568074 3.2546391 -2.3697548 6.7133684 5.402866 3.5810852 -3.0483036 3.170529 1.4338275 0.1459556
handmade 0.10649596 4.2667007 -2.6114829 -6.5878778 -3.3467221 2.3311768 3.3831298 -1.3001281 -0.086610444 -3.618552 0.98234856 5.6407485 4.9154863 3.8454058 3.0873983 -1.1034385 -4.471315 4.727755 4.798474 -1.7426416
embroidery -1.7831141 2.3284154 -2.3126032 -1.4038187 -0.6374029 9.194212 4.7314506 -0.6443411 2.0498848 -2.4114783 2.132947 7.480978 5.258164 5.846873 4.789785 -1.3768121 -1.8087142 6.3581905 6.012539 0.26749137
carpets -0.5373666 4.9571514 -3.3803358 -3.2708695 -2.371218 6.7806826 4.0981817 -0.4813045 1.2381988 2.471347 2.0697825 3.687003 3.7521772 6.5876093 2.6075044 -6.0237584 -3.3709586 6.9437003 6.073803 -1.6393657
pens 0.35367355 1.0541532 -0.75513583 -4.20241 -1.8244683 -0.40885794 5.2146044 -2.4914484 -2.1740267 -1.5652233 0.80727905 3.8004787 3.049759 3.338134 1.4517516 0.9095459 -2.2533598 0.538354 2.1030438 -1.03057
footwear -0.976368 4.0030127 -4.937128 -4.999135 -0.81159526 1.876398 2.2346156 0.07668511 -1.8280494 -0.27528277 1.9014931 4.129642 0.31696856 0.8458347 6.347901 1.6402924 -4.1432514 3.729652 6.73518 1.5538782
antiques -1.2791103 5.806373 -5.7551055 -4.8581805 -5.646907 3.5217435 3.9241252 1.9501395 0.05259381 -5.620746 2.5013227 5.2797866 0.38977313 3.457743 2.6048446 -0.273647 -2.8488476 -1.3509995 -1.3622671 -2.4004447
decorate 3.3637328 3.0639935 -3.588117 -3.0295134 -2.2981696 5.3996797 3.8237913 -1.3695471 -3.878728 -3.759189 0.32348 -0.689714 5.0758524 7.0254016 3.914122 2.5207973 0.014958144 7.283498 -0.28021964 -1.8527087
replicas 5.1971188 2.8362343 -2.5245533 -4.5167723 -4.651591 0.56730485 6.4307604 -0.54138076 0.36940905 -0.083173126 1.5845114 3.7562647 4.0978723 6.3532104 2.6216724 0.30194712 -0.98310167 -0.21261527 2.3318012 -2.9512606
assortment 4.144486 2.103138 -2.404612 -2.778143 -1.1471895 1.2689046 4.944868 -2.0835545 0.10557515 -3.1738324 0.028944276 3.3312986 -0.009817986 -1.2737949 2.332148 0.8450686 -2.7297623 1.6230516 4.9563193 -3.1115353
secondhand -1.5324144 2.4708843 -2.0913131 -4.3493385 -2.8701363 -1.8050637 3.0842998 -2.6340718 0.704145 -5.2801437 1.721398 4.0282025 -0.92395914 4.4545527 -0.9511264 -0.6464188 -3.6573825 -1.1590062 4.1511774 -0.08551585
jars 0.8270892 5.655067 -0.46220407 -4.2034116 -1.1637357 -0.14367604 6.301535 -4.892398 -0.8677715 1.626839 4.0229144 2.8307703 3.6593478 5.2023387 -0.027156264 -4.2438974 -2.8509405 6.0876026 1.145871 -0.81055325
wares -0.7109704 4.937176 -2.5378547 -4.0682826 -1.8795543 4.272254 2.2003677 -1.2987273 1.979138 -0.7365325 5.0248804 6.1743217 0.9991636 6.349748 0.28092805 -2.4365284 -4.2895436 3.6406674 3.9215677 -2.1672013
knitting -0.9578546 3.953296 -1.5694743 -2.0726805 -0.7700692 2.4564223 2.633548 -1.3999081 -1.2811393 -7.2899714 1.638821 5.4575214 4.0356607 1.9673399 3.3072371 0.69209623 -3.265178 3.9687529 6.6282372 -0.95463806
mahogany -0.45828778 6.2183294 -3.7788212 -1.6033149 -1.3225001 -0.635373 3.1106794 -2.1217163 -2.6943176 3.15804 2.672123 4.4417257 6.2282643 0.62215525 3.7320166 -0.35596025 -3.2124135 3.3207774 2.4696248 -5.7134132
souvenir 1.6734875 2.6292126 -4.877182 -5.0112596 -3.9870844 -0.78898895 3.9526527 0.97049206 -0.73485965 -3.603381 1.0183711 3.83654 2.28114 4.418703 0.9381452 -0.9569482 1.0124025 2.6446555 -1.8562527 -1.0670971
fashions 1.3864715 3.5835187 -1.7417907 -2.485124 -1.1383231 4.22847 3.4398794 4.82096 2.8598657 -3.2016184 3.1717486 5.1269546 0.45523244 1.6402575 1.1506087 1.0466328 -2.38014 3.842992 4.661957 -2.8041782
artisan 0.4374216 1.7835102 -2.7965624 -4.2220335 -1.1944008 6.7545047 0.2278128 -0.9731461 -0.21878353 -2.653621 2.3007433 3.9230218 0.45771083 1.9961208 3.532394 0.04466896 -4.1623864 1.6811402 1.0151347 -0.53546566
gardeners -1.1873143 4.548483 -5.11543 -1.3806777 -1.1430109 4.4879966 1.9174839 -3.3960094 1.5545062 -4.675992 3.0545397 4.349453 -0.51898307 1.727213 2.847515 2.7633033 -2.6816266 0.74667525 0.81729347 -2.7279642
decorating 0.92999846 4.4274707 -2.686727 -2.5029523 -3.4784985 5.972698 3.457114 -0.47948268 -2.1271977 -4.7603183 -0.2259694 0.6538483 4.3959537 5.2161026 3.5365465 2.2640224 -1.3157605 4.355821 2.0214033 -1.6511979
reproductions 3.0287015 4.6200175 -0.03682217 -3.7926922 -6.4442425 1.8324454 5.6830783 0.07932668 4.801508 -3.2727892 0.30596873 5.501723 4.780459 5.8688283 1.8837276 0.23578908 -3.5107186 0.54919916 0.89598733 -2.629908
decor 2.754529 4.8520117 -1.9379653 -3.0572393 -4.9963493 4.914375 3.2830515 3.8795538 -2.9922514 -2.3759305 0.55583996 4.6761827 2.5781178 4.1940227 2.3852003 -0.36181274 -2.3360236 3.4459898 2.5896337 -3.9545343
loom -2.6738884 2.6700997 -0.53882676 -1.9808224 -0.28145868 2.2186584 2.9067519 -0.90949214 -1.9311527 -2.2395706 3.196822 4.6596894 3.6582007 5.005392 1.3354117 1.5716738 -2.1490536 2.002456 7.635323 -1.6533338
wallpaper 0.79568064 4.6601167 0.9819866 -2.711953 -3.400623 -0.16734841 5.2540092 1.7100872 -1.4044043 -4.466739 0.826732 6.0020013 5.2121167 3.1935148 2.1825159 0.73261416 -3.3795156 3.472144 2.929363 -1.8135225
souvenirs 2.8048706 2.6004863 -5.0457745 -6.6646585 -3.4819717 1.5602784 4.4175253 -0.591717 0.5888032 -4.0387588 2.4412413 3.1808565 0.1936186 4.399862 0.4711965 -2.145115 -1.3665055 2.1188018 -1.3179327 -1.1773305
utensils -1.4990125 4.4992366 -2.5701854 -5.3696475 -1.9062405 5.0691853 7.848935 -4.932692 -0.05613325 -1.4759284 1.9482738 4.236268 1.3369609 7.2038517 3.7180016 -1.8494151 -2.2523108 6.413823 4.384025 1.0211774
rugs -0.9645997 4.0870986 -3.6367857 -2.448854 -1.1863734 7.896245 5.311909 -0.985258 1.9820215 1.6942945 2.9821112 4.8249917 3.2863061 5.269429 1.5767946 -5.985722 -4.09537 6.737458 5.0990896 -1.0850976
handicrafts -0.031784467 3.3518069 -6.281358 -3.830029 -2.7773292 11.405222 1.5687788 -1.6043797 0.6073355 -0.70415825 1.916813 5.780013 -2.366499 3.0619116 3.4262824 -3.0676289 -3.8203568 3.7065077 3.0922809 1.0498464
looms -1.6326176 3.0323124 -1.5507886 -1.1170652 -0.98518133 3.1367166 2.0717254 -2.0868645 -1.8142254 -1.1865822 3.0070012 1.6679131 1.4113 5.727828 0.18253915 -1.4593688 -2.9058924 0.3033729 8.278285 -2.8391883
silverware 0.7464718 4.219687 -2.4472327 -4.324636 -1.4328103 0.042915028 -3.9960027 2.867049 2.2099133 0.57806325 4.343213 0.5349281 1.7729315 6.321912 3.1738064 2.2506013 2.2661002 4.0808396 3.7892413 -3.8074634
pastel -0.04647627 5.183273 0.436007 -4.29479 -2.2885015 3.992878 3.699802 0.28065467 2.3595486 -1.7750914 3.504768 5.365934 7.987403 0.4659334 2.4395251 0.0046351403 -1.8180432 3.0941386 2.2096245 -2.063518
rug -0.7177779 3.632789 -1.2386545 -1.8294649 0.40808815 2.5272226 5.502694 0.8503273 -1.3837727 -0.1362603 3.8892722 3.0959325 2.3433433 3.221296 0.33167538 -2.581187 -0.9121594 5.284816 2.7838633 -0.83196574
quilt 2.586363 7.1360645 -1.9687445 0.43602178 -2.1157792 0.21170396 6.0661716 0.8866686 0.41043693 -4.517939 2.12414 4.99626 2.9117317 -1.9214995 1.777708 2.3544645 -0.8639052 3.8604147 -0.41374743 -1.0501494
bespoke -0.6983869 1.1227372 -2.2415571 -4.33008 -4.0958095 1.3451222 1.2615486 1.5589768 -2.4040928 -3.505574 -1.6237228 6.903233 0.91600585 4.706022 4.707289 2.7570944 -2.47605 0.9742308 6.529067 -0.7220836
pencils -1.121421 5.010776 2.282726 -2.907035 -1.9858847 -3.5062933 6.3152905 -0.37050146 1.2581811 -4.5324736 1.3241314 5.175578 4.7782793 1.1176597 3.0478795 3.7012055 -2.0833225 1.2760295 3.986999 -1.6146253
mints -1.1317186 3.5769577 -2.8366363 -1.742692 -2.5731623 -1.7738749 0.37662193 -2.2098937 3.0209086 3.609877 2.294438 4.4833407 0.5418695 6.8591113 1.8305448 -2.1475837 -2.978593 1.8396579 0.065439686 0.34433022
woodworking -0.4556401 4.4946284 -1.0813675 -0.81515604 -2.0715814 5.999329 1.6685513 -3.5900867 -1.4991916 -5.8815217 2.4463067 4.4980373 4.498587 2.513359 5.216755 2.7056317 -3.8242588 -1.2232989 7.0565414 0.5316295
typefaces 3.5087545 -0.69494724 3.5631285 -0.47565192 -3.3272376 0.66839164 3.305969 3.1504252 4.524083 -1.1631165 -0.8938418 9.472874 3.7706666 6.482753 3.6131203 -0.31270364 -6.5437922 1.0489671 3.681728 -5.119851
tailoring -2.0629988 1.6612368 -0.9326069 -1.5921874 -0.8873657 5.441233 1.4083085 -0.113932684 -0.6375632 -4.9913735 0.35486704 3.8927195 -0.4137409 3.2174842 4.4807215 3.0955098 -2.4335253 1.7623171 6.3340178 0.4529807
furnishing -0.024741571 3.882832 -2.4938803 -0.5002397 -4.2591343 3.2285893 2.0004053 -1.689304 -1.3433887 -2.1657965 -0.87956375 0.90915483 0.45227873 7.1972313 2.678467 3.0470216 -3.1449387 1.3934443 1.9697737 -0.118093036
imitations 0.9967978 1.4176755 1.658255 -4.3659086 -1.3163675 3.1678684 4.0217743 1.9756293 5.2953115 -1.323236 2.349254 3.7641044 2.1083407 2.1566575 -1.0488626 -1.5126799 -3.3834262 2.1961517 2.911478 -5.1763673
dyeing -4.5498877 4.3169336 -0.24156845 -2.187954 -0.849527 5.9134183 1.6133219 -3.2784555 1.0460445 -0.4318471 3.1691482 5.980044 3.399281 3.370523 1.8395739 0.2277365 -4.133752 3.4440951 6.707116 2.6104763
beehive 1.2442592 3.6555448 -2.1585171 0.22812913 -1.0805271 0.23489812 3.27786 -1.3889558 -2.6658432 -1.6814684 1.3481605 3.2104084 3.72447 0.8868065 1.1086018 -0.68671453 -1.7964579 2.9278316 1.3382066 -1.8189632
lavishly -0.046024263 4.2779512 -1.175099 -1.1116977 -2.0333552 3.1481063 5.040281 3.0653398 2.3712182 -3.4899025 4.3807464 3.0956013 -0.45966884 7.586724 3.1113296 0.023851207 1.5767803 0.5633736 0.73212147 -3.2288728
lacquer -0.45705834 3.7307737 0.63052106 -4.2791243 -0.94396764 2.8331082 3.6467986 -1.2195306 1.9664075 2.1102912 4.436308 6.468482 7.1159506 4.7825356 1.8058137 -1.7264354 -0.9824497 5.5057034 5.770187 1.533059
bindings 3.2903352 -0.12024448 1.2756056 -2.813753 -1.7829864 0.18429942 5.563852 -1.6884588 -0.56028455 -0.97416484 -0.5926006 7.592775 2.2897806 3.74914 3.4996681 0.46985024 -1.4093201 2.9184628 3.3720114 -1.026156
sumptuous 0.3620075 2.9716213 -0.60409707 -2.9578571 -2.68131 6.18635 2.7606184 2.930176 -0.013855056 -2.2616205 1.24644 2.3599372 2.2381203 4.9695053 0.61802924 -0.38583004 2.14341 4.9151134 0.73380816 -4.4112372
handicraft 1.1984999 2.0813365 -4.742733 -2.128994 -2.3328302 10.154018 -0.08942578 -1.5837147 0.0318955 -1.3030398 1.5694107 4.659669 -0.7603584 3.6222332 3.0419261 -1.209159 -2.910061 2.6167867 3.4681792 0.8225775
earthenware -0.6726267 5.6333003 -0.7247011 -4.023697 -2.1150184 4.151418 3.5069597 -4.9975595 1.1150146 2.5099747 5.8093023 5.4866495 6.375075 7.509197 1.3753912 -3.184196 -2.4354367 3.602093 3.9414134 -2.0961323
collectibles 3.196791 4.2419477 -4.299853 -7.588092 -5.102814 -1.0581489 3.0119894 0.7128909 0.8103599 -3.260799 0.8111458 5.501258 0.7828855 -0.19574793 2.1217222 2.384206 -4.2467055 0.50344104 0.36046228 -2.5582
drapery -2.5310967 6.611544 0.15083098 1.1591506 -1.0513998 3.8556035 3.2905023 0.48128787 -2.0196009 -2.5104403 3.7470257 3.9619677 3.3418198 4.840698 2.6495361 0.32369316 -2.0608366 3.3095012 4.322202 -2.955455
bonsai 2.301337 3.9506943 -2.8169007 -4.515029 -2.0866408 5.97783 2.0293343 -2.716759 1.973792 -0.45366398 2.9926264 7.106234 2.9349217 -1.0185049 1.5642306 1.0012984 0.9598313 3.5845652 1.0565369 0.536292
opulent 1.4265026 3.139606 -2.0330522 -2.4706943 -2.7816365 6.9524164 0.9216022 2.110667 -1.4997135 -2.5875301 2.0661504 1.2668222 0.33910635 4.5811133 -0.5304495 0.63955855 -0.77240765 3.09575 1.0470407 -5.1060166
quilts 1.8631276 6.998193 -2.1743934 -0.18861248 -1.9284858 2.0266361 5.417207 -0.91941226 2.6024282 -5.5665154 3.2850065 6.1365056 3.1856494 0.6550793 2.0692823 1.4799653 -2.8202438 3.6919131 1.27375 -1.517047
metalworking 0.9667894 2.7437835 -0.66623175 -0.9868316 -2.3874302 7.6563563 0.6539818 -3.68157 1.5668093 -1.0771677 3.6260626 3.781718 4.577062 4.5423126 1.6074569 0.99924004 -5.1530876 -1.5518686 6.107335 1.6543565
yarns -2.284448 4.7517548 0.84125525 -2.0510077 -0.31919906 0.1513559 3.824073 0.17688373 0.93327236 -1.4651251 3.7340834 6.868265 2.7867026 1.5174716 1.5385318 -0.085893214 -1.8983034 2.5700772 8.525162 -3.2588665
gemstones 1.0777198 5.586147 -1.1359434 -4.933099 -3.1277707 2.650742 4.371267 -1.9834046 2.3605056 4.8659587 4.0619144 7.078102 3.1658342 3.079162 0.14198604 0.7469439 -1.4109696 4.5163627 0.7575546 -0.8576659
curiosities 1.0506399 2.397005 -0.9017773 -1.4533577 -4.149238 4.0541534 3.7248275 0.8898116 1.9191753 -1.2768455 -0.68899685 3.6279688 2.0356176 3.5206244 0.9902652 0.6214938 -2.1089501 1.0840695 -1.7825896 -1.821998
cloths -0.9333625 4.8931284 -2.7849767 -1.4062079 -0.08726203 2.374723 5.7998056 -2.1940312 1.2388017 0.55283153 3.4239266 4.135411 1.879553 6.2844377 2.174061 -1.5344282 -0.2536149 7.2088184 4.526566 -0.9552702
cutlery -2.7100477 3.7598732 -3.1797636 -3.7633758 -1.0633519 0.34668982 1.1386964 -1.7900326 -1.3052557 -1.9816241 2.8565183 4.8823743 3.5280292 4.907868 4.2571073 0.653405 -4.0897284 2.724912 3.8022962 -0.42110085
menswear -1.2108021 3.093002 -2.9104114 -5.5598984 -3.13439 0.0856192 -0.6608301 5.269849 -1.1189816 -4.7153254 1.5307516 5.0441155 2.8451114 1.5211569 6.2448473 -0.07234541 -3.6614513 0.65309316 1.9581003 0.12252119
gemstone 1.073158 3.9862628 -0.63664895 -3.773917 -3.1493742 -0.95782346 3.0671027 -0.37556028 0.48270908 3.5692666 3.4261537 7.3532805 3.5820334 1.2837224 -0.9470136 1.2519319 -2.884128 1.6487538 -0.44641757 -0.11407051
handcrafted 1.1348624 3.4044192 -2.4306054 -5.530476 -3.0220141 3.7182155 1.954239 -1.392118 -1.2677913 -1.6871612 0.9908629 4.9281416 3.853472 2.2817671 3.3423858 0.69168746 -3.1903727 3.1448085 2.7786238 -2.0179098
glassware -1.2856861 6.017098 -0.3872593 -3.7511168 -3.5997655 2.6802163 2.4081657 -2.8723025 0.4618051 0.21214077 2.9504905 5.0917764 4.45727 5.2579665 3.6734362 -0.13499019 -3.7883205 2.0726433 3.8602371 2.3900096
silks -3.4650176 2.7608812 -4.784469 -5.315184 -0.51591814 2.8729482 2.840337 -0.57453454 1.2642356 0.4199626 3.6617017 5.123347 2.7207706 4.174269 2.170938 -1.4697907 -1.5672717 3.8551555 3.975876 -1.2697885
smock -1.9824358 1.8125654 -2.660447 0.8747921 0.36973578 0.21908805 1.1513104 -2.3842385 -2.4351177 -0.874208 2.9933288 3.1997101 7.5890083 5.983413 4.3851004 -1.1587392 -2.2401283 1.2381235 2.9918966 -4.1373153
carvers -0.53323746 2.9939406 -2.1901152 0.120223396 -0.39783877 3.5517619 3.657177 -0.47829175 0.46825546 -3.5395336 2.6878505 1.3116047 3.1478384 1.1358825 1.7871239 2.7760587 -2.029691 -0.04875937 0.57080144 -2.8375103
luxuries -1.4221656 3.9476287 -2.5084498 -4.7919226 -0.6444314 3.7532477 2.5758164 -0.6216237 0.25687292 -1.5551974 4.505325 1.7674932 -4.9867477 5.3221283 0.4721682 1.8212011 0.14942467 3.0460076 3.3876317 -1.3526669
crayon -0.28161928 2.432338 0.36431673 -3.659814 -1.6509365 -1.3832657 3.878959 2.1788578 0.8195438 -3.1889813 1.8231438 5.644654 6.8894315 -0.59183335 0.8400753 -0.4271384 -0.25923008 2.4610355 1.0077099 -0.9942753
thatch -0.23206492 6.426947 -1.5684328 -0.78619 -0.68816215 1.3820968 3.730214 -3.384122 -2.9228776 1.7579534 4.3672795 0.97572654 1.8674592 3.6584094 0.7234396 0.05581429 -0.48201445 2.9217641 2.5611284 -5.4320936
readymade 0.25756556 0.8659984 0.01740424 -4.905816 -1.5405284 2.2758253 2.025253 -0.5605555 -0.5394983 -3.2111313 0.6221603 5.0156026 0.28986192 2.943743 0.8695587 1.8140886 -3.0671477 3.2735925 3.6306448 -0.38187954
pastels -0.92803 6.4527717 1.619524 -4.7728167 -2.5518734 4.212881 3.5460136 -0.2907055 3.7655468 -2.5816061 4.3417196 3.160722 6.3727236 0.5615825 2.667539 0.06739244 -1.9721019 0.9904927 3.5016096 -1.4510256
threshing -0.03560366 3.6934514 -0.9933894 -1.8120091 -0.37087062 1.6756488 2.957207 -5.1512613 -3.021306 -3.2688847 4.2311954 3.3373704 2.5373583 5.322447 1.1025406 0.76560754 -2.6399765 1.2941295 5.213569 -2.2495482
tableware -0.36565503 4.0498013 -2.3391893 -5.4786777 -2.847454 3.174548 2.044865 -1.5620613 1.2240534 0.23740427 3.1843064 5.6842027 3.9922028 6.0835257 5.2245517 -0.93927735 -2.923144 2.4044387 3.536357 -0.7741841
ironwork -0.043190453 6.008802 0.0025990237 1.0967926 -3.9506543 2.553964 2.530262 0.22212663 -2.040246 -0.002014902 2.4310522 1.8665105 5.040042 6.8740764 2.0420377 0.508794 -2.8561945 -0.03382842 3.6219764 -4.6378474
needlework -2.5912411 3.075206 -1.6519473 -0.24157973 -0.99589604 6.9505663 3.205572 -0.70673347 2.864047 -6.3121176 1.8460225 5.5381684 2.3449142 3.5041463 5.333575 1.2941288 0.32002428 1.9608914 2.9409223 0.39232022
typewriters -0.19948731 -0.9669471 1.5592898 -2.2432337 -1.6572117 -1.8756201 3.701657 -0.5621222 1.8593417 -5.3528395 -0.7946167 5.997497 1.5962656 4.2617497 3.0355093 -0.5312759 -4.532789 -0.73955065 5.8221264 0.41004264
sitters -0.9184723 2.8979461 2.1909888 -1.6656473 -0.08879909 4.1015735 6.021338 0.07772079 2.6042209 -2.6992924 2.1016517 1.9771976 0.5507375 2.63474 3.1149094 3.6822588 0.47296456 2.5734572 0.4609797 -3.6537886
vellum -1.385645 3.9441779 1.9972535 0.25102577 -2.8134782 -1.3773048 5.370537 -3.2310383 3.6012218 -1.9061689 0.5670812 6.771692 6.057308 6.304222 0.94851524 -2.0255723 -0.9284189 3.7922456 0.7886336 -2.48461
conservators 0.5446431 4.699654 -1.1501173 1.9208639 -3.0927815 3.3272388 3.3492734 -1.9663429 0.5471886 -0.72982454 0.57322484 1.4961123 -0.43081117 5.3043847 2.9867673 6.6902304 -0.8941114 0.8034295 0.29346678 1.5661229
inlay 0.8153631 3.4409997 2.1693485 -2.1467261 -2.3717763 -0.74229825 4.46845 -0.15276636 0.23463273 0.3580147 0.7357317 5.0344014 7.8563304 2.8920166 1.0263321 -0.46398267 -0.783901 5.14111 2.6776624 -2.2744272
stoneware -0.8455875 5.412845 -0.7667726 -2.1378968 -1.9023969 3.3971562 0.7109481 -3.149634 2.587211 1.0773675 5.206293 5.3999815 6.3415227 4.364314 2.8121538 -2.6153045 -4.483579 0.68396384 5.744401 -0.4762262
handpainted 1.6440163 3.133499 -2.1036642 -4.096929 -3.5224116 1.1540331 4.8910255 -0.054219104 -0.08520133 -1.9063498 -0.31073612 3.6496577 6.790386 2.4266112 2.205857 -0.13206689 -2.2730927 3.5148997 1.6779188 -2.446588
pewter -1.1046197 3.6361926 -2.2987945 -3.5174787 -1.0993851 -2.0923839 2.2213633 -1.6557566 1.7504622 1.2393495 2.4431672 4.7888765 5.548744 3.711663 4.271993 0.70210207 0.409739 3.7791395 1.7607127 -1.3728671
lithographic 0.21347584 3.6721098 1.8711283 -1.5651891 -4.308261 0.8616022 1.2337093 -1.6105294 3.039972 -2.785294 0.95806795 5.0188937 5.6102104 4.532779 2.1040237 0.64970225 -4.160206 -0.814279 1.450238 0.65449846
batik -0.22330166 -0.42686176 -4.8239646 -3.9365816 -1.0123225 6.8992143 3.3591688 1.4338522 0.9501874 1.142939 1.2797956 6.387953 1.790618 2.3776767 2.0256038 -3.866694 -2.5043614 4.512512 3.9317665 1.5868245
jugs -0.5739808 4.668933 -1.4314466 -5.4159794 -0.7083511 1.1839132 4.0794287 -3.7222373 -1.9173762 0.99935436 3.4037914 3.3245003 3.4098814 3.4386325 3.177414 -1.0439079 -0.38649875 4.619882 2.8442793 -3.6271384
easel 1.887952 3.8697457 0.48537385 -2.0262494 -2.2662044 3.6389663 2.732856 1.5316516 0.05546763 -3.6267707 2.8178403 1.6777308 5.3302555 2.3541348 1.7413454 1.9028988 0.72317624 1.7005666 2.1856043 -0.56119424
brocade -1.4723333 0.24051692 -2.1058972 -2.50223 -0.40019035 -0.043913875 3.5974495 0.5808173 -1.8939126 2.0031412 0.9357689 6.5089684 3.1315298 2.861119 2.6240218 -1.6959937 -1.3251019 4.043415 3.165308 0.6910718
novelties 1.9511943 2.4766726 -0.032370813 -2.8961756 -2.360165 1.0245813 2.207846 1.1019216 2.3918357 -2.595787 0.9441286 3.7298663 0.75283074 1.012098 0.68088865 0.023615727 -2.2570333 1.161834 2.6087794 -1.5288581
sculpt 1.3282901 3.5061269 1.1981575 -2.3447785 -1.808713 2.591881 3.5215812 1.7374394 -0.37679678 -2.192573 2.8012948 0.58861256 5.40143 2.4300485 2.365067 3.926183 0.57050985 1.4668373 0.15572526 0.18619844
connoisseurs 0.18208575 2.1765208 -0.87819153 -3.775773 -1.5034634 5.552541 0.7953156 2.3580704 3.797736 -2.8870318 1.7741312 4.2301574 0.026033662 1.5344192 0.96062464 0.706915 -1.0046535 4.002792 0.69202954 -2.53812
lithograph 0.9900386 3.4047196 0.52845997 -1.8789972 -3.2815003 -0.62588996 3.8616982 1.3843832 1.96139 -2.0556345 1.9986103 4.1688375 6.5782866 2.324633 1.092021 -0.3651936 -2.2266507 -0.11114615 -2.4917853 -1.9259164
quilting 1.200552 4.0198617 -1.9750525 -0.541674 -0.29707655 3.1011515 3.6378462 -1.2605057 0.88373506 -4.651937 1.9459177 4.4575872 3.216852 -0.8176342 2.7830083 2.3042464 -2.7801518 3.758036 3.128583 -0.21017334
gilding 0.074140415 5.4108753 2.538244 -0.99164766 -2.9143343 2.617346 2.8659966 0.48484102 1.975166 2.5718718 2.8193717 3.2081547 5.7976317 5.566469 1.5040323 2.5781124 0.04842129 3.5658162 2.2827218 -0.8930352
faience 0.81341267 3.7895699 0.52899384 -1.9374834 -2.604535 4.0037603 2.143277 -1.3768103 1.0274562 2.309275 3.8502586 4.3029237 7.5775127 6.0058355 3.2668781 -1.6742263 -3.7017963 1.2189115 1.7628489 -1.1958516
papermaking -1.116134 3.0202532 0.09969012 0.20914453 -2.820772 4.231896 -0.3387856 -3.300353 2.21978 -1.7984097 2.5257099 5.744308 3.471928 3.241748 -0.16372807 -0.13284907 -5.3901443 -1.285999 3.697154 1.8671737
linens -1.8050249 4.771276 -1.1070708 -4.708542 -1.6244383 1.8142068 2.0939715 -3.3371615 -2.2082224 -2.5268335 2.065424 4.074199 0.6406414 4.2484903 3.3632097 -1.3676738 -2.1804392 4.111469 1.0344436 -1.2405881
taxidermy 0.6919782 4.221174 -1.3375635 -2.0078607 -1.7486094 3.229204 4.93788 -2.4448423 1.4776134 -2.2319279 3.5861828 3.6417186 3.6059139 -0.06451456 1.4509965 3.2569115 -1.3953487 -1.1275315 0.21976016 -0.5574548
dioramas 5.3002043 3.9585948 -3.4754534 -1.4447651 -5.1571445 4.294267 6.1634054 -0.030830175 0.98952514 -0.6613227 0.42768258 1.9079355 3.9667091 0.29175687 1.659598 1.2973764 -0.70351845 -1.9875457 0.47333336 -2.1921759
collectable 2.1230175 1.1751566 -1.9929982 -7.446814 -3.2968178 -1.0363315 1.1788764 -0.75520253 3.0559046 -0.7785943 0.43448195 4.938597 2.7146997 1.5888417 -0.0097385375 1.5892539 -2.8562474 2.2875016 2.3633914 -4.3146577
crayons -0.63706523 4.2340055 0.5281452 -3.7087984 -1.562406 -1.605938 4.632241 -0.20365965 1.1367623 -3.699118 2.2859228 5.796881 4.835079 0.13368535 2.9834325 0.30840215 -1.4226155 2.0919905 2.4181898 -0.5178651
adornment -0.045278862 3.0199072 -0.47577408 -0.29068613 -0.6485753 5.2853384 4.697299 -0.5982561 1.5495057 0.48909461 1.1788183 3.5079844 2.0082426 3.857625 0.9855328 2.202773 0.31902474 6.2913537 1.3665389 -2.3570893
cookware -0.95400727 4.264396 -1.0745616 -4.9182034 -2.1073537 0.2683406 1.3734449 -0.8993462 -1.4509394 0.30009422 2.8846765 5.746877 2.5262647 2.7014554 3.3380775 -0.3822115 -4.2734246 1.9667132 5.5743647 0.6021838
muslin -3.2401288 3.009106 -2.7010562 -1.855105 0.6555194 1.7726501 1.8241243 0.7256688 0.33961 1.9683754 3.4491107 2.7698126 2.8273947 3.9348567 2.4921958 -2.1237433 -1.3804636 4.7026215 6.0006795 -0.18234399
shawls -2.7237394 1.9712594 -4.7996397 -0.95145434 1.0734651 4.4657407 4.3063197 -0.50823796 2.2721674 0.8021228 2.2066047 4.205798 0.9613253 3.944858 2.1193578 -3.0737026 -1.0710554 6.6601624 4.9927936 -1.187968
linoleum 1.0842698 5.7586365 -0.42562404 -1.1098759 -2.9823277 -0.652671 1.8989524 -0.4956906 -1.3417671 -1.1434346 1.5630398 2.1833436 5.039066 3.3163743 2.8359787 -0.25946712 -3.6241949 2.4391997 3.5992608 -2.0172074
gouache -1.2471205 4.973175 2.221897 -3.4215498 -3.1650252 4.1097693 4.1860538 -0.7180508 3.3365953 -0.9795709 2.2956612 3.7753844 7.379986 1.0080322 1.5570347 0.59973055 -2.8902366 1.3338004 3.1619253 -0.16983645
patina -0.14713797 6.028825 1.954551 -0.36714014 -1.5292141 1.382801 3.2874048 -0.17808037 1.0011524 1.355639 2.7982602 3.5448472 4.0371776 0.50683093 -0.35973936 1.542771 -0.57030225 3.3353782 1.8963261 -1.2514377
letterpress -0.5354897 2.0347483 1.2228724 -1.0152832 -3.6905475 -0.19830863 1.4179163 -0.6521334 2.0609 -5.0067377 -0.17857471 6.1816163 4.2976823 3.5767388 0.76075685 0.36471367 -3.8137612 0.016411014 2.57121 0.20265292
semiprecious 0.26280856 6.079834 0.0015466532 -3.9288745 -3.338866 2.6559246 2.8115451 -2.7754076 0.437887 4.5441146 3.0449264 4.8299136 7.192606 2.4619591 -0.1180487 0.11615294 -3.4368038 5.687567 0.08314748 -3.6649933
decorators 0.75670177 2.2539418 -2.3481753 -1.7194599 -2.28497 3.0806663 1.2404864 2.1203253 0.1565185 -2.753847 0.7425826 2.4478211 2.5649922 3.577447 5.68072 2.2613509 -4.071262 0.60067576 1.4616141 -1.4014719
basketry 1.3312337 3.739346 -3.0885448 -1.3375603 0.16249476 6.0491405 2.8747306 -4.2100987 0.7989776 -0.70922303 3.961002 5.099108 3.2950997 -0.25378445 2.3030734 0.012301638 -3.4647121 2.9982586 1.8438768 -0.724289
woodcarving 0.23959719 2.378657 -2.1011286 -0.53173363 -0.76312476 8.188133 0.6613587 -0.8550672 1.5991578 -1.8615314 3.0713856 2.4538414 3.904897 2.949693 3.8370814 0.15043 -1.1101404 0.700231 2.2488334 -0.5647785
crochet -0.18411574 1.2117465 0.09033139 -0.7689473 0.56408507 1.7202474 3.5003695 -1.1413419 -0.10732882 -3.9329176 1.3389453 4.846903 3.9036353 0.94871396 3.4319398 1.1729062 -0.9708234 2.7608268 4.0611734 -1.664749
glassmaking 0.32091573 3.973689 0.023103599 -0.46470088 -2.4905574 5.7841296 -1.1303244 -1.9545918 1.2580024 -0.7685096 3.6434412 2.0894399 2.3441312 4.069033 0.76573354 -0.50697404 -4.2326884 -0.9534431 3.0961535 1.323025
trimmings -1.0234088 3.7132573 -1.2954801 -1.5838803 -0.25077644 0.008513578 2.6214345 0.01887048 -1.3490946 0.31491804 2.0115104 3.6298246 2.9037812 1.9138947 2.666685 -0.2953881 -1.6188337 4.4934464 3.6301706 -2.4637012
stencils 2.7253926 3.1010895 1.2748724 -2.0958147 -2.6561573 0.040019486 5.6451173 -0.69520426 0.8457984 -1.6956111 1.108353 5.263039 4.2028093 3.184639 0.44506505 0.41666177 -2.4572556 3.5185847 3.3877082 -0.5501197
wallpapers 2.603032 2.5204818 -0.42714167 -4.5248847 -4.340923 -0.03402529 3.2845774 1.7274221 -0.7309884 -1.6059808 -1.4030088 4.9461784 2.5754128 1.284937 2.2956333 -1.0244864 -2.398125 2.5371675 2.1199453 -1.7339984
filigree 0.88513404 2.838077 0.03136525 -1.7164971 -2.387085 3.596415 2.4032357 1.0832113 0.7128047 2.3095384 0.5853657 3.5522177 6.6153097 2.9001513 1.2104105 0.6201855 -0.30356732 4.864099 3.3865814 -2.9679916
soapstone 1.2865651 4.297736 -1.2629949 -0.43062493 -1.6105605 2.8844838 2.0223892 -3.87623 -0.23083791 2.0987601 3.3100438 3.5674229 4.995806 2.6019952 0.27881086 -1.2815913 -2.9097552 2.0059938 1.2828496 -2.995602
mementos 0.92987204 3.7815938 -2.292387 -2.6333714 -2.8301897 1.4122446 5.7194233 -0.8173352 0.83423823 -3.178663 0.74349904 1.0408382 1.0006272 2.6873398 1.7509811 0.762043 0.1438921 1.5818287 -2.3681731 -0.95605564
intaglio 0.5605103 3.1949718 1.9900544 -1.9125073 -3.5564542 1.224917 2.3934155 -0.7846513 1.5228084 -0.49104944 0.39157555 4.3258343 5.782965 2.8735142 0.55187947 0.3431372 -2.0174866 1.7662112 2.4390242 -0.057039525
bookbinding -1.1289188 2.4990427 -0.42982242 -0.1505518 -2.3036745 3.218536 1.4497836 -1.1182631 2.4684982 -4.005366 1.1815325 4.785354 3.477473 4.05493 3.6964452 0.43621725 -3.6951087 0.38189992 2.1405914 1.6277642
freehand 2.3864684 1.1881752 2.443275 -2.2975478 -2.1056588 0.4900333 3.526283 1.034335 0.020903641 -2.676987 0.7825371 5.036125 3.69946 1.9623903 1.8992925 2.2690246 -1.3611673 1.0887634 3.3375034 0.5491575
silversmiths -2.0544338 3.9043927 -2.3843987 -1.1713885 -1.3552884 2.6388168 0.86667013 0.003803173 2.2498994 -1.0876056 3.4682198 3.572577 3.27166 4.645778 4.2960653 0.4169201 -3.5342746 0.6466147 0.08564666 -1.1192167
craftspeople 2.554359 1.8391157 -3.4949975 -2.104737 -1.2993808 5.2512245 0.9005234 -0.59490126 1.3419361 -4.2257833 1.3670034 2.204296 -0.40859842 1.6411331 3.1933434 1.1785934 -4.089167 1.7670485 2.3911796 0.24414694
boxwood 0.20490393 5.178265 -1.8428942 0.26295772 -1.2535968 1.5141943 1.89808 -2.4210558 -0.9759307 1.5305114 2.88252 4.7405033 3.9760935 0.8290922 2.4448001 -0.6803772 -0.8071265 2.0349426 0.3258484 -4.4503727
trinkets 0.15457657 3.062415 -3.412397 -5.558468 -1.1723268 0.8974284 4.920546 -1.2218043 0.15513882 -0.92370003 2.6107874 2.466977 -0.051620778 2.9277976 0.75826097 0.45848057 -1.4874283 4.1879582 -0.43305257 -0.96704274
sofas 0.8007969 2.3526995 -1.5772716 -2.2236664 -1.2615646 1.3931237 3.603211 0.3761787 -2.6502025 -1.7521982 -0.10375738 2.4206126 1.8236434 3.1187744 4.705296 -0.9408782 0.39981136 3.928283 3.6078615 -1.9466304
enamels 0.6768773 4.2413664 1.329389 -1.651287 -1.6244584 2.7879534 2.3595872 -1.3281344 3.0892057 1.6511029 3.7401423 3.9678972 5.919493 5.0304346 2.4712362 -0.045722827 -0.6626646 3.0641124 2.9271946 -0.87504697
mezzotint -3.2564886 2.2972326 2.0250788 -1.4972752 -1.7894568 2.2994778 2.08438 -0.0078097414 3.6992352 -1.8978647 2.3907137 4.201593 6.417297 3.7009304 2.6523237 0.87903917 -1.9993961 -0.42284116 0.9935617 -2.1966016
daguerreotype -0.5077554 2.9953241 2.269999 -1.642858 -3.4823058 0.49872002 2.1842098 0.36700705 2.182612 -2.2833247 1.6414633 2.9333587 5.0753474 2.5157585 0.36656964 0.9763486 -1.2479603 -1.7068648 1.4439255 1.581686
ballpoint -0.36227134 0.52386296 1.4763641 -4.4001994 -1.4701924 -0.07495516 4.4053345 0.18757309 -0.0793495 -1.690021 1.6878203 6.7476068 4.4774613 1.9111502 1.2790438 1.2601032 -2.8033862 1.2747158 2.8665829 -0.0790556
bouquets 0.10541043 3.657759 -1.6391441 -2.195798 -0.57341254 1.1320788 4.6241755 -0.8236704 0.77766204 -1.6665303 2.1275382 1.8560835 1.1907554 1.8997958 1.8864565 -1.4624057 1.4219848 4.035448 -0.3022207 -1.4760083
timepieces 0.22262324 1.9309975 0.59843755 -4.286367 -3.215133 0.8259296 1.726599 -0.0023812838 0.9334937 -0.95366734 1.83995 4.8690486 2.8991852 3.6200228 2.7136033 1.330909 -0.8305639 -1.5968435 2.7944684 0.3932595
lacquered 0.60578907 2.9617846 -0.40871048 -2.6268091 -0.8678094 1.3303138 4.2644134 -1.4239845 -0.90494543 1.9421021 1.8948665 3.3063881 5.53807 3.097181 2.8332655 -1.4196091 -1.0785655 4.256817 3.4143357 -2.7340531
restorers 1.9401102 2.077676 1.0743977 -1.1508651 -2.3403041 2.2269742 2.2228372 0.78540695 1.0596383 -0.8263751 1.286883 0.011393212 1.4867373 4.15496 1.6145463 2.6516871 -1.2780832 -0.21298742 0.785046 -0.5930568
acrylics -0.22374944 4.466552 2.0194867 -3.6378453 -2.1161048 3.651428 2.1221316 -0.9709219 2.2130082 -0.60253996 2.5980718 4.060004 4.8502955 -0.082598686 2.793631 0.87060314 -3.4523795 1.3447192 3.7746723 0.43658048
varnished -0.46515834 4.097586 0.4237685 -0.95461434 -1.2450454 -0.35720554 2.4881198 -1.3805577 -1.3491658 1.1088455 1.9388677 2.0564373 5.28292 3.9853954 1.7668961 0.6255711 -0.5183452 3.6835785 3.502794 -2.997124
encaustic 1.5197036 3.5654695 1.8406727 0.44051167 -2.403055 2.659171 1.5829687 -0.5633806 -0.22471166 0.113823526 1.3904524 2.947879 6.44563 2.375532 1.4769185 1.0753856 -2.3791738 2.2900043 1.1894112 -1.4957732
draperies 0.22736566 3.3562343 0.013427812 -0.9578023 -1.1083721 2.681955 3.7943182 0.5128911 -0.71893865 0.6445226 1.5233424 2.1513011 5.0114555 3.3320494 1.9384751 0.30711496 -0.7536287 4.484655 3.2162614 -2.4918947
silkscreen 0.8848491 3.4334257 1.7817743 -3.0709193 -3.814574 0.678096 2.5806353 0.63235277 1.3067989 -3.1235318 -0.05367287 3.548676 4.555977 1.172829 1.8788365 0.18576594 -2.9205244 1.0105009 1.4838532 0.41086435
damask -1.8415293 2.2674246 -1.8594615 -0.51669925 0.38175523 1.2059953 3.4446313 0.52813035 0.13370073 0.8816042 2.4632642 3.3423975 4.781418 3.0929916 2.8331027 -1.141445 -1.034217 4.1863003 2.2213936 -1.3202701
canvasses 2.4441767 3.4121952 1.2012631 -1.0371888 -2.1297967 3.3045552 3.2856169 0.8765897 1.4127873 -0.9557742 1.3402472 0.22133957 2.7365963 2.5948296 1.3519281 -0.07005967 -0.63943285 1.5522096 1.4058516 -2.7368217
engrave -0.76622576 0.721495 0.3864123 -1.8434052 -1.578683 0.7998308 1.9575784 -1.1314778 0.83370817 -2.063382 0.2820689 2.2987866 4.744014 5.4615655 1.6382293 2.4101639 -0.76747245 2.1638143 -0.35929164 -1.0873281
crockery -1.5925504 3.4641306 -2.198163 -2.6509275 -1.1731527 0.460044 2.6345458 -1.9511919 -1.8605849 -0.888836 2.37903 2.4297488 2.2708294 3.5115428 2.00102 -0.72705364 -2.088394 2.0522547 2.1391385 -0.8909769
embossing 0.0074021625 2.6792376 1.9569681 -1.3285351 -2.0267448 -1.1968714 3.7533886 -0.8060636 0.63134295 -0.1084869 0.934938 5.5107245 4.220387 2.9936469 0.6241421 0.5176439 -1.3797433 3.4098651 3.2985542 0.88420194
heirlooms -0.5508319 1.8155792 -1.896787 -3.4403577 -0.44725576 1.9084692 3.2026775 -2.4661837 1.2719376 -0.70046365 3.1622887 2.502685 -0.33834514 4.792638 1.8741959 0.75696856 -1.7261584 2.187616 -3.1184871 -2.7402327
celadon -1.0652663 0.6343077 -2.7482986 -1.9721016 -0.35357302 3.9234862 0.87870544 -0.90286136 1.9267063 1.8836757 3.6146543 5.418712 4.895814 2.8947608 -0.83359575 -2.8382196 -2.0456982 2.2224743 3.0176177 -0.8228121
unglazed 1.0075637 3.0705345 0.24604824 -1.1758106 -1.3353584 1.6470346 2.129824 -2.6438491 -0.26854348 2.1933386 2.285137 3.6275237 4.5356913 3.563203 0.4998921 -1.4161953 -1.517887 3.4725525 4.163297 -1.8841689
outerwear -0.24183366 1.5353345 -3.5333369 -2.7373068 -0.0874048 0.1370343 2.514983 0.12265151 -0.20059992 -0.95439476 1.3661778 3.881385 2.5347755 0.39195758 4.219452 0.9374004 -2.1156664 2.928134 3.9576015 0.79160744
topiary 0.8308852 4.1085744 -2.3616805 -0.8502947 -1.7609509 2.5043097 2.6272793 -1.1161861 -1.8176992 0.11008752 1.5326749 3.568282 2.4930522 -0.27856907 1.3509278 1.281021 -0.26634204 2.1809452 -0.15226872 -3.4489655
beadwork 1.1295463 1.9283834 -3.0386717 -0.7776002 0.6286144 4.3678007 3.4446042 -1.0008583 1.8619599 -0.91000724 2.8980627 3.8971562 2.9804077 -0.4581126 2.0913818 1.3460361 -2.4860866 3.2031436 1.2817211 -0.89759547
dinnerware 0.8140957 2.9667373 -1.6264738 -2.932431 -2.1294327 0.8443729 1.0489528 -0.54190516 -0.7073034 -1.41175 1.8350153 4.7748623 4.107086 2.1537602 2.8367937 -0.75003064 -2.8395116 1.4214215 2.6344326 -0.89159596
airbrush -0.20331189 1.967694 1.450551 -3.0469737 -1.6412488 1.0863692 3.4609063 0.8384155 0.531117 -1.340871 0.74931264 3.6582541 3.4866893 -0.17206569 1.6210964 2.0585058 -2.5062766 1.3793105 3.3826013 0.8436534
jacquard -1.2547082 0.38974035 1.0414693 -1.9888332 -0.7559762 2.7063637 1.892311 0.66394806 -1.2169439 -1.4556345 2.2435706 3.889845 3.3868284 3.6609862 2.4965074 1.0691354 -2.416948 -0.059747435 3.6639545 0.07317343
handwoven -1.3078086 1.5803787 -3.1859236 -2.5068126 -0.10576046 3.6678872 2.3429747 -1.1947842 -0.08237538 0.96364 1.8508617 4.8586235 1.8054119 2.602666 2.2713432 -1.6066996 -2.1729717 4.1376038 3.5155582 -0.7207429
cabinetry 0.5297167 3.6040578 -0.5321047 -0.38375342 -2.2934885 0.6644863 1.5703624 -0.71564865 -2.6257246 -1.1001586 0.4939021 3.3540785 2.8764093 2.810094 4.040062 0.5832908 -2.3872406 1.1684512 3.787005 -0.97721976
kitchenware -0.11745917 2.1609404 -1.5366459 -4.099866 -2.030157 1.1050775 1.1159153 -1.196441 -0.60320306 -1.2188333 0.9192736 3.2343118 1.2611533 2.1172824 2.7093947 -1.2756462 -3.28355 1.697589 1.8406361 0.27382824
marquetry 0.35883093 2.2151623 0.6308134 -1.3189015 -1.4878815 3.0015497 2.6038487 0.74264234 0.4367939 0.3186821 2.021638 3.2150178 5.320941 3.7247124 3.5084498 0.6097432 -1.399697 1.4177153 1.7001983 -2.4891882
lapidary 1.0035323 1.2745317 0.0288584 -0.6715705 -1.8684494 3.6663325 1.7325302 -0.5933189 1.3279473 -0.59397095 0.7170424 3.5383232 4.082459 1.3398824 0.373933 -0.09863889 -1.0544853 1.5795835 -0.2997663 -0.5138082
lacquerware 0.61257344 0.8048677 -2.2435129 -2.8174257 -1.1076269 4.2873793 1.9829373 -1.0536823 1.3960721 1.8175406 2.010207 4.2316356 2.133879 2.5425918 0.8450435 -2.5748615 -1.4627242 2.8692427 1.77342 0.82643425
embroideries 0.32172322 1.668184 -1.0685624 -1.3923929 -1.1190429 3.4275742 2.681989 -0.06749944 1.8053577 0.03460475 1.2225388 3.3938768 3.0532796 3.1920743 2.2765734 -0.725121 -0.9776799 3.2340899 1.3282914 -1.7638966
gesso 0.45047137 3.752833 1.725693 -1.1224298 -1.4910018 2.3385582 2.3405 -0.8290887 0.012450654 2.0163195 2.017492 2.1581223 4.3908606 2.4353926 1.5066864 0.23780997 -1.0535493 2.7440279 1.9734782 -0.884816
glassblowing 0.3479486 2.6939726 0.7105419 -1.2237595 -1.8888291 3.8154023 0.2528558 -0.9999095 0.14536099 -1.6650336 1.4068265 1.879425 3.2383275 1.2055441 1.4763999 0.68613225 -1.1614296 0.5259531 2.9769964 2.1141317
gobelins 0.4144905 0.31977275 0.13012834 -2.6062062 -2.5207973 4.091852 0.28937867 0.9390106 -0.5809024 -1.5816977 1.7713383 2.1809628 3.5331762 4.8848324 4.3364863 -0.85626936 -0.6567215 -1.9961938 -0.18105687 1.0939735
woodblocks 0.6424982 1.5580052 0.6591703 -1.1029485 -1.3391736 0.5678578 3.04369 -0.47116786 2.583358 -1.3115836 1.5349002 3.4847085 3.4580965 3.0732615 0.8406712 -2.0555902 -1.48802 1.4774041 1.762158 -1.2169796
aquatint -1.1937307 2.0720568 1.7443 -1.8521616 -2.4299545 2.0136263 2.3334503 -0.9656979 2.7858894 -0.47271582 1.4880369 3.4376442 5.4550476 2.3239048 0.442379 0.28057456 -1.5586985 -0.43835253 1.4214267 -0.6928782
curios 0.5688841 2.1437817 -1.9863466 -2.8088708 -1.6409107 1.4849827 3.1459634 -0.6330873 0.8283366 -0.26745668 1.8130707 1.9680556 0.7980017 2.4167485 0.7384916 -0.15449002 -1.3698432 1.1806939 -0.8345813 -0.9049758
beakers 0.99496895 2.3709056 0.9163397 -1.5872849 -0.43003684 0.97585505 3.1731312 -2.8513386 1.2152535 0.8047569 2.3163722 2.5628407 3.6113455 1.9890515 0.52584106 -0.9023432 -0.4372382 1.9164675 2.121154 -1.0005106
daguerreotypes -0.34747547 2.894342 0.568274 -1.7985187 -2.7232265 1.3479759 2.0880902 0.07212991 2.5406094 -1.0370294 1.3762041 2.3996186 2.3626056 2.0367897 0.7733226 -0.5869506 -1.0126284 -0.45320505 1.0924225 -0.30721223
porcelains -0.6094105 1.9939812 -1.8406225 -2.1198597 -1.1074011 3.1220891 1.4531975 -0.78265774 2.2470236 1.0549443 2.9938977 3.5629973 3.331068 2.9345238 0.21720609 -1.710423 -1.9229153 1.6898725 1.3076355 -0.42427427
majolica 1.2182211 2.316037 0.04913266 -1.333565 -1.6233761 3.204917 0.67616385 0.08012304 1.2125071 1.0771551 2.039478 1.9117771 3.7278752 2.6686707 1.9918734 -0.6283711 -2.0443616 1.1279163 1.0131006 -2.4682517
teapots -0.361262 2.2617004 -1.1181929 -2.4171772 -0.14719857 1.4816443 2.199425 -1.0428277 0.17999247 1.3052735 2.707346 3.8442335 2.8370783 1.8518752 1.6602131 -0.56778723 -0.73556983 2.804411 2.086287 -1.1384029
maiolica 1.8021051 1.7974643 1.1064913 -1.3889091 -1.6118559 4.1163673 0.2401396 0.15313216 0.96186304 1.2345157 2.241772 1.2390984 3.3414338 2.7672462 2.3662932 -1.2372031 -1.7355137 0.53675383 0.41932884 -1.4021618
tablecloths -0.67323583 2.8102772 -1.565896 -1.8925236 -0.5977397 0.5806789 2.856987 -1.213821 -0.91752243 -0.8151885 1.0702121 2.2425056 1.8953766 2.5255384 2.7996347 -0.69261825 -0.74149156 4.337705 2.0887372 -0.7400128
silversmithing -0.76388973 1.9742527 -1.1995683 -0.8157037 -0.95276463 3.529142 0.03102582 -0.51478326 1.2932334 -1.3411591 2.2403364 2.0178747 2.1964955 1.4488795 2.03292 0.30800006 -0.947903 0.24521084 1.1692983 1.3533363
drypoint -0.8642005 1.8130001 1.8455406 -1.2118953 -1.7648544 2.5341356 1.581406 -0.37490323 2.1324804 -0.98379195 1.2362882 2.5125597 4.2012587 1.274843 1.1168098 0.19259328 -0.919063 -0.0678695 1.6769129 -0.40449804
underglaze -0.49514553 1.8420075 -0.43428126 -0.59689224 -0.6749227 0.55630195 1.540217 -0.712019 1.7216414 1.6213915 2.1990736 3.813898 4.569725 2.5515637 0.9296222 -0.353355 -1.1040933 2.2794373 3.2084816 -0.019984992