Centroid_75 -0.6739347352636366 -1.5391978084909093 -4.514733336872728 0.1856014066590909 0.7558101932454546 -2.372537048800001 1.8473393939818186 -3.508364418472727 -1.349346150827272 -0.08730168411272747 1.4259833132454551 -8.859765058181818 1.4381542379818177 4.498807943999999 -4.1369321282727265 0.4293927261999998 -0.4822235720909092 -0.2587005946090909 0.722978156118182 0.7893481085272727
sent -2.2591295 -4.53901 -6.74087 0.03336116 1.2942828 -5.855096 -0.06425282 -2.9198773 0.56637293 -4.7513766 -0.85512567 -8.369532 1.9684348 5.860519 -3.31171 5.3138556 1.5320371 1.5676771 -2.126989 5.380094
killed -4.1116867 -4.0952816 -6.975131 -2.3988957 4.179066 -6.246687 8.96294 -3.648887 0.9252938 -0.45311752 1.267864 -17.076286 -2.092822 2.8235297 -3.9498963 -0.3033808 0.2136111 -1.3968701 -2.1271877 -3.2369494
arrived -3.227407 -1.619707 -9.724616 1.5533845 0.97434 -5.2295227 -2.7913847 -2.8326492 0.82188356 -4.129555 4.5614705 -10.143385 3.309686 5.837222 -5.5680494 -0.8248684 1.401609 -3.505748 -1.640803 4.090617
ordered -1.1511604 -4.591042 -3.1352632 2.0961716 -0.3430896 -8.527664 1.8467768 -2.7679727 -2.2485352 0.01851801 -1.2118545 -7.8295527 -0.052516002 10.721046 -3.1939952 4.3800793 0.108411655 -1.3881351 -0.6771409 4.634981
destroyed 4.842124 1.5906432 -5.3078036 -0.28121227 -3.976484 -1.7408143 5.116011 -5.677048 -1.5539167 -1.0665009 2.0038435 -12.09146 3.319447 10.456004 -9.358397 -1.4233532 -3.4408145 -1.4748087 1.861594 -1.6976314
fell -2.5260558 0.36096618 -2.5281105 -0.53164303 1.3572791 -4.395373 -3.6267018 -2.7975616 1.1171468 -1.0720459 2.7553756 -10.322458 1.4015194 5.1898727 -6.734639 1.5052979 4.5991898 1.969856 3.4429214 -2.7573307
buried -6.1332273 7.199239 -6.0230746 6.1308885 -2.1244605 0.07314073 2.7627132 -8.346365 -0.084491804 -4.0368776 1.1452422 -12.277804 7.1820817 7.137117 -3.757504 -4.6236196 3.9349618 3.0661163 -9.028698 -0.76317036
attacked -0.58722794 -6.821571 -6.1678915 -0.20632608 4.5481224 -4.7262096 3.4758904 -0.8655542 -2.4383965 1.356086 1.3875818 -14.174817 2.3150313 3.6257308 -6.4688535 1.0946189 -2.4577022 1.0124524 0.89694387 -1.1927754
occupied 3.7867954 -2.3138986 -8.408078 4.028507 -1.0866177 1.2003014 -2.759542 -7.0124593 -1.2733097 -1.197225 -0.9310524 -7.5721345 3.060244 8.249829 -3.4700797 -0.6383285 -4.020196 1.4525969 -0.028301423 0.15785213
abandoned 2.800615 0.24930343 -2.6302354 0.57955086 -1.1458659 -0.26543555 -0.4602644 -3.544734 -2.586416 -4.6365805 3.729918 -5.929272 0.18627037 7.2269735 -7.287866 2.5627923 -1.8177663 -1.7617769 2.4621408 -0.6881035
damaged 0.87126285 3.214953 -3.69996 -1.322112 -4.9806094 -1.7276101 3.0417032 -7.8014393 -2.7261047 1.2696999 -0.64157695 -14.774132 3.3359392 7.8369665 -7.7797937 -0.092308395 -2.592222 -3.4115906 6.6544123 -2.1819324
carrying -0.7498429 -2.2826443 -6.2564764 -2.7011476 -0.60943574 -4.051972 4.727194 -6.6337996 -2.4011374 -0.9850835 -1.5973513 -3.7067542 0.8879554 4.7183948 -2.8214543 2.7274516 0.18466821 0.6726689 4.2499175 1.7927958
struck -1.9812611 0.76176935 -4.5346727 -1.3461177 -0.91080856 -8.878073 0.14926718 -3.90424 -0.21834294 1.5683429 0.32876334 -9.644724 4.3113866 2.529295 -6.203519 2.399292 1.6501414 -0.59676296 1.5889266 -1.4980676
recovered -0.70002353 2.4113023 -0.74515545 -1.5369275 -1.0948054 -4.7814603 0.34970248 -7.476001 2.1517386 -0.64096165 1.3561656 -9.489019 3.5067525 4.744061 -3.9135926 4.185596 2.3488517 -0.8688054 1.4150198 -0.42150426
arriving -1.9585528 0.9554742 -8.129237 1.115312 -0.15222372 -4.5912747 -1.4195449 -2.602594 -0.8048928 -3.8330395 5.3949 -7.444088 1.0505321 3.7069752 -6.340902 -1.9824132 3.78147 -3.353941 0.061999906 5.223503
landed -2.0859475 -3.3866532 -8.063254 -2.4245756 1.1511105 -4.817456 -1.0479766 -2.9048777 -1.1224759 0.012152496 1.5620563 -10.052433 4.8882194 1.663653 -4.061141 0.4757142 1.7369294 -3.078236 2.2338495 -0.18331529
departed -3.6231382 -1.9600021 -7.3074245 -0.14660606 -0.2989666 -8.557305 -4.649732 0.040099498 -0.7516217 -3.6288166 2.7295754 -9.392721 6.0376463 2.4367435 -4.3882275 -0.74086463 2.2505665 -4.87967 -0.29450035 4.297306
burned 0.7644496 4.384282 -5.015897 0.30521822 -1.3833156 -3.3235874 4.844709 -6.1065063 -3.191895 -3.5936732 2.4419937 -10.839644 1.8955076 9.337691 -5.4292 -1.621998 -3.7010608 3.0852282 -0.9102883 -2.104232
escaped -2.6203368 -1.3079282 -5.002033 -1.6771343 3.897295 -3.638595 4.9185634 -3.7150795 -0.5461142 -0.20565693 5.376057 -13.33235 -0.02286451 5.3062778 -4.7853923 1.0190538 -0.4828209 0.109235354 -1.797935 0.27109024
imprisoned -2.8384964 -1.8833495 -2.6208508 0.005589317 2.0975952 -2.5071898 5.3135457 0.6127131 3.1031754 -2.4893324 2.0206573 -12.494752 -3.5409768 8.367274 -1.7573953 -0.67688966 -2.9795892 1.6359725 -6.10494 1.5943668
seized -1.4313762 -3.863481 -6.3880033 -1.8609776 -0.2840793 -3.593639 0.7935215 -3.876452 -1.2009497 1.9598055 0.6795998 -9.036247 -1.1263709 11.262866 -5.4674273 1.9731294 -5.6553893 1.5765566 -2.2204237 2.725058
disappeared 1.2919238 -0.86353743 -2.336288 -1.5576084 -0.42904702 -1.0232073 1.1263317 -3.5464375 1.8079934 -4.165454 1.6403725 -5.3143797 0.68089676 3.8704436 -6.574876 -0.3712236 -0.8265223 0.032723702 0.05210907 -2.5449872
proceeded -0.75719786 -1.6847748 -2.5394068 2.2525294 1.1519403 -4.1238604 -1.3222612 -1.2662667 -2.1615038 -1.5078751 2.2101343 -5.4895844 0.5182848 4.6985154 -4.675892 3.0206766 3.7681937 -0.05028368 1.395881 3.6439142
transported -0.46343613 0.5456894 -7.754858 -2.3721101 -1.5449113 -2.7847588 1.3544904 -10.2621975 -3.8280048 -1.2063061 0.6630178 -6.6906886 3.3699884 5.8253875 -5.0940604 -0.9445481 -1.2641604 0.812478 1.3330163 4.1979833
cleared -0.45744017 1.2074627 -4.0382686 -0.04128554 -2.2419405 -5.324289 -0.031142322 -6.0557814 -3.3707404 0.9270516 -1.7885898 -8.435615 -1.1063434 4.022483 -4.630721 4.7011414 1.1364366 -0.34795323 1.6973282 0.013395033
collapsed 0.43664333 3.0882924 -2.2024136 1.3766159 -1.9669071 -3.0348413 -1.7204787 -1.7424146 -2.8032124 -0.0016343894 1.3917305 -10.83675 0.59173375 5.972721 -5.9006276 -0.18046926 -0.7201682 -0.06311259 4.236107 -0.8645589
surrendered -2.4921987 -5.225002 -5.730719 1.7617556 3.1460829 -7.975627 -1.177186 -2.1193268 0.7352989 2.6484122 3.1268218 -12.393396 0.34454632 9.981385 -4.750558 0.5271748 -0.7830715 -0.4300648 -1.7756515 1.3824512
rescued -4.049425 -0.59854406 -7.3369985 -5.0653467 1.7984644 -2.9990878 7.560156 -4.936172 -1.4977565 -2.263471 4.007913 -10.252349 1.6247697 2.0559728 -3.0783927 1.986479 1.5524399 -2.5678537 -1.4806178 0.34893095
crashed -2.4063811 -2.0590017 -4.899186 -5.1854563 -1.7008512 -6.3983164 0.9563469 -4.9661794 -7.7996664 3.5541592 0.95383 -10.951852 4.6096697 1.3411297 -3.7660074 -0.8709926 5.663802 -7.8279305 3.7092113 -0.17253633
flee -1.1309437 -1.5166992 -3.410753 -2.622574 6.4947042 0.85632634 3.7761383 -1.6979339 -5.178112 -0.081897296 9.515117 -12.159802 -4.382379 4.9405656 -5.682585 2.0973566 0.544241 3.0266793 -1.6513317 2.7566795
marched 0.49948794 -4.1024833 -8.033287 8.090613 5.3138695 -2.693509 -0.4617731 -0.6784115 -3.911605 0.3254441 3.6047537 -14.131901 2.2577302 6.122446 -5.9592953 -0.7087504 1.9770143 2.3774822 -0.35493678 0.10293827
rushed -2.8495166 0.63652027 -2.0814614 2.1824505 1.4219257 -5.2466855 2.1557336 -2.0056374 -3.7414312 -4.102713 -0.23344557 -10.427299 1.2018278 0.085288465 -2.2322214 4.9564877 4.717424 -0.8520292 3.286957 -0.68839073
relieved -4.9866195 -3.9611113 -0.81293213 3.31269 2.0178816 -6.7129 -0.4892523 -1.3231964 -1.1872661 -0.97498757 -0.38899076 -10.9661875 1.7220712 4.2217216 -2.7928247 4.952977 2.6785038 -3.5359077 2.3592515 2.783089
fortified 5.8792872 -3.6524765 -3.597424 3.7263534 0.98154706 5.8579683 1.433257 -5.4546776 -4.528856 5.1404037 3.7725947 -6.9152675 2.919354 10.961867 -5.128194 -1.6938902 -4.171394 0.6413322 1.6260186 -4.2641253
burnt -1.9529254 3.6065733 -3.8801918 -0.64118975 -1.1214888 -0.8319171 4.5246916 -4.941501 -2.5028167 -1.5180918 2.2029912 -6.2979927 2.1779745 8.917717 -5.3035045 -3.090945 -1.8492612 4.61519 -0.54598606 -3.3482106
occupying 4.689711 -2.5408988 -5.014898 3.926799 0.39726663 0.86098033 -0.3394627 -4.31466 -2.0097165 1.8922065 -0.47569948 -5.138092 1.0659995 5.183139 -3.0585752 0.3165883 -1.560479 2.5053153 2.1621916 0.083707176
detached 1.5837215 -2.041658 -2.06513 4.1384587 0.20732222 -0.29333317 2.2272158 -5.0576096 -2.3067336 -0.34735623 -0.3830996 -4.056473 3.7250896 5.3285794 -1.9784607 -0.3759644 -0.6217582 -1.4081804 4.0560756 -1.5300933
dispatched -2.1794837 -5.9111986 -7.2399473 1.2025323 1.3926023 -3.7973177 1.0032507 -3.3805523 -1.2086622 1.4814372 -0.78263533 -9.084643 2.529275 4.700527 -3.6737876 3.6896539 -0.44701046 -1.5264269 -0.743386 4.853423
devastated -1.7020324 1.927908 -2.5745487 -1.2813013 1.0411674 1.6664762 0.20149821 -3.2495582 -1.0267158 -1.8944621 5.705558 -10.9085045 -2.6929462 1.4549975 -9.001536 0.3379541 0.23689981 -1.3792151 -1.058633 -0.6343378
dispersed 4.6598573 -0.9337198 -4.369023 1.1650084 0.41781914 0.7540819 0.8247962 -8.398237 1.0136338 0.09358124 0.14927825 -5.67526 1.2361572 2.6873472 -4.8771234 -0.88294905 -3.6965225 2.4309452 3.487112 0.56858546
escorted -3.6178417 -4.325807 -10.212262 -1.1721703 1.0942614 -6.0783277 2.4225357 -4.174849 -3.0203161 -0.85600084 0.28040713 -10.427554 4.586756 5.114686 -1.7147973 -0.6874331 0.66367024 -2.2507403 -1.1346617 2.9101179
fleeing 0.8867169 -1.7127277 -5.5497265 -0.16606967 4.6090035 0.9811814 4.7469416 -1.9633216 -0.16254847 -0.51148355 6.5531774 -10.197412 -3.0394177 2.3949275 -6.242647 0.6219214 -1.5709735 1.2688615 -0.3141845 1.6334189
departing -1.0130157 -1.4164071 -4.8609037 0.023788547 -0.07312019 -5.3275375 -1.6589289 0.07642569 -2.2078001 -2.9796765 2.2138953 -5.162224 1.2135501 2.0822647 -3.0050108 -0.9288484 3.4532213 -2.7049325 1.8787372 2.9471748
drowned -5.6267242 1.6068593 -3.7375991 -2.830514 1.8944279 -1.818436 4.393585 -5.3265834 -0.7067075 -1.3154575 5.225405 -6.593693 2.0203075 0.66911566 -7.2259827 -0.9814613 3.0375817 -1.2425246 -0.46573704 -3.4117613
escaping -0.17031458 -0.44376296 -1.9303143 -3.1039712 2.6879137 -0.76980954 5.7265396 -3.066869 -3.0790184 0.1437461 4.419725 -9.173749 -0.58209854 1.9287428 -5.8745933 3.0725815 0.9065942 1.4022045 0.8180217 1.4884764
exploded -0.42721894 0.7014287 -3.7528102 -3.5947115 -2.5091195 -5.9831967 3.91051 -3.5748029 -4.4123583 0.69336224 -0.974219 -11.312589 3.2186728 3.4554543 -5.474348 -3.3330052 -0.6922402 -1.2277619 4.5974035 0.09796805
transporting -0.7314895 -0.44448274 -6.959056 -3.740358 -1.1181709 -0.7656487 2.6621852 -9.015538 -3.1303308 -0.5797686 1.166342 -3.0188785 -0.61595815 4.564203 -3.4563034 2.1108968 -3.7241235 -1.4117317 5.0739827 3.970095
ceded -0.38599554 -2.3328216 -6.728972 1.5789835 -0.95137054 -1.768063 -9.021444 -5.0401554 -0.21536684 6.263421 1.6267511 -5.452281 1.1576794 8.938696 -6.04526 0.8596675 -5.144886 3.6262043 -6.2837896 2.0262308
hanged -6.666566 1.6196321 -3.7114487 2.3095908 1.1200534 -5.5321712 8.183003 -0.51974136 0.08434091 -0.8414618 -0.42652348 -11.348176 -0.77910846 7.419721 -1.8905157 -1.728482 -1.5330454 3.7809234 -5.425242 -4.487893
deserted 0.54659104 -1.124715 -4.8138103 1.2829175 2.6455598 1.4082879 4.0212455 -3.3954475 -1.4883659 -3.1983323 5.3511486 -7.2241406 -1.4474655 5.748542 -5.607521 -1.0330887 -0.7454046 -0.5088632 -0.48544762 -3.6934643
diverted -2.0533183 -0.6356068 -4.1263566 0.46177435 -3.0001538 -0.8613884 -2.883192 -5.0470333 -5.361063 1.488 -0.4278283 -5.3294773 -0.21598367 4.6319137 -8.548689 1.7121775 -0.22587243 -1.9895798 4.149471 2.9897685
searched 0.5924105 -1.5822634 -3.7430348 -2.3581424 -1.1200073 -2.8780994 5.656845 -5.476926 -2.2940223 -5.3290296 -1.8477826 -4.07438 -0.79704946 3.1673727 -3.126224 2.8347588 -1.5109488 0.5949969 -1.8712425 1.5226717
bombed 0.44058117 -2.8557515 -8.760887 -0.6010934 -2.306288 -1.8968805 1.1991992 -2.7634661 -1.970755 -0.69218034 -1.4126703 -13.646619 4.474122 5.786907 -5.363375 -4.9723597 -4.111082 -2.598774 3.8188238 3.4704115
chased -2.1631029 -3.5287747 -6.1617565 -4.0743117 4.6934433 -2.936777 4.7696056 -2.0554547 -5.108723 -0.2728485 3.8827767 -9.902653 1.7675217 1.1156225 -3.2292228 1.9005007 1.9361415 0.6411123 1.227267 -4.225863
assaulted -3.1121247 -3.5831606 -4.40972 -0.0038538233 4.4516287 -3.7539427 5.686295 -1.5241113 -3.03702 -1.9056243 -2.0942852 -13.907117 -2.0250442 -0.4094801 -0.2604942 1.6799655 -2.2586908 2.18379 -0.5367632 -1.9667933
guarded 1.6738448 -3.693964 -5.6157146 1.0006139 1.0307956 1.5724925 5.870082 -5.0978684 -4.01222 1.0548415 -1.5043215 -6.641955 3.0999036 4.5211225 -4.0866675 3.3125122 -1.9952277 3.3100293 0.25978985 -0.9448477
dragged -1.1970347 0.13500898 -2.8673503 -1.4298729 1.770936 -3.5598445 4.9638524 -2.7071505 -4.8701134 -1.6326885 1.4669015 -9.76828 0.695247 4.1533513 -4.532724 3.0497766 1.8867248 3.1030583 2.0152652 -2.3722806
waited -1.1663599 -1.8409669 -2.9157832 -0.31991595 2.3479245 -5.3157997 2.267266 -2.1451914 -2.0192277 -5.787127 2.3354034 -6.906159 -0.9813446 5.1216154 -3.4599712 2.0409896 5.2640004 0.8421446 1.6879208 0.49758682
boarded -3.2856028 -1.3760601 -8.0589 -0.65630347 0.35025308 -4.119695 3.234206 -4.334676 -4.4620004 -4.014176 1.590754 -6.8493705 3.3803258 5.554859 -1.3222848 -0.99577916 0.77369094 -2.4348066 0.5651541 2.414093
recaptured -2.3110416 -3.9908528 -7.015492 0.20662431 1.8006705 -4.5435133 0.53387666 -2.3989885 -0.6512292 2.8573227 3.0603728 -12.135998 2.73656 6.827513 -5.2289267 -2.813054 -0.41374117 -1.950981 -1.4600694 0.017564664
hid -1.0529757 -0.6467186 -2.6519797 -2.9652946 1.9946213 -0.3359188 7.163592 -4.409287 -3.993286 -3.0281174 1.7641002 -6.8209343 1.426838 4.8078785 -3.1027777 0.97942823 -1.1978748 4.106448 -1.3960285 -0.79401267
spared -1.0457298 -0.55720013 -0.8502037 -0.7561178 1.0120627 1.3364934 2.0667617 -3.0704465 1.3919626 -1.3982733 2.8321614 -8.795169 -2.3380227 6.75639 -5.708129 3.4366066 0.93686646 1.6206645 -0.99320084 -0.3963981
injuring -2.4597652 0.64154184 -4.9683213 -2.0789537 1.5597107 -4.5978055 5.493781 -4.7539735 -4.248889 -0.059955683 -2.8520637 -17.009861 -2.7660036 0.1797762 0.662771 -0.42663 1.4585022 0.90678704 3.9349358 -3.588374
ambushed -0.06661733 -7.1334724 -6.800265 -0.39821705 5.855811 -3.9848602 6.00839 -1.6469833 -6.2829037 0.9849648 2.4803357 -12.2849 1.5006822 1.4723736 -3.7611437 0.23169897 -1.8676838 -0.12494926 -0.82086366 -2.1129
interned -2.243488 -1.5662842 -5.8558555 0.19336459 1.1708347 -1.2671294 -0.15820695 -3.7818358 3.150833 -3.3447583 1.0628843 -9.252908 2.3182728 2.4009764 0.23480342 -1.2550801 -4.4926624 -1.2071893 -2.9402342 7.133523
wiped 2.1325417 -0.6106487 -2.74061 -2.2551575 -0.20101514 -2.6947253 1.5056963 -5.052457 1.5911127 -0.14067712 0.7153829 -7.492074 -0.20796156 1.836809 -8.283201 1.5545019 -1.9652781 1.5252012 1.0038342 -2.040862
perished -0.97812676 -0.016448779 -4.6483917 -1.6347909 0.3187806 -0.56203026 5.144104 -6.1565213 4.2804604 -1.0254242 2.0381556 -10.751553 1.3489714 4.0160084 -4.343567 -1.3124151 -0.53514487 -0.8271337 -2.4371042 0.37791148
mobilized 2.9786627 -3.7890518 -5.6238217 4.020817 1.210437 -1.8097492 -0.94042385 -3.0092347 2.003225 0.8376019 -1.4832575 -8.569861 -0.2450373 2.4541955 -1.3780415 2.998369 -3.6157966 0.3945128 2.127322 6.1917243
escorting -2.1751313 -4.7962728 -7.519346 -2.3767486 1.3439684 -4.2293324 3.0592978 -4.177955 -0.674205 1.0034003 2.8244278 -7.7053833 2.8139 2.9246337 -2.1102645 -1.2930688 -0.33101386 -6.096972 1.2821589 3.6267514
stricken -3.1615324 2.4636576 -3.7036736 -0.43577528 -2.167603 -5.134922 3.164066 -6.9675307 2.8654988 0.48565426 0.7368095 -7.102015 0.97410583 3.8139503 -2.5381522 2.6741269 2.057447 -3.3273015 -3.2404494 3.6100385
repulsed -0.69270474 -6.198756 -2.5770423 3.0184488 3.9206204 -2.0615785 2.2757213 -0.44467285 -0.27883437 4.393773 2.6335714 -13.513535 2.8944974 5.224351 -6.232189 0.048315797 -1.219047 -2.0953302 3.4975803 -2.8563862
looted 2.6619177 0.9427847 -6.9980206 -2.8440785 -2.0349317 2.2243915 5.188058 -3.9912326 -0.7320391 -0.6712565 2.9561925 -8.735381 -1.3156534 12.110907 -3.402081 -2.6223047 -6.341703 2.448692 -2.5439725 -0.29275146
overrun 2.9265451 -3.3980951 -4.107988 -0.1000672 1.8910177 -1.0912251 1.3611829 -3.4731696 -1.4893793 2.3975506 2.7736537 -8.818639 0.45920086 3.7374032 -7.013851 0.9468947 -1.2445824 0.08281266 3.1137383 0.10107252
razed 4.333095 3.3276908 -3.833463 3.5471194 -2.682136 1.3249166 1.3240803 -2.4682248 -5.809079 -1.3853674 2.1797178 -9.185979 1.0863861 9.405446 -3.5210664 -0.960129 -2.831821 0.75362355 -0.29088134 -1.9016721
succumbed -5.772534 1.65153 0.066848084 -1.3311726 0.10183099 -0.20680226 -1.8200091 -4.706247 2.8424869 -0.51843095 -0.35789856 -13.471537 1.9992937 0.64143974 -4.2300587 1.3833474 1.5129138 -0.3023062 1.3426172 1.1805801
crippled -2.8352063 0.088138945 -1.9312509 -1.851684 1.4469262 0.27706724 2.8097105 -3.1018322 -0.20313819 -0.7488203 2.9620078 -7.651424 0.08432039 1.1789247 -3.1449726 3.9384444 0.07154843 -2.2390769 3.2279322 1.461123
penetrated 1.080728 -3.1386688 -2.473444 1.1764001 1.6394527 -0.2966747 1.9219164 -5.042848 -0.72327983 3.9179814 -0.19156907 -7.553551 5.28379 2.270427 -6.867443 -0.30292234 -1.6353015 2.552124 4.506874 0.22067882
repelled 0.34833527 -6.177487 -1.3530262 0.50988 3.487125 -1.1715302 1.6618638 -2.4155653 -0.30694205 4.9757514 1.8960865 -11.538322 1.8316821 3.7640884 -6.447766 0.49370146 -1.6710088 -0.047171243 2.7752473 0.3035197
slaughtered -1.1732858 -0.98423713 -5.2965946 -3.7120123 4.1310754 -0.6313891 6.5167756 -6.449842 1.4163556 0.597695 3.9940553 -7.2087317 -2.4597776 4.353335 -3.8368738 -0.99075824 -1.6173508 5.696785 -1.6536149 -1.0164862
patrolled 1.5148348 -3.319728 -11.894386 2.6984391 -0.5971579 -3.689873 2.2740068 -5.627486 -3.386172 2.6130707 -0.5516593 -8.073288 3.4876065 0.12487757 -4.9509993 -1.0130956 -1.7224609 -4.0393796 1.1835783 2.337578
bombarded 0.45090848 -5.0673995 -5.325444 -0.5525469 -0.78539956 -1.1546096 1.294319 -3.965564 -2.0135963 2.583308 -0.62105906 -11.965829 5.7462764 4.0050225 -6.854576 -3.0634065 -3.6061032 -3.3929617 2.6732533 2.7296376
encircled 3.6992137 -2.4333131 -3.3312566 3.6296751 1.8444601 0.1330321 3.0636086 -3.542212 -3.699674 4.9342675 0.515979 -7.14692 5.5947437 4.8790727 -3.2709057 -2.4431756 0.1450156 4.218883 2.7238252 -1.7968485
vicksburg 1.8052462 0.61947906 -3.5309 9.337801 1.8546126 -7.367023 3.6119132 -1.0178175 -2.2469814 0.40354866 5.357398 -7.2632227 1.5686185 0.9717848 -4.9293957 3.6232865 0.06557201 -5.6563993 -2.3776443 3.6913111
await -0.028691394 -1.4702904 -2.212591 0.0018685618 -0.22438428 -2.8171105 2.6774943 -2.5144238 -1.7906157 -3.0468788 1.0207144 -5.440715 -0.43340206 4.765335 -5.7727733 3.8534758 3.9360812 0.8609637 -1.5139128 3.3229384
extinguished -0.475251 1.5515074 -1.9898516 -0.2918149 -1.3826888 -2.592626 1.4491851 -4.0856066 -0.73097485 1.1919049 0.2868904 -6.2140737 0.84568924 6.101513 -5.822599 1.220729 0.05340673 3.557605 0.71020377 0.75367063
retook -1.0545125 -5.2563324 -2.7455268 2.2911458 2.8477318 -4.138361 -5.1373987 -0.40530616 -2.7504969 3.8349025 1.1894432 -12.253436 2.4105477 5.219951 -3.9471278 0.15723585 0.040425777 -0.38112506 1.0207518 -1.0290741
disintegrated 1.8396021 -1.9550856 0.0624913 -0.08422427 0.8069679 -2.0940266 -0.6160362 -2.4268858 0.79319876 1.757506 1.2499591 -7.614218 2.6711798 4.029052 -4.9751034 -0.5543919 -2.5705388 0.84240437 3.2446277 0.7980106
disarmed 1.1475172 -3.116863 -2.6358063 1.0280621 2.5418353 -4.392679 5.4106913 -2.0191236 -0.9842347 1.7260612 2.755974 -7.450707 -0.44313568 7.240988 -1.297079 0.7257994 -2.7284992 -0.2438644 0.7937235 1.9688251
engulfed 1.6215708 1.6372445 -2.58077 -0.5860651 -1.0097015 1.2050408 0.7551596 -3.1104383 -2.2501137 0.6746551 1.0465584 -9.565157 2.5463502 0.76659614 -7.8006616 -0.04910735 -2.327962 1.8837677 2.3654997 -0.08456441
mobilised -0.3850719 -4.5386353 -5.9245377 3.5230267 -0.2806511 -0.5742623 -1.22702 -1.8926502 1.6745316 0.55831635 -2.8291988 -7.7384963 1.4599527 6.0351124 -1.8266853 1.3291694 -2.4726303 0.12394475 4.672905 3.4348469
raged 1.5836045 -0.7363234 -3.6823292 2.4950635 -0.7592448 -0.036625974 1.1857079 -1.2020024 3.4231555 0.331304 0.024420103 -10.479455 0.95218825 2.3123229 -7.830836 0.27864766 -1.2929808 0.05639561 1.0928493 -1.539995
demobilized 0.7772308 -2.3661208 -3.851966 4.0162487 0.86337745 -3.4905486 -0.30106732 -3.28851 4.4414334 -0.4305172 0.97995764 -9.456595 3.4362187 2.9073274 0.67284954 -1.0944861 -2.955957 -3.7121835 0.8015478 8.301258
redeployed 0.6201076 -5.299993 -5.1988006 3.6545632 0.054883227 -3.9887233 -1.9148037 -2.8072991 -0.9563415 3.9961157 -1.6926302 -7.7611613 4.03665 2.7138572 -3.168308 -2.1097765 -1.123822 -2.9579175 4.314423 5.8014693
hurried -1.5867066 -1.4835318 -0.55451256 0.98263323 0.97023606 -1.3199524 1.7054553 -0.11613718 -1.3552816 -2.3324208 2.5039682 -5.7935133 0.5582993 5.5129995 -4.828994 1.8057708 1.9648504 -0.15933369 1.573127 1.2397486
paraded 1.8700851 -1.6499251 -9.449291 0.19134057 1.2064714 -0.63999027 3.8435037 0.38800243 -3.6644056 -3.0072773 -1.4307138 -8.252052 2.7434287 3.9039133 -0.4473156 -0.02324932 1.1642156 6.6949906 -0.90507716 -2.467498
withstood 0.102975175 -1.7610768 -0.8761808 0.18287654 -1.1333774 0.42137954 -0.82951856 -2.553992 1.494986 3.2282588 -1.2566743 -9.230192 2.9799154 3.7141418 -5.167003 3.025674 0.14348903 -0.32790226 3.230899 -1.9958405
retaken -0.33664817 -4.4228516 -3.1045833 1.7567312 1.4688435 -1.8877382 -1.9382374 -0.8997411 -0.470427 4.145278 1.6600021 -10.49066 1.2006917 7.3369236 -4.709346 -2.0094292 -1.1042181 0.0952337 -0.80522764 -0.5215498
reoccupied 1.6148251 -2.4256272 -3.69194 3.6148298 0.14731778 0.108111836 -1.2578225 -3.7109578 -0.76138383 1.8632377 2.0988913 -9.300717 2.3656912 7.344971 -4.8364367 -2.5140586 -3.371325 -1.6986431 -0.52266276 -0.115852095
ferrying 0.23759197 -3.1374357 -7.4579177 -0.68336934 -0.302081 -0.7678174 2.409945 -4.7711616 -1.8506606 0.19193535 0.65535015 -4.1717944 1.7714177 2.1518633 -0.3048491 -0.4549257 -0.8700412 -4.75125 3.262067 4.549165
commandeered -1.3590672 -2.767892 -6.999303 -0.6768539 0.22515246 -1.388877 3.0716276 -2.9054406 -3.8998976 -1.6929257 0.45315504 -5.373387 2.619193 5.030863 -0.15733047 2.3704603 -3.7736864 -2.3748858 1.271381 1.3162596
mutinied -2.8842523 -6.046514 -4.302458 1.4008769 4.1431093 -1.6324406 2.6152918 -1.675178 0.98334914 2.3894613 2.6929955 -7.7839265 -1.3889159 5.8179455 -1.8040687 -0.9667495 -1.5992383 -1.8279072 0.6444286 1.7513497
parachuted -0.97168684 -4.491763 -4.230307 -1.2956896 1.5930232 -1.8484167 2.1293294 -2.622341 -2.0151618 2.6926224 0.043734834 -7.8409624 4.189554 2.2900133 0.4948302 -1.5356528 -0.6050773 -2.1563683 2.19207 5.044706
disembark -0.91871965 -3.1516006 -4.7807393 -2.2290385 0.98093235 -2.2159564 1.9872295 -4.10412 -6.534272 -2.0403776 2.0595493 -4.7401147 -1.9299475 4.8816833 -3.6606417 1.330358 3.1838202 -0.633778 1.2004588 3.7819653
readied 0.03694107 -2.5171764 -2.2425854 -1.3935285 -1.0664907 -2.7091093 1.9275106 -2.5203176 -1.9958105 0.15905744 -0.6875322 -4.662331 1.9957111 3.8352387 -2.5337498 0.9242179 0.01007764 -1.3597336 1.8474308 3.0407445
invalided -7.7046194 1.1673609 -5.2119637 2.008536 1.0848172 -0.8690095 1.4173994 -2.5180664 3.9063156 0.09677147 2.4079006 -9.559513 2.8339071 3.3013465 -0.407163 0.21688622 1.3688734 -2.964142 2.8714073 4.244289
mauled -2.9061656 -1.6105818 -2.2731528 -1.228534 3.404138 -1.2308015 4.7144456 -1.9501452 -1.4838516 4.0849547 2.3001163 -9.472712 2.7510397 -0.045426235 -1.4378426 1.1287904 -0.40713736 -0.72240937 1.4287326 -2.6536672
wintered -3.045258 0.19267724 -4.623792 1.3342553 1.4795448 0.5693531 -0.47503802 -4.6745157 0.010523583 1.2877259 3.894247 -4.2225876 4.4489202 0.4839924 -3.1575963 -0.77757645 -1.3812444 -2.2640793 -1.8879651 0.6201706
gassed -2.0361094 0.787297 0.3463706 -1.1699834 0.6487677 -0.7613921 5.0811057 -3.6110325 0.8796545 -1.2304844 1.3498871 -8.039535 1.9465724 3.3405252 -0.5632053 -1.8729911 -0.8015583 -0.0949204 0.31382528 3.55875
rioted 1.196254 0.6289438 -4.380497 0.537405 0.65716296 -0.06929676 0.44750455 -0.5409762 -1.9606801 -0.8556146 -0.6727934 -8.742311 -2.8852763 1.902043 -1.3976725 -1.2323605 -2.81884 3.9895675 0.4694974 -0.5215414
resupplied -0.2690996 -2.5317197 -2.8260193 -0.39978144 0.5539067 -1.4534128 2.3157868 -4.3789964 -1.9404429 2.9677086 2.2073953 -3.820507 1.3458169 4.4462852 -3.4421089 -0.46284565 0.017008288 -2.1996908 3.3257492 3.0477655