Centroid_157 4.621338239062504 -0.4309308851875 2.5267264909843745 -1.386875571640625 -1.603789395539063 -1.7015589917421872 3.9819117933906254 -1.8109044575078135 0.3050755372968752 2.089938576382812 2.403138759617188 2.4538789056562513 3.995495599140626 -2.4804174195234383 -4.218881856093749 -0.6955056607812501 3.9096021449375 -1.9294118566718736 -0.07056656035937497 2.5106753921275002
earth 7.0512204 2.1457613 1.9011613 -1.5525267 -0.480863 -0.32169184 7.9411526 -1.6821129 -0.66112447 0.5235337 7.319343 3.248927 1.7361239 -1.8736912 -9.524228 1.7801334 7.779528 0.9738631 -0.047153734 3.762877
sun 1.5678582 0.36550215 -0.7099019 0.9029678 1.3482388 -4.307074 3.8816059 1.4457678 -0.86139834 -0.96814555 4.800554 5.112465 3.5632799 -4.095304 -6.9878006 -1.5182168 7.332173 2.82195 0.2697101 3.6205752
discovery 3.0983806 3.6105604 2.546977 -1.1801627 -5.0181327 -1.2547243 3.7710395 -3.0905845 4.0612597 1.0665755 2.4964395 2.8135326 2.4790258 -1.9716576 -5.2062497 0.6480555 -0.5366163 -5.387353 -2.4083402 3.7333522
moon 1.7153385 1.2292488 0.40461054 -2.4712353 0.0543955 -3.6462414 7.4933634 1.6481303 -0.4217558 -1.4061238 5.479898 3.2165928 6.647515 -3.633455 -6.7967143 -1.9506081 8.429585 0.97982854 -0.50585306 1.5595742
planet 7.6063414 0.8055097 1.6948549 -4.522178 -1.4409809 -2.431006 9.240266 0.05208225 -0.25971624 1.9367667 6.4321585 2.9289618 1.8382298 -5.2974105 -8.048298 0.17072254 5.4641123 -1.8364645 -1.829904 3.0575721
universe 9.651561 -1.1527036 3.8144789 -2.3101087 -0.8133497 -1.3239557 6.2562237 5.0493364 1.3976278 1.1290185 5.440859 7.23222 0.716851 -5.0594816 -7.3712544 4.8078685 6.5795455 0.4856842 -2.4321842 0.43742433
mars 5.403755 0.42269298 2.275152 -4.08741 -2.438353 -1.2036695 5.1904306 -0.89701694 -0.9666936 -1.6302397 4.824414 2.0323687 6.0613294 -3.6942272 -6.102085 1.0877091 4.663965 -4.2639546 -1.2858564 3.8634264
cloud 4.293778 3.267568 0.76300883 -0.8403261 -3.061862 -3.5371852 5.3592267 -1.4841231 -5.1156607 2.7009878 1.175515 5.131697 2.093365 -4.902437 -3.8475084 -0.35323766 1.5421231 -0.5240673 2.5089798 4.1368775
arc 5.3049674 -0.15587123 3.590486 0.13801125 -2.909666 -2.3086045 4.9205785 1.9370686 -2.1111536 1.8464513 1.9437313 1.3428867 5.326013 -1.929113 -5.2067137 -0.2983434 5.880438 -3.8703198 1.0880897 -1.9534967
galaxy 10.12765 -1.0222034 1.8519467 -3.1687376 -1.4512428 -5.747692 3.9234505 0.6597423 -1.9560072 2.9025292 3.62366 3.8197985 4.3269324 -5.350369 -3.903612 -0.5624517 3.8616827 -2.4427698 0.19148424 2.0673206
planets 12.206679 0.12503202 3.9286203 -1.6102073 -1.6469307 -0.6984321 8.985215 -3.730233 3.8869896 4.3630943 4.395242 2.4281564 2.5526624 -3.1235168 -6.4086733 -0.6935566 7.0842614 -1.1322682 1.0853935 2.417926
lunar 7.0271726 -0.14829975 1.4966687 0.6507415 -5.562283 -2.1349943 6.1324067 -2.8187003 2.9841278 2.5305285 0.61595756 2.8054323 5.8896627 0.11081937 -5.3145423 -2.5650935 10.735094 -3.738142 -1.4956578 5.934891
rays 3.297178 4.4284673 3.6047082 0.084566094 0.76138085 -5.6296453 4.4480333 -0.5950971 -0.6336418 4.0764947 3.903465 0.33145735 5.5455933 -8.287456 -1.3165551 0.868805 4.601322 -0.21057416 2.6295192 0.6706226
earths 9.884618 1.8680098 4.993875 -0.5455368 -2.7116404 -0.6304909 3.5370717 -3.376826 1.4517102 6.0259733 5.375179 1.8481685 2.9304335 -2.9991584 -11.322054 1.6066879 6.658744 -0.73393524 2.7521887 3.5021975
polar 4.559409 -0.8300844 0.12988533 -1.0328909 0.9304093 -0.23010667 1.581512 -5.0032067 0.33018175 4.288739 4.445676 5.0362067 5.6587424 -4.7620535 -3.1097476 1.1862067 2.597781 -1.0679256 1.4307642 4.2227583
asteroid 7.25095 -0.97193235 4.7203546 0.61195177 -0.6581281 -1.4946374 5.472242 -7.224482 2.603786 7.5677085 5.4510016 4.2300234 8.581504 -3.5347886 -3.5814474 -3.6486328 7.686239 -2.207813 -5.564896 7.3819513
atlas 4.2551565 -1.2487758 0.2550561 -1.8376515 -3.2893825 -1.5083838 1.1666417 -0.11228363 1.1820107 2.8572328 1.8079063 5.0828867 5.5034513 -1.7218508 -1.8515348 -1.5430359 -0.7994664 -5.12128 -1.4510658 2.3898387
horizon 4.9359336 1.72007 -0.09095938 0.6271303 -2.5607326 -2.2416024 0.6894978 1.1278539 -1.3189543 1.7535448 2.3404438 4.118183 3.1004603 -3.3032935 -5.7059174 0.8245324 3.7467558 -1.0344416 3.2566006 1.3334138
venus 2.931628 1.2848853 3.012109 -5.3709764 -1.1786314 0.6486016 5.4053926 0.13211304 0.32523012 0.63493747 4.901539 1.7945696 6.906492 -1.4188404 -3.14607 -1.1757903 7.188582 0.658919 -3.8806825 1.0644339
clouds 3.1150553 4.305796 2.2173831 -1.1194544 -0.7403685 -1.2511588 6.9550185 -1.3597071 -0.079364285 3.089706 5.017841 1.8528862 5.360914 -4.1931195 -8.56745 -3.4527378 4.466395 2.0296214 5.2537427 1.0885925
jupiter 5.290579 -0.4374319 2.5803554 -1.9796673 -1.4985803 -2.0521796 5.3971553 -2.4631488 0.066840984 2.318266 4.340167 2.1611423 6.936128 0.04828817 -4.559074 -1.849749 8.317441 -1.5386432 -2.3835776 3.3188448
suns 5.7711334 3.1893744 1.46389 1.5544683 0.08208932 -7.6482987 -0.1457898 0.13000718 -0.108572766 0.8138199 3.5446227 -0.29134613 3.074239 -5.689619 -2.6791286 0.8204124 5.789489 0.013298482 1.5439312 2.2501569
constellation 7.0007486 -3.4224548 0.13505635 0.38098752 -1.1830715 -3.974522 6.348664 -3.4523392 -0.11166484 6.308793 2.3185172 5.9033594 8.313177 -5.1445937 -4.1686907 -5.5317554 7.2707906 -2.821968 -3.1678996 4.823348
cosmic 4.103569 -0.76507646 5.8273835 -2.4721131 -1.1154268 0.42597732 5.300712 0.886285 0.2775504 1.2245365 2.2367308 3.3849928 6.9070773 -6.14717 -8.122356 3.4334683 4.1949525 1.6872357 -0.008612338 5.2459426
saturn 4.967155 -2.3372538 2.701856 -5.925786 -2.9928663 -4.69774 3.444348 2.6543276 0.5441249 4.1398096 2.1978974 3.283009 5.4538083 -1.2204157 -2.0933344 -0.29595533 5.7200747 -3.3328419 0.51214373 2.6927395
comet 2.4338589 0.84828603 3.9177184 -1.8168203 -2.3139844 -5.0752535 5.2446194 -2.2011175 1.2092186 0.45547545 5.444884 3.0881815 6.29466 -0.31018406 -5.3483815 -1.3855883 5.680238 -7.0806394 -0.19067982 2.4101112
planetary 7.7850966 -2.8226717 3.6162534 1.4335992 -3.2909796 0.4818781 4.160533 -3.5566368 1.6465056 3.3859956 -0.42586714 4.1869097 5.4838595 -3.8674705 -5.466682 4.1565723 4.463021 -3.1899571 0.28555465 6.5415688
infinity 6.3531055 -1.6930646 5.1984415 -2.7981784 -1.5701386 -4.1072993 2.2639773 2.25918 -3.3294654 0.035819247 1.5644304 6.0642443 1.7795038 -2.3004196 -4.5831075 3.236635 4.432542 0.41537383 0.38139132 -1.004402
titan 5.137717 -1.0055583 0.30307028 -5.2451725 -2.0818179 -4.685108 3.5884314 1.0217322 -0.9825345 3.966187 4.113981 1.6820121 5.4517307 -1.0822873 -1.1894848 1.4047768 1.3848841 -4.740555 -0.23942368 3.6015997
galaxies 12.85886 0.4581871 5.676691 0.63302207 -1.7263204 -1.681795 7.2787175 -6.001332 2.830368 1.7765803 2.2304785 3.9470353 4.363359 -6.9674788 -4.522951 -3.4580858 4.007088 -2.7751076 2.5206504 0.749009
moons 6.241061 1.4881645 3.9809644 -1.096969 -1.5576651 -1.3119414 6.737769 -2.650852 1.8253244 1.8617731 3.1894982 0.9845338 5.945871 -2.3886561 -5.716525 -2.894837 7.594555 -0.10460205 0.021505456 -0.10670807
orion 2.3042364 -2.0034032 -1.057505 -3.517433 -2.2525368 -3.9077635 3.641017 0.010750823 -2.0449774 0.23934294 2.188896 4.115678 5.4301248 -1.0618132 -1.8066438 0.44208595 0.37061816 -4.61744 -1.5111686 3.681221
asteroids 11.368841 0.18644892 4.372946 -1.9602438 -1.4918503 -0.75823104 5.7180185 -8.474009 4.2622004 3.6852648 4.7874103 3.7272317 5.5069017 -2.0497642 -1.8900512 -2.5965586 5.3790827 -2.9145288 -0.7800262 2.0151932
neptune 2.6438808 -0.087964505 -0.35728407 -0.8739858 -1.6330271 -1.1789361 3.75962 -2.0441034 -1.9304761 0.97585195 4.124417 2.094525 6.0961523 0.90587074 -4.1093826 -0.08335355 4.8208756 -3.0129623 -2.1372628 2.0377471
galactic 9.180459 -3.7451422 0.018460326 -0.12711048 0.0447418 -1.7852236 4.5844846 -0.13414466 0.023072403 1.8564814 3.0872445 1.7420937 4.85319 -3.3727808 -7.1603084 4.097914 1.3243637 -0.65988874 -1.3803239 4.7752004
martian 4.5581336 0.29533136 2.2165604 -3.730604 -1.4982048 -0.8099393 6.652616 -2.1490476 0.09595664 0.7988963 4.6394405 1.0846137 5.367944 -4.0334053 -7.5820274 3.83174 2.8013828 -2.8687975 -0.97912914 1.623096
meteor 1.6181244 1.8837183 -0.45360768 -4.139152 -2.7042222 -3.756642 5.1118946 -0.5684787 0.27379635 2.435001 3.9162598 1.3776026 5.686546 -1.9121891 -3.491063 -2.9967642 4.685737 -4.290795 2.77538 3.8834727
milky 7.048127 -1.7403532 2.1128757 -3.5204766 0.42062452 -0.42979318 4.2123203 -6.694327 -2.6126986 -1.0672225 2.3858018 3.330324 5.6603904 -6.508499 -10.640007 0.38034922 5.2691984 4.494819 0.6947355 0.8714781
orbiting 7.915185 -2.2495384 2.8048666 -1.4016792 -2.7352777 -4.203525 7.271148 -6.550766 -1.1582617 3.0396686 0.8723678 0.7899799 6.079268 -3.8872166 -6.16809 -1.9568061 8.192516 -2.999311 0.326481 6.0953403
elemental 4.872851 -0.007447228 4.953547 -4.8178825 -1.1928707 1.6104549 4.526484 -1.5556278 1.138222 4.4583626 2.0203588 2.4917772 4.468745 -0.5150476 -3.8422966 2.8940856 1.009266 4.1896396 0.12506095 2.4988165
interstellar 6.1329584 -1.3323842 2.5885298 -2.6738358 -1.8361021 0.19821803 4.6807394 -1.9683697 0.86774474 1.4293038 4.404847 3.7743044 3.7972813 -3.4310615 -8.780951 2.631934 1.5196095 -3.4450414 2.8947477 5.9672956
voyager 3.588851 -1.2688524 0.243413 -3.387217 -2.7935376 -4.3564973 4.7876754 0.31294352 -0.26966873 -1.2327305 3.489661 3.5877976 5.375773 -0.8130472 -2.726641 -0.11904053 4.4383945 -6.7866416 0.8848599 3.4573846
probes 5.34194 -0.098847106 5.319321 -1.0884655 -2.594754 -1.9763693 8.1922655 -3.5446746 -0.06928539 1.9179196 0.05331793 1.6829127 2.1437185 -1.2571858 -1.6916665 0.1763972 1.4817907 -3.273644 3.518625 6.4350805
vortex 3.3882391 0.4790956 5.6364126 -0.6083127 -0.5419062 -1.7741877 4.1208115 0.8309898 -4.163961 1.9871624 3.5031483 2.3692834 4.91976 -3.2974727 -5.212013 0.7276552 2.346292 -2.0691342 4.6388936 1.7511619
pluto 2.9510796 -0.37200782 2.1605017 -3.0825946 -0.99424875 -2.4878788 6.4836273 -1.0926327 -1.0536548 0.3964324 4.0078425 2.8610897 3.8477962 -1.6800325 -5.75236 0.7513503 4.8793015 -1.3891394 -2.2523596 1.9367423
supernova 7.4965343 -1.2823402 7.5464363 -3.6424446 -1.2127364 -4.5064554 4.477169 -1.2289448 3.254439 3.821185 4.3920197 1.0680982 5.6538353 -4.028575 -6.159251 -4.3713074 3.9741528 -4.0232363 0.34505096 3.02663
quake 6.973294 1.8783265 1.0721469 -3.7901378 -4.728897 -4.27613 3.1315925 2.350424 -0.8213976 3.597742 1.4875501 -2.597793 -0.6395289 -0.41964132 -5.0841246 -1.0679058 1.6691624 -3.388543 1.0588014 0.09096229
luminous 2.0922308 1.0074463 4.201683 -1.330983 -1.7177571 0.36781475 4.4782643 -2.7673507 2.5562592 1.8749374 0.17294876 5.2331195 7.3995147 -4.6033716 -6.0348806 -2.0844238 5.016817 2.772538 3.745626 -0.881439
lander 2.0516624 -0.100888975 2.1364088 -1.0020384 -1.8449137 -3.0454524 3.3407516 -1.4254353 -3.4968686 0.16939828 2.9491055 2.2324843 5.43988 -1.4833539 -0.43989733 1.0500293 3.7226226 -6.036159 -0.7328719 5.5553594
plume 0.9062378 0.99347734 2.7586699 -1.4065745 -0.93560565 -0.8198314 4.1464324 -2.208637 -1.3120427 4.789269 3.7313821 3.2863684 5.3412633 -1.4997665 -4.5652742 -2.3733819 -0.11151611 -1.8904482 -1.1385187 -0.28234342
brightest 3.7471125 -2.5871925 -0.81874466 -0.9385331 1.116724 -0.91132736 2.443876 -0.5276975 4.933153 -0.62537056 0.060105316 3.3038843 4.59627 -6.913931 -2.4418538 0.8719265 6.079892 1.9254689 0.48689792 -0.41536784
meteorite 3.5728936 6.352166 3.5386791 -1.5890951 -3.4370484 -1.4721475 4.1577277 -5.3622003 1.5697105 5.058544 6.964061 1.8722835 3.7414477 -1.070632 -5.583606 -3.7091858 1.7596622 -4.3695817 -3.8100069 1.1684688
orbiter 5.734503 0.46694827 3.1312873 -1.8873305 -5.7497673 -3.6137679 6.7946334 -1.6768559 -2.7853875 2.523868 1.7663285 1.6733726 5.105797 0.35202312 -2.4745018 -1.6101567 6.559516 -7.424786 2.7459924 9.876294
ova 4.7846346 -3.6667545 1.8581746 -7.384183 -0.9262643 -2.1440876 7.256782 1.0642319 1.501979 2.3764684 0.41404074 0.064824544 1.4845914 -3.038142 -1.9569747 -7.4584575 4.0664086 -0.24105582 -0.48108983 0.34913537
primordial 5.5550046 -0.895157 5.9666433 -1.958123 0.95656115 3.6274636 3.385807 -2.7278807 2.515401 4.087875 3.5377245 2.6160004 3.3711474 -2.7003145 -7.074669 0.752146 3.0331373 5.5109186 -2.3967655 1.8130116
triton 1.7318369 -0.24090675 -0.7990749 -3.5418477 -1.0071467 -2.4722004 3.1745186 -1.7709173 -2.3803766 1.0951076 4.0744233 2.8625958 4.4114056 0.301551 -1.1318176 0.14951284 2.643009 -3.06066 -1.1904719 3.0444753
eclipses 7.8698754 1.12683 4.1735682 -0.87886596 -6.120607 -0.9523593 5.1374316 -3.4650493 8.151866 3.3491476 -0.16870975 2.2983122 1.3828237 -0.083317935 -4.88519 -5.65081 9.548187 -3.457904 -0.44685027 -0.14279823
astral 5.093366 -1.2000284 2.4959645 -3.0035555 -1.3220146 -0.36484116 4.853918 0.93924576 -2.4972198 -2.4423883 1.7856318 2.0261927 3.1796238 -1.8004482 -5.4697638 0.7256189 1.9534867 1.1075678 -1.063266 3.0608745
constellations 8.009078 -2.687853 0.23671857 0.9618787 -0.71496797 -1.063613 6.7342496 -1.3596897 3.7182472 2.8285928 1.0782527 6.0556054 6.1463656 -2.513462 -1.3982762 -3.640984 4.9506845 -0.6148571 -1.0505751 -0.039291225
andromeda 3.1356766 -1.2918936 2.5681527 -3.6632884 -0.56758046 -1.8383884 5.7867846 -0.3598092 0.76438034 1.409127 4.006669 1.1541954 5.2246013 -2.8048089 -4.6005583 -0.5184545 3.4680483 -2.8995895 -2.5223887 1.1866163
equinox 4.706494 2.3382962 0.9511663 -0.60343605 -3.4573312 -2.8919218 0.8660348 -1.3093258 0.79388094 0.14213346 1.04321 3.0971704 3.6358268 -1.9862014 -5.175455 -4.361825 8.176164 1.7699993 -2.6549065 3.2342627
uranus 4.550017 -1.2748599 3.896923 -1.5711374 -0.28306127 -0.8651876 5.3982472 -1.8404635 1.1926997 3.1126678 5.2380385 0.95141166 6.6723228 -0.536103 -5.5114856 -1.2514939 6.108675 -1.9349557 -1.7691556 3.6236405
centauri 6.2042046 -6.81339 2.8711507 -2.375272 1.7913843 -3.8728411 5.292636 -1.1414953 -0.20375471 3.508491 3.0973063 1.9328774 2.0066705 -2.6338842 -4.3545866 1.0793333 4.7167754 -1.8806568 -3.2799826 5.2043467
sputnik 4.2607565 -1.8919383 1.7865822 -1.1346543 -2.7643032 -2.6659791 2.8250723 4.6111736 1.9510262 0.6951348 0.84704775 0.42960396 3.6648982 -2.8192594 -4.136467 -2.772722 -0.8418227 -2.9966948 2.4346886 8.737936
apogee 4.6034613 -2.1994963 1.9363148 -2.461434 -2.7487376 -1.3535933 -1.9992825 0.29315796 0.71876967 0.16588035 2.8388512 3.4810138 2.3936298 1.5782279 -4.018477 -1.5320697 5.208569 -4.080196 2.1718736 3.611403
interplanetary 4.9979434 -2.7350688 -0.7784944 -1.79031 -3.2284398 1.2906961 5.243966 -0.92046547 0.117769375 0.04428014 1.4418337 2.6505747 3.0144868 -1.7416238 -5.5386453 3.1083708 1.7990752 -4.6963663 1.1811718 6.7783895
aquarius 1.662877 1.1607746 -0.57730216 -2.5238528 -2.5404255 -2.0130496 1.9714612 -0.935306 0.2878118 -0.43286324 1.5349591 2.4304693 4.9057055 -3.1444309 -3.1042333 -1.7064332 2.958004 -0.6552373 -1.9842128 4.3529377
collider 6.2133965 3.1980362 6.9053254 -1.157589 -5.3442035 -3.2066534 -0.13099667 1.8950722 -0.6569539 1.0496994 0.92055535 2.13037 4.864734 -3.9576309 -1.8335662 1.0508082 1.0801699 -5.088957 2.1714742 3.7506728
pulsar 3.5152352 -3.0689158 3.5346324 -3.9972293 -1.9051223 -4.569931 0.8474766 -1.7934012 0.20293775 2.438012 1.4478354 5.8550124 4.681949 -3.3593512 -2.4534917 -2.5553346 2.4151568 -5.194715 2.298988 1.5729725
krypton 4.3695874 0.7148264 3.9411068 -5.536136 -1.6876105 -1.9582771 5.43258 0.11151503 0.20203857 1.5894536 5.331342 0.27609536 3.0386016 -0.9326001 -5.515602 1.3787652 0.64889324 -2.1135378 -1.679726 2.6602457
flyby 5.025453 -0.034813445 4.5192995 -1.5325985 -5.2065253 -3.3053107 5.3935223 -0.52798194 -0.015061965 1.9740385 1.2896503 -0.15949555 4.24307 0.44685686 -5.0517774 -1.9749908 8.63556 -5.268215 -0.2117222 7.4256644
antimatter 4.807034 -0.035410058 6.072955 -3.729898 -0.7046073 -2.9986665 4.7306805 -1.3949604 -0.60818917 2.4030838 4.9785132 0.8376611 2.9589047 -0.40946794 -6.792768 3.775079 1.1044742 -0.6815719 0.05520095 3.7923124
stratosphere 3.0261853 3.1169693 2.8232675 -2.626081 -2.2212725 -1.8970205 0.4538783 -2.6679795 -0.8788823 1.9180862 3.3214958 1.4615017 2.115552 -2.5929244 -4.799514 -2.8002443 3.9165494 -1.0088412 2.9334133 4.0402637
cygnus 4.659369 -3.015854 0.56688005 -1.4613335 -0.82968587 -3.0079114 3.3731215 -1.8600705 -2.0002747 3.1398218 1.3922274 3.3993237 5.4871917 -3.5177805 -1.6395304 -1.7212242 2.3970551 -2.62079 -1.2530246 4.7869797
imaged 3.483361 -0.38657737 4.0384684 -0.6534672 -3.8068638 -1.4984847 4.09226 -5.8177104 -0.8422469 2.288886 -4.329292 0.52306896 5.7589355 -2.5615375 -4.73276 -1.1721898 3.2131655 1.2137492 1.8596154 2.509499
exoplanet 6.0922403 -1.7100894 4.3705173 -0.6380257 -3.3037121 -4.030919 4.2917304 -4.836912 1.6926223 3.3543608 0.9161454 4.51166 2.2601337 -4.415314 -4.752192 -3.0103545 5.699965 -5.3361654 -2.5599174 4.143867
wormhole 5.1698923 -1.0183487 3.6907828 -0.31259492 -0.23295186 -2.2162294 6.92339 0.3592806 -5.9902143 -0.3117516 5.1263165 2.2156675 1.3677746 -1.1951567 -6.302819 3.55841 4.107326 -3.4752407 -0.27730155 3.0243351
quasar 4.811411 -2.2465427 3.1377645 -2.666794 -0.1022326 -3.3836207 3.9356792 0.50331783 -0.44842616 2.325434 3.6547873 2.9482615 4.2295785 -2.8389342 -3.4751387 0.6035291 1.3964189 -2.7824821 -0.43354195 2.6361227
supergiant 3.7979083 -1.4620553 2.4011996 -0.62555104 0.47343883 -4.3204613 3.6741261 -3.6118414 1.9066777 6.669087 1.8271061 4.4962015 5.8605103 -6.318985 -3.2435834 -3.4401243 5.8522406 -1.1846219 3.4013226 0.15272257
saros 6.7405396 -1.5588506 2.070284 -0.52352446 -3.9253361 -1.4434611 1.2889607 -1.3443242 4.654595 4.214214 -0.6490617 -0.55090636 1.8912983 -1.4340471 -2.3090384 -5.7368574 6.89481 -3.1909919 -1.2661703 -0.871985
exoplanets 7.3520436 -0.33354938 4.3931165 -1.4750028 -3.1456616 -2.0608845 5.57239 -4.737821 2.9878569 2.1347249 0.68594676 4.76173 0.766431 -4.4272413 -2.9926174 -1.56266 4.7944584 -4.103193 -0.8860968 2.341734
phobos 4.0737743 -1.3203683 2.7391868 -2.322087 -1.0577552 0.20721823 6.697352 -1.4624311 -0.64893275 2.1582541 3.2438443 0.44382274 4.5452437 -0.67706746 -4.3537517 0.4378912 3.6512768 -1.8986038 -1.7831081 4.0811634
ganymede 3.4150662 0.38304204 2.5408115 -2.9367623 -1.3542347 2.1060014 4.945742 -0.57879287 0.32493764 4.011108 3.612634 0.63668716 4.966429 -0.31476918 -2.6617243 0.39658248 4.0051074 -0.52177143 -3.1713536 1.973095
hyperspace 4.7191763 -3.1929972 2.0911906 -2.482554 -0.31546253 -1.1961933 6.9134398 -1.343443 -4.059656 -0.17555018 3.9891334 2.5580611 1.7862673 -0.18076067 -6.4676414 3.0517006 4.6609454 -3.7342281 1.5781145 1.5207928
charon 1.8493297 -1.5318788 2.035009 -1.8441244 -0.19882205 -0.12403073 5.002782 -1.5759625 -0.33009246 1.6651175 3.4357252 2.2198143 3.993896 0.21522309 -4.4498234 0.2888916 3.0566592 -0.79461145 -3.3124352 1.3508139
tethys 4.235843 0.1298224 0.9987939 0.3505442 -0.55473316 1.9467015 1.6525037 -4.613933 1.5360901 4.763361 4.6764283 2.4688494 4.77898 -2.5840526 -4.8561616 -2.909293 2.2629912 -2.3315003 -2.576765 0.7600354
sagittarius 3.50665 -2.2158608 1.6149169 0.37075493 -0.030966429 -1.9468465 3.435213 -1.3598149 -0.46184734 2.4693477 1.9305768 3.0053196 6.1581635 -3.6903925 -3.8339634 -2.2527497 4.2062974 -0.57270885 -2.367985 1.9023033
hadron 8.876138 2.546867 6.99098 -2.102588 -5.0512905 -0.82905257 0.019680554 -3.9364338 -0.75892043 2.0377605 1.0460377 1.991627 4.6599636 -2.3600748 -2.1823404 0.18114206 0.6226535 -3.328164 1.7676543 3.1521997
subzero 1.1036012 -1.1597779 0.09961787 -5.23921 1.2204826 -1.0977954 2.951135 -2.547775 -0.11289249 1.9425434 3.1296606 -0.7050246 1.2361643 -2.8620584 -3.9786491 0.11290312 5.3372602 0.019126894 2.623227 2.1658995
sunspot 5.050533 -0.38312623 4.663234 -2.0582445 -1.0867181 -1.6203631 2.0592415 -2.7527392 1.205456 0.82077557 2.526291 -0.49238968 1.7577938 -2.8739543 -4.4200883 -0.50223094 3.3695045 -3.1877265 0.43778548 1.4394655
supermassive 7.245787 3.0730996 0.9583364 1.4792238 -1.0982479 -4.556957 5.5134254 -5.2303247 -1.1266227 2.599528 2.085769 3.455141 5.628517 -6.9843082 -5.641049 1.3121011 2.988854 1.8091367 1.5974326 1.2754707
pulsars 3.4126859 -1.961588 5.6334386 -0.28085473 -1.1746777 -1.8420792 3.6667726 -3.897299 2.6110082 0.09458408 0.021497672 3.4327157 3.9797015 -4.607764 -3.695511 -1.6022792 3.3107996 -3.5368981 3.0122237 2.1836684
starburst 3.3467681 0.29579052 2.0920355 -0.61961645 -1.538794 -2.7151783 2.9357207 -0.099576734 0.4386937 1.2982042 0.67432237 3.658422 3.0157206 -4.590305 -2.6951747 -0.7025888 0.3316335 -1.9738152 0.9982454 -1.3021941
pleiades 3.7127867 -1.9523107 -0.24721786 0.06115116 0.3612582 0.39012876 4.4001455 -2.1496422 2.109407 0.23971187 1.2866516 3.5244823 5.101118 -3.3154914 -1.6851178 -2.9353569 4.1270432 0.50701386 -3.6867142 0.48069853
sunspots 3.268795 0.8786131 5.950427 1.3496128 -1.96926 0.10192706 3.5240126 -2.8303049 4.12888 -0.48604152 1.9507897 1.9841948 3.3744853 -1.0203619 -5.3111014 -0.6701163 3.4709506 -2.2808926 0.9952495 1.5906757
antares 2.617771 -2.6676588 1.6163579 -2.8370008 -1.7430356 -2.0466704 2.371503 -0.3815204 -0.91090167 3.0244744 1.482987 1.46983 4.4731803 -0.64088315 -1.724422 -1.6018672 2.1442723 -3.9134297 0.603275 4.486254
reanalysis 2.4903617 1.0168554 5.161841 -0.04528942 -4.4936376 -2.9062579 0.8974583 -3.195431 5.386169 2.888789 -1.0459247 2.339112 0.24185467 -2.4702234 -4.3261776 -1.1686003 1.7252958 -4.587853 -0.7448146 1.8840152
habitability 2.8512058 0.96054304 2.7414198 -0.94320565 -4.2110605 1.1380155 2.252092 -4.227599 0.23147586 3.5001664 0.14251341 2.5058753 0.21736659 -1.0173767 -4.2726846 4.0998282 3.6098127 -3.7599704 1.5721309 3.1300833
quasars 4.4848566 -1.643492 4.7282014 0.7516715 -0.7452488 -1.5217329 3.2654796 -3.6545043 3.0746567 0.44574058 1.1003581 3.768226 4.003259 -5.118101 -4.624749 -0.8710244 2.5840816 -2.9126465 1.6089501 2.228985
orbited 3.1869802 -2.1563718 1.3763856 -1.6214987 -2.763986 -2.9822297 3.7139912 -4.8654156 -0.7041789 2.457504 -1.5624659 -0.2908763 5.825927 -2.25077 -3.627959 -2.8763764 5.408377 -2.190982 -0.6122363 3.7560554
soundings 0.4602342 1.5423276 0.4261421 1.9635844 -2.8306098 -1.5559512 3.3151834 -1.5176466 2.3656006 0.4762648 1.7488762 3.0484557 1.5158172 0.19491781 -4.357935 -1.4213458 3.8538477 -4.5515013 1.8918997 1.9400754
centaurus 2.9264371 -3.2597966 -0.15279908 1.1090733 0.42903388 -1.3353595 1.5218781 -2.7337353 -0.4163171 3.9846354 1.2486621 2.7286859 6.048882 -2.3525648 -0.709199 -2.0026908 3.1128683 -2.6628463 -0.16000932 1.2709603
deimos 3.51292 -1.6723423 2.2823462 -2.7594948 -0.21970186 0.446356 6.4501414 -1.2412395 -1.6688821 0.9576746 3.6337056 -0.34133092 3.2848105 -0.9722954 -3.519226 0.09513588 3.7075 -2.0416145 -2.8362346 2.99935
oort 2.7803473 -1.1784277 5.591446 0.12427064 -0.39941478 0.35015264 1.1936778 -3.039654 0.10412541 1.4025958 2.806791 3.4261742 4.7972007 -2.3186877 -3.6619003 -0.40905285 2.5006025 -1.5122911 -1.7155521 3.607922
enceladus 5.1685925 -0.03353514 2.7290723 -1.3863212 -2.2434223 0.8927786 2.7598805 -2.6060998 0.5043706 5.117852 2.8346474 0.86917925 5.452408 -2.5415547 -4.835825 -1.348386 3.8154664 -1.9912426 -1.3225272 2.8064022
cassiopeia 1.5653803 -2.9550986 0.55843884 -1.2829298 0.9195277 -1.5379704 3.486096 -1.2037185 -0.4030316 1.865793 2.1311524 2.529022 4.2146688 -2.2668262 -2.580122 -2.2704613 3.6804237 -0.52813095 -2.708943 1.0417033
landsat 3.528855 -0.31009647 0.8036248 0.06689079 -5.316136 -1.9659145 3.9935079 -0.91998416 0.23246422 2.338197 -1.9462664 3.7598457 1.7872883 -1.256194 -3.462854 -1.8597418 1.7946721 -3.855548 0.6271512 5.054082
supergiants 3.58507 0.096934766 1.3882071 0.36687368 0.58119154 -3.2468357 1.0306957 -3.0963104 2.3569686 4.811693 1.8426286 3.0318012 3.1360428 -4.449739 -3.0671296 -2.4677908 3.8748574 0.323893 4.8142276 -1.1732962
cometary 4.0332685 -0.045797914 4.7532144 -0.9434202 -2.296273 0.032726087 2.8444757 -4.3921247 1.8115959 2.9179044 1.1869923 1.6792277 4.352453 -2.224024 -4.1365385 -0.37148768 2.3338847 -2.6970513 -0.16616498 2.0532844
gravitationally 6.090951 -0.474901 5.4889197 1.0291203 0.84971005 -2.4050236 3.66393 -3.6782148 -0.7417787 2.357373 4.1378713 3.0771146 1.6425889 -1.1120331 -4.577601 -1.1552922 3.658825 0.20162672 0.93290836 1.6387181
terraforming 4.6001472 0.11759105 1.4432364 -2.0122862 -2.218016 1.5633392 3.0969565 -1.8197908 -1.2154475 1.351887 2.4071295 0.842352 1.3986999 -1.2740704 -4.0044265 4.986393 -0.001502038 -2.5480227 -0.6976698 3.0912611
zodiacal 3.837163 -1.5735221 1.6141608 1.3300682 -1.1234056 -0.437243 3.8658175 -2.6971052 2.254348 2.2243187 -0.2695593 3.5111225 3.594072 -1.0854913 -3.7945206 -2.3367248 4.6125298 1.3484291 -0.7608464 1.1174126
cetus 1.8116314 -1.1578486 1.4114027 -0.3072975 -0.5242534 -1.5280523 2.0230308 -2.2935233 -0.759516 2.0165336 2.4383817 2.5585225 3.7183867 -1.7663239 -1.630692 -1.0444777 0.5475868 -2.8799465 -3.0328052 2.6440778
aphelion 3.4971678 -1.5162315 3.632475 0.107756466 -1.8497696 -0.1807053 0.22402437 -3.6542914 0.17049687 1.3938577 0.47680986 2.397243 2.0336242 -1.0728217 -4.0719767 -2.5766077 5.918094 -1.744409 -0.32574221 1.3606502
extragalactic 3.5497575 -2.0245771 2.6361864 0.6651345 -2.1505396 0.26247662 2.7793932 -2.683578 1.6617217 2.3141901 -0.25360635 4.3565598 3.6865616 -3.818792 -4.0832505 -0.3880589 1.8157724 -2.732465 -0.33488595 3.0755
rigel 1.6766018 -2.9507926 0.28056487 -1.3805907 -0.34514287 -1.9921798 4.545186 -0.99810785 0.17262353 2.2422202 1.6273725 2.0792918 3.8188338 -1.4402875 -1.4514784 -1.0506538 2.57647 -3.5979948 -1.4608561 1.7054687
sunlike 3.4649894 -2.803014 1.5890296 -0.604201 -0.39977935 -1.790383 2.8056314 -3.773749 0.08387872 2.6761498 0.013805043 3.17065 3.8939898 -4.8047853 -2.4161403 -1.8379358 4.892497 -1.3198613 -0.34036475 0.038335994
supercluster 6.4989524 -0.934395 2.6621907 2.6467102 -0.6792245 -0.58923924 1.1498611 -3.152313 -1.4376566 2.4068873 0.5566912 2.6359086 2.9432132 -4.361373 -2.0629966 -2.609909 2.1671202 -1.5617507 -1.7288463 0.72338086
betelgeuse 1.1917629 -1.3982599 0.80898523 -0.17978421 -0.5486843 -1.8223919 3.5060668 -2.1609006 0.4283519 2.3642058 1.274419 1.6525508 2.6584342 -1.2477359 -2.643982 -2.024751 3.5087774 -2.2597797 -0.13400096 1.3223816
venusian 2.3403509 -0.66265476 1.4785873 -1.2721217 -0.3201891 1.471969 3.0010295 -2.2761314 0.39693493 1.1675302 2.1862798 1.1526687 2.718917 -1.5392891 -3.399718 0.6427798 2.0091875 -0.7605837 -0.19026515 1.8141459
solstices 3.9278808 0.012162091 1.0463507 1.1835728 -2.228595 0.51298535 1.1792971 -2.5230381 2.0943484 1.1020991 -0.72114474 0.3837626 2.8962312 -0.576572 -4.145291 -3.0699444 6.680313 1.1144266 0.07911977 0.091430046
tidally 4.5644193 0.8984192 4.28774 -0.20230828 0.29697162 -1.3515502 3.6809156 -2.5438888 -2.770945 1.4266076 4.2479086 0.3505078 0.75773793 0.30769974 -3.7997494 -0.8932137 3.95643 -0.50865066 1.6970075 0.74429876
wormholes 3.8567772 -0.67985344 2.5786705 -0.26132295 -1.428006 0.2924479 3.4359663 -1.0067319 -1.9664997 0.38051394 1.7289624 3.3254173 2.1675885 -0.5748857 -3.5671263 2.6612062 1.5060178 -1.81123 0.7942216 1.0184854
auriga 2.4144185 -1.9154048 -0.25856125 0.2712837 0.18522163 -1.065658 3.0078743 -1.5134652 -0.15930617 2.891378 1.710445 2.2750657 3.4247646 -2.0176194 -1.3210263 -1.8243123 1.8572366 -1.4862715 -0.72563034 1.4711607
impactor 3.3588364 0.29403326 3.6126323 -0.77727914 -1.5640198 -2.0682027 1.821643 -3.0139062 -0.7975961 3.1147714 1.9063065 0.74591404 2.7036831 -0.035078984 -3.3134773 -0.61143523 2.4900777 -2.2243001 1.1981744 1.4102634
flybys 3.7207181 0.58275354 1.7505777 -1.3818091 -3.7514298 -0.5592047 4.020984 -1.4612157 1.4940223 2.4246097 -0.07749655 -0.14551036 2.254634 -0.2035218 -1.2177479 -1.8822564 4.4319015 -3.1687894 0.996909 2.5093331
serpens 2.848081 -1.5740863 1.3816577 2.0025563 0.71259934 -0.9669257 2.013695 -2.8248482 -0.009007062 3.4199998 1.1470805 2.7628748 4.345018 -2.8485603 -0.79887605 -2.986836 2.5248804 -0.50905323 -1.5509362 -0.00029477268
occultations 2.3277018 -0.7856513 2.8316793 0.6809759 -1.7111572 -0.7802754 2.56108 -2.4567375 1.5310895 1.7765348 -0.38343796 1.600008 2.7200265 -2.3637934 -2.9219213 -1.8112677 4.778219 -1.6765115 0.12933502 1.1679971