Centroid_187 -1.5505045222615386 1.3848023782076917 -4.9690131284615395 -0.9063315246615385 -1.9889833035923083 -3.6627692138461523 2.889035766007693 -2.7184504270769216 -1.3765138883076917 1.4106685680615383 4.935013052538462 1.0701991591153845 1.0108367940230767 5.063754676846156 -1.3949570393076918 -1.1003918093653846 1.2755865299000009 -6.245814317923077 3.0975692853230785 1.8968111443461544
ship -1.6109099 2.0936127 -5.2651396 -1.5204679 -0.85809165 -6.8820176 8.234132 -3.1734009 -1.8193018 3.1571667 11.092537 1.6607165 1.0961719 9.708115 -2.318294 -0.8286919 3.7337208 -9.781924 4.105293 4.8026247
port -0.7545349 2.1032376 -7.8462014 2.326016 -3.358753 -2.6535292 -2.0956414 -0.5542336 -7.8587065 6.2565145 6.229998 0.8541758 -1.712172 5.851809 -3.9669564 -2.4135802 0.23949228 -8.252093 1.675875 2.0753314
boat -0.8128985 1.629668 -8.382528 -2.8463683 0.406909 -3.2146835 6.410641 -3.7864592 -5.56131 -0.14025137 8.557539 2.829129 0.98964584 4.6561356 0.6554102 0.9078347 6.940791 -6.457585 5.667456 -0.09507399
passengers -0.42020714 2.1300652 -7.010064 -0.52785504 -1.354176 -7.429066 6.725749 -6.0455317 -5.9583006 -1.5650198 3.3089619 0.60029685 -10.510185 7.9038944 0.8769807 -4.9016776 6.552435 -5.2818236 9.748232 1.4745375
vessel -2.4532905 3.2522774 -3.3326042 -0.19603273 -2.1206896 -5.4563193 8.516372 -5.5395217 -1.5485779 6.817778 7.8790655 3.7116196 0.9182146 8.867868 -1.4940032 -0.9406021 2.4892287 -7.702119 3.3270822 5.088085
boats 1.596146 1.6454519 -8.583171 -3.3911936 -0.50721043 -2.2734973 7.4455814 -6.720358 -2.8549066 4.137468 8.495211 1.5103657 -1.1225344 7.713421 1.2518876 -1.9344535 4.0310235 -8.060198 9.596588 -1.1226152
harbor 0.111462116 6.370474 -7.8302298 4.570622 -2.2552404 -5.7472987 6.0240846 -3.8776667 -5.7479115 0.55026007 8.255345 -1.0227485 2.5976017 0.88540334 -6.450821 -2.3371234 1.4473783 -6.8185344 -0.5778806 7.091578
cargo -0.8387904 2.5720422 -6.5755215 -4.144911 -3.7195566 -6.4142175 4.2657332 -7.622081 -4.417684 5.5082817 4.9941998 1.9428484 -2.180129 7.8578234 -0.7228454 -3.6322956 0.16435668 -6.752163 5.9747643 5.4629383
ferry -2.1196513 0.19396704 -7.533228 3.446009 -1.7954819 -5.182853 1.6687765 -2.8104854 -9.505563 -2.6683002 5.361507 3.744739 -1.047028 5.090085 -4.733466 -3.8151584 1.1050575 -8.603212 2.652352 -0.14543043
shipping -0.7618645 1.0571193 -7.6615114 -1.0455731 -3.5509663 -2.468695 -0.17529278 -4.2881293 -2.007671 3.594717 5.3832436 3.813718 -3.5779262 6.6048207 -4.198499 0.38121706 -6.5105605 -7.710895 5.887374 4.5346556
aboard -3.4219751 -1.3458747 -7.712622 -2.4787116 0.31534496 -6.9496765 7.3708305 -3.2197335 -0.97695994 -2.0750194 7.022894 -1.9280901 3.183814 3.791759 -1.4143945 1.0308309 4.1853776 -9.394006 -0.10238817 6.116078
sailing -0.6287234 0.07797354 -11.211383 -3.224581 -1.0631961 0.5145 0.003991921 -3.5680115 0.22571456 0.4695084 7.1235824 1.7827448 4.1995153 3.0336664 -0.6760435 2.0045455 6.5077715 -6.266725 3.6698809 2.326909
repairs 1.3376224 9.31744 -0.3227581 3.2189026 -6.760448 -4.522527 4.336389 -2.885672 -3.1674223 0.18139993 6.296101 -3.3288832 -1.8518991 12.365354 -0.5371289 0.44954202 4.1353784 -9.761405 7.005261 3.7082918
cruise -0.14132123 -0.11033616 -7.2793703 -5.16693 -2.7794168 -4.5208735 2.5210874 0.2134775 -1.8573928 -0.92181736 5.256456 1.532814 2.5467143 1.089825 -2.9410095 -1.8690434 4.0951996 -7.5218763 4.0446863 4.62125
dock -3.2825825 6.439099 -5.521246 1.5983539 -3.974321 -2.985351 2.2376907 -3.1102812 -8.424969 1.0614666 5.8409057 1.947595 1.6690489 7.3533025 -2.4301016 -1.7957331 0.18979941 -5.7333274 5.8024535 0.12601861
sail -0.5606977 0.07645195 -5.686939 -2.218042 -0.053829055 -3.0195122 3.191571 -3.0873973 -1.682177 1.4874475 8.1188 1.5806282 3.1174226 7.1934724 -4.343939 1.5120391 7.555799 -3.7804563 4.7335095 2.1317153
gibraltar 2.2650275 -1.7084333 -7.065429 1.9275107 0.1253027 -3.5736125 -0.057549592 0.7845978 0.4129883 4.428735 7.142929 -0.6389383 -1.3311898 6.423561 -3.225374 -0.6843207 0.9258178 -4.949767 -0.27418217 1.6421806
yacht -0.51297194 1.6166217 -11.470465 -4.557515 -1.849351 -1.6366324 0.12201769 0.38763866 -4.813438 0.15213938 7.705523 3.7192156 3.900768 4.4354258 3.930726 2.7048438 2.475815 -6.3859777 0.38213253 -0.45123667
sinking -3.0910563 1.57449 -2.8530579 -2.966046 -2.0831733 -5.1996336 5.2849803 -3.5580578 2.602445 3.8589687 5.8558273 -4.543133 1.7342813 5.17373 -6.4546947 -1.4921728 2.162084 -7.712486 3.1702147 0.6429412
airways -2.3392649 0.61700255 -9.944033 -2.2393851 -2.6619155 -7.826848 -0.645579 1.2349381 -2.7869403 8.122545 2.8402786 3.7788956 -2.4191616 -0.26710904 2.4077103 -5.0784593 -3.1623218 -6.295157 4.381273 9.188209
admiralty -4.199567 -1.2265798 -4.490294 5.1126056 -2.113622 -6.222994 4.6494083 0.23946221 1.8454163 2.7585907 4.0990105 5.3686776 -1.2231079 12.620192 -0.561476 3.4891458 0.3922443 -6.818405 1.6561856 4.1189394
frigate -3.3560045 -3.6419342 -5.13466 -1.9916774 -0.62955374 -5.01786 5.821974 -0.27301913 0.9876318 7.6807756 8.273866 0.2352794 4.48518 8.190074 -0.5713119 -2.944511 1.4400351 -12.051669 0.67757726 2.6307704
ashore -1.6276847 1.7000628 -5.89477 0.6370873 3.8345482 -5.09565 7.530047 -3.6963758 -1.704929 0.9134301 11.830286 -3.5450346 -2.1963842 4.1323757 -3.686048 -1.8561181 4.511623 -6.742395 3.422775 2.002767
docks -2.3518014 5.4293675 -6.5035753 1.9158493 -3.5425467 0.36872596 1.473023 -2.2241066 -6.4551663 0.06723712 5.8742075 0.26601145 -0.65159965 7.2568007 -2.3945022 -1.7461628 -0.70630413 -6.5969563 6.7693086 -1.0977734
overhaul 3.637938 5.2663536 -0.7468387 3.9734902 -6.846082 -6.2551723 -0.62399864 1.2494526 -0.03675412 0.41345888 2.3925576 -0.5343233 -0.5759669 5.052464 0.31727245 0.50753504 2.6128619 -10.439726 6.431875 5.7028747
steamer -5.7983656 2.8723853 -7.0479016 -0.26415768 0.13748334 -6.935098 3.7531104 -3.180925 -4.4977803 1.6472923 10.255089 2.6650243 2.6194527 6.29236 -2.435136 -2.8777103 0.9264326 -8.402609 2.162608 1.8368416
transports 1.6005567 -2.032122 -3.9108067 -1.7971298 -0.85480666 -2.4221537 4.596291 -4.7676764 -2.8672879 1.9368949 2.3462865 -2.394423 -0.32794443 4.100501 -0.7482408 -3.1938405 -0.2635046 -5.711453 3.7365375 4.236805
scrap 0.03776461 6.7793164 -1.0966164 -3.2094026 -4.256281 -8.152596 2.2693658 -1.6563781 -0.71683574 -0.5788282 6.499982 2.140712 2.3729048 9.983846 -0.80707043 0.5745082 -3.147085 -2.6250815 3.434614 1.9744508
ferries 0.16491063 -0.619957 -9.354481 -0.35199472 -3.078752 -3.3696694 -0.5029121 -4.568401 -5.2476773 1.6877608 4.9617605 5.3417125 -1.8798478 7.869905 -1.3673255 -5.7499957 1.6731975 -7.9564643 4.543809 0.603221
cutter -5.196397 0.8473628 -3.7274578 -1.733852 0.77156955 -6.178998 7.001403 -3.0292916 -3.5131607 0.14062193 4.522829 2.9005346 1.1875548 2.9349656 1.002808 3.6035802 0.3980421 -4.9994407 2.9202888 0.8981106
salvage -0.08707647 3.3944364 -2.8755343 -3.0305388 -3.744638 -2.7698596 3.177657 -2.944311 -1.147204 0.5210326 4.7272167 -2.4837618 -0.2543139 5.3360415 -1.7781891 6.8024335 0.16686569 -6.797657 2.286609 4.5552363
tow -3.3642106 0.005443559 -2.9324563 -2.9520168 1.2840911 -5.903489 4.510442 -3.1906326 -6.200382 0.72395515 6.495152 -0.9034619 1.5714724 4.4308267 -0.78790545 -0.3238759 3.6632807 -5.4805117 4.4646306 1.8756878
tanker -3.19041 1.0825849 -3.8550909 -4.812297 -2.1599293 -5.61709 3.9086416 -3.841472 -3.601405 7.861322 5.6400914 -1.4170432 1.0073596 4.084396 -0.38714558 -4.5098844 -1.7492105 -8.998707 4.0195947 5.312443
overland 0.8268647 -0.83465284 -7.1818643 3.2866173 0.14636147 -3.3812423 0.80916125 -1.6665448 -4.1315665 -1.7747757 6.343652 1.3237879 -0.98074013 1.0023469 -7.565467 0.48709542 0.5216596 -6.6223783 1.5053154 2.0259345
voyages -0.115637474 2.701316 -7.443459 -2.0082722 -3.7816248 -2.1162202 4.4690075 -1.8542737 7.8717747 1.6424198 7.362655 3.082215 0.6642638 4.492859 -3.0926461 -4.1773877 2.635789 -9.598204 1.0384079 -0.45604602
schooner -4.324471 2.4557009 -7.2331767 -1.7858217 -0.6267509 -6.496405 6.1441526 -2.70507 -1.9881616 2.053029 10.107078 1.9192082 4.0486794 4.478782 -1.4214046 -1.1669067 -0.037108053 -10.069818 -3.7768552 -0.47389844
steamship -4.637604 1.3838356 -8.084247 0.43673378 -1.8662782 -5.679985 -1.3695618 -2.1388147 -3.322534 0.5880168 8.271089 3.395315 3.073164 5.6915812 -3.1462486 -1.9089956 -4.5073915 -8.915394 0.92923397 3.9636524
whaling -0.6421038 2.0384195 -8.019429 -1.3366355 -2.3902025 -1.3954694 1.2069647 -3.837516 3.6552792 1.2768433 7.388989 4.006994 -0.23489527 3.0299864 -3.7727623 0.7204168 -4.211934 -8.048469 1.9982067 3.2689373
barge -2.1798067 3.5836093 -3.7958126 -0.7694591 -1.8360952 -3.4008708 4.361598 -3.3119233 -7.107618 1.0857466 6.920873 1.8280516 2.2593699 6.035075 -1.6450526 -1.1835183 1.6438289 -5.959662 2.8809638 1.2248541
cruises 0.4456487 2.07381 -11.154001 -5.2373443 -4.725402 -1.7755119 2.2750301 -0.32723442 -0.35962513 -0.4590543 5.4395394 3.512606 1.60768 1.7200296 -0.082194 -5.1108556 4.2124815 -7.9262705 1.8839419 4.4891987
transatlantic 1.6735481 -1.9421829 -5.118275 -0.5814701 -2.8532944 -3.573302 -1.037946 1.0712798 1.3158027 -1.975509 3.4274485 3.8538077 0.7428096 2.3203714 -5.088838 0.9730512 0.34923315 -6.7034235 4.595906 4.6500545
warship 0.07082732 -0.63024056 -5.2701693 -0.7487882 -1.06452 -4.349648 5.672653 0.19563155 3.0812414 4.920746 7.633961 0.6177366 1.6165869 7.003985 -1.605943 -1.4496595 1.3617934 -8.240562 3.2566314 3.8636096
gunpowder -1.7466941 2.3921382 -1.5210642 -2.2266417 -1.8815099 -2.024764 7.34027 -2.2614448 0.6031205 1.4313562 5.288957 0.28810096 1.8543943 10.012212 -4.475986 -1.55705 -5.659567 -1.7723609 4.9695888 -0.34523094
lloyds -4.1368494 2.3019104 -6.177323 -1.7128729 -5.1999664 -6.1818385 -0.19352765 1.3714439 1.7921947 -0.3048543 1.992923 6.9676123 -2.1844866 7.2055516 0.42146942 2.6149247 -1.9372607 -5.41161 -2.2612529 -2.4497266
lifeboat -5.015269 2.9517798 -8.050791 1.8570807 -1.9791142 -3.3883846 7.298355 -1.8236941 -3.3076205 -1.3016013 5.655351 2.650626 -0.017711055 6.7343364 0.7217852 0.0417007 5.559009 -8.335665 4.5304713 0.67056316
deliveries -1.848598 1.7525353 -2.0241303 -2.748452 -2.4295688 -6.863142 -0.020894418 -1.4280643 1.574831 1.1164789 1.7675359 0.18377577 -4.9851727 5.5352488 1.4667177 -2.9785488 2.3510113 -4.9583874 9.471474 2.2158449
tug -2.5994833 1.6171702 -4.6866503 -1.50408 -0.298798 -4.824804 4.705355 -1.9728979 -2.4020772 0.9698636 7.0404444 0.2641721 3.7138264 2.6370862 -1.3138199 1.0706527 1.4875873 -7.205008 2.8689077 2.6761148
refit -1.2622818 6.170384 -2.8301735 2.4050367 -6.5371466 -6.1246066 0.57604444 -0.57826364 2.3292441 3.5920095 7.3501225 -1.109712 2.5912113 10.582117 -0.15786357 -3.8585284 5.0203385 -12.820241 6.8500047 6.293964
dockyard -5.339438 4.3941298 -7.2180133 5.172488 -5.397761 -1.9347832 2.0074935 -1.6070288 -1.1537704 3.30626 5.7087607 2.2078595 1.5649605 13.466238 0.7609589 -2.349217 1.3794395 -9.6956835 4.5812283 3.4219964
aerodrome -2.5031145 1.1565075 -7.8834476 3.6941206 -5.019203 0.12728643 1.0484174 -2.8411255 -4.5687823 3.1669827 1.5675735 1.4840152 2.3395572 6.4842224 2.295405 -3.8693228 3.8388183 -10.669512 3.4051654 1.0843267
cruising -0.51461214 -1.0356977 -6.5498595 -3.3409245 -1.0620778 -0.8767457 0.5662164 -3.6407592 -0.26812604 0.5281014 3.6783214 1.2668833 1.6503853 0.22180419 -2.556811 0.35072446 5.080992 -5.838971 5.898268 -0.35747537
shipment -0.5155717 4.3981733 -4.0259166 -4.7160764 -2.0439281 -7.638825 2.6570086 -4.255363 -0.6001845 2.0333152 4.6403656 0.6179946 -2.8498774 5.1597743 -1.8975055 -1.2787418 -3.6566722 -0.6421194 2.2203875 5.213138
titanic -3.1141815 3.0761075 -2.9306638 -3.7679353 -4.5444336 -2.8692162 5.895757 2.283145 1.7683649 -2.3636901 4.218636 1.281825 2.7223496 3.5048397 -4.429872 -0.21022287 3.7573204 -6.025136 0.69433445 -0.42218873
draught -6.6164556 2.66132 -2.8098812 -2.2626011 -1.3799865 -2.4207618 2.779285 -8.848627 3.00173 5.982291 5.313954 4.972915 3.8981094 7.4653435 -0.8886419 0.8997479 5.5757475 -3.674764 9.703584 -2.4212198
barges -0.59922886 2.6156523 -4.930727 -1.7361386 -1.0060874 -2.775349 5.6360607 -6.00206 -5.548649 1.1595315 7.2567506 0.67072415 -0.41029963 7.9210677 -1.907975 -2.050781 0.78000265 -6.018913 6.5965977 -1.1969515
shipyards 0.18652403 4.948811 -6.1088796 0.8383412 -4.3069096 -0.9068607 -1.6515725 -3.0308514 -0.3108858 2.3993027 5.915687 -0.16124617 3.1544356 6.292065 2.4981685 -2.228423 -5.5664816 -9.538534 4.1421056 3.6542993
sloop -5.804755 0.0725073 -6.0268855 -0.9501291 0.4865553 -6.8648195 6.0389166 -2.464506 -0.37187797 3.4325511 8.565825 2.904154 4.9479904 5.980313 -0.26898068 -1.3143324 0.32465607 -8.5888195 0.7446084 -0.048851136
decommissioning 1.2852176 3.930096 -3.687702 2.5258749 -6.5028844 -8.38212 0.18358271 -3.4942725 0.73979 3.8202846 2.6345875 -2.3190103 0.61529696 6.520312 -3.2693832 0.4405414 0.43697783 -8.667702 0.18494312 8.453027
excursion 0.9160488 1.4314864 -4.431515 0.025201034 -1.9173822 -0.65190065 0.95413554 -0.6938063 -2.180937 -3.7766986 3.6971917 1.8483317 0.3722146 1.6117895 -3.1334517 -2.0674255 4.3973765 -4.006576 3.4300656 0.81189334
tenders -0.9083276 0.9349884 -1.7977842 1.0786297 -3.9015574 -5.6274447 1.8225915 -1.9201437 -2.5036957 0.3454224 1.1448858 6.2149477 -1.8475327 11.218533 2.8843164 -1.5764251 0.45877635 -3.9585857 5.199519 1.8013679
towing -2.732427 0.42317027 -4.903731 -2.1525218 -2.3962305 -4.5810394 4.9828715 -5.1075506 -4.4668765 1.7046921 1.88104 -0.577173 0.88634187 3.1681287 -0.8000378 1.604789 0.94835234 -7.6016154 7.1738787 2.222932
seaplane -0.33409962 -1.2808195 -5.795762 -1.9011487 -2.6885507 -3.5153127 4.2164254 -5.2991037 -3.593275 3.0896487 3.8797011 1.4019566 3.6671042 4.508921 1.7626061 -3.2177927 1.6842103 -10.694338 4.0080214 4.100084
steamers -1.5060358 2.2193024 -7.09375 -0.32663155 0.12292911 -4.4951982 1.3885618 -3.5101986 -3.0418143 0.5481379 8.043098 1.8493322 0.70229995 5.454992 -0.382233 -1.838971 0.008634971 -7.2913303 5.8179293 -1.6258957
freighter -2.7779932 0.43013975 -4.111892 -4.1610594 -0.08363844 -4.8373365 4.3323755 -2.8152673 -2.6364484 3.610341 7.453655 -0.25431114 2.1435537 3.6058247 -0.6177228 -5.605813 -0.22244307 -8.060476 2.6797884 3.095946
gunboat -1.3362255 -2.395436 -4.6922293 1.0360777 1.332712 -5.191722 4.905449 -2.2203472 -0.49860552 4.6469193 7.5498934 -0.26291072 3.0378036 4.6869674 -0.8250955 -2.2474792 -1.8422137 -8.885433 0.7467538 4.621034
rations -3.069971 1.8030045 -3.8436017 -2.163458 0.79294467 -2.8588886 6.522222 -6.907941 2.1035383 0.9703226 3.875656 0.39440575 -6.2355504 7.3021054 0.35061678 -2.1444829 0.32990012 -0.34836653 4.80009 3.9801507
tonnage -1.5831226 2.0380182 -4.3271646 -0.83491284 -6.307519 -7.8973184 -1.573604 -8.493119 3.8371906 8.110696 1.3451657 6.8264904 -2.248133 10.220713 -1.5243741 0.69132334 3.3429737 -6.2105646 4.2008133 0.079252005
upkeep 0.79132694 5.694266 -3.7530434 2.3196864 -4.8677783 1.3053923 1.759035 -4.754335 -1.0353535 -2.536053 2.6414824 -2.3889623 -5.3826914 8.780052 -0.44355544 2.4898024 4.016207 -4.3927093 1.5435536 3.5407016
scrapping -1.2103707 3.973733 -2.8849757 -1.33533 -5.420555 -8.854833 -1.6311889 -1.7476299 0.70769256 1.7504386 3.0632756 1.2122204 1.3183007 7.7213535 -0.35140508 -1.0029359 -1.4388427 -5.464877 -0.3696807 4.2929144
shipwreck -0.71321154 3.6531196 -5.0282784 -2.2351403 -3.057886 0.3194907 6.579694 -2.9694102 2.001722 1.752542 6.642691 -0.86241925 1.4616323 3.2165875 -5.5492105 -0.21036439 1.894706 -5.8807693 -4.2519336 -0.6960871
afloat -0.46996263 1.6835984 -3.9904475 -2.4648502 0.19616936 -2.6705437 1.3708624 -3.0270634 -0.6747403 -3.304815 6.6936197 -1.6585959 -2.2498047 5.6751847 -1.5907304 3.8343878 2.4114835 -4.0971665 5.278076 2.2597618
clipper -0.16856371 0.19628958 -5.48238 -2.159241 -2.0134013 -5.82012 0.80402774 -0.97319615 -2.489999 -0.008687588 4.3210163 6.063304 4.7033978 1.0513055 -1.3344957 1.6603633 0.62089914 -5.367714 2.1277735 1.1201345
mariner -1.1947856 -0.9107694 -1.390752 -1.1866852 -0.92919517 -1.3238859 3.2734072 -1.3030212 1.5121753 -0.53617305 4.6854506 3.13644 5.280374 0.7602964 -0.93729585 1.2013872 2.6702933 -7.453153 -0.6305688 1.7053112
aeroplane -2.9375422 -0.7707104 -3.5293534 -2.7307036 -1.4616771 -1.7749592 3.0876045 -0.09335945 -0.16983977 -0.61101025 4.116784 2.215422 4.007495 4.043353 0.60780495 -0.034579903 2.085554 -7.3435626 6.391862 1.910592
unloading -0.4896579 1.4834942 -2.2860255 -1.6955862 -2.165899 -3.8440495 3.8811102 -6.202054 -4.7133226 0.19780925 2.9059637 -2.5081074 -1.0337363 6.18887 -2.462658 -1.1500946 1.0940624 -5.389041 7.880603 3.0421932
refitted -2.274197 0.8451709 -5.8364825 -0.7484994 -4.327957 -4.732349 0.38764286 -3.011249 -1.4152751 0.94183266 1.5547695 -1.97523 6.775917 8.913456 0.50737387 -1.9953688 -0.5453856 -5.5923624 4.208857 3.3341773
liners -0.73205 2.0591414 -4.8080516 -2.9886847 -2.4626968 -2.9227195 3.0026615 -1.8722886 -0.3466975 1.2938702 4.504624 4.7623262 3.0079503 5.362236 -1.1331725 -3.0605133 -0.20892063 -3.3707166 8.493729 0.612998
minesweeper -2.8671303 -0.4641226 -4.9337196 1.0636373 -0.9085126 -6.23027 3.9846177 -3.5932016 0.99661756 5.7230363 6.368784 2.5989845 2.6486037 5.633746 1.0052891 -4.540358 1.3954256 -10.315731 3.7853878 4.1383467
lighthouses 3.3170326 3.403715 -7.6827374 3.4890733 -5.6127353 -0.8630768 4.796767 -3.07839 0.6125749 3.3371906 1.2168014 4.246788 2.4176607 4.8462167 -1.5657947 -1.8336909 -0.51080495 -5.009489 2.2641492 -1.9086707
unloaded -1.8120396 0.60843265 -4.2237353 -3.1676645 -1.0436262 -7.5238533 3.2182314 -6.882079 -5.123596 0.9254884 2.7058725 -3.82202 0.97196484 6.6272807 -2.991077 -1.3977938 0.50372326 -2.1161394 3.7746983 2.2190232
lifeboats -2.837855 2.5832639 -5.6041365 -1.2736969 -0.8548859 -4.421821 8.514922 -4.3900037 -0.47987732 0.34597954 5.554637 -0.5212566 -2.0862746 7.709574 1.1401514 -1.4658142 4.8874707 -6.5592184 7.2927303 -0.10001881
inshore -0.47422904 -0.7567811 -7.170786 0.08014164 0.04815893 0.76447856 3.911922 -7.879208 -0.5460731 2.7730112 4.307401 1.8533506 0.22588855 -0.0340384 -2.7151706 1.598824 1.7792548 -6.758788 5.3880134 -0.2825581
drydock -1.8854609 7.238449 -2.7699149 2.4584908 -6.342022 -7.7600894 0.81895673 -4.1569963 -2.673694 0.55328554 4.956031 -0.8842118 3.602788 5.347984 -2.0949628 -2.0704997 0.3905639 -9.43968 0.8645318 7.457979
buoy -2.060182 1.8658192 -3.1886277 0.8070114 -1.8284262 -5.526532 6.5941224 -4.00124 -3.8844392 2.091941 3.0337162 3.5430555 3.6270638 2.283336 -3.5621214 -1.1698747 5.074818 -3.8812642 4.713135 2.5120273
steamboats 0.7770531 3.3712533 -4.5634823 2.1400306 -0.1680526 -4.0728564 1.1636369 -5.2558656 -3.0270007 -1.9472454 8.0499525 2.3701885 -0.41908917 3.2076602 -2.834891 0.8482166 -1.5048201 -7.679659 4.6908317 -1.1388726
tugs -2.2575305 1.1448082 -4.459515 -2.7017076 -1.1240482 -3.606211 5.3877516 -3.5710347 -1.527658 0.24759243 4.465877 -0.038213633 1.8417008 3.70508 -0.036909495 -0.4602301 0.6810494 -6.8343396 5.453343 -0.39943865
cargoes -1.673199 3.3715458 -5.379801 -3.0515275 -1.7650183 -2.7107995 3.630865 -5.0744987 -0.32670963 3.9222727 6.5176024 3.1189764 -3.9583273 7.1946163 -1.9690521 -1.5713233 -2.0091097 -3.932 5.549364 1.6835772
trawlers -2.0865705 1.0482631 -6.986801 -3.1542048 -0.23122256 -2.7664754 5.4190917 -5.081106 2.1074517 4.717943 6.0643163 1.1836436 -1.4064224 3.9040077 0.4204368 -2.179194 -1.3683207 -7.0583844 6.5988493 -1.077613
steamships -0.76008755 1.9125754 -5.6933823 0.3501352 -1.5818716 -1.606321 0.14324029 -3.3033938 -0.10846922 -0.05063326 6.776838 2.9728153 0.24466282 5.82422 -1.4128907 -1.8551296 -2.8375294 -7.622826 5.4465094 -0.046602834
homeward -5.696164 0.96027625 -3.1678212 -0.5424886 -0.78851205 -7.354741 2.508641 -0.7620629 -1.5547194 -0.45158017 7.462911 1.5885818 3.6800125 5.2099047 -8.841687 -6.1059046 6.8997917 -2.518048 -2.3752213 3.8754075
circumnavigation -0.6727645 1.304144 -4.5732107 -2.6365197 -3.8655267 -2.4606705 1.2986615 0.84185815 4.741602 1.6851876 5.740331 1.8351811 5.6472726 0.6565948 -4.0045195 0.49997452 7.7742863 -8.097496 -0.01599343 3.782487
seaplanes 0.79864705 -1.3122163 -4.4780145 -3.0061507 -1.952758 -1.3513331 4.1921787 -3.7912254 -0.19143058 2.8660095 4.290014 0.38488227 1.6815532 4.2089815 2.0624366 -3.7434409 0.9216191 -9.876208 5.669135 2.629274
tugboat -3.2066445 1.4600776 -3.9573402 -2.5860274 -0.35673925 -3.6723244 4.145233 -1.8944466 -3.071762 -0.33371806 6.0525355 0.8936145 2.4484193 1.8855919 -0.39917818 -0.3652589 -0.6143275 -6.779001 1.2838926 1.1858746
roundtrip 1.682042 -0.13781817 -2.4736295 -1.2371801 -3.979726 -5.3786016 0.13329746 -4.670883 -2.2395325 -1.7170477 -0.31802946 1.9355022 -2.123536 1.5374504 -2.765906 -3.0402982 7.282451 -5.047236 1.9793211 2.2407901
freighters -0.042811576 0.8584033 -5.47928 -2.5497167 -1.4555137 -4.1547184 2.5138407 -5.2827997 -0.7892257 1.8801384 4.8229413 0.049335804 0.026830228 4.245491 0.59049755 -3.7937589 -0.7257125 -7.560873 4.5437145 0.6658597
oceangoing -0.38906428 -0.9707189 -5.7410736 -2.2774494 -2.094708 -0.09672212 2.3065493 -7.267813 -0.50568163 1.7472178 3.9947517 3.4506001 2.2758696 5.0600934 -2.7259529 1.3236772 0.79466707 -5.8695617 4.200813 1.8321192
yearling -5.520286 5.870615 -5.5919037 -7.318799 -1.8502623 -6.5451145 -1.2716186 -0.9843878 1.1038646 0.64001346 7.6197534 3.6878877 -0.22052747 2.558234 3.390956 1.0831923 3.939439 -3.4128706 -4.26324 -3.3710997
barque -4.856228 0.9370055 -4.769441 -2.4586816 -1.3578002 -2.0719652 2.9453187 -2.227895 -0.73806906 2.3856328 6.875196 2.105608 5.7202916 6.616032 -0.8624433 -3.7367826 2.0679054 -6.083216 -1.6268418 -0.29251963
moorings -0.62279785 4.554565 -4.039137 -0.7095772 -2.1840923 -1.4072616 3.2965732 -2.0736287 -3.817903 0.7913828 5.540709 -0.3587847 0.72250783 3.8326516 -2.6314938 -1.6759976 1.9788541 -3.8786106 4.546197 0.13278663
solent -2.1960995 0.31542823 -6.5024858 1.5418601 -1.8428831 -0.55950224 -1.1270499 -0.880907 -1.5821714 -0.49151313 3.3305044 2.5610335 3.2534575 1.8615814 -2.9611137 -0.35611865 3.6323388 -5.136016 4.0906353 -0.11643343
refitting -0.3269184 2.112054 -2.5517964 1.2360126 -3.9203339 -3.1123455 0.82868105 -2.000352 0.6204224 1.9149371 3.1283295 -3.2372208 3.2265892 7.424674 -0.34552452 -0.47803754 1.406511 -7.6107426 4.1778545 4.4386487
homeport -0.7889407 2.3712006 -4.059065 3.8764706 -2.980075 -6.8983607 -0.66276616 -1.422635 -0.88737214 1.4942385 4.271141 -1.4963856 2.8931334 1.225399 -1.455221 -4.5579886 1.8951968 -9.042058 0.3344037 7.4727654
despatch -4.268779 -2.0941615 -3.7134156 1.6477009 -1.2743216 -4.1139593 2.9447913 0.7688537 0.3830459 0.4052514 0.48943785 1.729894 0.31084535 6.8568163 -2.0858753 1.0279037 0.98779565 -2.4799833 1.7105174 1.411222
lusitania -1.0858887 -1.1443807 -1.7360303 -1.0340326 -0.8936188 -1.2307572 1.9815812 -2.539445 2.863698 1.8139185 5.1773443 0.41518506 0.9129317 5.9031434 -5.325378 -1.4504232 -0.028534008 -4.119625 -2.756399 0.1741279
coastguard -4.1320662 -1.2957163 -8.331019 1.8037829 -1.6457149 -1.5004022 5.3407707 -1.949748 -2.126874 0.2753369 0.60415834 0.9446902 -1.5807902 5.1485314 0.19013512 -0.34786534 -0.79214513 -5.235344 2.3932118 2.9228518
airmail -0.3557648 -0.89820707 -5.5016537 -1.2309444 -4.0976396 -5.9073634 1.6343485 -1.8397777 0.6309338 -0.79751563 -1.2750353 2.6839838 0.56304896 2.6964567 -0.2888233 -0.73020524 0.38099957 -4.528965 1.369048 4.5536437
motorboat -2.8025856 -0.14727119 -5.0331306 -2.3994503 -0.9016254 -1.7832398 4.149858 -2.8237603 -4.1351147 -0.27498144 3.668284 2.463745 1.6393212 3.3590517 1.1639936 0.19803074 -0.079763204 -5.4067416 -0.52034825 0.31554073
lightship -2.188425 1.7808286 -3.8028204 1.8135157 -1.3124686 -5.179809 3.4590735 -1.9161952 -2.2912717 1.3050321 4.6691785 1.6391917 4.6069617 2.9742703 -2.1247323 -2.7273686 0.9515263 -5.4640403 1.5852188 1.3778496
merchantman -4.04975 -0.7820117 -4.4748564 -2.5480602 0.8256625 -4.9702225 4.3543186 -0.09581327 1.2166895 2.3065023 8.124047 -0.49031428 1.3321046 5.647588 -1.3199308 -3.1856604 0.2555142 -7.079096 -0.22223064 1.4382691
skiff -2.4216669 -0.069917426 -5.2517524 -1.8818862 0.9923653 -1.389599 3.3688452 -1.9251785 -1.9735454 -0.6597994 4.401181 1.2861402 3.2639513 0.7426465 1.5421885 1.5201163 3.414856 -4.2491994 2.0658376 -1.4472393
slipway -0.7607373 3.135803 -3.893868 0.27768022 -3.7521067 -1.2128787 2.301665 -1.9519669 -4.939766 0.13099995 3.6864192 1.6108408 2.2449658 7.0881295 -1.5567908 -1.7259328 2.1596484 -4.4167466 5.549 0.28017873
outfitting 0.27965367 1.9113045 -3.6562154 -0.17568971 -3.631889 -1.1164232 1.1793026 -2.607677 -1.7604951 -0.69235677 1.3014379 -1.0548797 2.5631576 3.9145555 0.041889705 1.9300358 -0.6976803 -5.07673 2.294322 3.5139012
spithead -5.785381 -0.33895034 -4.7141156 2.2546308 -4.2823806 -6.09798 2.3813498 2.3955708 2.7206135 2.3969543 1.696716 0.23858827 2.9227097 6.163254 -5.7603183 -0.37357318 2.9780772 -5.7064056 -2.2043586 3.2512305
ketch -3.6706278 -0.07670559 -3.3729405 -2.681897 0.6248239 -3.0045679 5.1674237 -0.93750423 -2.3295734 0.33754233 5.5326524 1.3939712 4.3488235 2.28282 -0.25826833 -0.16258167 1.2674446 -4.7371697 0.50608957 -1.5325557
seaworthy -2.9928734 0.051292542 -2.149777 -3.075898 -1.1649488 -1.3701327 2.9573343 -4.6074495 1.1716195 1.2825884 4.2879806 0.78964156 0.75151646 6.344024 -3.496975 3.0379474 1.6310602 -4.060933 4.8685474 0.41161668
coaling -0.15344581 -0.6674843 -4.4169626 -0.17823717 -2.644293 -1.4486177 1.1249108 -3.1999412 -3.144606 0.06261676 2.1919773 -0.18053022 1.1684817 5.235511 -3.5267022 -2.2778618 -0.7366633 -5.134346 4.41633 2.8449483
texel -0.3591062 -2.4968724 -2.2965674 -2.5215726 0.7080316 -1.7732387 0.5200886 -3.3115046 -1.6371945 2.4288957 5.152538 0.08517389 3.170334 3.9481745 -2.4969292 -2.9511378 1.4032186 -3.322656 -0.52719617 1.2370749
scrapyard -2.1339786 2.2303207 -2.1597817 -1.5880977 -0.5940941 -2.938265 1.8071287 -1.3691627 -3.1149235 -2.1836886 4.970426 -1.2060682 0.6934853 4.899966 -0.89607966 -1.5492274 -1.5920775 -3.8516111 0.7838121 -1.7936779
dogger -1.5219544 -2.5347497 -5.241424 -1.5491928 -1.1699209 -2.3645191 -1.2574819 -1.9623553 -4.575524 6.1667223 3.5621247 -2.1321962 2.7686002 3.782371 -5.234788 0.0043602455 -0.7130221 -3.9218116 -0.27195165 1.3696626
tugboats -0.59365743 0.3227633 -4.124625 -1.9437445 -1.581917 -2.408773 3.4929912 -3.8348656 -1.4347273 0.64408857 3.2025151 0.109342344 0.4821482 4.2110586 0.71075934 -0.82994753 -0.5092035 -6.1353197 4.402928 0.53245145
sailings -1.9519674 0.64254194 -5.891017 -0.52316606 -3.8216612 -4.030007 -0.02807012 -1.0639763 0.43256405 -0.15431555 0.775702 0.42347777 -1.3750558 4.234185 -2.536966 -4.9204626 3.3205378 -5.098433 3.9303193 1.0542005
unescorted -1.585076 -2.007033 -3.5847337 -1.3826112 0.7377586 -2.7071352 2.1373475 -2.035166 -0.36589515 1.4914157 3.0671747 -2.3626595 0.42272803 1.703796 -1.8761448 -2.6695697 1.7989628 -3.6639907 2.38316 2.7076445
refits 0.58277434 2.115527 -0.8400619 0.38016546 -4.5643706 -2.4426596 1.4261205 -1.4952703 2.8190966 1.5774999 0.7548674 -1.8533424 1.7496458 5.280062 0.7253609 -2.0429583 1.056391 -6.709399 4.7433896 1.0712838
motorboats 0.72050166 -0.04437358 -4.474306 -2.9453695 -1.0148057 -0.25236124 3.3234038 -3.5570376 -1.7724587 2.3311148 2.4206152 0.31345686 -0.6554318 2.4251282 0.8588825 -1.1569182 0.007382077 -3.8308797 4.01244 0.09654141
skiffs -0.93750143 0.101654574 -5.27356 -1.941166 0.19288409 -0.5135436 2.6456144 -2.522302 -0.9930354 0.21104734 3.237306 0.18916586 1.2281251 2.2471716 0.9055268 -0.30700308 1.6684138 -3.001439 3.2350676 -1.4300758
graving -2.6602619 1.4621667 -2.6765432 0.25424033 -2.7766564 -0.38561875 0.51192856 -1.903806 -3.3856165 1.0144696 1.772466 0.25655344 2.7804842 4.9286585 -0.6431096 -1.3251036 -0.22218637 -3.6324387 2.7054734 -0.37410572
dhow -0.85155064 -0.841294 -5.26492 -2.412377 -0.36074895 -0.19823365 4.150974 -1.4781171 0.3577736 2.1915321 2.4867795 1.0265086 -0.31686136 1.9909055 -0.7580972 -3.6407375 0.5715864 -1.9064081 0.88303965 1.4890949
whaleboat -1.6594082 -0.016176952 -2.9078255 -0.39849207 0.802835 -2.665088 3.41811 -1.251731 -1.571001 0.064255886 3.880266 -0.7391071 1.3127488 1.7543482 -0.16843617 -0.23986588 1.42771 -3.904417 1.4624413 0.46667466
pinnace -2.109296 -0.45357218 -2.5542328 -1.4578055 0.037127808 -2.1657944 3.2814543 -2.3110695 0.36136305 0.3650318 3.1383693 -0.5361922 1.9590973 2.9499164 -0.59405226 -0.45508692 0.5403978 -3.4214396 0.49182954 -0.83518344
unseaworthy -1.7290161 1.3253485 -1.1849661 -0.9741557 -1.2083689 -2.4939451 2.6940725 -2.1880016 0.7565566 1.593581 3.5755672 -0.27579796 -0.9059445 3.997877 -2.5838752 0.06495583 0.013243624 -3.5410647 -0.009433518 0.868389