Centroid_10 0.500195451570093 4.100082923317759 -3.285553540691588 2.012187724761682 -0.287312947088785 -0.5504808500915891 1.315473389995327 -3.2557711514953294 -4.741354258317755 0.3599432193307008 3.49814750260981 2.0650427759602796 1.9472608945364491 -3.0379009708878524 -1.6863135526915896 0.09439534720654198 0.35003435918925224 -0.5834309473598132 -0.5820188956915886 -3.264839414542056
park 2.0614038 9.314008 -10.10456 5.5641747 -5.6994853 1.2878875 -0.89972436 1.7317338 -11.660917 2.923783 2.178812 4.047066 0.2847134 -2.583892 1.7411143 0.7024717 3.6430376 -2.137996 -2.2459667 -5.34759
lake -1.1290293 7.846566 -4.1036215 3.27711 -1.341131 1.6377472 -1.6748501 -6.8706656 -10.673473 5.3082705 7.346294 3.0768616 2.0647743 -3.9471781 -4.9227405 -1.9789397 2.3532498 -2.1824896 -4.044524 -1.5885015
green -0.40762946 3.8011324 -4.6259747 3.4499035 0.77109563 -4.179906 1.2735674 0.18429698 -5.6045566 -0.111747295 0.992974 4.943119 3.8275669 -3.6615257 0.3930794 3.0667496 -0.6291443 4.381873 2.5599663 -2.9691026
valley 1.3905935 4.1302004 -3.277871 6.7395587 0.81924164 4.393373 -4.2949996 -4.165517 -9.847663 3.0012374 6.2175517 1.6304754 0.9979463 -4.314184 -5.617124 -2.476316 0.59113485 -1.479783 -1.2062548 -2.6499588
hill -1.3789351 4.1488585 -5.213182 7.0673275 0.5755281 0.3409988 2.2851052 -1.7683324 -7.1832194 -1.9086972 3.984195 1.1800454 4.8014526 -0.4160442 -1.6380554 -1.8737364 2.7228982 -1.2208006 -0.6896486 -6.9450426
bay 1.0035776 4.940189 -10.068479 4.1048613 -2.1746058 -3.7383792 1.1748798 -2.5341203 -7.2685685 4.7734203 5.8534203 -0.9370587 3.662358 -2.5141892 -4.5397716 -1.4520601 0.15114078 -6.74175 -0.029591998 -2.4412608
creek -1.8056623 7.9967427 -3.5972593 6.8382926 -0.12707785 -4.9046035 2.7782054 -7.739299 -11.496934 2.1186953 6.8762755 2.8296444 0.750171 -4.7850614 -8.172865 -0.10846715 -2.1863954 -3.6825488 -2.5577886 -7.2906337
tree 0.35348615 6.836907 -1.0169909 -0.86870706 0.32299343 1.5293227 6.598827 -8.069348 -4.1497707 1.5225397 3.8975227 7.1592607 0.8120906 -2.6828642 -1.3867085 -1.0738139 3.0648024 5.5373163 -2.0561001 -6.103306
falls -3.7045732 4.0364184 -2.7062092 1.8366922 0.45878246 0.5392498 0.8709986 -4.2015815 -8.093434 -0.8243874 1.9699289 -2.1909847 0.46488568 -4.2072196 -6.4003415 0.7725208 5.1213326 2.3287349 -1.4265207 -2.9834707
hills -0.32218796 6.1234894 -5.524199 5.982046 -0.29625565 4.310655 0.8554708 -2.9244118 -6.556978 1.7541684 3.184564 -0.054771814 1.5998392 -5.9787655 -2.8288543 -4.834638 2.2243721 -0.8571716 -0.7533409 -7.942274
trail 5.156643 4.1701365 -5.701669 6.017559 -0.8613228 -2.28196 4.4743676 -2.3548295 -10.988871 0.27740842 4.5210567 5.886343 -0.82554513 -5.8069263 -4.7787275 2.8536763 3.9077177 -3.449131 1.5518942 -5.194155
orange 1.167796 2.629526 -4.946328 3.2665408 2.7120664 -6.0402575 -0.23435251 -2.057903 -4.0312624 -0.3963947 2.8581398 4.8490405 3.0042667 -2.881736 0.80644274 0.40313876 -1.6883203 5.5105176 -0.27931368 -1.2185801
ridge 1.0321847 3.2282143 -1.9022183 9.722344 2.3645685 0.33163416 2.511475 -3.994979 -7.3719535 5.0948153 5.4817386 0.5409141 7.023507 -5.2923293 -4.2289968 -2.3530004 2.6774077 -3.3765147 2.4564984 -4.609525
springs -1.5676595 10.824896 -4.285932 3.0801938 -1.8593891 -2.3158543 0.45289916 -6.8219557 -8.438766 -0.12665565 4.7323947 2.6816142 2.95269 -6.409885 -2.4830039 -3.9523098 0.70565677 0.060210478 -0.9817455 0.75552475
oak -0.1188842 8.248702 -5.953625 5.3239965 -0.24526721 -0.28570673 3.139629 -7.1148496 -4.9181075 -0.16676724 3.1020498 4.839339 7.2925143 -1.2808509 3.0774293 -0.6637877 0.5563165 4.1032877 -1.5921036 -3.3761723
woods -1.3135372 5.0254054 -2.5239866 1.8329722 1.4337583 0.5189098 3.5396743 -1.632614 -5.5393405 -2.1099079 5.953613 1.1320187 1.7111988 -2.674774 -0.78552836 2.271453 1.4627684 -1.6505615 -0.07441074 -5.683274
rocky 2.641412 1.8473568 -3.443645 -0.10422211 1.3903697 1.6661165 1.464716 -2.856033 -5.721456 1.9335213 4.6065702 -0.49891862 3.9966614 -8.948341 -5.4794393 1.461586 2.3209782 -1.4853184 0.9378142 -6.6336684
heights 0.8520305 6.181683 -2.3492403 8.662034 -0.7531476 0.99690205 -0.29267904 -1.9666966 -5.5568876 -0.9156156 2.6367397 -0.8550977 1.9047818 -3.9076767 -3.0177615 -1.7530811 1.7903259 -1.7043116 0.091759264 -3.4738448
pine 0.14617391 7.3938193 -5.325555 3.9157884 0.68869096 0.3440219 2.4857156 -7.186989 -5.7898808 2.401604 4.3128204 3.073085 3.67735 -5.0796876 -0.6273788 0.6252941 -2.864882 2.022611 -0.84827805 -6.189897
grove -2.0560393 8.805176 -5.2812896 6.108311 -1.5751559 -0.116873235 1.2252691 -3.6024687 -7.0686846 -5.2625465 3.1364973 4.5743084 3.5617583 -3.3128839 -0.37567607 -1.7190118 -0.44893658 1.2022237 -3.9467263 -4.1216893
palm 1.4077822 5.529959 -6.313712 -2.1837997 -1.2700343 -0.39589146 2.7687979 -5.0770507 -5.6162586 -0.054979533 2.78667 3.4215903 2.4417331 -4.1078606 0.54453045 -2.3165042 0.7848649 3.1601753 -3.1824474 0.5960037
canyon 4.339153 6.983333 -3.49568 1.6964725 -2.8592844 -2.548651 2.8441143 -2.8753872 -10.348123 4.3167906 5.0868793 1.4676541 4.068461 -6.2480593 -5.385448 -0.6489966 1.8466552 -2.0571172 -4.1995544 -4.827669
sandy -2.4210074 5.0985394 -2.2674825 0.26754028 0.8004621 0.37459517 0.002635241 -4.2815747 -5.7505765 0.10910112 3.7847078 -1.1966025 2.5386288 -7.4024096 -3.0008476 0.8594482 -0.24650337 -1.6524414 1.3243392 -5.8729415
pond -2.830394 7.515611 -3.3089793 1.0649685 -1.2049716 2.4469647 4.2335505 -6.3236537 -8.847418 1.1110679 5.288 3.897822 3.0165095 -1.9211683 -3.1541336 -1.0458263 2.4976177 -0.31777072 -0.45375946 -5.52706
brook -4.9189773 6.3303347 0.7284475 6.017809 0.62852275 1.1607723 -2.6008968 -4.282279 -8.1508465 -0.48157185 5.8103733 6.735048 3.0689285 -3.8116944 -3.3849301 0.67303824 2.2188675 -1.8427179 -0.250832 -6.3473463
cliff -2.2906115 3.6507366 -0.61902356 0.6844627 1.9908285 -0.791653 3.4706497 -0.49514017 -7.1693482 0.298113 5.4031816 -1.0410911 4.3617773 -2.9808815 -2.3073542 0.0711902 2.7837656 -0.99194586 1.2438099 -7.6238317
wilderness 3.6150773 4.778846 -6.1886673 5.266316 -1.1945431 1.1375049 5.9788175 -3.3013575 -3.0978582 2.257026 3.9013698 3.1260145 -1.4537873 -5.0474033 -5.1099505 4.473739 1.7420841 -0.9513832 -3.2500286 -2.4541147
marsh -4.175006 4.3631616 -1.3331398 2.0434344 0.47412685 0.55407757 1.0163498 -3.3642418 -3.5334723 1.7890594 4.9207706 3.2660549 1.5079063 -3.109116 -1.7599939 1.307173 -1.9808723 -3.6870258 -1.219018 -6.2312584
bend 1.9384139 1.9007137 -2.0983775 5.9457784 3.66251 -3.7246926 0.46063197 -2.8598096 -7.722597 0.76858544 4.9805346 2.2291224 2.5261352 -3.3117805 -2.723187 1.7667005 2.1918316 1.0845171 2.2552924 -3.5947394
prairie 3.8865745 3.5134897 -5.5679502 3.9211094 -0.09993178 1.2097404 -0.36361805 -4.0319486 -5.6595407 -2.8645751 3.873754 5.1696897 3.814589 -6.1506886 -2.042016 2.7770052 -0.99669915 -0.7486541 -3.8136702 -3.6053696
pleasant -1.8825815 3.749254 -1.4643043 4.482058 0.6423243 2.9648442 1.727041 -2.928991 -4.2809477 -5.4101114 3.2446072 3.1689916 0.64073944 -3.7038658 -6.332318 1.0901654 4.097512 1.2977389 1.1672089 -4.4781647
maple 1.5712441 9.281341 -4.154014 0.5502783 -0.5918595 -4.679656 -4.871912 -3.6421661 -5.7115355 -0.7778601 3.4080286 5.993664 6.288826 -4.395942 5.3951535 2.1752222 -0.93407035 5.799258 0.80966085 -3.1824863
fork 1.8153021 1.5269191 0.014808796 4.6600604 2.8269296 -4.5364447 2.617288 -3.8480115 -10.614443 1.3111578 5.008003 6.539297 2.4704635 -4.3451605 -4.0799 1.5353328 -1.9482049 0.32011425 2.0095618 -3.6335137
swan -2.4557536 1.4184294 -4.486327 -0.27527636 0.6216652 -0.42760205 1.2754564 0.647473 -3.3096883 -1.3942343 4.660821 4.251223 5.4669437 -1.1432873 -1.8156213 0.09502931 0.3608628 -0.6314327 -0.65648395 -4.122383
cedar 3.39715 6.9896584 -5.339927 4.531326 -0.79503703 -2.7165225 1.6421051 -4.6280994 -7.2895617 -1.0695096 4.16609 2.9881623 4.6037836 -3.0379717 -0.7659918 1.6010486 -0.54548794 1.3548256 -1.6576896 -3.1833816
cove -2.5721395 5.012963 -7.6172214 3.4975903 -1.8152367 0.0019859904 2.9437943 -3.0247002 -7.2876124 1.4589561 5.250842 1.5681577 4.6805696 -1.5495926 -4.9204555 -0.97930384 0.5105743 -4.459047 -1.2345965 -5.482983
hollow 0.81969744 4.930124 0.64053327 1.8341367 0.7281688 -1.4265586 5.4155607 -4.2093368 -6.387185 -0.7861772 3.897112 2.4713786 6.4278593 -1.5135907 -4.026734 0.5143507 0.28357223 3.2622619 2.151034 -6.181549
rapids 3.9863808 7.5423603 -3.750361 3.1814613 -1.5427691 -4.830419 -2.6885362 -0.53373903 -10.146553 3.2879763 6.358422 2.864534 3.6160796 -3.1876695 1.4225365 1.0867537 4.341002 -1.3779444 -4.371042 -1.2036027
shores 1.1385895 2.9999726 -6.335764 1.8000871 0.6593211 2.680334 0.9722032 -3.2063081 -3.7311897 4.0745544 8.001784 0.6177207 2.0521617 -2.3722296 -5.774218 -3.3248503 0.66230977 -2.607649 -1.7513928 -2.0902438
sunset 2.7003634 3.3966348 -4.0923843 0.34585094 -2.2185178 -3.260594 4.2497635 1.0037185 -5.5077534 -5.5919113 1.8759848 0.67265594 2.3400793 -3.770168 -6.1116085 -3.594547 4.0218396 0.4269041 0.2941119 -1.5701681
dirt 3.0931942 5.807937 -2.4660604 -3.7530572 -0.9492595 -3.7019987 2.5404985 -3.7727246 -7.0365124 -1.2912447 4.594376 1.771721 1.6565692 -1.7605436 -2.2501311 1.0833992 4.2199154 1.0391139 5.2018538 -6.312658
meadows -1.7759585 7.382712 -3.9658415 1.9208508 -1.7450037 3.6834755 -0.38754538 -4.8412004 -6.0079956 1.4836805 3.5663567 2.611622 1.6504953 -4.5589485 -1.0070813 0.7322577 1.0673258 -1.2885412 -0.99369586 -7.074814
beaver 1.2854341 2.9403064 -4.6199703 1.291301 1.7723984 -3.3196545 1.4935427 -4.594169 -5.0238023 -1.638475 6.2051444 3.6955404 0.22255413 -3.8380451 -1.5441617 3.633862 -0.52711 -2.4609642 -1.3222988 -3.1610343
pike -1.9172429 1.1543745 -2.9051156 6.6031013 3.293773 -3.5794964 2.4077735 -2.841827 -5.301328 -1.2004112 4.303394 2.6362107 1.5975595 -2.8071287 -2.1469574 1.5394982 -1.2827641 -2.7710092 0.94404656 -4.893774
swamp 0.70512897 4.972558 -3.8799598 -0.010089614 0.9279795 -0.7867272 3.9843588 -3.4217186 -4.707711 3.2464273 6.5940957 1.0510536 0.35321406 -4.939858 -6.6502004 1.2797081 -1.1210375 -0.10123138 -0.9115398 -6.30634
laurel -1.6471429 3.2144113 -3.607867 1.3407321 0.40259397 -1.5833535 3.7120202 -1.8620979 -5.165746 -0.55861086 2.336809 2.3837392 3.1406682 -3.7706516 0.41052637 0.84817237 1.9802514 0.7317399 -5.292649 -3.966539
sands -2.5554821 5.618321 -2.7047014 -0.24759932 -2.1626062 -1.1330633 1.2772896 -1.3288283 -3.2288 3.6350956 4.586672 1.3642932 3.67319 -2.0550144 -4.2793155 -1.6198839 -2.0609202 -2.8483455 0.62561584 -2.300169
willow -1.1038013 4.759159 -1.8375385 0.16531241 1.6842704 -0.014074455 4.3876667 -4.9313073 -6.92571 -2.7903557 4.7616944 3.2132883 1.7537943 -4.9367805 -1.7817588 1.0419152 0.6802346 1.6558845 -1.5297396 -4.600302
bluff 0.28597283 4.403623 -4.0530987 6.7053914 1.2695062 -3.463629 4.216854 -3.3053718 -6.524117 0.9654184 4.8508735 0.5083777 3.6598513 -2.586194 -3.3526733 1.7548267 -0.38879994 -1.938431 -0.8449333 -4.6863713
meadow -1.75093 5.979042 -4.0128765 1.4411045 0.20068225 2.3606462 0.08903749 -4.8177247 -6.0878453 0.28984395 4.410215 3.0958521 1.4903104 -1.4919722 -0.72457856 0.6587589 2.399511 1.7040597 -1.5496446 -8.4005995
beacon 0.6759535 2.0402262 -3.3635192 5.344348 -2.7050319 -2.1354744 4.640887 -0.78281087 -5.2887487 -3.6009548 0.14020024 4.209713 2.4702291 -1.0304177 -3.6090126 -0.8474622 2.22167 -2.7938726 1.8196032 1.0421029
boulder 2.4649107 6.6492844 -1.0429404 3.6733131 -0.82697034 -1.2983514 0.640141 -3.3748794 -5.9521537 -0.3614715 4.044565 1.7060568 2.763825 -5.302425 -0.50127375 0.6828516 1.8409686 -1.1104748 -1.2821411 0.6991392
orchard -1.795065 6.747527 -4.4554887 0.27044067 -1.828293 0.6250589 1.0839493 -3.131837 -6.279733 -3.5166585 3.623198 3.7907279 1.9094734 -0.8095936 -0.45227957 -1.6318632 -1.6875018 0.6571648 -2.2913947 -4.0992208
elm -0.32488486 5.287781 -2.097231 1.7681282 -0.24741007 1.5234706 0.7012196 -5.222564 -1.4875917 -0.34467247 4.225221 3.5567489 5.4569 -2.7085207 -0.9814004 -1.6765896 -2.3712912 -0.13599135 -0.7475167 -5.4629545
weir -4.883546 3.722281 0.5614996 1.8186941 -0.7812333 -0.86916137 -0.1319965 0.581955 -6.2624803 0.5039119 3.6308587 2.0495727 1.6532285 0.7961982 -0.6453706 0.8383534 0.46060136 -3.5806057 2.0407817 -4.4883966
chestnut -1.7744596 4.3640156 -4.7588315 3.0363905 1.9661224 -0.8781921 1.7982118 -5.436122 -2.8405004 -0.12040819 3.283598 3.3546836 6.162619 -3.6734657 1.0006545 -0.6006567 -0.2324206 2.3602185 0.5288931 -6.79513
moose 0.107091665 2.529975 -4.122509 1.5138285 4.8882084 -4.0932565 0.74206364 -4.0573826 -4.517695 0.30977747 4.9617066 -0.40430084 2.3721905 -5.5351024 1.4934475 3.7094088 -1.7022882 1.9982591 1.0157744 -2.6945653
elk 1.1905588 3.7569225 -5.138265 3.6909118 2.5425053 -2.5350916 3.0731232 -6.8690567 -4.599826 -0.19007844 4.957749 2.5467753 0.20449206 -5.1126075 -0.780378 2.5757902 -1.1861314 -0.27121142 -2.246927 -2.883871
walnut 1.0044382 6.6783156 -2.909395 3.2914212 -0.99674803 -1.286407 1.8682932 -4.560352 -6.5858493 -2.179258 2.3304055 3.9252665 5.3711042 -2.1286395 1.526988 -1.7855242 -2.284929 2.4043646 -1.0002459 -4.2403693
chalk -0.35918608 6.796262 -0.10596185 2.2417817 -1.503893 2.591161 1.8849232 -3.5397985 -2.553134 0.017251266 3.9246087 3.13887 6.2995887 -0.22824387 -2.7805426 0.0023888357 -1.6121991 0.8910131 3.5115213 -5.8060136
forks 3.6336014 2.277985 -2.8247757 3.8655493 -0.31311503 -5.7880707 1.7495189 -1.4555496 -7.8339424 4.473931 2.3967419 2.9607108 2.7477071 0.5711011 0.31540155 -1.863948 0.96203643 -0.30315378 0.69645244 -3.3796246
lookout 1.5200394 1.4807805 -5.3191586 3.3243434 -0.9130797 -2.2003286 6.0117583 -1.9540688 -6.120921 -0.94211394 2.1542659 0.16963615 2.1577408 -0.2743963 -4.7199416 0.6071696 1.9490166 -1.8571595 0.47025207 -1.9348038
groves -2.7492247 5.9486103 -0.30795878 2.0600548 -0.059821684 1.1791898 0.91339177 -2.5704198 -2.233968 1.1219429 3.3129966 2.473847 1.2793068 -2.1602628 0.9513244 0.12427504 -1.72271 0.23675776 -2.4027126 -3.4454067
pines 0.030787798 7.181094 -5.117929 2.7082806 -0.119298205 1.3671029 2.770669 -4.8130465 -2.6388342 0.1679373 4.1114435 1.1196951 2.803184 -4.3805637 0.131247 -0.15546998 0.5179919 0.10749105 -2.2889028 -5.864767
beech -1.9549354 4.906371 -4.1340446 0.88346434 0.035408463 0.91788095 0.4612972 -6.2129807 -2.608135 3.1751597 3.583059 4.157514 4.208029 -2.9082162 1.9457698 -1.0978773 -2.0909233 -0.78071785 0.3703272 -5.285544
muddy -0.9917148 3.7477858 -2.0287192 -1.7613853 1.8006616 -0.96867734 -0.01699214 -5.067373 -4.0754676 -1.3232672 5.955332 -0.7306287 3.9893124 -5.4011855 -8.13579 1.3188967 0.5462231 0.76003915 4.826383 -5.029377
cypress 1.8819386 6.120274 -3.8603175 1.067323 -0.50167173 0.025998509 1.3388411 -3.964916 -6.1289434 0.4965776 3.1088727 2.0198526 4.142242 -5.5306773 -0.2420178 -1.1763461 -2.02385 1.6762272 -2.3612528 -4.382971
oyster -0.2003553 5.255812 -7.0726886 -1.8869859 -1.8797616 -2.1357608 2.2850645 -5.5963564 -3.8517785 -1.2578572 4.655741 4.8876176 1.1595492 -0.827964 -2.653393 0.54452705 -2.7958703 -0.6131952 0.09832083 -0.74855703
horseshoe 4.303282 3.3701055 -3.6054351 2.3751585 0.8273607 -1.2116168 2.1056602 -4.128966 -5.7599416 3.2837284 3.6291544 2.6568966 4.8216558 -2.2420213 -0.20935695 1.5219661 2.469882 1.9528526 1.176998 -5.579228
butte 1.8129405 4.570631 -3.8113952 4.409353 -0.038585976 -2.0488734 1.8753303 -5.0561347 -6.204966 2.0592158 4.0916686 0.5697135 3.146439 -5.272076 -2.0392184 0.14349324 -0.85958344 -2.888145 -3.7120574 -2.3380165
myrtle -1.7678677 4.0195603 -4.939055 0.48890463 1.505209 -1.9434869 1.0600529 -4.1572285 -5.568943 -3.378257 4.3080063 0.9827018 3.0541108 -5.6766715 0.9043692 -0.89038837 0.97204643 -0.9446942 -2.988341 -2.0933707
portage 3.51537 1.280514 -4.2599807 4.0819716 0.22536892 -1.29341 -2.9083357 -3.841073 -8.276251 0.75063896 5.1028967 4.5333533 0.7056838 -1.5500653 -1.2424707 1.4086841 0.34360117 -3.2638364 -3.235671 -2.2233665
hilltop 3.3474092 1.7703382 -3.0488055 4.336594 0.62066215 3.164833 4.349383 -1.9034444 -6.3553624 -0.8527433 3.2662468 -1.7540069 1.1158338 1.1565795 -2.2753313 -2.0926847 2.1081388 0.35169557 -1.2087876 -4.066323
snowy -1.457206 1.5406886 -6.259663 -0.9829289 0.089379415 2.0386183 1.5368643 -2.956562 -2.534003 1.294051 4.1886654 0.9056399 3.1104019 -4.727408 -6.6410766 0.7659155 3.4813588 -1.3699032 3.200437 -3.0003333
bayou 3.974141 3.0944996 -3.211764 2.9793074 0.45776075 -4.0587125 1.269211 -2.2984772 -8.164699 -0.6609842 5.297809 -0.024516432 2.4498806 -4.6785917 -5.0652122 0.9657997 -2.3250809 -2.1365066 -5.8005657 -4.6368375
mammoth 3.7816088 5.0826273 -2.5973012 -1.8324673 -1.3259685 -0.9155694 2.9171531 -3.380928 -0.5102997 -0.13156971 5.3562307 0.64070135 5.4504304 -3.7029393 -1.8749447 0.9720051 0.6672216 -2.0259986 -0.8116167 -1.4698297
redwood 2.634358 6.088781 -3.9138687 1.8471218 -1.7259241 -0.34006417 0.045458496 -2.8148756 -5.6161623 -0.84458923 3.7444081 2.0793808 2.0380332 -3.4455373 -0.8151379 1.4424461 -1.8295698 -0.8069248 -2.7377605 -2.3776097
magnolia 0.6853514 5.011575 -3.445331 -0.6490733 -1.1330433 -2.1414149 0.1251753 -2.8728166 -4.083017 -2.2712557 2.4137402 4.082578 3.2860622 -5.2070103 1.1824782 -1.7011068 -0.8294654 0.79372984 -4.094437 -2.154453
flushing -0.36765647 5.16511 -1.885149 3.693626 -1.4554217 -0.9573463 0.54186505 -2.903338 -5.8410606 -2.5031428 2.5883498 1.0540066 0.065902814 0.6905323 -2.8373175 -0.79130936 0.5244339 -0.007988651 1.3330902 0.9694416
campground 2.783654 5.58046 -7.599053 1.6235417 -2.7756016 -0.5660855 5.630721 -6.0358357 -10.353066 -2.1591523 1.3056066 2.171985 -0.9409459 -3.6967602 -0.2672921 -0.0106965555 2.2606735 -1.449489 -0.9912432 -2.4083
lakeside 2.1495612 3.8703256 -5.7442 0.6875677 -1.7122569 0.9733154 -2.589497 -1.6357778 -7.416594 -3.0226436 2.6853502 1.0281476 0.7488332 -1.2042854 1.1395525 -0.12480231 2.261484 -0.9329917 -0.030473964 -3.0001798
poplar -2.1354525 5.256413 -3.94417 5.1964602 0.5014584 -0.21710816 1.1286452 -5.0053716 -4.8435717 -0.8224211 3.1656528 1.9320501 2.437931 -0.3660938 -0.7212302 -1.1679124 -2.563265 1.5784975 -0.75605404 -3.8006842
hickory 0.8692452 5.1610274 -3.4149344 2.3175397 1.0681502 -3.8736606 -0.12148258 -5.988236 -5.336991 -3.3112643 3.866703 3.5192442 2.9327924 -4.9398026 0.8038598 -0.029797528 -1.1877298 -0.13575429 0.83672166 -4.5757256
smoky 0.47896877 2.8248312 -4.2842493 2.2649026 2.348958 0.53774965 0.7329053 -0.60618734 -2.8436592 0.09177188 4.793837 2.2411473 4.885008 -7.507387 -4.6496058 1.2732847 0.45176065 2.5394514 2.4328983 -3.709095
slough -2.1351452 4.3576956 -2.6004047 4.3878884 -0.26666227 -1.4020215 -2.896714 -2.4675164 -5.3072257 0.70221215 3.037489 0.90765566 -0.8403989 -0.27036923 -1.5004764 -0.13508438 -0.033732288 -1.9026612 1.4852525 -3.8982403
bluffs 2.4651637 4.951709 -4.139086 8.361108 -0.20167933 -0.90066725 0.5408591 -3.335989 -6.544074 1.119413 2.4626725 -0.21888533 0.3694802 -1.9708792 -2.650762 2.5096304 -1.3067303 -0.07265292 -1.4473641 -3.2004867
boardwalk 4.875438 5.322985 -7.408009 -1.1171727 -4.742876 -0.564929 2.4253204 3.0737514 -5.8892975 -0.97575295 3.1581593 0.6741225 2.6022832 -1.1857132 -3.9011211 -0.28880975 2.0855355 -0.6944511 -0.25633332 -4.086298
kettle -1.8221469 2.939042 -1.7494206 0.5221404 1.9660566 -1.3931174 2.1823997 -2.3385744 -5.0181766 -0.2480018 5.171801 3.0759568 3.5168467 -0.7142966 -1.5571998 -1.0067674 -1.2527343 1.2948295 1.5317689 -3.197439
gully -3.268691 4.3341427 -4.0947237 2.7499213 0.8600257 -0.2780455 1.4789053 -2.1197653 -5.6347427 2.7437365 3.7650185 0.12521745 1.3925267 -1.3452955 -2.7572348 -1.3867028 1.9173486 0.04958061 3.0181704 -6.8840656
bottoms -1.0949357 4.6104655 -1.5099839 -0.18129806 0.8629914 -0.8524818 3.6793983 -4.565361 -4.2572737 1.6738071 3.1585472 0.6633422 2.8036745 -3.7182362 -2.4051692 0.053715155 -0.7496876 1.5560545 3.7100337 -5.2259374
coney 2.6732264 1.6161165 -7.6703186 -2.4495223 -1.0842988 -2.2976449 0.7043194 -0.44240063 -5.9588814 -6.3291473 5.2281933 1.5810441 3.2601726 -2.2664714 -4.621857 -0.7687087 -0.26890168 -1.9851321 -2.2445214 -3.1681404
mojave 4.582843 2.8562171 -3.9275856 0.8271329 -1.5053201 -1.172697 3.8527663 -4.9406366 -4.6825576 1.9516317 3.6364405 1.2114265 1.4129027 -7.8822937 -4.5684814 -1.3724952 -0.049907226 -3.8901339 -1.3534963 2.2995243
yosemite 4.365209 3.4891226 -5.234971 1.8042179 -2.203114 -0.44932365 2.5714092 -0.86987144 -5.6322656 0.9913596 3.3502767 3.116909 1.0400565 -5.283613 -1.8066674 2.664942 2.301807 -3.3683028 -2.868823 -2.270299
knoll -1.1754552 2.7707212 -0.76419795 4.1832643 0.49172878 2.1333902 2.7899652 -1.6543655 -4.61351 2.047759 3.0503824 0.3197266 5.0344005 -0.59254795 0.49893013 -0.74990577 0.35813248 -2.2694893 -0.26563537 -4.072007
sleepy -0.80196124 3.9039874 -1.7904332 0.4621647 0.57593226 0.63604563 2.946917 -1.4843172 -4.4827976 -4.8578844 3.1319835 -0.5651426 3.8390057 -4.7743196 -5.4624763 -1.5742986 -1.7945616 1.8414922 -0.2929298 -5.545332
mulberry -1.3121966 3.830609 -3.8735094 0.30011088 -0.54710364 1.4516486 3.0432174 -4.5899487 -3.9953916 -1.2383432 3.835699 3.9768953 3.2700362 0.6179433 -1.8234057 -1.5194963 -2.3102424 1.0819521 -0.76173705 -2.9068692
serpentine 2.9104538 4.4085827 0.11298402 0.34498695 -1.6880485 2.514836 1.0318897 -2.6870825 -2.9412844 2.7016625 2.5129178 3.8704648 6.2805414 -1.8640685 -1.6849377 0.11762732 0.7873443 2.727322 1.0705729 -3.6422982
klamath 1.8440212 2.332497 -2.6807153 5.976871 1.7581031 -2.8112319 1.1422898 -6.8845716 -5.1364183 1.0259024 5.001354 2.7922559 -4.0071936 -4.3808084 -5.024189 1.9642745 -1.3360306 -1.771466 -3.285433 0.5105321
ledge 0.8650799 4.8338094 -0.77546746 2.3985722 0.91766375 -1.7190329 5.238194 -1.4232605 -7.2660875 0.8542297 5.1103873 0.0027180365 4.287727 -0.46915913 -3.0448804 -0.094664775 4.669179 1.5851246 2.1570456 -4.754157
sycamore 0.9631244 5.429393 -2.734776 3.6272051 -0.6490825 -1.5697614 2.11504 -4.211021 -4.617418 -1.5007145 2.472964 2.8442976 2.3925292 -3.2511306 0.5055085 0.11061854 -1.6707487 -0.3068354 -2.0548623 -3.767017
rainier -0.068856835 2.0541797 -3.309433 1.5363556 -1.8690077 -0.19368246 1.0274347 0.1650942 -4.654784 1.5138736 3.4642568 1.51198 3.7656054 -1.17986 -1.1925597 0.15228832 4.1386466 -3.1450703 -3.6208398 1.0646478
palisades 3.9205031 4.178652 -4.5359373 4.189323 -2.0545406 -0.4782828 1.089829 -1.4137248 -5.2966 -0.6084383 3.4429345 0.79380274 2.7680016 -2.503385 -2.9011211 0.6293418 -1.384678 -3.2078881 -0.30042416 -1.1104771
everglades 3.4814348 5.983432 -4.3440857 2.3023942 -2.3314273 -1.136953 2.4389813 -3.0351744 -3.4509938 2.649415 4.6095533 0.08856513 -2.3851213 -4.0061936 -3.7283466 4.1781564 0.21098681 -3.9771407 -1.6074657 0.27534175
pebble 2.0929132 4.905213 -2.9955158 -3.2339246 -4.0567017 -1.6036656 1.4352064 -2.181204 -5.6699166 -0.70463425 2.301799 3.9588876 4.085726 -2.0820432 -1.6996809 -0.5826018 2.403837 -1.7884473 0.6696781 -3.0394487
cavern 3.4748273 5.7337084 -1.1965696 -1.6852179 -1.468121 1.578026 4.123886 -0.8050093 -5.572551 -0.46891174 6.0623837 -0.49847892 4.709269 0.6957748 -3.353975 -2.4927106 3.239088 1.3678719 0.6638277 -2.6385891
tahoe 2.446791 2.9213655 -5.2240105 -2.2034235 -2.4753597 -2.7829754 -1.5561653 -3.2798393 -8.115342 -0.20154248 2.6967528 2.7712116 -0.068886735 -5.9965053 -1.1756616 1.2194724 1.8703752 -3.60938 -2.067153 -0.16495095
paddock -1.5283642 4.4715223 -4.4518805 0.9678678 -0.23771153 -1.9974631 1.5438457 -2.104685 -5.1029143 -1.2608901 3.714734 0.10719165 0.2901414 1.648192 1.6980171 2.1370301 2.30641 -2.41434 1.8089474 -6.5458627
lakeshore 4.6028895 4.081677 -4.5927687 3.913052 -2.1724925 -0.6931929 -1.5562783 -1.2177641 -6.7988834 0.00049672177 2.2664354 2.30883 0.62074715 -3.0616527 -1.1062566 -0.35845926 0.23928 -1.4369905 -1.0504926 -2.6681235
hemlock -1.0721655 7.190817 -2.4004571 1.9585706 0.08914722 0.10687578 3.5005064 -5.0484843 -1.5657843 3.0909698 4.4777293 3.849964 1.4803653 -5.2037888 -2.6359193 -0.6973982 -3.0619524 1.5443983 -0.16751322 -3.8086274
caverns 6.2622075 6.7823358 -1.8671253 0.0892672 -3.4455311 0.5019559 6.0051436 -3.0264046 -4.923418 0.68732506 4.8151903 0.42449182 3.4320123 -1.3300942 -4.9749107 -1.3066067 0.8150583 -0.6099779 -2.0986018 -2.0866096
barrows 0.21125913 4.3445573 -1.7056379 3.4842746 -1.0632293 0.15812981 1.9241016 -3.7395618 1.753066 0.6208239 2.231414 -0.09540517 3.9562817 2.1185691 0.7280283 -0.39314753 0.7124306 -1.4127759 -1.1494539 -7.362206
byway 3.9770951 2.537591 -5.494141 8.666079 -3.482245 -3.6893833 1.5949714 0.032026533 -7.7191553 3.2361882 0.20586485 7.714617 -0.062695235 -6.9753776 -5.074339 3.221687 3.066191 -2.8314373 -3.534106 -4.7636275
shasta 0.6687403 2.5371711 -2.7988663 2.1310508 0.07768237 -0.6304481 1.6329862 -5.51477 -3.846033 -0.6234566 3.1872046 3.1276512 -0.15231603 -4.266151 -2.0840347 -0.11553064 1.5672349 -1.8435944 -4.4927006 -0.5848263
chaparral 0.7305153 4.6801786 -3.4272635 0.5291888 -0.8253037 2.4547982 1.3844955 -5.609318 -3.1921136 4.1632724 1.8245132 2.5882504 0.65112543 -9.872931 2.4701953 0.67080545 0.42874932 -3.4780135 0.77309203 -3.539141
cottonwood 1.5671806 6.0980563 -2.2631943 3.2964003 0.38845402 -1.7960813 1.6541778 -5.891138 -6.027364 -0.80054665 4.5700097 1.8125917 0.6253742 -5.686905 -2.0049744 -0.40799227 -1.5223342 0.18215896 -2.9168563 -3.6406717
seashore 2.1615994 2.5815244 -6.362481 2.134085 -1.2219889 2.7373211 3.6268783 -1.7881784 -4.443674 2.547406 3.6749847 1.7568568 0.35063204 -1.9837362 -3.1512387 -1.7486867 1.9313672 -1.6468254 -2.047348 -1.4863095
arrowhead 4.2997484 3.3463438 -3.006012 1.5375587 -0.724039 -2.5565321 2.0462961 -2.3343027 -5.086335 1.5259386 2.5805018 0.9009022 4.0387893 -2.753439 0.3951261 1.8485309 0.8319452 -0.04931088 -0.651696 -0.1889967
vermilion 0.44942248 1.9467456 -2.274304 3.7779465 1.1721733 -1.6139674 1.0685393 -4.5751824 -3.0872958 1.0575567 2.5737035 3.7558982 3.506251 -0.7029495 -1.6184388 0.4258918 -1.5819467 2.2457855 -1.6056606 -2.220429
gulch 0.019232005 5.617019 -3.2870889 0.5737682 -0.4077998 -2.990215 3.226099 -3.1404073 -5.5184407 1.4371141 5.27002 -0.27110833 2.473894 -3.8559577 -4.500022 -0.50134045 -1.0702798 -1.5219764 -2.5369616 -4.383065
narragansett 1.3665819 0.6488008 -7.494583 3.0323045 0.44301802 -3.388731 2.798905 -3.0724049 -1.5541903 -1.2600276 5.021387 1.1825125 0.24992177 0.5205586 -3.9369998 1.5573869 -2.639209 -3.0347064 -3.003343 -1.4232042
klondike -1.0520842 4.2631955 -6.4984393 -1.7494885 -1.218375 -5.0112176 0.15978152 -1.645723 -1.7344915 0.3370004 5.87973 3.120649 1.394195 -2.7640111 -4.0706377 1.7770866 0.44921574 -2.2670527 -1.5899494 -1.2292643
bushy -1.8939474 3.6555336 -3.1566343 1.1704963 2.2741833 0.8924946 2.0659134 -5.0205336 -2.3209195 2.7410872 2.582763 1.9481397 2.5981867 -3.7306097 0.59808797 0.6059043 1.04235 3.8485553 2.1760786 -5.92823
shoshone 2.043599 0.44680363 -4.8740244 4.9617753 3.7734659 -2.3767319 3.5146546 -4.6250086 -1.51261 0.53988683 5.4236574 1.4215815 -2.3862958 -4.733014 -4.213096 1.9385388 -3.9294298 -0.52092624 -4.3531733 -0.8428416
glens -0.31957605 3.3939962 -4.373819 4.2007427 1.602821 -0.60333747 -2.3139522 0.34971777 -4.3359227 -1.0571039 5.6890073 2.1002383 -1.3811649 -2.483118 -1.6079918 0.38880622 2.6551142 -1.0531145 -1.574468 -5.973829
hatchery -0.13828602 7.216287 -5.7371483 -0.035488077 -2.3517718 -2.077821 2.3025987 -7.7642145 -5.469048 1.5574216 4.226941 4.7095046 -2.3815615 -4.636202 0.79589653 2.112846 -1.3485184 -4.9422145 -0.57829547 1.3426657
wattle -2.3016603 7.25494 -4.65762 3.0769992 -0.61699057 1.4523783 2.0931718 -4.456635 -2.0212834 2.9828563 3.167425 4.4287505 4.0993156 0.06884458 0.99807703 0.20207953 -2.6663175 3.8063529 1.3666809 -5.960762
trailhead 1.8268698 3.5170949 -3.8338897 3.1533158 -1.9192135 -2.0028827 2.5897708 -3.6866722 -9.984544 -0.2953388 1.401449 2.96487 -0.56319636 -5.2414002 -3.8718448 -0.15986298 6.374074 -1.6848007 -0.6276455 -4.688453
teton 3.2110953 2.6299088 -4.8207664 3.577586 -2.156886 -0.7844882 0.069804005 -1.6934634 -5.962412 5.9504657 1.8413581 3.752915 2.572682 -4.82054 -0.97003126 1.1750009 4.4327087 -1.1689051 -3.951645 -1.8283203
whitefish -0.61938566 1.6380792 -4.846272 0.9707642 1.126831 -2.8459103 0.33986333 -7.3296456 -3.8366797 1.6641731 3.9355874 4.562701 0.2918879 -5.9855843 -1.8992285 1.3402066 -0.7493912 -2.843171 -0.41481784 -0.9920414
palmetto 1.3738846 3.6901536 -4.399185 3.7908733 -0.08037196 -3.2837517 1.3027458 -3.961781 -3.6735818 -0.5464645 2.1412995 3.0041814 1.1840318 -3.7652752 0.12787053 0.8993867 0.4118306 -0.43124184 -1.7475396 0.11461652
hollows 1.6332954 5.080088 -0.21520889 0.29125577 0.42800626 2.1077461 4.424954 -5.186454 -2.6578143 1.0294545 4.114551 -0.024336655 1.9786794 -2.6278608 -1.9035273 0.84595454 0.90507996 0.9512136 1.8844235 -4.7733345
manatee 1.9902592 3.7259262 -5.3377843 1.4046009 -0.33664945 -1.0011587 2.009132 -4.967983 -2.4036472 2.0279436 2.377786 1.6578054 -2.1181507 -5.7957354 0.7303707 1.4469438 0.5458449 -1.7238022 -3.2553349 -0.85840595
lode -1.2925798 5.321865 0.03198875 -1.3548898 -1.6823846 -0.610848 -1.518699 -5.0270762 -1.8852543 1.0096425 6.348043 3.070899 2.94943 0.5090242 -4.022452 0.5780123 -0.4307497 -2.8423033 -2.146759 -2.5807548
briar -3.0430067 4.6970406 -1.903934 0.938401 1.9525754 0.2470183 1.8055795 -3.1287847 -3.6720674 -3.5925558 4.4209595 2.7566555 1.5201917 -3.8557668 -0.22798258 2.3466654 3.8146818 2.2603736 -1.9160455 -1.6101003
yucca 2.5334437 4.182818 -1.6577469 -1.1709218 -0.81920385 -0.13344519 3.5220869 -7.00686 -4.6896105 3.2933626 2.8676312 4.418574 1.0435786 -5.693668 -0.4138932 -0.03315946 -1.1741245 0.5982171 -3.5854812 0.98359346
lomond -4.6530523 -0.98954004 -6.0551047 0.33820602 0.76793253 1.6910584 -0.7174178 -0.25838426 -5.218871 1.6095399 3.2420528 3.713324 2.7469509 -2.104152 -3.9482303 -2.4058073 1.6933137 -1.7612619 -0.96531945 -7.3275013
cannery -0.676041 6.4709053 -5.194885 -0.7897464 -1.4600651 -1.4513912 1.3613225 -3.9142609 -4.2376337 -2.3963435 4.734264 0.27087587 -0.9311871 -0.86265475 0.6533416 -1.1137506 -5.4778304 -3.634867 0.2976915 -1.6548502
riverboat 0.97993314 2.5991201 -5.948582 -0.78371894 -0.78437436 -3.5116405 1.3392539 -0.05517987 -4.711784 -3.3070443 4.9068694 0.45795885 0.9370497 -0.98248607 -2.2541368 2.6449785 -1.9068493 -3.6158435 -0.30202582 -1.4649438
ponderosa 0.8677584 6.310301 -2.2528605 0.6089122 -0.9585165 -0.38682315 1.8084937 -4.2106986 -3.6201062 1.8015435 2.1888018 2.7589293 0.7245176 -7.3293867 0.6045168 -0.14624812 -1.147611 0.42295143 -0.32254902 -5.308678
mesquite 2.3504763 5.699755 -2.8847642 -0.07560448 0.06531026 -1.455475 0.28125238 -4.9179444 -5.382681 0.11078335 2.6405506 2.4561465 -0.22090718 -7.8203983 1.4788601 -1.3742466 -1.2706144 1.2712698 -1.6715075 -1.6010394
gravelly -1.5754848 3.704932 0.40788642 2.3413415 1.3077916 1.9164495 -0.5638326 -3.9008079 -3.5937653 0.5758561 2.9363127 1.9426088 2.5531 -5.6890535 -3.965108 -0.8383557 -0.64523274 1.3876429 4.0398197 -6.549238
badlands 3.0183558 2.9793675 -2.2985384 1.0624148 -0.47653574 -0.32793218 1.546687 1.0717528 -2.2558446 1.1067481 3.5358977 0.17581795 2.0542076 -6.2282023 -4.6668453 -0.50939333 -1.252845 -0.84837025 -1.2102255 -3.198073
wildflower 0.825099 6.4914074 -3.9125307 -2.0260744 -2.2185047 0.76934296 0.29388738 -3.5349045 0.04971332 0.052659582 2.355114 4.967152 2.4512944 -7.0356116 0.224038 -0.44218472 1.2343155 1.7501115 -2.4150853 -3.5038
glade 1.0215228 4.1348176 -2.5156827 0.21115701 -0.60536265 1.6059483 1.3136139 -3.3551955 -5.659247 -1.1372173 3.9336777 2.2445037 2.407488 -2.9164252 -1.0115927 -1.4725685 2.2040799 -0.43778142 -2.9453614 -2.65596
deadwood -0.47567973 2.1542625 -4.1036944 0.7570285 0.1611953 -2.828773 3.10888 -0.20603171 -2.1803784 -2.5552619 2.644509 -0.6281275 0.35081598 -4.3335834 -3.0892382 0.13231173 -1.2546182 -2.2408044 -0.14484543 -3.5148463
oxbow 1.5473397 3.035319 -1.0078158 2.0861642 -0.70681316 0.9364174 -0.44280574 -3.0845153 -4.0978026 0.94691664 3.2702696 1.8172985 1.537623 -3.6005216 -2.5253391 0.16757396 0.9408204 -2.1340442 -0.69408387 -3.497649
flume 0.763322 4.55638 0.47967815 -1.9868478 -2.6631367 -3.175856 2.7964203 -2.4377189 -7.320919 -1.0811878 3.4773383 3.5786514 3.1401894 -0.8843691 -2.710884 -1.412925 1.6032374 -2.2273376 2.2403862 -2.4210906
piney -0.094363965 2.3213122 -3.1718004 3.2739656 2.0516808 -0.85068214 0.69272184 -3.73545 -6.6727476 -2.8285139 3.5601106 0.33767727 0.51177514 -4.7879367 -2.2534032 1.7895398 0.4195025 -0.18837175 -1.3414618 -3.6172667
glades 1.509835 4.2775917 -3.72041 1.9698038 -0.7543426 1.2964251 1.6317221 -3.2844527 -3.588836 1.4119992 2.4683986 2.0439608 0.7498531 -4.992783 -1.1640358 0.083091125 1.5762652 -0.7628101 -0.9230656 -5.0572863
millstone -0.5743992 3.8666065 0.47823814 2.9931655 0.2008142 -0.6741059 -0.11182292 -3.1247568 -3.4050586 -0.3405755 3.7000206 2.602506 3.0362692 0.5223819 -2.6703238 1.0283891 -1.5525869 0.75976217 1.9813894 -4.351588
roadhouse 0.07416706 3.0157433 -4.851627 -0.5238595 -0.5991977 -2.0124567 1.6189387 0.052511077 -6.2441554 -5.365591 3.262031 1.8398093 0.6534521 -2.102488 -1.701905 -2.863759 -0.71021205 -0.88170654 0.02708404 -3.1557457
sugarloaf 2.2839425 2.1737478 -3.7814121 3.2983444 -0.17657995 -0.31279966 0.34696344 -2.9791205 -5.1376934 0.8768256 2.9903727 2.181323 1.5535305 -2.8572474 -1.8686787 -1.5073372 1.6202886 -1.2458342 -0.18295152 -3.8509219
manitou 0.4634457 1.0516571 -4.206851 1.7643976 0.18292823 -0.36363053 0.11125819 -3.0975106 -4.996694 -1.364032 3.559309 3.1243281 2.334683 -1.8284405 -2.228987 0.553288 -0.1328796 -1.2035985 -2.4417372 -0.71073586
yerba 2.214116 2.6994052 -1.5830923 -4.029749 -0.087745674 0.36301318 -1.5198965 -3.6267598 -7.0758643 -0.9197823 4.1065216 3.259974 -2.7375057 -5.9515038 -1.0058581 -2.4297287 0.20162027 0.07526179 -5.0979533 1.4757688
perches -0.4361774 2.7541397 -3.2726567 2.0389814 1.1738696 -0.45249766 5.2592506 -7.9525423 -2.3883762 0.6557956 1.2810255 2.103854 0.63437307 0.43767723 0.002874194 0.4875995 2.8120904 1.9523288 1.9005507 -5.4810147
fairway 1.0159171 2.616381 -3.4554513 -0.17293023 -0.41318965 -4.098909 0.38874966 -0.90830433 -5.1695185 1.3800586 3.263409 1.1552967 2.0349052 -0.34118056 -1.075773 1.2178662 4.000025 -0.8802898 3.0259366 -4.392714
trillium -0.2946666 3.466099 -2.699941 0.30137193 -1.7514608 -2.2131836 -1.6823592 -3.4218135 -2.1918254 0.64021534 0.6678058 6.606262 1.2619175 -3.7107012 1.7326868 0.6715053 -1.0005853 -0.07952317 -1.6779673 -0.3698486
headlands 2.6780097 3.1184618 -3.972697 2.9907517 -1.2850034 2.603971 2.2376323 -1.7929689 -3.5039153 3.432043 2.2403789 0.8536291 2.233677 -3.8218043 -1.1976491 -1.4653038 1.224032 -2.257255 0.65188 -4.928103
vermillion -0.04612069 0.77200884 -1.7403806 3.0120246 1.779754 -2.495121 1.5063607 -2.0243278 -2.720479 -0.84036213 2.3342705 2.0633237 3.6972477 -3.2516584 -0.98021317 -0.61873907 -0.97971463 0.9696697 -2.0645854 -0.23540561
barrens 1.4461119 6.405372 -2.6824212 3.8166516 -0.15579814 0.6173703 1.9946136 -3.646527 -1.9597962 1.8524731 4.506156 2.0141742 1.0196328 -5.8169837 -3.072698 1.6348611 -2.4294603 -0.35962695 -1.111373 -4.3769016
hammock 0.7201054 4.4558725 -2.3987317 -0.3493451 0.3941622 -0.8301095 3.7921221 -2.5915656 -4.168429 0.3536384 3.2543476 0.9828528 0.7941582 -3.709813 -0.83008105 0.034913205 0.64545035 0.8906152 0.6664389 -2.3836212
firs 0.05545734 4.655753 -4.0324445 1.2402103 -0.709205 0.18663286 0.48139766 -2.8170953 -1.3314129 3.4049191 1.9954056 1.6619613 1.1591979 -0.75599265 2.8931448 0.17424344 0.7313394 0.45564556 0.026894974 -4.4462867
okeechobee 1.4818516 4.037118 -2.611767 3.7472775 -1.7922438 -1.7117953 0.16109523 -5.380888 -3.450189 2.3034778 2.9163864 -1.6145133 -0.89834744 -3.8049502 -4.0300446 -0.7509054 1.2681712 -4.616256 -1.9225651 -1.2089463
dogwood -0.15724826 4.995416 -3.4966512 1.0633296 0.5108341 -0.22708674 0.7911232 -4.3988843 -2.1139276 1.3755697 2.7380226 4.577556 2.8304992 -5.3960195 1.7164223 -0.98212874 -0.30546907 2.8226426 -1.7361132 -1.7411262
coulee 0.31495807 5.5888534 -0.76499546 3.1768975 -2.6405175 -0.61632633 -1.8972975 -1.9620771 -7.54737 5.235457 4.6058917 2.5711522 3.8257856 -0.72099745 -3.388836 0.19720584 1.6565342 -1.5077279 -3.5557544 -0.94709575
pecan 0.10820555 6.1830854 -1.8787451 -0.37125573 0.10894846 -0.99273294 -1.3158094 -4.761249 -3.4030023 -0.6537304 3.369031 2.2228796 0.33868575 -4.6783314 0.19746578 -1.1388599 -2.4647763 2.1120656 -0.9808149 -3.680851
thicket 0.15785722 3.0869002 -1.9672897 1.0402111 2.053199 1.3408415 3.7768388 -3.1462996 -2.757676 2.0721 4.8222475 1.5929403 0.22509728 -2.5084877 -2.064038 -0.10436559 0.7288289 1.2161511 -0.6302055 -5.114521
mossy 0.024011249 3.3320384 0.32112256 0.4065274 1.8172387 0.6715365 0.9349194 -5.2064323 -4.818714 1.7052542 2.7207613 0.91578585 1.4308919 -5.0418425 0.4068013 0.5938052 0.9152554 1.1315264 0.65186954 -3.9514036
reedy -2.1508963 0.84341496 -0.38122272 2.8981276 1.3770325 -0.7994484 -0.22603326 -1.1280818 -3.878984 -0.8699291 2.4104755 2.3214786 0.7430284 -3.6871877 -1.580086 1.1797955 -0.0041133785 -1.99564 0.3268637 -2.8409748
beechwood -1.0818967 4.4258647 -3.680042 2.4069657 -1.1984748 0.5165901 -0.91858566 -2.0334368 -3.4330854 -2.965926 1.8765175 1.5314176 1.9347744 0.8338214 2.05832 -1.9569626 -0.32990694 0.15446658 -1.7664943 -4.4746695
sandhills -0.013119169 3.7972546 -3.6431437 3.6058438 -0.7254841 0.951602 -0.8299061 -3.9987233 -2.6107488 1.3388156 1.9829053 1.1983253 -0.411717 -3.343287 -2.4215913 -0.19586655 -1.113555 -1.3927456 1.0994195 -2.6983242
wisteria -1.0549984 4.402846 -1.6946905 -1.2254559 0.009328618 1.256412 2.9620802 -3.1303499 -5.0202975 -3.7260177 2.902667 1.4083629 0.41661343 -2.168674 -0.25137526 -1.3387692 1.7445015 1.2945538 -1.50162 -5.6596303
swale -2.8165486 0.6847988 -2.5220418 2.7048552 -0.5586219 0.6084863 -1.910894 -1.5909845 -3.2915065 1.251978 2.0736904 2.036592 0.07396186 0.67959946 -2.1822975 -0.73936677 0.7466835 -2.7714803 0.07140978 -4.7712927
freestone -0.93021363 4.759734 -0.4600089 3.5763803 -0.7195637 -0.28626016 0.035378944 -2.1128018 -2.471228 0.80997145 2.9521596 1.4488646 3.350681 1.7772565 0.14784744 -0.43986335 -2.3955538 -0.24992779 1.0537161 -5.471762
ironwood 0.2732909 3.8476439 -3.6191223 1.7612896 -0.35236832 -0.29033622 0.91974264 -3.9255857 -2.5366843 1.6393286 2.3276565 3.083593 2.0387414 -3.7008004 1.0001289 -1.5615293 -0.9698892 -0.061938103 -1.5191598 -0.84902817
chalky -1.2168269 4.5325155 0.7740913 0.5845068 1.5189486 0.66643673 0.36382917 -3.8510273 -1.2180265 2.9652944 4.103218 1.9240714 3.0062706 -2.5026643 -1.3778878 0.5329682 -1.3027672 2.3452203 2.0808828 -5.3614683
diggings -2.211751 6.2270217 -4.5488486 1.1708899 -1.431493 -0.06520049 0.5800633 -2.7349665 0.23371977 1.0824428 6.2808084 0.86000496 0.9380448 1.6101375 -3.365758 -0.6365035 -0.74689984 -2.1970708 -0.101441726 -1.7009209
haystack 0.28122044 2.3892107 -1.3860049 0.55566907 -0.06702971 0.257804 3.5117111 -2.6641943 -3.2157154 -2.5054324 2.5741503 1.8239748 3.570567 -2.1467266 -1.4457728 -0.41900766 1.9979979 -0.4295815 1.1665617 -0.010712922
knolls 0.89090496 4.4642315 -1.418599 3.3831916 -1.270879 0.4050339 0.052459583 -3.7577996 -3.805164 0.93890667 1.4386432 1.0399808 2.2045567 -3.0589008 -0.18309191 -0.79177403 -0.7503263 -1.7440785 -0.29218116 -4.4025373
adirondacks 1.8759482 3.5513992 -3.6341736 2.0763502 -1.3299172 2.4240386 -0.7151173 -2.8708375 -1.0815438 -1.3839281 3.443667 1.3841412 1.4813554 -3.1960213 -2.7194986 1.2745457 0.010967679 -2.0640259 -1.030041 -1.0277542
elysian 2.348321 2.9349525 -0.6429097 0.6720299 -1.475626 3.2875881 -0.10999615 -1.626781 -4.078607 -2.9206328 1.7714014 1.7847487 3.6969838 -3.851427 -0.65572774 1.9570451 0.6284316 -0.5826491 -1.7257129 -1.2197208
tarpon -0.2810725 3.3836703 -4.3875346 -1.3232553 -0.72280806 -1.7568357 1.7164885 -3.913559 -2.764183 0.1478536 3.59667 1.3882347 2.460554 -4.117909 0.19552891 -0.39433438 0.44601098 -3.1124675 -0.32333797 1.026452
cobble 1.1434958 3.764565 0.055490516 1.6973314 -0.8917525 0.78785443 1.0160364 -3.788051 -4.119151 -0.5913704 1.3052062 0.09565869 2.476423 -0.8611357 -1.0525926 0.56538445 -1.7073588 0.6123054 0.9235336 -3.834066
brushy 0.538373 2.6550505 -1.585281 3.0242605 1.1587017 -0.23292933 1.3044337 -5.350804 -3.9403117 1.2100872 2.6545997 1.0382454 1.0540608 -4.6833715 -2.6580627 1.6750118 -0.48413017 0.0773152 -1.0913016 -3.911454
waterhole -1.356458 3.1116047 -3.1067371 0.23547553 0.46727338 0.14973497 3.451146 -2.8970215 -4.6218543 -0.3447597 3.9886081 0.46580437 -1.1708581 -0.82886195 -3.2292216 -0.9754748 0.7054607 -0.61126685 -0.007113678 -4.3781176
shrubbery 1.2511967 6.11121 -1.8311296 0.7414402 -0.53765666 2.4699752 2.7500262 -3.7588325 -3.1979787 0.59554213 3.6974173 0.7776525 1.1120965 -0.31162113 -0.39321598 0.42934492 1.1685634 2.0888567 1.7987972 -4.9054437
cheviot -2.3767676 1.8864931 -4.298452 3.20273 0.5312211 1.1411549 -1.1591579 -2.1120372 -2.9698567 -0.5231135 2.7585087 0.923514 0.07349914 -1.026718 -1.9609926 -0.6192726 0.57239133 -1.0320313 0.4223255 -4.94858
smokies 2.3193843 2.962418 -2.7530723 4.141154 1.2997413 -2.03973 -0.60564107 -1.8494763 -0.65645397 0.7628972 3.822244 -0.54021615 2.0059042 -5.17954 -1.3228601 0.33853406 0.42274323 -1.6628466 1.4721124 -2.1367795
moccasin 0.7564094 2.3448937 -3.809712 1.4070543 0.6539337 -1.5318695 2.0557284 -3.2595925 -3.4478693 0.23408358 2.9614153 1.8300982 1.9014349 -2.8749638 -0.60367537 1.297797 -0.14743483 -0.73914975 0.39672193 -1.8727651
byways 3.486194 1.0035745 -4.7621646 5.296382 -2.7706537 -0.20685776 0.78926575 -0.12703653 -1.8995316 0.03634593 -1.905962 4.272269 -1.9565442 -3.4853823 -1.4108373 2.7615013 1.5121822 -2.2423058 -0.7549913 -4.6285515
tamarack 0.6035693 4.264503 -3.3803961 1.0916555 -1.0834814 0.33461204 0.20381188 -3.850282 -3.4736419 0.5103233 2.3602126 2.622643 0.99373 -3.257807 0.16455238 -0.41800183 -1.057737 -0.35768726 -0.702569 -2.226907
cockle -3.0552878 1.9825475 -2.154425 -0.47091925 -0.03595872 -0.04422409 1.1790049 -3.649045 -2.057689 1.3499062 3.2234037 2.7227087 2.7990155 -0.459229 -1.2310214 -0.42959028 -1.8623239 -1.8640974 0.7611566 -3.2788749
monadnock 0.4486869 1.9905487 -3.13729 4.526809 -0.64779204 -0.34658855 1.0699697 -2.1689212 -2.7753503 0.26379132 1.6753463 2.5816388 2.5329297 -1.4497927 -0.90758026 -0.420507 0.08498732 -1.3273102 0.4514783 -0.6691315
coppice -1.4786315 5.9814925 -1.9946213 2.0445952 -1.1322557 3.3269947 -0.134271 -4.9520392 -2.0741935 0.7954767 2.4177995 2.8355865 1.3713259 0.1811874 0.5743324 0.96286935 0.2646697 0.88193166 3.0792959 -5.4569697
timberland -0.019660912 3.4947236 -3.1235516 -1.0143443 -1.2273238 -1.8367666 -1.1069319 -3.272456 -3.512918 0.5312306 2.2882478 2.4060628 -0.8687983 -0.5502273 1.8989925 1.2923996 -3.6361005 -1.7310965 -0.7802537 -1.9446685
larkspur -0.92830473 2.9161592 -3.2502935 0.18038839 -0.36217526 -0.77398455 1.5001323 -3.700819 -2.608395 0.72017205 2.5847802 2.5189059 1.6575075 -3.6420345 0.862973 -1.1698259 0.46446145 -1.6537197 -3.1015983 -1.6599485
impounds -3.090449 2.7936864 0.30948466 2.1102033 -1.4438796 0.36288035 -1.8519864 -4.726059 -7.72585 5.4835978 1.8421327 1.3058069 2.3654923 -2.0888982 -2.2313347 0.6101195 0.33438003 -1.8744167 -1.2275114 -0.8712073
saltmarsh -0.570546 3.2105606 -2.6834831 1.7861766 -0.31278282 1.3608165 2.0740294 -3.2430782 -1.1230068 3.5791302 2.8728874 1.6779674 0.8331425 -2.38797 -1.067653 0.7188587 -1.0288155 -1.9441247 0.4516319 -4.0193653
sheepshead 0.74741155 2.2221456 -5.491105 -0.56796825 -0.60376734 -2.417452 -1.2493645 -2.7503583 -4.2584057 -1.76688 2.6462023 -0.671731 2.4589999 -3.9400442 0.05055332 -0.71914864 0.99973524 -3.1299 -0.91355777 -2.1415837
punchbowl -0.11312215 1.6153458 -4.06845 1.5663639 -0.9726789 -0.5939593 1.2687294 -0.6504003 -3.0979264 -0.18845664 1.644108 0.39086497 2.9878895 -0.5608023 -1.6790463 -1.759761 0.9406763 -0.7249529 -0.20419762 -1.7606337
trailheads 3.040021 3.8982878 -3.7811346 3.0478044 -2.9043105 -1.170121 3.2904906 -3.1704879 -5.098382 1.1591687 0.0061248685 2.5052426 -2.31416 -2.004803 -1.261576 -0.6019936 3.6742544 -1.1383072 0.52868176 -3.5011783
timberline 1.0958598 2.3052826 -3.6016784 0.7336384 -0.2957282 0.52122164 1.0308508 -3.5793903 -3.7288563 0.31965095 1.9450858 1.4062339 1.7483121 -2.9676936 -0.16249712 0.9869518 2.275071 -0.6859252 0.3234538 -1.4595499
bitterroot 1.4333469 0.2369142 -3.3144433 3.2195485 2.0502632 -0.46126428 0.36234975 -3.0966754 -2.2301943 1.8258967 3.635393 1.694548 0.6751427 -5.0983176 -2.4000087 0.24163072 -0.321477 -1.1196744 -1.3212118 -1.1110922
camelback 2.667147 1.7563505 -2.5749958 1.7955104 -1.2652812 -1.3262403 0.93458605 -2.0150166 -4.6878724 -0.62712777 1.1804671 0.06365704 2.6235316 -1.3065485 0.19713256 -0.29620796 1.4609487 -2.3616672 1.0522861 -3.1920366
bottomland 1.4583429 5.1889095 -1.9266348 2.1589637 -0.71218586 1.6960022 0.24722442 -4.779779 -2.5345368 3.3756273 3.660333 2.0837655 -0.46625242 -2.9823036 -1.4258324 0.88314134 -1.1860758 -0.15633501 0.36874366 -3.956366
scrubby 0.13990979 3.3225145 -2.9075096 0.40808123 0.941293 1.7927395 1.2667376 -5.1399813 -2.1305516 2.859289 3.6103985 0.9423646 -0.16351382 -3.4240897 -1.5089657 0.25078952 -0.04576699 0.9007625 1.3814114 -4.453838
butternut -0.56787026 3.8184743 -1.9390657 0.5516129 0.4374963 -1.0761167 1.0341308 -3.5026152 -3.0305972 0.6154501 2.6870174 1.9888018 1.2401667 -2.015914 0.6140329 -0.8241049 -0.71864647 1.1251978 0.3314514 -1.9004849
buckhorn -0.07486198 1.8144348 -1.9766874 2.3528297 -0.032044854 -0.8118001 0.07099288 -1.9407874 -4.978538 -0.50539273 1.1111319 1.2277837 0.9804552 -1.6399075 0.5072187 -0.06464407 -0.10063679 0.011944551 -1.0678916 -1.7712958
sawgrass 2.8240983 3.1148036 -2.3335478 -0.75215167 -1.051768 -0.4341738 -1.8687454 -2.830369 -4.665494 1.9040082 1.8087796 0.10335646 0.0022676568 -3.5589955 0.774199 -0.04255973 2.177982 -0.41824692 -0.7792158 -1.7766215
bayous 2.202206 2.897872 -1.939117 2.384577 0.48794585 0.44730395 1.1263599 -2.9067872 -2.7635193 1.0796057 3.5371387 -0.21736589 -0.7630364 -3.133938 -2.9326189 0.37157583 -1.7047577 -1.2079978 -0.6964507 -2.4788373
alewife -0.45837408 1.3811241 -1.2011276 3.227139 -0.4887612 -1.2965816 -0.2964432 -3.2339528 -3.6930313 -0.026705245 0.9122286 2.8847604 1.0361834 -2.3516746 -2.1037772 -0.35466138 -0.49544087 -1.9262838 1.2581174 -0.7940178
winnipesaukee -0.24447204 1.4029874 -3.2667553 2.0583673 -0.28026167 -0.006604589 -1.8552899 -2.0976262 -3.9147103 0.05186132 3.088645 1.5777022 1.6434579 -1.9614334 -1.7625867 -0.64001745 0.12179181 -2.063799 -1.3359231 -1.1013705
millpond -0.71266025 2.7264524 -0.11267372 1.4904704 -0.6759748 -0.19410038 0.38176894 -2.3975554 -4.5611944 0.36982235 3.6450574 1.6285982 1.2899362 1.929911 -1.1691068 -0.3047844 -0.20057864 -2.060639 0.7499812 -2.3218389
canyonlands 2.3599613 2.181907 -1.8773109 2.8820972 -0.8051531 0.26724282 0.18945096 -1.7767332 -3.3137932 3.4153986 1.5169553 0.6297475 1.116885 -3.4688947 -1.1948723 0.4866757 0.4713411 -0.420963 -1.7008468 -0.98719585