Centroid_166 2.9901509456612048 -2.3605688278249732 -0.13206247923278652 0.2855167300327868 -1.37788632020765 1.8208479142459015 -0.7474106311639346 -5.97735285464481 2.5056485883005455 0.07880641479234977 -4.015882977103825 0.7332280363497269 1.3445744512021867 -0.4458768369398908 -3.4232482591584708 2.0491921130273223 -1.2661900036830607 3.128887218273223 1.7848053434754105 -2.2073044136721314
found -0.22424553 0.22437648 -2.4125133 -1.375397 -1.7031891 0.27798295 1.1482778 -8.854582 3.2688842 -1.2172836 -3.551484 -2.8956711 2.9438028 -0.57611674 -5.32546 2.4301698 -1.8252856 3.6015587 -0.7652657 -1.4581323
within 7.739282 -0.5186191 -2.6434267 4.9302835 -0.1505248 0.30630234 -0.38178807 -7.105117 -0.64026207 -0.79738647 -0.94571674 1.2799995 -3.7048965 1.4932251 -2.5084667 1.8601819 1.7905388 2.5036502 2.3687384 -0.050002217
considered 0.8521916 -2.805533 -1.453226 -0.6352769 -0.80870235 2.1697755 -1.9809707 -2.5440838 6.2495503 0.25714594 -4.1133914 0.19482958 0.73354506 -0.28757176 -3.7666936 6.2144513 -1.3134364 4.617522 2.359175 -3.3603418
important 6.6254745 -2.7573848 -1.1208978 0.5213132 -1.6113267 8.456977 -2.3674157 -3.4974642 3.491161 -0.53554165 -0.6305162 2.1788068 -1.6232905 0.6408022 -2.7485929 5.060439 -0.50360656 0.39015046 3.1358886 -1.633842
common 2.7765615 -1.7716917 -1.0146582 1.0403237 1.0745364 2.8090725 1.5774437 -8.429302 3.4350061 -0.32887477 -1.8310317 5.9548807 -0.81858623 -0.6473422 -3.0213392 4.0491133 -2.7454982 5.657891 3.3675256 -3.297024
similar 4.8114495 -3.2548037 0.68794286 -1.5593866 -0.37503442 0.2437459 2.4187834 -3.9473798 2.065397 -0.24925028 -2.1868622 3.800604 1.8830764 -0.06354721 -2.97048 3.7088687 -1.1926522 2.9798884 4.5741515 -2.661806
present 4.079999 -0.62825376 -0.82425696 1.9018438 -0.94976306 0.4996352 0.76673603 -4.0111737 0.8662358 -3.3492162 -1.66761 -0.28092316 -0.6025426 2.0682747 -3.0619056 1.240139 2.2958827 3.151757 -0.030462451 -1.2436787
associated 1.0421075 -1.3066939 -1.2941129 1.6244189 -2.5987835 4.4509206 -1.1160185 -6.470741 3.3700786 -2.038141 -6.996632 -1.373717 3.1207693 -2.7780628 -3.3570063 3.4722495 -4.5422482 3.3096747 1.5646269 -0.6438163
related 2.8397055 -3.9760723 -0.35379726 -1.2669718 -3.0542853 3.931715 1.2345476 -8.421177 4.723361 -0.92923665 -7.7093706 0.28898022 0.30371144 -2.37462 -3.3409932 5.6900783 -5.0901747 1.8908156 -0.39477026 -0.01640728
divided 8.223704 -5.532779 -5.751298 4.9516997 -1.516072 1.0706673 -3.1205285 -9.453231 2.7950373 0.9436791 -8.557065 -3.183546 1.0223043 3.6158392 0.46810585 -0.48685953 -0.65886444 4.3236055 1.1729945 -5.929518
combined 4.1373487 -1.3605919 -2.1563954 1.0498126 -1.6123093 -1.9665632 -3.4160585 -3.991507 1.6571681 0.20038714 -2.9717162 0.1814875 1.310374 -0.24237902 -0.5271285 3.208482 0.73424625 0.23086351 5.2686844 -0.62713796
compared -0.5980657 -1.3937817 0.8876867 -2.7084622 -1.7900385 -0.512338 -3.2258492 -4.8904047 5.2481647 -1.4955192 -5.332785 0.597887 0.3589153 -3.278236 -4.113847 2.2323248 -0.19694994 2.7426362 6.2661567 -3.8934405
spread 4.1117406 -0.6397814 -4.85676 0.76524085 -0.069837764 3.1573884 -1.0769504 -8.019523 2.7700686 -2.985997 -0.8725544 -2.97288 -1.5908662 -1.4160314 -9.56016 0.63704973 -2.8045218 4.9634843 4.661379 1.5031425
identified 0.65787226 -3.7484813 -0.5470667 0.4285544 -2.1975095 0.89159894 2.0497828 -8.0489645 4.355728 0.033333972 -7.603355 -2.7512088 2.614342 -0.96702206 -3.497366 2.9547153 -3.8275712 1.6824868 -2.833478 -1.3964746
defined 4.354654 -5.3855386 2.4415486 3.2447705 -3.00985 1.305003 -3.2293985 -7.074145 1.5285046 3.56586 -9.857681 3.8246713 0.95531315 -0.5772564 -3.7654235 6.577587 -0.928901 5.7929025 0.75443506 -1.4730035
covers 4.301416 -0.13825573 -5.0279007 0.24508166 -5.3656 -0.26626033 -2.4938817 -5.8849435 -0.079458706 -2.8429894 -7.0408816 2.9005086 4.3985896 -2.9731774 -3.372584 -3.4244869 -1.0401486 3.2950528 -0.33622035 -3.473028
unlike 3.792963 -3.5939505 -1.1114832 -1.810212 0.4026853 -0.032303043 0.5282252 -3.2150207 2.520768 -1.6298243 -2.0969982 1.2600319 1.6033039 0.26245055 -2.116539 3.1242366 -1.33659 3.1831307 4.1513143 -2.5838783
occurs 2.097608 0.16794355 0.69382924 -0.4562175 -1.4063705 -2.0006158 -1.711866 -11.199231 4.122476 5.1165934 -4.7155313 -3.3880413 2.5363238 -5.8080053 -7.98568 -1.2337376 2.823909 5.4678593 1.804452 0.15570559
derived 0.17344874 -7.9430504 1.4698029 -1.9298991 -0.49167168 4.2890773 -2.134818 -8.615314 2.4816716 2.2569907 -6.039985 5.641582 7.466158 1.0211529 -5.785643 0.8546903 -5.4960966 6.945344 -2.506446 -3.424446
refers -0.6104581 -6.212032 -0.12340153 -1.2813137 -1.0280955 2.6910195 -0.17709708 -6.117909 2.0330446 0.5886573 -7.7460165 2.1209133 5.679953 -1.2239621 -6.615944 3.6675382 -2.0006232 8.251476 -2.4873915 -1.8831359
occur 5.5973263 -0.00083152397 1.2107148 -0.63723856 -1.6194752 -1.954318 0.18366067 -10.9724245 4.8995457 1.9531453 -4.7020044 -5.0082793 -1.42031 -3.4684446 -8.149653 1.5157642 2.881783 4.9908743 5.097927 -0.68025994
exist 8.027037 -1.8025806 0.35445315 0.13545293 -2.476042 1.0167227 0.54803866 -6.3925495 2.9326143 -1.7772231 -2.7129877 3.0170403 -2.0142214 3.2188966 -5.054207 2.0686252 -2.3386662 4.0460696 2.8410077 -1.4978718
typical 4.0936303 -1.2777513 -0.34914613 -1.0208427 -1.1911557 4.484039 1.1064099 -5.528576 1.2383885 -1.1087301 -2.5464773 3.4354932 3.1295097 -0.80852246 -2.3689437 1.0000744 -0.257481 3.3190193 5.893363 -4.250425
collected -0.04247409 0.72338474 -4.141421 -3.204336 -5.0285254 -2.5962164 -0.052327607 -8.929481 5.6406198 -3.3733878 -3.669378 1.4970158 4.0703835 1.4783077 -3.3353696 1.2340686 0.12236536 0.053445227 -3.749041 -0.89228225
observed 0.27670857 -0.9196339 1.5758542 0.14049514 -1.2766408 -0.4176583 1.146911 -7.584991 5.3008966 -0.6706207 -3.9159374 -2.3115804 3.2782984 -4.024313 -6.821376 2.1721256 1.9607846 1.579312 1.8136381 -0.021933045
contain 5.4120092 0.118643224 1.1819906 -3.8889012 -4.3148646 -0.8719023 2.6612039 -10.712594 1.8730592 -1.1855452 -7.166433 0.8624646 3.289962 1.3514928 -4.1150675 1.1156968 -2.853874 7.94907 1.6295496 -2.9342525
distinct 8.615025 -3.3426883 1.3971426 2.8435507 1.5008254 3.931261 2.442683 -6.865078 4.9076705 1.4268075 -2.6616685 4.113007 0.32234177 -2.4823408 -0.51421213 0.95599586 -1.6703793 4.2625637 3.658006 -6.3648963
represents 2.7665195 -3.5946085 -2.0879302 0.8951601 -1.365344 2.9574316 -4.662687 -3.752411 1.0314147 2.656457 -6.3646493 2.315918 3.9112031 -2.8116884 -2.8973126 4.085664 0.3268578 7.406669 -0.5792097 -1.1933484
classified 2.642898 -4.051718 -2.9370356 0.47509074 -2.4195163 -1.0930444 -0.9412899 -9.931183 4.84865 4.001411 -7.105923 2.112682 1.46181 -1.6664138 -0.9281124 2.0111043 -1.7149843 0.95023656 -0.7506392 -0.3011484
linked 2.7505488 -3.7702882 -1.7522507 -0.18644328 -2.8236513 3.5098405 -2.6699433 -5.485912 -0.5364174 -0.68572176 -7.4713955 -5.081345 2.0675864 -0.41962352 -5.035855 2.3158925 -4.240555 2.9702566 1.566438 -1.5473965
covering 4.378735 0.47696954 -5.374872 2.8811967 -3.8263252 -0.58546436 0.13015397 -5.134764 0.951862 -1.6450036 -4.964714 0.27971545 2.077671 -1.1893626 -3.0904617 -0.1609336 -0.12170183 1.341601 3.1535602 -0.897781
refer 1.420247 -6.509914 -1.0351869 -0.55430627 0.121656194 1.6366584 2.0818238 -6.359689 3.344613 -1.7999222 -6.55247 3.3846922 1.6987364 1.951838 -5.2735505 3.115825 -3.3978002 8.91367 -0.50393677 -2.1881144
existed 5.5918474 -1.9547459 -3.6879904 3.5407245 -1.8812287 1.0450833 -3.6584864 -4.9110117 4.4853134 -1.8225181 -1.2118999 0.15328276 1.0335528 5.014069 -5.6938777 0.9914554 -2.695752 2.77601 0.739091 -1.9315062
exists 4.1488833 -1.6136998 1.1167945 1.1531723 -3.0372763 2.1525352 -0.79133284 -6.4833317 -0.2554548 -1.2721275 -4.6641903 3.189097 -0.4034256 2.174335 -6.3387294 3.3258595 -0.45452604 5.3629956 -0.045463707 -2.4015374
indicate 4.227267 -2.9637582 1.3966559 0.8961552 -1.4976444 -1.8152301 2.2116454 -8.772016 5.4741883 -0.8986645 -4.568897 1.6419084 0.5479417 2.5788622 -5.852223 3.6525543 1.2647238 4.315785 1.3793098 -2.135494
generated 3.8581655 0.09856404 2.3550825 -3.8062346 -6.363637 -2.2497785 -3.6193404 -5.1499205 -0.70068 -0.5662717 -6.7205467 0.82559603 -1.3985714 -1.5820818 -6.9416475 3.946837 -1.1833317 2.154058 4.9039392 0.32554543
suggest 1.7486229 -2.178484 3.453576 -0.14579163 -1.6771898 2.2425845 1.9587318 -7.3613954 5.9845734 -2.2631037 -3.4337416 -0.57117486 0.35237667 0.62084144 -7.392391 5.2804112 -1.2482092 2.0570335 0.31613904 -1.8471978
dominant 4.5526195 -4.971187 -0.02019527 1.3207895 3.7330086 3.8638113 -4.7296314 -3.070864 3.557744 2.2815573 0.605833 1.522545 0.19496377 -3.1618178 -2.5670328 4.913158 -1.7172544 2.819354 5.974769 -3.5295682
indicates 2.1333823 -3.1668634 2.3452415 1.1199173 -1.8436401 -1.7682925 -0.3221267 -6.9583454 4.1451683 1.7469392 -5.6957483 2.5606909 2.3900259 0.46616855 -4.716399 3.014403 2.9003117 4.5570874 -1.0514125 -2.2717347
originated 1.1272676 -3.9970055 -3.6551454 -0.8304323 -0.62279063 3.454776 -3.2154777 -3.7211008 2.712708 -2.5033867 -1.9448779 1.0966252 5.839849 -1.457412 -5.9443717 -0.09733179 -4.184109 3.0294487 -1.4586977 -0.9061095
ranging 3.4296596 -0.18014346 -3.602426 -1.6833091 -3.7668254 2.4349916 -0.3657799 -8.210913 4.020571 -2.5769548 -6.1617174 1.7274 2.1899996 -3.7141843 -1.2890257 0.8610097 0.81725633 1.7294706 5.6898203 -2.2773519
contributing 4.310753 1.7591788 -1.0206808 1.749307 -5.3830976 1.5647436 -3.6241133 -2.731878 2.9376516 -3.7916727 -6.03776 -0.7098071 -0.6316527 -3.0179641 -1.0997088 4.026749 -5.1782765 -1.2661316 2.053033 -5.1468368
restricted 3.5337753 -1.6840447 -4.7076144 0.81209195 -1.2392541 -1.0489932 -1.8946363 -8.65607 2.3102174 1.4707981 -4.3435383 0.55785197 -2.4770377 1.1338816 -2.5958266 5.2962294 -0.61287296 3.8188255 5.026462 -0.17847258
belonging 1.2799507 -4.8432956 -4.836178 -0.21603538 1.1556978 4.482288 1.1295055 -8.590973 0.39923647 0.056900226 -2.4095886 -0.23366812 1.3406633 3.4685695 0.25150022 1.1400219 -4.55775 3.477436 -4.29127 -2.9279265
evolved 5.9607687 -3.5019684 -1.4978484 -0.8858102 -0.7123763 4.0051913 -1.757364 -5.222096 3.787168 -3.1991613 -1.9566824 1.1520312 4.7211566 -1.8589113 -3.8178835 3.8150342 -3.3952615 1.7413495 5.3768234 -0.7346242
vary 3.9455197 -3.663435 -2.1882522 -2.1559417 -3.5707505 1.4827112 -2.9570014 -12.863814 6.326206 -0.67516273 -9.81068 2.4771147 -0.17080146 -0.6203314 -4.7729692 3.6969113 2.7035837 7.296658 6.9343567 -1.7886107
belongs 0.7850157 -6.1078415 -1.0843768 -0.21095718 1.3124989 6.619572 -4.1996913 -8.118307 -0.77442706 0.91864586 -4.171567 0.8093908 2.8302894 -0.7338357 -0.594821 -0.674508 -1.9632499 5.6546464 -5.506845 -1.8447429
consist 6.0947104 -3.2072618 -3.9878216 -0.9486789 -2.788207 -0.22747785 -0.3292698 -9.165812 -0.3803273 -1.5561708 -9.142437 -1.5329466 4.5072875 -0.23916908 0.667942 0.6043553 -0.585137 5.7697663 4.082555 -3.1267486
namely 2.2519097 -4.473891 -1.2096574 -0.11699032 -1.0382215 3.8354874 -0.6516915 -4.1726394 0.78568894 1.9429334 -5.7734632 0.061068937 -0.18222255 0.06525415 0.09030991 -0.6713852 0.025828576 2.9616814 -0.1296303 -2.3445551
documented 1.9671168 0.19644742 -2.0693123 -0.5084757 -4.395773 1.9208593 0.8320321 -5.511024 7.6944933 -3.0077415 -3.8711553 -1.4769272 3.215601 -0.52037144 -4.7814655 1.2936027 -2.5839446 -0.068504415 -2.5940099 -0.90116143
indicating 0.74562114 -0.8029283 3.1228917 0.56294703 -1.613581 -2.8629134 1.3384941 -5.2767644 3.641458 1.6410133 -3.5683131 2.4129531 -0.8210336 0.12858005 -5.649701 1.5676211 1.6071651 3.4214141 1.7575731 -2.3838902
dependent 0.599245 -3.4934332 1.5083784 -1.7440234 -1.0860848 4.1844954 -4.2416735 -10.23445 2.161368 1.724964 -4.7603135 -0.87630874 -3.50204 1.4672381 -5.109518 5.32513 -1.5089755 4.236928 4.5101466 1.4098957
varied 4.3894296 -1.2015533 -1.7719449 -0.3034056 -2.461147 4.2889185 -1.2483895 -5.726735 6.249315 -2.889646 -3.830639 2.9443743 0.83256364 -0.7801745 -3.2364745 3.2063198 0.23194188 2.4435575 7.2746544 -4.180391
varies 2.2719367 -2.7879353 -1.8308722 -0.34398818 -2.887274 1.3102499 -3.5788975 -13.148352 5.542412 1.4611889 -8.523806 3.4732502 1.0233687 -2.7974572 -5.531902 1.7406429 4.332569 6.400516 6.187801 -1.953049
altered 3.9285395 -1.0797751 2.4375298 0.6484779 -2.9527352 -1.218712 -0.5999821 -3.4391294 1.156217 -2.6114538 -3.6391246 -0.26615232 2.5851905 3.1654816 -6.4960604 4.1202826 -1.9631542 2.809602 4.7147617 -4.0049286
varying 5.702221 -2.1072664 0.2098022 0.6822956 -1.340866 2.9115818 -1.1281817 -9.562929 5.11078 -2.1266584 -4.3617687 4.0421667 0.8791541 -1.2829243 -2.7751288 3.317713 4.32387 3.8002713 8.248662 -1.2976241
occurring 4.574701 1.2684307 0.25758567 -0.6456251 -2.9441621 -0.62993747 -1.451767 -8.111736 5.1165714 2.641154 -3.4669337 -4.6288605 -0.014784267 -3.7373304 -7.2704144 -0.2957413 0.82577616 2.2504125 2.6293244 -1.0561466
centered 5.375425 -1.365071 -3.1974378 2.0662236 -3.1080966 4.3978996 -1.6932577 -3.0338118 -0.77579606 -1.8087246 -4.1847587 -2.5699787 3.7966506 -3.1605377 -6.421004 0.5063268 -1.307836 2.1876433 0.25590384 -1.7209364
depends 1.3111664 -3.376798 3.649729 -2.5568087 -3.5494995 3.1966772 -3.0470529 -10.146019 1.4557831 2.028023 -8.057991 0.99166113 -1.1155034 -0.30569443 -6.5863066 7.2239213 3.0017428 5.69445 5.2332473 0.8913173
scattered 6.0764246 1.8401581 -5.283932 1.9552815 -0.59108824 1.1593466 3.739048 -9.257368 1.602407 -0.8169536 0.6714582 -3.6032672 2.5445225 0.75965744 -6.5374207 -1.9954977 -1.0786278 3.3705952 3.0550838 -3.5734837
distinguish 2.5738497 -5.3161063 2.3049743 -0.45601985 2.4518554 2.5694458 2.7118893 -6.599376 2.6235054 -0.40917414 -2.3565278 3.2662003 0.57353175 1.3588172 -1.1915483 5.383448 -1.249228 4.834475 3.283639 -3.2286284
differ 4.776889 -5.8703876 1.0204275 -1.2082851 -0.93566084 0.9603902 -0.57537854 -10.185154 6.5804205 -0.8228646 -7.740916 1.9111661 0.3746023 -0.24696238 -3.9771292 5.0474286 -0.9674411 5.799548 4.1974063 -3.7619162
trace 3.2587993 -1.4126067 2.3732567 0.25563103 0.82124054 0.89913803 1.9555315 -6.236801 0.5441341 -2.7652447 1.9781729 1.5430654 1.3168848 1.7853447 -6.1436777 2.3579636 -0.77260405 1.7481992 0.025345135 -1.4089429
examined -1.4192194 -0.6036173 2.38687 2.071281 -3.9441411 0.25276527 2.2768142 -6.3038363 5.510899 -2.4634664 -6.7012296 -1.0978936 2.428442 -0.40220255 -2.9021413 5.704287 -1.5049038 -0.69085807 -2.1697085 1.4291209
counted 3.3450415 -3.224118 -2.199775 0.6419649 0.51222944 -3.7815032 -3.1578422 -5.282624 5.140797 -0.7535282 -4.0472336 -3.1056795 -3.9650452 1.844163 -1.8025795 0.84899455 2.3670886 4.3189054 0.17211442 -4.3820925
derives -1.0912147 -7.64432 -1.5555841 -0.7591257 -0.3467524 5.290891 -3.923774 -6.68344 0.07886106 0.7433291 -5.09235 4.8304677 8.276868 1.3827509 -7.66929 0.746375 -5.3724327 8.341257 -4.815624 -5.084346
absent 0.46815574 -1.7225664 1.2281669 0.5245895 1.796194 -1.9625348 0.6291382 -3.9650974 4.3536725 -1.1246301 -2.2201467 -4.2314796 0.7814606 -0.35818347 -2.639092 2.073127 0.46593288 3.9673533 1.8244591 -3.6854117
possess 2.1013408 -2.651669 1.575636 -2.7124336 1.9336652 2.5919943 4.1673174 -7.963548 2.7779074 1.7606337 -2.179574 0.30910403 -0.18914562 -0.01402453 -1.3550843 8.277619 0.23320623 7.131353 2.1733506 0.03619326
comparable 2.182585 -2.1798577 -0.18380584 -1.8455772 -2.2219296 1.572406 -2.4129474 -6.010718 4.297202 0.8100479 -3.2807286 3.2746673 1.5812162 0.21737126 -3.032625 3.123334 0.6434321 1.7977611 4.7240787 -0.6032541
differs 2.6571817 -4.9839835 1.7714671 -0.99804944 -0.8559308 1.9258376 -0.2777324 -6.8342533 4.468152 2.004213 -6.4924145 4.303779 3.7551584 -2.2928765 -2.7368228 2.5313404 -1.859299 4.77316 3.5600061 -3.906657
traced 1.4839587 -4.3632646 -2.369726 0.67548573 -0.13819245 2.6797216 -3.279788 -5.913785 3.4170377 -4.7547407 -1.2455964 -2.1324635 6.5020075 2.6914976 -9.036179 2.8145661 -1.9234174 3.6771166 -0.057514023 -1.0853902
encompasses 4.822282 -0.18221645 -4.623484 5.4869685 -5.4683685 4.8249145 -4.0801177 -7.5030117 -0.29766417 0.511489 -9.0034685 1.5454015 3.0696776 -5.0066795 -2.5606527 0.3859326 -3.1397192 2.0673776 -0.98693573 -4.186036
constitute 3.9772651 -2.8434696 -0.6589432 1.0139745 -2.069807 2.1098278 -0.49516287 -6.5727687 3.135959 2.7547197 -6.6683807 -0.6831259 -2.9213727 1.0986814 -3.6215756 3.5228488 -1.1311302 6.390802 -0.34177333 -1.0482514
confined 0.6005487 -0.04242144 -2.7580323 1.6244793 -0.6824047 3.009035 1.38379 -7.7729874 0.41081345 -1.4354901 -2.606589 -5.8251677 0.9523807 2.3867457 -4.619876 2.286915 -0.24887745 2.9371936 2.8347256 -0.463094
uncommon 2.1043956 0.21082255 -2.234697 -0.110143915 0.08620992 2.868752 1.1609215 -6.874562 5.1888046 -1.0325238 -0.5493698 2.1347883 -0.068666875 -1.279727 -3.4079766 4.1603723 1.0724099 3.0525095 3.9541929 -4.2999797
spanning 7.082854 -1.0123109 -3.490985 1.2368512 -4.0025406 0.9106077 -4.331156 -6.102575 2.9266653 -3.8920069 -3.7172956 0.18314362 4.2296944 -2.9274466 -2.0103974 -2.1476185 2.6124358 -2.700636 2.8127759 -4.963085
prevalent 3.110238 -1.2221358 -1.6922156 0.6968266 0.06518973 5.725382 -2.007665 -5.3843994 8.039183 -0.9547119 -1.1032346 1.1010517 -0.27105075 -2.9326084 -5.5932975 1.4954734 -3.6840687 3.6086648 4.8074827 -0.8326709
depend 1.7019908 -3.6730995 1.7514224 -3.0831366 -2.5373547 3.4688582 -2.4446502 -10.023914 1.0578324 0.11549842 -6.5547986 0.5161388 -2.6261265 0.1611332 -6.2844667 7.840627 1.1317024 5.0646987 4.446074 0.6243661
originating 1.8850912 -2.751494 -3.302032 -0.19235612 -0.39921823 2.8127048 -2.255743 -4.335078 0.9760846 -0.2575644 -1.6617807 1.1193581 3.1047575 -1.761571 -4.6948767 -2.854757 -3.568889 3.1341827 0.80899143 0.66361296
corresponds 3.9881217 -5.759719 3.7659824 1.7587192 -2.4012616 1.2522169 -3.4874017 -7.372795 1.4632527 4.015074 -7.0201406 2.9111962 3.7617211 1.0234563 -5.2975354 -1.0910623 4.5519333 5.0112605 -0.4030102 -2.184239
grouped 7.5683036 -5.6431403 -3.3434408 1.0564455 -0.8899639 2.4906907 -0.74975526 -9.235002 3.2453465 -0.5230709 -7.758553 -0.60203356 3.5565135 0.6645213 2.5698853 -0.078480214 -2.2353272 4.330977 1.1932968 -3.8057692
comprise 6.24206 -2.0909607 -4.937223 1.0861083 -2.9096773 1.4143454 -2.1750798 -9.507908 1.9700383 -0.4343325 -7.400726 -0.63754195 2.3831656 -0.89861536 0.6424207 -0.064111784 -2.394225 3.415709 0.6983342 -2.9673848
structured 6.664464 -3.3697555 2.151627 0.25321406 -3.7351851 3.8535066 0.4532662 -1.7924913 0.8130223 -2.6776433 -7.0295615 2.7373796 -0.91988045 0.49637043 -0.1996335 3.5924058 -0.59964967 2.7859752 4.3873153 -0.40125957
aligned 4.409235 -5.4645977 -0.41965038 4.0991397 0.52536225 0.638356 -1.9241606 -1.7117773 -2.1466036 1.3640927 -5.5790215 -2.601167 3.316091 -0.49731398 -3.719363 3.8034227 -2.5537071 4.732325 3.848173 -1.5625731
deposited 2.42421 5.2037416 -0.65565294 -0.63401693 -5.387185 -1.2575471 -2.5384083 -10.253994 0.21591915 2.315785 -1.010508 -1.4282094 5.8771944 3.186059 -5.818566 -0.0801828 -1.6358454 3.1294637 -1.8589361 0.3409916
contributes -0.12357499 0.109414905 -0.4099998 -1.4668783 -4.87211 4.4259906 -5.2925553 -5.1240478 0.8240472 -0.39801097 -8.8161335 -1.3284886 0.17859726 -5.989794 -4.5867934 3.6326058 -2.7830148 3.638583 3.502524 -0.06467706
originates -0.6622053 -5.2739444 -1.6212772 0.118307866 0.1532006 4.5726094 -3.5405147 -5.9268785 -1.7723715 1.9652615 -3.7827008 1.7726257 5.9827676 -2.658825 -6.3697047 -2.1464453 -1.8801572 5.197692 -2.2555313 -1.1090786
ranged 0.64559793 -0.71396405 -3.2874851 -0.58211863 -2.8061635 -1.4495027 -2.1843429 -7.5627127 4.3665857 -1.5560923 -5.18037 -1.6930295 1.3182793 -0.78391236 -3.7345848 1.3236436 0.4136894 0.9184899 3.9873683 -2.1728263
differing 5.582996 -3.8269877 2.1004636 0.82026905 -0.6331421 2.438295 0.45888963 -5.96452 5.175822 -0.96873873 -4.8377934 2.449081 -1.1446 -0.966195 -3.1035702 4.5816946 -0.8965757 3.386714 4.8677626 -3.874369
correspond 6.728977 -6.023572 2.5773878 1.479816 -1.0706574 0.9597166 -0.76669455 -7.2262964 2.5542026 -0.06339292 -6.3423467 2.0315828 1.4612701 1.5278459 -3.4451034 2.4678836 2.7767239 4.8730993 0.53944665 -3.7317135
analyzed 1.8253939 -2.4359808 5.0809116 -0.222279 -3.8283374 0.2607555 1.8293961 -5.6018662 4.463943 -1.0752355 -6.360226 1.5666575 1.8121207 -3.2368233 -3.434992 3.924815 -1.2935889 -1.2022799 -0.94494224 1.8809701
overlap 5.9515924 -1.5552629 2.4096446 3.7859085 -0.5710579 -0.355671 0.37500176 -7.4599447 0.9676325 0.84834313 -3.9262538 2.0760105 -1.5323443 -3.3286412 -4.236603 1.7610254 0.0830108 1.5722588 4.9360223 -4.2813034
constitutes 3.5286639 -1.0407318 0.59023017 2.1637003 -3.5281956 2.676985 -1.3278267 -4.6830993 1.6985501 4.017425 -6.537 1.0143409 -2.528745 -0.38178682 -5.2374496 2.9181244 0.61812055 5.5702343 -0.9195735 -1.2593968
derive 0.48084763 -5.5738263 2.925175 -1.114911 -0.43554488 3.8713486 -0.9993924 -7.450827 2.3162367 0.6153067 -4.1406207 4.274506 2.0494752 3.0005913 -5.802336 3.8803084 -2.0663524 6.1739964 -0.87836766 -3.1756246
excluding 2.8208518 -1.4092922 -3.2467768 0.17959853 -1.2770303 -1.8563999 -2.04547 -4.9193516 2.279714 0.3391278 -3.4921353 0.3145187 -2.0995152 1.2527268 -1.0826724 1.4421784 0.18308073 3.2816465 0.7856133 -0.9412901
yielded 0.89232504 0.58897334 0.5600815 -2.698992 -3.7466092 -1.5931407 -4.217545 -6.28264 4.6933393 0.30042452 -3.5515501 -3.2255843 2.4382038 1.6912044 -4.2687593 1.621459 0.7057409 1.694653 0.66638505 -2.0561826
attested 0.2669428 -5.6785045 0.3745075 1.3434206 -1.3155425 3.487563 0.24464706 -5.5962834 8.499363 2.0989707 -3.7521498 0.63192344 5.315429 7.4684 -5.3553333 -2.819442 -1.7361052 5.2722583 -5.1335325 -5.162889
spanned 4.857253 -2.1555007 -3.4291062 1.5507833 -3.136296 1.9471202 -5.2486053 -4.1985884 5.200516 -4.9215484 -2.4846303 -3.2263575 4.422405 -1.1215159 -1.4676782 -0.3409585 1.6639656 -5.09496 2.9849446 -4.7015667
differed 1.8665776 -5.450678 0.15985379 0.7002504 -1.472314 0.37740773 -1.539238 -3.7110012 6.404725 -1.205745 -5.2653074 0.78340113 3.5561538 3.3553789 -3.705891 4.2595506 -3.773107 1.7401477 5.035121 -3.973681
borne -2.4172795 -1.6329638 -1.3277339 0.6534378 0.8498649 0.23623078 -0.40900928 -7.8568144 2.530733 0.5408751 -2.9057176 -1.6875126 3.1800158 4.519003 -1.6828744 2.0891113 0.20285416 6.5329404 -0.2521718 -2.2713044
categorized 4.003454 -4.6279078 -0.6183729 -0.5637215 -2.6072607 3.0566018 0.63803524 -6.639853 1.9411801 1.6025096 -8.71276 0.5059387 1.3019924 -3.9171321 -0.54601264 1.6577716 -1.6409289 2.196742 2.1061523 -1.3634357
distinguishing 3.3947008 -3.6107783 2.0085423 0.7372685 0.009778173 3.0811884 4.1918383 -3.9478993 3.6930037 2.8260794 -4.0785756 3.3442156 2.7667997 -1.565632 -0.6018678 3.9689882 -1.2113645 2.506465 3.6322868 -5.3635836
analogous 3.3431864 -4.5199447 4.9528446 0.52135694 -0.22034998 1.8106042 -0.07323449 -4.947727 -0.114748135 1.8526437 -4.1240973 3.3121645 2.8543448 -0.50038385 -3.0186477 5.2882953 -1.0399117 4.324747 1.2967838 -0.23862281
predominant 3.2965043 -2.754826 -1.0766077 1.0424129 0.61019564 5.0019684 -3.685743 -5.1634507 2.8813536 0.9375789 -1.6137221 1.7303993 1.1404732 -2.5588937 -3.6324456 0.4407886 -3.2604551 3.4383798 3.5640454 -1.7719295
divides 4.0232477 -3.6416926 -0.6394581 3.4580612 -1.1374509 2.959441 -2.6262765 -6.2045655 -0.9295931 0.91682434 -6.50368 -1.4790567 2.7288892 -2.355378 -2.6727126 -0.029333388 0.99349904 2.9517524 0.4795864 -4.060878
differentiate 3.5489633 -4.225758 2.1178324 -1.8470193 1.7617191 1.6241904 2.0920458 -5.663375 0.9603204 -1.2754999 -2.62289 1.8630463 -0.41352814 -0.6482349 -0.21962786 4.094525 -1.5821445 4.236986 4.027894 -0.92926294
encompassing 5.5282354 -0.5146711 -3.9699244 3.9648228 -3.7789488 3.3143954 -3.124097 -4.94239 0.2601715 0.79439145 -5.0765285 1.4045633 1.8307425 -2.3536508 -3.3866277 -0.15399659 -1.8692 2.2449255 0.19624999 -2.3116384
originate 2.7296002 -2.8312197 -1.1762372 0.46835873 -0.1604268 2.2523084 -0.559624 -6.786175 0.62766576 -0.75453264 -2.9490767 0.34690502 1.9236418 -1.727346 -6.343529 -1.3498142 -1.9578755 4.4852552 0.41982073 -0.9403419
evidenced 2.118969 -0.18926641 -0.09412443 0.030887509 -2.6908514 3.6483696 -0.32273135 -3.1687348 4.913236 -1.0828156 -2.7936199 -0.87735236 1.8898587 0.82975155 -5.26663 2.9254675 -1.4660213 2.6383338 0.97225875 -2.8183799
articulated 1.5695956 -4.458946 1.832239 2.8226652 -1.2384627 0.8221141 0.41066283 -2.0636084 -0.34538114 -0.75396657 -4.853798 1.4681458 4.1373997 3.1326418 -1.1688628 3.0055206 -2.3486347 0.9400333 5.166336 -2.3464375
synonymous 0.47087806 -4.3888197 -0.07047634 -0.6061151 1.8917347 2.862639 -1.2494951 -3.0177608 3.8593698 0.03745851 -0.9785595 4.843262 0.7809449 -0.9268195 -2.989005 2.4464066 -4.0205483 4.448938 0.5370945 -3.7132142
sparse 2.3614826 1.30042 2.5615628 0.32050163 -1.3227171 2.4535992 0.54518527 -5.595361 1.2793583 -1.2236117 -1.1003222 2.9418135 0.772255 -2.5205412 -5.3195376 0.40216687 -0.6694495 2.1074243 4.668577 -5.5750375
correlated 0.22943443 -2.4468203 5.846665 -0.842021 -1.8629175 2.6726336 -2.6454873 -11.074084 5.1023617 3.0935965 -8.542579 -1.528522 -1.093533 -7.688967 -5.2053 4.136292 0.41569248 2.901532 4.482855 -1.4648576
branched 0.981753 -0.0770101 -0.65732664 0.17810212 0.059509087 2.2515154 -2.6364996 -6.4202495 -1.121815 -2.595747 -2.530836 0.4955419 5.2072153 -2.9595366 0.097486764 -2.6817582 -4.437802 2.7184072 4.629038 -2.5915349
differentiated 2.9192562 -3.521867 2.5869887 0.6423773 0.93543214 2.593718 0.6746705 -7.718714 3.035961 1.6233801 -4.8726707 1.311623 2.0879014 -2.315205 -0.62897295 2.9230826 -2.8053865 4.539867 3.8624847 -2.717501
sorted 5.4454384 -3.0508847 -2.195518 -2.3032002 -2.1966827 -3.2960684 0.03686492 -7.3791885 1.0762173 -1.274328 -6.2560205 2.4493134 -1.5382046 1.7896715 0.43968567 1.0032852 2.005344 5.1434326 0.41303554 -3.8237648
spaced 3.0659072 -2.8073041 -0.24420059 2.4348292 -1.5241094 -0.22335266 2.599424 -10.151634 -0.69755226 0.7529628 -9.966299 -2.7959967 6.1573505 -1.0160618 -2.87342 -2.0142806 -0.9440353 5.973138 10.612377 -8.895371
encompassed 4.1569967 -1.4695178 -4.2186446 3.444134 -3.1592844 2.631516 -4.157342 -5.297148 0.83095396 0.14201514 -4.373158 -1.344377 2.4135106 0.39342535 -4.210736 0.38395903 -3.1751904 1.541825 -0.37537563 -2.8755698
encompass 6.462308 -0.047478817 -2.152652 2.1671324 -3.262375 3.3528163 -2.5665123 -5.117 0.879976 -1.6882029 -3.8931334 1.948613 -0.87830997 -1.3851937 -3.0263152 2.1202168 -1.459278 2.316381 2.9592648 -1.5603181
distinguishes 1.5349182 -4.6671166 2.3997462 0.51149595 -0.25058123 4.39058 0.742904 -4.6759005 3.2687662 1.3676666 -6.7754936 1.8265111 3.2872636 -2.407297 -1.6312296 3.8120918 -2.1493511 5.2559834 0.09116511 -3.6822689
enriched 1.6849276 0.90219784 2.252152 -3.1245856 -3.2969928 6.3009996 -2.4055207 -5.332692 2.6982872 0.894093 -1.6349503 0.7425349 3.0451925 2.4697309 -2.1701324 0.83516276 -2.9447653 3.5330763 2.019597 1.2245811
classed -0.32026038 -2.3559303 -3.037118 -0.497317 -1.129467 0.46529597 -1.4760681 -6.306709 3.5554762 3.5380018 -3.954154 1.7285826 1.5469049 1.1983329 -0.5533531 2.104435 -1.6496363 2.1094503 1.6026742 -3.5156655
classify 3.8840284 -4.03924 1.9552183 -0.76425225 0.055182155 1.786855 2.233568 -6.931865 4.0456023 -0.17815672 -2.736136 2.678797 -1.2912705 -0.59570694 -2.415917 6.376142 -2.0540864 1.839787 0.9277382 -0.2053664
identifiable 2.9231527 -1.7010455 0.29673392 -0.6052319 -1.0343384 1.503933 3.5603695 -5.456782 1.8148372 0.051803224 -3.9105787 0.9992673 1.0074694 0.7938133 -3.5924098 3.1267655 -2.7243617 4.97718 1.8058699 -4.525349
fragmented 5.5325584 -0.9954675 1.0085834 0.990441 -0.6831134 3.0945427 0.6754114 -3.929561 2.3558912 2.3326745 -0.36563292 -0.77457136 -1.4884009 0.5545325 -5.7474313 1.1909215 -4.106106 1.8991569 3.8975816 -3.694655
interconnected 9.161245 -1.3011135 -0.4826275 0.39993116 -3.737664 3.865278 2.1068332 -4.1842756 -3.7387452 0.56752867 -4.5855417 1.4054295 0.32007548 -2.4439507 -1.9079875 0.5008853 -1.6541116 0.41917428 4.9831543 -3.0591214
arisen 2.4103248 -1.9017928 1.8214698 0.6552147 -1.5806495 2.0043583 -0.99142027 -3.7522914 5.0805535 -0.097939946 -2.9143214 -1.9655192 -1.5665854 1.3029574 -6.6627045 4.63479 -3.8278153 2.6485543 0.38436934 -2.287287
inferred 1.737053 -2.6942081 4.9752965 0.5279434 -1.6514637 1.6633011 1.9839896 -7.4914913 3.9778838 1.3804702 -3.053477 1.3523018 0.9805047 1.3835034 -6.352373 2.5709307 0.5136234 1.8433247 -1.3471354 -2.3143413
constituting 4.2200365 -1.2854897 -1.541479 2.2095048 -2.1091652 1.0475653 -2.0013173 -5.8559275 3.078404 3.5693378 -4.77574 -0.3894508 -1.4228121 1.7250214 -1.1984756 0.34816343 -1.0102656 4.133205 -1.0079889 -1.1018887
analysed -0.11915698 -2.7137072 3.8577135 -0.43887693 -3.3301563 1.8149146 1.1451026 -4.4257817 4.758151 0.099328905 -5.6260705 1.2587055 2.2122188 -0.8139014 -2.8536713 2.4978125 -1.8422287 -0.9958927 -0.35390836 0.38688114
denoting 1.1850787 -5.3184733 -1.3564404 -0.5129185 0.011354447 -1.6829547 -0.88940823 -5.159997 3.0736945 1.6172832 -4.864545 5.2671647 3.3407 1.579364 -1.9356585 1.2091123 -0.8099668 6.7475853 0.65059584 -0.73368764
interchangeable 2.3189273 -5.7227197 1.323053 -3.018208 -0.5694058 -0.6622587 2.5548828 -3.9020886 0.73305875 0.3053896 -4.4515076 5.4040465 3.0149896 3.7474148 1.0286438 1.2394036 -3.5349808 3.405966 7.6685643 -2.8797588
propagated 1.2001253 -1.47085 0.62033707 -0.103545405 0.24315028 3.6153295 -2.2529101 -6.162445 2.5717435 0.25204438 -1.5278769 1.9120789 2.718749 -1.5817052 -5.2001595 2.1933124 -2.600373 5.472751 0.60052896 0.368496
replicated 3.429826 -1.2254685 0.9076124 -2.558395 -3.7365372 0.5936271 0.06184173 -3.5594642 1.1729146 -2.0454395 -5.095802 -0.74890965 2.1371882 -0.006516477 -1.9963607 3.164223 -1.05428 1.7006755 2.163304 -0.5063711
heterogeneous 7.418858 -2.2037697 5.1575294 0.40040505 -0.95266783 5.167131 -0.90249705 -5.8685365 1.5035682 2.07942 -2.539913 3.0112267 -1.4071157 -2.4507208 -1.3772461 1.5378097 -4.8842983 2.2218356 3.7233987 -0.25167263
deriving 0.096039936 -4.5656867 2.4678636 -0.40697005 -0.572242 4.772025 -1.7011702 -4.585942 1.6701211 1.3217672 -3.24064 4.069029 2.4030294 1.8517897 -4.52999 2.2680836 -2.49729 4.7118225 -0.6313054 -2.5839636
overlaps 3.1432247 -2.2947593 0.25928855 4.2474456 -1.3192648 0.31181994 -1.192732 -6.0732956 -1.3489217 2.2408814 -5.143665 0.53411335 2.1633735 -4.7339954 -5.0370584 0.2511282 -1.295753 0.9456663 0.82822317 -3.8614316
predates 2.9637358 -2.024441 -1.9358109 1.5339464 -2.709481 2.1296933 -2.1364307 -3.2508993 3.361378 -1.4185412 -2.3448327 2.5330064 4.9669323 1.6728071 -5.2552857 1.4814291 -2.5203536 2.02586 -1.6927654 -2.9717271
excludes 2.89756 -2.0071847 -0.27590755 0.17757554 -1.9902681 -0.2966351 -0.979481 -5.3316345 2.1949499 1.7490396 -5.4573355 2.3776703 -1.4255444 -0.17584375 -1.7091262 3.1388824 -0.9780924 4.379814 -0.45406494 -2.1971674
distinguishable 3.255735 -3.5599914 1.0677342 -0.4029205 0.8326833 1.5909379 2.0699153 -7.4968348 2.3903768 1.9022634 -3.6307325 1.2882338 2.556295 -0.18223473 -2.3147688 2.6247592 -1.7096798 4.1581397 5.499288 -7.639108
classifies 1.0233539 -4.2591395 -1.7963272 1.124205 -1.971095 0.96869993 -0.70420325 -6.719603 1.7818633 2.9406433 -7.7054567 3.3331935 0.76444423 -4.7581043 -2.2049105 1.7791281 -1.4611082 2.2986367 -2.6730163 -0.25050482
redefined 3.079546 -2.197978 0.7550763 3.3471463 -0.99092215 0.39382625 -3.0271082 -1.9679722 1.0431615 0.82068396 -3.3219168 3.7484124 0.83196276 -0.448857 -1.4356966 2.9696498 -2.8418858 2.262812 -0.120505095 -2.2094438
persists 0.5213238 -0.34904 1.7237399 -0.36156964 -0.15549223 2.500714 0.34685016 -5.4657264 2.4607258 -1.1263369 -1.8032768 -1.9450481 -1.7030197 -1.3627423 -5.970777 1.6377647 0.8946732 3.674325 1.2497507 -1.7097332
classifying 3.6843412 -2.568388 3.0754712 0.3274688 -1.998716 1.4264635 0.8569179 -5.6978135 3.7338119 1.1086214 -3.9485579 3.5130677 -0.43909988 -1.1476469 -1.4855208 4.824062 -1.5097382 0.10408411 0.40584254 -0.1444385
correlate 2.4764478 -2.314977 5.083884 -0.88011205 -1.3837388 3.2198393 -0.050172396 -8.540103 4.054295 1.2254912 -5.338594 0.32451922 -1.2355467 -4.659968 -3.7545488 3.4546938 1.2474877 1.9465314 3.1271822 -1.290763
coexist 5.501206 -2.595424 0.76176435 -2.6918309 0.6565302 3.618917 0.37052742 -4.652951 0.3738625 -0.49114454 -1.3171543 -0.67681575 -1.9538115 -2.0943956 -4.1081276 4.2575746 -0.96097624 5.1924014 1.6369705 -0.20974088
predated 2.352901 -1.9445039 -1.4040778 0.2543681 -2.5196104 0.8350704 -1.5583459 -2.4952085 2.3818662 -1.9842412 -2.3714085 0.47808754 4.2172103 0.715725 -4.7343864 2.6875043 -3.7516737 0.47749168 -0.1169098 -1.6031454
rarer 1.328542 -0.58218753 0.81137854 -3.1090426 0.62969905 0.653122 0.57915425 -6.5212784 5.449836 0.1939931 0.58343714 2.555122 1.4052358 -0.28322923 -2.386511 1.1933035 -1.4795474 2.5501115 4.096397 -5.0661592
subsumed 0.864215 -3.5354855 -1.9208577 3.5254064 -1.2208463 2.0615232 -3.406028 -3.547377 1.6566843 2.1488805 -4.222248 0.4756988 2.0315666 2.3090518 -2.1923566 2.364376 -5.076163 2.0311847 0.39215183 -0.8608
reproducing 2.0897198 -0.05630213 3.2973218 -3.958787 -0.541879 2.4446125 2.1009755 -5.774169 2.5410585 -3.1768117 -0.6539095 1.5650618 1.8740689 -0.7257559 -1.5287031 3.796491 -0.67803043 2.5870714 2.5756917 -0.7829867
correlates 1.5516275 -2.3970122 5.147248 1.1262975 -1.5094683 4.1777964 -1.4007752 -7.4835277 3.2992585 3.3154325 -6.139826 -0.80125535 -0.53884685 -5.522593 -3.9907584 2.1127408 1.2289842 1.5979254 2.9025972 -1.0553234
categorised 1.8615878 -3.7400393 -2.6196086 -1.0075282 -1.6134653 2.5897121 -0.1389075 -5.149185 3.0242684 1.9481246 -5.6773334 1.5753043 -0.17908064 -0.2952452 -0.6193389 -0.28567514 0.93370414 2.2636852 2.147448 -4.088673
overlapped 3.0689445 -2.624472 -0.6068481 3.3665307 -0.48167682 -0.8482906 -1.4110116 -3.7001293 0.61413145 -1.5084546 -3.463875 -1.6903677 2.232704 -0.2365697 -3.6227095 0.8894804 -2.019471 1.0117155 2.4436622 -3.4289498
predate 4.302141 -1.2578138 -1.5528777 1.1099155 -2.4597626 2.2113936 -0.2283526 -4.7382255 4.1907644 -1.029744 -1.8761475 1.1361228 4.0237813 2.4971776 -4.163492 1.5558358 -3.1154573 2.2474167 -1.2602756 -3.4380336
delineated 2.024186 -2.2637887 0.0003491104 4.795591 -2.2789183 1.2249215 -0.04700936 -4.4185143 0.12222589 3.1963565 -5.5986247 0.81692463 3.965029 -0.109489106 -4.6292124 2.8854206 -2.28073 2.3771083 -0.38219392 -3.159366
shrunk 1.8385642 -0.40863127 -1.334286 -2.1294744 -0.75417197 -1.4378009 -2.4608262 -6.4933124 0.54864377 -0.6307089 -0.9994896 -2.494103 -0.5302034 0.9511637 -4.068185 -0.1046104 -0.3366003 1.2689582 3.7746577 -3.2558258
predating 3.7036622 -1.1293843 -2.0544233 0.42815873 -2.9013305 0.8705665 -1.340649 -2.6893287 3.889631 -1.5882093 -1.8329451 1.1579237 5.0444937 1.1546661 -3.8199534 0.61355954 -3.763204 0.68741053 -0.85535127 -2.6034796
diverge 3.7673707 -4.0411654 2.5673296 3.1489124 0.5876139 1.0527338 -2.175483 -4.07334 -0.07524297 -2.2425737 -1.6844451 0.31385648 0.01409758 -0.3028846 -6.037974 1.08433 0.58602417 0.4729692 3.9560018 -3.9676456
localised 2.9693356 -1.047041 -0.7716164 0.2795523 -1.2010295 0.6548518 0.08258026 -4.0944448 1.7835404 2.4241097 -1.7534624 1.216437 -1.262322 -1.5013015 -4.272381 -1.3828282 -2.7173324 0.77680063 4.685847 -1.3294663
dissimilar 3.1281512 -2.3072696 2.9381387 -0.64738214 0.9137482 2.204829 1.4135166 -3.6783674 1.777402 -0.53658783 -0.8574704 1.6091672 1.2915931 -0.64669627 -1.5857246 2.9809265 -2.355858 1.7812561 4.336842 -3.3347654
discernible 1.36827 -0.42458457 2.8300407 1.2739999 -1.1105361 2.2565882 1.660988 -3.6003137 1.803275 0.22816436 -2.6305609 -0.1505683 1.9313663 0.33299324 -6.1324487 1.6885234 -0.03376533 4.000005 4.4265385 -4.197709
stratified 4.354663 0.32963213 3.3629074 2.2603738 -1.0088701 5.6444883 -1.2795215 -7.3286395 1.5488741 3.1690774 -0.8196165 2.3420382 1.3542155 -0.65427846 -2.8082502 1.6379524 -2.497976 1.9907417 2.8453443 -2.4062464
attest 0.68159175 -0.96344507 -0.2035402 0.09249676 -2.729121 4.9567747 1.137941 -4.5257 4.34624 -0.59645367 -3.1286123 -0.9660121 1.3818492 3.6156342 -4.0735526 2.348175 -1.4694434 2.9989822 -2.8460128 -2.1261456
predominate 3.0872962 -0.7868991 -0.6175291 0.47358188 0.84901184 3.9578798 -2.3871496 -5.215753 2.1238003 1.3435373 -0.49218115 0.95608366 1.4145609 -2.4782205 -1.9114087 0.90303636 -2.0650394 3.3909585 2.9394028 -3.6995366
reproduces 1.5552051 -0.80436814 3.139861 -3.0466979 -0.83401173 2.0490608 1.7054211 -6.656327 1.6688789 -0.049363304 -3.2239528 1.6154909 4.460362 -3.6965852 -2.1309779 1.3672796 -0.639632 4.574551 -0.92236143 -1.459577
diverging 3.9556715 -2.870838 1.8303506 4.383163 0.91404855 0.75226605 -1.0698292 -3.3962052 0.38580963 -0.06616095 -1.1104276 1.2814817 1.1666834 -0.80766696 -4.637001 1.1478744 -0.33325067 1.2494719 3.0740073 -3.8727763
differentiates 1.8743105 -3.1303113 2.0650833 -0.23793414 -0.6134905 3.4609444 1.0306828 -3.5758276 0.41107425 0.9622166 -5.239024 2.3793578 0.525738 -2.7593703 -0.7940951 2.4242177 -1.6018357 3.8557444 1.4339079 -1.6131004
populate 5.2481866 -1.2033621 -3.6758626 -2.2483437 0.2383535 2.8355107 0.90050113 -4.5520144 -0.8973232 -0.55853 1.239936 -0.47121578 -0.46761698 -0.9218361 -3.9044209 2.7867615 -2.2372448 2.6878023 -0.27218208 -0.38538566
coexisted 4.2733097 -2.869529 -1.7690303 0.2059759 0.6120415 3.894691 -1.7301764 -5.375618 4.2193484 0.31696892 -0.54488766 -1.788832 1.1742538 0.9964056 -2.6518009 0.10842832 -4.004895 2.272747 -0.033501793 -3.8196664
pertain 2.1758902 -2.0410135 0.6291754 -0.20145322 -2.4757457 3.2226207 1.0252876 -5.1660666 3.2160273 0.118369415 -5.9901185 1.449594 -1.0764405 -1.1412628 -1.6942734 4.0903006 -1.2850524 3.390708 -1.1899946 -1.2336382
tabulated 2.9229724 -3.9729757 1.6654602 -0.30124605 -2.4172702 -3.33264 -2.3677 -5.562583 3.7856376 1.9866737 -6.852527 2.5044105 -1.4948574 -1.0084308 0.61854625 0.5851715 1.785971 1.1441674 -1.1049873 -2.9681673
traceable 0.3258035 -2.0815742 0.7983093 0.6076974 -1.3899819 2.7582068 0.41481113 -4.2231445 2.0948846 0.24542916 -2.2254667 2.3939464 1.6333865 2.7514484 -4.207884 0.7785047 -1.5397407 2.7050996 -0.09604583 -2.627485
coalesced 4.753945 -2.8729675 0.04195006 2.1168046 0.8446429 1.9910966 -2.3502817 -1.639716 0.6989839 -0.109314375 -1.2297633 -3.3273816 1.916386 -1.1268178 -4.3176856 0.13894868 -5.054787 2.713618 1.9384094 -2.5933428
proliferated 3.622951 -0.5817683 -2.8029356 -1.2982005 -2.3915908 3.088518 -0.9339421 -2.6010268 3.2332373 -1.7317626 -1.5150583 -0.32198542 -0.015467918 -0.12424977 -3.2088468 0.39568886 -5.233951 0.2612959 3.19109 -0.9341702
outnumber 1.3800819 -3.6975443 -2.9748578 -0.48113045 2.5039985 1.8911203 -1.7241054 -7.026251 3.2445722 -1.2158339 -2.0693588 -2.8955686 -2.5913646 -1.1294158 -2.22511 2.1720636 -1.5047425 3.7042804 2.8866885 -2.9652085
predominated 2.0080535 -1.3060945 -2.3404331 1.4592822 -0.10844425 4.356606 -2.5285978 -3.7295556 3.605483 0.33919233 -1.0653806 0.12409885 1.6989549 0.36279973 -3.0097973 1.2224121 -3.5343502 3.0812173 1.7552959 -3.0147095
lumped 1.0198839 -4.346692 1.7564466 -0.40620598 2.4019666 0.74601084 0.79774827 -5.8647585 1.643745 1.4898636 -2.4243639 2.1137633 1.4743209 -2.5351722 -0.67247933 1.6887351 -4.2845774 2.798425 2.086359 -3.3774395
homogenous 4.699057 -1.0599306 2.3663726 1.6641443 1.024039 3.6893146 -1.3124121 -4.795462 2.0134718 2.1274986 0.13331422 2.534525 -1.3664776 -1.0399979 -2.4171827 1.0654877 -2.6389747 3.1853628 4.099528 -1.9071169
interlinked 5.3923745 -1.8434069 -0.2951404 0.65188366 -2.658396 3.2077253 2.03734 -2.2415862 -1.468462 0.31517875 -3.8608704 0.48359144 -0.44507048 0.059176553 -0.691527 0.09206293 -1.5442281 -0.060754858 2.6829162 -3.257498
dwarfed 1.2097883 0.7197942 -1.4334126 -1.8128145 -1.5457027 1.3769809 -1.104887 -3.4354074 0.6482334 0.9512291 -0.8070046 -0.9146461 0.54372364 0.34403586 -2.5494604 1.5673206 -1.4366046 1.3146698 2.1828492 -4.1140265
categorizes 0.8507335 -1.8405812 0.47337198 0.96449244 -2.398988 2.3052554 0.4834541 -3.8099742 1.4436308 2.1846428 -5.988422 2.0697668 0.5822414 -3.4326394 0.42907122 1.8274455 -1.4698908 0.6939691 -0.6501736 -0.90724957
coexisting 4.1933646 -1.1365384 0.9926623 0.010910651 0.4372564 3.9790225 1.159798 -4.4333153 1.2215788 1.3769202 -0.7665838 -0.055389475 -0.89112157 -1.2085822 -1.1450112 1.5712471 -1.7952772 2.4542458 1.2513566 -1.4415112
delimit 2.690904 -3.7768304 2.264488 0.62263227 -2.1417127 -0.6850414 -3.219463 -5.129975 3.0805354 2.6131954 -4.088699 -0.09937358 2.2633934 2.763018 -3.54555 -2.2680771 0.8613639 1.7003323 0.1368978 -2.1737309