Centroid_80 0.730422102955307 0.9919893227019553 -0.8816902892653635 -0.48732134705941366 0.8243513203807262 -2.6430709191871515 -0.993865448152235 1.0768729345459767 -0.47781029039944106 0.26039966181564234 1.6240778731117302 -1.0560304898659214 0.647364085111452 -2.2568017916768164 1.604612641632403 2.085840159362009 1.9197724464572625 0.09737539982067038 1.5109243633826819 -1.8887548736885478
run 1.3977897 0.8823314 -3.4916987 -0.28906217 -0.38925326 -7.159781 -3.0477226 0.08381647 -4.423648 -4.376292 1.0957168 -0.19961625 -3.8808508 -0.42216 -0.31809765 3.457393 5.5219336 -1.98403 4.978156 -2.9867566
minor 5.629289 -1.68785 -0.27747193 2.1231182 1.4023862 -1.7809385 -3.24898 -1.0718842 3.9728212 0.21701838 1.4734578 -2.5874214 0.6228302 -1.3508059 0.59282964 2.8504891 0.9798797 -2.5468786 3.6819377 -5.9052777
bears 3.6818583 3.791965 -2.4376514 2.011229 1.9551035 -3.4333756 0.88700706 -1.5136396 0.19029404 0.7119928 3.0418074 -0.7501633 5.812862 -3.9553924 0.68476135 3.5232005 1.652348 4.3708444 -0.9328553 -4.2501755
rival 1.3334073 -3.1736856 -2.0543075 0.17380959 3.8837538 -1.792207 -2.3280427 5.239963 -2.6846807 1.1310054 3.514812 -2.7849736 -3.4627995 -0.41072214 0.16569395 3.4905307 -0.859539 0.09042679 1.108213 -3.2675896
folded 5.5938954 2.5743425 -1.9074106 0.51907337 -0.05999721 -7.0794406 -4.3594337 -1.3221687 -2.3315387 -1.6850656 1.3530867 -2.6966536 4.08048 0.22285871 0.99895036 2.2545166 -2.3532379 2.2744281 5.7534485 -1.3029506
midway 3.2722738 0.80254316 -2.4037457 1.3449942 -0.09094152 -6.090294 -1.6308604 0.6591862 -4.2612987 0.15713656 3.9650133 -3.0650222 2.1177092 -1.8272434 -2.2327437 -0.6775779 4.427668 -4.8533096 2.3210967 -1.6554657
wolves 2.0540102 4.509759 -3.9717076 -0.70448524 4.212176 -3.1752522 0.25290293 0.4602955 1.1673682 3.338764 8.160074 -2.7587306 0.5066241 -3.9672189 0.15692712 1.6863966 1.0521933 1.9961512 2.3715606 -4.2824016
chad -2.655479 -1.2488887 0.5741794 0.66291285 3.536323 -3.537952 -2.0083294 1.8307695 -1.5484505 1.9299017 2.3998208 -3.3625321 0.49181157 -7.2079573 -1.7076116 0.3468854 -2.444424 -1.2415019 -1.7473035 -0.6410584
spells 0.98086333 2.7057924 -0.6730986 -3.3891318 -0.48271662 1.5767862 -0.6902541 1.8413497 1.1434528 0.83453643 1.5222646 -3.395409 0.46612483 2.6646106 1.7316695 1.0961145 2.822325 3.3763309 5.0220485 -4.9970946
ivy 1.0745974 2.1179466 -1.8950206 0.21661526 3.0196247 -1.4141306 -1.0660006 0.8556306 -2.0244489 -3.8345165 3.0580096 1.4014671 1.7081773 -5.728201 2.8906329 4.5610056 1.6071484 3.2255332 -1.3323412 -2.6902559
handicap -2.0442612 5.176358 -5.087038 -1.7409445 -2.51703 -4.442338 -1.8113606 -0.79332787 -1.3261454 2.591106 3.1507561 2.837404 0.15923183 -0.7873878 2.7387831 4.8981857 9.822363 -3.0096395 -1.1985886 -6.2550244
bucks 1.3602777 4.6461773 -2.5455418 1.9295653 2.7856193 -7.9574256 -3.33635 0.049188904 -2.5853844 -2.669687 4.4624796 -0.51389384 -0.08362207 -3.8852754 3.7548237 1.2050445 0.758137 1.655168 -0.41215485 -2.8805623
tying 0.91842747 1.0925467 0.58612454 -1.6048206 0.7409625 -5.480541 -1.0507327 -1.0481446 0.024754662 0.6088338 -0.7049949 -2.9594226 2.6761951 -2.7932768 1.1352413 4.750625 5.295463 2.8053555 2.0017462 -3.9945872
helm -1.3530626 -0.35847288 0.7575709 0.25768682 1.676832 -3.6401954 -1.1117284 4.7091813 -0.54702157 -1.8269334 2.9456582 -3.1851854 1.0976079 -0.0012510163 3.4963667 1.853702 0.57855713 -3.4886928 0.88432086 -0.95191425
mates -0.32255092 -1.5384417 -0.48983368 -3.3229742 5.4851832 -2.9113975 1.8074661 -2.010791 -0.34253144 -2.2242215 2.669472 -0.6791009 -1.6757809 -4.5502563 2.9834595 4.0944295 2.1721723 2.7032824 3.259299 -0.302742
skip -1.3596005 -0.5328131 1.3541349 -2.1753502 2.1553853 -5.070503 -0.3250228 0.2031243 -4.1484084 -4.3298073 0.33839762 0.5280392 1.3346804 -2.9324124 2.9962523 4.440483 3.908529 1.2272924 2.082055 -1.2352091
blitz 1.641407 2.2662287 -3.7923002 -0.369304 -1.7852176 -2.9916089 1.0506467 5.7318363 0.8486772 -1.4305813 2.6206045 -4.0943894 2.8461633 1.8769308 0.2369225 -1.1766883 1.0789311 -2.2703176 5.745055 0.8207927
ryder -2.774623 1.254119 -2.7892857 -2.4277713 1.5080273 -4.804021 -0.14222232 5.3497496 -1.4201932 -0.7019837 3.479994 0.7107142 1.4833347 -2.8105838 3.5601003 3.4009864 2.4424222 -0.39719433 -1.6986912 -3.6020513
topping -0.9708583 0.55897814 -3.0101833 -3.6254716 -0.6896669 -4.9173183 -6.349687 -0.80694777 3.2973924 -0.5215908 -1.7149467 1.5791938 0.78523576 -2.797309 0.20944077 -2.2667322 2.1787834 4.176294 3.7625778 -3.2987888
partnering -2.1037812 -0.5189288 -1.3729779 -5.7282677 -0.8932198 -0.25052106 -5.641702 1.7827102 -2.915711 0.6101974 -1.4961869 -0.97275037 1.7383056 -4.345122 5.2237716 3.9627213 0.932741 0.6770341 -2.1394238 2.3548455
swans -1.1527889 4.947139 -4.5254893 -0.7288276 1.9259084 -1.4228276 0.17833807 1.1034818 2.7201302 0.7950872 5.9594135 0.27223617 3.9131215 -3.4641469 0.92683 1.2149509 1.6494486 1.4027649 2.8732355 -5.5785904
pinnacle 2.6463552 1.5431371 -2.2067652 -0.51281327 -1.571638 0.81496185 -2.285557 2.2815087 0.11814263 0.38930848 3.3854465 3.9652975 2.8063672 -0.8694633 -1.8530606 0.9611026 3.2177415 -0.4357213 1.7114818 -1.758331
outing -1.0574529 3.5088916 -1.5130639 -2.2077086 -0.75596327 -2.2978911 -1.6110725 4.4427576 1.3191869 -2.0027983 2.2960799 -1.105423 -0.8962709 -2.535918 0.3031293 0.99956125 5.729346 0.07767734 2.4058213 -4.2667966
breakers 1.8557192 4.2515545 -3.5218139 -0.112292625 -0.7762692 -7.5870523 -1.8259 1.7639698 -2.4948604 1.0277984 3.8583465 1.1095368 2.3827803 -1.0884163 0.55079705 1.5507708 2.4648204 0.037135776 4.183588 1.424393
champ 1.615496 -2.641427 -3.0119925 -5.274377 -0.011812705 -4.686711 -0.7095677 3.8703566 -3.487999 1.8124106 2.7440357 1.1171827 3.9223082 -2.5015867 2.214767 3.5361154 3.7371802 -3.0436196 -1.559348 -2.3777504
swifts -2.9113653 3.074657 -3.0789535 0.5880167 2.086682 -2.9089222 -1.6878668 0.490042 2.210684 -1.5136296 3.6825233 1.3605158 1.1223313 -1.1818312 -0.43799984 1.8537385 0.67607355 1.7746395 4.304447 -7.78002
pinch 0.60330814 0.9035495 3.3446543 -2.9721487 2.375494 -5.747591 -0.31838635 -2.1048777 -1.8154302 0.41121763 3.5087671 -1.3169912 3.0276244 -5.096269 0.48762083 2.857496 1.1354728 -2.428447 5.448631 -5.072142
undisputed 2.8619087 -3.5272565 0.90311235 -2.2601383 2.5713973 -1.7231629 -4.0920954 3.5804756 3.4676428 2.2793577 3.2354894 -1.8230569 0.9600237 0.37670073 -0.44515282 4.7618766 0.6140537 1.6446965 -0.8571042 -2.346815
jeopardy 0.7549328 1.4729645 0.5191714 -3.186379 -1.4167577 -7.00584 1.2490319 3.4013538 0.60133106 -1.0837898 -0.37022856 -0.09336174 -4.0213957 -1.3281856 0.021077638 5.5549526 3.9829628 0.883621 0.41465744 -2.1169732
coveted -1.5271347 -1.3677193 -4.3142204 -3.783228 -0.35382816 -0.60011697 -2.098983 1.4133322 2.8505251 0.23212065 -0.28827536 2.5626955 0.41093543 0.12903607 2.2083337 4.926114 3.8419716 2.3116863 -0.44754383 -0.9518574
schoolboy -4.4723444 0.25277418 -1.9219829 0.3493774 3.578253 0.20850395 -2.8621738 4.4086843 1.43291 -2.038254 3.186928 1.7249366 0.63247794 -2.5640326 4.0623183 0.2748041 3.422788 1.1890299 3.3665152 -4.019758
wildcat 2.2161834 0.024311371 -3.682414 1.0463301 1.8963854 -5.026754 2.0380027 -1.328257 -1.5366672 1.2728605 2.7360356 1.1276295 2.3212178 -4.3414373 1.3279693 3.2016559 -1.2180966 -2.7972188 2.8114529 -1.521108
pep 5.066413 -1.8986036 0.28706366 -1.782976 2.0910199 -1.6394688 0.33919185 2.4801888 -4.227971 -4.6458607 -1.2193795 -1.4821817 -1.5485568 -5.635128 3.9392638 2.5210116 2.477827 2.9845645 1.0388731 0.54862547
rhinos 0.09276426 5.614392 -5.13878 0.4110715 1.8779073 -3.3777978 -5.5980515 2.2176554 0.032942865 3.3054996 6.7960134 -1.9230969 1.0683217 -4.0806503 0.40687275 1.3801806 2.1498072 1.8738756 2.5274694 -2.1001163
sideline 0.65335476 1.4131135 -0.6084695 3.085938 1.881463 -5.055226 1.16078 2.8596907 -3.03762 -3.2704084 0.7624881 -2.725881 -2.2928138 -4.699117 1.6311581 3.8940582 2.3565571 -2.2029736 6.113338 -1.9966813
pros 4.319359 2.4300592 2.3520176 -2.8402588 0.13119988 -4.398762 -0.7492768 1.6094031 -1.6946437 -3.0542424 0.9667056 3.1443722 -2.895808 -5.031377 5.0254436 5.982815 0.99231315 0.11006527 1.7078198 -3.1290002
griffins 1.957748 2.9550252 -1.3095984 1.3453186 0.688317 -3.1134098 0.8960789 2.2576706 -1.864439 -0.35576844 3.5921555 -1.2553234 3.3181853 -0.36336112 1.5192492 4.5544553 1.3988665 0.52223015 -0.9611671 -3.3073215
apiece 1.2509856 1.7819263 -0.6990915 -2.8000264 -0.81563425 -6.6964245 -1.7400918 -1.8304145 0.69703186 -0.27264252 0.18721531 -2.6251926 -2.0954223 1.3089441 3.3476603 1.7561057 4.4089384 -0.7445716 1.5596063 -7.1844425
rosters 9.79685 1.7114904 -1.5881575 -0.3929276 -1.5661714 -7.3223205 -0.7806799 0.4835239 3.377356 -0.12569484 -0.62018 -0.7400694 -1.035511 -1.4865059 5.355854 3.5639431 -0.7404949 0.40368378 2.9669983 -0.9063044
thunderbirds 2.5416884 0.98856986 -3.0732648 -0.61827326 0.073996305 -5.255539 0.10101512 4.6218414 -1.0964803 -1.0549731 3.4341147 1.0950278 4.3518505 -5.7152805 0.91911626 1.8735658 1.5685259 -3.5927815 3.1745684 -0.8673931
commodores 1.5976776 0.3127255 -0.006111007 2.9166524 2.4088206 -7.164938 -1.809071 -0.07062875 -0.40414903 -1.47507 3.2869418 0.69029677 2.578085 -2.518266 2.7069974 5.3589244 2.8374212 -2.7620358 3.1250374 -1.4236187
toughest 2.1716928 -2.085527 -3.7308233 -1.5347253 1.8805819 -1.9015071 -0.24838708 1.2249186 3.5731754 -0.91474366 1.387286 -1.1495337 -1.9008523 -4.1701035 -1.4907398 7.2223654 4.7322874 -0.046404652 2.0205886 -3.799667
gator 2.3577933 2.6235895 -2.6866853 0.3678159 1.1947995 -5.860206 0.3313472 1.0771844 -1.7093643 -1.5272994 1.9840782 -0.7162283 1.4255468 -6.9161787 1.2585932 4.6673465 3.1850674 1.1775624 0.6880507 -0.7936759
scouted -1.0486215 -1.1416082 -4.614199 -2.8625028 1.332957 0.5935769 -4.9316993 -0.4430683 -2.1151905 -2.9115157 0.75635326 -6.0370617 3.184318 -3.7961612 2.6880317 1.2934241 -1.1158631 -1.8122431 2.5578434 1.4349751
baseballs 5.8166738 4.3958006 -2.0649586 0.37931225 -0.9975852 -4.558105 -1.2903595 2.8944724 3.3013885 1.0896351 1.0978967 -0.48912364 0.1957449 -5.663109 3.8844771 6.9574122 -1.7802902 0.101527825 2.4745038 -3.8255205
phantoms 3.708859 1.7294954 -0.02804344 0.24564287 0.76940256 -4.22267 0.62548816 0.9474648 -0.86974126 0.35424703 4.273896 -1.7931439 4.1698995 -1.8519858 1.1609842 0.90464884 1.5059963 -2.8860638 3.103402 0.37799528
dames 3.1175616 -2.139478 -2.6014028 4.0192003 -0.6950728 2.790024 0.14536309 5.884679 -1.9609084 -0.92468095 1.229615 0.6980199 4.4638286 -0.8821668 1.3340861 5.5182114 6.753098 -3.1500957 -3.6647162 -3.1143768
buffaloes 1.2789831 3.9439101 -4.586527 -1.1548197 3.1543672 -3.7811823 -2.2727728 -2.7446456 -1.8640767 3.1655042 5.5072317 -2.7985177 -1.6471177 -5.688612 3.1741529 0.88890207 1.9083858 0.042050786 2.6236951 0.37637252
dunk 2.1395812 0.32190666 -0.7110184 -2.9769473 1.6924694 -4.049808 0.4731352 3.8395367 -3.4580982 -0.67128634 1.5173357 0.3392103 3.5155487 -4.315136 2.3455155 3.8844032 6.8882756 4.418701 -0.36959642 -2.121394
pup 0.36486706 -0.5129763 -0.97944283 -1.4883873 2.9610887 -4.7355747 3.1819663 -1.5515524 -0.5096846 -1.1071285 2.3579867 -0.072126225 -1.7259092 -3.0650096 1.9993159 -0.25252956 1.0507841 -0.6732646 0.32469893 -0.68482035
preakness -0.9985165 2.1609883 -5.599824 -1.0209342 -0.5036614 -8.483028 -1.129037 -1.819516 -0.45054352 0.21774861 4.5408106 2.9384246 0.8080796 -0.9330126 0.16357508 4.1740637 8.526321 -2.589809 -3.5218494 -7.0381093
journeyman -2.2994392 0.121859565 1.537002 -1.6395248 2.8400774 -1.3854465 -2.702175 1.98164 2.169962 -2.970585 4.5356236 -1.6597021 2.8603373 -0.24378735 4.4877524 3.4814045 -0.46502224 -2.1162424 2.6469462 -0.64104414
pats -1.0033404 4.9009824 0.505314 1.5115972 1.4606553 -2.548546 -1.5896007 3.4578748 -2.4235117 0.13697536 3.5842743 -2.9667585 0.811765 -1.0252359 4.8560367 1.2151968 4.708413 1.1766276 0.64011145 -4.7355337
millionaires 0.1723213 3.7963178 -4.9845314 -2.3054657 -0.35857 -2.080072 -2.7277012 1.6077458 0.24086109 -1.7825286 3.1727493 1.1360306 -3.7213647 -1.1141393 1.5370282 1.2275045 -1.7707266 0.81746244 -0.9888628 -5.182397
gridiron 2.3898726 1.8141375 -3.2268016 3.64366 1.8644363 -0.7001381 0.28317767 3.2348442 -1.5297282 -0.087266274 1.6147459 0.6043653 2.0794573 -4.7825947 3.4521804 5.7696724 0.60153586 1.2407392 4.0878105 -2.8814018
greyhounds -0.017124042 2.2346253 -4.730014 -1.0486286 1.9792794 -2.2609038 -1.5945547 -2.2967494 -2.3364673 -0.86311924 4.9952145 1.9685221 -0.3364957 0.23555127 5.5065804 4.11434 4.492512 -1.6102768 1.7494305 -3.337775
regionals 7.571681 0.47078922 -3.7871296 3.609541 0.76099724 -5.318443 -1.5640197 1.5160971 -0.4795162 2.073196 -0.46031564 0.96811795 -0.64399695 -7.4105935 3.1795385 0.6290701 9.290984 1.7875706 -0.2856475 -0.47555718
cheetahs 1.2304479 1.5127326 -6.1282287 -0.8460101 3.6665056 -2.521502 -2.1399086 -1.3155583 0.35645655 4.557068 5.313917 -0.68692255 -1.2292658 -3.5998468 1.721176 1.3483995 2.1132698 1.5739709 3.6886823 -0.37890244
stalwart -3.0647693 -2.2592301 -2.2726579 1.7254156 3.1154013 0.08745654 -1.9510441 4.6066337 -0.08458537 -0.32830492 1.0827582 -2.8555233 0.619787 -1.8182882 1.3968737 4.152226 -1.7361139 -0.4620579 2.3380134 -3.8060718
semipro 4.0323796 1.7354826 -5.150956 0.81203705 2.6358151 -1.2391483 -5.6354327 -0.037432812 -1.4113506 -2.3210227 3.926807 -2.573746 1.27214 -5.1351433 5.657421 3.1381853 -1.3043972 -1.380968 3.6867044 -1.6609571
checkers 3.5118053 -0.60241085 -1.1869655 -2.2826884 1.5021893 -4.0901065 0.122461416 1.3815557 -1.0964445 -2.9297862 1.9463888 2.698371 1.6867855 -1.9538972 4.269248 4.4936676 1.0416707 0.5971783 1.8767017 -1.951535
bronco 2.851 -0.15655084 -1.4596794 -1.953794 1.1690077 -6.5131555 1.2764717 1.7172549 -4.7966256 1.1571226 2.759445 -0.01903065 2.7418175 -3.9662454 3.2605247 1.5129071 0.54041755 -2.9616835 1.6217916 -1.8454762
aussie -1.829652 -0.23077917 -4.747456 -5.273384 1.2314746 -1.5189129 -1.5779278 4.4508343 0.1977467 0.06361488 1.7521847 3.3565645 0.3642717 -4.453561 0.5080217 2.7829814 1.0082581 3.2697022 3.2073877 -4.9682455
sabin -2.4230883 -0.015733002 3.6335888 -1.7242732 1.9589201 -4.1677246 0.13717969 3.1107316 -0.5603808 2.3723793 2.6152508 -1.5023841 1.3887751 -3.7616248 2.1396894 2.82138 0.2512654 -0.9774938 -2.4625025 2.373004
nicklaus -2.0370288 2.910183 -2.1484737 -2.415071 0.3029196 -5.3001103 0.5077429 3.7266276 -1.3909466 -0.5108433 3.3020036 0.91056556 3.591935 -3.7086203 6.691991 5.0726233 6.8681946 -2.8396742 0.16738896 -5.0331883
tallying 1.637272 0.17608689 1.2968326 2.968992 0.4314383 -4.346294 -4.751355 -2.7368956 0.21441987 -0.18613242 -3.133964 -3.6718037 1.5663891 -5.440054 4.4715443 3.9215565 4.0187626 -0.8863599 1.4524038 -3.3493648
umpiring -2.6749606 1.2645868 -2.6283593 3.4368489 0.6040397 -3.1691544 -1.8400118 4.492971 4.377994 -0.040899754 -0.46554807 -3.716237 -2.573559 -2.2541382 4.9761333 5.9064946 2.699491 -3.356013 6.0883875 -1.8430986
sweepstakes 1.0648777 2.0989177 -6.170764 -2.3148031 -2.9710789 -5.2741566 -2.0002782 1.4178631 -0.047984518 -1.8258007 -0.31412998 3.836224 -1.5668259 -0.11969087 2.5295382 2.0700743 6.6653366 0.48535305 -2.5049968 -3.3074183
colonials 1.8049618 2.0782387 -3.1222835 3.5673954 3.035665 -3.1093063 -1.4094555 1.497976 2.3109775 0.27007985 5.526871 -1.6387209 1.233496 -1.7495116 0.8606808 3.0506117 -2.2108588 -0.299319 0.8278836 -1.2600094
upstart 1.6687784 -0.2455284 -2.5087967 -0.43849337 2.0165648 -2.9935312 -2.1461427 4.3610845 -0.38955867 -1.1877781 3.7160823 -0.17916387 -1.8885434 -2.8923643 -1.2638603 3.2742894 -2.959485 0.043440957 1.7347966 -0.9192075
archrival -0.22531709 0.38793695 -1.2481143 0.97482634 2.6276562 -2.2101798 -3.392896 2.4489903 -1.4685268 2.6113842 3.192496 -4.3021345 0.4278738 -3.515098 0.19843009 2.4643006 3.143876 0.5874469 -1.1429399 -0.67057985
lumberjacks 4.4679203 2.01682 -2.639496 2.6832302 3.6578608 -4.7303953 -1.2289505 -0.016171357 -2.6334343 0.68722296 5.3298626 -1.8535589 0.69652593 -4.8177557 2.7605484 3.4212313 -0.49802524 -0.89931345 1.0456545 -1.8389232
bbl 1.5360765 1.3686416 -1.3678738 -2.159762 -1.1137627 -5.92152 -7.4730945 0.900444 -0.23820479 3.3275337 1.5561241 0.56605345 1.0937358 0.65140843 3.3112676 0.87508583 2.2040749 0.061153412 4.483446 -0.8737696
seagulls -0.32759497 2.7768023 -6.054334 -1.8735161 2.758608 -2.4694703 -0.056204442 0.21809916 -1.5226252 1.0211204 5.580433 -1.8116885 2.5455818 -3.1983607 0.2255503 -0.5777308 1.1859645 1.3048722 4.0988503 -2.7053874
lopsided 3.0850327 0.9494108 0.66965336 1.9353899 1.5288919 -4.1567855 -3.4126256 0.42807636 3.3388226 3.0476196 1.8202529 -3.0484793 -0.88729334 -3.2720506 -2.9156613 5.8326025 2.6309104 1.4971298 2.0161207 -4.694143
tryouts 3.4452004 5.4300094 -1.9352058 -0.49963573 -0.16659132 -3.9688487 0.28286335 4.474574 -0.30368388 -4.086972 2.4169035 -3.7689242 -1.3701944 -3.8006523 5.2347426 1.8359394 4.869417 1.3170244 1.4101017 2.655115
peewee 1.273974 1.413409 -2.1611156 -3.7256377 1.114916 0.032882933 -2.735983 4.3902855 -2.0245018 0.5064373 3.1957917 0.16133091 1.3210273 -7.8155665 4.16375 0.9330266 0.049968176 -0.029246233 -1.8712703 -2.339978
setter -0.9004766 -1.6543285 -0.40136245 -2.0239954 2.446618 -0.54782057 0.24171223 0.45774084 0.67648107 0.9744301 1.4089897 3.0729213 1.3752439 -2.4921837 3.8469102 2.5875905 3.1317804 0.44811067 3.3581667 -2.6065686
corks -1.1362278 1.0670964 -0.3810163 -0.19481802 0.34287 -2.492911 -2.120999 2.220997 -0.38952923 2.1872153 1.0308985 -0.87626284 -0.4834236 2.4804564 1.9398093 2.0339239 2.9150326 1.4303163 3.5912478 -7.073241
underdogs 1.9967663 2.2009428 0.30826843 -1.4481728 1.4942181 -2.516013 -2.462844 4.880315 1.4389628 1.5240998 4.144778 -2.369639 -0.27349564 -3.3335526 -2.5642786 1.922789 2.38273 2.3875086 2.9498968 -3.9338765
canaries 2.217516 1.3687876 -2.3146818 -1.1826943 1.4056966 -0.8186281 -1.5720317 -0.69783443 0.94581 1.1063689 4.9103956 -0.8065922 -0.22839922 -0.627175 -0.7944633 0.017550614 0.7266027 -0.26461744 0.49579576 -2.026335
goaltending 2.4479842 -0.5424005 2.3287938 -0.5534416 2.0690267 -2.6833804 -3.0933604 1.3270833 -0.12567234 2.0346844 0.06619173 -2.5998416 0.6746886 -5.1968718 6.1336956 6.4003496 1.1820412 -1.0948721 4.0942254 -1.8898453
powerplay 1.9975476 1.4534315 3.496895 -2.119425 -1.6356589 -3.8578978 -3.794047 1.3846928 0.14023292 1.5430337 -1.0888715 -2.16332 -1.0760506 -3.8421435 2.3937633 4.749854 2.604057 -1.4090089 4.153706 -3.0657656
sixers -0.6102439 3.7537825 -0.77730626 0.7488755 1.0713003 -6.624745 -2.9861722 3.957434 0.12279208 1.0049163 3.1298585 -2.8621664 -0.15905139 -3.4702652 1.7128233 3.0836794 2.926092 0.108468905 3.589516 -1.6821786
sportswriters 3.1705742 1.9519359 -2.4223104 3.2686315 1.557755 -5.7158775 1.0168328 3.623944 5.142869 -2.7548187 -0.31133297 1.3443848 -3.0243075 -6.7257886 4.379895 5.650006 -0.5519449 1.5070087 0.6549408 -4.12443
faceoff 2.7408164 0.38110703 0.20151827 -1.059224 0.72092175 -3.719044 1.6204056 3.89903 -1.0027266 1.9027132 0.025911493 -2.4842927 0.26137832 -3.4014301 1.4338735 3.5508475 4.896585 1.949996 2.5304797 -2.1638427
nighthawks 2.6589098 5.2688246 -2.0500982 1.0027527 0.4325884 -5.122069 -0.9080771 1.6356394 -1.229551 -1.5975852 3.6679819 -2.7742968 3.3115964 -4.7895317 2.4031994 0.7229292 -1.7683722 -0.19386765 0.8062321 -0.8775024
whitewash -0.7188801 2.9138 -0.18111633 0.9994722 -1.041903 -3.1551342 0.9472776 3.1429517 3.5465672 3.1684139 1.5245413 -1.349389 0.21805269 2.3527372 -2.402811 3.372044 1.5762265 2.184315 1.6341163 -3.3156621
offs 2.3969038 0.07039293 0.2401788 -2.8905084 0.2309669 -3.5097866 -1.9957132 2.5803113 -0.4693355 0.7289644 2.1633255 0.27573103 -0.94949573 -0.52454746 -0.36672848 1.4636256 3.7684526 1.2228994 5.7154236 -1.6848953
partway 1.9104279 -0.08815222 1.1765652 0.18353556 0.625077 -3.9921162 -0.46189916 0.722706 -2.4206996 -2.3769565 2.5197453 -2.2004423 1.9376692 -0.10750508 -1.386572 0.97426087 3.8055701 -1.7928268 3.0559378 -0.8993403
secs -2.0086632 -0.5542993 0.020730432 -0.68859214 -1.5033225 -5.7345147 -2.7818031 -0.068398975 1.1402044 3.5368545 -1.5069371 1.0169377 -1.1779677 -1.2973101 1.3600488 3.1944368 6.146132 -2.0726757 -0.4475708 0.61430246
espy -1.9883977 -0.15768203 -0.38591278 0.15020245 0.069445215 -4.701521 0.12383622 1.0827533 1.1029137 0.31605953 -1.8662505 2.2497647 0.16244829 -6.4079533 4.2657084 2.8932116 4.209605 -0.13121802 -3.9949987 -0.47825867
ruck -1.9348546 -0.13511625 0.7883846 0.80507946 2.8777833 -1.8665541 -0.33790988 2.9231977 -0.9299259 1.0473661 2.383703 -1.7343264 1.9223949 -0.7474454 3.8509831 3.5475717 2.027268 -0.9695118 5.916693 -4.4230657
racking 1.5980211 1.5971783 -0.94807214 -3.042879 -0.9970585 -3.510385 -1.8136089 -3.1024916 0.087780006 0.51762354 -0.7909924 -2.043348 -0.050528307 -1.288375 1.0434848 3.251389 2.646378 0.5526416 4.8818274 -3.422736
dally -4.485063 -0.88855267 -2.2875798 -0.7897096 1.0821404 -3.7347746 -0.33662018 3.494705 0.5519341 0.07277299 0.12918635 1.4352179 3.4369693 -1.7944102 3.4921918 4.0165224 4.9347243 1.1685492 -1.0867637 -1.1349605
daredevils -1.8489999 -1.0852616 -6.262722 -2.1447392 -0.3198196 -1.5690359 -0.10763055 5.433396 -1.101552 1.34135 1.4353861 -0.15682067 -0.69544595 -2.0926282 -1.8193158 1.3827677 4.271327 -0.7104554 1.6490313 -1.8068925
paraplegic -3.4541206 2.7622545 -1.9595602 -1.1486969 1.3743614 0.95422566 2.9376912 0.48708 0.2639673 -0.16557053 2.8030844 -3.9797206 -0.438175 -2.6595027 4.462113 2.9533832 3.7848833 -2.5191355 1.4718409 1.12998
hopefuls 1.228293 0.682013 -2.2706366 -0.8289835 1.2605351 -2.2604275 -0.50284576 4.352039 1.0517577 -1.1585536 0.815653 -2.2199175 -3.932917 -1.178413 4.1277375 0.59954786 4.362502 1.7609335 1.0297172 -2.0193048
munsters -1.0709847 -0.50243014 -3.5581145 -2.988359 -0.35906813 -2.358269 -0.6599838 4.718739 -1.4614838 -0.83894324 1.190005 -2.3479664 1.0147113 0.30174035 0.20553696 0.39210364 2.3642101 -0.4025533 0.23571274 -7.8924236
dodges -0.84106064 -1.0049434 -1.3698283 -2.5324142 0.29012284 -3.8679779 1.3137081 -0.52110964 -3.4154692 -0.862667 1.4525117 -0.98563904 1.389305 0.94950646 -0.36473945 3.6184423 0.4602607 -2.368959 2.4460392 -3.8013642
heroics -0.8214011 0.65615034 0.42255896 -0.9939679 0.75811666 -1.2651558 1.6160094 4.6374974 2.331703 1.2561154 2.961412 -2.5964246 0.24279635 -0.9436396 -1.2915908 4.2369967 3.6900742 -0.992421 1.9234086 -3.1680105
notching 1.9025537 1.8948845 1.1979406 -0.70655394 -0.5301168 -2.988352 -4.338802 -1.1007404 0.5593722 2.0166605 -0.7466321 -3.603867 2.145575 -2.7918828 1.7236729 2.501104 3.9076867 0.47059438 4.423313 -5.7343297
thistles -1.0897342 4.2605305 -3.1151738 -0.6418708 2.8341153 -2.0990136 -3.2307768 -1.2211533 0.20355865 3.7765698 5.486377 1.0167016 0.9581918 -1.4174116 1.8245094 1.6048688 1.2092882 4.2739544 1.4726427 -4.645927
brawn -0.41557434 -1.347165 2.5099025 -4.1555347 0.62253535 -1.9788287 1.81047 2.4372137 -2.7104225 1.4916697 1.6775162 -0.44148383 0.53061634 -1.4559048 1.7163407 4.8851147 1.8501074 -2.6596532 4.0833654 -1.8866034
gehrig -0.654882 4.386243 3.3589687 -0.6266263 1.3291698 -4.168242 -0.124362424 1.8464864 -0.12593637 -1.1524237 3.0333445 -2.8912704 1.607105 -5.0892277 4.2437987 4.038572 3.8570774 -0.6221292 -1.6485955 -3.0925999
dinos 0.9214614 1.2984086 1.335948 -3.176767 1.4968697 -1.2874295 -4.7920923 1.8048271 -2.5890343 -0.48087642 3.0613577 -0.670587 1.3136271 -5.5866632 2.1144254 0.19528344 1.2365416 0.91843283 -0.65554506 -0.20507552
bucking 0.6690217 1.6623062 -3.6412039 -2.6930587 1.1254894 -3.135269 0.108992614 -1.0457146 -1.0035847 -1.0017854 2.4363403 0.64608103 0.81871855 -2.9175167 0.053371385 6.2898 0.7789894 1.053067 3.8962047 -3.809659
bleacher 2.7336977 2.8489509 -2.4647036 1.6178927 -3.1048687 -5.937004 1.897234 1.488224 -2.8952436 -1.4263825 -4.5208936 -0.66136336 -0.6629195 -2.6642547 1.9456693 2.7298841 0.66816205 1.3103452 1.5865394 -3.262633
futurity -1.1637022 2.1955466 -4.306432 -2.088896 -1.8534119 -3.216191 -1.1225673 -1.5719237 0.37960193 1.7861365 1.5114013 2.2528858 1.642021 -1.9810778 0.7781859 2.6450608 5.770686 -1.1986861 -4.5367517 -5.4129186
drillers 2.1920233 5.746023 -1.0565286 0.5605579 -0.7239879 -4.7488136 -2.8217695 -2.0864344 -1.5629125 1.4028492 4.1886916 -2.5070963 0.21331757 -3.3410537 2.1555903 2.0779624 -0.7224987 -3.443975 3.0272188 1.4562923
hooligan 1.5529822 -0.8279002 -2.4848337 -3.3690796 2.3862464 -0.123391435 -0.2925005 3.8855379 -0.72296864 -1.0341272 2.6568244 -2.6941233 -1.7865831 -0.87010497 1.4659556 2.2039294 -3.3682442 1.1826568 2.7013566 -3.1904554
besting 0.03021123 -0.72264946 -0.8164788 -1.6463176 0.6101853 -3.9878054 -2.9752822 -0.01848121 0.50976926 1.7297171 -1.2253373 -2.6289318 2.098836 -3.6576326 0.8393184 2.543386 3.575801 1.4717671 -0.9140408 -3.2688024
razorback 1.6288161 1.014957 -1.6957654 1.3671478 1.444529 -4.72294 0.37841412 -0.19583449 -2.9187486 0.37346414 1.7414443 -0.17453332 2.9559925 -5.1483703 1.3978928 2.0010166 1.4909258 -1.1482823 1.2074649 -1.9290462
hatters -1.428191 3.4667335 -1.9479625 -0.8156866 1.3931472 -1.4002382 -1.2515801 2.2266028 -1.5125093 -1.522777 3.9083793 -1.3738582 1.3272136 -1.409602 1.3955847 1.1433148 -0.26830342 1.8446281 1.5225734 -1.8872526
minis 2.9271605 -1.414898 -1.2981954 -4.270707 0.16013247 -2.299717 -0.13765876 1.8461096 -1.6105131 0.23444141 1.3391379 1.3582695 0.0014336657 0.2773412 2.6098902 0.44741902 0.38839492 0.090680465 2.354504 -2.8732152
roughnecks 2.4952261 4.943291 -1.7215525 0.82877725 0.36636043 -4.570119 -4.015229 2.3171618 -2.6304224 1.7684143 3.6869438 -4.8642397 1.95356 -6.4479275 2.1066782 0.83624494 0.08591606 -0.68445814 2.2974494 1.223414
canter -1.6055361 -1.0575653 0.61002827 -0.8176775 1.4715714 -0.78307796 0.81911755 0.22848603 -0.9264753 -1.0140598 1.6346632 1.4110166 1.0812576 -1.080823 2.150542 2.7091484 4.650458 -1.9910057 3.8718252 -3.078778
zips 3.4699397 1.995473 1.3202841 1.9679127 1.1192806 -4.4637814 -1.8753068 0.07217253 -2.481366 -0.40143564 1.5011215 -0.27774546 1.6778408 -3.221745 2.823646 2.4623702 2.5836668 1.0915916 1.5782549 -0.9486152
unbeatable 0.6354457 -2.161348 -0.35372373 -2.9658628 1.9406987 -0.9694192 -0.35400468 1.38629 1.3290058 0.35013807 2.2778466 -0.8694621 0.16602398 -0.7071661 -1.6495957 3.8584273 2.4580169 0.80390096 2.7224705 -4.0661907
yanks 0.9339742 3.1887574 -1.4650277 -0.19651026 0.3039546 -4.46615 0.51271623 2.3338192 -0.58789617 -2.5886867 3.0336654 -3.0086296 3.0865426 -2.248201 -0.061153412 1.5041432 1.496776 0.27619192 1.2511775 -1.5505118
astrodome 4.395968 5.7859616 -0.8710577 0.10455685 -2.9385219 -3.3643758 -1.0569315 2.1900806 -4.04053 -0.094344266 0.78762704 -3.8771482 -0.95050967 -3.5084944 1.9069821 0.39804912 2.4657269 -0.34241366 -0.37295052 -0.4725054
chicagoland 1.5936015 1.5671012 -2.417101 -0.6273024 -2.9619913 -4.80748 -3.6908045 0.28520292 -4.2099004 -1.2493943 -0.085118026 0.08034789 1.7827393 -2.545378 2.820455 2.27731 3.6860166 -3.7558434 -1.4645537 -0.86866087
marksmen 2.6578605 -1.0050014 -4.2434473 0.7987513 2.8936338 -2.328506 1.8903735 0.49693003 0.53866655 1.2945313 4.0819016 -2.114804 1.2267954 0.12261727 1.8029516 1.6235079 0.69731385 -1.5258608 4.5570207 -0.7724799
huddle 1.4807206 1.648015 -0.27313787 -0.10278019 1.9112692 -2.5220463 2.1225915 0.52327466 -2.6902404 -2.6582696 1.2448492 -2.2474897 0.49466005 -3.1343281 1.5360677 3.0529006 3.1504881 2.2835763 2.0985775 -0.67852336
scrappy -0.048412647 0.13005745 0.6167097 -1.688145 2.4596858 -1.8255773 0.2980606 3.0103266 -1.2450238 -1.0145675 3.0885549 -0.77053285 0.9235428 -4.444819 -1.4062455 2.2610452 0.33898887 0.6968151 1.7625381 -4.2858553
ballparks 7.225622 5.7163415 -2.923567 0.9105427 -2.9176192 -1.6907246 -1.4573283 1.0264014 -1.151302 -0.661797 0.99034715 -0.579064 0.32493994 -1.6857042 2.293034 2.565922 0.30722475 0.42956647 3.5671425 -5.310638
zito -0.1395244 1.6346604 1.8948398 -2.7971442 1.2234461 -4.4044785 -0.9372592 3.2857704 0.054449957 -1.745149 3.5625606 -3.0304778 0.3261194 -3.6447833 2.682634 1.9959478 -0.25926346 -2.5849195 -0.3841105 -2.295917
lazier -0.6946694 0.13488895 0.8073057 -3.2307792 0.17115907 -6.02653 -2.4545352 0.45434296 -5.009002 -1.177903 3.4776993 -1.348116 0.40841872 -0.96788234 3.317724 3.3103147 5.0545983 -5.9715776 1.6725185 -2.4529393
powerhouses 3.0450425 2.4719589 -2.8146174 0.41058668 -0.12649196 0.37333253 -3.9443939 0.91706306 -0.90513265 2.6634943 2.3184044 -0.3041537 -0.70721644 -2.6720445 1.3161522 0.01550071 0.6167537 -0.33304673 3.8620217 -1.4809101
ripken 1.5973748 1.1790038 2.0424793 -0.50394404 1.4490454 -6.879659 -1.4173481 0.5289501 -1.7856684 -0.8108472 2.1801383 -1.9015507 1.0207039 -5.0703163 5.375091 3.6453087 2.0202549 -3.1461627 -1.4191399 -1.5954707
fastpitch 4.343313 1.7018753 -3.5925295 1.3257638 1.3739805 -2.5354595 -2.0823526 1.2151978 -1.5825171 1.3305036 0.83530587 -0.14273085 1.2833076 -6.069935 6.980758 4.2005544 1.5143052 1.7584747 2.0079935 -0.11211761
naps 1.0207916 3.2626357 0.4105907 0.37905797 -0.2421078 -2.9960308 0.9815327 -0.7015404 0.48124027 -1.9410288 0.9620468 -2.540124 -0.80471283 -3.0250742 1.5200622 1.3241793 1.712492 -1.0091698 2.8142886 0.28307623
playbook 0.061790884 2.9665246 1.0219523 -1.82902 -2.142416 -4.1456585 2.5735326 3.1964378 -0.45361912 -1.0296949 -0.84801275 2.145052 1.6323341 -2.986271 1.3339131 3.27573 0.92894787 0.96458477 1.4427876 0.6086402
longshot 1.2743529 -0.44137263 0.536204 -2.1166892 1.0231339 -3.422399 1.0958047 2.7742388 -0.30603063 -0.33646432 3.0411797 -0.6681403 0.04893539 -2.3429086 -1.38109 5.059435 2.5870507 -1.0118086 -1.0372841 -2.5251064
matadors 4.453368 0.21133335 -0.21049225 0.23485535 1.6432116 -2.824221 -0.523769 1.1551151 -0.79225886 1.0921825 2.5175738 -0.75321734 0.23307586 -4.230478 2.9768872 1.6741832 1.995392 -0.24128293 0.13596271 -0.022849541
comers -1.5699569 1.50255 -1.6817795 -0.22574109 0.8466621 -2.23775 -0.3310395 1.8529081 -0.5037744 0.32107854 2.5562823 0.59851635 -0.13150094 0.19883288 0.9661395 1.9202251 2.8990934 1.4391092 -1.2979418 -1.9927884
cals 0.6755974 -0.059954252 1.9446344 0.051477622 0.5493147 -2.4666235 -0.4139804 0.888311 -0.45135447 -1.391558 -0.19628279 -1.3914425 -0.70037454 -2.1138258 1.8257434 4.0178103 2.4423864 -0.46748546 -0.24723616 -1.0693315
outland 0.68062246 -0.38682514 -1.0562655 0.3726473 -0.40954268 -3.153037 0.4129889 3.2920718 0.28570038 1.1428992 -0.9239464 0.39708066 3.0489883 -3.9209926 2.32581 4.072494 2.2553954 -0.022287445 -2.1179993 -2.9528108
defencemen 1.6592032 1.4163855 4.016212 -0.48781514 2.5632732 -3.3731394 -2.0477479 1.9151943 2.9088008 3.5182855 2.0290072 -3.841977 1.2126302 -4.2314134 6.889417 3.1601985 1.5677582 -0.25105396 3.4399948 -3.9655786
bosh 1.8102318 1.5010549 3.7829263 -1.4780596 0.93841493 -5.5313554 -0.41528097 2.4558294 -2.7167323 0.6248636 1.9189649 -1.6875973 -0.29217827 -3.3564575 2.1404188 2.9090743 1.3539959 -0.15404856 1.6257242 0.45869303
hardball 0.55496556 -0.3120407 -0.47295946 -0.7714251 0.9805358 -3.8175356 0.5462861 3.7976801 0.8044375 -0.25806975 -0.80311793 -0.20730281 -1.2728764 -6.264814 1.0849603 3.5681252 0.99519783 0.952953 0.12228054 -2.1699333
crushers 0.8768232 2.9414322 -2.3783092 -0.27561942 0.570168 -2.7146492 -1.7616082 -1.3361776 -2.8373609 2.3797007 3.543123 -0.58085907 2.5797658 -1.0110278 0.5716468 1.2700312 0.004099196 -0.17889957 4.5265474 -1.744
tourney 2.7835312 0.2924614 -1.980258 -0.4952469 0.98977244 -2.8050895 -2.0548775 1.1547196 0.49062872 1.6763208 1.1500546 -1.6475492 0.6751104 -2.089426 2.4965844 2.063762 5.765903 2.0200226 -1.2180316 -1.2385057
miler -2.1867583 0.13790739 -3.4452584 -1.766476 0.14613138 -1.640459 -2.4409893 -0.1891077 1.4423136 1.5145668 2.3678594 1.8942771 2.1663876 -1.3076074 2.5799973 0.95945895 5.7388415 -2.6435242 -0.2665711 -3.5979457
highflying 0.6704479 -0.8065748 -1.0810759 -2.3904023 1.3633415 -0.30666065 0.5003769 2.8236337 -0.78520554 -0.11102737 2.4973986 -1.9538705 0.79076844 -1.647697 -0.52084434 3.1502216 1.58893 -0.5161572 4.690064 -0.9969407
revs -0.5944677 0.17989968 2.5516996 -0.6297265 0.33177203 -2.9387891 -2.1411772 1.7732208 -0.8113318 0.026785286 1.2540457 -0.30727607 0.7193693 -0.18145457 -0.09861935 0.84074664 1.6548132 -0.40287158 3.5293987 -0.7763215
outlasted 1.0416398 -1.2878126 -0.8279259 -2.3148568 -0.032916326 -1.758967 -2.6405537 -0.55609775 0.7898671 0.5295329 -0.765135 -2.9427137 1.5770413 -1.1588233 0.0016505842 1.5708543 -0.07594304 -0.16013129 0.88151884 -2.9991522
mathewson -1.0437236 2.6012135 0.83137846 0.24175197 1.1079313 -3.8896737 -1.002028 1.8297616 -0.37744704 -0.7679521 2.6151452 -1.1501006 2.2431252 -2.9951286 3.772515 3.3317099 -0.21792752 -1.7789624 -0.7777702 -4.7979884
namath -0.30571693 2.4093301 1.5356948 0.28400177 1.1889153 -5.895307 -0.5324237 2.5148368 -0.77484506 -0.8260094 2.3763032 -2.908634 0.13794564 -3.9798832 1.6052567 4.1565084 1.8435438 -0.809488 1.4193625 -1.2257423
barnstorming 2.376424 0.56365407 -4.326499 -1.8201073 0.38148838 -1.1828169 -0.47619656 0.8686961 0.6570135 -3.2260513 2.6325533 -2.2648947 2.3226242 -2.5981739 1.413292 2.3922791 0.5251543 -1.6795942 2.7100856 0.5889909
carded -1.8605385 1.9803685 -0.47212458 -1.8207054 1.3245424 -6.243567 0.21755812 0.505655 -0.73832875 3.623897 1.1172991 -1.773733 4.1358833 -0.64104503 2.456593 1.1227566 2.8236878 2.825648 3.1568494 -4.3085613
sycamores 2.472596 3.0552537 -1.0628967 2.9538348 1.5319915 -2.697712 -1.3827895 -2.1504178 -0.6394764 0.6265495 2.2125592 -0.9561996 0.783468 -4.277647 2.9755986 1.5075493 2.9711573 0.3367952 -0.57523775 -2.4220731
frontrunners 1.068812 -1.1416022 1.1819391 0.27985334 0.9125743 -3.1421707 -2.378506 3.1010768 1.0968461 0.7523285 0.4576587 -1.9989153 -3.3450596 -0.48057768 0.9807605 1.6463166 1.2833254 -0.9035282 2.5314052 -3.9521239
balk -0.52561265 0.28877512 1.6745673 -0.73186976 1.9855092 -1.3294529 0.20633559 0.40706086 -1.2390069 -0.9970537 2.004278 -0.90969944 -0.47913438 -0.985211 0.8639726 2.6885011 0.3941765 0.7188992 -0.07535433 -2.2587051
rebounder 0.6295395 1.2123667 1.8268722 1.15378 1.96997 -1.8000516 -2.8639543 0.48179886 2.874157 3.7178936 1.0311034 -1.3831276 -0.93825185 -6.203268 4.806654 3.3695402 4.3734856 -1.7274127 4.2399735 -3.718754
suh -2.4814715 -1.3602132 0.61765987 0.38083538 2.7203295 -2.2502155 -0.54348236 1.9181049 -0.10746166 0.34160343 1.3859212 0.21253827 0.40190387 -5.176343 1.1399568 0.47650352 1.7647704 0.10820599 -0.4961143 3.017237
bluebirds 0.8171656 1.850603 -2.3385599 -0.50342125 1.4934337 -2.4827578 -1.5511354 -0.49901178 -0.14564784 -0.37145263 2.9353426 -0.8444337 0.8789153 -1.7852849 0.8140647 0.58474636 1.6496406 1.0241308 2.9367902 -2.4152455
naturals 2.4589226 0.15890704 -0.5157156 -0.6722834 0.70165175 -3.8273828 -0.5650251 1.2728758 -1.58347 1.6959012 1.6192312 0.6558874 0.15157282 -2.7917855 0.65242714 1.1805211 0.5332452 0.12617756 0.09776385 -0.48359147
tabbed 2.0896478 0.14282586 0.90508246 -0.52062887 -1.4938736 -4.795571 0.79975253 1.055331 -2.552463 -0.23227434 -3.3374574 -0.06801108 1.2476594 -3.6813328 2.741064 3.4071677 0.46172526 -0.03861165 1.4976928 -0.7719571
transtasman -0.6157513 -1.497964 -5.229996 -2.4133384 -1.7137358 -4.2174478 -4.4679675 1.87179 1.4149746 2.3491933 0.10429312 1.6419051 -0.0020219595 0.093192056 -0.95784384 1.7289226 2.136835 -0.7811349 4.140181 -0.48777875
standouts 1.0915558 2.3692274 2.0400453 -1.1933084 0.59032345 -1.7156465 -0.47469002 2.269752 1.2489924 -1.0092129 0.68900067 0.22710371 1.2514505 -5.221933 2.2188735 0.82531524 1.4263009 1.3154539 1.5362288 -3.897175
koufax -1.4548254 5.1182723 1.4111475 -0.20409656 1.297462 -3.6996534 -0.82226086 0.8384868 -0.6584103 0.7767847 4.1822777 -3.0160074 0.1962998 -6.286519 0.97202265 3.0375683 2.7369144 -2.240924 0.87880135 -5.1701126
relievers 0.22027145 2.8160172 3.0756075 -0.3402816 1.8078355 -3.955762 -0.2954877 -0.5424009 2.1995983 1.4882861 1.8143724 -3.083692 -1.4710296 -4.6255484 3.5269084 2.79602 1.5874871 -1.797774 3.2652278 -3.449165
musial -0.03596464 1.6928172 1.7555841 -0.03626693 1.6903878 -4.2686515 -0.18017153 2.0709238 -0.76947385 -0.90938115 2.4007523 -2.1668139 1.4948943 -3.230162 3.4503653 3.899576 1.8470361 -0.6426296 -0.9311564 -2.7584085
zephyrs 4.07938 1.5978273 -1.1530607 0.19409314 0.15568969 -4.975643 -2.5430946 -0.5348226 -0.5775544 -2.2488315 3.599014 -1.2139826 2.1627471 -2.0281076 0.22169104 1.7979846 0.05946268 -2.0006526 0.9307861 0.007896873
ballgame 4.858007 2.3699644 -0.46735585 0.4901216 0.21447833 -0.27983344 1.7632048 1.1069565 0.3503087 0.24897096 1.9358883 -0.7679828 0.8422437 -1.8648238 -0.03676159 2.4576998 3.2966933 2.6849892 -0.98569363 -3.7214968
overage 1.22527 -0.57901156 -0.35498235 -2.9120944 1.1058954 -2.877275 -2.1330671 -1.928401 0.97832507 1.9045023 0.12985429 -2.3885665 -2.1863813 0.9437746 5.2484527 2.669681 1.704823 1.1830004 2.3420117 -0.91547006
mcgwire 0.24633166 2.1281822 4.945908 -1.3653055 1.0995822 -6.910069 -1.6677701 1.7344363 0.5865428 0.037471462 2.0627067 -2.9399428 -0.71381515 -4.0367713 3.3356602 3.0874217 2.5642068 -1.6413519 -1.423316 -4.2560086
hotdogs 0.6427516 1.792778 -0.9165508 -4.998673 1.5321709 -5.7919307 -1.4157573 0.6966919 -2.7647066 2.9568236 4.043746 0.1073786 -1.370019 -2.1691768 1.4996037 0.65874666 1.7814176 1.8131975 0.40406817 -2.7145026
perennially 0.1341206 1.0672077 -1.1388028 0.02595274 0.5385884 0.29485533 -1.1437961 0.12630047 1.2314254 -0.23647548 1.3852763 0.030241292 -1.9475663 -1.9573462 -0.8269465 1.982506 0.73983634 -0.13200018 1.7430153 -2.8514187
scudetto 3.184444 0.2449151 2.2781267 -3.1757755 -0.63361853 -0.19736789 -4.7480593 3.4034574 2.3314047 4.5870557 1.6694896 -4.457492 -0.027098577 2.8197417 3.3449488 0.96892583 3.3902981 1.6659884 0.81045264 -3.9939673
collegians -0.2915991 1.7542636 -3.120655 3.762176 2.0590458 0.48127696 -2.0792353 1.8342686 0.6681664 -2.205149 2.0266945 -0.13624914 1.0302477 -1.080469 4.2998695 0.9619753 1.5580869 1.4822726 1.0153546 -2.8004556
minicamp 2.5310204 4.693277 0.99785906 0.9959832 -0.39488578 -5.9638886 -1.2857145 0.6065982 1.5336759 -2.3132994 1.3424208 -5.637728 0.13624868 -2.504645 3.9833047 2.7419548 3.5557525 0.456272 1.2004966 5.098377
mounties -0.46168098 0.46922767 -4.952427 0.9065487 1.6924859 -2.7022321 1.3569409 2.1432438 -1.1694473 0.74484706 2.8374054 -1.7652231 1.8748633 -2.448414 0.9162561 2.3026745 1.0401173 -1.0816514 0.8828003 -1.4194993
provincials 1.0560274 0.30444348 -2.3297586 1.7692804 1.9874316 -2.1369483 -1.847186 -0.5841283 1.2812687 1.8327383 2.3950794 -1.4362386 -0.33085296 0.817585 2.240853 2.348109 1.7474853 1.2173474 -1.2950217 -0.62370867
dished -1.0406467 1.3633778 1.6379209 -0.16517676 1.1204687 -1.4306109 0.6299677 -0.8756012 -1.177187 1.4769158 -0.5280606 -1.8289678 0.6041531 -2.014337 1.6143583 1.2214928 2.1754262 1.96396 3.1827784 -3.9471037
stormers 1.4375437 -1.420964 -4.222981 0.7835814 2.5605092 -1.7664182 -4.4358783 3.1549582 -0.63759243 3.3232076 4.147643 -2.3977158 0.5093209 -1.0334145 -0.22494753 1.0719513 1.7180493 0.24215147 2.8885605 -2.1863306
chipper -1.5967993 2.7517195 1.8449119 -1.6608456 0.90223706 -3.3357384 0.7602938 -0.044501904 -2.1890671 -1.5315636 2.1676583 -0.6323638 1.5986801 -2.9060004 0.98237324 1.8153332 0.92219716 -0.3299083 1.7718734 -3.7910628
punters 0.7598985 1.6427747 -1.7494979 -1.9144645 0.6612231 -1.7866703 -0.81518406 0.66744226 0.21860419 -1.5530822 0.63599753 -0.9697553 -2.2122912 -1.284064 2.1839576 3.1958492 2.6035318 1.8713624 3.949983 -2.8745997
scurry -1.3009224 0.08481798 -2.4872665 -0.81382686 2.2975297 -2.7464254 0.6718282 -0.9042767 -1.6123875 -0.20130858 2.8115737 -0.94869864 -0.2438331 -2.0833604 0.9090409 1.6554174 1.2459223 -0.626705 -0.36251393 -1.7729006
runnels -1.1491581 0.8694185 -0.2527942 -0.268809 2.471526 -5.189789 -0.16573976 1.1948785 -2.7038667 -0.041933216 2.303696 -2.5950046 -0.14605695 -3.7255437 1.0800549 1.0378672 -1.0910758 0.3111919 -2.7211947 -0.30332288
bucked -1.6502174 0.90595627 -0.93428546 -1.6085838 0.9737084 -3.526792 -1.5784849 -1.1346139 -0.53164124 -0.40061033 0.42252782 -2.2580957 1.2544507 -3.425001 -1.0929607 3.686815 1.7133728 0.3688686 2.0280168 -4.2542434
cowgirls 1.8556833 2.0908203 -1.4075524 -0.7891085 1.83409 -2.6263843 0.11680812 0.29026616 -1.1907346 -2.2223284 1.6562312 -1.5297495 0.80338055 -6.3055716 0.08939052 1.4715995 1.9201903 2.967401 -0.119753346 -1.703692
bearcat 1.6858745 -0.7314243 -1.9017826 -0.75771135 0.5814237 -3.4345737 0.76527065 0.17481026 -1.726141 -0.7317556 1.2838045 0.52501154 2.684875 -1.6100949 3.7010872 1.4950519 0.40299958 -2.4872408 1.3264486 -0.6579041
athletically 1.7738025 0.8112221 -2.2824848 2.8749993 3.9800327 1.4732778 -1.492537 -0.9662367 0.7481216 -1.9543742 3.2860656 0.109842435 -0.028819125 -4.236862 5.2226253 4.1296334 3.620945 0.47095558 2.3250403 -0.7213282
rollie -1.3219812 1.441392 1.9728403 0.11921195 2.5835392 -3.6410105 -0.13136886 -0.77306 -2.8262255 -1.9081814 1.5268894 -1.3132038 3.9313369 -4.221301 3.4987895 3.012214 0.6584505 -0.013437976 0.072400376 -3.0170662
footer -0.021344177 0.5820523 -0.21386732 -0.6412812 -0.4679001 -4.3260393 0.81838393 -0.15482616 -1.605505 0.67097145 0.80126417 1.4735068 1.7607713 1.0584428 1.5071119 0.7928433 3.9146614 -1.0191538 2.327488 -3.7173975
redmen 1.1849835 0.89596885 -1.4298335 3.7834487 1.9814037 -1.1629267 -2.9398007 0.017314155 0.058034074 0.6764005 1.7634351 -0.43525448 3.5121193 -3.659954 3.2230086 3.3155704 3.685976 0.30681744 0.3556083 -0.7394956
hardcourt 2.191457 2.2193198 -2.5625236 -2.4624233 -0.0011784657 -1.3888015 -2.7631562 0.28311944 0.33306888 3.1843247 1.9863272 -1.3375214 1.9826807 -3.4637153 2.7686899 0.28705698 4.923113 1.7802297 1.4912168 0.34858772
trice -1.519283 2.1214757 -0.34390268 -1.426711 1.0104483 -3.5152276 -0.87255925 1.9615865 -2.763498 -1.127024 0.8513733 -0.5120351 1.3861599 -5.347358 2.844584 0.62915885 2.5509899 1.5114279 -2.3149278 -0.7497951
olajuwon -0.8648979 1.195082 3.1566036 2.8159013 3.235087 -2.438409 -0.61800224 3.8319159 -1.0953519 3.175788 1.6917691 -3.8227866 0.3496491 -8.096453 3.379681 2.066888 4.4229984 -0.54715556 1.0714043 0.34485772
floridians 2.021296 3.0315309 -2.1468208 2.263048 0.7119031 -2.8716626 -0.6958183 -1.2256684 1.4107294 -0.20889023 2.4642985 -1.3391944 -2.7669783 -2.9005647 -0.31842807 1.957898 0.008735673 0.24584302 -0.5296889 0.31805924
waddle -2.5908206 0.48315838 0.077513434 -1.6141559 1.3552473 -3.4009745 0.23969467 2.440013 -2.2711267 -0.39505777 1.7782629 -0.9258239 0.9099335 -1.3596394 0.8000369 1.7842813 0.8079949 0.16765063 2.7029037 -1.7452704
kingfish 0.23396108 0.15681297 -2.5665069 -1.3147904 1.8288655 -3.4938629 0.96232873 -0.9593362 -0.7036644 0.532191 2.587454 -0.11056378 0.9846095 -4.6742034 0.844312 -0.50583386 -0.9115692 -1.546176 0.048880074 -0.50471026
watchlist 0.7492511 -0.50676465 -2.1856904 -0.5717352 -0.831158 -5.1589932 0.34215128 1.5195557 1.6403112 2.2087667 -3.0826573 -0.1368973 -1.3841735 -2.59133 3.8784037 4.347259 1.716042 0.73512983 -1.7821847 0.1633717
dodgeball 3.732508 -0.32002434 -3.5331466 -2.2739115 0.367795 -0.3725392 0.87284994 2.169453 -2.6042302 0.73840433 -0.36173213 0.2590361 -0.16060273 -3.667087 2.7896628 2.7886732 2.8208113 3.0102534 2.0568385 -0.8617031
clubman -1.1440282 -1.0532292 -2.9668212 -1.9733852 -0.06128776 -2.6564686 -2.36871 2.6338596 -0.15759867 -0.2877611 1.2795476 2.79495 1.4989719 0.24488087 4.361803 2.7214334 1.7660362 -1.6439518 1.8418398 -3.9536152
goalposts 3.766215 2.2544255 -0.6324395 2.5829313 1.0621766 -1.917092 0.61053556 0.90780175 -2.258986 0.37332544 2.498207 -1.4401009 0.47482747 1.5503844 1.1838579 3.0692565 4.2528877 1.9870727 4.673587 -2.6320336
hotshots 2.607478 1.5487396 -2.7335465 -0.9414253 0.27869323 -4.58212 -0.59831506 1.3052725 -2.8247254 2.4179323 2.0628884 -1.0723372 0.7597608 -5.4555473 1.5400419 0.5347048 0.46879187 -1.0260637 -0.2051805 0.96565837
twisters 1.4503673 1.8215908 -1.1726723 -0.00064529397 0.9171021 -3.1943552 0.16360052 -0.06664137 -0.9119532 -1.1330156 1.9600946 -0.5938838 2.240546 -3.809579 -0.0043637278 -0.039693777 0.11192743 0.3684418 1.5429646 -0.76333714
blueline 2.6785486 1.1005851 1.6823543 -0.738709 0.47128087 -3.323292 -2.741204 1.1751527 -0.3797003 1.0626863 1.914617 -2.63241 1.1186302 -2.3096533 2.5285017 3.1272051 0.15878223 -2.2691617 3.9429414 -0.6328581
craps 3.509864 1.4285305 -1.2271347 -5.5971594 -0.733247 -3.2205744 1.7091628 0.56846166 -3.2132688 -0.76652807 0.76372916 0.49241692 -1.9337767 -1.3804386 1.8224316 3.4842005 1.319939 2.6043909 -0.2107042 -4.324638
dawgs 1.5512918 2.4733744 -3.1879928 -0.48075172 0.8067624 -4.3659387 -1.3234924 -0.23787762 -3.7405384 0.7330537 2.8999062 -1.1396469 2.5603526 -4.3853173 -0.17460747 0.43796214 1.2991353 0.26172167 1.5742124 0.5776863
drubbing -0.40776557 2.2612982 -0.4957116 0.97730494 0.41366315 -2.1972091 -3.8945913 2.1170511 0.5733377 3.1994467 1.8990651 -4.693111 -0.35771626 -0.3135231 -0.64630747 0.027438758 3.8658752 0.8916267 1.1252602 -1.4710879
shortstops 1.619302 1.4904121 2.013524 -0.06254748 1.1053252 -3.7932851 -1.8509899 0.53569627 4.7567253 3.3559096 1.1310794 -1.9544479 -0.828342 -5.4382377 4.8830447 3.2046626 1.5050642 -2.1513708 1.9218769 -5.429389
recaps 1.8256227 -0.050429456 0.14702536 -2.0225573 -2.5797005 -2.691628 1.8556808 2.9317207 1.097226 -2.2408776 -3.0390372 -1.0374296 -0.21767142 -4.5267196 -1.2021006 0.5485927 2.3992035 -0.66148907 0.030752728 -2.2957096
intrust -0.37963018 0.33415624 -5.4679985 1.1010511 0.24340187 -2.592454 -4.213176 3.5337775 -2.325509 3.4836142 1.3895353 0.3126642 0.67885196 -2.5156038 1.3145809 3.2650735 -0.09789326 0.23428632 3.1425633 -2.323592
oldtimers 1.9422636 0.99060524 -1.8975308 -0.59803253 0.10363047 -1.0224619 0.16828924 1.3621079 1.2757573 -2.65749 0.39898172 -1.9909871 -0.6712929 -0.79881656 1.4644392 2.0313919 0.9331193 1.4350446 -0.6249884 -2.375652
pucks 0.9136196 1.8412105 -0.039624542 -2.9138129 0.9735678 -1.3444921 1.7478322 -0.0935997 -2.7125616 -0.37003526 2.0736337 -0.3873702 1.1109484 -1.0887146 2.2755349 2.384327 2.0206168 2.099281 2.8396988 -1.9524064
sundowns -0.82290065 0.7331786 -1.776817 -0.7112094 3.1322916 0.17948674 -7.0923057 3.314238 -2.7171762 3.813916 4.374406 -3.610101 -2.115508 -3.3101 1.4443864 -0.60040957 1.4036341 2.6042764 2.3984797 1.3950263
basketballs 1.8825446 1.6458462 -2.0448537 -0.2683508 0.4423959 -0.7042531 -0.85604966 0.81215477 1.3112078 0.30304888 0.1382078 0.12265561 1.3985338 -3.5843253 3.6195006 3.4827523 2.498661 1.9100989 1.8964766 -0.7094468
lassies 1.4108795 2.7576234 -1.4201033 -0.15071447 1.1592741 -4.0000963 -1.7134669 -0.6585951 -1.048295 -1.1249713 3.6471686 -1.5437835 1.4043815 -3.5146468 1.8986614 0.92866737 2.296629 -1.5491078 0.49630097 -2.516149
blindside -0.52077913 -0.51889014 0.24688658 -0.34279028 3.175296 -3.9493625 -1.4444312 2.104834 -0.8238898 0.021526504 2.1482725 -2.1412926 1.2878472 -1.4876704 1.1482735 1.5976158 -0.1350942 1.6749134 4.8558397 -2.2774622
boilermaker -1.4606246 1.1532042 -1.5683532 0.6510482 -0.078314655 -1.804287 -0.9413647 0.36474878 -0.63017875 -1.864364 1.0730814 0.30999923 2.4939692 0.30655178 4.4553795 1.9203855 0.9800901 -1.940494 1.8376417 -0.38869163
trailblazers 1.5923587 1.1944026 -2.8761623 0.94462824 -0.43200004 -0.61130697 -0.6266493 1.592247 0.57164663 -0.8428371 0.5655823 0.71454084 1.0592045 -3.1679924 0.71825665 1.4570246 0.27734944 0.49580547 -0.342015 -0.35012373
curlers -0.28881675 2.394874 -3.4410129 -2.0356061 1.0362684 -0.49241185 0.33218676 -0.5769097 -0.71134764 -0.1155159 1.6580479 1.1680266 1.1856011 -1.3955016 3.5108469 0.48896816 2.4851513 3.547064 2.5874612 -1.4087331
bigtime -0.33151713 0.03093391 -0.62779063 -2.8622878 1.1586702 -0.48550162 -0.7063954 2.673026 -0.8808154 -2.5607264 1.1684563 -1.7077632 -1.589356 -3.532564 0.8287749 3.1965759 0.2857198 0.525445 1.3837204 -0.80094576
breakaways 2.5445335 -0.5785678 0.8262217 -1.0260284 1.7451183 -0.7867845 -0.45729464 0.005680862 0.6658478 0.5490358 2.2105815 -2.2645235 -0.45399004 -1.4351828 1.0676581 -0.24220212 2.1240735 -0.56579024 3.248517 -3.45263
knickerbockers 1.1554804 1.9609499 -2.6901028 1.2793999 0.98620963 -3.4002964 -0.9312497 1.8148347 1.4863591 -2.0095112 2.1933787 0.19480568 2.4670548 -0.99426013 1.8992355 2.465634 -0.16447823 2.0755 0.53404003 -1.6623862
upfield -1.5199766 -0.31192458 -0.07161599 1.8890624 1.3697827 -1.810128 -0.8064071 0.82871413 -3.267576 -0.60757744 2.2216372 -0.25160035 0.39011136 -0.09969707 -1.2338947 0.89881617 2.0944626 -1.564591 3.7805238 -2.2769134
unheralded -0.26344946 0.18949571 0.3405744 -0.73926455 1.3150046 -0.4751233 -1.540882 0.90897924 1.8857207 0.48105714 1.1288567 -2.0724735 1.435106 -2.850189 0.42121172 1.8164266 0.9407879 0.32340467 1.8678902 -2.1841447
redbacks -1.0411397 1.5650882 -3.9220667 1.061941 1.256324 -2.2394712 -4.190152 1.1582175 0.57922506 2.3429928 2.831209 -1.3926357 0.07850083 -1.5671238 1.4063568 0.64629066 2.8792706 0.086160526 2.401662 -2.2743714
throwbacks 3.453828 2.053923 -1.4471602 -1.0163699 0.4462688 -4.925287 0.43252522 1.9103878 0.98274946 -0.21249788 1.574965 -1.1088337 2.717937 -1.8922377 0.62031084 1.3929325 -0.500713 3.2185962 1.1609707 -2.37763
northlands 1.8444079 2.138467 -4.1278462 0.9631323 -1.818078 -1.5958903 -2.5075846 1.0985245 -3.3816557 -0.21403559 0.51413614 -0.17135116 -0.100011155 -1.2904168 -0.013756522 0.18306264 1.4987977 0.20751758 -0.30259943 0.0010998175
dunks 1.7472229 2.0440507 0.47059998 -1.7598565 0.3173568 -1.8711199 1.0736719 2.299774 -0.79062116 0.78816617 0.71688193 -1.0332398 1.6732175 -3.0959663 1.9982365 2.7312324 4.401052 1.973158 3.718837 -2.7928677
jobber 0.9703303 -0.43231213 -0.51050466 -3.9208813 1.6652405 -3.73957 -0.1797112 2.998693 -0.07678502 0.6461667 2.7208524 -0.978275 0.03938156 -2.0407183 1.5810423 1.5119683 -0.89079905 0.40772507 1.7727547 -1.426258
tykes -1.4501022 0.5874892 -0.99816096 -0.2710613 0.80094594 -0.9777638 -4.836582 2.5226092 -1.4698795 -0.5412599 2.466758 -1.6982816 1.1366062 0.49880964 0.78028655 1.0406113 2.8088481 0.7273542 2.6463432 -2.3461182
cousy -1.4177719 0.8151725 0.2223176 0.33567527 1.6576144 -4.8189163 -0.72673583 2.9354777 0.6433446 -1.1507299 0.060668357 -0.6252332 1.316042 -4.4744263 4.578253 4.765132 2.4363194 1.5323465 -0.7423814 -1.7060868
sectionals 2.97154 0.23667583 -1.2968416 0.5281068 1.325396 -2.58802 -1.3924519 0.9474042 -0.27827695 -1.1725924 0.3057932 -1.2032248 0.96805483 -3.1940632 2.604256 1.3407785 5.779435 2.709162 0.17422038 0.3526727
ironmen 2.5880024 2.001242 -1.8552982 1.9161582 1.0483167 -3.4396884 -2.9674258 0.41862106 -1.1140491 0.8083204 2.6105719 -1.8341328 2.048822 -2.707413 1.5439767 2.158602 0.6298896 0.30104926 0.45890188 -0.045440815
deputising -4.604736 -0.41682547 0.9446616 0.101369 1.3000969 -1.6347986 -2.277488 2.3052504 -0.9471395 0.17756607 -0.6964073 -4.7068105 1.5838538 0.18463664 2.9843423 0.5013283 0.86639667 -0.5034537 2.626712 -3.050248
draftee -0.45394328 1.0551435 0.68253887 1.3871812 1.3425583 -3.7373726 -2.3714383 1.4676224 1.7896594 0.026454208 0.7529219 -1.1903111 0.99257493 -3.0680823 3.845007 3.1062202 0.8388217 -0.013968144 0.026852114 1.8470534
warmups 2.2825406 1.9352119 -0.06560174 0.21538538 0.10754118 -3.13057 1.1499344 2.083149 -0.26477233 -0.6886407 -0.46966007 -2.9780357 0.8051528 -2.7625494 0.9961506 2.0790393 3.5837483 2.677703 3.7678924 0.5762889
playmaking 0.75168335 -1.3481627 1.703669 -0.40013692 1.9999843 2.479369 -0.70291865 2.5399446 -0.4241042 1.6662953 1.1897606 -1.8646275 1.095875 -3.0512576 2.5123937 5.8509207 2.4039598 -0.76040006 6.628926 -1.3737577
cornhusker 1.0828806 0.5393655 -0.9286044 1.6747009 1.3645346 -3.6238341 -0.99450797 -0.62623686 -0.043614645 0.18608966 1.1376752 -2.6431808 0.10240167 -2.0050833 0.7739486 3.8687584 2.2639544 -0.4526373 1.404811 -0.8824139
vaunted 0.30018726 -0.26131618 -0.38071087 0.5038039 1.2621611 -1.5703768 0.15997076 0.54027283 0.35091835 0.9100216 1.4557168 -2.081722 1.4795471 -0.72287166 -1.2030661 3.558701 0.35761613 0.079093195 2.6939878 -0.97241485
quickfire -0.91396576 -1.295179 0.9442416 -1.4620564 0.21457918 -1.8270664 0.039206006 2.125401 0.50558954 0.5008004 -1.0126922 -1.0933642 -1.2294348 -0.741065 0.32949573 1.5814284 4.0894756 0.28001028 2.7697551 -3.9701717
throwin -0.4910994 0.111930914 1.2689133 0.9050531 1.8156613 -2.69116 -2.0672474 2.6259894 -1.3096423 2.1497335 1.9877194 -1.6230072 -0.4846582 0.05751624 -0.09735031 2.3410676 4.1195803 1.5176725 3.0263994 -2.2928853
bluebonnet 1.567737 2.3411589 -2.418871 1.6360946 0.043966107 -2.6082928 -1.0601457 -1.2787625 -0.8243491 0.3217999 1.2158334 0.8480411 2.2421894 -3.5363855 1.2983229 1.3868058 1.1954446 1.0494884 -1.7445198 -0.26003805
hearthstone 2.7127728 0.30697227 -1.551498 -3.1221776 -1.7976909 -2.421325 0.706524 2.2255068 -0.6041061 0.5483511 0.3352734 1.2812278 0.5520052 -2.235679 -0.40763232 2.1531286 0.5053136 -0.056027025 -0.15876985 -1.3368763
backcourt 0.45761606 1.0857053 1.9649104 0.22754636 2.3581686 -2.9452832 -1.4047525 1.3293182 -0.6697494 0.94439536 2.2965574 -2.2183316 0.39042586 -4.0767965 2.3311377 4.23691 1.3802161 -0.5314774 2.7565224 -1.2865689
rushers 1.0606749 2.22298 0.41545653 2.5097613 0.74434906 -4.5602865 -0.074292004 -0.9031177 -0.12484118 0.8092834 0.67803204 -2.3623152 0.71100473 -2.3673859 2.5289834 3.21928 2.9589942 -1.2869536 3.4043887 -3.1360617
seamer -4.326991 0.32315952 -1.0112898 2.1769083 1.2433329 -0.8099894 -1.8298501 0.73213816 -0.49230644 -0.35271978 1.3143383 -0.43296784 0.19352457 0.8677401 0.06720144 0.4091297 1.7402904 -0.7913448 5.2746887 -3.4513476
stayer -2.2395353 0.098105855 -1.7599593 -3.3312373 0.64149034 -0.14186813 -0.94437015 -0.102919795 3.2225199 1.6912655 3.8347185 2.6212912 1.0634038 0.6142541 1.9366362 2.5725079 4.227928 -1.6965255 1.3251321 -4.3177934
steelheads 1.5523623 2.746825 -1.0000014 1.385174 1.1923645 -4.662903 -4.0794387 -0.88718027 -1.488277 1.7690526 2.1670902 -2.7480729 1.3143262 -4.9103365 2.1419303 1.6571226 0.42777145 -0.23444578 -0.14514914 -0.061505824
backflip 1.508512 0.2389266 -0.03813339 -3.2246017 0.08940647 -1.8514887 1.6171768 1.8309371 -3.0593576 0.14306088 1.3172176 -1.106386 1.9156224 -1.0518113 1.2934446 1.5492907 4.5286107 0.8711852 2.8253503 0.0385606
reining -0.16154127 -0.07046954 -1.8988036 -1.4668369 0.42924276 0.6117836 0.78336996 0.6198392 0.12343508 0.39507264 0.70154047 0.5692212 -0.6156682 -0.4205436 2.0136948 4.0435977 1.6935294 0.6829783 2.7385967 -0.48904115
ballplayer 0.23863444 1.6412299 -0.48422477 -0.7099106 1.7999774 -0.76334375 -0.27411374 2.0297656 1.7163712 -1.37617 3.2021031 -0.91194427 0.46324015 -3.1953135 1.9911605 3.2098362 0.7058344 -0.23477182 0.43071637 -2.7288811
dunking -0.26936024 1.4690682 -1.1573783 -2.0453525 0.9710154 -0.71059066 1.9423815 0.6947125 -1.3828934 0.17721586 1.0167 0.22626586 1.0485815 -1.9123733 1.3771361 2.4011562 2.7745886 2.8788102 2.5846314 -0.66781795
inters 1.9958825 -1.0522732 1.4262516 -2.2780294 0.266096 0.11869332 -3.9759064 2.6133766 -0.6477585 2.0645065 1.2092034 -3.9260662 -0.8274552 0.48262402 2.193197 0.65454525 2.0364153 -0.13536546 1.3519124 -1.0724872
slotting -1.1000704 -0.24557625 1.5497683 -1.20527 0.14286245 -1.3973757 -2.108309 0.9371932 -3.578454 1.4699708 -0.52770025 -2.234302 1.0884368 0.3700494 0.59014803 1.5020375 2.5094354 0.8777087 4.3899245 -3.1782053
playmakers 1.4863038 -0.087079875 -0.8520232 0.5978556 0.28889486 0.78968734 -1.230687 3.4714324 0.49188837 0.08315862 0.08746659 -1.7646244 1.366754 -2.4487166 2.7600222 1.9634826 0.6414457 -0.8964883 3.755087 -1.5787323
icecaps 2.4042087 2.2522368 0.098683156 2.212318 -0.13910185 -2.17339 -2.4271321 -0.16536659 -0.12532157 1.1047531 2.6858122 -2.2587116 4.286327 -1.5597609 0.57833374 1.462304 2.0228534 -1.6413463 0.5890608 0.337374
maravich 0.6993607 0.23899767 0.72211957 1.8776283 2.4935584 -3.9542718 -0.2322103 1.4249817 -3.533957 -1.3431253 -0.59252304 -1.5414962 1.7616998 -4.3828983 3.838761 2.5934975 0.34642687 2.4074705 -0.6862292 -0.32639974
speedways 1.2417119 1.3637592 -3.5858908 -1.2335393 -2.2992873 -3.0270145 -2.4136367 -0.15995502 -2.526545 0.40545917 0.13032125 0.89659256 0.484235 -1.0184559 1.4296587 1.0653435 2.8669999 -2.715685 1.5891087 -2.108993
gamecock 0.72574097 -0.67150676 -1.9679965 0.23043421 0.54264075 -2.642677 0.35077727 0.81026095 1.0729415 0.08051371 0.31460783 -0.09935349 1.6448976 -2.6646266 0.49806073 1.5930574 0.33747926 -0.5469544 0.9523285 -0.7529123
pinstripe 0.86786443 1.3140389 -2.0636647 0.5127544 0.4696527 -2.7204168 0.63051635 1.0188082 -0.72966355 0.26887065 0.86484414 1.3199372 2.6784563 -1.8602147 1.3251143 1.579563 0.5346883 2.8882806 1.349872 -1.2057474
golfs 2.3066137 0.35294172 -2.7192693 -2.60952 -0.5792472 -0.7756306 -1.2893885 1.0304871 1.4402225 1.2616043 0.80414224 0.6963928 0.21015827 -1.1292651 3.3568048 1.534592 1.8677409 0.28609765 1.0685624 -1.7784122
sandlot 1.7576464 2.0821626 -1.8752692 -1.2836558 0.7255977 -0.31963664 -0.3184999 1.0334502 -1.0788338 -2.3171859 2.1478512 -1.3214065 0.7531876 -4.739599 2.2306852 2.264827 0.99772817 -0.7069773 1.3785814 -1.7245749
jags 0.30923823 0.53604704 0.31524745 0.07353933 1.088709 -2.6886694 -1.7148952 0.94927865 -0.2744439 0.38274202 2.0542028 -1.0741805 0.7272397 -0.2289409 0.47588342 0.97538686 1.5870855 0.6996165 1.492848 -1.2867283
coasted -0.03478053 -0.5892446 0.54708475 -0.27866524 0.36887652 -3.3521974 -2.1219714 -0.9100531 -2.5862367 1.1135403 0.7210179 -2.1493409 0.54915786 0.06118743 -1.6634922 1.0421067 3.7138705 -0.4166386 3.218921 -2.0360625
bullfrogs 1.397862 2.1187537 -1.671729 -1.0709152 0.54840124 -1.1095525 0.05988077 -1.3180087 -0.14313056 0.97836185 2.7905462 0.49065414 0.31446305 -4.1660814 0.37843058 0.9528088 0.13113156 -0.7309079 0.62126833 -0.9460372
elevens 0.5680967 0.484639 -2.2959123 -0.7938473 0.18872944 -1.5684587 -1.022119 1.3035578 1.7681293 0.13613193 0.5029636 -0.16230902 -0.1801407 -0.90559715 1.7332742 0.012502843 2.1503081 0.7581796 2.1842668 -2.4697263
bronc -1.1203984 -0.42262498 -4.8233943 -2.1164153 2.2353475 -1.2864431 0.66860616 -0.37988308 -2.5882716 0.05373312 2.4715424 1.0582374 1.8857298 -2.921184 3.0595884 3.8800335 3.0366976 0.7003762 1.6364402 -3.9957414
puncher -1.1660987 -1.1552906 0.5782816 -1.7599199 2.71838 -1.6991132 0.7843824 2.0408814 1.1849262 2.6171987 2.93274 -1.3787175 1.0476481 -2.061294 -0.43548998 2.0487618 1.0570972 0.081103295 3.044325 -1.1485457
peavy -0.1792823 1.4914372 1.6858275 -0.48253363 1.3534343 -4.115139 -0.72721505 0.49213904 -1.0845445 -0.05379138 2.639225 -2.3923042 1.563008 -3.036252 1.5133966 1.4651122 0.8433039 -1.1185834 -0.21163821 -1.6698443
aussies -2.2026682 0.45893732 -1.1446083 -0.99416536 1.4094434 -1.9913399 -0.9806952 1.9406348 1.4588612 0.7885656 2.3846917 -1.2647854 -0.1346941 -1.0101321 -0.5164473 1.4957578 3.184561 0.64509183 2.1924725 -1.9663622
brasher -2.3221905 0.90258735 -0.30057335 0.38553068 0.48660785 -1.89619 -1.4227493 2.0685003 -0.61969805 -0.041199174 1.662654 0.4040766 1.7630854 -1.9561659 0.70243376 0.90642154 0.88250786 -0.66967714 -0.23105115 -2.4797585
bettors 1.0806909 1.1838729 -1.6172239 -2.2526553 0.059769154 -2.6948552 0.19956201 -0.008312316 0.57167214 0.2645008 1.6702363 1.4498872 -3.9061847 -0.26619992 0.7411168 3.2523685 2.8905075 0.65908945 0.8893164 -3.0950222
slugged -0.3902615 0.8949143 0.26689056 -1.6134683 1.3909066 -3.6014998 -0.7537727 -0.7821357 -1.0693042 0.55525804 1.4323384 -3.6705632 -0.6255472 -3.967281 1.3762559 0.40600947 2.5659935 -1.767339 0.7386405 -3.6842985
kookaburras -0.2191201 0.83997387 -5.004939 -1.5255344 1.1113912 -1.3240275 -0.5321355 -0.027656667 1.0258851 2.613843 2.1777272 -0.03667474 0.77727437 -2.9791603 2.107839 1.2777185 0.94103944 0.8757078 0.54532653 -1.1786397
closers 1.0947503 0.54452825 0.9971806 -1.1131312 0.4563118 -1.6713574 -0.26698866 1.1322172 0.05757867 -0.10594816 1.1527888 -1.2918072 0.17872941 -1.0794196 1.6450049 2.2679713 1.6457229 -0.97396046 2.6986313 -2.7808673
griquas 1.1529986 -1.0333683 -1.9531844 0.28152454 2.371316 -0.84152955 -2.9692628 0.48348564 -0.2858017 1.3145418 3.309531 -1.9244248 -0.46985984 0.59429246 0.7848003 0.82317615 1.1034315 0.7390081 1.1936449 -1.3212348
bocce 2.3922265 1.6851257 -3.7481773 -1.1030363 -0.5696209 1.5930656 -0.25772965 -0.6716806 -3.5299358 1.5784682 -0.8379966 -0.40001133 0.85000104 -1.0550178 4.051774 2.4804995 2.249497 3.6197886 -0.052894603 -2.1342938
sarazen 0.025919035 0.93912876 2.874832 -1.756505 1.4463366 -3.3718984 -0.32788596 -1.2951154 0.256218 0.8392573 1.1707263 -0.44684294 2.3189561 -3.9738958 4.110393 2.565837 1.7095305 -1.3533498 -1.0638673 -3.5130312
behinds 0.050276585 1.3984246 0.30629188 0.5275932 0.05053761 -0.7863694 -0.5827644 0.36930445 0.68041474 0.84979856 -0.33024397 -2.8081286 -1.1928817 -0.4818671 1.2886684 0.973753 3.3402114 0.6772305 3.3580923 -4.792915
speedskating 0.93486613 0.75412804 -2.9455504 -1.8764734 -0.59121466 -0.9352996 -1.7441698 -0.24999662 0.10686223 1.0639715 0.56924164 -0.0268606 1.8505877 -2.073845 3.6729484 0.79103315 2.6979003 -0.12605439 0.9983327 1.9844395
wolfhounds -0.996336 -0.26266205 -3.2480745 -0.3307587 2.400333 -1.3771783 -1.8595312 1.6361719 2.3255801 0.9402288 2.833799 -0.84617066 1.4419118 0.12099486 1.6042798 -0.22873414 -0.39359492 2.1118512 1.0842667 -3.201085
lionesses 0.56713647 1.4977586 -2.1078615 -0.475797 1.2232903 0.749045 -0.13549331 0.7831519 0.20476943 1.2822717 2.5432947 -2.121433 0.19847964 -0.37319127 1.4337034 1.696204 1.1509565 1.4977895 0.943984 -2.026285
tailgating 3.1362638 0.83388525 -2.9332972 -0.2060875 -0.73942506 -0.3481611 0.3457079 0.7203805 -1.8719203 -1.2232809 -1.0464683 -0.9874603 -2.0863714 -2.0177038 -0.25481218 1.8300321 1.7707903 1.9913481 1.8447003 -1.4271142
polkadot 1.1554645 0.07347991 -1.3162439 -0.93347734 1.593585 -3.3950324 0.9748484 -1.3374006 -0.3269647 -0.116635926 1.78352 1.5599705 3.8175023 -2.123918 0.50008804 1.3147022 2.1199381 2.1025867 -1.336937 -0.78674513
pigskin 0.84007484 1.5096248 -1.7659312 -0.62988377 -0.17583872 -1.7469219 0.470043 1.4399042 -0.73987323 -1.1573024 0.029005157 0.23618233 2.7095795 -2.539189 2.0651464 1.9241837 1.4451956 1.421545 0.45115402 -1.2287558
ringette 2.4554448 -0.34777555 -3.0573392 -0.54102844 0.4201273 0.39012057 -2.3703804 0.52137256 -0.17680529 2.4027543 1.0066097 0.7478505 0.97405326 -2.3399456 4.006763 0.81623554 0.99079674 1.6012377 1.0414261 0.45961544
sidewinders 2.1968408 0.2492362 -0.46078128 -1.6609236 0.53859925 -2.456335 -0.009587472 -0.5882778 -1.1196318 0.17288135 1.6142154 -1.274269 0.9683503 -2.8288388 1.2568986 0.53995925 -0.0045866123 -1.5548897 1.8644572 0.27386647
goalpost 0.41345012 0.8473557 0.5915682 -0.019884221 1.4261184 -2.9906144 0.41674677 0.6364694 -2.3283215 1.0368605 2.178733 -1.9659667 1.1812116 0.10897748 -0.101016 0.84479713 3.186725 1.458592 3.1853907 -1.835905
dragstrip 0.758318 1.321503 -2.265839 -1.1420203 -1.5604607 -2.3059611 -0.30636275 -0.37226468 -3.5204005 -0.39504194 0.902297 1.1374075 1.4440911 -1.8129883 0.417125 -0.746988 2.773831 -2.2922752 0.93378377 -2.2665522
baserunning 0.4663863 0.22442606 1.0878664 -0.60087323 0.7017377 -1.6083661 -0.17455053 0.37342885 0.9367493 0.99238575 0.35825735 -2.0814757 -0.19770688 -3.167475 1.3659194 4.723048 1.6614374 -1.8600041 3.500133 -2.6413124
ballers 1.3522285 0.1439355 -0.7614123 -1.5152882 -0.07416593 -2.2114031 -0.89095175 2.0092275 -0.86754376 -0.53226763 0.3809291 -0.6321767 0.7478952 -3.5103867 1.1827826 0.2821265 0.45202875 -0.22929294 -0.047941487 -0.3282549
lettermen 0.46270567 0.88212806 0.18881264 0.6006517 1.5052922 -3.0958729 -0.718783 0.5239301 1.2748832 -1.643045 0.9655822 -1.3028361 1.3330222 -2.3604631 3.2288222 -0.7815443 0.5351661 0.7841064 0.5075085 -1.2113563
slapshot 0.32048288 1.2651637 1.8940583 -1.2617124 0.9199947 -3.2880573 -0.10628347 1.9011993 -0.50140566 0.76032305 2.2031069 -1.841728 2.0936093 -2.4040043 0.591682 1.6513125 1.3762414 -0.40436256 2.974369 -0.6764052
axemen 1.301555 1.8354077 -2.2584226 1.3293911 0.55243695 -1.9466242 -2.9586964 0.13142137 -0.80362374 0.9792523 1.5730695 -1.7636781 1.7526405 -2.8532414 1.5621414 1.6236212 0.8749151 0.08136919 -0.24710983 0.514104
streetball 3.0424197 -0.19148457 -1.7418365 -1.390637 0.7127324 -0.034766737 -0.70270383 2.034388 -0.39949498 0.028657256 0.31202665 -0.11669653 0.46573886 -3.9429214 2.5043907 1.7112229 0.98493373 1.6457777 0.4066103 -0.50959736
clarets -0.75230914 1.083582 -0.20991224 -0.7163035 -0.03717892 -1.2301037 -3.5585394 2.11319 0.29848927 0.87229085 2.0720122 -1.7916235 -0.09440066 0.6793794 0.6169216 0.09884597 1.3669162 0.15340275 1.5874721 -2.4457471
homestand 2.405855 2.717094 0.46723294 0.8597115 -1.3284878 -3.732619 -1.8610394 1.5225505 -0.18994668 1.2256613 1.0074453 -4.409871 0.38079435 -1.8913453 -0.75392795 0.84895134 3.7069824 -0.68396413 0.895685 -1.4258736
courtside 2.0253916 0.16340934 -1.7486595 0.06573438 -0.40646103 -3.266567 -0.0015879365 2.2544386 -2.3859262 -1.6506586 -2.3614619 -1.1012121 -0.7661093 -3.1220043 2.2738352 0.75746167 0.9936504 1.1062963 0.66470975 -0.725743
underachieving -0.7883279 0.4001429 0.7776776 -0.6606794 1.2492853 0.33953148 -0.70394504 1.1663913 0.2793318 -1.5196419 0.7386121 -1.4412397 -1.1261941 -2.5446246 0.7640762 2.6698503 0.49137005 0.3575388 2.4800305 -1.6822804
toffees -0.92798394 1.2196884 0.3046304 -1.6968795 -0.06257129 -1.3068866 -3.0781863 1.9749107 -1.1773611 0.5834955 2.091954 -1.4679542 -0.12644367 0.6291252 0.8772328 -0.018403953 1.3526634 0.5381507 1.5885814 -1.5285312
lomu -2.1194737 -0.13710581 -1.3015476 -0.24643895 1.996482 -1.0979345 -1.1504843 3.034451 0.13971545 1.2005663 1.6804154 -1.0515898 1.3457459 -2.8507748 0.6790952 0.74827766 1.8522421 1.1160166 -0.30340296 -1.6700063
swingman -0.65770155 0.98996747 0.9552728 0.88825613 1.7483996 -1.6233752 -0.92242736 0.97013307 -1.0028324 1.2833639 1.221916 -2.0675032 1.4762224 -3.9126022 2.9418209 2.104835 1.308295 -0.8441099 1.1307031 -1.0759088
centerfield 0.71554285 1.6105549 -0.14634569 0.68583536 0.2213817 -2.8500655 -0.4088246 0.13206667 -2.7885382 -0.3078268 0.99314296 -1.301998 2.1259677 -1.8726417 0.18604797 0.9766917 1.9502345 0.3663732 1.3144114 -1.9497306
clincher 0.5600058 0.47435996 1.3398708 -1.1490542 -0.12704822 -2.2273 -0.6907043 0.20143926 -0.3975706 1.3762622 1.2898875 0.32977742 1.0940922 -0.3566506 0.16626696 1.8133944 1.8463573 -0.48783362 1.8670897 -2.0348372
doubleheaders 3.438716 0.7056748 -1.5035574 -0.6519031 -0.9583939 -3.214044 -0.84295875 0.56990415 0.33213148 0.051386394 -1.0613055 -2.728539 -0.992647 -2.3412502 1.4978558 -1.314001 2.8352487 0.5059176 1.9171239 -2.5302043
gamely -0.09903805 0.43160376 0.3333704 -0.673545 1.6035599 -1.6519408 0.5830223 1.1354014 -0.13710272 -0.33761844 3.1382923 -2.0051835 0.02989133 0.26039293 -0.066990055 1.0787109 3.9145162 0.17674284 0.7715194 -1.9969567
tandems 2.1771867 -0.6501076 0.08797843 -1.9608731 -0.057103325 -1.4953079 -0.27008656 -0.28540015 -0.6373131 0.26557314 0.22144383 0.7865108 -0.2037197 -1.2475041 2.3840597 0.6024006 0.709174 -1.5011507 3.9038556 -2.3952663
baggies -0.78894943 0.9247565 0.45496523 -1.2648555 0.39102724 -1.6523756 -2.218703 1.6712424 -0.39836717 0.9549165 1.834031 -1.7791634 -0.32602453 0.62258285 0.7522766 0.23710442 1.8500494 0.66202116 2.520157 -2.0514703
grounder -0.24390294 1.1047086 2.8793483 -0.36971265 2.4493358 -4.1116443 0.30592588 0.07070689 -1.4486138 0.7831898 2.9338965 -2.9059365 0.82235163 -2.9394002 0.6730424 1.2334832 2.6023726 -1.0599655 1.7271385 -2.5497618
broncs 1.3170013 0.37628597 -1.7869593 0.9926295 1.1534435 -1.3761866 -1.3885761 0.1441989 -0.47021234 -0.06800653 1.88056 -0.569073 1.185993 -3.0022156 1.6885102 1.6895853 1.6698904 -0.36359617 0.52355415 -0.02411265
bogeyed -1.3229433 1.0372393 1.6764966 0.035266604 -0.058518536 -4.7583766 -0.47177842 0.5780917 -0.5080628 2.3827934 0.5239174 -2.5199413 3.5426242 -0.6358214 1.3567028 0.0056405766 5.4864078 -0.48276708 0.6066784 -4.108164
prelim 1.2667071 0.1415737 0.8130615 -0.6436761 -0.36558595 -1.042365 -0.67130274 0.4314661 0.40268326 3.4916716 0.41963372 -0.8462521 0.25392875 0.5190093 1.5592136 0.08853503 5.4284034 1.1652046 0.46163815 -0.48344535
tacklers 0.48870733 1.2336255 0.026380867 0.5271152 1.5119848 -2.432366 1.1601126 0.33387896 -0.21719487 1.0216596 2.1803887 -1.752731 -0.6819349 -1.1699847 0.85251844 2.2532775 2.0208912 -0.21873653 3.6033247 -2.760786
deadball 2.0511575 -0.29139942 0.7310046 -0.5191701 0.4091652 0.21873534 -1.6155577 0.7530316 2.4363945 1.158264 1.0403697 -1.5191603 0.5022982 -1.6974474 1.1341815 2.125328 0.63220674 -1.4102376 2.9454308 -3.2317653
overmatched 0.58798575 -0.06692195 0.032765478 0.012072169 1.5116255 -1.4546052 -0.57393897 0.00068189646 0.3224854 1.4342375 1.2650514 -3.5764043 0.12796797 -1.2135347 -1.1392784 2.11918 1.1064392 0.53175247 1.6293635 -1.5787714
bogeys -0.15078168 1.3692378 1.2250282 -0.7372953 0.10206818 -3.7284186 1.3394289 -0.13743824 0.5751414 1.2632648 1.5039709 -1.9778992 1.0989552 0.53244036 1.4613993 -1.1204152 3.7503977 -0.6199004 1.8511522 -3.7176461
promisingly 0.079083756 0.8757911 1.0269421 -0.73342675 -0.18977179 -0.48811513 -1.3166989 1.9528598 0.09646004 -0.5096122 2.2468216 -1.1083653 -0.069699965 -0.61113954 -1.4783379 -0.6077182 2.7936196 -0.92329514 2.2168477 -1.3613355
concussed -1.5947597 0.2725758 1.3003111 -0.4734911 1.5745016 -1.9198287 1.0381335 0.054079138 -0.73925865 0.62384367 1.099209 -3.2847867 -0.0042600273 -0.86514294 0.43230712 1.8695894 1.83433 -0.0025262055 2.314819 -1.6564065
mudder 1.7042453 0.047049418 -3.0955737 -2.7164288 -1.3337501 -1.15645 -0.2892744 2.115539 -0.40387008 0.6920143 0.057052903 -0.048535857 -1.1700159 -2.186138 -0.48112392 1.5548798 2.8146446 0.69364595 1.7366627 -0.42471063
zaharias -0.88296574 1.9505335 -0.61146015 -1.7755287 0.929737 -0.49890932 -0.5796748 0.17324063 0.54608124 -0.16525602 1.6547506 -1.169661 1.3971837 -3.109223 3.6470768 1.2448896 2.567078 0.6684554 -2.4144793 -0.88514787
redwings 1.4824038 2.2625299 -1.6938169 0.97471 1.2215912 -1.8561367 -1.0834515 -1.5789169 -0.8570515 -0.6238833 2.602772 -1.6558887 0.9091669 -2.0738556 2.3592632 -0.089807615 0.14089863 -0.7807342 0.70501417 -0.626756
stepladder 1.8550155 -0.14819326 0.42848143 -0.63961416 0.22672008 -1.9763578 -0.4307009 0.77636266 -0.7098656 0.86347836 0.34661576 -0.48490924 0.9239771 -0.38215402 0.7216388 0.9951528 3.262568 1.4140033 0.48502332 -0.8540161
inbounds -0.39296514 1.4701275 1.6780889 1.4910231 1.3961928 -3.8752732 0.38722134 -0.77540594 -2.1740205 1.1036564 2.306716 -1.7932818 -0.5755222 -0.89771456 0.29760775 2.0136034 4.162845 -0.4530225 0.94028056 -1.5443976
gryphons 0.93346775 1.6069008 -1.7988629 0.8176643 0.55294126 -0.26932102 -1.5108813 0.81038994 -0.5746524 1.0510668 1.4887187 -0.41808012 1.9288821 -1.7295438 2.0968282 0.94031 1.3635027 1.2763633 0.23321992 0.012213919
trialists 0.05662752 0.47202006 -0.0807714 -0.9855953 0.260617 -0.8764247 -1.9880823 1.757306 0.6444322 0.54420656 0.5638994 -2.392636 -0.4316214 0.22846162 2.8191736 0.017908629 0.8271206 0.15267418 2.2596269 -1.7841378
leapfrogged -0.072861336 -1.3074886 -0.33139604 -0.014439984 0.3187066 -1.5641097 -1.8426319 -0.015704263 -0.71018857 1.6349908 -0.128041 -2.3523383 1.0394543 0.5868126 -0.43853158 0.7898646 1.0002005 0.035109814 2.113507 -0.65564245
stargell -0.20260184 1.1300212 0.72300386 -0.5783449 1.2325017 -3.1571114 -0.60808694 0.8321125 -0.43391436 -0.32861277 1.6336824 -1.7986033 0.85133624 -2.6736755 2.2646284 1.8362857 1.4623544 -0.32203504 -0.49705777 -3.072229
flankers 0.76294345 -1.1175845 0.17714791 1.1184461 1.8748674 -1.4022816 0.11726926 0.59793437 -0.51280785 0.747811 1.3748641 -0.9634402 0.25922546 0.30262193 0.8081071 0.9325393 0.8801055 0.34273177 3.7736464 -2.5021002
spitball 0.55623674 2.0432835 0.74191135 -0.4094909 1.253212 -2.2102103 0.19766147 0.05129575 1.3326037 -0.7048297 2.5097198 -0.2201494 0.40370575 -1.8938377 1.5634943 3.7273035 -0.23930578 0.034348026 2.237702 -1.6740918
putts -0.61711794 1.3099456 0.62051517 -0.33846346 0.33992812 -2.6674976 0.5199709 -0.26816237 -0.43323636 1.0072824 0.9749253 -0.8853233 0.14049844 -0.63556015 0.77775073 0.6912447 4.436572 0.42234203 1.4346399 -3.4059205
faceoffs 1.3759933 0.74720025 0.34410447 0.640094 0.4673544 -1.7482157 -0.3290342 0.666762 0.81075126 1.0569348 0.3518841 -1.205916 -0.15096255 -1.5680859 2.1793952 2.243504 3.2196774 0.19011293 1.6155045 -1.620875
lefties -0.05657691 0.0052067656 1.2426895 -0.31494462 1.5694255 -1.4984931 -0.3186701 -0.4031744 0.7066034 0.115043014 1.1818238 -0.7886219 -0.98791367 -2.867084 0.048338167 0.92063963 0.797761 -0.3260505 3.0601623 -2.4251995
scrappers 1.2810154 1.6119856 -1.4027276 1.2377653 0.33180076 -1.9340575 -1.9621841 -1.1877687 -2.0660808 0.40756214 2.2153025 -1.0075185 0.72705716 -1.7607524 -0.34072825 0.46839625 -0.53125423 -1.2339073 0.82301956 -0.7083952
riveters 1.2225356 2.262572 -1.8030638 0.18709505 -0.7119934 -2.0361788 -2.2883434 1.126688 -0.06831812 -0.8978647 1.5417192 -0.99095315 1.300593 -1.0709612 1.3891547 1.4625292 -0.091679014 0.24668024 -0.086836435 0.69782066
rockhounds 1.21178 1.0069561 -2.0243647 1.3762456 -0.023626922 -2.7950006 -4.2564936 -1.1240187 -1.1586195 0.23708087 0.6240213 -0.62982184 1.2426829 -2.3207312 1.0027596 -0.72214633 -0.95651656 -2.0089087 2.7928433 -1.080807
offsides 0.2534231 1.1729777 2.3937678 0.97530335 0.7208125 -3.2952693 -0.30607823 -0.18113394 -1.1159713 1.578719 0.5874713 -2.5595655 -0.9554229 -0.4770542 0.30971527 2.8886633 2.299823 0.36421573 1.3914379 -1.374912
sportsmanlike -0.95016503 -0.25677344 -0.3802827 -0.524036 0.21912953 -0.21336846 -1.036582 0.78318876 0.27368084 1.6286713 -0.3137859 0.031395663 1.0721997 -1.466456 2.5686557 3.569565 2.0317411 0.6660861 0.30348918 -1.440522
groundstrokes 0.32773536 -1.1531785 0.8896864 -0.69229716 1.9873583 -0.4404064 0.11890319 1.1294763 -0.17207305 1.7465622 1.919762 0.11655639 -0.2235449 -0.9001384 0.13831803 2.4261053 2.664319 0.5451107 5.3013706 -1.7043215
outshot 0.67035514 0.9314321 0.34773627 0.26785886 0.7025135 -2.3568022 -2.084218 -0.5581493 0.3685843 1.5547545 0.89127284 -2.8225043 1.6606594 -1.3181301 0.41909212 1.6234496 1.5716318 0.56158906 1.4124538 -2.0259461
outscore 0.8083824 0.056940507 0.077933446 -0.35971686 0.9031344 -2.4853973 -1.4804759 -0.6842869 -0.55523676 0.89650255 0.56638193 -2.6274917 0.4228248 -1.1116388 0.27375022 2.788603 2.6557336 1.3502417 1.8915621 -0.58691055
lugnuts 1.436793 0.875146 -0.7250455 1.578908 0.64353436 -2.878721 -2.7063076 -1.0613247 -0.82943374 -0.62076277 1.0811409 -1.3290623 0.36981475 -3.2992601 1.8808306 0.24416894 -0.071441114 -2.2124364 1.0890149 -0.760101
romped -0.62117857 0.0070110937 -1.0132573 -0.1385482 0.6207148 -1.0831696 -2.3425899 0.3030394 -0.8307521 1.1572797 0.1696247 -2.2196746 0.4646747 -0.47694504 0.24594575 0.79299927 2.410824 1.4015534 0.23156418 -2.045011
frontcourt 0.5664921 0.4110358 0.7473566 0.36706197 1.1868875 -1.816075 -0.85879564 0.46145174 -0.7938896 0.841158 0.740266 -1.5071899 0.6011497 -2.196407 1.9833202 2.151905 1.2575896 -0.07334783 1.9394848 -1.2411747
breezed 0.26356393 -0.09656312 0.117270656 -0.09427136 0.64701974 -1.385314 -2.2818909 -0.11959501 -0.6853598 1.6859848 -0.2285759 -2.2451313 0.9821729 -1.0561689 0.51640606 0.14988637 2.4072251 1.501035 0.1289706 -1.7699507
boxscore 0.8441977 0.87409025 -1.145045 -0.66376066 -1.5117368 -3.7699354 -1.4534663 0.38772872 2.1281266 0.15216751 -1.6956822 0.74682313 0.06823301 -2.8119056 -0.047263943 -1.195374 1.7424256 1.2460554 -0.9074604 -0.5261631
benching -0.15072833 0.7914103 2.1947422 -0.088241205 0.4296303 -1.9461473 -0.49188426 1.1821158 0.1603714 0.56756127 0.71036166 -2.2884796 -0.33133194 -1.6468059 0.21103409 1.9480692 0.60192686 -0.5629461 1.7780756 -0.7862148
subbing -1.0529419 0.21898463 1.195437 -0.77597153 0.6212586 -1.8367071 -0.47534922 1.0077518 -1.5034891 -0.2250872 0.46078026 -2.517188 1.6618878 -2.0757322 1.5509995 0.5506454 0.53048486 -0.9270884 0.5862151 -1.3757317
haymakers 0.3885062 2.0189795 -0.7870116 0.88263595 0.61496687 -1.1173733 -1.2222545 0.1883103 -0.66717017 0.014258017 1.3651891 -1.2510107 1.6845793 -2.3782492 1.6966197 1.5612475 0.042451467 0.8694811 -0.33407402 -0.78769237
homestretch -0.15587161 0.40362602 -0.020866057 0.166081 0.5978978 -1.781143 -0.35569024 0.5342875 -1.0169085 0.085863166 2.2007215 -0.8597857 0.16373195 -0.26268366 -0.35402098 0.060696386 3.7472448 -0.76359725 1.6326443 -1.9785135
gobblers 0.5905997 -0.036976397 -1.0605731 1.2746835 1.3675171 -1.0514321 0.49097517 -0.5537802 -1.6002703 0.082097046 1.2137021 -0.28884518 0.842661 -2.4841247 0.8261116 1.1690333 0.7560259 0.29594555 0.6610314 -0.05947017
goalmouth -0.48485476 0.32146585 -0.28906724 0.8442829 1.2596855 -1.5102466 -0.16457339 1.9534733 -1.8281428 1.4630169 2.1820674 -2.5770247 -0.25878733 0.36729857 -0.94804436 1.0976887 2.2542531 0.052969463 3.0113146 -1.9177314
sizzlers 1.2263228 0.9557364 -0.8152517 -0.50332046 0.4688182 -2.4004197 -1.1811178 0.51093334 -0.880934 0.046005297 1.5149769 -0.8662445 -0.15197648 -1.7107806 0.9647639 0.02529514 -0.18400833 0.35531914 0.0150015 0.07557059
javelinas 2.2701259 1.0096363 -0.38964772 1.5019197 0.99487984 -1.6962866 -1.3819779 -1.2378886 -0.29151478 0.24282809 1.4452484 -2.0251625 0.7493636 -3.2834926 1.5901539 0.26674414 0.64875597 -0.28262383 -0.38992405 0.50287527
pickoff 0.70969766 -0.09237206 1.8811944 -0.85046685 1.4059881 -2.1288977 0.37642413 -0.019758362 -1.0024253 1.0246662 2.128541 -1.433634 0.3302494 -1.5654919 0.21962835 2.9568949 2.4390943 -0.2512276 1.6791975 -1.3658713
dribbler -1.3680304 0.03947746 0.3471989 -0.7133497 1.035455 1.1955346 -0.37119704 1.6018788 0.12564245 1.2391193 1.4829081 0.2648707 0.6375054 -1.1163712 0.8376232 2.5481977 1.7976317 0.34287602 3.4819343 -1.951063
gameplan 0.28429788 0.13161172 0.7037799 -0.34403136 0.15552616 -1.5068493 0.04811985 1.604581 0.044063456 -0.4410528 0.66626304 -0.7188177 -0.80430156 -0.73165107 -0.09826488 1.6840464 1.2406505 -0.17339243 2.0006204 -0.39576116
fastbreak 1.028366 0.40925708 0.3571005 -0.57493824 0.37059468 -1.8809202 -0.5196419 0.8871325 -1.2408108 0.3276526 0.39104638 -0.96484554 0.6094666 -2.0055268 0.4035115 1.9915249 1.931805 0.37774128 1.4734395 -0.86573446
blitzing 0.5625863 0.15677848 0.7381756 1.450198 0.95079714 -1.852235 0.060996614 0.038944453 -0.5673889 0.4488663 0.22451216 -1.3645328 -0.23388016 -1.8351641 0.14109771 2.7314484 1.1623834 -0.0061029387 2.7232246 -0.8567668
rucks -0.95484185 0.15904984 0.054650687 0.21523339 1.1228703 -0.4777142 -0.33231184 0.45346054 -0.6109943 0.6847893 0.8853955 -0.8154907 0.39055818 -1.0562872 1.111851 1.7193439 0.57951987 0.28946632 1.7722185 -1.6839411
midcourt -0.26360586 0.18494944 0.018389573 -0.0056725633 1.0306864 -1.7737292 0.2632381 0.14855643 -2.003328 0.45939356 0.7514162 -1.1179105 0.3575028 -0.50079376 0.9175757 0.7793422 1.5993453 0.8214584 1.3598909 -0.7265792
rebounders 0.67844135 -0.04198076 0.17967251 0.25617585 0.49516594 -0.7659103 -0.79385936 0.46867505 0.72528774 1.0538424 0.39875358 -0.9526907 0.29610482 -1.814606 1.7648686 0.96138614 1.0022362 -0.40508506 1.4624308 -1.5906364