Centroid_90 -2.5478739787016127 0.7006096768629037 -0.2766735154435484 -4.847631379586289 -2.8125970802499993 0.5802085273467741 3.512893660040324 7.849080233064519 1.8598595038467745 -3.485953301887098 -0.5011080930483871 0.7752173426290322 -0.11902846575161297 -4.394340331580644 1.0055289393516125 -2.216260739096773 0.6546868369709675 -2.527464208306453 2.152260073983871 -2.914754033774193
film -3.792513 3.7102833 0.3106884 -7.7889404 -6.5451946 0.4096152 5.9916263 14.502661 4.497742 -1.9043264 0.82959235 3.582882 0.779687 -6.004784 -2.0149317 -5.1299343 2.2674909 -3.7109654 2.4011126 -1.9494592
films -1.3095921 4.2126045 0.25696185 -9.82172 -6.735804 1.0724195 8.110709 12.275768 6.762659 -2.1919842 0.03245429 2.329294 -1.9189545 -4.4086046 0.8745359 -6.954718 -0.45664227 -4.205874 5.8876863 -5.4423957
movie -1.5455468 2.4148865 -0.67549926 -9.199302 -4.667578 -1.111281 7.139349 11.5699415 0.1456441 -4.1499166 1.282222 2.2321353 -1.6917367 -5.281287 -3.5453982 -4.2307534 3.0322113 -1.9979761 3.1233752 -4.7708173
stars -1.1533293 2.6914902 1.4435123 -4.281352 -1.5595189 -5.8036575 3.6814935 6.527316 3.9769366 0.8209678 -0.6003484 2.4917932 4.1477327 -9.913859 1.2596962 -4.002478 6.619718 -0.49733526 1.8051385 -6.131128
cast -1.5247228 1.5010552 0.598966 -2.973506 -1.1005516 -3.2978792 5.640706 9.666674 -1.0673376 -4.7245336 -2.18356 -3.1051586 1.1644605 -2.3315167 4.6131043 -1.0074347 0.11913794 0.47163022 3.445044 -8.22528
producer -7.051566 1.3536423 1.1647223 -7.7239304 -2.0886784 -3.229797 -2.982164 11.520836 0.46829838 -6.2877703 0.6688744 2.991306 1.5484831 -9.229987 3.989005 -2.4307632 -8.158433 -4.430477 3.2881048 0.7560293
actor -9.42138 -2.0519183 0.12432263 -5.815132 1.3160827 5.27235 2.888849 14.440514 4.4842134 -3.5716763 1.6491199 -1.4978943 2.0051794 -9.281345 6.180089 -1.2852964 -0.6571021 -5.080687 2.623748 -5.119062
drama -2.53745 -1.293866 -3.6829116 -0.89080024 -2.2523696 4.6437273 6.182604 11.666564 3.8867943 -4.4612913 -1.1511557 1.1343716 2.927625 -8.469302 -0.33026737 -2.7984314 3.7349148 -3.500517 3.056797 -1.3641484
roles -0.37505805 -0.49759096 2.2736132 -2.1239715 -0.14884377 6.67204 6.779973 9.329057 3.134254 -1.5371413 -1.1607052 -1.64269 -4.133938 -5.1099877 7.9411287 -1.5564018 0.5982739 -5.152726 8.114568 -7.0079393
comedy -2.2823594 0.22499931 -3.237136 -4.730327 -1.8969208 2.02584 5.888211 13.35431 0.74692416 -5.1350923 -0.17699963 1.3283361 2.4912713 -9.611653 -1.4973435 -3.1571956 0.7775463 -0.98449194 5.3718457 -6.8199067
actress -11.387145 0.89091486 -1.4690789 -10.042518 0.3538489 6.934548 1.114961 12.516174 5.345169 -4.026783 2.9480555 -1.2737341 0.69534856 -12.214805 7.513851 -4.682659 1.5431105 -4.6520395 -1.8087338 -4.5825353
guest 0.15412338 -0.6804563 -2.997787 -2.4177792 -0.7865053 -2.9734929 2.803559 8.972337 -0.362926 -9.753133 -4.674453 -1.5071965 1.9359375 -6.823993 7.263328 -1.3605889 1.9073206 1.6924132 0.12883727 -4.6265655
documentary -0.42210314 2.7965305 -1.5905473 -3.501149 -5.5363145 0.4087409 6.6497025 9.624498 4.6111627 -4.0755033 -0.1668385 2.141688 1.1312248 -7.4280972 -4.2319813 -2.7684922 0.73483145 -3.4049768 -1.4994313 0.5553895
productions -0.100292206 5.2473626 -2.2787752 -6.5732136 -6.5550275 1.5647564 2.558864 10.408482 0.26207417 -5.7348485 0.2918536 2.8388968 2.5573783 -4.874813 3.4531384 -6.1057715 -2.8693027 -4.2674546 4.41354 -2.927378
soundtrack -1.5168421 1.160298 4.917937 -10.522169 -4.9068675 -2.9629102 2.8566966 11.298946 0.745825 -3.6056266 -1.7018294 3.6574018 2.7531462 -4.5519648 -2.0504322 -9.59835 4.0312753 2.9556737 3.9293513 -5.9434185
actors -0.5473351 0.5033255 0.09733908 -4.5978737 -0.8412449 4.782282 7.257182 10.276885 2.6464171 -6.5193915 -1.1803981 -0.15022093 -4.533219 -3.613068 7.006892 0.95311975 -1.2689066 -1.0441314 6.3819838 -5.026481
hollywood 1.3455396 5.6085324 -4.051193 -2.9045572 -2.907327 -1.3124733 2.734893 8.427458 -1.864571 -9.817635 4.0092072 1.3552654 -0.09620151 -7.9569273 -1.9565985 0.05003272 0.3674692 -2.9614043 0.2243849 -2.6674447
movies 0.2837073 2.4583116 -1.9734327 -9.030317 -4.7883005 1.033948 7.662809 9.120512 3.6937015 -4.731563 -0.1620375 2.5299459 -3.662856 -6.088644 -0.39665553 -5.3352327 0.68045443 -2.8223243 5.355607 -5.9685354
cinema 1.8078532 2.2190971 -3.8700671 -3.6548805 -6.9572864 6.94975 0.79931384 11.56109 1.452789 -2.7720597 -0.35678828 4.6345515 0.04163033 -1.3463875 -0.5546685 -6.360536 -0.5248166 -1.2918229 3.8591754 -0.42275527
credits -2.615537 4.785732 3.053423 -3.1475418 -4.3138595 -3.9168186 3.657489 5.0897565 3.9254456 -7.904766 -2.6664302 5.481174 -1.2876651 -4.0936804 3.6905196 -1.5177472 2.7920964 -1.015463 5.3317375 -1.667201
producers -1.3909429 3.5114703 0.9647571 -7.4084797 -2.0346675 -2.46489 -0.1605383 7.676889 0.40952033 -4.468649 1.0797893 3.6687431 -5.7102904 -4.078875 3.2380464 0.22507483 -6.4730806 0.14502804 5.3049946 -1.1008828
adaptation -1.933094 -1.0502888 2.3290014 -6.0723825 -4.638932 1.6493862 4.823198 6.2926884 2.8474615 -1.9767979 -0.46639773 2.669118 5.397832 -4.2408466 -5.1853604 0.031799734 0.68419856 -4.3559465 1.3079336 -3.370073
premiere 1.2566545 4.564393 -2.3889337 -4.2631817 -6.6897635 -3.6953855 -0.056566045 13.862753 3.8467362 -5.5394435 1.2628095 -2.305326 5.25445 -3.842333 -0.9920473 -4.6653953 6.2203617 -2.8430605 -0.027824068 0.951218
nominations -3.2245553 3.721338 0.12372356 -3.2779365 -3.5181246 -7.4280334 2.3717117 10.117849 9.24748 -2.1012979 -5.898076 3.2578847 -5.1672525 -7.210395 10.991692 -3.1274807 6.833884 2.747526 -2.8226526 -5.3076277
theatrical 1.7342618 2.9881837 -1.0343972 -6.098603 -5.8558826 2.5859208 1.4623729 9.055831 3.7250273 -6.3212647 0.41119123 2.0875216 -0.1807892 -0.90218025 0.0055461456 -2.1312966 -0.0384786 -1.5992806 4.865768 -0.68245906
soap -2.5775518 0.4947651 -4.4295526 -7.458539 -2.5436015 2.3316667 5.6762176 9.039982 -2.7178493 -9.720541 -0.09971384 0.342211 -1.1527189 -3.859756 0.96675706 -4.9747586 -1.9092371 -2.1103663 4.6767526 -5.82604
celebrity -0.15463968 0.4846277 -4.5050206 -6.6545954 -0.39042652 -1.9871589 3.3293552 7.6842155 1.4296296 -6.5777416 -0.803442 2.5094485 -4.979208 -6.873544 4.33204 2.3745165 1.5107046 1.9614655 0.26341707 -4.041108
screenplay -7.008397 1.4474357 7.229985 -5.5136395 -6.341439 -0.6446278 5.9317803 12.647221 2.8646002 -3.5123346 -0.4700153 4.107473 2.2923927 -2.979492 -1.3055159 -0.882283 1.3455106 -7.35894 0.4221057 -4.560148
directing -1.9461893 -0.34297788 0.6437536 -2.590725 -3.471323 2.2359304 2.3130245 6.714284 1.4181393 -5.9761176 -1.7461371 -2.1333196 0.7724695 -3.6215878 0.6233647 1.9002879 1.1067473 -5.625423 5.406838 2.214514
emmy -4.0551553 2.6910129 -1.0807911 -1.6927968 -5.450756 -4.2441063 3.8138595 9.9898 5.113711 -3.6663594 -5.978386 3.6249745 -0.81872576 -14.143801 8.579421 -0.1450615 8.944696 -6.0037737 -2.251707 -4.035993
presenter -6.467578 -3.506086 -5.816139 -1.8656963 -0.49820176 -1.7532481 -0.6018011 9.566671 0.5682003 -6.7334495 -3.3552897 1.4164255 -1.0241376 -9.828255 4.8034015 -4.7102227 -0.25159374 -5.5376344 3.4815245 -1.7124356
thriller -4.5635056 -0.019095609 0.3049173 -3.9741492 -3.3952632 1.081594 9.271321 11.480326 2.967877 2.9656456 -0.5671954 -0.94912374 2.2650363 -8.408895 -6.5591755 0.4400462 0.6565524 -3.5488672 2.5591738 -3.6203706
comedian -6.97486 -1.6346551 -2.1386952 -3.4091632 2.1487384 0.94699985 2.0953426 11.176176 0.31852734 -5.676448 0.68263257 0.15461831 1.6463083 -10.267543 4.038456 -2.646381 -3.5886927 -2.27015 1.1631929 -5.490684
filmmaker -7.79479 0.75379884 1.2279857 -4.8673353 -2.424167 6.1370053 2.4731324 11.155368 3.6237965 -1.3355087 1.1736737 0.6406952 2.17617 -8.726861 0.82333523 -2.1376586 -4.723208 -4.929862 -2.0844314 1.6368135
celebrities 1.5607306 3.2179565 -4.248672 -4.840482 -0.48554558 1.3260802 7.012622 7.6972957 2.3068075 -6.0589786 -0.8340913 0.92135185 -7.6201077 -6.405039 7.173104 -0.646453 -1.7002589 2.3953805 1.5263549 -5.5748963
remake -2.8671017 -1.503229 -0.15064907 -10.455242 -4.077104 -3.3841467 3.5180283 10.756287 -0.23039722 -0.02140675 0.69577396 1.4939548 1.035033 -2.706331 -5.9444466 -3.7719953 -0.35519317 -0.7061565 1.3114674 -3.7850196
telugu -3.0878513 -8.329593 -2.1014223 -5.8189025 -3.1841977 6.5736866 0.10650558 7.5453205 6.64267 -3.206752 -2.1733072 7.7591124 -6.977745 0.6198115 -2.7584324 -8.929131 3.0581548 -2.4247024 3.8945105 -4.9301662
screenwriter -8.515914 -1.677143 0.29404873 -5.8610067 -2.6241121 4.847748 2.2226312 10.569912 5.3482523 -3.854962 1.3435687 -0.1843138 3.2207558 -8.114581 1.7904916 -2.0475712 -5.3420367 -9.129852 -0.36687434 -0.60643786
cameo -2.0793002 0.5231958 -0.60452044 -9.7741785 -2.1415136 -2.6624498 4.5332108 10.800514 -0.33948615 -3.144416 -0.5437489 -2.9064424 2.5840163 -6.2237153 0.39757332 0.12307103 2.41952 -0.07589355 2.854784 -10.267156
malayalam -4.3046308 -7.300943 -2.026314 -4.54191 -4.1904216 7.8955703 1.4103441 5.210861 6.6935244 -4.5511494 -3.2025468 7.9479985 -3.9908998 -0.16295946 -2.3363416 -9.036425 3.3581126 -4.0614233 3.1438043 -4.472238
shorts 0.17966114 2.809421 -4.4528008 -4.6685143 -2.1446793 -4.768463 7.809017 5.8939853 0.6956108 -2.8918471 -0.5477387 2.3139138 2.3860812 -3.88263 4.180477 -1.993795 0.26609582 -0.004123267 6.663193 -4.4361343
documentaries 1.6057484 2.638551 -3.4527426 -3.6622233 -6.7266207 3.3411353 7.1744537 6.9261417 6.846027 -3.7127547 -2.7792299 2.0047905 -2.4357567 -7.5869026 0.69229376 -5.4905686 -1.8682833 -5.8701873 2.8618279 -1.0758626
filmmakers 0.5333671 2.6192453 -0.45220828 -4.810663 -3.0808365 4.1395 4.271049 10.112714 3.473616 -3.7253668 1.1662225 1.927612 -4.689704 -3.6700878 1.4210194 1.0658983 -2.4158564 -0.8230219 3.4131215 0.86535627
dramas 0.035940632 -2.0304286 -2.6084733 -3.8399615 -2.5767722 4.7970843 6.935253 7.7257266 5.6479745 -4.6645384 -1.4536427 1.3262835 -1.9436272 -4.5188313 -0.49398234 -6.02101 1.831256 -3.3634682 5.6196275 -4.925189
romeo -1.0472102 -1.6103327 2.558403 -8.975349 -2.2089367 2.1938329 1.1682032 6.3830805 -4.1739235 -2.581796 2.022047 -2.530331 2.2425716 1.606897 2.789843 -2.1345372 1.7890533 -4.638681 1.5094106 -6.5288353
accolades -1.7505779 5.476885 -1.0837508 -2.6462579 -3.4016616 -1.6035156 0.92449707 7.0117188 8.451002 -1.3839839 -1.604114 4.367208 -2.6071577 -7.3475013 4.90267 -0.49068755 4.644308 1.0154845 0.27397892 -3.3284347
stunt -1.4370747 1.0000303 -0.7472513 -6.329098 -1.0606482 -2.594634 6.0371127 6.703723 -1.7412462 -2.6741662 -0.030381689 -2.4309437 -1.0576988 -4.6893744 2.6676908 3.6035016 3.152545 -2.5274596 6.9228196 -0.7628746
cinematography -5.6909723 0.6375566 5.057181 -3.7794998 -6.4036446 6.2105145 3.031456 9.872992 1.6553761 0.46900624 -4.4743085 3.3547025 4.2532444 -4.4075103 2.2072031 -1.03769 3.8717337 -3.42453 4.8777175 0.39792567
actresses -3.767752 0.622162 -1.1334943 -8.030951 -0.013591134 4.706019 5.1351137 7.642219 5.024263 -4.300396 0.2518133 -1.0843818 -4.436422 -5.303519 7.207203 -3.420911 1.0540969 -1.3138555 2.0742307 -7.0611277
playboy -1.7896214 1.4777426 -4.2265253 -7.2277617 -2.0132377 -3.5951128 3.6160285 6.279489 3.499306 -6.245554 1.0999445 1.7538213 -1.1652113 -4.1867476 2.165625 1.0789938 -2.737464 -1.0884248 -3.8772604 -2.0792978
standup -0.5060182 0.14023705 -2.9573631 -2.2303607 0.040168393 0.9437033 3.4133177 9.046392 0.8244361 -7.618429 0.26304168 -0.09666445 0.6525892 -8.287773 2.5465355 -1.251418 1.1707506 -1.8868219 5.9286804 -2.8050613
sundance -0.49386036 4.12093 -4.277219 -4.547993 -6.1377244 -1.657098 1.4407122 6.9357615 -1.4276785 -3.4291303 -0.5599057 1.6491405 1.0045803 -8.259434 0.22620915 -0.129337 4.3459396 -1.7748691 -4.1185884 3.834412
juliet -5.8578763 1.7746366 2.1569781 -6.4929843 -2.6162324 3.2267058 3.56782 6.4141507 -3.3392265 -3.865474 1.6137959 -3.1313505 3.6481764 -0.30182332 0.11663238 -2.5616066 2.490186 -2.9878855 -0.50402546 -6.685094
cinematographer -8.982159 -0.8209459 3.040042 -5.93172 -3.1607306 3.6925504 3.686846 9.530504 1.783008 -1.0300237 -0.7755826 -0.8083464 3.7436113 -4.0894175 5.2921124 -3.3991094 -1.0500802 -8.187531 3.0829532 0.6865569
comedies -1.7093108 0.7206791 -0.34996173 -5.0901427 -2.258316 5.495777 5.349059 7.6680703 5.0776205 -4.8504295 1.0555897 -0.360357 0.15279146 -2.60101 -0.2753606 -4.456173 -1.1618077 -3.6867397 5.5475955 -10.351482
soundtracks 2.209644 1.7088906 2.5161557 -9.13741 -4.6626077 -0.67488885 3.130075 7.5263243 3.9396894 -4.14084 -1.9150854 2.0046349 2.7947304 -5.342104 1.4618202 -7.8737874 -1.2387834 0.46316665 5.0398893 -4.546788
kapoor -9.478417 -1.8411015 1.4205312 -9.103185 -2.134125 4.3525033 2.5897696 9.246743 0.03458285 -2.549272 -1.0428678 0.23088747 -7.5260854 -1.8966091 3.0122185 -4.226902 4.3668494 -2.4775605 4.28611 -3.6684756
entertainer -5.2272787 0.5972976 -2.0999427 -4.9720216 1.5665157 1.4433109 0.15062481 7.1727643 2.3052993 -5.373464 2.35045 2.8229785 -0.6295891 -6.849552 3.0140674 -1.5663829 -0.014931293 0.666994 1.2923712 -3.4806592
comedians -0.900678 0.4826958 -2.500446 -3.0072255 0.6385659 0.9212672 4.50466 9.126861 2.0263495 -6.109404 -0.62500393 -0.15089335 -1.8683131 -6.402853 5.2427163 -2.5013318 -2.5873902 0.47194186 3.6913188 -6.367599
filmography -2.8472812 0.38298464 -0.96549606 -4.8897 -4.5081167 1.0791643 2.2321115 4.986809 3.5677545 -2.9640625 -3.379803 0.9563209 1.1606004 -5.3449225 2.733401 -4.2579145 1.9584742 -3.370402 -2.079854 -1.8261955
bafta -8.573059 1.1218953 -5.0113554 -4.0005593 -5.3497853 -2.6858978 3.016551 11.751878 5.4000664 -1.0281471 -4.6725698 4.9966335 1.04996 -4.733632 5.5347295 0.46649998 5.7258534 -0.82823277 0.7069054 -4.552058
serials -0.64809924 -2.60178 -2.63543 -4.4162683 -3.2954297 -0.2282202 7.2243814 6.4202824 5.207301 -2.6819715 -1.858927 2.4225955 -2.438643 -2.9066787 0.30316538 -5.2389383 1.0828038 -5.8318663 3.9147637 -4.8720913
uncredited -3.2632654 -0.7915811 1.5888475 -6.456164 -2.403835 -0.47800422 3.8711705 5.2159505 1.4275004 -6.5125113 -2.3361862 -2.8154085 4.315874 -4.2163067 0.020521794 0.019891433 -1.9492725 -3.1572595 3.835849 -7.419644
blockbuster -1.7535357 1.5825179 -2.4961293 -8.706445 -4.296959 -2.8376975 0.29501978 7.923489 0.800621 0.8448612 1.2029223 0.89075845 -3.2589762 -2.5647132 -2.6207442 -2.6762648 0.75261784 -2.2533784 3.0635915 -2.0682166
porn -1.1716813 1.8333299 -0.58376884 -8.098354 -0.9925265 0.08273359 5.761265 5.410813 2.4652944 -4.068429 0.2617387 1.4735541 -4.2006655 -8.05052 -0.7799162 0.24016179 -2.8966088 2.1611977 0.36683124 -0.71325946
chaplin -5.7913246 1.3434268 -0.27821913 -2.910781 -0.29338425 0.34280974 3.3242352 6.765078 -0.25076738 -5.0205464 3.0213137 -0.5081794 1.5496715 -1.5816523 1.3379666 -0.46860468 -0.9485042 -3.3973827 -0.25996006 -3.9568107
voiceover -2.0994186 -1.3094544 1.4412482 -3.8651533 -2.3467984 0.25013924 5.7182913 6.5890203 -0.33944288 -8.215237 -2.752632 2.0158439 0.063392505 -5.669955 0.18556114 0.22845177 0.388541 -2.8751848 3.6657097 -2.802217
preproduction 0.64826685 0.81969416 3.7797072 -6.8896904 -6.211796 -3.354614 1.7881018 5.6556425 1.3284974 -5.448885 -0.00961675 -2.143355 1.2271138 1.7469229 -1.4607507 -1.7989373 1.5176344 -6.95615 5.251282 1.3480041
animator -3.1406994 -0.28767294 1.457846 -6.0945625 -1.8168976 2.2186775 5.754446 8.738114 -1.27119 -2.9417953 1.4898276 0.8324739 4.81617 -6.1986713 3.679828 1.274438 -4.742073 -6.211045 2.6327803 0.7038708
postproduction -0.31403098 4.6373167 3.8949018 -5.1464143 -7.447873 -1.1158895 3.8520784 6.3556175 -1.0440781 -5.660708 -1.6195477 -0.7090409 -0.2263488 -0.30151007 -0.23640336 -2.4618251 1.4960468 -4.784235 6.470628 2.5774717
spielberg -2.8177624 2.8225532 4.8805842 -5.790046 -3.8900902 -3.0765011 4.8724356 10.27616 -0.7028035 -3.0147867 3.5507593 0.6682305 0.32767594 -2.7567132 -1.5996846 2.9061186 0.0038581735 -5.683712 0.007364502 1.4977032
dubbing -1.3409699 -3.4871852 0.10014522 -6.8041143 -1.5523813 2.1708682 1.9339625 6.3988104 3.263431 -3.7959225 -1.3548846 0.9804298 -0.56883234 -2.0399559 -0.98457366 -2.769926 -2.3103368 -0.45554447 4.8606715 -0.013535148
screenplays -1.781372 0.9275084 1.6751475 -5.170954 -4.2102675 1.4424938 6.294352 6.7276907 6.846799 -6.7429876 -0.11428266 1.3557384 -0.5073371 -2.6794443 2.5584416 -4.0262895 -1.2910036 -7.1037745 2.2631724 -4.730528
cameraman -5.8831377 -1.6642838 -0.4603388 -4.161942 -1.2123117 -0.37394378 6.3840537 6.1464353 -0.39123532 -3.455161 -0.5778703 -3.6100423 0.64998513 -3.3472257 1.7759117 -1.3163263 -1.1548114 -7.022844 3.6161878 1.4739692
biopic -5.799939 0.6919614 1.8241322 -4.948506 -1.8286717 0.8512038 2.4553187 9.371564 1.0489728 -1.5795627 1.5352312 -0.70942914 3.1373422 -5.2575765 -3.3329926 -2.0987563 0.4285419 -1.8356684 -1.1593186 -2.224663
screenwriting -3.3405488 1.5470725 1.8157946 -2.5066404 -4.5631332 2.2024617 -0.28119576 6.610453 3.008906 -6.7088466 -1.3606865 2.967926 1.6884736 -5.4202843 2.7409012 1.9989835 3.7016423 -5.736325 1.9581887 3.085054
animators 1.9041181 1.9697531 1.3206769 -5.9013386 -2.3857944 0.8667205 6.1084585 6.160373 0.74275595 -5.9705153 1.8098279 0.8698129 -0.0026777682 -1.560499 3.6862268 2.7720604 -1.8708416 -3.417621 5.749996 -0.47094095
costars -6.421233 1.1534938 0.15543614 -4.9103312 -0.6519576 0.097786166 3.7693434 6.086774 -2.1712065 -2.415018 -1.1815585 -3.162318 0.7590365 -7.5128694 2.0680988 -1.6642808 0.7337229 -1.8068143 -0.78530127 -5.826819
cameos -0.112104125 1.9788207 -0.044658635 -6.565895 -1.9995588 -1.2223474 6.1798115 6.3460774 0.0777193 -2.271704 -1.3254123 -0.7944101 1.1331786 -5.325756 2.1689043 -1.8255508 -2.292734 1.0161283 1.6510156 -8.1057205
flop -4.130676 3.6006274 1.1421074 -6.492333 -3.8945942 -4.71561 -0.21907689 7.36194 -0.15614891 -0.99141985 0.8716518 1.387702 -3.8649547 -0.10422473 -3.6925728 -1.9776583 1.6540688 0.16747679 3.8344824 -4.8720307
barrymore -6.1506467 4.1193013 1.2522428 -2.8672698 -1.5715579 -0.25003022 2.6152565 8.990948 0.96550226 -4.7270937 4.567977 -0.75436777 0.52348083 -1.5195892 1.9942846 -1.5653938 2.5121863 -4.489837 -1.8247116 -7.036138
oscars -1.7691028 1.2614421 -1.6131867 -4.8852587 -2.0445056 -1.8972825 3.9535434 6.311574 3.3446653 -1.4554377 -1.6312228 1.844404 -1.9360397 -2.8508835 4.2116127 -0.7805271 4.957587 1.3006817 -1.0489037 -2.5803802
soaps -4.2831717 3.9100044 0.33914983 -6.266096 -2.3439925 -0.26264197 3.5072708 2.1019058 0.721658 -2.4950256 -0.57762665 1.6810182 -3.3035722 -3.802809 -0.26006794 -2.5066528 -1.0246876 0.49241716 4.9011555 -3.392928
sopranos 1.2766275 0.5701672 2.3458693 -1.730726 -0.5440168 1.248598 3.7873726 4.584465 0.68161464 -4.9169416 -1.60052 -3.483926 1.4528844 -5.426132 3.5646787 -3.026171 2.5038662 -1.5564376 0.29623452 -7.2820086
thrillers -1.2764146 0.76800275 -1.1026546 -3.25306 -2.3999841 2.1442342 5.914763 5.7124343 5.2997584 -0.23105404 0.75285333 0.1360341 0.63646877 -5.0406275 -2.493544 0.051314145 -1.807722 -4.1822157 1.7562729 -5.373485
scriptwriter -5.8743763 -3.808683 -0.54980075 -3.4804006 -1.4167575 3.2164717 1.5609722 7.5282683 1.9672961 -4.3990874 -0.8636917 0.061538775 0.2094327 -4.2180386 1.0685731 -2.1889718 -2.5483556 -6.4249525 1.5723541 -0.49099332
scorsese -3.0313852 2.077747 5.231342 -4.784052 -4.535132 -0.08042345 3.5221684 11.927714 -1.7484325 -3.6559591 1.5932475 -0.93939114 2.539153 -2.1474922 -0.87127 1.3998668 -0.6536273 -4.5495663 -0.69197154 -1.8191193
kubrick -5.2446957 4.0464497 3.4578736 -4.311138 -3.8594818 -0.78595376 4.6796536 9.876943 1.1489183 -0.92766714 2.622651 1.577349 2.457989 -0.58387625 -0.9069002 2.9811778 -0.92144394 -3.0859082 1.4550179 -2.2038236
artiste -4.3767643 -1.9338515 -1.8546549 -4.857063 0.878549 2.6236737 -0.9958782 6.433451 3.7770877 -3.1457815 -0.025356049 3.8671868 -2.148845 -4.238086 3.990577 -4.303146 4.010433 1.5484341 3.7037835 0.1637965
screenwriters -1.8626586 0.7304579 0.5289564 -4.4616327 -3.2576988 1.4894528 3.3348572 7.2402596 2.5192955 -4.631427 -1.5400457 0.6383109 -0.75502217 -3.2506166 4.0549026 1.3347491 -2.1942782 -3.3259182 0.4392545 -1.3156233
tarantino -2.4663234 0.325348 4.8493886 -4.022363 -3.6441982 -0.13382182 5.13687 9.945373 -0.86084855 -2.1674974 1.6150324 -0.07500277 0.81814295 -4.6192603 -4.346695 1.0466907 2.3400345 -5.754037 -1.7663331 -2.440648
newsreel 0.671809 0.9193414 -3.3352346 -2.5077136 -5.6194763 -1.0988727 6.5002785 5.6497455 2.5219195 -3.7581868 -1.9101391 -0.79077697 2.1512604 0.069068134 -3.0222569 -3.694597 -2.1289868 -3.3873737 3.3127432 0.18250461
talkies -4.902599 0.23750183 -1.8408507 -4.0578084 -3.9014354 3.48885 1.2615361 7.5841517 2.1857426 -3.1407347 1.1270483 1.282894 -2.1852617 1.7035232 -2.2057912 -7.3023 0.8942613 -4.1180077 6.9323387 -1.2088162
emmys -2.7626874 3.3418467 -2.6045923 -1.7742995 -5.1299453 -2.9898643 3.6557238 5.8019667 5.4293184 -1.955526 -6.041467 0.7950558 -2.8453128 -7.7438364 7.636098 -2.3640702 4.787015 -3.0582576 -1.1979281 -3.3101606
docudrama -1.9812305 -0.11538411 -1.8608465 -2.0817938 -3.4564161 -0.06717339 5.8430147 6.6745715 2.3159277 0.28592548 -0.5520983 -0.7229772 0.92981416 -4.2156386 -4.299977 -2.22472 0.3593393 -4.1519704 -1.1223832 -0.84412366
mockumentary -0.43438694 0.67360234 -0.04402953 -3.075881 -2.2354293 -0.5321658 5.326354 7.7489567 -0.006157854 -1.5078387 -0.39325324 0.9463266 1.8157547 -5.5130296 -2.1921413 -1.8616849 -0.6372062 -0.6903534 1.7053968 -3.0868928
voiceovers -0.20461127 0.42354265 1.1102235 -3.0132344 -2.7387707 -0.7564135 5.1885777 5.632389 0.5859661 -4.971744 -2.374616 1.8245279 -1.7192049 -3.974829 1.3789989 -2.338079 -1.1900567 -2.4855225 4.721432 -2.9558053
matinee -1.8472658 0.8522145 -3.1557233 -3.0980608 -2.0531855 0.009336955 1.2396518 6.34656 -0.8533694 -6.1934643 -1.3710982 -1.4222523 1.0887746 -3.4235337 0.5436631 -3.6625047 3.2862763 0.9351324 0.32201952 -2.5570533
kurosawa -1.8110338 -4.270818 2.0595915 -8.146498 -0.18899867 3.1058438 5.1857605 7.286771 3.4027631 -0.24399301 2.883273 -0.39398313 0.33046222 -1.9952002 -0.6348867 -1.5044601 1.9512297 -3.681419 3.1484134 1.8611958
spacey -2.5518892 1.4027191 4.2731156 -2.063736 -0.35421056 -1.5684891 2.026741 7.7337847 -1.3800355 -2.5749576 0.7485769 -0.024922697 0.5639612 -4.8008084 -0.43457526 0.28578964 0.37021235 -0.38738784 2.7294893 -2.9006011
telly -4.2612987 0.4646952 -2.760326 -5.0231285 -1.9115266 -1.7613859 4.0273046 4.7032332 0.025387561 -0.44630593 -2.3499475 2.3521984 -0.64099866 -6.137393 1.5683346 -1.7064704 2.5800452 0.83747035 -1.3000042 -2.1102388
teleplay -2.1799538 -0.47121036 3.7627788 -1.9952712 -3.0998082 -2.8201282 3.7723565 5.6338325 1.0805305 -3.0844069 -0.9317451 0.58531606 3.0275393 -5.393856 -1.465573 -1.5267514 1.1877953 -6.1194954 -1.8530217 -3.6318922
garbo -5.6134615 1.7355653 2.6703653 -6.531585 -1.1832868 3.9009314 2.6328802 4.5752497 -1.1339912 -2.7820292 4.2921076 -0.90028787 1.8432083 -1.5243404 -0.89248246 -3.0969443 0.27431303 -3.253982 -0.8741841 -1.6137029
minnelli -3.6298378 3.7562895 4.5718155 -5.41364 -2.0454366 1.2904435 0.91823834 4.6653223 -1.9568003 -4.108989 0.95792085 -2.3095486 0.93955976 -6.09149 1.3496661 -3.8962996 1.6952673 -1.2192011 -2.5608773 -3.286555
featurette 0.8129054 3.525338 1.1534097 -4.94504 -5.923178 -3.11322 7.9058676 6.221842 -0.39462054 -1.7828859 -2.1796632 0.22275877 1.8347466 -4.333512 -1.7523617 -2.9680662 3.1878464 -1.549194 0.11312651 -3.3975093
blockbusters -1.1116887 0.5471301 -1.7860799 -6.8607445 -3.6252317 0.5448727 1.3148828 5.4170218 1.6442592 -0.22130336 -0.30610538 1.2898982 -3.1595156 -2.5601478 -1.8143712 -4.155139 1.4203889 -1.5252203 3.3249135 -3.576791
newscaster -3.2791178 -2.5797548 -1.7574322 0.12945813 0.7399085 -1.7288089 1.5713181 5.0994596 -0.62670475 -4.2709637 -1.7542541 -2.1779993 -2.1227899 -7.8462353 1.6922596 -3.093662 -0.7922231 -4.7635646 0.5306436 0.20647909
arthouse 0.25723696 1.0897815 -2.2565572 -4.837707 -4.5795407 3.5829856 -0.20355444 5.5758142 0.11327145 -1.5885366 -1.1761414 1.6993791 0.30879647 -3.0725784 -2.4598262 -3.311897 -1.5355767 -0.032354403 3.0311828 -0.6888883
pantomimes -1.0949094 2.5353394 -3.3276124 -3.2774262 -2.9175575 4.1986985 2.9066298 5.884707 3.1095052 -5.6377034 0.6103668 -0.6506994 1.7629894 0.28008547 3.5513887 -4.537087 1.6088789 -1.4592053 3.777897 -6.196042
panellist -3.5070145 -1.4686211 -2.4117534 -0.0053925887 -0.5425428 -3.449163 2.897784 7.28192 1.0370656 -3.8916209 -5.360154 -2.2229462 -1.789764 -5.4255986 2.3809228 -1.3628985 1.718171 1.1876268 3.0892894 -3.7072184
telefilm -3.3347135 -0.5264777 -2.6957695 -4.606097 -3.809917 -0.20484838 1.3532352 7.316357 0.9276259 0.4121284 -1.1519592 2.6843529 -2.7907043 -3.2514048 0.09976675 -3.5681045 0.77697223 -3.2429192 -0.90012974 0.433366
melodramas -1.1512638 1.0090218 -0.99994105 -3.0677476 -2.365587 5.0081663 3.1869085 6.139382 4.1233344 -2.1416955 1.190284 0.31409857 0.9718145 -0.95484644 -0.90594923 -2.747717 -0.61825377 -2.2460709 3.7085524 -6.3707705
newsreels 2.1822603 -0.32992503 -2.3794117 -3.5815485 -4.730868 1.0713574 4.824624 4.9343305 3.8051765 -2.4473348 -1.3301075 -0.5067032 -0.4193023 0.499722 -2.3663476 -3.295937 -2.448481 -2.5328763 3.3063004 0.8151564
nollywood -3.0476773 -1.4313693 -2.1084566 -4.5181456 -1.3296492 2.551665 -0.25276446 5.784757 3.8717053 -0.55322224 -0.15739699 2.8708193 -4.3032084 -5.3859286 -1.6574306 -1.93254 -0.05358154 -0.17504993 0.29534414 -0.7209322
flops -1.1912241 1.480058 0.90385985 -5.812502 -3.0811286 -2.4200308 0.49681062 3.8051026 0.3280217 -1.3513315 -0.8565595 0.61379135 -2.394133 -0.5690391 -0.5521657 -1.9660298 2.2711966 -0.77209806 4.2857437 -4.9410233
branagh -5.0438976 -0.41697496 1.9343791 -1.2315818 -1.8685865 -0.24982846 2.611176 8.216091 0.5683862 -1.6756676 0.4082766 0.2825323 2.4071293 -2.0777762 0.38223478 -0.57823 1.3563277 -4.459901 0.6821313 -2.2621064
dramedy -2.6108842 0.59229743 -1.5161204 -3.192305 -1.284189 0.54967105 4.091916 5.653429 0.7119468 -1.054939 -0.05551488 -0.021681232 -0.2523626 -7.4541955 -2.1030576 -1.5265408 1.1275897 -2.181692 1.1928083 -4.332913
telefilms -3.184039 -2.7097063 -1.9526246 -6.087555 -3.746269 1.320293 2.6832426 6.326162 0.6729823 0.045190666 -2.3671706 1.4222602 -4.0518374 -2.110824 0.2959801 -6.5796337 1.5833361 -3.834038 3.019233 -2.4538212
gameshow 0.94289863 -1.9732786 -2.9462783 -4.8151245 -1.3830916 -2.7495303 1.6560364 6.103166 -0.56513166 -1.8263086 -1.406233 0.5941005 -1.7193856 -4.5891848 0.66075784 -1.5344791 2.63401 -0.40626726 0.3239164 -1.973488
farces -0.78667486 -0.28127328 0.31642687 -1.8919398 -2.3700097 3.835241 3.3053517 5.7742796 3.0923185 -3.5386457 -0.3068012 -0.82572156 1.2982018 1.9401127 1.195429 -3.5466378 -0.569024 -2.4504988 2.650432 -7.2423286
dramatisation -3.429608 -1.3588892 -0.9755683 -0.91550267 -3.204385 0.5127515 3.613508 4.97413 1.6220589 -2.318569 -2.5376122 -0.40886447 2.779957 -1.2764767 -2.872472 -1.4762926 -0.0003221161 -3.2714772 -0.14109214 -3.8812466
starrer -6.473246 -2.283419 0.9720871 -5.7107205 -1.8824393 2.219776 1.3164047 6.611378 -0.6244549 1.8188095 -1.2201582 -0.0462834 -2.3197503 -2.1297789 -1.3499194 -6.046845 4.0167007 -0.92628425 2.6385753 -2.4135423
scriptwriting -1.440099 -1.024917 0.6836167 -1.8334237 -2.7598662 2.8922036 -0.4045746 5.158263 2.2169647 -4.071473 -1.2391078 0.787158 0.41554007 -2.366223 1.1263239 0.32454976 1.6985272 -3.9631658 3.208662 1.5915658
scriptwriters -1.7401009 -1.6196027 1.0950841 -2.954095 -1.2089651 1.464642 2.8959818 4.610129 1.9188749 -4.0436482 -1.1945182 0.2282821 -2.2155533 -1.0207398 1.4472636 1.0554816 0.2720389 -1.940513 1.7741702 -1.0644103