Centroid_183 5.082103580131316 -2.9978932749646474 4.177155676282827 -2.7209436302010084 -3.5974830296969675 -2.272990235893938 3.713614189904039 0.3427982234222222 -4.227224030964647 -0.1716760330707071 -3.5697285608080795 7.479098245454546 -2.450271252914142 0.4733819592272727 1.5055057096262632 1.4568654889005048 -0.8937801781262621 -0.8066918369545457 4.767234750606063 1.4630844783282826
model 2.4957452 -1.9394255 4.4316783 -3.3127797 -2.5981722 0.9468752 0.8538422 0.7908468 -0.017938672 0.41650483 -0.40866828 9.014508 -0.25551984 -0.53392667 3.2011623 3.310784 -0.50930214 -4.3928494 5.835924 -0.23221375
data 8.084205 0.9007922 5.2330675 -0.9095404 -7.4147778 -3.778121 7.5708575 -6.821973 -0.04694592 1.3266755 -4.4677753 12.552703 -9.686684 -1.4813254 -2.218437 1.7083428 1.5412848 -3.6738915 3.0721793 5.0739083
computer 4.72764 -2.256715 2.9535406 -3.3277755 -4.2676 -0.8107219 5.4140935 0.705621 -4.128066 -5.4680805 -3.1501412 9.985706 -0.45050886 -4.729694 3.2795033 6.443659 0.61052847 -4.4678793 4.7741365 5.681232
software 7.5257535 -1.3713725 5.248776 -6.0545006 -7.3572183 -2.9024467 4.1573825 2.1616387 -6.026113 -2.7706182 -4.042654 13.662291 -4.9732676 -2.4638777 3.115569 5.815049 -4.949257 -3.254687 5.1205316 5.9653807
product 3.1464555 2.209426 5.007089 -5.5096955 -4.324157 -1.7469492 -2.2445657 -0.5507945 -2.073873 1.7526771 -0.8277728 10.062945 -3.9615295 -0.11782284 1.7915951 1.6120095 -3.2326822 0.8672005 6.701224 1.3585186
models 4.9599466 -0.4287609 5.1544175 -5.4390492 -4.5264196 0.2846825 3.398289 -0.28294843 1.7639775 1.9195253 -1.2398866 8.484009 0.3702347 0.7619318 4.2596383 1.8020834 -1.8881636 -4.705314 9.923982 -2.2128458
applications 4.9979305 1.5929644 5.7201076 -1.7185472 -6.9697056 0.22761379 3.7282803 -3.2204123 -1.4243681 1.3695884 -5.5110583 10.293121 -4.0273385 -0.3568907 3.5313594 2.9628747 -3.075217 -1.5661924 8.329538 5.6216564
device 1.4887034 0.15662786 7.0382385 -2.9839876 -2.751427 -4.862332 12.328252 0.52721524 -6.1068277 2.083132 -1.204152 7.497968 -0.8885251 1.4740062 0.3150886 2.1204 0.5139364 -0.19883251 8.064865 5.348921
devices 4.295923 0.8241919 4.7062473 -3.9371727 -4.6600857 -3.2464082 10.632578 -1.4351486 -4.3181386 1.0503943 -3.7061887 7.5786986 -2.6716416 -0.22150686 1.7015778 0.37472606 -3.2181625 -0.08963764 11.525101 6.3126926
components 7.20263 0.8577371 5.8919373 -0.645888 -4.6001806 0.29447505 4.5646353 -4.322214 -1.8877996 5.6439586 -3.7118638 5.909396 -0.76961213 2.1349416 4.314592 -0.3698957 -2.6361022 -0.96237034 10.039862 1.3675122
user 6.1015773 -1.8863661 6.0045323 -4.945985 -3.8043146 -3.678732 8.549086 0.037015688 -6.5997043 -2.7019508 -4.71226 8.7119255 -9.078132 0.2045597 0.11612063 4.725068 2.2966573 3.0124674 5.8946767 2.8489618
tools 5.9248567 3.2831795 3.2078652 -3.1960475 -5.0673456 3.488781 8.410529 -3.8786058 -2.1020992 -2.1147823 -0.5176928 8.810436 -0.5925454 1.8514557 2.3673203 6.1530566 -5.0428166 -0.7340018 7.89839 2.4188607
mode 9.058108 -4.1342864 5.5114994 -4.5722904 -1.1118555 -2.2491322 5.9316483 2.910219 -4.041722 1.7546179 -1.5204564 5.402844 -2.0571265 -2.5409064 -0.73507786 3.1443899 4.3152966 1.0226661 9.46236 -0.05426627
operator 0.3004133 -3.818812 1.2462888 -0.43262723 -1.2040886 -4.1861534 0.22950375 -1.1901691 -7.7293653 -0.1650216 -1.5734568 7.065293 -2.8689287 1.4132004 1.58356 1.014496 -0.36621115 -3.6012926 4.879306 3.7505474
tool 3.0601976 0.65383846 5.0712457 -1.0170128 -2.8692236 1.8642889 6.688462 0.296324 -2.3493106 -0.8539078 -1.1841687 8.381234 -2.2187755 -0.47154576 0.68116874 6.3232937 -3.9914067 -0.22907628 7.0710406 4.0527186
virtual 9.672278 -2.7070787 0.053441294 -4.7099423 -4.2422767 0.4104191 4.769963 1.2499175 -5.204347 -3.127705 -2.6047585 6.6074495 -2.303283 -3.169305 -1.9236337 5.0235953 0.77087957 0.80568445 3.2230415 4.5880685
computers 5.6498313 -0.8936393 3.155418 -5.5002685 -4.79868 -1.5098474 5.9068947 -0.7219175 -3.261195 -6.2221317 -1.9012376 9.806019 -4.404859 0.09892347 3.2351067 2.9042358 -1.4986364 -4.053027 7.370954 3.5429127
hardware 5.405983 -0.47484055 3.7307887 -4.932372 -5.4327507 -3.2026072 4.203575 0.15116304 -7.0054355 -1.0546471 -2.8306797 8.919384 -2.5084832 1.7162642 3.1340036 3.6140387 -3.918876 -2.5192795 8.543628 1.3102303
input 3.2502563 -3.0973682 8.936927 -0.5973181 -2.3016634 -2.659578 3.0529602 -1.8152056 -4.2797055 -0.9234756 -5.5957065 7.6736116 -5.5784626 -0.9364573 -0.2441766 2.4567616 2.362725 1.0596606 8.011942 0.41046643
interface 7.1789675 -3.9463308 6.674219 -3.1040697 -5.0579777 -0.9880971 6.87232 1.0128257 -8.638465 1.6009473 -6.326224 10.8939295 -2.082026 -2.010632 0.30326894 2.6591794 -1.4289235 0.94165003 7.45555 2.8825376
operators 4.3905444 -3.0994444 -1.4973533 -0.10354498 -1.6134776 -3.5845902 1.6821246 -3.0138397 -4.192786 0.40079618 -1.7814515 6.5757957 -6.547664 2.3611495 2.6311865 1.7733123 -1.193928 -3.250824 7.922085 3.0367475
graphics 5.877087 -0.29892242 4.7557206 -5.0063066 -6.9242597 -2.2939274 4.7535796 7.739017 -2.6925955 -0.6939792 -4.1709156 11.424416 2.585114 -3.6806557 0.8095687 4.8517637 -0.7584653 -1.0627936 9.455378 -1.7086776
protocol 5.946135 -3.7387464 5.159352 0.15493096 -3.8521686 -3.9681618 4.387904 2.264261 -3.8795333 5.197241 -4.854556 7.0106454 -6.5616436 2.9923143 -0.014741718 0.57450086 -0.9561383 2.9850202 0.8283572 9.765754
server 8.72632 -4.310037 4.189256 -4.974664 -4.7739563 -5.347725 7.614766 0.31403172 -11.371968 -0.34297314 -4.8928614 8.940775 -8.611921 0.9011383 1.2675505 1.2477498 0.2998551 0.7366172 1.7102089 4.4092035
modes 10.036775 -2.4797935 4.6092057 -1.7514089 -3.0092854 0.48825815 5.709767 0.9066602 -0.5969085 2.404186 -4.3018117 4.8630285 -2.7104037 -2.0582948 1.1211344 0.26612893 2.519322 0.8378536 10.37066 -1.0620195
module 7.3350396 -3.3858445 5.3857565 -2.085416 -4.4251366 -3.504959 7.4149327 -0.8216993 -6.519103 2.5737844 -2.8744054 6.482468 1.9261024 2.7202778 2.6704342 0.9060655 5.9373693 -2.8306897 3.5658545 5.6007185
specification 3.5917716 -4.031291 5.1236463 0.45123494 -5.338173 -5.1761236 2.7631187 1.261078 -1.258321 4.2735047 -4.61165 12.05549 -0.74504507 6.4799013 3.2398674 0.62374383 -0.62384665 -2.468533 5.9625735 2.937138
controller -0.31807652 -5.1139936 2.1678412 -0.25705028 -1.5612953 -6.1508355 4.8518844 4.4216213 -8.116756 1.2296259 -4.2389927 5.0236254 -1.6638417 0.5023699 2.0687265 2.4355018 0.13854612 -2.580343 6.9905415 2.9522111
android 7.1339726 -3.1098948 1.719083 -10.102113 -4.03216 -8.99034 7.167105 2.8519716 -7.7068124 1.1738927 -1.0818135 6.835937 -1.9850385 -1.6846124 -1.0724669 1.3226782 -0.95623976 0.6836797 1.997042 3.5324953
compatible 5.9971094 -6.1134853 3.613384 -4.1021185 -2.8605962 -2.79575 1.0374572 -2.2018049 -2.5998282 -0.5669507 -6.47557 6.5232506 -0.139665 0.9686666 -1.2617159 4.9282546 -2.4060488 3.9273064 5.7192388 1.4163187
automated 3.4862976 -1.3710108 1.3161098 -1.4846733 -5.972381 -2.4811776 4.612061 -3.8051949 -6.1204453 -3.0640974 -5.129084 5.7999396 -0.92509896 2.0423603 -1.6620748 2.6928704 -1.4592378 -2.3362513 7.566773 5.2463665
specifications 3.3194053 -1.6132365 2.3214622 -1.6890236 -6.4648886 -4.5264463 2.7333703 0.27987665 -0.82419264 3.667727 -3.4490209 10.399935 -0.14074384 7.0280848 3.3165247 1.6293163 0.79251224 -2.99689 6.723266 2.2273567
simulation 7.646848 -1.500913 4.701796 -4.1644382 -5.711473 1.5919958 3.7153106 0.80077034 -2.6521592 0.93916637 -2.6481745 5.386228 0.78554183 -4.996422 0.16336381 7.7002554 3.7914941 -5.3825946 6.287046 3.8356836
extensions 6.668684 0.81840855 4.335826 4.1317573 -4.535283 -1.7086917 1.0022453 -1.1343994 -4.615631 -0.3214409 -3.3309052 5.4815636 -1.4321004 4.516673 1.0881959 -0.6829262 -1.1330492 -0.880288 5.1463695 -2.4797015
modules 9.366512 -1.7419684 5.586613 -1.999888 -5.117015 -1.0974116 6.1337953 -2.631117 -4.0994306 1.2241999 -4.620393 7.8713455 -0.72140485 2.5568256 6.1174765 -0.81040186 2.0869498 -1.5163627 6.4609876 2.205843
processor 5.1619973 -5.2572165 7.1462646 -5.8026958 -4.302277 -4.6603007 3.8011658 -0.77794725 -8.808579 0.5540444 -5.1254687 11.050247 -3.0668125 1.0456185 2.694436 -1.1636837 -0.4039286 -0.8871447 6.626898 2.2950335
functionality 8.261591 -0.15868947 7.758146 -3.7560494 -5.467478 -1.4370302 5.970559 1.0100198 -5.934786 1.6535977 -4.081371 9.334639 -6.1192694 0.7569924 2.1579885 1.9828217 -0.81732094 0.9678756 8.393982 1.6586761
realtime 8.346961 -3.4051118 2.6065927 -4.800171 -5.9981737 -1.679551 5.342569 0.96966606 -3.709211 -0.7812865 -4.7761183 6.3294654 -3.0143878 -4.3704705 -3.1096811 4.571581 2.3351016 -2.7857938 7.2563 4.400962
iso 2.1606889 -4.266466 1.6530677 -1.2434424 -4.8162117 -2.5310223 -0.0640897 -0.7571522 1.0240191 5.143217 -6.599369 13.299246 -2.0374546 2.6533344 4.9677124 -2.1700287 0.360501 2.0534732 3.293642 6.575305
intel 5.6262465 -3.725163 4.7753544 -5.162842 -4.2019453 -6.207019 -1.3506593 3.1066108 -6.9682603 0.16700576 -1.91692 9.093619 -2.2771826 -1.5953273 3.9601598 1.6908879 -3.1336176 -4.549393 2.2303553 4.6719556
proprietary 2.9897494 -1.760686 1.9524084 -2.8290415 -4.044423 -3.04025 0.6921975 -1.8089269 -5.0434012 -0.046841327 -3.0158782 10.090878 -1.4609736 1.5941186 1.2973613 4.1585245 -5.9891815 0.20075266 2.8434117 2.3616655
protocols 6.449509 -2.7931266 5.5752335 0.9308648 -3.8123407 -0.40753868 7.8553953 0.13251022 -1.8231972 1.7236549 -5.6169567 6.360939 -6.7183156 1.992366 1.1413101 0.34193897 -3.900332 1.7282835 2.5838387 6.740523
desktop 8.425404 -2.6841536 3.7937245 -6.68698 -6.350213 -2.7228284 4.2131896 2.2862751 -7.749774 -1.9839193 -4.4346285 10.801773 -2.5552833 -0.85190004 0.8549893 1.8156272 -3.3958366 0.46248946 5.2957983 2.0155237
processors 6.417188 -4.454978 5.5019064 -5.3557076 -4.086282 -3.3584795 2.1206026 -1.9414601 -6.179098 0.44061854 -4.445511 10.258351 -4.4393606 0.94570017 2.938931 -1.3017431 -2.9166276 -1.8337132 7.8319306 -0.09781435
databases 8.460045 0.2595446 2.7848327 -1.6768823 -7.9224176 0.15247191 6.9366026 -4.932626 -0.24555787 -0.8526901 -6.7093744 10.121507 -7.006243 -1.2732733 2.5803769 1.2187599 -3.4147072 -2.1125891 -0.77213836 3.3247426
encoding 6.2182546 -6.738305 10.056345 -1.8129109 -3.1336007 -2.34546 5.9472504 -3.0418174 -2.0213463 0.10813962 -8.879201 7.312188 -4.2096176 -1.5105531 0.34566396 -0.27971652 -1.0384405 1.2403471 4.1433144 -0.2985561
browser 8.997145 -2.4661095 3.6165323 -6.546707 -5.7450347 -4.8264236 7.9070277 3.0478199 -7.7214203 0.45260742 -3.3019733 8.99286 -4.4140844 -0.2238665 -1.0118523 2.038132 -1.4322925 1.0717914 1.949743 1.8483528
modular 7.7144055 -3.2770228 4.963024 -0.3317565 -3.5194747 0.70028824 1.4816556 -2.6668742 -5.7173553 -0.6274005 -3.4028993 6.426794 4.131945 2.7525966 3.9530873 3.6930645 -1.9993778 -1.7760085 7.3370094 0.817574
coding 5.8705745 -4.0542526 7.5772543 -0.48347837 -3.3846805 -1.2571268 2.6078393 -3.2436466 -1.7462339 -1.2336824 -7.5516624 7.2837143 -2.8283603 -4.5444865 1.1442571 1.8513601 -0.5450193 -0.5276716 4.709122 1.315351
interfaces 7.1057906 -4.2797513 6.383032 -2.4062505 -4.3195176 1.8380427 6.1443644 -0.6669771 -6.2613 0.935188 -6.3095202 9.045443 -3.1241496 -1.2964481 2.5506012 1.2363448 -2.1997926 0.20244128 7.174304 3.247323
io 4.9273653 -4.9166346 4.7753553 -4.333085 -2.6479905 -2.0564544 4.820817 -0.5424303 -5.6209126 0.856036 -3.1052969 4.637766 -0.34241313 -1.227728 -0.49281472 -1.4388957 2.5169384 -1.6953973 0.7201294 1.8553731
graphical 7.594419 -3.78251 5.0333357 -3.2776625 -5.8185863 0.42145094 3.511886 3.5221848 -2.7126467 0.29897285 -5.694761 8.695474 1.1893128 -1.0892044 -0.3680427 5.165204 -0.87058914 0.174341 5.0566745 -1.9244186
controllers 4.204428 -4.407174 1.238047 -1.7562662 -1.2961271 -4.8710175 6.9530306 1.2565072 -6.2999735 0.46949163 -3.6857135 2.5786374 -2.7689712 -0.14009191 1.8187289 1.7846483 0.30355212 -1.5459597 10.278808 3.7308726
compatibility 5.888826 -3.8447042 5.8240547 -3.08468 -3.4475794 -2.5913239 2.3860343 1.1830766 -2.7793274 2.4913135 -5.102165 7.630365 -4.3270926 0.4774502 -0.34540904 4.133647 -0.15649255 1.9175782 7.2665796 0.47342426
configurations 7.5278783 -1.3275257 4.7251964 -1.8272102 -3.5837612 -1.5108545 4.33234 -3.0630052 -1.9171281 3.1439838 -3.682921 5.482266 0.39580783 2.1038728 4.737231 -0.7706351 0.28640714 -1.6364957 10.154233 -2.564405
micro 2.966588 -2.4073844 0.43158215 -4.8247914 -4.0484147 -2.0089343 -0.08458254 -0.86877143 -3.4938145 1.0729281 -3.772123 7.2634645 1.0040238 -3.6757197 0.72458726 0.8609616 -3.0450246 -2.2889755 5.811918 2.3868074
implementations 7.592636 -4.3123837 6.4829493 -2.3359754 -5.82422 -1.1810527 4.32871 -0.36807424 -2.0909529 0.8366168 -7.227407 9.537121 -5.598428 2.3153095 1.874367 0.8409074 -2.7687156 -0.7321133 6.416757 -0.03438747
programmer -0.021533614 -3.8790028 5.8195376 -4.250162 -0.79864824 -1.4302601 3.3587754 5.0712295 -3.8145344 -4.5388384 -1.5331502 6.359509 0.16162753 -4.6686745 4.02467 5.3115497 -2.440014 -4.1436424 2.546169 2.8331711
compiler 3.1640577 -6.2199116 8.190084 -1.6407266 -3.701446 -1.0755006 4.012151 0.69226944 -1.8077658 -3.2753088 -3.890242 11.410051 -1.5514053 3.8532364 1.2505109 1.0482744 -1.6267047 -3.1810334 0.83139014 0.46178535
encryption 4.6817408 -5.5875635 6.833799 -2.4331918 -3.6040206 -4.9142175 8.067967 0.91229504 -6.594105 2.077433 -5.7393665 7.971778 -6.219737 1.9132557 -0.104854465 4.4623737 -3.214973 0.023277868 4.074901 3.2301083
macintosh 3.7124271 -2.3127384 3.5315719 -5.6083007 -4.6900206 -6.351521 0.719269 4.555247 -4.423047 -3.237092 -1.3327911 9.405893 1.7549217 0.6635161 2.2553854 2.428193 -3.9066389 -3.2770426 1.8578138 -1.123378
plugin 7.6481624 -3.5522816 2.0034313 -8.1979 -5.037151 -6.9919395 -1.6592013 -0.67439944 -4.104102 1.1871542 -1.4874673 11.652556 -3.2137623 0.06739727 1.2253351 0.34761503 -1.6488374 -2.3909376 6.0663443 1.9245647
template 6.9546266 -1.0214425 6.801863 -0.83967346 -1.8439274 -1.132525 4.87684 0.8488696 -1.7296286 -1.8927673 -0.4479114 7.2310123 -0.18300052 1.0810171 0.48775426 1.9380503 -1.6772047 0.8805775 2.8937466 -0.7245768
programmers 5.171994 -3.2953308 3.4493964 -4.3527565 -1.2503948 -1.0002638 3.7979574 2.4848685 -1.03079 -7.2189255 -1.8579097 6.0255437 -4.673408 -1.3196126 3.6362379 5.173183 -2.1905723 -1.5977936 5.9901247 1.0439961
pcs 4.467144 -2.8544018 1.110016 -3.0707355 -2.3674967 -4.4710045 1.6808679 1.1800677 -3.611737 -1.122472 -2.8284755 5.6124024 -3.9129553 0.46853125 2.0942347 -0.0845421 -2.2312448 -0.83638567 4.785401 0.3228114
outputs 3.7317796 -2.6713943 6.8631964 -2.152777 -3.852651 -1.3349324 1.4326241 -2.902923 -2.486794 1.9391766 -5.595241 7.162877 -5.0283575 -0.6857556 0.81245685 -0.62525153 1.1092726 -0.94553375 8.135436 -0.256429
metadata 7.367922 -1.1340925 4.840165 -1.7502844 -6.9478498 -1.7338208 7.5570297 -1.7342286 -3.0742562 -0.33608222 -6.0916495 12.399701 -5.907527 1.345078 -0.042590156 1.4023783 -1.8398658 2.2275653 0.29769018 2.6274588
configured 4.4484825 -5.829965 -0.38081565 -2.6706865 -2.7749243 -3.9398909 3.6417058 -5.20465 -7.1036463 0.41033044 -7.897503 2.0642936 -0.2633664 2.4494503 1.9106026 2.3514683 0.20998465 1.6157457 6.8444715 1.0047452
ethernet 5.103412 -7.1582966 2.417132 -3.2100074 -2.8401895 -3.1607978 2.6573358 -1.0675933 -11.005236 2.336859 -5.497799 10.340445 -4.8243814 -1.0860838 1.0150802 -1.7993382 -1.9842762 -0.59430856 8.440107 2.175933
authentication 3.8876705 -4.1092315 5.5868745 -2.6144092 -4.676623 -2.1843064 6.8764324 0.47857478 -6.093929 2.8224325 -7.23583 8.171502 -7.4904428 2.8839793 2.0307624 4.7498107 -1.7099849 3.265177 0.18137105 4.7093887
fonts 5.8371572 -2.4533067 3.108068 -1.0605644 -4.2571354 -1.2996395 5.698285 1.9999578 0.016814189 -0.42605883 -4.5799685 11.330579 1.3581764 6.3347273 3.3435352 -1.6454608 -4.7036037 3.9915617 3.3556077 -4.5411386
customized 4.2189236 -2.3391676 -1.207613 -6.3086934 -3.136554 -1.0196201 3.453391 -2.0491574 -4.4743896 -3.2918885 -4.23425 5.7770166 0.11997725 -0.21824317 3.385979 4.897213 -1.4443218 1.8934624 5.99996 0.93085647
electronically 3.715029 0.055534657 4.8161764 -0.6404105 -1.6664071 -6.252956 5.912964 -0.76022154 -1.8260462 -1.7680585 -0.5629204 7.9688935 -3.7897997 1.2127526 1.6842338 -1.4761317 -0.039716072 -0.3223132 6.261438 4.5351677
optimized 3.3560996 -4.338352 3.9908907 -4.282141 -4.159252 -0.6329388 1.7443813 -5.1133595 -3.8807564 1.093312 -5.98144 5.838721 0.91577965 -0.7642602 -0.70318 2.802 0.46819344 -1.0041468 8.419232 2.0439284
byte 5.4525776 -4.531674 4.9919724 -2.018931 -3.3050785 -9.450924 4.400305 -0.71143705 -3.155643 -0.30223486 -5.2012506 9.577129 -4.366777 1.4563825 0.5715054 -1.0216924 4.4686303 0.121213265 2.189292 -3.0045044
runtime 6.3286924 -4.760985 6.6427283 -4.843711 -5.769757 -1.8812083 5.401046 -0.5054365 -4.614672 -1.4839784 -5.936041 8.333995 -5.9164114 1.4831642 -0.9989793 0.29498848 3.2789884 -1.7360862 3.8536122 -0.5723431
architectures 8.209676 -3.785481 4.970255 -0.13414799 -4.2311125 4.0494847 3.0826783 0.5835897 -3.671965 1.3412755 -3.8528538 8.16542 -1.3005794 0.8541685 2.3132496 1.0226961 -1.8112036 -1.9765772 4.992827 0.12539613
enhancements 6.092718 2.5218754 3.3728757 -1.7168735 -6.922482 -2.0277462 4.3606105 3.014876 -2.187669 2.2560444 -3.2932131 4.3625317 -2.331303 1.3879781 2.5342171 1.8638812 -0.95950526 -3.0317256 7.137662 0.2363341
firmware 7.7389207 -2.9882593 6.1027126 -5.7159414 -5.540916 -8.411212 5.947373 3.3765957 -6.5279546 1.8709577 -3.867779 7.5695868 -4.970985 3.7623591 1.3598206 -0.3702232 -2.3043904 0.27713025 5.0838 2.3491645
synchronization 5.5274134 -3.5649326 6.7117805 -1.9677204 -3.4313052 -1.7088379 5.0484037 0.0043254276 -3.512808 -0.8676962 -5.1295023 4.2173514 -3.6029046 -0.7541175 -1.334341 1.8119674 3.2097003 0.041227456 7.824965 3.201377
browsers 8.248456 -2.3621755 1.9641514 -4.758124 -4.492264 -2.7559144 8.715723 1.4555345 -3.4136088 1.4214464 -2.8278098 8.338933 -5.790484 0.9930527 -0.6181644 0.9719072 -3.9839132 0.99026036 3.4887297 -0.71965814
adapter 3.822862 -4.2479396 3.837193 -4.416564 -1.6051579 -6.556324 6.448581 0.80279803 -7.8091598 2.420139 -3.4728403 6.6847916 0.013241165 0.16356574 3.9534085 -1.9422653 -0.062198833 0.71575993 8.342677 3.05927
macro 3.5053873 -4.047035 4.2655582 -2.3385897 -3.0836563 2.0334127 2.2977362 -1.0347916 -1.6786946 2.1683495 -3.526796 7.2594914 -0.90452445 -0.9794463 0.17192723 2.834641 -0.48081985 -1.8126388 2.3841147 1.1516533
computerized 3.187311 -0.9091246 1.444296 -0.6516119 -4.687382 -1.5954792 4.2803617 -1.9001583 -2.1185048 -3.2179596 -4.792934 5.2612553 0.015222635 -0.42354724 0.6613843 3.6999636 -0.27190298 -1.7302041 4.1286283 4.1429205
scripting 3.780773 -8.175248 3.8215163 -4.244234 -2.97211 1.5031132 6.1049533 4.232205 -2.678349 -3.888351 -4.4182396 7.527514 -1.6944963 -0.46928388 -0.5861757 2.6037445 -2.594258 -3.412279 4.1515102 -0.46682385
calculator 1.127222 -2.020134 5.3408837 -3.8189075 -3.6485517 -3.1944213 3.147694 -0.12112023 -1.2767975 -2.711113 -2.5925062 8.837894 0.04412679 1.3789947 3.3120706 2.947976 1.0331732 -3.0675654 3.802534 1.669111
modem 2.9743483 -6.263842 3.7248154 -1.9286507 -1.0982374 -4.9630537 3.308441 1.2345583 -6.6506 -2.0102103 -3.4559565 7.21011 -4.8081236 0.31121907 0.49603885 -1.292957 -1.189 -1.2729015 5.2854204 2.0637116
dynamically 8.757249 -2.822309 6.0208645 -0.5079251 -1.1552451 -1.5683204 4.8363147 -1.7514457 -4.3801894 -0.28523964 -0.09571636 7.6111455 -4.4551706 0.6091725 -0.6872299 1.6908838 2.6965418 -0.68807316 6.1168485 1.2237632
microprocessor 5.066044 -4.0955753 6.661491 -3.4897327 -3.6213348 -3.1534696 1.4254439 1.8793932 -4.9879274 -0.15772551 -1.6570188 9.518764 -0.5638548 0.36072358 3.360982 -0.47322595 -1.6101537 -4.689728 6.225107 3.1178527
macos 8.947725 -1.92061 2.2652404 -5.2073307 -5.5535355 -6.527998 3.9659383 2.5289614 -7.8848486 1.959553 -2.7011762 6.7565 -1.5636373 -1.3741004 -0.43241134 0.1785702 -4.150723 -0.34765393 -0.21807528 0.4634998
plugins 8.968661 -2.0817373 5.0756273 -5.4368315 -5.374759 -2.7279494 5.774482 2.8891423 -5.228226 -1.0117747 -4.083665 9.424354 -4.195643 -0.050594162 2.4457245 -1.0320213 -3.6514685 1.2208062 4.6744857 1.7227266
cpus 6.818636 -4.6468673 6.2050347 -4.6878853 -3.7830873 -3.2468069 1.806283 -0.16905206 -5.475266 0.84128886 -3.6043031 7.3204007 -4.7665663 2.6588485 3.0716317 -2.1654382 -0.3774292 -2.8368804 8.123403 -1.3890945
decoding 2.2358496 -4.5823193 7.277916 -1.1922909 -3.1327078 -1.9074669 5.506424 -0.26608825 -2.399339 -2.073583 -6.2012324 5.5380883 -2.2496624 -0.78101623 -0.7605023 1.594619 1.5384544 -1.122168 4.339 2.0019906
cryptographic 4.0850353 -5.204516 4.9527984 -1.0240878 -3.6255834 -1.0262194 6.870392 -1.0730896 -3.7071013 0.7425084 -5.0888906 6.532882 -2.9276636 4.1192026 1.7475502 6.0140266 -3.602303 -1.2862917 1.8445858 2.360192
templates 6.886739 -1.6500369 5.814617 -2.837818 -4.0540633 -0.0894042 5.613116 -1.0639926 -1.2658662 -1.7594713 -3.6205003 8.081343 -1.191551 2.735944 2.8436308 2.7416048 -2.4499028 1.1404623 3.3147478 0.11209242
mainframe 6.344028 -3.419614 2.8210797 -3.0533297 -2.7731497 -2.4758387 2.4402845 0.09504765 -4.801462 -4.101134 -0.7765213 5.1419044 -1.7182956 -0.58827394 1.4096886 1.9898933 -2.2630014 -5.266734 3.4303825 2.6056492
programmable 4.4727764 -3.9385972 5.523292 -3.160488 -3.735057 -1.5250374 4.0562205 0.2534547 -5.5666013 -1.0484918 -4.7906604 6.772183 2.8385243 -0.02030898 2.3715436 1.6104183 -1.0905218 -0.80964905 7.197513 2.922731
subsystem 6.7918315 -4.576977 5.735184 0.14645281 -2.9657087 -1.1572033 4.506111 -0.53568685 -5.4295397 2.9608707 -3.7304187 6.215992 -2.1253314 0.09649151 1.2024245 1.0624639 1.8599136 -2.6187053 4.948685 3.8356502
router 4.787545 -4.558948 2.6211464 -2.0867722 -1.0253459 -4.5840282 4.973565 -1.0868567 -10.22711 0.29123896 -2.9036407 8.089039 -6.5671916 -0.5481884 0.067530945 -0.11102866 1.4949218 1.1085895 4.4862113 1.7194581
toolkit 5.525948 -2.2872899 4.988381 -2.4180276 -4.5940633 0.6299685 3.849492 2.2443714 -4.8613377 -0.7615441 -3.233809 9.249182 -1.5259626 -1.6169293 1.6957287 2.0724368 -3.0227997 -1.2156783 1.2728971 3.8679314
asynchronous 6.5771847 -6.107465 5.613899 -2.6256223 -2.2145896 -0.75493026 4.1670837 -1.8304102 -4.844276 -1.8331485 -4.475286 5.230775 -3.9212058 -1.3093383 -0.14653729 1.1584481 2.604516 -1.4290113 6.0137405 3.264336
subsystems 7.467173 -3.0642226 4.4427586 -0.12604335 -3.5361106 0.63731956 5.0005813 -1.7878658 -1.8973405 4.1792474 -3.3371148 4.8302703 -2.5349627 1.6234103 3.7772787 -0.2345619 -0.09783037 -3.750724 7.357138 2.5219262
workflow 5.4973783 -1.5899698 6.4114304 -2.9258084 -6.486195 1.0091869 3.7658179 1.2320837 -3.5142365 -1.1582352 -4.9632645 7.2523537 -3.3144832 0.7765726 1.979262 3.960567 -1.3266003 -2.3806312 5.1531014 3.6714427
executable 7.8557444 -4.9077597 6.09566 -2.934455 -4.1127634 -4.6589575 6.938 -0.63998634 -5.850501 -1.4274364 -4.746717 8.5976305 -4.274009 2.7201626 1.1068393 1.7344525 0.398213 0.26421022 1.3999627 1.1479185
routers 6.4367332 -4.033941 1.7208308 -1.7660587 -1.3546726 -3.496339 5.1790404 -1.7107681 -9.070274 -0.04017365 -3.0328658 6.614 -6.690007 -1.0618247 0.605943 -0.45606264 -1.7682205 -0.112840466 6.1096644 1.3958687
customization 5.7462606 -0.911715 1.3242681 -6.0959105 -5.3127704 0.061508793 3.2372258 1.7391074 -3.0872495 -0.37485003 -4.0967374 6.4654493 -2.3451855 -0.48956284 0.8229865 6.518029 0.45327342 1.1138674 7.9158983 -0.66135687
calculators 2.1816325 -2.3891184 4.2915993 -3.4933257 -3.5844033 -1.2242427 2.125067 -0.8449769 1.189136 -3.495694 -3.0040498 9.230344 -0.43835616 2.0740795 4.493627 1.5077397 -0.6859511 -2.7204983 6.5015283 0.7085996
virtualization 6.8326974 -2.8544753 5.277106 -2.9358935 -4.5663567 -0.3524136 2.6860967 2.0205665 -8.512228 1.872896 -3.9339526 8.402825 -4.389011 -1.7664653 2.2329915 2.9929056 -1.9764277 -0.626862 4.6734443 3.6621876
firewall 3.5757318 -2.2361739 1.3450991 -2.1304626 -2.4303534 -3.6447551 6.2789946 2.0786421 -8.064159 3.2963681 -1.5454886 5.128951 -4.005752 1.041791 -1.8032151 2.3436575 -1.9806181 0.30451557 4.232443 1.9895693
workstation 4.8933854 -1.73749 4.0639663 -3.4371212 -3.7421892 -2.3289769 1.949152 2.8340752 -5.751843 -2.2128296 -1.6820971 7.6469054 0.4530314 -0.6108318 3.0848398 0.0005875223 -0.81404567 -1.9442574 5.2458577 3.1296742
workstations 6.259399 -1.1340936 1.9151869 -3.2859867 -4.582165 -1.8511815 2.5580645 0.35565957 -5.602217 -3.35346 -2.7988143 7.6356354 -0.49984044 -0.8443428 3.8990555 -0.58598053 -1.5147954 -2.5660648 5.551649 1.9528302
scalable 4.688633 -2.7841818 4.0456524 -2.991967 -4.620765 1.5109239 0.84455943 -1.3491673 -5.361874 1.2000301 -4.1788363 7.6072884 -1.6800716 -0.9576316 -0.132349 4.0779295 -1.7710878 -1.4345062 6.7543044 2.1436608
motherboard 4.463872 -2.2821965 4.721401 -3.3340626 -3.4995904 -6.8572598 3.2790604 2.7115726 -6.856865 1.2797437 -3.0034628 6.9397454 -2.1643813 2.4329507 3.2018669 -0.94738823 -1.4327794 -0.4153735 6.3675704 0.033339363
peripherals 4.4961643 -2.2025006 2.6521425 -4.86902 -3.5452714 -3.4405634 3.8805115 1.1423007 -5.0383115 -1.4448016 -3.0029745 6.974264 -2.8300319 0.26669282 4.1065574 -0.14080735 -3.5005262 -1.940204 7.1416945 0.41963026
natively 5.4369326 -6.1709247 0.44324595 -2.546946 1.4892147 -1.5162582 2.1040852 -1.9652516 -1.4757546 0.28398964 -0.6541401 8.304915 -4.791108 -0.3762036 1.4146152 -2.5888577 -1.3409585 1.5905404 3.1648371 0.7829269
emulator 5.8734927 -3.7322261 4.7765617 -4.3316402 -2.8808134 -4.4031634 3.8360207 4.112523 -6.3915725 -0.7789875 -1.1282339 8.076529 0.012242513 0.15390816 1.9924915 0.20393458 -1.3711365 -1.8872167 3.375571 0.9558888
portability 2.5896525 -1.1568817 1.8762503 -1.8215997 -4.1259828 -1.8965595 0.8331257 0.32937002 -1.0390425 1.7189183 -3.9583972 7.6184072 -5.2700276 1.9415091 0.6021784 2.4478471 -0.6855501 0.92368996 7.5093546 1.7841817
decoder 2.5560966 -3.4495943 6.3780656 -2.1357715 -2.253785 -6.1791215 4.380571 2.199667 -5.3591614 -1.4514581 -3.9728518 8.719651 -2.199936 -0.11918132 1.0138901 -0.45866618 2.9926438 0.5752249 3.961113 1.3617624
chipset 4.6529236 -4.200541 4.9980826 -4.5899854 -3.3522863 -6.026178 1.1019427 3.9473834 -6.483909 3.120533 -2.5708852 7.988519 -2.226144 -0.1690116 3.5071337 -1.8541151 -1.9625789 -2.6345382 5.3571253 0.73631746
interconnect 5.673056 -2.152563 1.9142734 -0.008727731 -2.8291717 -0.9065305 -0.016542917 -3.077847 -7.5348415 1.5032282 -4.0150003 5.2031374 -1.8920484 -0.5868404 0.80362254 -0.7648487 -1.8235521 0.018741094 6.987155 1.5262598
powerpc 6.972552 -6.0118523 5.518653 -3.9711618 -3.6332026 -3.982853 -0.6483271 3.2653618 -5.318816 -0.6689105 -1.5979009 8.744034 -0.645107 2.5050235 1.965099 -0.7163076 -3.095044 -3.2732315 3.8530252 0.45751452
adapters 4.325502 -3.0416098 2.6585956 -3.8887334 -1.8780679 -4.253981 5.753912 -0.22993031 -5.705406 0.94160706 -2.9174821 6.4996943 -2.687334 1.7024797 3.007454 -1.3016298 -1.9521912 1.1983942 8.581491 1.8328797
microprocessors 5.147352 -3.648323 5.6518655 -3.4313107 -3.5576258 -2.093709 0.43727013 1.146357 -2.797813 -1.1538552 -1.8712753 8.411041 -1.4224254 1.7448976 3.4310966 -1.1205133 -2.6093733 -4.095071 6.3750696 0.31841826
freeware 6.6146326 -1.4594007 2.5246968 -7.185624 -5.504058 -5.1875634 2.089795 3.9029958 -2.5490873 -0.84175014 -2.6515515 7.346803 -0.09160597 -1.6212084 0.6142487 0.97174066 -2.1678095 0.3250983 0.58128035 1.5911033
frontend 3.8668296 -1.9054316 3.8048675 -1.9494456 -3.5042555 -2.7439375 3.2525349 0.96078837 -6.357568 0.37774843 -2.7596545 6.2476845 -1.3077961 1.4434282 2.3135054 1.0775948 -2.0399654 -2.0160198 5.7551637 -0.11127757
formatting 3.6811025 -3.5251908 4.2444263 -0.63055 -3.94339 -2.1513393 4.8534613 1.0953218 -0.13195603 -2.2213807 -6.1129246 7.7094107 -2.2655928 2.8457997 -0.54714733 1.5319304 -0.95575416 2.4889667 4.5504355 -0.9927453
modems 2.4846065 -4.4696426 3.166884 -2.2659411 -1.7993392 -4.5372314 3.1452456 -0.18593924 -4.455211 -2.090696 -3.126582 7.8458724 -5.559469 0.117113195 0.43935534 -2.5409691 -2.4359426 -1.983205 8.269667 1.6899625
handset 2.5407763 -2.74374 1.395135 -3.4512675 -1.2589438 -6.6762505 4.064362 1.1191837 -4.7209496 0.05133776 -1.6278169 7.15974 -2.9158132 1.2985445 1.7004957 -1.6827018 -1.4890506 1.1535454 5.829751 3.0212831
backend 4.991393 -2.6772852 4.145149 -2.6987243 -4.0230703 -2.7239444 2.4525409 1.0184268 -7.247262 -1.16318 -3.3889074 6.6466947 -4.441029 0.71380323 1.1726625 1.3035033 -1.4552134 -1.4627743 3.273728 1.3192872
debugging 5.233871 -3.1540015 5.6123962 -3.6154077 -4.9588375 -1.164166 6.0443506 0.43254066 -4.9927554 -0.8988157 -4.4429426 5.6566315 -3.3291817 0.40395823 0.6481801 3.8040252 -0.2515296 -2.7203841 4.7287807 2.226627
automate 3.2661133 -2.8901348 3.9813018 -3.8815632 -5.021523 0.87689465 2.8453286 -1.647317 -4.6938114 -3.0429554 -5.0645666 3.246908 -2.626735 1.93883 0.21140477 5.225552 -2.5542953 -1.5514972 5.4957004 4.1140428
customizable 6.5824466 -3.01012 -0.5958239 -6.578885 -4.0718284 -0.8093216 4.241535 0.050317902 -4.379416 -1.0582026 -5.201455 5.186119 -0.46091318 -0.9877833 1.7048712 5.0377064 -0.46642354 2.4804852 6.0210276 -1.6119689
photoshop 4.7033696 0.9502455 4.561106 -5.7763276 -5.338227 -0.59766537 5.1656985 4.2609873 -2.7037692 -3.2188513 -2.6336546 6.447696 2.9435914 -1.6721088 2.6964674 2.5225055 -3.4938617 0.63805324 1.6585445 0.52824587
spreadsheet 3.8576663 -2.689494 4.8958583 -3.8291867 -4.37455 -2.892917 2.9118383 0.40947184 -2.3224072 -2.9711332 -4.2469273 9.425137 -3.3088021 0.77906907 1.3814415 1.6745346 -1.0448849 0.24742442 1.469647 0.47810492
parser 3.109746 -6.6442885 6.757621 -0.15581849 -0.78602654 -1.2984687 3.752048 0.27898076 -3.8082752 -2.3983364 -3.2417588 10.393708 -2.8375676 2.2743752 0.7171612 2.8627293 1.2729921 -0.43755215 2.3051188 -2.4045854
encoder 2.7410324 -3.88822 7.198636 -1.1512219 -2.183182 -6.0232286 2.6863956 0.9033504 -5.007772 0.23529364 -4.0406795 9.227522 -2.6328764 -0.2625702 0.9632047 -1.266813 3.0016062 0.020935781 6.098049 0.9035948
raster 4.316203 -2.260233 4.7004185 -0.4554509 -4.049864 -2.940697 4.5038276 0.18011543 -3.487414 -0.37567937 -4.75249 8.456644 3.2564666 -1.0121821 0.7804029 0.8401303 -0.084692664 0.10366973 3.3267817 0.9906648
middleware 7.2051334 -3.4559426 3.0537994 -3.4758983 -4.480155 -0.07733097 1.9539721 2.801487 -6.375169 0.92956257 -2.8424394 9.314765 -2.374451 -1.3418392 1.6933334 1.8444803 -2.5464444 -0.84778714 3.7413375 3.6348648
multitasking 4.890017 -3.2736921 4.641102 -2.638546 -2.5179398 0.02228109 4.477064 3.2719202 -4.04609 -0.23829061 -3.0065935 4.763948 -5.4043736 -0.16610712 0.54234314 3.5185554 -1.4556022 -0.4681031 6.1675787 0.82981277
assembler 2.8946545 -6.3287735 4.492841 -2.669501 -1.7584246 -2.64649 2.8352115 0.6228397 -3.3985848 -1.9073725 -3.071025 8.658762 -0.54735696 1.2724388 3.322665 0.6152867 -2.344172 -2.9778092 2.2182133 1.1738738
parsing 2.7496839 -5.8453298 6.606336 0.133214 -1.8948846 1.135424 4.2706995 -1.0539775 -2.4943416 -2.0637996 -5.1615934 7.7169075 -2.6881032 1.906486 0.22362958 2.765311 0.4033402 0.12317144 3.0830553 -0.9285585
configure 5.2098193 -5.323972 2.6886632 -3.9841666 -2.43763 -0.7576084 4.07211 -2.324699 -7.0336213 -1.681493 -5.155307 4.5902076 -4.6592274 2.0104558 1.895225 5.0724173 0.2251462 1.6284512 4.589808 2.0894432
extensible 4.6895328 -4.383522 2.968364 -0.27767572 -1.548563 0.27798373 3.616868 -0.71589756 -4.923395 1.1212372 -3.5427308 8.373399 0.58163524 -0.11562058 1.3957026 2.3606427 -2.5172122 1.7428031 4.1243873 0.958145
macros 4.891554 -4.4840827 5.488738 -1.2379476 -2.0921278 -1.5516613 7.141093 0.968635 -3.165844 -2.173982 -3.006963 8.051619 -3.2196121 2.7599308 1.1585807 0.8806187 -1.2240434 0.281762 2.141507 -0.6162625
porting 5.310364 -2.3920608 3.44614 -5.2816777 -4.5347433 -3.0108979 0.025631288 3.0491638 -3.7827454 -0.011977711 -2.3743546 3.866576 -1.5822265 1.1051474 -0.8800393 3.4555674 -3.240495 -1.70476 4.819317 0.8430791
scalability 3.7964346 -1.1181093 5.408173 -2.169409 -5.9169593 0.7566284 0.7294007 0.13981535 -4.0657654 2.3615973 -5.02879 7.1481557 -6.423021 -0.6050442 -0.4868932 3.9257438 2.0278285 -1.8619049 7.319671 1.2929171
installer 3.764926 0.04905034 3.0666032 -3.8268926 -3.6793082 -4.545159 3.839401 1.6945549 -6.296114 -0.6400504 -1.7348118 5.834789 -2.0904565 1.4636769 2.6890311 0.9495852 -1.6038119 0.28534395 2.2541063 2.4671397
lookup 4.636591 -3.9335039 4.525873 -2.5939844 -3.7988398 -3.651129 4.185416 -1.9992356 -4.5836253 0.4840471 -5.824837 8.467569 -4.4396057 2.8525898 1.5228105 1.8287938 3.6165328 2.3915985 1.5865111 -0.6587388
widgets 5.8408422 -1.7499411 2.9402637 -3.9047594 -3.7488992 -2.1331346 5.569798 2.868866 -5.2500534 -1.6171674 -2.5868516 8.811118 -3.5178828 1.4808893 1.0352073 1.0504315 -1.6345067 2.3322496 2.800732 -0.6741913
caching 4.8935447 -1.7082058 4.007988 -3.9631867 -4.058813 -1.6659739 5.0150347 -2.7807178 -5.3331017 1.2024832 -3.7172778 6.087835 -5.2662277 -0.41842356 -0.40820384 1.893406 -0.019483395 -0.4081028 2.656417 0.1405425
supercomputers 5.857369 -1.7386339 0.84254616 -2.875945 -4.0127096 -0.71322805 0.8468337 -0.20611806 -0.17950495 2.1172886 -0.5857323 7.2204022 -0.23409748 -0.8525763 1.8013755 0.45910013 1.20362 -4.6574306 4.031251 1.8957819
widget 4.336187 -1.0368454 2.5147989 -4.191786 -3.6767714 -2.9276507 3.8756783 2.4622946 -6.1423726 -1.5368344 -2.320728 7.8006425 -2.0804474 0.1592792 0.43828955 1.7983687 -0.6902808 1.8138001 1.4068606 0.2012562
codecs 3.50035 -2.426158 5.3521857 -2.979832 -3.7974224 -4.166672 3.2992294 3.6156456 -2.5255435 0.8397016 -5.951882 8.540259 -4.128578 -1.013638 4.057971 -3.7395906 -1.6881697 1.9231687 5.9666657 1.9304348
chipsets 5.475075 -3.6478813 3.8567324 -3.5522726 -3.5881128 -4.6116085 0.82835346 3.0816617 -4.4924517 2.0954063 -2.8820148 7.2017555 -2.7677534 -0.28073072 3.0513244 -1.6807065 -3.233793 -2.7657428 5.2075763 0.034747243
scheduler 3.3520703 -3.4376178 5.2838945 -1.6481439 -3.0779212 -3.0260935 3.4167051 1.2903042 -6.810484 -1.9832064 -4.659757 4.384335 -5.333158 0.9947887 1.398248 3.1122873 1.8592325 -1.1846669 2.9612799 1.2760419
vax 4.359623 -5.191865 3.0930858 -2.8538728 -3.1561427 -4.219858 0.6024737 1.182181 -3.7572727 -1.8700899 -2.2596476 6.411881 0.4117242 0.98281276 2.8312342 -0.5522555 -3.0020237 -4.808409 2.482005 1.4371232
microcontroller 2.9794855 -4.52854 4.7167783 -3.0951824 -2.0925045 -1.6031834 3.1093135 -0.5096455 -7.186365 -0.28708714 -2.7792354 9.226996 -1.6281242 -0.71067977 4.26963 -0.6206729 -1.8530029 -2.8109548 5.4345164 1.289923
bitmap 5.125441 -2.3571014 4.2655315 -2.4830108 -3.5890324 -3.2342594 4.9773064 1.453629 -3.703276 -0.47186777 -3.5802615 8.612817 1.2693738 0.79702294 1.2368562 1.5542308 -0.21660332 1.6276581 2.1099524 -2.2946568
desktops 5.4556646 -1.1889759 1.3254251 -4.723747 -4.314283 -3.0570188 3.2360551 0.7311821 -4.783998 -1.4777011 -2.9601762 7.0577126 -3.0138311 0.019694466 2.3198688 -0.92446417 -1.3666089 -0.42088738 3.9551928 0.44181868
multiuser 6.275522 -3.4950159 1.6304005 -2.672412 -3.8168662 -0.73705727 2.2945716 1.6207674 -5.5550976 -0.50108 -3.1254919 5.518483 -2.4220297 -1.5981228 0.6426139 2.2837663 -1.3699316 -2.498957 2.4497142 1.5463629
preinstalled 4.111137 -2.9440331 1.7936667 -6.3843827 -3.146579 -5.2811666 2.850058 0.15633751 -5.5880027 -0.6765472 -2.8000789 6.554283 -2.1351588 1.6642537 1.6510755 -0.4573307 -1.264558 1.5263292 2.381557 0.95021886
encodings 5.0931706 -7.1837673 3.4416654 -0.777969 -1.4385176 -1.3949634 5.088081 1.1235725 0.018289322 0.45485294 -4.8275275 8.7595625 -3.9666276 1.969171 1.630575 -0.7900809 -1.0697557 0.83435273 3.311828 -3.6772516
motherboards 3.7029428 -2.8249888 3.9453316 -4.0731525 -2.7260602 -5.2099895 1.6855315 0.9807655 -3.9986544 0.39790097 -2.9652941 6.552118 -3.1905553 1.5265893 4.1188345 -0.9269286 -2.9511771 -1.5853903 6.6508055 -0.28950736
functionalities 6.1726427 0.44035673 5.573841 -1.2394778 -3.8430223 -0.80049354 3.4998095 1.2753904 -2.2288892 0.9678843 -2.1434398 6.986719 -3.5883768 0.585749 2.6960301 0.45692262 -1.234751 0.33224857 4.5402026 1.5792278
quicktime 4.9805565 -1.7857597 3.1936326 -5.9968257 -4.0907454 -4.701182 2.1990998 3.9739764 -4.4788103 0.16444267 -3.6286523 5.6813016 -1.51352 -1.7174486 1.7216421 -0.9056148 -1.4724821 1.4642015 3.1598632 0.4340302
timesharing 3.771658 -2.8404212 2.583773 -0.14227426 -3.8070834 -1.5301661 -0.5275085 1.7068142 -2.2694578 -4.2765 -2.492282 5.6721573 -2.6753726 -0.7790504 0.81890833 -0.22547221 -2.823234 -4.5835576 3.674253 4.251181
posix 5.500102 -4.824823 3.6916819 0.664446 -2.4222107 -3.8469324 3.2182505 0.9763992 -3.2636814 0.9659275 -4.340012 9.115038 -1.9435003 1.7768527 1.5271996 0.7748361 -2.1762223 1.263724 1.9419476 0.34330967
debug 4.4190764 -4.314489 3.6875265 -3.1295397 -3.0429547 -2.8219073 4.090333 0.8888433 -4.788027 -1.3477474 -3.1308167 6.507973 -2.6967874 1.774195 0.3492281 2.8342805 0.068936795 -0.82113874 3.371205 1.3710145
interoperable 4.5459547 -3.854286 1.2583635 -1.1421393 -3.2227044 -1.0266813 1.0068325 -0.04237782 -3.4655225 1.0807723 -4.0586348 6.952595 -3.6392832 0.887132 0.3371023 2.6115756 -2.151347 0.9040449 4.719176 4.4146876
optimizations 4.968802 -2.4503286 7.352713 -1.895871 -4.3103285 -0.3384863 3.5393243 1.0019071 -2.3040273 -0.30181125 -4.023977 6.986042 -3.635595 2.4368942 1.6950918 1.7853543 1.0180175 -1.1414312 5.7287393 -0.45084623
initialization 5.378469 -3.9618587 7.1750827 -0.5866491 -2.765157 -3.0258098 3.8609695 -1.0072892 -4.008726 0.32823667 -3.6895866 5.836767 -3.536398 2.6915553 -0.08489765 2.078627 2.9474587 -0.30102965 1.7867512 0.033623517
paging 2.371106 -2.5909457 3.1136606 -0.48793888 -3.0916421 -2.9459202 3.3565776 -0.15114774 -5.190945 -2.20716 -4.0884295 5.8066416 -4.42878 0.5717493 0.64484376 -1.204847 -0.584411 -1.2424507 3.7996585 2.3922682
hashing 2.0912104 -3.2014523 5.502018 -1.5295498 -1.9141672 -1.5624441 3.5174334 -1.2926838 -4.4537067 0.34507716 -2.7961123 8.292688 -2.7784333 0.07146808 0.76455116 2.7025254 2.295251 -0.6472749 1.4364756 -2.5915356
namespace 6.4913883 -4.045943 3.2563384 0.41011524 -1.8501604 -1.8205508 3.7638042 -0.40562856 -3.892544 1.7734448 -2.975719 8.893002 -4.601629 2.411303 1.4896874 0.45478466 -1.1734543 2.724195 -0.74607366 0.62604934
emulators 6.8625913 -2.9860244 3.3391733 -4.1230264 -2.7244086 -2.0729322 3.8607426 2.6064117 -2.9698913 -0.8750393 -1.8427792 5.1318855 -1.810505 0.23272087 1.2938434 0.706151 -2.4523652 -0.74323237 4.391361 -1.1142024
configurable 3.7563715 -3.8882182 3.0827637 -2.5428715 -3.249922 -1.3092732 2.3991537 -1.1187367 -4.9707856 1.0362463 -5.8911796 5.603086 -1.1575402 -0.013877191 1.8213627 1.9828715 -0.6957031 0.97968626 5.4263377 0.13365924
integrator 1.4688773 -2.6611378 4.070269 -0.717067 -2.4286335 -1.4941711 -0.8823633 0.11217082 -3.893088 1.8139911 -2.0404449 5.854899 -1.0340898 -0.42965403 2.176384 2.063165 -0.15511583 -3.1891632 3.9886055 3.295767
microcontrollers 4.1317916 -3.970079 3.606552 -3.899919 -2.7792156 -1.2110449 2.3073974 -0.05845243 -5.099599 -0.27525756 -2.862555 8.325384 -1.8194323 -0.2982935 4.0819087 -0.2113154 -3.2306597 -2.5730832 5.381206 0.09967977
multicore 4.9912634 -4.250758 4.4967303 -2.414704 -2.30122 -0.31406835 0.5721979 0.17524241 -4.591849 -0.30661526 -2.4114387 6.9103265 -0.80552644 -0.8328438 1.4161696 1.0161968 -1.722296 -1.9915497 5.6304083 0.9219925
workbench 4.6532316 -0.8910954 3.3195302 -2.3496327 -2.9824457 -1.3133681 2.9840984 1.3295943 -3.962112 -2.1445498 -1.1963896 6.594142 1.4647455 0.91601175 3.457748 2.494877 -1.0786285 -0.6174122 2.3921192 1.2936897
smalltalk 3.6364264 -5.157479 4.2207246 -1.9203571 -1.7072401 1.2058284 2.131653 1.6094114 -3.8011324 -3.2483952 -1.7343266 9.542968 -0.5394557 -0.79919 -0.14133507 0.1290757 -2.5929914 -1.1906445 0.6536899 -1.1448011
debugger 4.4274063 -4.173571 4.4124823 -1.8400182 -3.2307372 -2.6283112 5.804262 3.1562867 -5.789236 -1.1138792 -3.0796733 7.266795 -1.3625617 0.47430956 1.6010376 1.7637358 -1.8880625 -2.0273693 1.5044215 0.8955731
shader 5.003691 -3.3364422 4.0332785 -0.96105385 -3.0179384 -1.2826215 2.083403 1.0530088 -3.6994855 1.8106853 -3.2747836 7.2939754 1.006137 0.40965605 1.1812398 1.3423609 1.2370734 -0.53785616 4.468698 0.11164018
decoders 3.0811057 -3.4362898 3.3079126 -1.2837002 -2.515169 -4.549235 2.604556 0.7476229 -2.995871 -1.3954964 -4.282267 7.565064 -2.8628109 0.82541776 1.7691864 -1.3161201 -0.13670917 0.27589524 6.2224097 0.9689032
spreadsheets 3.9515848 -2.001987 3.3009307 -3.145362 -4.027412 -0.35766277 3.1015737 -0.7329122 -0.51450396 -2.2726438 -3.980307 7.3302903 -3.1006775 1.217194 1.1611545 0.9240643 -0.8913605 0.715266 1.6310629 0.41174847
workflows 4.898686 -1.0661559 4.0514045 -1.0903084 -4.623449 0.81561 3.17733 1.2677892 -2.1025274 -0.26254958 -3.1721303 6.156904 -3.5096729 0.67874986 1.4962429 2.047957 -1.7250735 -1.6008748 3.7251604 2.5016732
multiprocessor 5.208209 -4.3064604 4.535214 -1.7752724 -2.9282799 -1.5307539 1.8310567 1.1449075 -5.214732 0.07979849 -2.6976771 6.1944137 -0.77874047 -0.050094996 1.9606862 1.1644675 -0.8154532 -3.3022325 3.8792756 1.1416084
readwrite 3.0706637 -2.5455203 3.8980112 0.008161173 -1.4316996 -3.462118 3.8805573 -1.0029391 -5.674003 -0.4831942 -3.1735065 4.987688 -1.8949131 0.47291157 0.59533405 0.916901 0.2090353 0.359828 3.8422344 0.74698573
subroutines 5.5518937 -3.8398452 4.746577 0.5027964 -2.002933 -2.0287344 4.559316 -0.46988738 -2.9047015 -1.9738865 -3.2484794 6.5066857 -3.549213 2.3686833 1.8941755 1.212739 1.3436735 -0.2559663 1.0656774 0.011286526
shaders 5.105744 -2.5655992 4.3901043 -1.0265458 -2.826195 -1.6034763 1.9906555 0.68016183 -3.5289474 0.81889397 -3.0766976 6.9544516 1.0580823 -0.023243135 0.8345009 1.4028394 0.7530358 0.12900642 4.386515 -1.2985182
coprocessor 3.184032 -3.631057 3.993956 -1.2854489 -2.6989663 -2.580454 2.3263433 2.188625 -5.3555136 -0.5263266 -2.780522 7.232848 -0.74216366 0.89309263 3.2578151 0.3567244 2.3078086 -1.773155 3.2656085 1.9143845
microcode 4.328737 -3.126062 4.9246483 -1.4002113 -2.8706167 -2.9902663 3.0574372 0.62995404 -3.5252194 -0.976225 -2.7664871 5.0335703 -2.549565 3.1930618 1.9463652 0.44131136 -0.36615497 -1.3602449 3.304137 0.21442069
addressable 3.7717695 -2.80072 2.8954093 -1.2606188 -3.6372807 -2.0294015 1.9967514 -2.868646 -4.188504 1.2210912 -4.74999 5.7721844 -2.5575352 0.89353186 0.3474833 0.32600254 0.628645 0.06796275 2.6546736 -0.5427592
parsers 1.7092161 -4.754298 4.60301 -0.48504466 -0.7558013 -0.22811615 2.4978359 -0.38740528 -1.2596958 -1.1830087 -2.3905392 7.5846796 -2.5089488 2.596415 1.5406065 1.9850017 -0.47666234 -0.113863155 2.8458428 -1.9049728
bitwise 4.862463 -5.746973 4.489555 0.5103097 -1.1567912 -2.4192278 1.9461181 -1.2205658 -3.4194434 0.2034759 -3.2045598 4.3972845 -1.7584467 1.6964593 1.2339792 1.3516713 1.6089405 -1.7290093 2.0744665 0.16344821
multithreading 4.7910247 -3.114385 4.8688755 -0.55118066 -2.6847131 -0.5212749 2.1978817 1.2871456 -3.3575225 0.9636853 -2.9188507 4.876404 -2.3722634 1.13005 0.85053754 1.6646831 -0.70197827 -1.0661623 4.2830396 0.20533358
multiprocessing 5.1742697 -3.3380291 4.230435 -0.0017320918 -1.5673016 -1.087426 1.5177302 0.91088307 -3.9580932 0.92515486 -1.5744902 5.104097 -1.966795 0.7134244 1.7610857 1.3401923 -0.72331184 -1.8282851 3.412306 0.12799765
multithreaded 3.588982 -3.200953 3.8980043 -1.2863517 -2.35731 -0.4149967 1.8541685 0.16501492 -4.0908093 -0.35637754 -2.97254 5.3294396 -1.9246883 -0.46425235 0.49422595 1.7805661 -0.08067257 -0.9509002 3.3627734 0.21113813