Centroid_38 1.6433671719830112 -0.27321661298325234 2.5233116067063106 0.8004071508058244 -0.16566087373058264 0.026782978067961174 1.2308793151990298 -1.6284298220582547 -0.5907798755235437 0.9517041772953889 -0.05969882491140775 1.4983198331693441 0.5355152244555821 -0.4516774824674756 -0.5152769400640778 0.07386626935728163 0.7849910676740293 0.5325384617880102 1.9854826026516992 -0.29641160968932034
mass 6.399938 1.6984222 3.8825924 2.888379 -2.3060803 -0.86587626 3.6567776 -2.4411426 2.5471418 0.78136367 -0.41491175 -0.8000642 -1.6838323 1.4192777 -4.679412 -2.2112277 3.5708954 1.9746242 2.12858 4.382024
whereas 2.012743 -2.8577607 2.9653974 -0.4244264 2.1997302 0.55394584 0.177816 -4.9316792 1.5923125 1.0415761 -0.93078136 2.2772992 -1.4189477 0.1749139 -1.3741975 0.6480878 0.63953924 4.0059137 3.6334145 -1.7917734
masses 5.5734963 2.068645 3.7783828 2.377103 0.08242172 3.003785 3.3463042 -1.2942871 3.6075706 -0.2813476 1.7658561 1.1923327 -1.3291223 0.8156549 -3.4275007 -2.9227717 2.9923885 4.5695963 3.5532606 1.0322267
alternatively 1.9829198 -2.60493 4.1289086 -0.6031637 1.3370057 -1.1899278 3.116869 -5.0873656 -1.2396388 1.5306183 -0.32984757 3.9901588 -1.0043281 2.1224763 -1.4176518 0.6686067 0.92856944 3.5718627 0.94213367 -0.6838707
keystone 3.1805 1.0347273 -0.37942085 4.241188 -1.7950549 -2.9435322 0.45150638 -1.5256537 -3.0984168 -0.9293531 -0.5586283 3.7373495 2.5216713 -1.5635109 0.2612613 4.2352433 2.9674118 -2.0453432 1.0733993 -0.23949368
backbone 5.6600485 -2.259154 0.83104306 1.0603242 0.44034755 1.0467921 -1.5423917 -1.8879791 -3.3062108 1.8546311 0.08839502 2.6088374 -0.4221554 -1.2968832 -0.51537406 0.044992045 -4.7469687 0.14543833 5.5940056 1.2055941
lastly 1.067276 -0.9963351 1.1383445 -0.14929244 0.36569574 0.091939084 0.70278037 -1.9222658 -0.21191199 0.5283013 -0.37848487 0.62903816 -0.79487336 0.04341713 -0.6902523 2.177021 1.3732635 1.6064376 0.32612106 0.23969966
rudimentary 2.4015787 -0.7910775 1.3296959 1.7348974 0.084333986 3.119533 4.1331115 -3.7559931 -0.034260668 -2.2292478 0.007425099 2.7136025 2.1446657 1.5633767 -0.3513306 2.3518248 -0.10879324 0.06972405 5.9318757 0.5143058
encapsulated 2.0813093 -0.87057465 3.8737113 -1.177637 -1.9620043 0.53315306 1.982135 -2.0703583 -1.0577608 0.3448744 -4.064878 1.6821629 1.9558233 -0.7021983 -2.2331085 1.3993952 -1.5225409 4.5820317 1.5083077 1.0494928
doubly 3.0219839 -0.5559439 5.932852 1.0736699 1.7210649 -0.34743467 2.0486994 -2.5403721 0.7457027 1.7929354 2.42608 2.753569 -0.7292021 1.5851378 -1.5852826 1.1609591 1.789576 1.8021051 1.2779466 -2.448805
nonfunctional 3.2450924 -0.41240114 4.6661105 -1.0400507 -0.6162108 -0.7966448 3.8459058 -4.507901 -1.8731831 0.54632974 -1.5555457 0.334384 -0.98867166 1.5680227 1.142836 0.8470971 -1.156072 0.51782686 3.9788816 -0.65672654
separations 2.6093788 1.8886776 4.4498796 1.8365989 -1.8419714 0.17679285 1.0905719 -4.015004 1.2297974 -0.034743804 -0.62923557 1.7109593 -0.5196372 1.4776652 -0.43762225 0.67752194 1.2170056 -0.45740727 2.7429554 -0.25096497
augmenting 2.1258147 -1.5425131 1.1334721 -0.4700661 -1.5152394 2.0574555 0.08950459 -2.7426617 -1.2410332 -0.18187857 -2.1295614 0.37712452 0.04805735 0.33705354 -0.90421677 3.1978493 -0.39308563 -0.44970822 3.7897997 0.7721575
prong 1.107417 0.35090125 1.4983898 4.424427 2.0951629 -3.7404044 2.427737 -0.02993389 -2.324806 2.0561664 2.276221 1.2146606 2.4531934 -0.30344337 -2.7877314 0.16408157 -0.28066897 1.8217776 2.3194425 -0.50119513
coalesce 5.1133823 0.20349465 3.357942 0.92758214 1.3932488 0.2671258 0.013984483 -2.6391392 -0.18685795 -1.882999 1.0255662 -2.7697132 0.7713809 -1.6956315 -4.266081 -0.018259749 -1.3052996 3.7706501 3.8177714 -0.08859062
coincident 3.0085678 -1.1444539 2.6370547 2.1112518 -2.0170646 -0.5072069 -1.5564026 -3.0780303 1.0115759 2.1941462 -2.6443448 -0.1892541 1.6521616 -0.7558988 -4.3154674 -0.275993 0.7917847 0.21486902 1.672072 -0.31113166
shadowing -0.74849755 -1.867166 0.53594536 0.6191391 -0.25021333 0.08516908 3.4829366 -0.92049646 -0.48306832 -1.7693404 -0.87050617 -1.0696112 0.9995493 -0.82277876 -2.1996253 1.8992085 1.1928009 -2.387728 3.8261874 1.6831995
replicates 3.030427 -0.40769085 3.0555716 -1.8699871 -2.3295276 1.6972172 3.0044234 -3.1869764 -2.009868 -0.34746513 -2.6203887 1.4093581 2.4520583 -0.9125919 -1.2200943 0.9983216 0.4501266 1.3092604 1.4980022 -0.8809639
localize 5.1705794 -2.4076595 3.938803 -1.8931658 -0.28825223 0.6678672 2.8336663 -4.1272373 -2.1355956 0.33276114 -1.7447009 -0.5938065 -0.94488174 -2.5435042 -2.4150863 0.790879 -1.0371438 1.4479587 3.260058 3.3016038
insertions 5.186577 -1.1634433 6.849283 0.8670181 -1.0000974 -1.4522451 4.1973453 -3.04023 0.0054934253 0.5288425 -2.1594667 -0.4997691 -1.0118767 1.5101366 0.5986178 -0.86972976 0.08554831 -0.793159 2.969922 -2.6083167
unevenly 4.5385265 2.074372 1.1518844 0.9031352 -0.037396066 -1.8395858 1.440611 -3.4478557 2.2697363 0.93103826 2.5663702 4.1085587 -2.6363356 0.06045518 -2.3267562 -1.9979115 -0.19194917 1.1933508 4.5758038 -2.3132143
localisation 3.939785 -3.2680862 3.3919592 1.8958657 -1.0083137 1.9719938 0.015215366 -1.3716098 0.58806145 1.2176416 -2.096804 3.204757 -1.0177165 -0.7089528 -1.1314721 -0.75822735 -2.0081894 -0.84680027 3.0976532 2.3681927
variably 1.8876101 -0.14472735 2.8329465 2.5572717 2.2406237 -0.91304684 2.069493 -3.2554882 2.6248858 2.1589382 1.5531752 3.648634 0.9874201 -1.2927644 -0.14483927 -1.6653769 0.16380683 1.97811 3.3737254 -2.8036766
comparably 1.6839468 -0.14267057 0.7758175 -0.8687394 0.5581507 0.9062129 0.118757546 -3.6227076 1.9654303 1.3596383 1.3708678 2.9380856 -1.3017758 0.16267942 0.012904502 0.07778392 0.51409495 -0.35278887 4.8020897 -2.2358856
extents 3.9692428 1.5439358 1.2149591 3.115401 -0.8413546 0.6834977 1.4653153 -2.7094862 1.6899924 2.9900632 -0.030618545 3.900299 -3.0349417 0.20817988 -0.79585314 -0.9906515 1.0954177 1.526622 3.390911 -2.9982216
meridians 2.794623 -2.2692952 1.1134496 4.966494 -0.8206496 -0.42444086 1.0084903 -2.0844324 0.4054304 1.6510578 -2.049091 3.9926639 1.3598893 -1.7350636 -2.4341226 -2.375038 3.4689794 -0.8501796 1.3912379 0.41209614
untranslated 6.102805 -5.189257 4.299574 1.1836135 0.8200892 1.0723281 1.1759584 -4.2734084 1.3228818 1.4039094 -1.4139814 1.9207261 -1.432688 0.6200258 -1.4813759 -5.3841453 -2.8732905 0.4456567 -0.91417116 -1.6754531
interchanged 1.0247328 -4.0858846 0.989425 0.584139 0.1419043 -1.2478408 0.05766504 -3.715771 -2.3800805 -0.08927218 -3.457171 1.679674 1.2692622 1.5787123 -0.6909534 0.46541986 -1.5567728 1.3259257 3.3852491 -2.4522214
equalizing 0.5686471 -0.5216835 3.6527765 -0.39364508 -0.3586709 0.4879105 -4.492808 0.060536716 -1.3353422 3.048142 -0.55769527 -2.3740335 -0.8950042 0.6196134 -0.5140233 1.1867864 3.509919 1.2903451 3.2314396 -0.44720045
dimmer 1.3747966 -1.2338299 2.5455937 0.100907624 -0.2011597 -2.6020052 2.4233577 -1.4130328 -0.74121064 0.24656837 0.16785203 4.021243 2.847608 -1.2191548 -2.9866798 -1.3359327 3.7947614 0.8733014 5.356919 0.15116534
emanate 1.9968876 -0.7527019 1.2268826 0.8670058 -0.01521667 1.5730786 2.1874688 -2.1567726 -1.3081157 0.48101604 -1.4987954 0.03271143 2.109194 -1.9689524 -4.336235 0.7665756 -0.006973055 4.135311 1.2338967 0.039150804
interchanging 2.0936747 -1.685905 1.7474682 2.861666 -0.06722465 -0.6328478 -0.92990655 -1.9345685 -4.6600356 -0.83253706 -1.8209333 1.591314 -0.2429719 -1.332985 -1.9089582 -0.008407677 0.6013115 0.64319706 2.17309 -2.5498114
quiescent 4.2642245 -0.9200171 4.2354116 2.1819215 1.221161 0.4633443 0.021451967 -4.4584665 -0.057116654 0.7902986 1.5109181 -0.08918057 -1.0529643 -1.7447149 -3.650682 -0.7773144 1.2416431 -0.15749338 2.383376 0.9499845
unobserved 1.3938351 -2.1569135 3.5536487 0.3117391 0.40127409 -0.38789415 1.8042809 -3.1339352 0.12522261 0.85847336 0.84051263 0.82914907 -1.2268394 0.78404886 -3.5295062 1.8167752 2.217779 -1.148854 0.7223195 -0.91678476
broadens 1.4497595 -0.24832086 2.4516697 2.1538706 -0.804852 2.189061 -1.2394595 -1.6451868 -1.5516378 0.4428762 -1.7800215 1.8647022 0.687842 -3.1439624 -3.7835033 0.8883268 0.90617025 1.8398637 3.0188015 -2.0030496
timespan 2.9521158 0.8293325 1.9010669 -0.40770793 -2.126937 -1.4698207 -0.8035536 -2.2250307 3.8279583 -0.5340945 -0.044562202 0.89904666 -1.1379119 0.40509474 -1.2773556 -1.7080243 3.1581948 -1.3165367 1.0494742 -1.9424897
signalized 2.4593906 -1.9413092 1.2157702 4.1907835 -1.0799681 -2.1057107 -0.29533565 -0.79629344 -4.902097 -1.251417 -2.1877913 0.79184884 -1.569218 -0.68698514 -2.9712496 -0.32913917 1.1037623 -1.1521121 0.79332703 -2.7629094
blobs 4.1607547 1.1326494 2.8665338 -1.3574991 0.07196467 -3.2471173 4.9441705 -1.264519 -2.089399 1.162733 1.7466263 3.6000986 1.8999045 -1.5816444 -2.3044837 0.7054105 0.042628314 2.4596217 2.4934218 -1.1752039
augments 1.2969934 -1.2009289 1.876908 -0.61271876 -1.5626678 1.4514792 1.9622508 -1.0354629 -1.9159296 1.0284902 -2.5241942 1.3955407 0.5964793 -1.6389419 -0.47638932 1.665634 0.2553402 0.34577188 2.7054489 1.9053829
commonest 0.47074607 0.032571282 0.46940744 -0.39211488 0.7578172 1.85534 1.8453423 -5.670637 3.129334 2.5766995 0.6005544 1.9737972 1.7100136 -0.88411874 -1.0253361 -0.37338123 -0.017495237 1.9926132 0.99122465 -2.9647026
orienting 3.788502 -1.5098228 4.060705 2.241132 0.15827976 2.5145347 2.47645 -1.1453364 -1.8246707 0.9079871 -1.4778731 0.0950222 -0.62763536 -2.3775299 -1.4616214 2.4480824 1.1143696 0.6077683 4.03397 0.956189
apparatuses 2.7643008 0.55483705 2.2821171 0.8365189 -0.9280603 1.0749027 3.3545475 -1.3870584 1.223376 0.8018059 -0.19945897 1.6894091 0.302858 1.2358731 1.692613 1.4530919 -0.76829946 -0.06617031 4.5918107 2.6330502
diffusing 2.099411 0.36705792 3.462201 0.45371306 -0.5817885 2.4523256 -0.018991861 -3.0468843 -1.2930853 1.4527196 -0.40770087 0.45476857 0.40418702 -0.5242941 -2.9547274 0.39501825 -0.12420749 2.6811244 3.3602417 2.3385012
robustly 1.6102512 -0.719043 2.9329805 2.147342 1.1824415 0.4314191 2.089849 -1.1640942 1.5891504 -0.22131197 1.6366999 2.318626 -1.7193923 1.2000207 -0.7115097 1.9666982 -0.24536489 -0.40726042 2.064076 -0.19075033
quintuple 2.0271716 -0.58437 3.011532 -0.88668025 -0.4557803 -2.2489195 -0.68925184 -1.5088677 0.63772535 0.5931318 -0.5539852 1.479643 2.3868077 0.60080147 0.6901346 -1.1591532 2.4465828 1.7816067 2.2007825 0.15822908
sifting 0.48375908 2.1745343 2.2033365 -1.469363 -1.9364125 0.8511835 3.1002774 -3.3565462 -0.89287335 -1.196253 -0.22737871 1.6904615 0.95409995 0.42269254 -1.7851948 1.569541 -0.65844923 1.2988352 0.74036163 0.6459367
dof 1.7251785 -1.5155023 3.1441336 0.027025398 -1.8466762 -0.55953085 1.9746995 -0.85135263 -1.3938304 2.722546 -1.7654814 4.1055546 0.18062077 0.58186495 0.13325159 0.5958329 3.8503134 -0.57989544 5.0951667 0.53565764
hypothetically 1.1798483 -0.9825602 3.4280422 -0.62475836 0.49397314 0.06515399 1.1813098 -2.2809982 0.55306184 0.1357439 1.2582327 1.574229 -2.232465 1.3430252 -2.5454087 1.6943084 0.9342971 1.0039072 0.28921327 -0.123226374
encapsulating 1.95803 -0.5601725 2.7391555 -0.18612936 -1.029905 1.8177712 1.0934951 -1.3461969 -1.4105153 0.3621366 -1.9197278 2.2836246 0.065368444 -0.8143975 -1.2254114 1.8053317 -0.93043184 2.3811471 2.0080318 -0.38989434
gnomon 1.9249873 -0.5637406 2.242135 2.9003673 -2.0096364 0.31473318 3.0862732 -0.3028565 -1.0129468 0.21789186 -1.0624311 4.0310216 4.7323604 1.6259912 -1.4953576 -0.23531255 4.0078416 0.6344952 0.9843993 -0.72552073
flexibly 2.8514256 -2.1311576 2.8460517 0.7927242 0.083438136 0.703826 2.2857487 -1.1061199 -0.9849749 -0.73190826 -0.51488256 3.1055636 -1.8082647 1.7901639 0.23647082 2.0389402 0.42611277 0.74770194 4.7110696 1.3027326
activations 4.298383 -0.4287698 3.0466366 0.49000084 -1.8104166 -1.7577815 2.8784108 -1.598058 -0.2548948 1.2053351 -2.5857918 0.20954387 -2.7721527 -1.1668596 0.08344565 -0.44797835 0.8372556 -0.5973249 3.208582 1.3593827
rectifying 0.06896712 -0.9488491 4.265415 1.2700839 -0.4176211 0.32421526 0.98590714 -1.3276404 -1.6020988 0.7188044 -0.97056645 0.56272215 -1.1406772 0.73595095 -2.774957 1.8592056 -0.88912374 -0.071492046 2.9374576 0.62177145
demarcate 3.230348 -1.8604878 -0.86897707 3.2742739 -0.18265553 1.5836354 0.17755148 -3.1435456 -1.4140437 2.1607144 -1.5163859 1.2950134 -0.99154013 1.3930731 -2.4117665 1.4672765 -1.0936301 2.440405 -0.050912503 -0.80590504
coalescing 3.4926763 -0.77467537 2.5703528 1.4505432 0.036399826 -0.14593841 0.6233443 -1.2074835 -0.6064728 0.7285771 -0.26592302 0.48403397 0.68550855 -0.99111766 -3.026213 -0.15323167 -0.7742863 1.5260838 2.8863823 -0.86764
flattens -0.22842295 0.27365512 2.5775666 1.0758517 1.4337071 0.73401356 0.6057152 -3.3854542 -3.4223876 0.84092146 0.775744 0.105879106 2.0606515 -1.4186596 -2.5446498 0.2577494 2.4605174 1.9901986 4.3369994 -3.017986
recombine 3.8986561 -1.3121645 5.073734 -0.81439674 0.99041736 -1.794922 0.49147904 -3.700445 -2.0797985 0.88468957 0.7049982 -0.10824856 -0.057002787 -0.40593177 -1.5937057 1.0463657 -0.4746398 1.9181161 2.2397897 1.6905439
bracketing 2.4778755 -0.38242635 3.1558504 1.4612794 -1.5252681 -0.14481525 2.566166 -0.40167898 -0.4332959 1.4200517 -1.3567704 2.882125 1.6442411 1.090747 -0.8185733 1.2877274 1.145072 0.7084867 3.0525556 -2.8184996
forking 3.0174077 -0.5676615 2.1647558 1.5062592 -0.23950358 0.32287785 0.94628406 -1.993238 -4.1531186 -0.42076924 -0.33788034 2.5196154 0.9552994 -0.07853076 -1.3794504 0.8195805 1.5162172 1.1932491 0.77550083 -2.5593174
baselines 3.9566426 -0.5159685 0.5816831 2.6385272 -1.8593093 -1.3089641 0.69239265 -1.9594771 0.57773036 2.800645 -0.5859401 4.0730715 -1.4920397 0.06184955 -2.2691278 0.61498094 2.050618 -0.9572703 2.4226828 0.61221474
retracts -0.74120975 -0.51483536 3.237957 0.68374443 1.1803647 -1.2582577 2.9961183 -1.7152873 -3.4433393 1.0182469 -0.44434926 -0.67510825 0.90543807 0.07342243 -1.1753324 1.9629165 1.5169607 2.456362 2.2526875 -0.116998695
tubas 1.9580601 -1.1613855 1.7930683 2.315833 1.4900491 1.0380005 0.6951042 -0.6536821 -0.4112394 -1.6785309 0.046913046 -1.0243636 1.4995939 0.5083767 2.0407588 -4.436831 -0.75423145 1.0002698 3.2485898 -1.0644953
reconnection 2.3955312 0.83530843 3.146353 0.3798142 -1.5472035 0.4329599 0.66530836 -0.92442036 -1.1055993 -0.08622289 0.27538916 0.86781174 0.26280817 -0.977 -3.3028693 0.12938581 1.5531584 -0.15364452 1.9572945 1.6543678
emanations 2.0584424 0.006416514 3.910296 1.3559488 -0.3376508 2.1095128 4.8274245 -0.36649415 1.3638391 2.3694518 0.4496308 2.7185833 0.6450162 -0.84184223 -2.6239989 -0.3177253 3.105039 2.1589358 -1.29994 1.0072637
normals 1.3560711 -0.3243545 2.6352117 2.061407 0.049723055 -1.3159269 -0.14729287 -1.1031108 -0.026805641 -0.11947261 -0.6141605 2.3695395 0.5525358 -2.030351 -1.1086127 0.30260676 2.5387928 0.5137758 1.5805857 -1.173211
transpositions 4.066969 -1.8947852 6.312136 1.0698904 -0.21539614 -0.05191416 1.3214841 -0.36724883 0.038092475 -0.51943326 -1.193132 3.0906615 0.06064594 1.252198 1.6361142 -0.614774 2.0454695 1.1058863 2.1680865 -3.6111004
terminators 3.9729166 -0.9794917 2.8070173 -0.7315041 0.56215644 -2.6297514 3.968801 -0.50188994 -2.1447551 1.0222546 0.7042421 -0.082145534 0.112854905 -1.5677979 -0.5180206 1.5121005 -0.17799841 -0.2821084 1.2242761 0.48764676
mils -0.9290342 -1.5029596 0.96025115 0.55891645 0.121750206 -2.821459 -0.016829643 -2.7087417 0.04021472 2.7605405 -0.8754206 2.9720035 1.0581071 2.3712394 1.0180374 -1.4586502 1.8242013 0.67258316 2.2399237 -0.67936873
synchronously 4.14147 -0.8300844 3.4495962 -0.40043214 -0.20735584 -1.5795382 2.4353926 -2.992006 -1.7708281 -0.7208542 -0.097493134 1.7896496 -0.7009736 -0.4462704 -0.7187889 -0.79871917 2.7591786 0.43431348 3.5706692 1.6375797
coexists 1.2372894 -0.9956914 0.18743645 0.19592956 0.38600987 3.2453406 0.24796069 -2.5967991 0.06284619 2.5174024 -0.65376765 1.3088912 0.2813482 -2.2323108 -1.3561422 0.18886128 -1.5426993 2.224744 0.18930225 -0.64671046
zigzags 2.7698987 -0.23296271 0.086022265 2.344091 0.74252653 0.16102599 1.9848152 -1.4941771 -2.5957658 0.71012706 0.7173099 0.8418349 2.9841378 -1.174064 -1.9512476 -0.1873143 1.1792647 1.470349 3.0202522 -3.7377048
obliteration 2.1126165 1.3501506 2.8320334 1.3154118 -0.80322033 0.7752162 2.2541745 -1.1481184 0.9935763 1.6934621 0.42495665 -1.6523417 0.5546552 0.32882568 -3.5595205 0.25130698 -0.44131452 1.4625922 -0.28513032 0.121883035
rhombus 3.1407475 -0.73074114 1.3376665 1.6333721 0.49814683 -1.1102881 1.4375795 -0.27791142 -2.355629 1.8717415 0.45422366 3.5759313 3.9968865 -0.4299429 0.40099487 0.16644554 1.4393777 2.3181045 0.606089 -2.3703644
constructional 1.2160858 0.45598212 1.8923639 1.7980708 -2.6708686 3.129929 0.85880125 -0.9520552 0.14518763 0.4353991 -0.9039377 1.9224943 1.3063381 2.759603 0.15642238 2.0856476 -1.5157841 -1.6701722 3.8901885 0.2675278
dually 2.7501721 -1.6668844 2.167372 2.014372 0.40542102 -0.26602104 -0.15855116 -0.92216456 -1.68787 0.07555343 -0.32417458 3.7147748 -1.1244196 0.26247624 2.07124 1.4176353 1.6575938 0.48182705 -0.5017126 -0.4011118
palindromic 3.7683237 -3.0996127 5.379908 0.22304057 -0.2519665 -0.28183764 1.6729405 -2.1965783 0.089920886 0.4112433 -2.1432996 1.7242434 0.2290579 0.32052478 0.8725881 -1.734676 1.977059 0.3761983 0.015473298 -4.3739524
coplanar 4.8098373 -1.6531361 4.796029 1.3931124 0.32325453 -1.6622422 0.9646979 -4.697596 -1.4562669 1.6888255 -0.4058941 1.6813645 2.0011086 -0.4237966 0.2053597 -0.07862206 1.8035549 0.3062798 1.7316741 -1.30389
deflate 0.033219144 0.04747686 3.24269 -1.6460027 -0.65848917 -0.97205555 2.030517 -0.92759264 -2.2991753 0.43344674 -0.1765575 1.3267409 -1.2812665 0.19149981 -1.5057554 1.2489642 -0.5100794 0.56535536 3.8450334 -0.24354818
cubit -0.6473558 0.025848504 0.36392543 2.6648743 0.8289127 -1.3750161 2.1580732 -2.5427 0.6687839 2.0791607 0.27471566 2.8523903 2.5240073 2.1792626 0.8915441 -0.8845943 2.9391675 2.2940726 0.29911804 -1.7579943
flaccid -0.8876203 1.5822575 4.4508095 1.6421599 1.5612937 0.76175135 2.7877424 -2.1439428 0.6655478 0.23132737 0.7547857 -1.0815691 -0.14798257 -2.3574934 -1.0591254 -0.51807886 1.4076666 1.6189195 3.0339725 -1.6746032
stably 3.6935174 -0.5477439 4.5914707 0.30857548 1.0860825 -0.08957445 0.8083008 -3.2981317 -0.870692 0.18467546 2.1824226 2.01467 -1.3508134 0.2955682 -0.23350874 0.6917701 0.91884387 -0.07434747 1.4800828 1.2843391
detections 2.058518 -0.3258446 3.7069585 -0.5943698 -1.8127522 -3.3293924 1.952753 -3.735891 2.079704 1.9523233 -0.88308245 2.2968462 -0.9971972 -1.5619038 -2.5559278 -1.504337 2.2182245 -1.8434541 2.3054624 1.8390982
integrally 3.3010783 -0.45312393 3.1330857 1.3537292 -0.44478622 0.95659405 1.2619529 0.44258988 -0.95335925 -0.33274293 0.7018481 2.2553375 0.29596645 2.1034138 1.3055722 0.3650494 -0.27337375 -0.01587362 1.8908046 -0.105758
doublets 2.3140264 -1.0659698 3.2035959 1.3815479 1.8516539 -0.21060736 2.79223 -1.6797458 1.8757567 1.0174804 1.50194 2.9812858 1.9207729 0.7598222 0.41517466 -0.8007061 -0.028129686 1.8309686 2.9425259 -2.1674128
complementation 4.077113 -2.0667198 6.235087 1.3925995 0.032436896 0.48436868 0.69855815 -2.595443 -0.089328244 0.7206631 -1.2708707 2.0979168 -0.9428972 -0.6554082 2.004786 1.3243344 -0.35230497 -0.8330495 0.4782668 0.31110254
stria 4.16618 -0.29063702 3.8507998 1.5431077 0.4551327 0.05248356 -0.9973264 -2.1329467 -4.4908643 0.98554885 0.6417356 1.1291279 1.4191911 -1.716207 2.3231044 -4.110146 -0.274651 -0.58597106 -0.41918916 0.31307974
laterals 2.179308 0.21394026 2.1268222 3.5779192 2.110453 -2.1667962 2.4708126 -2.6315682 -0.4646664 -0.10222429 0.43942553 0.11570961 0.39768466 -1.1795298 1.0204903 -2.0435305 1.420245 0.66095465 4.35542 -3.5916562
meridional 2.0819619 -1.211227 2.2800539 2.5089126 -0.76525867 -0.87629324 -1.3373053 -1.5861406 0.026901279 3.7900515 0.27907127 3.152496 0.96900886 -1.1676521 -3.564987 -1.698465 1.8323385 -0.739905 1.5692722 0.09553855
breakpoint 3.1993883 -0.45280993 3.997255 0.23007722 -0.63592744 -1.7347145 0.49349746 -1.5270522 -0.70160675 0.9164912 -0.44254792 1.2622244 -1.8455409 -0.26235518 0.036265813 -0.8123415 1.630189 -0.080203205 0.69537586 0.6291193
visualised 1.1895975 -1.1163006 2.2997375 0.009236146 -1.2357085 1.6657181 1.7668326 -1.0315099 -1.1767079 0.3858495 -1.9230309 2.0626915 1.6877398 -0.41390336 -0.83008265 0.46339482 0.51842934 0.9855904 1.0024186 -0.3549255
adventitious 1.5590793 1.6715248 3.4706984 1.4268655 2.15384 1.609494 2.02728 -4.2724667 -0.3168951 1.2855648 2.9035234 2.3212163 1.3407865 -2.0837166 -0.1431381 0.37697113 0.28386873 2.4182134 2.4002879 -0.7501791
clumped 1.8149377 0.8774238 2.6087816 0.27077195 1.2328144 0.5521196 0.86077076 -6.101582 0.19067979 1.4661819 0.7247374 1.4239283 0.6225962 -1.970848 -0.16591308 -0.12179703 0.45312923 2.4874513 2.0817034 -2.0044398
signposts 2.5440457 -0.038458597 -1.1705272 1.7642827 -1.6076022 1.011513 1.9874511 -0.5549398 -0.77591765 0.25185218 -0.51934063 1.934618 -0.4881143 1.3105099 -2.0889533 0.18829702 1.0089517 0.071190774 1.7882767 -2.4398706
misaligned 1.596393 -0.7255751 3.591411 0.6634861 -0.052032758 -1.4400821 1.6157315 -2.5360582 -1.8280994 0.97287005 -0.7369918 -0.052950025 0.6243641 0.40399334 -2.2363894 0.6725318 0.7517043 0.4711559 4.421855 -1.0532305
brightening 1.3128211 0.70437926 2.9151125 0.2226892 -1.17796 0.8550108 1.8138804 -1.3578304 0.3473617 1.392171 -0.053960335 0.89550805 1.2092714 -1.7408719 -3.842552 -0.5832199 1.6260496 0.78144974 3.1351113 0.5690922
orifices 0.7090018 2.0724382 2.9671035 0.8110856 0.6055293 0.26456586 4.2505846 -3.488756 -1.6713336 2.0144422 0.6821484 -0.21916549 0.987752 0.31330317 -0.12711121 -0.6709435 0.8987396 2.4520552 3.2810621 0.5036372
pinwheel 3.2766824 -0.26127473 1.5399083 -0.74043596 -0.23607132 -0.92795545 2.2886634 -0.024285968 -2.1128 -0.202381 1.1040922 2.5731585 3.112622 -1.3039865 0.27529547 0.15168814 0.41551563 -0.029548021 1.245448 -1.1315414
stomatal 2.8369405 1.883311 3.8431365 2.227351 0.9252918 -0.6868715 0.5797159 -3.9008534 -1.3187275 1.2489947 0.27165487 0.6746803 0.6638523 -2.3032064 -0.51355094 -1.82392 -0.032888453 2.8145597 4.0803638 0.3134926
fragmenting 2.3799994 -0.22437958 1.1952701 0.23096201 -0.13066094 0.6620532 0.9331015 -1.9486872 -0.029359814 2.109126 0.66696405 -0.17895436 -0.7715722 0.06879473 -2.515041 0.9507954 -1.8085538 0.69849163 2.455156 -0.12381999
accidentals 2.7569358 -0.42070737 4.176875 1.4455633 0.41030812 -1.0512053 1.112832 0.55273193 2.0223107 -1.0288242 -0.39272895 3.3167934 0.8510656 0.7839318 1.4682068 -0.9598048 1.2543448 2.457711 3.6071167 -2.9719522
unconditioned 0.82031155 -1.0937065 4.8877115 1.3897862 0.59017223 1.9713526 2.2427058 -0.79229754 -0.8530457 1.8360653 -0.7543428 1.5654294 -1.5769637 -1.8904256 -2.5061803 0.5819853 2.0912197 2.747745 2.0780797 1.8029826
meshing 1.7173216 -0.9061768 2.86382 -0.54936594 -0.30669948 1.5107203 1.0736204 -0.13002945 -1.2789768 0.13513458 -0.46039766 2.141316 1.2183112 -1.0882488 -0.9132795 1.9641619 -0.1680783 1.191249 4.0536237 -1.2960668
penumbra 3.0799642 0.23803735 2.2965071 0.5880567 -1.2517958 0.06280395 1.9399896 0.5198757 0.29167017 0.7330962 0.068043575 1.415647 2.1290312 -2.703889 -2.507309 -1.0619589 1.2691668 0.32208586 -0.41271958 0.4437729
substructures 4.1724186 0.8581908 4.0359 1.7013992 -1.2570832 1.3556975 2.0937488 -2.1005025 -0.84824055 1.192293 -0.12205475 1.662663 -0.65095484 2.5807915 0.95576423 -0.05405837 0.124150716 0.3867974 1.4335163 -2.1263602
pneuma 1.7457666 0.17700562 4.0346293 1.2185019 0.48713377 2.0833476 2.698129 -0.7659252 1.2270184 1.198739 1.5096468 2.6357942 1.9279182 -0.96587926 -2.8816154 -0.24976692 1.5735023 3.4554753 -0.7769643 2.3806667
unpredictably 0.6526218 -0.004905147 1.9593252 -0.66836053 0.37754175 0.16827996 1.8736079 -1.6492466 -0.08728525 0.1982785 1.0518227 -0.186347 -1.3379501 -0.9114291 -3.1614978 0.99894196 1.0185118 0.21294267 3.8127072 -1.5802029
triangulated 2.8260531 -2.0489235 2.8565488 1.6623284 -0.59684414 -0.055880018 1.1565701 -1.7171328 -2.148883 1.05248 -1.4990721 2.543696 1.5808866 0.8079776 0.8257061 1.0104066 1.4068514 -0.4016481 2.3304737 -2.0258346
cutoffs 0.9872339 0.5583166 2.2047732 1.4464829 -0.8413233 -1.2742232 0.67631894 -2.4371464 0.5912503 0.94192654 -0.70857316 2.1236987 -2.5482986 0.16053751 -0.6455003 0.2893311 1.6389546 -0.112269774 2.9430985 -0.6483198
outgrowths 2.7893457 0.95592016 2.522607 2.6581283 2.1667924 1.1856029 1.888157 -3.399349 -0.19675234 0.7630474 1.1990107 0.22242433 -0.41117916 -1.1745728 1.3487557 -1.2211664 -0.73269475 1.8869746 2.4128833 -2.5051715
gridded 3.397064 -0.23149703 1.2357397 1.3977065 -2.2835574 -0.20001861 0.6870216 -1.9411824 -1.3916043 0.26059344 -2.024942 2.9619424 1.7774656 -0.053094033 -0.7454257 -0.073384814 0.3184175 0.086702995 2.4244902 -1.0141788
reciprocally 2.734702 -1.1526407 2.3055592 1.0868086 0.9850411 1.4470794 1.3316357 -1.4921229 0.5548209 0.8667044 0.7137222 2.0199354 -2.0373287 -0.06916995 -0.18704759 0.7777555 0.5292306 1.2568558 1.0845307 0.9721073
midpoints 3.9144294 -2.0582976 3.0292659 3.1490207 0.46526915 -1.0938662 0.3164963 -2.1823256 -2.9857683 1.0999663 -0.5530541 1.5439787 1.1485794 0.08369401 -0.047152314 -0.41809347 2.8572223 0.049644735 1.7381184 -3.2154267
antipodal 3.507603 -2.425685 1.3902645 1.4773762 0.077639684 0.043013096 -0.12862493 -2.6771276 -1.6180581 2.5243587 -0.06648098 1.6093762 1.4340191 -0.6754641 -1.9314147 -0.09019905 3.1617017 0.079343565 0.34099132 -2.5003567
backbones 2.774016 -0.042990748 2.0943255 0.13359118 0.06218459 -0.30645883 0.24653931 -2.463851 -1.5039523 1.1322322 -0.035661455 2.3252153 -0.96644646 -0.44599855 1.3817368 -0.29642725 -1.542819 0.91312397 2.4380765 0.726092
starlike 2.5830963 0.23348637 2.1332378 1.7911596 0.7829127 0.016547723 2.8415794 -2.9138274 -0.090490386 0.89969546 0.52013606 2.4137664 2.8512344 -1.5607414 -0.892471 -0.72030056 2.02189 2.237733 2.036349 -1.7679585
unlabeled 1.935789 0.033828076 3.899334 -0.98089933 -0.26367125 -1.4932958 2.0351477 -2.6408362 -0.4978634 -0.5600613 -0.22353321 3.2198248 -1.3739663 -0.43317157 0.35918227 0.64505035 -0.020465823 1.2612005 0.3258711 -0.8483059
behaviorally 1.6491767 -0.4391915 3.52886 0.7364589 1.2951686 1.9354976 2.776527 -2.4666348 2.1964834 0.25946787 0.09314669 1.4610853 -2.5392375 -3.5548134 -0.1626391 1.8910432 1.0123736 0.2191351 2.9135125 -1.2114186
transposable 5.7281775 -2.494044 5.6588893 -0.4162992 0.3483943 1.2828456 2.2212472 -2.8089051 0.1641204 1.4467648 0.15224403 0.8277882 1.0784153 -2.2172577 0.38238117 0.9907141 -2.3823788 -1.1752132 0.8794759 -0.709213
concavity 1.7148404 0.594636 3.6280272 3.7306561 1.109035 -0.12080177 1.4013958 -2.1193457 -1.4411948 2.6439962 0.737378 1.0441647 1.3848304 -0.6931879 -0.531058 0.26503155 2.5594952 1.4384873 2.8360975 -2.5273376
voxel 3.6509874 -0.49582672 3.7785587 -0.16295855 -2.0320797 -0.7158558 1.1927449 -1.1675553 -0.97328603 1.4460204 -0.9916648 4.3576612 0.04364922 -0.76489675 -0.63915384 1.1554649 2.008917 -0.30921036 1.7173638 -0.32878247
embouchure 0.020075047 0.20708624 4.423471 1.3583213 1.7096078 1.1365056 0.7348409 -0.406569 0.3194472 -1.5401725 0.7133552 0.9611385 1.9751747 -0.65425193 1.2932388 0.41626495 1.4367763 2.0572255 6.714845 -0.24601446
blips 1.6132622 -0.62813723 2.0966043 -0.74741584 -0.40128228 -1.9063096 3.8970997 -0.26206544 -0.5565486 -0.7604346 -0.2998068 1.4996431 0.1888496 -1.2373903 -2.4980512 -1.0549824 1.1521811 0.13483374 4.2609715 -0.84932315
detaches 0.6205292 -0.4188691 2.231834 -0.628601 1.2909427 0.43310276 3.2470882 -2.8339238 -3.7227712 1.0184975 1.1657562 -0.27874598 1.6789837 -0.8635327 -1.2436143 0.70547247 1.8258015 1.6109978 1.6221048 0.7742525
dithering 0.22844027 -0.46872282 3.1443357 0.22492889 -0.6065684 -0.5858092 2.182638 0.48777485 -0.37126687 0.27975225 -0.8777246 3.001856 -0.38859174 0.054477774 -1.0644019 1.3538463 -0.041882206 0.9219899 3.0958297 -1.1723264
repetitively 1.0555123 -0.48065665 2.8259554 -0.15330349 0.7200719 -0.037546303 2.7284667 -0.53679436 -0.804923 -1.4016083 -0.07122204 0.5656648 -1.167698 -0.35566437 -0.78146094 0.40261704 0.9663807 1.7560862 3.230922 -0.14241514
streamlines 1.900051 -0.5993092 2.5946994 0.16904415 -1.7087679 0.32942605 1.1464324 -1.289535 -2.2633321 0.79111886 -1.1629688 2.2852547 -0.12113639 -0.64795834 -1.4067372 1.2246209 0.8476732 -0.63911974 2.4452155 0.64410067
unbalance 2.0952058 -1.0163282 2.5409856 -0.90004015 -0.580502 -0.4359099 1.1165247 0.058724336 -0.83372086 2.2200818 0.32625937 0.56687856 -0.65105927 -0.84525335 -2.556322 1.0859394 1.238201 -0.4217776 3.2816684 0.162719
paraboloid 2.8474338 -0.34288654 3.7386596 2.9337885 -0.95604724 -0.18823019 0.9783793 -1.1304613 -1.6997154 1.0655981 0.07493703 3.2197974 3.3911228 1.2878234 -0.14469971 1.4067403 2.9229715 -0.22740193 1.8732558 -1.9645628
seismograph 1.9609488 0.68465453 1.0904351 1.1646857 -2.660012 -0.7956255 0.71350855 -1.1089584 -0.17888135 0.4973312 -1.0964953 1.7885542 1.4392763 -1.2898836 -1.9252654 -1.4945773 1.1465688 -2.3755143 1.7974263 2.0978858
rearranges 1.5411457 -0.7117909 4.535115 -1.0635011 0.7147285 0.3207929 0.30303672 -1.4452597 -1.7830929 -0.01537101 0.27136403 1.5549427 0.9968628 -0.6445722 -0.24724156 0.13735479 -0.34742728 2.1661882 1.0211447 -0.53185403
constricting 0.5503336 0.12055705 2.6421366 0.58669305 0.9161813 1.5097811 2.38023 -2.6323888 -1.0774368 0.74399054 0.24559434 -0.5076416 0.12039511 0.039446786 -0.9956743 1.22896 -0.2094594 1.8359909 3.5119443 0.39069384
destruct 0.5888105 -1.6137143 3.1016243 -2.16706 -0.30159557 -1.6204929 2.5105789 0.30107647 -1.9606037 0.3533432 -0.5207315 0.19604427 1.1778542 -0.7936735 -1.9788822 0.99312615 1.4167979 0.85527056 1.6622409 2.2785094
polarizer 1.4606532 -0.53707033 4.380555 2.6950138 0.04280046 -2.5483165 1.195457 -0.38415113 -1.6831797 1.5095139 0.6599762 3.9186647 1.9924697 0.09184949 -1.0514575 -0.27579185 2.6955554 0.62250096 3.8836644 0.91449815
stapes 1.2904058 1.8545887 3.2404048 4.0165896 1.5234414 -0.61755955 2.2783015 -2.270835 -0.91680604 0.514257 1.3201789 -0.60003835 2.6774428 -1.118437 0.59337413 -0.39475894 1.0223294 1.0461693 3.5289977 -0.7132633
planform 2.1054122 -1.6817303 1.8845321 2.466425 -0.012136939 -0.9354925 1.2579833 -0.7224086 -1.0180297 2.2078702 0.37261564 2.250058 3.4472227 1.028096 0.7104747 -0.021617422 1.3553878 -1.5464659 5.6695876 -1.4856676
bandwidths 1.2690834 -1.0844071 2.350935 0.4629542 -0.9994431 -1.5844892 0.08647916 -1.4073074 -1.0534683 0.5649811 -1.440777 4.295651 -2.0769086 -1.135482 -0.7196454 -1.9609294 1.1988066 -0.19025867 4.937643 0.8010659
adaptively 3.1473048 0.6748182 2.6964602 0.29616615 -1.7743007 0.6062935 1.6234957 -1.2313337 -1.3830388 -0.9056954 0.20659886 2.5499833 -1.2911079 1.3928297 0.088800386 0.8699288 -0.12130216 -1.0759636 1.955605 -0.20094892
modifiable 1.8357509 -1.3700142 2.9602392 -0.7550841 -1.2280802 0.6434896 1.2577078 -1.3553758 -0.5828126 1.3786284 -2.158377 2.2680166 -1.1759567 -1.039992 0.42911908 1.9770464 -0.5298395 0.113631 1.5585165 -0.7972642
ribcage 0.67832536 2.090954 2.5124483 1.4364684 1.5589131 -0.24872474 3.2443595 -2.3088913 -0.7112259 1.7348858 2.2953506 -1.0320845 1.3629904 -0.36047393 -0.2081378 0.43472406 1.6617501 1.4913323 3.4634073 -1.1321169
theodolite -0.018863348 -0.102865696 0.043414354 2.0750787 -2.0895102 -0.4515463 2.0004501 -1.4904995 -0.48226956 0.9409186 0.3105315 4.105767 2.6865335 1.500114 -1.4161705 -0.26157388 2.0083168 -2.7935314 2.8689494 0.9814623
attractors 2.9266584 -0.33010006 3.84035 0.31209505 -0.8416839 1.0011182 1.8731802 -1.075919 -0.53886926 0.49799564 0.46765232 3.0171266 0.453871 -1.7882998 -1.6498052 1.7343785 1.166809 -1.0721009 1.3728353 -1.062407
ghosting 0.7786393 0.27613348 3.223641 -0.6623909 -0.9710249 -0.87273353 2.5573614 0.4826776 0.27475613 0.12682247 -0.5044287 0.97539085 -0.15195443 -1.8734736 -2.7186286 0.62173444 0.06165625 0.2921481 2.7615118 -0.7700773
proximally 1.6304113 0.47951287 2.9307585 4.3911552 2.5031908 -0.84017706 1.9401629 -2.7045782 -0.61050254 1.6816561 1.024279 -0.37987202 1.2857239 -1.7944003 0.27080184 -1.8604516 1.4719017 1.8186331 2.7418892 -1.0793619
zoomed 1.3529905 -0.82211757 0.39715677 -1.1285024 -1.6208867 -1.1138235 2.074177 0.72362953 -2.2224534 0.5242938 -1.4548657 0.5521168 1.4578116 -0.6443347 -1.9944892 0.35993063 2.3974094 0.8625301 2.6219404 -0.8363759
constrictions 1.8566768 1.2343868 2.420031 2.060935 0.040975764 0.4182749 1.6747546 -1.995919 0.22458367 1.3519728 0.1429984 0.20655383 -0.33953485 -0.29059917 -1.2343304 -0.58689344 0.5198439 1.3023434 3.0416825 -1.0075986
trilinear 3.0072918 -3.112333 4.8035707 3.0577586 -0.7343227 -0.7099423 -0.027340002 -0.79090136 -2.9780266 1.3710738 -1.7855722 4.347731 0.57190573 -1.0850881 -0.1348844 1.2612344 2.8234367 -0.575387 -0.4934248 -2.0945008
sectioning 0.9046644 1.09182 3.4841554 1.5049411 -0.82473344 0.12325144 2.6296556 -2.5088325 -0.18444449 1.2087774 -0.51724243 2.1422763 1.4941428 -0.011207386 0.21295227 0.8561372 0.39962566 0.4760836 3.3655267 0.6921771
ophiuchus 2.0770113 -1.4712912 0.88345265 0.9233878 0.5823991 -0.98680544 1.8316846 -1.1370561 0.14073929 1.6456383 1.1766093 2.026501 3.1854067 -2.0114346 -1.5141972 -2.389786 3.0463564 -0.13169056 -1.1153014 -0.064294584
multidirectional 3.153945 -0.98083204 1.5760596 -0.73453057 -1.0745914 0.50583225 2.414926 0.85978764 -1.4471475 1.6363705 -0.19134645 0.8824503 1.0263906 -1.6101248 -1.5057349 1.1369677 0.7176526 -0.48285887 3.2319515 0.11354581
veining -0.109404124 1.8755972 1.1336981 2.1480553 0.83981425 -0.29606175 1.8220092 -2.4806306 0.44188416 2.4399078 1.0143393 2.3853312 2.4550965 -1.8801725 0.4747684 -1.1113292 -0.109784275 2.743713 3.0924315 -1.6707796
hued 0.53881854 0.055584412 -0.09518837 0.82440656 0.73346657 -0.31799456 2.4748707 -1.4735796 0.6187791 2.248755 0.25073147 2.8425884 4.7533526 -3.488488 -0.23945832 -1.7363738 1.4353046 2.4632454 1.3052053 -1.0211018
iterating 2.8185594 -1.9449327 4.642256 0.3393236 -1.3071072 -0.6719212 0.28895748 -1.4770617 -1.7957448 0.34690815 -1.3325222 3.0236084 -0.30189764 1.1384284 -0.11988054 1.3138776 2.1980922 -0.063568085 0.3282944 -1.2038792
cueing 1.3196143 -2.112516 3.2664173 0.12873602 -0.9508523 0.41052228 2.799188 0.5218993 -0.7429538 0.5416081 -1.7645179 1.8408381 0.83051836 -1.1178458 -0.43310872 1.5486114 0.83802545 -0.2651911 4.17505 1.6530304
estrous 2.4401817 0.40698543 2.7691293 -1.7733607 1.4119551 1.2364023 1.471824 -5.18504 1.4418563 0.2193318 1.3050493 -0.8455965 -2.1700258 -3.03209 0.20810646 -0.73122925 3.9101405 0.75413686 1.9984363 -0.04541765
intermixing 2.658699 -0.46315566 1.0040308 0.5475229 0.49478355 2.2329278 0.65198314 -2.0659432 1.6950021 1.1258395 0.69405955 0.7542794 -1.1285486 -0.46441785 -2.082067 0.42452988 -1.5809696 1.38789 1.2405809 -1.2245821
scarification 0.86748207 1.9852685 1.801968 0.14240694 0.44405574 2.6629632 2.8495772 -2.9143014 1.7831908 1.4709815 1.0422696 1.1515579 0.61681557 0.15524997 0.009379565 0.8174306 0.6578558 3.8027046 2.000718 0.92469996
indwelling -0.647346 0.7435756 3.336392 2.5635614 0.36362287 2.4519045 2.953088 -0.84453684 -0.93774396 0.47877854 -0.41766566 0.6608045 0.6389468 0.113400206 -1.3187057 0.90540856 1.4246385 4.3420525 -0.4365242 2.4709837
synchronise 1.3012913 -1.7505282 1.351566 -1.6513602 -0.77237123 0.3379565 1.7871475 -1.564201 -1.6927963 -0.77350235 -1.5407914 0.69341546 0.42696908 0.056390636 -1.1250614 0.25931588 0.71296567 1.1562189 1.9009434 1.0679857
remapping 2.5726178 -0.76178956 2.662386 1.0600624 -1.3946377 -0.32697544 1.6065755 -0.980964 -1.2589136 0.27205664 -1.493323 1.7969182 -1.2351254 0.016809111 -0.63587034 1.1432477 0.36765483 -0.67125165 2.0911446 0.10728116
polarities 2.5179741 -0.84541225 4.109209 1.7725875 0.30557325 0.7123504 1.557672 0.08699026 -0.056522 1.2408603 0.34631205 2.185187 -0.21336229 -0.8843853 -1.0940721 0.625516 1.2794249 0.758201 2.1279745 -0.51428163
mastication 0.31593388 1.419274 3.5682006 1.1886762 1.4325482 1.6700159 2.5079339 -2.7428546 -0.21712667 1.9250281 0.88091385 -0.11062866 -0.45311382 -1.5892152 0.56112355 1.322986 -0.1192794 1.8246773 3.820711 0.7339246
pinpointing 1.9603233 -1.6047765 1.4345406 0.29620674 -1.0194836 1.026823 1.8902149 -1.755328 -0.20422432 0.8490373 -1.0179601 -0.37377846 -0.674974 -0.15505809 -2.6180499 1.2575694 -0.042444367 -0.7308902 0.3459826 -0.15735124
syphon 0.092573255 1.0649183 2.473303 0.13939343 -0.52863 -1.916688 2.323495 -0.6726824 -3.1235175 1.4109565 1.2704046 2.8100855 1.4685638 -1.1944872 -2.011024 0.77060556 -0.20994799 -0.2906551 1.7412165 1.1897972
monomials 2.1941152 -2.0194316 4.8188667 0.91130424 -0.5536722 0.16639978 -1.368416 -2.110594 -0.19579951 1.454784 -1.2231926 3.8488846 -1.0621761 0.798788 2.1613917 0.42428058 3.0712745 0.47700146 0.008447111 -2.0762262
tesserae 3.2808313 2.8316917 1.5525137 0.29345128 -1.6415385 1.1204563 2.795392 -1.0581503 0.7898857 2.500235 1.5588771 2.9154713 3.186382 1.3320895 1.0336605 -1.154021 -0.05844471 1.5714701 0.9398061 -1.6029826
tonalities 2.308668 0.372306 4.0723214 1.0846138 0.0791063 1.8671794 1.2097151 1.0868106 1.8390516 -0.57775974 1.1325866 2.198715 2.1545184 -0.30035567 -0.92108464 -1.1591654 0.5942261 1.3174481 3.649383 -2.1840699
compositionally 2.6906524 0.6302782 3.5455742 0.584285 -0.44604188 1.7884017 0.74922806 -0.04777984 0.69694054 0.13201708 0.6212565 1.9155385 1.9267491 0.08320014 -0.824667 -0.8642038 0.2275056 1.5649519 2.2347236 -2.098361
ultrathin 1.1221029 0.38831723 2.9057307 -1.7535526 -1.5119842 -0.70214504 1.0230881 -1.5186301 -0.31606916 1.1521887 -0.5417961 3.257906 2.7758255 -0.43053913 0.3519969 -0.1428618 -0.9399607 0.37257805 3.3916533 0.8089461
splay 2.367538 0.44295934 2.6291232 1.3431625 -0.02499626 -0.1997532 0.72088903 -2.626973 -2.4754815 1.0983468 0.12380999 1.1201926 1.7904932 -0.060164526 -0.99235654 0.5039438 1.623549 0.81636816 1.6118989 -2.501267
tomographic 1.8499403 0.4978147 4.349836 1.4635214 -2.954921 0.13022219 2.1638808 -1.7632653 -0.6226458 0.73164326 -1.7266358 2.7492628 1.6937032 -0.63349694 -0.5881001 -0.027575064 1.1293533 -1.3829968 1.6234212 2.1441805
demarcating 2.0754662 -0.8600078 -0.11768133 2.852491 -0.36289382 0.9396367 -0.57717836 -1.4866155 -1.3072951 2.3397446 -0.987332 0.29993352 -0.4170376 1.2741839 -1.9212784 0.7636061 -1.0317328 1.7030483 0.62091374 -0.78057647
splices 1.4194077 0.3604026 3.5807574 -0.93167704 -0.55447406 -0.9264343 2.6123097 -0.8020511 -1.1183146 0.1470252 -0.20710854 1.4199164 1.1943182 -0.33261082 -0.424172 -0.71478915 -0.43309733 0.31984672 3.7921183 -0.6855881
stoma 0.7657091 2.080855 2.9650168 1.9100723 0.497992 0.3184124 3.0821838 -2.5814528 -1.3931236 1.1629373 0.68043303 0.50757575 0.76101524 -0.26314867 0.3950478 -1.7109133 0.58455676 2.1518466 1.963575 0.67833465
flagellar 3.730231 -0.7370049 4.032548 0.8862538 1.7205441 -0.4892248 1.2560365 -3.853759 -1.6831709 2.1124887 0.8223487 0.46420285 0.9879131 -2.2332246 1.6185429 -0.07730857 -0.33714288 0.22369815 2.240963 0.60033447
volar 2.702296 -0.4742702 2.2976775 0.6017377 0.7525749 -1.2113628 -0.07887608 -0.29051778 -2.0923245 1.4300085 0.6152302 0.66704553 1.5376456 -1.4772726 0.9872395 -2.1590717 0.47980517 0.4126663 1.6059748 -0.03630751
compacting 1.8028027 -0.095791325 1.4969968 0.47025946 -1.0506124 1.17319 0.6408896 -2.4781604 -1.7833052 -0.055984817 -0.8054823 1.7927693 0.45417923 0.737009 0.46449864 0.42855826 -0.7072993 0.06304567 3.9650223 -0.07089407
reachability 2.3663874 -2.3822901 3.9240038 0.7770334 -0.9549154 0.32703605 1.0261849 -1.2716324 -1.9421331 0.59680635 -1.7470412 3.6224365 -2.3406892 -0.204812 -0.3487572 1.4778811 2.2193036 -0.4284357 0.5468182 -1.0820361
overloads 0.67797756 -0.22486763 2.6722286 -0.93613887 -0.46296123 -0.5249462 2.7330556 -0.8392165 -3.3181214 1.0134254 0.3568366 0.17503363 -0.30900878 -0.063857 -2.100101 0.95141363 0.7504574 -0.13607432 2.7336679 1.1424564
phenology 0.7504624 1.6275257 0.6802289 -0.60756505 -0.60098183 1.5591872 0.5426748 -4.3961973 1.6598319 1.659149 0.7986992 2.7074757 0.12368238 -2.9993997 -0.643324 0.06618332 0.97843796 -0.20349678 0.6038303 -0.55073285
delimiting 3.186953 -1.1044514 1.3177105 1.9562718 -0.25092193 0.47097388 0.22460163 -2.0436227 -0.7623329 2.348825 -0.22335784 1.648762 0.852772 0.4668229 -1.4552643 0.43428797 -0.32453606 0.90784556 0.09915525 -0.73890746
limiters 0.018224934 -0.88466924 2.0655172 -0.25789872 -0.3622242 -1.8062458 0.87097627 -0.7582304 -2.4356196 0.6681324 -0.6903133 1.9514428 -0.054428343 0.17558078 0.13349293 0.70114785 0.99556386 -0.50941026 3.9044945 0.8312486
brainwave 1.0006497 -0.46301568 2.0942914 -0.54921126 -0.03907196 -0.10219286 3.277301 0.08691133 -1.0948741 -0.5025553 0.17999968 1.0287342 0.8047722 -2.553947 -1.2749648 1.3218163 -0.038262438 -0.49068746 1.4821876 2.0314102
foliate 2.3247402 1.1727817 0.8124752 1.6310835 -0.2389246 1.1577442 2.0872056 -1.0833459 -0.34301582 1.5458944 0.38010678 1.577285 4.060702 0.9437564 0.96397686 0.15456857 -0.3594904 2.7926483 1.6627663 -3.0658672
bisect 2.5124898 -1.3711883 0.17174478 2.0829082 -0.13911954 -0.4143042 -0.44432223 -2.2427635 -3.9863682 0.07800041 -1.0112852 -0.06413382 0.7929223 0.1630815 -1.3129852 -0.20086722 0.89462066 0.3066386 1.3298169 -2.4999564
iterates 2.1755884 -2.1121433 4.607355 0.61573505 -0.6990673 -0.7277018 -0.05937346 -1.1636252 -1.4833552 0.7789159 -1.4464513 2.7833517 -0.8663352 0.42407668 -0.23100445 0.82889265 2.299021 0.047963005 0.47177106 -2.152641
cheekbones -1.3012519 1.1491681 1.6063823 3.1142008 1.9845864 0.5496984 3.1480324 -0.521195 -0.20630883 1.3536869 0.8952604 0.7067868 1.3466014 -1.4344301 0.16926761 0.5011363 1.8686725 2.587548 3.7337475 -2.9827363
astrophotography 1.2948934 -0.20271747 1.0850534 -0.41757885 -2.1327975 1.4871278 2.6450303 -0.29234472 0.88721377 0.0053123077 -0.4496162 3.5621831 2.970661 -2.0429928 -0.07438982 0.04383802 1.7617407 -1.8717468 2.5317702 2.4976459
decelerated 0.3565002 -0.3966308 2.6738174 -0.04191757 -0.3993857 -0.31781992 -0.9267716 -2.052425 -1.3482581 1.8193593 1.078009 -0.66650707 0.44858772 -0.7152649 -2.9456086 -0.48014513 1.9056581 -1.5666063 3.5655978 1.2258722
electrostatics 0.5581028 -0.78056026 5.058686 2.0009553 -0.91876686 0.7149444 -0.3063659 -1.7639649 -0.6274405 1.4800253 -0.6324732 3.3535633 1.2696389 -0.45298058 -0.25983235 2.143129 0.065497205 -1.213871 1.9874299 2.112131
undersurface 0.2712967 1.0908945 1.4081589 2.1898365 1.8642042 -0.55148304 1.8319173 -2.91802 -1.0896844 1.7070221 1.4527377 0.803637 2.1409214 -1.306171 0.5227905 -0.537618 0.65136105 2.2566528 3.0394742 -1.0808489
minimises 0.11082908 -0.056763377 2.162539 -0.74929035 -1.2342217 0.16187191 0.33823687 -2.0755668 -1.8465106 1.6479931 -1.1284964 0.8866558 -0.93424535 -0.17321287 -1.722524 1.8132118 0.36412576 0.4559716 2.9610994 -0.13588215
astronomic 1.7141747 -1.4204302 1.6459879 0.7836583 -2.2427912 1.6525254 0.7834207 -1.7672315 0.4273318 0.7812937 -1.3502762 2.3655138 2.2073212 0.2223356 -0.8655971 -0.21154335 1.6020018 -1.6709591 -0.7297145 1.1331382
superheating -0.33341807 0.46680805 2.969228 0.30130357 -0.9994018 -0.5955673 -0.5358527 -1.8687416 -0.27479663 0.79359645 1.1800973 2.2151794 0.36712822 2.8123844 -0.31147474 -0.075631544 0.19654997 -1.2896124 3.773338 0.07529909
homonyms 0.9690174 -2.5985963 1.8980017 -0.08693662 1.0718919 0.39751846 2.0486598 -1.3596343 2.1233792 0.9458962 -0.096865974 3.98875 -0.9445407 0.418249 0.74766773 -0.4588958 -0.22476342 1.3459984 -0.33860436 -2.7492902
destructible 4.4050164 -0.07189172 0.5302916 -2.4829588 -2.1443307 0.9376569 2.0872767 -0.358018 -1.9934808 1.5806954 -0.9295535 0.58012927 1.2850169 -1.0435997 -1.113007 2.7935555 -0.0016266083 0.55384743 3.100966 -1.768723
decrement 0.9102603 -1.4579636 4.052826 -0.12107283 -1.4215703 -0.9259225 1.2085507 -2.2490196 -1.3001075 1.5080785 -2.2357833 1.8492453 -2.0416737 0.52613693 -0.278371 0.6215584 2.9483864 -0.35182002 1.3233126 -0.38574663
forefoot 0.6297683 0.723668 2.050972 1.7778718 1.5694525 -0.8571208 2.6320457 -2.4312181 -0.46283647 2.4018996 1.0028249 -0.4064574 1.8835729 -0.39733765 0.7620865 0.6287713 2.0326412 1.1246687 4.3775926 -1.048465
decimals 1.7746062 -1.9055063 3.1731775 0.797444 -0.29560673 -1.3489014 0.16196063 -1.2860184 0.77254623 -0.092056334 -1.1882681 2.801818 -0.6138574 1.6846449 0.55883026 -0.36806825 2.0204346 0.32146847 1.1017938 -2.390102
apposition 1.7421595 -0.91575867 4.19747 1.8636945 1.9491765 0.5714669 1.9256722 -2.7439914 -0.23573458 0.8168497 0.50458795 1.3189198 -0.0618935 -0.26178262 0.05021519 -0.48590216 0.5737102 2.09394 0.91917783 -0.5776874
subdivides 2.7020602 -1.4553875 0.78319836 1.0187966 -0.6001726 0.7412967 -0.44060257 -2.8839843 0.38988757 2.0964315 -2.3451016 0.8770209 0.04662098 -1.1844871 0.31602496 -0.46588066 -0.1976363 0.7772699 0.060813773 -1.8429472
contractible 3.0459054 -2.2467356 4.733302 1.226755 0.17234899 -0.08697491 -0.29274917 -1.8005624 -2.7382455 0.88234484 -0.9805352 3.8862133 0.31771407 0.2361559 1.1091765 1.5243018 1.6682619 1.4621607 0.25036094 -2.1341407
prograde 2.6995063 -1.5897322 2.540641 1.5404682 -0.312649 -0.31738013 0.8891253 -2.1606598 -0.35506946 2.529594 0.22067554 0.8607036 2.8452914 -1.5027184 -2.8043594 -1.9189128 2.8471856 -0.39817822 1.5806764 0.37431154
linkers 3.1159692 -0.8227444 4.01524 0.36967495 0.4628846 -0.34711596 1.3675667 -1.3618267 -1.5950772 0.6987942 0.46773684 2.5880456 -0.92869693 0.48456165 1.7227223 -0.7995099 -1.3776953 0.56049573 2.2833622 0.32790545
differencing 1.2937876 -2.0043635 3.319217 1.3155748 -0.508235 -0.43556693 0.7370175 -1.159622 -1.2992544 1.6008734 -0.57227576 4.39466 -0.4246313 1.2042897 -0.3199047 1.6376574 1.377958 -0.21458025 2.245833 -0.44409588
unrolled 1.1444858 0.26582843 1.3386523 0.41590044 -0.7815612 -0.71456546 2.265999 -1.0186932 -1.1790138 -0.047994718 -0.39999327 1.3593111 1.9862312 1.8832041 -0.73011225 -0.41648534 0.9306853 1.6610206 1.8063527 -1.1594734
sinusoids 2.3733459 -0.035720136 4.716767 1.5377967 -0.34221622 -0.120611 0.79399747 -2.5787907 -1.6301813 0.31500706 -0.41510415 1.8564087 -0.81846756 -0.46467012 -0.35358605 -0.8110511 1.503652 0.3206739 1.7914013 -0.30566025
antiparticle 2.6621857 -1.8727261 5.3791857 0.29135042 0.6991372 -1.6115493 -0.24425134 -2.3445013 -0.73180985 1.6378579 1.0478419 2.818871 1.836862 -0.9745161 -0.6524929 1.1043357 1.3225907 0.7283613 0.33676237 1.4784245
infinitesimally 2.3094325 -0.79387987 3.2157357 0.9366223 0.3439047 0.21689403 0.7107557 -2.198215 -1.4850173 1.2707314 0.9960992 2.6748228 -0.6379505 0.5307524 -0.727752 0.29245904 2.0182636 0.41453606 2.1602244 -2.4190953
rootlets 0.98189265 2.6249218 1.6389109 0.7579633 1.304568 0.53742653 2.0663102 -3.3851335 -0.9858345 1.6901747 2.132872 0.9217018 1.9618355 -1.6293247 1.661697 -0.8360136 0.49262524 2.1328337 2.329168 -1.6683449
carpel 2.0215213 1.968675 2.6614547 0.9072914 1.8720174 -0.2751338 1.3082659 -4.7011185 0.003353017 1.0927987 1.1613685 1.1661869 0.4784111 -1.5249916 2.5187395 -2.1226194 1.3877248 3.1714108 1.6603786 -1.8435484
hyades 3.1015472 -1.5184567 0.45343205 0.40083835 0.9018306 -0.4599739 2.368605 -2.114323 0.79121387 0.5356392 1.1758353 2.2229042 1.9231702 -2.348041 -0.06161627 -1.89024 2.284312 0.22542045 -1.4431621 0.32455847
frictionless 1.0011643 -0.3176175 2.4114196 -0.33010533 -0.33379203 -0.35732636 0.30785242 -1.0421863 -1.9902445 1.2627112 0.92766625 2.4883556 0.6545403 0.8650195 -1.1331254 1.2341655 1.1295333 0.45319736 3.2602072 0.15445594
quiescence 2.399617 0.008847536 3.3308487 0.71853137 0.077608064 1.2329488 0.60466045 -1.4924593 0.42671442 1.3273497 1.2746898 -0.3373661 -0.5485363 -0.699443 -1.774774 -0.5466973 1.0238358 -0.3823757 1.4050069 1.2155895
nulls 1.9372354 -0.8566314 3.0622861 1.1387684 -0.5554594 -1.507641 2.4381273 -0.7593637 -0.96426517 0.544538 -0.7774603 2.5190003 -1.5450617 0.18565671 -1.2033678 0.3567307 0.86400586 0.13050394 1.3013836 -0.1805146
seismometers 2.8053231 0.51104844 1.9700623 0.81850606 -2.2350428 -0.65622884 2.0751364 -1.9398915 -0.111589804 0.9325667 -0.06285824 1.3498226 0.8018732 -0.53992456 -1.5368313 -2.01351 1.4320896 -2.702808 2.622792 1.5266554
biogeochemistry 1.021131 0.8606661 1.6852436 0.6934019 -1.2430869 2.3789113 -0.5678771 -2.7292967 0.5347972 2.6211052 0.67071885 2.2250655 1.7428797 -3.1601853 -0.17155418 1.1613485 -0.77230865 -2.2912374 0.46394598 1.9650621
delamination 1.6198217 1.739039 4.6818914 0.15424074 -0.80083627 -0.44923848 0.3083348 -1.6165111 -0.28505492 2.8777587 1.511056 0.02589877 1.1266401 0.5141248 -1.1600821 0.4289766 -0.06483103 -0.062641434 2.9861677 0.36349258
saturnian 2.2541883 -0.77506286 1.8922874 0.18138267 -0.39502335 -0.07036563 1.8899395 -1.869288 0.50563705 1.8131428 1.5315753 2.1098714 3.3612182 -0.76945555 -2.4241037 -0.4419219 2.03341 -0.44836795 -0.5932289 0.31155637
spalling 0.9402857 2.8919065 3.4695067 0.7702343 -1.5258054 0.22497621 1.8214327 -1.5685498 -1.2715393 3.2806344 1.3106006 -0.8268052 1.0218976 0.86486876 -1.5340159 0.59695673 -0.46444017 -0.18645927 3.9298587 -0.3150523
otic 2.5522425 0.58411807 3.7510762 2.719274 1.3677888 -0.22026236 1.6042309 -3.3640742 -1.2617987 1.2587109 0.6442823 -0.3674475 1.4700211 -1.8688701 0.37762833 -0.91159534 0.419541 0.8572541 2.3260758 -0.69108623
cloacal 1.5666761 0.8317206 2.833394 1.6651202 1.9041487 -0.12945367 2.202332 -3.72943 -0.8370899 1.1015224 0.77452594 -0.9611749 0.44883516 -2.00252 0.2997065 -1.0941796 1.4037424 1.9146445 2.1449578 0.411175
antonym 0.5809075 -1.7761257 2.6055138 0.7406437 1.1390287 1.3214682 1.4483613 -0.35593444 0.9667415 1.3203089 0.27912223 2.8516138 -0.6150598 -0.73420227 -1.2046944 0.106139205 -0.29870388 2.2456138 -0.13092 -0.5224432
perceptually 1.8078016 -1.2897431 3.3478332 1.2048038 -0.085072376 0.81430596 2.0989316 -0.18396804 0.5295983 0.51574904 -1.062484 3.1217768 -0.95088744 -0.59498936 -0.8479445 1.1113528 1.3006257 1.489853 2.7710226 -0.5315961
gyration 2.491062 -1.5906643 3.7282927 1.8396052 0.22531462 -1.0092548 0.46747428 -2.0939298 -1.4794903 1.6557368 -0.4261524 2.1445475 0.60465133 0.18204278 -0.19582814 -0.16696791 2.375146 0.27934015 1.4215224 -0.83756953
undulate 0.071139365 0.32556182 1.9008449 1.644705 1.5802668 -0.13956936 1.1401297 -2.4393551 -0.40230486 1.3547916 0.59918433 0.6790649 1.8374114 -2.1658604 -0.8279907 -0.8360175 0.62783116 2.1131468 2.8970783 -2.4207125
heliosphere 3.4005153 -0.29815733 2.2439063 0.5601696 -1.2470943 0.18116544 1.0953662 -1.2662295 -1.1225791 1.9122506 0.9447017 2.017433 2.2351773 -1.6646279 -2.7373462 -0.30466112 2.1511416 -0.628408 1.65686 2.7768545
combiner 3.3401265 -2.5567226 1.0703139 -0.8717084 0.5446324 -1.9379075 2.2569275 1.2207079 -1.4445368 1.2835497 1.0590206 1.0111321 1.3816731 -0.48963067 -0.8182815 1.337165 -0.18535925 -0.7397275 2.4986248 0.41450378
aureole 1.0447581 1.3411971 0.28459337 0.40197518 -0.36614874 0.6252082 1.2673026 -0.070340656 -0.44270882 2.048344 1.7042527 0.9280342 3.5568733 -0.3701344 -0.749561 -0.26033148 1.9289948 1.2495185 0.33577788 -1.7195356
deconvolution 0.8797114 -0.64993036 5.0439725 0.31272572 -1.7937614 0.7571636 1.3884083 -1.1296921 -0.2699566 0.21687254 -1.3980492 3.2425191 0.24424058 -0.24128161 -0.2453467 1.1544592 1.0001217 -0.85293514 2.2426221 0.79459846
subnormal 0.5801191 -1.4693068 3.2661548 1.7494605 0.49495813 0.5734039 0.6818469 -2.3531628 0.19089672 0.38941532 -1.1499559 1.6920315 -1.7545708 -0.9917374 0.8238027 0.92731833 1.4296823 -0.36888462 0.63060915 -0.3777482
histograms 2.1441116 -0.4447609 2.7959619 0.36661986 -1.7908473 -0.39326435 1.4377068 -1.4606987 -0.7526495 0.8754565 -1.6624835 4.1394377 -0.7050974 -0.78987306 -0.29418427 0.25188172 1.5164868 -0.27280226 1.2870102 -1.7533244
revolute 0.6786573 0.21581684 2.865032 3.1282508 1.2456605 -1.073662 1.1211771 -1.6301818 -0.08434453 1.7302177 0.5634426 1.0287482 1.1036873 -0.85418916 0.2180538 -0.82189584 0.031141385 1.4350864 3.1656895 -2.0381997
bistable 2.3901575 -1.4939468 4.696252 0.59539646 -0.08798462 -0.40750256 1.4910617 -1.3345615 -2.0780532 0.81736165 -0.833828 2.5112188 0.1009927 -1.6348565 -0.1516829 0.92831033 0.14398912 -0.03218413 2.9939106 0.89217746
voxels 3.2011607 0.12223209 3.5600176 0.15137975 -1.551816 0.03070574 1.8900038 -1.622921 -0.5629903 1.247334 -0.37969682 3.70302 -0.17226763 0.18552145 0.060028564 0.104758576 1.8201338 -0.06718419 2.096697 -1.092944
menses -0.19045532 1.138853 3.2227764 0.4324619 0.49476182 1.1006552 2.2034733 -2.5091996 2.1591148 0.5284949 0.32677317 -1.2573884 -1.5332688 -0.17255734 -0.5398164 -1.5171942 2.539909 1.9627731 1.193866 1.4529418
contouring 0.64268225 1.0612872 2.247109 1.074086 -0.680298 0.9954882 2.07571 -1.3204405 -0.8802394 0.90704614 -0.48302847 1.9108356 1.08902 -0.058744572 0.53845567 0.7172312 0.5456642 1.2967604 3.481159 0.003341571
barometers -0.5107129 0.8383979 1.2754091 -0.23361528 -1.7086763 0.037958473 0.596793 -1.7355785 0.7914255 0.5417788 -0.1421921 2.7017798 1.3450975 0.32917222 -0.82660717 -0.11975307 0.28282684 -1.1521708 3.186382 1.2490382
barycenter 3.0441608 -1.3080424 2.8062077 1.8882251 -0.95358413 0.5896957 0.8222445 -2.6452956 -1.3064016 2.5822861 -0.07985297 1.998692 1.5203263 -0.69403386 -2.0116754 -0.546218 3.7624462 -0.4626209 0.6178968 0.72361785
multipolar 3.0754838 -0.20735833 2.0824106 0.46863252 -0.5714543 1.4558206 -0.012362186 -0.27598134 1.0633811 2.1491926 0.41439384 0.50629586 -0.20929314 -1.1101662 -0.38110393 0.7763004 -1.0030996 -0.06160702 1.6053723 0.7262527
transect 2.5945725 0.07440248 0.5618062 1.6953557 -1.3795573 0.5098835 0.54517865 -2.8780072 -0.81573784 1.4674227 -0.4010392 2.0643573 0.37519717 -1.3592452 -1.7792715 -0.9448104 0.58455384 -1.3583916 1.1921526 -0.8131599
cottony 0.074514784 1.9835727 1.3995547 0.74420017 1.7849197 -0.52047217 1.8212534 -3.5879724 -0.17356434 1.884564 1.8767172 1.2378967 1.9345459 -2.1387923 0.23089822 -0.45710158 -0.114225976 3.094619 2.3360903 -1.1650205
polarizers 1.6471199 -0.20278637 3.3078806 1.4365101 -0.5108048 -1.3251271 1.7320328 -0.39830825 -1.2094142 1.0382503 0.17545429 3.1331213 1.5491648 -0.08061812 -0.785521 -0.16414838 1.0951034 0.3484734 3.505877 0.33769944
saccades 2.0175915 -1.0172452 4.1360893 1.6638026 0.025226725 1.432559 2.856397 -1.1881082 0.114838764 0.023264287 -0.9898186 0.43195447 -1.1054606 -1.916175 -1.2263185 0.22038683 2.046433 0.1410554 3.8357792 0.8732641
spiracle 1.714418 1.2866275 2.252567 3.3291247 1.9203678 -0.7795157 2.6444294 -2.814876 -0.95476943 1.5898023 1.219887 -0.17509957 1.3551428 -1.5385369 0.94651467 -1.4463952 1.8237457 1.7578225 2.6850863 -1.4051957
percentiles -0.12073447 0.40872714 2.1338053 2.447834 -1.1362073 -1.5018855 -1.3745781 -2.3526094 2.893379 1.4920667 -1.9866229 2.801661 -1.3666378 -0.0065158494 1.6161675 -1.854678 4.0071025 -0.48201475 1.610526 -1.6124321
diffusely 1.8520588 1.3010004 2.8045466 2.8159094 0.9511527 -0.052469037 2.0215712 -2.5836954 0.4559736 0.87132394 0.9397268 0.68051684 0.6103041 -1.6328791 -0.79601157 -1.4919137 0.40582186 1.1508464 2.1179295 -0.26766032
arae 2.3759468 -2.191737 1.6490268 0.8829816 0.67786556 -0.8053421 1.3657062 -2.3819306 0.28589094 2.3476207 0.303341 2.4992354 2.0311022 -2.0227726 0.32288006 -1.7230684 1.5620888 -0.33251062 -1.5266855 1.064447
truncations 3.6054206 -0.38602078 3.296614 2.5222344 -0.70781463 -1.1821952 0.7793491 -0.63660884 -0.74219656 1.097106 -1.2095147 1.290431 0.6435109 0.29579416 1.2841759 0.06782301 1.4874141 0.00089787866 1.3521818 -2.8270154
lexemes 2.461854 -2.4508333 2.508954 1.6469277 0.84231097 0.855893 1.6685194 -1.282708 2.101719 -0.03761656 -0.29806966 3.5230246 -1.2807286 0.9800771 0.7402166 -1.6306883 -0.59507 1.3133615 0.9264272 -1.6132151
femurs 0.6867219 0.72668487 2.0972624 1.8673317 2.0280151 -0.60192853 2.6167462 -3.0246592 0.92090595 1.6019876 1.2892674 -0.8395512 1.8506769 -0.9359357 1.0076302 -0.31199092 1.01377 1.4032303 2.0605624 -2.106401
quasiparticles 1.9399443 0.06531152 5.29805 1.4158591 -0.4348082 0.05808517 -0.059079047 -1.550536 -0.3187776 1.3977193 0.8245086 3.0133429 0.91016626 -0.6831091 -0.66140646 1.0733643 0.70090145 -0.32670796 1.0464233 1.0682683
atomically 1.519604 0.11152957 3.548924 0.1455487 -0.924463 -0.3601839 1.2467042 -1.1855793 -1.0748001 0.727966 0.22713846 2.5787687 0.62260675 0.55758464 -0.6062371 0.71055496 0.24158551 0.12041456 2.0686722 1.12169
semicircles 3.5758653 0.0057617165 1.2206621 2.5471933 0.3286818 -0.41518283 1.7171785 -1.0162619 -1.1120496 1.2148702 0.22295254 1.4399441 1.8336753 0.66090363 0.743722 -0.8750993 1.7418216 1.6013476 2.1901667 -3.2533638
buttressing 1.7122692 1.1665574 1.3709943 2.3118358 -0.7944242 0.8087607 1.1579375 -0.17047136 -0.8640818 1.4306967 0.535603 0.32894847 1.1467253 1.3215426 -0.7585735 0.5951214 -0.062638104 1.0525812 2.0932922 -1.4999628
thighbone 0.6651046 1.1958163 2.6250398 1.994008 1.357215 -0.2588348 2.0226665 -3.0739381 0.6157436 1.9938755 1.680296 -0.724545 2.4730835 -0.2496018 0.25085858 -0.45195067 1.9405397 0.918257 1.4829694 -1.9764365
windpipe -0.6925171 1.6082159 2.127729 0.86492455 1.3671548 -0.86149997 3.1510968 -1.6999927 -1.9348584 0.76120317 2.0927417 -0.7858075 0.46107247 -0.35118163 -0.7094747 -0.15582378 1.1095554 0.9912752 2.3449318 0.43132526
nematic 2.0711372 0.29912952 4.49502 0.6525147 -0.7644063 -0.26263708 0.16918525 -0.57337254 -1.5307014 1.9948634 0.47942272 3.0813937 2.9510517 -0.90880996 -0.11947127 0.30816618 0.6841701 0.7795372 2.5157418 1.1768714
doradus 2.2868075 -2.3705091 2.7696016 0.26062882 0.5830791 -1.5707276 0.44136927 -2.1008961 0.4386031 2.0108428 0.09666662 2.6295433 2.2937632 -3.0747976 -0.6968034 -1.5856525 1.9606835 -1.0145377 0.030964602 -0.14000486
imperceptibly 0.739584 0.46045968 2.2202814 0.64325416 0.5271983 0.7172224 0.8565233 -0.81893545 -0.13625784 -0.15863247 1.5776725 0.5370542 0.379953 -0.17884181 -2.5354753 -0.5044147 1.5249138 1.3543932 2.3997808 -1.4212402
stickiness -0.49819654 1.3506671 2.8725615 -0.5392549 -0.25482902 0.81672966 0.04403541 -1.295083 -0.12788214 1.4420545 0.9259538 2.6173544 -1.5131747 -0.60656214 -1.1338321 1.080651 0.15687034 1.4308348 2.2743053 -0.30759287
workability -0.5026154 1.7182904 2.4133291 -0.50610286 -0.97650313 0.7433404 -0.44583157 -1.0550537 0.63139975 1.6407633 0.7031721 1.9685853 0.14997965 0.4674493 -0.6394872 1.3426243 -0.114864215 1.0340805 3.6684074 0.39969084
carboxy 2.7597194 -1.0478861 3.4416623 1.2261952 1.159139 -1.343586 -1.0628674 -2.650819 -2.6321504 0.082815185 0.41835883 0.90452534 -0.64774495 -0.6400749 0.6469785 -1.8382751 -2.07396 0.13308875 1.0526642 0.11063458
eyepieces 0.50803983 0.11499127 1.8184397 0.19415636 -1.2953569 0.14469607 2.4270513 -1.0359427 -0.19038936 0.60382295 -0.25462866 2.9372308 2.1263092 0.66196 0.22010702 0.15256879 1.6923331 -0.09114566 3.5714943 0.011064724
splotches 0.15296002 1.0542084 0.34123543 1.5896181 1.4431098 -0.87405086 2.90702 -1.7255687 0.37453264 1.5862035 1.1158878 1.3757102 2.08215 -2.179195 0.13208441 -1.0148349 -0.12577121 2.5947945 2.5064037 -1.2949057
saphenous 0.29727352 1.9602566 3.6018085 3.6843605 0.8350164 1.3288596 2.0795767 -1.7269055 -1.66854 1.1309543 1.3748491 -0.7141277 1.0361247 -0.7023898 -0.7187459 -1.40757 0.21528302 0.97308713 2.8113298 0.10624491
trapezium 2.5394707 -0.4672869 1.8895799 2.893098 0.6282996 -0.16030775 1.8407376 -1.5636904 -1.0689186 1.9472059 0.29129738 1.1664295 2.3151834 -0.40292594 0.23212466 -0.42386255 1.7010057 1.1674126 1.5545295 -1.2377015
fluidic 1.4115441 -0.585627 2.1956937 -0.16532287 -0.7723066 -0.107441105 0.67360324 -1.1014761 -2.027853 1.0458401 0.15935431 2.7139893 1.412786 -0.8202083 -0.08081571 0.90102625 -0.47243464 -0.962666 3.1239822 1.5791285
chunking 1.5908804 -1.4076861 2.3136113 0.10443278 -0.24655499 0.7200091 1.9219038 -0.41126055 -0.10153348 -0.18872985 -0.74340516 2.6893873 -0.79342943 -0.14696802 0.44780257 0.9866616 0.46388662 0.49898195 1.4054077 0.5661054
parallelograms 3.6523104 -0.56383 2.7410645 2.541889 0.20516631 -1.1316715 1.5089767 -1.6132802 -0.58358634 1.3970462 -0.65257674 1.8591747 0.33558923 0.12590276 0.817677 0.64322525 1.7455702 1.673354 0.3005382 -4.185001
subsumes 1.3258544 -1.7335421 1.7743279 0.55866694 -0.3124982 1.8021417 0.24915911 -1.1598746 -0.22268024 1.404782 -1.4906825 1.8616626 -0.09644922 -0.41051203 -0.10737843 0.72571725 -0.21820843 0.8430394 0.10078346 -1.0660032
tangency 1.8588692 -1.8219315 3.9194117 1.9560692 -0.22962947 0.04716289 -0.66243476 -1.4241481 -2.5422776 1.2862067 -0.49746403 2.48645 -0.10939166 0.10224508 -0.46372008 1.4354887 2.7096834 -0.2176893 0.9180183 -3.0880604
incenter 2.7957664 -2.4068866 3.3084736 3.4007347 -0.03452515 -0.3960834 -0.034855135 -1.4998257 -2.9596107 1.1937624 -1.1587439 1.9659857 0.2786391 -0.9967274 -0.084319524 0.43332884 3.4935076 -0.4593463 -0.4129943 -2.3441634
foregut 2.118845 1.3436635 3.07024 2.205948 1.5214244 0.6941215 1.8258264 -4.2672462 -1.17398 0.8386692 1.0934737 -0.015075714 0.038158398 -2.1159892 1.301532 -1.1448007 -0.22364779 0.7877413 1.2881752 0.569542
translucency 0.41178665 1.897088 2.9339929 1.051603 -0.49237868 0.77907604 1.1192169 -1.4654802 1.1030883 1.6907862 0.034825265 2.6269846 0.8382259 -0.852771 -0.21145757 0.55765676 1.0719478 1.7858931 2.9892654 -0.6426416
eighths 1.2444967 0.09939459 0.54377276 0.041722152 -0.43230605 -1.270896 0.267542 -1.3394117 1.0392858 1.1384413 -0.35746267 -0.53509367 0.42433038 1.5737393 1.0371144 -1.2669281 1.9193 0.46646637 1.0702614 -2.5013714
cardioid 1.3755703 -1.305708 2.8860352 1.7100198 0.008137862 -0.6910915 1.1832721 -0.8145059 -1.8642757 0.13133988 -1.2212105 2.629239 2.0526035 -0.9098955 0.32774705 -0.07734094 1.6779177 0.49623877 2.8739984 -0.93031704
segmenting 2.4065144 -1.978859 2.0056765 -0.12182199 -0.6737739 1.1634136 0.7156443 -1.1242678 -0.61616004 -0.64014184 -1.3976928 1.9416136 -1.0425988 -0.60141313 -0.68264174 0.6279083 -0.5239477 0.15523243 1.5881766 -0.20806438
inspiratory -0.30999097 0.36260694 4.2043395 0.9115676 -0.5596289 0.1628216 0.582655 -2.329236 -0.8589404 1.3172723 -0.5859251 -0.32417712 -0.824158 -0.98627985 -1.3786654 -1.5122591 2.3250604 -0.035355512 3.6646988 1.4368597
protostar 2.2615685 -0.13396786 2.3366404 -0.17729934 -0.23692007 -1.0376513 0.80733407 -1.8142415 -1.029541 1.8718841 1.8994355 1.3279034 2.149555 -1.725826 -2.518514 -1.2806975 1.9600675 -0.53377473 0.60770935 1.3640059
diagenesis 1.7365512 2.2055879 3.9524112 0.9897075 -1.0683671 1.0813297 -0.46633595 -2.7968285 0.6363154 2.4721189 1.7300023 0.9135593 1.6028513 -0.34739712 -1.4607236 -0.1807275 -0.9658937 -0.5056936 0.93558145 -0.17571926
earlobe 0.36705032 1.2865177 2.3975923 1.174855 1.4987956 -0.29561275 3.4066346 -1.5498997 -0.8725628 0.43007654 1.2085241 -0.54472154 1.3889751 -0.1004231 0.31581312 0.41450867 1.3946735 2.5098214 2.415851 -0.12441396
combinational 1.8147476 -1.8579808 3.561074 0.62372965 -0.9994932 0.57251257 0.7077492 -0.28149974 -1.5840071 0.10415004 -1.4448124 2.8868184 -0.38859096 0.2994876 1.0823025 0.8563697 0.94483787 -0.07004367 1.6727484 -0.004097933
traversable 1.329081 -1.2466543 0.6951161 0.5308602 -0.5611304 0.009631892 0.9878206 -2.0037107 -2.927903 1.1552113 -0.060693644 0.8047233 1.3833401 0.10884496 -1.214583 1.1547899 1.1414578 -1.4040054 1.6501652 -0.7997702
subtending 0.4353766 -0.00615007 1.3206859 1.596362 1.3059089 -0.39066613 1.1706606 -2.6744697 -0.16258186 0.9521341 -0.32489875 1.1628832 1.0491742 -1.5351746 1.3436509 -1.0309497 1.5608761 2.312379 1.4901295 -1.4686189
psychoacoustic 1.2526032 -1.0009655 3.5325177 0.2118694 -0.9054068 0.8509433 0.73258483 -0.1712714 -0.24020392 -0.360243 -1.3057264 2.61301 0.52459824 -1.6428726 -0.015558242 0.58398336 -0.2827414 -0.101580694 2.199222 0.7321961
decouple 1.0184696 -1.370577 2.2125487 -0.34823698 -0.7615051 0.61875117 -0.2521793 -1.420307 -1.6566808 0.8516961 -0.89783967 1.191806 -0.19419718 0.15901661 -0.93099034 1.4239883 -0.067303374 0.35308766 2.3217745 0.7909296
perivascular 2.6509707 0.8730655 3.6754498 1.6634535 0.1610271 1.0598047 2.5084393 -2.7404363 -1.4380994 0.17795692 -0.46434912 -0.7041943 -0.40957582 -1.8673383 0.919606 -1.1847968 0.26289675 0.4269996 0.86937404 0.58572674
triangulate 0.8114245 -2.2933855 1.1727004 0.37268484 -0.1469209 -0.50331044 1.7527038 -1.5366609 -1.9096385 0.68180853 -1.2821449 0.59813344 0.48367235 -0.4796403 -1.2491972 0.9542213 1.5234834 -0.29484197 1.8666364 0.41070062
mesosphere 2.072299 0.20903647 1.5483445 0.22128198 -1.2113624 0.0593245 -0.1996256 -2.28837 -1.3619635 2.2507994 0.88227344 2.0752919 1.4792097 -1.8091308 -2.2194815 -1.5951513 2.2048857 -0.38940874 1.6805433 2.1730611
erythematous 0.2725598 1.8923197 3.5363019 2.127769 1.074323 0.5210807 2.8527958 -3.037938 0.54850316 1.4501054 0.40189713 -0.84641045 0.611591 -2.6672728 -0.14145592 -1.3488212 0.14401242 1.0834254 1.9033455 -0.30506507
subsampling 0.7614483 -1.309698 3.0935333 0.2806182 -1.2302076 -1.5756929 0.85189736 -0.18794252 -0.87346256 1.824008 -2.133004 3.6397014 0.30365825 -1.24336 -0.14582787 -0.52404785 0.9453991 0.70162493 2.4304695 -0.24869089
turnings 0.4223655 0.24104181 1.4458555 0.70584744 -0.27463558 0.11139177 1.017169 -0.82608485 -0.4114216 0.3459941 0.19714262 1.0018334 0.7714292 1.3027493 -0.500647 -0.15919302 1.2999007 0.6040595 2.1863077 -1.7517312
unrolling 1.2784773 -0.046550374 2.3512518 0.5933187 -0.60022074 -0.542872 1.9597164 -0.43372956 -1.4877956 -0.19212337 -0.54252976 1.3159161 0.39262974 0.639048 -0.89753234 -0.11903646 0.8984391 1.065155 1.829117 -0.66919917
bifurcations 2.3525867 -0.9906338 4.0310063 1.8128408 -0.11705154 0.9667147 -0.26091313 -1.4116522 -0.4017303 1.5635396 -0.008998632 1.7014178 -0.20718187 -1.035197 -0.99241316 0.34677076 1.382921 -0.7974644 1.02168 -1.5086027
permuted 2.4023438 -1.7285526 3.8511982 0.36805585 -0.14656936 -1.1559316 0.80248094 -1.5870599 -1.2146261 0.2606039 -1.1792921 1.9100958 0.3547437 0.39117363 0.41396528 -0.115431055 0.709015 0.66734755 0.35688043 -1.5657705
rotationally 1.6083064 -0.40792793 2.1195343 1.0958196 0.049071398 -0.093009494 0.41968387 -1.5349896 -0.9598765 1.0742774 0.30192694 2.1457198 0.89905864 0.5312921 0.14643498 0.9000296 1.2186232 0.14795157 1.8671038 -1.0951015
octagons 2.692426 0.040861372 1.0025641 1.5316154 -0.3429705 -0.04182459 1.1274104 -0.50415695 -1.315695 0.5486405 -0.24766754 1.0860612 1.5185556 0.81341296 1.0820996 -0.26695317 0.80643785 1.0539455 0.8975226 -2.683346
extremophiles 1.9571337 1.0141765 1.6403755 -0.82133806 -0.23494902 1.7542574 1.0403168 -3.4747224 0.89614445 1.7403613 1.7239295 1.3437924 0.0807035 -2.0153975 -0.3306144 -0.14096104 -0.4733794 -0.6096352 0.46818668 0.75388837
blueish -0.9035569 0.70420456 0.65696853 1.0731893 1.2542769 -0.61496615 2.0024157 -1.329919 0.33553007 1.528762 0.99850076 1.825449 1.8748301 -1.5293391 -0.52612996 -0.44548526 0.40473852 2.4429953 2.0287793 -1.6480179
frustum 1.665918 -0.14720993 1.9770519 1.6118753 -0.989054 -0.86752504 0.96709794 -1.5755744 -2.061025 2.1977673 -0.08164318 2.1150322 2.0187807 0.44735494 -0.4445153 -0.19311185 2.0014305 0.16166392 1.1455753 -1.550944
uplifts 1.7660902 0.498131 1.3551829 0.7340068 -0.19903752 1.4197121 0.13476849 -0.6121296 0.35737568 1.6917502 1.0587428 -0.089872435 0.5382278 -1.5089376 -2.0458806 -0.2545867 0.34915897 0.07891888 1.5780537 -1.0338447
benthos 1.544932 1.1822829 0.5263541 -0.51924497 0.061164554 0.6635628 0.86597925 -3.8250246 0.27167016 1.8659632 1.9831864 1.4230707 0.20478643 -2.1155195 -0.2642461 -0.24671654 -0.0558721 -1.0581646 0.53860474 0.5843989
admixtures 1.0752015 1.1666055 1.8943495 -0.16358916 0.08903722 1.2041234 0.30072942 -1.7731276 1.8204503 2.3140187 1.5833939 2.736682 0.23855878 -0.38796958 0.16773178 -0.6608146 -1.494382 1.2240894 1.7127951 0.096587785
epiglottis 0.49890095 0.79890114 3.1537306 3.1496305 1.6375958 0.13975717 2.6085246 -1.9565182 -0.79129195 0.8879096 0.711491 -0.36943972 0.3462589 -1.0221229 0.18534067 -0.41746038 1.1474115 1.5086129 2.5462222 0.4451395
fusible 0.48981997 0.7104542 2.3075035 -0.46253788 -0.44322938 -0.6346784 0.45239344 -1.6937448 -1.4835252 1.6091825 0.9274161 2.1701047 1.4364237 0.46782687 0.033960685 0.08293423 -0.56049544 0.5873066 2.507152 0.70502126
stroboscopic 0.2129804 0.07432528 2.5263035 -0.28924027 -1.430358 0.2043545 2.231371 -0.340047 -0.31438437 0.43060303 -0.7857564 1.8770039 2.26573 -0.7098281 -0.6798692 -0.26660487 0.19948547 -0.20899792 2.522529 1.0266831
agglomerate 1.7515513 1.1889853 2.1280146 -0.003725083 -0.27504432 0.7413542 -0.43452752 -1.6177368 -1.1744301 1.6737036 1.2597979 0.62861943 0.32191494 -0.23540373 -0.51519525 -0.6662702 -1.0933253 0.5045154 1.3907977 -0.78795147
transects 1.5776631 0.10091813 -0.018053306 1.3087298 -0.679029 0.022927715 1.1453589 -2.0808656 -1.1706884 1.3552629 -0.16516177 1.0697042 0.43009287 -1.6758145 -1.577422 -0.3973768 0.46242973 -1.0381547 1.0435264 -1.0017343
parallelepiped 2.593057 0.1299183 3.1793659 1.6240256 -0.8969857 -0.8592384 0.38819918 -1.5439982 -1.5221609 1.8056347 -0.28680515 2.5228467 1.7790426 0.78451127 0.34147704 0.029191043 1.7120007 1.0640788 0.37733057 -1.9484336
contactors 0.87256485 -0.29596752 2.2036724 0.37532932 -0.43671095 -0.95649016 1.6699514 -0.9749583 -2.0219684 0.46877286 0.096567035 2.046395 0.18016364 -0.0464302 0.5061135 0.20320034 0.44770336 -0.6716866 3.735125 1.3831402
ratcheting 0.708211 -0.271272 2.0513945 -0.117854886 0.001609048 -0.87800115 0.8691925 -0.05964794 -1.4941175 0.66827434 -0.050468214 1.2199365 0.73095584 0.20638904 -0.07209017 1.1158773 0.56646204 1.0065218 2.9385254 -0.6020075
hypomania 0.075409375 0.25530776 4.2498307 -0.009045849 -0.7225775 1.0496572 1.6018968 -0.7682886 1.530803 0.9149196 -1.0828061 -0.90748286 -1.3403283 -2.7733905 -1.4173518 -0.45185554 1.0381477 -0.77862185 1.9110266 -0.9146136
plasmons 1.5292008 0.36584646 3.6528707 0.5591268 -0.6226469 0.56737214 0.1612261 -1.0464076 -0.7557645 1.2328519 0.94011796 2.1095815 1.1881258 -1.1066045 -0.9844113 0.22001272 0.3374502 -0.1777952 2.1226823 1.7503028
concatenating 2.221829 -1.8012037 3.4640183 0.27234712 -0.2807155 -1.1233654 0.608138 -1.2385372 -1.1226642 0.4104203 -0.8343513 3.3592634 -0.47339082 0.7209616 0.99676484 -0.18593831 0.8301152 0.7854445 0.0123311365 -1.7659161
psychoacoustics 0.36942804 0.29614484 3.108361 1.0453322 -0.9143235 1.6284593 1.0625137 0.091556214 0.36523202 -0.6945714 -0.7717548 1.5844276 0.72153705 -1.9636544 0.56318504 0.5331131 -0.2344936 -0.36402425 1.8932496 2.0141938
elastically 1.4494885 0.13826028 2.8556318 1.0425788 0.4712512 -0.5771705 0.7526434 -1.8939098 -1.3149929 1.0717608 1.5444347 1.2172221 1.3028893 0.40909493 -1.1356856 0.67650115 0.72472274 0.33366966 2.8061604 0.5036113
homologies 2.5129855 -0.15715532 3.2008114 0.9369625 0.6210913 1.091938 1.8571593 -2.3260207 0.97710216 0.7722897 0.70003957 0.91268694 -0.21756366 -1.2661765 1.274724 0.7080694 -0.39766386 -0.8107945 0.41958237 -1.1970325
bisectors 1.8587971 -2.1216013 2.6140091 2.9955978 0.18526722 -0.5890772 0.44873044 -0.7675074 -2.2847962 2.2640288 -1.3045286 0.6132059 0.65803516 0.19273567 0.02490397 -0.09229731 2.495937 0.31197733 1.4410586 -2.3637903
recombining 1.8919035 -0.5349011 2.4656367 -0.106442854 -0.368891 0.24229106 0.38773116 -1.6000757 -0.93980736 0.56709874 0.051539637 0.7272757 0.47752994 -0.3889893 -0.5235233 -0.087809734 -0.77442604 0.13944921 1.1674286 0.11952799
thermoregulatory 0.6692726 0.39462313 2.240965 0.14598422 0.35572314 1.0638925 1.6389195 -2.8336647 0.09636328 1.624906 -0.024854602 -0.02035715 -1.157507 -1.9299642 -0.09040091 1.3761544 0.8847643 0.060729265 2.292486 0.60235393
monocrystalline 1.3649775 1.4233178 2.437789 -1.1373843 -1.1778808 -0.18364339 -1.0126375 -1.867821 -1.1101892 2.298169 1.0184128 2.6398697 1.1674404 -0.47023958 1.2271773 -0.6348857 -0.3941153 0.35076195 2.4348118 1.0505279
stereoscope 0.33378422 0.30605686 1.5567122 -0.19801846 -1.4879538 0.25017634 2.6731057 0.83264863 0.11504159 -0.29941776 0.10499542 3.1656654 1.8850195 0.15316638 -0.06758933 0.42170072 0.06296666 -0.28009075 1.8931764 0.116762795
flyback 0.64312774 -1.2958653 2.6604097 -0.46009555 -0.42387623 -1.0859187 0.5839236 -0.8111973 -2.005419 0.5717616 -0.1561198 2.0637805 1.1072948 0.07563668 -0.35056347 -0.29617104 0.72824615 -0.63498837 3.0804954 0.6348303
thousandths -0.11918923 -0.24143496 1.768724 -0.7153587 -0.3023384 -2.552101 0.43575776 -1.9337732 1.0904244 1.5816928 -0.5876867 0.44852373 1.1486114 0.5642195 0.58715343 -1.2595433 3.286929 0.06109485 2.273561 -1.5354522
multiway 1.6241918 -1.1179972 2.2005038 -0.034278385 -0.44156903 -0.48381704 0.3959204 -1.1060232 -1.4530421 0.339646 -1.0017823 2.4178073 -1.2302381 0.035589587 0.5024552 0.92242384 0.32745287 0.65029585 1.6324563 -0.76692975
stratocumulus 2.2586536 -0.06381246 1.3227319 0.45556477 -0.17471272 -0.8768909 1.2199986 -2.4523354 -0.100281425 2.8856337 0.6556863 1.7850714 1.7377553 -3.111711 -2.4686394 -1.1133224 0.15530734 0.1883596 2.1842268 0.4266375
fornax 2.129677 -1.3447268 0.53737736 0.7925261 -0.29616717 -0.5388117 1.3226867 -1.5504329 -0.4916161 1.6187983 0.29747579 1.6427981 2.5468524 -1.950667 -1.0806441 -1.7390498 1.2997221 -0.50897264 -1.0108316 0.7761928
pyroelectric 0.6030392 0.27895904 4.08812 0.01389337 -0.8974842 0.46095926 -0.115960546 -1.374099 -0.88991725 1.5133004 0.6136537 2.504233 1.5428107 -0.5152191 -0.19140054 0.0618499 -0.2732787 -0.06414384 2.1853848 2.2367034
extensors 1.2709802 0.34763315 4.1866693 2.2573404 1.6533306 0.5399477 1.4087105 -1.1350498 -1.2606878 1.6503557 0.29614222 -1.7597628 0.35287687 -1.0539572 1.3479731 0.4853366 1.2564273 1.7296695 3.0884793 0.6231345
mantissa 0.9298052 -2.2053478 2.5577943 0.09208859 -0.21132345 -1.0105435 -0.26605803 -0.9419376 0.5144147 0.22087152 -0.58963776 3.1865046 -0.006837142 0.7291675 0.5015209 -0.51986957 1.5809778 -0.30939266 0.40831205 -1.7604705
parabolas 2.59558 -0.64493215 2.7010229 1.5781192 -0.2603833 -0.09361277 1.1221596 -1.2420965 -0.78369653 0.30484924 -0.13631627 1.8059167 1.3036846 0.0026178118 0.29059732 0.43840745 2.237412 -0.42744008 1.0729946 -1.6860482
spermatic 0.99261075 0.96547735 3.3839655 2.639934 1.3785993 0.063150324 2.241718 -2.8744173 -1.7673396 0.81658745 0.3678706 -1.0917288 0.69608814 -0.77493834 1.3428069 -0.60626745 0.87188864 1.6013302 1.7397896 0.74109983
zeroing 0.85490334 -0.6718568 1.6409101 0.10467948 -0.9683472 -0.67208654 1.4506017 -0.50033706 -0.36350828 1.2423124 -1.11886 0.7005491 -0.6416996 0.47383997 -0.7682496 0.56888217 0.5880401 0.07784573 2.2190318 -0.04475309
gynoecium 1.4156938 0.95105946 1.6063087 1.3925642 1.8331267 -0.5594959 1.3138273 -3.2241628 0.49000475 1.0051183 0.92374164 0.90406185 0.9701667 -1.2322458 2.613381 -1.769007 0.8335389 2.5984397 0.91942984 -1.6948073
oversampling 1.0635488 -0.7455743 3.0864086 0.13286014 -1.1683136 -0.557529 0.10050398 -0.36548677 -0.42912573 0.6116335 -1.0471278 2.389635 -1.1534214 -0.56211203 -0.24706195 0.0033605762 0.514467 -0.1442213 2.5960224 0.14546104
gastrocnemius 1.4047958 0.54945886 3.035462 2.5148132 1.595578 0.5043626 1.8426081 -1.6599137 -1.4076139 1.6970842 0.92101777 -1.4133137 0.22972803 -1.5255054 1.2523001 -0.10744645 1.7052152 0.9306728 2.5719717 0.3999495
palp 1.0666727 -0.13366878 2.3374362 1.856658 2.0309021 -0.738793 2.0932167 -3.0603597 0.18516316 1.1784331 0.509383 0.3883094 0.51307315 -1.4107784 1.0067242 -0.9425391 1.2973058 1.5290374 1.9845673 -1.4351906
toroid 1.5864992 -0.24266852 2.3639293 0.9281438 -0.025566032 -0.849388 0.4965796 -1.1437739 -1.8981441 1.0209123 0.47568196 1.7831694 1.6795743 -0.4102166 0.08017454 -0.052249048 1.0170485 0.20777166 2.3894305 0.22075145
tektites 2.093701 1.2766176 1.5717356 0.19054697 -0.5416692 0.48773462 1.173941 -1.5991398 1.4648197 2.0132337 2.1346755 1.8549466 2.008358 -1.36253 -1.2878085 -0.23828854 0.20788357 -0.395854 -0.14265208 0.37110916
spawners 1.6613301 0.4904966 -0.28101453 -1.9899462 0.32493398 -0.9779884 1.5190555 -3.6190844 1.0698175 0.33850083 0.6497534 1.0600569 -0.925151 -3.2911263 -0.5215671 -0.63836944 1.0244298 -0.013693656 0.6938922 0.374244
subaqueous 1.7881842 0.98297083 1.1798044 0.44079614 -1.1419396 0.39867392 -0.21457621 -2.094379 -0.4961086 1.6608853 0.766664 1.263342 1.3685597 -1.1823533 -1.6990863 0.23028147 -0.3770284 -0.74603873 0.77084327 -0.38486838
wiggling 0.05174425 0.0014793254 1.0946863 0.12873627 1.2730157 0.050296646 2.4600248 -0.9119541 -1.4196992 -0.265046 0.48128933 0.047785223 1.0228249 -0.91139334 -0.8074895 0.2918111 1.367225 2.5667903 1.9893309 -0.70205086
catadioptric 0.83077794 -0.5761385 1.5715464 0.6599258 -1.4389714 -0.09555596 1.8741416 -0.2455132 -0.55453694 1.0533644 -0.74723303 2.4867554 3.1233404 0.28296727 0.7571787 -0.41107896 0.89891005 -0.7840542 2.2231252 0.5310541
maximises 0.37118316 -0.21566385 1.2847773 -0.5135417 -0.70899665 0.77954066 -0.5308218 -1.4035752 -0.84728086 1.2756473 -0.7901598 1.0985173 -0.56663597 -0.48777896 -0.3669996 1.6837273 0.8852748 0.507287 2.1063588 -0.23063955
phasers 1.5201564 -1.7127252 1.3954566 -1.6655394 0.19958784 -1.4580746 2.6065404 -0.5746373 -1.1375841 0.47341278 0.4115694 0.69100654 1.9567608 -0.44397408 -1.1044604 1.0892278 0.27101043 -0.62405366 2.8107412 1.4149822
descenders 0.47823036 -1.4786681 1.2700919 0.8738188 0.2822731 -0.4252594 1.05735 -0.55407834 0.46741474 -0.11098523 -0.17246628 2.7504792 1.5826861 1.4790872 0.056712758 -0.7095086 0.94681853 0.9321212 2.771236 -2.967537
magnifier 0.36862677 0.123151936 1.342703 -0.12145506 -1.2579751 -0.3019775 2.0753906 0.25886586 -1.156081 0.34228626 -0.7145254 2.4221709 0.9660895 0.07697541 -0.22734621 0.009671123 0.9721722 0.6955066 1.9406892 -0.35703003
initializing 1.4830806 -1.3706449 2.2506585 -0.1373788 -1.0523198 -0.7680229 1.019571 -0.5439352 -1.3441466 0.5620399 -1.279518 1.6522949 -0.6385735 0.4093955 -0.12526979 0.64975744 0.6433309 -0.28137138 0.6480434 0.10808548
compensators 0.23023735 -0.6250001 1.7490897 -0.3131256 0.09641689 -0.7010891 0.85244435 -1.1061816 -1.0660858 1.9929006 0.27087456 1.2822298 0.9632348 0.15705846 0.0008955146 0.5003176 0.63738024 0.043624297 3.4799526 0.5451364
ultrasonics 0.30949903 -0.5314101 2.3518512 0.6341071 -0.9945506 0.11650781 0.6605033 -0.54878324 0.1930528 0.58978814 -0.748904 1.9092189 1.1036059 -0.73529047 0.3997026 0.4864678 -0.027283436 -0.633709 2.3034961 2.3880394
fixate 0.30102435 0.020601833 1.855433 0.07422982 0.12700818 0.9090548 2.370857 -1.138839 -0.72219265 -0.020307403 -0.62297106 -0.34090206 -0.01253617 -1.0148008 -0.8307328 0.97399366 1.003842 1.6987308 1.390531 -0.09343578
ventilatory -0.5053645 0.6123603 3.2011957 0.69966173 -0.4955224 0.6828081 0.92154 -1.5223485 -0.07488634 1.2770863 -0.60865813 0.029051414 -1.599098 -0.8468595 -0.0791629 0.1187693 0.8082723 0.097527176 2.5333652 1.6828433
pinholes 0.71315086 0.82892346 1.8602796 0.048036795 -0.93488675 -0.43683037 1.9560518 -1.2246519 -0.56973237 0.61964816 -0.10458774 1.2368994 1.5569607 0.20863667 -0.28805953 -0.3432981 1.1139396 0.44646803 2.7171326 0.28421605
entrain 0.4399883 -0.12830824 1.8300823 0.08947354 -0.22108477 0.31132197 0.6411725 -2.1595602 -1.2230641 0.38776618 -0.07002705 0.00055439677 0.45101777 -1.3203287 -1.5457205 -0.25923535 0.7794542 0.028882803 2.2864459 1.2835726
incommensurable 1.4479878 -1.4964222 2.8178499 0.5407455 -0.30234668 1.3638216 0.34234378 -1.1010995 0.7054023 0.5385258 -0.8249133 1.7799342 -0.7887067 0.2805032 -0.64897466 1.2597115 0.18091874 0.45278877 0.510843 -1.1600126
retarder 0.12395353 -0.4085774 1.988089 0.07187072 -0.2931828 -0.6343006 0.31715402 -0.61787313 -1.455627 0.94007975 0.5594717 2.0919442 1.0786525 0.42324048 0.7291118 0.028782576 0.53968847 -0.67809963 3.112628 0.5577471
oximetry -0.9322444 0.22996858 2.8441584 0.43890625 -0.9530666 -0.121719666 1.2183813 -1.7490467 -0.78495824 0.63792515 -1.6231754 0.923573 -0.18014714 -1.7260611 -0.14505355 -1.0032078 0.91828007 0.20628005 2.3540647 2.3093483
elevational 1.1200817 0.26660588 0.8002132 0.92891926 -0.31262094 1.3128613 -0.31411335 -2.4575388 -0.010439877 2.1484637 0.5322274 1.3774762 -0.283749 -1.3691163 -0.89497226 -0.5318249 0.81544894 -0.18576005 1.7180414 -0.8489506
ungrounded -0.025633203 -0.41088274 1.9844457 0.48377052 -0.2736308 -0.6890961 1.1787263 -0.26535434 -1.0214397 0.5629171 -0.3109932 1.3934299 0.0040414887 0.5467071 -0.75869626 0.5976459 -0.6022207 0.53257984 1.6948819 0.18434697
quires 0.9617693 0.27434045 1.3868381 0.5687403 -0.3549551 -1.3594626 2.329941 -0.9118474 0.8240181 -0.29645598 -0.19779308 0.82851166 1.092693 1.2548405 0.7232809 -1.7238107 0.07908578 1.146726 0.003977055 -2.1251442
bioelectric 0.94449353 -0.15497048 2.7549336 -0.031555664 -0.015642805 0.646398 1.3432056 -1.1830026 -0.90102667 1.2065396 0.31462744 0.78538734 0.58327264 -1.8290174 -0.48066643 1.2865523 0.046116665 -0.40437663 1.7489126 1.4524279
graphitic 0.79429454 1.1069775 2.1345913 0.013808498 -0.3288649 -0.014169891 -0.46390492 -1.6363164 -0.5436546 1.6951383 0.9035573 1.4960612 1.8707184 -0.67246634 -0.10243643 -0.28272173 -1.2179134 0.6837781 1.2118863 -0.5333589
akathisia -0.67442596 0.3600971 3.2616339 0.31185463 0.47359735 0.49838567 1.3451484 -1.383368 0.53520536 0.6068819 -0.15558845 -0.6297241 -0.57812405 -1.9468032 -0.13662268 -1.2770306 0.14574704 -0.0830931 1.9175144 -0.49097887
describable 1.1252743 -1.1781058 2.4266782 0.6282567 -0.26357546 0.9640018 -0.2566797 -0.8753501 -0.011872581 0.6118679 -0.73617053 1.8725988 0.26534492 -0.26535735 -0.558355 1.4071265 0.44766757 0.71373725 0.349414 -0.56795746
lordosis 0.49498042 0.50815946 2.897185 1.5787506 0.9767143 0.8610859 2.2285352 -1.7827272 0.15914896 1.417497 -0.06477123 -0.41304475 -0.5554045 -1.4717585 0.9334404 0.80624616 1.834631 0.8610388 2.2057636 -0.14266542
transcutaneous -0.80140966 0.4247161 2.7735617 0.63447386 -0.38283557 0.6014886 1.6835116 -1.2446805 -0.4786018 0.52255046 -0.98236346 0.049245615 -0.033075593 -1.3953279 0.86025476 -0.39758116 0.3250553 -0.05038498 2.415539 2.1431162
constrictive 0.18658802 0.7898764 2.5867784 0.7903527 0.35790518 0.7827931 1.1844586 -1.2472512 0.60561955 0.17656656 -0.0005601345 0.083081715 -0.5019866 -0.6160569 0.06476039 0.35328358 -0.14449427 1.1870548 1.1600218 0.54422283
isometrically 1.8130828 -0.27894905 2.7949123 0.9077724 -0.22044212 0.054849397 0.21644053 -1.2056911 -1.555736 0.4047526 0.19355239 1.9172486 0.17779171 0.07128062 0.6123628 0.45896834 1.2679667 0.37415442 0.6650135 -0.6623842
concretion 1.1582102 1.9122236 2.237967 0.94200134 -0.28450578 0.046553217 0.76345605 -2.2812803 -0.20578769 1.6170568 1.7244254 0.9333656 1.6801006 0.35202223 -0.6415617 -0.21486194 -0.598778 0.37521997 0.7718306 -0.3940996
accommodative -0.18689473 -0.31881696 1.8936214 1.3545922 -0.19056274 1.4624981 0.998844 -1.1513563 0.105700165 0.7655071 -1.0504737 -0.03750489 -0.9786719 -0.8260525 -0.25480214 0.4803111 0.98224807 0.15708068 1.9437903 0.7977926
splinting -0.6755099 0.96767664 2.4480937 1.2497065 -0.048766684 0.5657637 2.1183333 -1.7549841 -0.07800875 0.46925074 -0.66460246 -0.66884184 -0.26330766 -0.22463553 0.83358437 0.16908093 0.7067438 0.42867917 2.8014476 1.3860887
anodizing 0.15414026 1.4156295 2.3950562 -0.27330792 -0.34338945 -0.34706566 -0.45354843 -1.068758 0.1610125 1.21095 1.4723023 2.1988308 1.4951841 0.87317014 0.6957687 0.20310014 -1.1522188 0.80655754 2.4042199 0.80264187
nanocomposite 0.66746336 1.052445 2.643341 -0.46719167 -0.55586374 0.3076164 -0.006595352 -1.5355968 -0.25502327 1.3861538 0.78060883 1.9076262 1.2047868 -0.24623702 0.90787995 0.6153545 -1.1067699 0.38754803 1.6535407 1.3471832
reducers 0.29917338 0.5822421 2.528079 -0.61732376 0.08676368 -0.25721842 0.37092665 -1.960984 -1.1647071 1.1876392 0.8967717 1.8067714 0.49747398 -0.09766397 0.074549176 0.21966775 -0.49495557 0.5395518 2.7359297 0.28292271
microporous 1.042378 1.049165 2.5230396 -0.0503151 -0.5832949 0.35954058 -0.01747012 -1.7585828 -0.57470876 1.110295 0.69619066 1.7542574 1.3316803 -0.042764097 0.6805573 0.011387115 -1.3097134 0.89132315 1.5301194 0.91834515
refractors 1.2259024 0.24540061 0.8264682 0.3323953 -1.3098643 -0.28985646 1.3544278 -0.43881717 0.41591352 1.0660098 0.5177175 2.6042027 2.8045337 0.7090334 -0.15568075 -0.071418 1.035154 -0.6882329 2.398095 -0.15077353
heliospheric 1.4835216 -0.09344209 1.5763716 0.58453774 -1.8425082 0.6746259 0.6288638 -0.5706587 -0.68546027 1.3001558 -0.2055486 1.4752833 2.1257627 -1.1092229 -0.6390224 -0.40463248 0.8677623 -0.82736933 0.35204545 2.238698
detuning 0.7086326 -0.620985 2.661364 0.2814885 -0.1153388 -0.3652821 -0.2736696 -1.130067 -0.6967027 0.7156389 0.0596751 1.849322 0.2617957 -0.22304103 -0.24437314 -0.13389473 1.0882684 -0.20358266 2.462286 -0.3051176
cementitious 0.037085626 1.84226 2.3771036 -0.39242575 -1.0600877 -0.012456352 0.47439462 -1.5454041 -0.5355946 1.6806601 0.64057183 1.7087688 0.9570717 0.83518344 0.65051776 0.044765066 -1.4354745 0.87222105 2.0560455 0.28684533
orthoses -0.081395 1.1497844 2.3504746 0.25027704 0.09419296 0.28781608 2.0957987 -1.4450635 -0.16397111 0.95531315 -0.045859605 0.20455833 0.1318379 0.49345225 1.9805226 0.97849065 0.87365943 0.74319756 2.9588318 1.1418788
contrail 0.7782762 -0.39232036 1.1271929 -0.19469662 -0.2940695 -0.7751967 0.9770716 -0.2488009 -0.34544173 0.5899977 0.19435115 1.5648078 0.55120414 -1.2749721 -1.0368578 -0.3520277 0.19296 -0.17558168 1.5380234 0.91142386
horizontals 2.049226 -0.11027232 0.7004803 1.0578256 -0.60493696 0.78150326 0.42444053 0.33874974 -0.66801655 -0.07434516 -0.3443044 1.7256457 0.8726678 0.3781705 0.42441693 0.10202211 -0.3280157 0.66766346 2.7060177 -1.4496993
ascenders 0.23186752 -1.1761726 1.3120375 1.2356992 0.5053631 -0.7429632 0.8302812 -0.5322112 0.25531262 0.027736012 0.12490637 2.5764678 1.2820969 1.4567353 0.17862763 -0.8296985 0.9997167 0.7075903 2.303384 -2.4699357
decelerates 0.29691768 -0.85071725 1.8962258 -0.2125207 -0.13603263 -0.18662052 0.14070484 -0.99172133 -1.8524063 1.2716508 0.1790383 -0.004321916 0.33380553 -0.18963468 -1.5019686 0.122315265 1.7343413 -0.19851702 2.3069031 0.5300022
superpositions 1.7513868 -1.4366555 2.8356051 0.23633094 -0.14735833 -0.2764042 0.10137023 -1.412802 -0.39107963 0.29049206 -0.23274276 2.2662568 0.39187813 -0.7216394 -0.9847617 1.2573726 0.8276863 0.133792 0.5395514 0.18329735
intensifiers 0.3132425 -1.2981178 1.8070115 0.13050845 -0.3443215 0.24197392 1.5039698 -0.48425493 -0.09159826 0.8671182 -0.91136944 2.31365 0.15215401 -0.11124718 0.013871277 -0.034145698 0.26094666 0.66896415 2.0596511 0.30670932
configurational 1.1776329 -0.9002011 2.8374968 1.0250696 -0.32274437 0.75067806 -0.5193505 -0.92083406 -0.032647688 1.0159689 -0.13500342 1.5924087 -0.195001 -0.5441706 -0.32065165 0.81511635 0.13653733 -0.10857812 0.5727385 0.49358684
reverberant 0.56343824 0.28111184 1.8710421 0.3305703 -0.41564927 1.2231926 0.59806925 -0.21759428 -0.93751913 -0.24303101 -0.21044403 1.1382236 0.6508815 -0.6546748 -0.6159884 0.01727851 0.46122578 1.0117947 2.5654454 0.09851213
altazimuth 0.7144525 -1.0604358 0.29324198 1.4461803 -0.76252645 0.17155997 1.6569505 -1.0781407 -1.0876389 0.828146 -0.22633627 2.2986808 2.5489063 0.4301603 0.3044376 -0.26031408 1.4930174 -1.3919134 2.0743353 0.4643448
provers 0.7839836 -1.1445152 2.8697906 0.07817208 -0.7176667 -0.47150135 0.057025492 -0.2422482 -0.70418984 0.235355 -1.2419823 2.286429 0.039707575 0.6846063 1.2295705 1.6810335 0.53304845 -0.28660345 0.83760923 -0.5323508
arpeggiator 1.3876882 -1.2132483 2.4186947 -0.5063119 -0.328478 -0.70588344 0.89131844 0.33136514 -1.5510603 -0.42104027 -0.95025116 1.9059697 1.0340102 -0.98899716 0.45715776 -0.9615391 0.24179824 0.6720728 2.9123187 0.12384283
hypomanic 0.17921737 -0.2096682 2.9594927 0.16461787 -0.25229314 0.51566494 1.5278245 -0.5624152 1.1519911 -0.17693233 -1.1181022 -0.98404115 -1.157594 -2.8551373 -1.114891 -0.5436214 0.95023817 -0.61741865 1.1761785 -1.1430987
magnetizing 0.37941283 -0.3282626 2.1427028 0.48555502 -0.14958721 -0.25630364 -0.05942415 -0.4446648 -0.8562212 1.0019335 0.4707825 1.6358454 0.4252451 -0.37996623 -0.29040664 0.25836483 0.51720136 -0.08731639 1.7070843 0.40769717
reflectometry 0.6500847 -1.1233295 2.4499605 0.70907944 -0.8604969 0.07516447 0.9135205 -0.72071826 -0.25763354 0.63936484 -0.7594547 2.1942086 0.5122465 -1.1599634 -0.049497887 -0.4103292 0.32797116 -1.1349727 1.2813259 1.5635614
rasterization 1.3078005 -1.0475497 2.0312 -0.05476508 -0.8701199 0.07836854 0.87331736 0.10911371 -1.1664145 0.6846872 -0.86026645 2.3787806 -0.24732263 0.080745555 0.18023728 0.4677788 0.08122886 -0.14783323 1.3349732 -0.29617515
unrooted 1.9836992 -0.1283849 1.8605816 0.3116772 0.1751803 -0.04314425 0.67215663 -2.4471774 -0.5259909 0.4117413 0.4987347 2.6371944 -0.4437878 -1.1031231 -0.23242657 0.5922403 0.42869848 0.6317755 -0.6205426 -1.6484426
vadose 1.7646198 0.39919692 1.4264 0.66324455 -0.9546459 1.2197541 -0.7934166 -1.571823 -1.4798768 2.6994483 0.59402347 0.93200344 0.6000043 -1.1710497 -1.4716947 -0.14599362 0.2382315 -0.22323859 1.1692656 0.43731532
metastability 1.1573607 -0.34069538 2.6492684 0.7067588 -0.6680983 0.26816407 0.10596133 -0.67389053 -0.5460721 0.7832451 -0.45099777 1.475915 -0.4762388 -0.4989322 -0.5426939 0.7380502 0.32023603 -0.2818462 0.9305817 0.496855
overshoots 0.2567721 -0.8508694 1.5913242 0.193976 -0.10875873 -0.012097471 0.21626616 -0.89989173 -1.4067842 0.8632568 -0.01043253 0.1244345 -0.45031777 -0.43917936 -1.0887336 0.22832364 0.95562303 -0.33793926 1.9010994 -0.08891832
plyometric 0.39193368 -0.25315765 0.43479857 -0.6938295 -0.09138432 0.59093016 1.7929528 -1.2333152 -0.35516727 0.7536859 -0.45387614 0.39469874 0.09370658 -0.6387204 0.83938044 0.5395958 2.4656296 0.611428 2.8764215 0.7689098
alexandrite -0.14296317 1.1581106 1.2255343 -0.8090976 -0.30884367 -0.5851295 0.8801728 -0.9319197 -0.090043664 1.9924892 1.1683207 1.8501319 1.619037 -0.8795249 -0.5946023 0.28838232 -0.4673433 0.8906692 1.2276909 0.6332775
fluoroscopic 0.030113328 0.21675281 2.3368568 0.46770832 -0.9481825 0.363681 2.1065633 -0.73355913 -0.6128124 0.67941225 -0.8046723 1.1140107 0.40558016 -0.22497036 0.46510842 -0.25708774 0.6670351 0.2038628 1.2910141 1.4997859
extendible 0.8937503 -0.77063394 1.7644755 0.4629985 -0.36067742 -0.53790927 0.52502465 -0.7128854 -1.0626806 0.6871492 -0.633004 1.4259892 0.4285255 0.5064977 0.9721441 0.3188766 0.61972004 0.34411392 0.47717097 -0.93279004
orthosis -0.039724566 0.87664235 1.983834 0.28900734 0.069973 0.60289884 1.9228122 -0.96614957 -0.6041624 0.9508906 -0.008189714 0.09822054 0.1899409 -0.06469429 1.4938594 1.0609952 1.2662084 0.57253134 2.3184867 1.0431074
lateralized 1.221939 -0.44241303 2.1247423 1.5220743 0.6011335 0.82220894 0.9099185 -1.6102867 0.11858195 0.79093045 -0.5935344 -0.50018007 -0.28632507 -1.6928476 -0.4493066 0.13182858 0.20895325 0.7926218 1.6901164 0.30841365
interquartile -0.12636699 -0.67754513 0.737408 1.4833198 -0.112240255 -0.30286694 -0.16511375 -2.0848193 0.72790074 0.5032865 -0.85330296 2.211875 -1.1692499 -0.8700452 0.68480664 -0.78986424 2.0596378 -0.3031388 1.7089896 -1.4958904
counterflow 0.35181758 -0.026961336 1.8683667 0.2105988 -0.4352689 -0.019080656 -0.26030228 -0.9582274 -1.4291384 0.91073257 0.74346477 1.2425792 0.4915443 0.50517964 -0.12642165 -0.20896749 0.09242529 -0.29186282 1.8556912 0.31582952
congruency 0.7966827 -0.88013494 2.3717377 0.47649544 -0.331984 0.66311187 0.16117936 -0.49394524 0.021714766 0.3578446 -0.54184985 1.3779652 -0.40867293 -0.40974742 -0.42133543 0.49717456 0.56113076 0.39589345 0.7726331 -0.53378475
multiplicand 1.0221132 -1.3151615 2.441732 -0.14554405 0.08509541 -1.5891 0.07641167 -0.7780779 -0.024042707 0.4861139 0.26626056 1.5644072 -0.6550616 1.1241708 0.56382513 -0.10697782 1.8435608 0.25080743 0.34710747 -1.409695
plethysmography -0.39454198 0.4855999 2.2983546 1.218852 -0.014577136 0.35195148 1.4596057 -1.5046924 0.32616732 0.6635747 -0.56898284 0.5878785 0.16507152 -0.68547153 0.53119683 -0.09015412 0.69497293 0.15243535 1.6109424 1.0276939
downwash 0.52118474 -0.564015 1.3562298 0.778924 -0.05914558 0.07195457 0.6686652 -0.65493786 -1.2055779 1.246837 0.38460207 0.2318102 0.354354 0.19657816 -0.4621337 0.7808452 1.0571755 -0.9708484 2.2874684 0.28105474
sloshing 0.39080405 0.14113931 1.3998283 -0.29348728 -0.40427935 -0.20968862 0.39937612 -1.195845 -1.2103527 0.84242934 0.43062946 0.43334073 0.3283203 0.0629939 -0.89142424 0.27381435 0.11972939 -0.22436728 2.001956 0.4035981