Centroid_2 1.4290033451025645 -3.1563117128675233 -2.7851782825427343 1.1769576370716244 2.609728024799145 3.4381426514401734 0.4720777457905984 -1.0651424842608126 3.0787799677777774 0.5007669280115385 2.0011887511923074 2.6036373664615367 -1.8942437804017107 -1.0299035305897437 -1.3774663403205116 -1.5016693939487185 -2.63284300698718 2.199990272799146 -0.6434846334529911 -0.7974718451965813
indian -0.70895606 -6.029354 -9.780222 4.1593485 1.5382817 4.223693 1.929516 0.00801935 2.7940931 1.0371513 0.08648415 5.3614855 -3.73068 -2.1066327 -3.0692434 2.0741572 -0.5275753 -1.6818783 0.950572 0.87420636
chinese 3.186267 -7.4059057 -5.900511 -1.3647922 3.522809 4.144732 2.6569335 -0.16191605 5.6247587 -1.3599027 3.9268272 7.9261417 -3.4024436 1.6112341 -3.4726703 0.19867262 -1.3620232 3.0784588 4.0419936 5.576794
native 0.9623448 0.36123478 -7.0155554 3.322609 4.2039337 3.9307866 -0.8074561 -4.3469896 4.745504 -0.46003968 5.318363 2.460534 -0.4700853 -5.554338 -1.9383687 1.0065826 -5.6022367 1.5965027 -2.742652 -0.7351371
african 3.2044103 -3.5460303 -10.282092 5.728947 5.1554174 2.4027975 -0.87453836 1.4681075 5.256049 0.34217304 3.9098356 5.5340357 -1.928524 -8.218175 -2.0376396 3.6024501 -4.7049327 2.1282427 1.2386081 0.8824022
irish -0.46690848 -4.250598 -6.869618 4.424974 4.337274 -0.3786883 -2.2581873 4.566672 6.288561 -3.5780709 3.0907936 3.7820544 -1.7353854 1.5785913 0.5621664 3.9281485 -3.5345528 1.577375 0.5799395 -7.2537093
prominent 0.7007571 -2.7777245 -4.750501 4.8227086 1.7579957 6.469427 -0.31937525 0.46231627 3.8085265 -3.6594422 -2.1013715 -0.99594736 2.0802 -2.0076509 2.3907077 2.380062 -7.0406704 1.1614202 -0.59790903 -5.118491
asian 6.4655185 -4.8501735 -12.04813 -0.17705584 2.2038884 3.4385693 -0.5855964 0.6761936 5.5740066 3.3676813 0.45929348 5.7864413 -1.4265832 -10.644339 0.06903626 -0.6700803 2.7804356 2.8138406 3.0130138 2.680077
origin 3.697865 -3.5630624 0.38189876 0.64996284 1.4865412 4.830901 1.0862231 -2.8775659 6.416609 3.2168975 1.9296603 5.304731 0.505455 0.38909566 -5.052818 -1.099933 -2.3896403 3.9108117 -2.6278312 -3.0430396
indigenous 5.9470673 -2.386358 -7.1652718 1.1944972 1.8512274 7.8972254 0.72675043 -3.6251187 5.4686003 1.6246556 2.5497794 4.093869 -7.0729313 -4.658219 -5.122443 2.1390116 -6.217152 4.0404463 -1.1853266 -0.42714554
origins 4.052979 -1.715896 -0.16370055 2.205099 -0.30540854 5.4225025 0.43187279 -0.33304155 5.3863153 -0.9560707 2.7139854 4.915051 1.7714887 0.8483826 -5.2745643 0.20394012 -3.2124557 0.9292232 -1.5712298 -2.2148302
traditionally 4.139092 -0.3167827 -2.2423856 1.976774 3.3815293 4.911885 2.7009118 -2.6331255 2.191289 1.0145315 3.3125987 6.4157076 -3.0652423 2.0963676 1.9982471 -1.7251992 0.34329465 6.552277 2.059505 -2.3477495
historically 3.7838368 0.9295852 -2.5499315 5.578623 0.19413757 5.421061 -0.1787982 -3.618484 2.72995 2.1974652 1.0533909 5.9003296 -3.0897534 0.5360723 -1.4464611 0.5682647 -2.9932053 2.2217412 2.1971593 -4.281536
cultures 9.014135 1.5097141 -0.49691802 1.4850051 0.66173255 12.191052 4.6336355 -2.4564078 8.23996 2.0810733 3.8670404 6.4360657 -3.4280248 -4.874467 -3.535981 -2.4032617 -2.29153 5.301436 2.2761357 0.68949914
predominantly 3.5274806 0.70280427 -3.51955 4.385785 2.280719 5.613783 -0.72141916 -3.7586913 2.2223604 -1.0059737 1.1873173 2.628657 -1.4308918 -3.3456523 -0.36347795 -3.203204 -4.8659415 3.1389158 4.263028 -3.5529387
tribal 4.15325 -4.011594 -6.0272055 5.4840016 4.1719956 4.191389 3.6322072 -2.2866685 0.17909631 2.4437478 0.22597286 1.4403125 -8.157099 -0.9296212 -2.207823 2.5022254 -5.2415733 5.642217 -2.6244512 -1.3639432
ancestry -2.954803 -1.3601415 -1.2865974 2.6817431 6.2483516 4.412158 -0.16657753 -2.6625383 13.455349 3.4083958 5.802407 4.288966 -4.9051085 -2.1068332 0.4638559 -4.3982463 -6.508766 2.8373277 -4.181923 -3.8921115
gaelic 0.8416917 -7.00836 -5.4220867 4.378198 4.2503014 5.9938083 -5.4533715 3.0764332 2.8705034 -1.0652966 0.53338826 9.047083 -0.68137443 -0.13231586 3.1869526 3.4989128 -1.1264566 3.406259 0.9847707 -13.344612
folklore 2.774415 -0.72353727 -2.9201224 0.8835921 0.4740647 9.853804 4.9217043 1.8519814 6.729744 -0.076585 2.7658384 6.3841567 2.32903 -3.156689 -2.4259512 -3.8140664 -2.9073358 3.6828258 -3.343119 -2.2661476
counterparts 2.679369 -2.1191115 -1.1380674 0.60324085 2.9702263 1.0629622 2.6153002 0.23862702 5.2174 2.7382977 1.4805577 3.7481284 -3.3176339 -1.0394582 1.3140341 0.71774805 -2.2303061 1.8037254 7.4269304 -1.6252524
nowadays 4.5397162 -1.2673663 -1.1364126 -1.683448 -0.1547066 6.764477 -0.86678463 -3.5666053 0.0399843 -0.9727088 1.3925723 3.2731369 -1.973379 3.329747 -0.01738393 -3.194829 -0.32494178 2.9297612 2.3790061 -1.0754688
malay 0.506101 -8.919739 -7.573328 0.1268682 3.090706 4.942153 2.9841933 -0.6057305 3.8695393 3.1091945 0.84343463 8.841966 -5.8087687 1.6023793 -3.8437037 -3.9106882 -2.434103 3.9818025 1.2007576 -0.7320725
slavic 7.6246977 -6.729952 1.1012937 4.711826 5.2784624 8.077665 -0.74256074 -2.6710956 6.633321 1.7616298 4.5610275 3.7291772 2.5486608 2.4986925 -3.877348 -6.2746716 -4.0485344 7.1086483 -1.6885648 0.57230484
icelandic 0.94911045 -7.715073 -1.367703 -3.5932496 2.9422886 1.5895663 -5.3231344 -0.8418615 5.7867618 -0.60849595 1.6473066 6.0047674 0.40469724 0.6356608 2.3902838 -2.3683877 -1.4277711 0.87846786 0.4499454 0.6255169
chiefly 0.6784101 -0.013054388 -0.37434334 3.4801583 0.58866745 5.587881 1.3466 -1.3582332 4.8922276 -0.4995985 3.0229383 3.6883523 -0.73048216 3.0501966 -0.59305733 0.42456004 -3.119803 -1.1151719 0.8993158 -2.4391062
clans 3.0506942 -6.333399 -4.7974973 0.19699791 6.4646864 4.8935494 6.017498 0.16243012 3.0200462 6.461646 4.1114426 -0.109843425 -7.8703227 3.9399757 0.7022689 -4.0037317 -3.7177339 4.2751474 -0.38281232 -7.6183214
taiwanese -0.6998042 -7.622505 -5.1576076 -4.5961394 3.7798376 1.7002215 -0.039070453 0.83453953 3.0464408 -2.7623656 1.6400144 5.638543 -4.469782 -4.756899 -2.1229913 -0.6242453 -1.9039935 2.2975855 1.3813764 4.8028793
burmese 0.7932567 -7.957712 -4.8964014 0.54519075 4.2857556 2.734163 4.0635767 0.1587989 5.253138 1.8448697 2.7590036 2.7321231 -4.330805 2.6997304 -4.0686665 -2.4077876 0.008935493 2.7436352 0.9600774 1.8884933
foremost 1.3811303 -3.7520196 -3.43683 0.7000902 0.26627058 6.298094 -1.388818 1.0293711 7.432018 -1.5845678 -0.6720707 2.0888264 1.6292613 0.084175095 0.93013483 4.7380314 -1.8416284 0.8461358 0.039432928 -1.2107929
ethnicity 3.2348018 -4.519571 -0.952375 2.6327038 3.8970351 5.6646137 -0.9137064 -2.6621034 9.2583 3.0892227 -0.6825086 2.9454036 -8.715606 -4.3034816 -0.54629666 -0.346222 0.25375894 4.781869 -1.7185618 -2.3876154
bilingual 2.8202696 -5.510927 -1.1711856 0.8202546 -0.47196072 5.0526233 -2.3148196 -0.7577688 4.855802 -5.481425 -2.899968 6.315839 -3.1456692 -1.0412254 0.49424636 -3.6917033 -1.1214334 1.1244807 -0.67555434 2.1191664
flourished 1.3400608 -0.09566233 -4.0905514 1.537314 -1.8529882 9.023523 -6.270394 -2.2932937 5.5045395 -2.6845808 1.8036138 -0.5665748 3.0608428 2.2920477 -4.2354283 -0.8602366 -3.1534405 -0.008212928 0.8790937 -1.8349122
mandarin -0.029059563 -6.691247 -3.2060866 -2.1660795 3.4977486 2.9922867 2.0635438 0.12650622 2.925684 -2.9633198 1.9092599 9.563327 -1.2628751 -1.5676074 -0.46453017 -5.437587 0.60628515 3.1347654 3.674789 2.076044
jamaican -2.797232 -1.2601652 -4.5221443 -2.0485535 3.9147274 0.94154996 -3.0924625 2.0965393 3.0015259 -1.8742064 3.298613 2.5627236 1.263798 -5.5690475 1.18088 1.0338538 -3.6748402 2.8634076 -0.04730076 -2.5516603
breton 2.6019177 -6.1121006 -3.1287787 1.0344937 2.5463665 6.2555943 -2.6278267 3.1945772 1.0171549 -0.82248896 6.062311 3.7702281 2.8956401 2.2890437 -2.5873368 -0.77016574 -3.6504228 -2.2983527 -3.1751997 -3.9020813
maltese 3.7949798 -3.6200185 -4.733684 -1.2343706 0.26129064 3.7144542 -0.44774944 1.8157456 3.0253024 2.4143193 1.1531138 -0.2051991 1.2979103 3.5088856 2.680617 0.55894077 -1.7357416 1.4470115 -2.4194572 -3.454683
mongolian 2.4684849 -7.575649 -3.5985763 0.6640228 4.557011 3.8795671 2.1565268 -0.27460632 4.5116596 3.1345026 1.9058568 3.5691977 0.2699061 0.439164 -1.366234 -2.4552422 -1.0650481 5.0115542 0.98101604 4.0160084
scandinavia 4.2596602 0.37309834 -4.003469 -1.8710887 0.4868183 2.696797 -3.325776 -2.372045 6.730576 -0.5608624 6.3205304 4.2593393 2.8635345 2.4990778 -2.0590842 -5.3147726 -1.6347998 2.473261 2.4307537 2.2883124
lao 1.8607826 -10.036122 -5.1359487 -0.4872134 4.9856305 2.6284685 4.106784 0.18240312 -0.4520919 2.2177026 1.4571826 2.996872 -3.8149076 0.94443846 -2.4039598 -2.020167 -2.0537086 3.1418478 1.1857915 4.3358808
multicultural 4.1547112 0.20858462 -3.546848 3.011998 -1.19028 7.892759 -2.3927407 2.5215786 1.6614099 -3.376001 -1.5556502 4.2785115 -3.8994417 -6.2777567 -1.4833544 1.008108 -2.4619966 4.0069795 0.16347305 1.8266155
inuit 1.5948938 -0.9180509 -6.674953 1.2889539 2.8253357 3.2357676 2.9853168 -4.672205 4.2075725 -2.0225422 5.189396 6.6917253 -1.4574344 -3.3601305 -3.8050416 0.15825464 -4.5430837 1.0893261 -1.334088 1.2501163
cosmopolitan 1.439582 0.65843856 -3.9090736 -1.6275016 -1.1737952 4.3742642 -0.8158676 1.2481906 3.3849401 -3.073017 0.86930734 4.19363 -1.1170952 -3.6757119 -2.1741455 -0.89274746 -3.5070667 1.9250028 -1.3405159 -2.1370878
cantonese -0.011160972 -7.66262 -3.4791272 -3.2412724 3.5635104 4.858933 1.3327389 -0.010555567 2.131076 -5.11033 1.3181431 8.733893 -3.4631932 -0.85186833 -1.6948999 -6.80485 -1.5704774 4.1489024 4.322901 -0.29154032
naturalized -3.0202458 -1.5522302 -4.601495 -1.9790561 5.045108 0.69138485 -4.498853 -3.0452712 9.161428 0.28923056 5.8369727 0.1481997 -1.6849883 -3.549252 2.0236154 1.0320514 -5.5017123 1.9838471 -4.6694336 4.9168797
javanese 1.4287891 -6.3745413 -4.0073752 -1.6798666 1.8429925 9.592623 3.8162303 -0.9438352 3.8247893 1.321846 1.6766909 5.9211626 -1.6856961 4.5102773 -3.7842422 -6.1050878 -1.7824429 5.7988157 1.9816995 -1.6338338
singaporean -3.4840174 -6.513417 -4.9970355 -4.876278 2.2952654 1.688099 -0.6021432 2.3927827 1.5516025 -0.6876477 -1.1008462 4.3995514 -4.5843077 -3.3889241 1.5393233 -0.07569067 -0.7171911 2.2731922 1.0220387 1.9215186
heartland 3.2029052 -0.63880134 -4.2788258 2.5391374 0.6445428 1.3714292 -2.968322 2.1714282 0.15074144 1.8614388 2.3920727 1.8784778 -1.0103623 -3.1254725 -3.315359 -0.6449717 -2.4190552 0.97506285 0.32269812 0.14620256
nepali -0.7871189 -7.5231466 -5.191303 0.11301942 1.2593409 5.3840156 0.37260494 2.5850303 4.644977 -1.6895199 -3.4541469 3.7425623 -6.946226 -1.1945425 -0.086936526 -3.9147267 0.7776687 3.2586412 1.0388641 -0.25135183
manchu -1.280842 -9.419708 -3.1064644 -1.700675 5.3971004 2.780883 4.304895 0.79117894 2.8748379 0.49862012 3.2155254 4.1832514 -1.1772285 4.190332 -2.7332861 -2.1101103 -0.3547916 4.026323 1.2010568 1.7883015
cree 0.7114822 -3.960123 -5.7947884 4.032084 5.0847273 0.30241665 0.7556299 -2.9682438 -0.13694863 -1.262557 3.8411918 5.5399623 -1.6352142 -4.131245 -4.6778264 1.7886461 -4.932653 1.6435481 -3.3734465 -3.0173783
federated 3.3961222 -5.1417747 -8.05541 2.5154364 0.88957626 -3.283776 -3.728865 -3.88229 -0.33221698 0.47823653 -0.14778027 6.5168 -2.3558278 0.61567277 1.5239141 1.997464 -5.6596723 0.1625305 -2.9499178 4.2177987
ethnically 3.8803058 -0.70716494 -1.1669421 4.9104548 4.134445 6.8494105 -1.7637904 -2.4759343 5.006011 3.0188963 1.6466845 0.7308723 -6.449154 -2.6843262 -1.0271469 -5.6078944 -6.4287767 6.555892 2.0366597 -1.9697737
samoan -1.183118 -4.623273 -6.5448527 0.22564107 5.0814238 1.3682013 -0.24490763 1.0379412 2.9129095 1.4696059 2.6208024 2.6850588 -1.023754 -4.3109503 0.28491935 1.0328046 -1.6958678 3.153169 -1.9678262 -0.77672714
maori -1.431639 -4.2874045 -6.041853 1.6190649 3.5741894 0.85377884 -1.0349845 0.20316693 2.2463713 -1.3138696 3.3197746 6.390798 -2.3960717 0.14210233 -3.084089 1.2386787 -2.174589 1.7204391 0.11831155 -2.9766672
francophone 4.1965947 -6.285139 -4.553477 1.0815457 0.30770117 4.9115977 -8.032731 1.3536747 3.5027218 -2.5694735 -0.9087979 5.88952 -2.727671 -1.7778163 1.177684 -1.2635078 -2.5336308 0.24317603 -2.1043065 -0.17362206
regionally 4.8968167 1.8461323 -3.489976 2.054723 -0.6486835 1.8672576 -1.7597014 -2.0436184 2.9342158 0.45010352 0.21632694 5.8803835 -3.0551648 -4.4621563 2.0415378 -1.9690001 -2.4733462 0.6226011 3.2655623 -1.2510638
asians 1.8737009 -1.0144932 -4.993895 3.215561 4.853553 1.6875882 0.097220205 -1.5233406 6.060453 0.6580934 3.7196062 2.5518067 -8.254377 -6.871895 -5.0455666 -2.1600266 -2.4191537 3.428417 2.9911335 -1.7393801
expatriate -1.7976022 -0.8266152 -6.3908763 -0.39502594 1.9762424 5.946175 -1.1074001 0.75582486 4.569385 -2.384648 2.1879845 -0.83121777 -3.4839158 -1.345683 2.2212834 -1.1416692 -6.2979183 0.70575 -0.14356211 1.3572022
preeminent 0.9366543 -2.5658443 -3.1630867 1.7162868 -0.16895762 5.5482674 -3.1889284 1.5365173 5.366671 -1.1802051 0.024276478 2.855542 2.4910994 -0.8251313 0.6258325 5.01885 -2.5773852 -0.047289252 -0.5849102 -0.8501119
siamese 0.31318167 -5.7411585 -4.405055 -2.671341 4.3467207 1.1829786 3.9694881 -0.30629155 2.1463969 3.5037353 5.493482 2.268406 -1.6576316 3.633772 -3.2605433 -0.61661243 -0.19704668 2.7906 0.1276219 1.0471824
fijian -2.635156 -6.0508356 -6.6431403 -0.10838771 4.497922 0.7558298 -1.1975394 1.6392338 2.6498694 3.8274214 1.1054066 1.7123455 -6.8296084 -0.98187274 0.5747583 0.4737038 -2.701852 2.0771575 -0.18502587 -1.951189
anglo -0.70860404 -0.66447204 -4.8213997 1.9686482 0.940067 1.8946111 -2.4227087 1.0070889 3.7591913 0.59679407 3.627653 3.1093204 -1.1305454 1.745742 -0.9922854 -0.48755962 -6.7270975 -0.68046415 -0.6441187 -2.3122158
hmong 1.980794 -4.6154838 -4.291641 2.1920726 5.126866 2.032108 4.0936456 -3.4190104 2.68998 -2.972783 1.823457 0.6506121 -6.0528536 -3.955196 -2.0291162 -2.8590643 -3.230091 2.360211 -0.36852682 3.8339205
polynesian 2.6386766 -4.4801636 -6.7406826 -1.1982912 2.0270402 3.5971267 2.4683907 -3.001786 4.0615826 0.3689664 3.2827897 6.18014 0.7504153 -3.4448006 -3.9972367 -0.59448886 -2.1444507 0.1794166 -1.809383 -1.3449951
bantu 2.2741544 -6.3296676 -2.3204854 3.0375097 5.372222 4.552778 -1.1833514 -3.7316427 3.5269182 1.1870788 2.167566 3.7618597 -3.6942651 -4.506279 -3.5489008 -3.8478823 -5.1435595 2.3723357 0.72712076 -0.63093674
insular 4.317239 -2.6934988 -1.9155174 3.2435338 0.06332105 3.8671994 0.5807917 -2.7763944 3.5936801 3.3102698 -0.20564629 2.8061905 -0.050976668 -0.28625622 -3.2774308 1.1172261 -4.643288 1.1232548 -1.1327158 -3.112932
mayan 7.8922224 -2.8613954 -1.4296569 -2.4467196 -0.22813135 7.4325724 3.9658635 -2.4869776 1.6756322 -0.5296148 2.4423575 1.7332877 -0.17517774 -1.4925461 -4.584519 -1.9158427 -1.6455352 1.7696635 -5.429378 -2.0689547
lakota 2.5329852 -2.3047698 -6.0294976 5.9109216 6.341436 -0.8853178 6.9226604 -1.4882368 0.9482485 -3.2369866 4.19543 0.07574022 -0.36973083 -4.8751235 -3.0548637 2.0540707 -3.18248 3.535835 -3.386996 0.3739889
faroese -0.21894771 -7.2367773 -2.6306012 -2.8466923 3.057337 1.6255244 -4.7036104 -2.3062563 5.30632 -2.1482413 0.87247044 6.8166223 -0.38303608 1.8376368 3.9385118 -3.1274657 -1.5482665 1.7045443 0.10114591 -0.3817175
frisian 1.38025 -6.3262725 -1.8113478 2.3855367 5.128552 3.3335307 -3.1294758 -4.120549 2.630929 -0.4664485 6.409753 5.1724854 2.7187192 5.7806373 -3.0513546 -3.7198532 -4.19924 1.5371327 0.5426727 -1.9689656
sindhi -2.9455497 -5.966543 -4.5115733 1.7507625 1.6500347 7.0876093 3.084667 0.16899951 5.246152 -1.5578526 -2.5237644 3.9368908 -5.4432783 -0.19281872 -1.3846891 -6.493052 -2.004517 3.4854507 1.4360907 -1.0714347
namibian -1.3124862 -3.4432738 -4.358419 0.3130877 2.6731057 0.8232331 -3.1282887 0.47259665 1.800086 2.850245 1.1362352 -0.066361465 -1.8254123 -2.3611877 0.6091014 1.041939 -2.8821104 0.99199057 -0.4267817 2.4173577
kindred -0.30526456 -2.1131656 0.90967184 0.065776765 4.027919 2.4395902 1.1984591 0.24933296 2.05243 -1.547274 3.8966842 2.8617015 0.73303956 1.0858612 -0.5140807 2.3151128 -2.7904027 4.2935143 -3.6352084 -2.5814526
ethnicities 7.08379 -1.3459641 -3.3940387 2.1382837 3.2425566 4.8046017 2.3649058 -2.548568 6.9603896 1.552027 0.88311154 1.4439031 -8.6891575 -3.326554 0.98920417 -3.8228748 -2.3096426 5.4324465 1.4062264 -3.1843176
swahili 0.26680225 -6.442731 -4.715618 -0.5745462 3.9221425 4.1555824 1.9082334 -0.7083163 3.3280356 -0.064742535 2.5235415 6.6117263 -3.0775092 -2.728056 -4.244725 -5.424114 -3.6719751 3.1644018 0.79291177 0.2051679
igbo 0.3239168 -4.505245 -3.5569673 1.6802633 5.061297 6.7538757 0.50027037 -1.4308575 3.3016691 1.1148174 1.957071 3.1818469 -4.366326 -3.9983897 -2.3627737 -2.7672248 -3.224398 5.8697243 -2.7363665 -0.19365026
predominately 3.1243012 1.7721565 -2.8456821 3.0740538 2.1921556 2.7459514 -0.4889203 -2.6159587 1.788622 -1.6940665 2.4509811 1.9220946 -0.88684225 -3.4756498 0.09744621 -1.1365486 -3.2906642 2.0115752 3.2819588 -2.0562046
acadian 3.6668985 -3.691183 -5.052791 2.4246545 1.7573982 2.2410102 -1.5917454 -1.7027937 1.1580232 -2.126714 4.5109406 1.1294665 -0.047243174 1.0753174 -2.9840057 0.028185004 -6.3623295 -2.98598 -3.9706037 -2.4277058
tanzanian -1.4652529 -3.5282354 -4.1565747 -0.9570803 2.676317 1.5089386 -2.5083454 0.2545377 0.5329183 2.1570938 0.99335575 -0.3360603 -4.613775 -3.1343274 -0.25147268 -1.070494 -3.6063848 1.2967113 -0.6365763 2.2230196
dao -0.7762406 -8.455829 0.32484454 -1.8127357 3.8415663 2.2397006 3.8639653 -0.6531594 -2.0859916 1.474121 1.8456328 4.9529986 -0.66606265 0.06874306 -2.470157 -2.479627 1.6908761 1.5675093 -1.4213172 4.240704
cajun 3.8139246 -1.3470244 -3.3662918 -0.7060092 4.2309833 1.7149022 -0.8723334 0.067195676 0.10947749 -5.630847 4.7312756 4.3723774 2.9327245 -6.226084 0.10478129 -0.30611196 -4.9301424 3.2533903 -1.6741722 -3.9515102
andalusian 5.410818 -4.7905593 -1.7374562 -1.7243158 1.6449678 6.7826023 -1.0855331 0.6776079 2.7189522 1.6405785 2.9017482 0.86011183 -0.9385408 0.8610381 -1.1912392 -2.1145756 -2.4876256 0.94101876 -2.2225866 -3.722887
multiethnic 5.9680715 -2.066006 -2.4610553 3.461727 1.4219357 7.045048 -2.2078834 0.9094106 2.746915 0.57220125 0.77087975 1.1784999 -3.7024775 -2.5364544 -2.2783036 -0.9175493 -3.80889 4.261182 -0.10307391 0.77140135
multiracial 2.5410326 -0.5627811 -4.2995567 3.8476164 2.9185586 2.0299585 -1.327575 1.6325465 4.0282917 -1.2752564 0.6290258 1.8938955 -5.2077575 -5.478664 -0.7161715 2.294839 -3.608577 4.576022 0.26619038 -1.6192605
anglophone 3.2848465 -4.0291333 -3.6544492 2.61533 1.2150009 3.4588537 -5.072791 0.90251964 4.651532 -2.0238843 -0.550354 4.250419 -3.722416 -2.7021117 -0.5351797 -0.5319778 -3.687491 1.5968984 0.22698225 -1.239958
statesmen 0.42620575 -1.3615599 -3.4904144 3.58652 2.7896926 3.4256196 1.3151181 4.2906485 7.9143457 -0.69358015 2.2491326 -0.6738647 -0.9782596 1.7221868 3.6408892 3.4050274 -2.2132428 1.9563158 -1.1275287 -2.3189557
pashto -1.7178459 -8.15928 -1.7846844 2.1507783 3.1149495 5.157309 3.7536638 0.2149499 6.225552 -1.4528419 -1.9549959 4.600665 -3.89848 -3.3597784 -2.0590205 -8.741327 -0.83400005 1.4761338 2.965331 0.354921
naturalised -4.791839 -0.52488285 -4.735187 -1.2956642 3.5259314 1.5597519 -3.8751743 -3.872496 8.558729 1.0380723 5.147583 2.378803 0.20115235 -0.23114643 1.5447438 0.2892471 -4.826506 1.7528442 -1.7171874 2.025297
precolonial 4.785882 -3.5889702 -5.2728343 2.1345322 -0.21648356 6.4791503 -1.3136842 -3.0165997 6.747799 2.4948914 2.2107496 4.397346 -2.4427 0.33231777 -6.35298 -1.5037953 -2.2838945 1.0401564 -3.2461596 -2.8169496
haida -0.20767781 -2.4501436 -6.094074 1.6984489 1.3500638 1.751999 5.1275954 -3.3599024 1.6459348 -0.53868276 3.2244613 5.5209126 1.5459448 -1.6418164 -4.873991 0.27366558 -3.9703617 -0.5912731 -3.5530083 1.042592
bhutanese 0.8653299 -3.702689 -4.6117043 0.76216006 0.994214 4.564872 0.71764225 -0.1544088 3.3007488 2.0657892 -0.6582075 2.830336 -4.9174466 1.3722968 -0.6975822 -0.72503537 2.0169656 4.677706 -0.5091114 1.9959497
linguistically 4.062954 -4.6187077 1.5506805 4.09106 3.407526 6.3158097 0.11852878 -3.3460152 4.3669295 1.6223263 1.3289409 5.4994726 -3.990531 -0.6168341 -3.4574194 -2.3826416 -3.2760456 3.5385795 1.300964 -3.632345
ainu 2.8172166 -5.6191587 -2.861839 -2.3271332 3.5460753 5.4430413 3.894661 -3.6372173 4.55293 0.11632329 4.4198213 4.0908494 -2.1905077 -1.2293853 -4.222824 -5.1472015 -2.1209476 1.2742354 -0.50963825 2.9788601
hausa 0.27468023 -6.829178 -3.4669313 1.0647388 5.1342697 5.5815806 0.54292244 -1.4112867 3.9250343 1.1795588 2.5550506 3.7722695 -5.5885863 -2.1107144 -3.5062747 -4.8984904 -3.7402236 3.337981 -0.6161782 -0.6155774
maldivian -0.7754293 -5.34267 -4.842678 -1.4039193 0.45747948 1.7392484 0.79107535 0.78899896 3.5839489 2.9963455 -2.0293052 2.5823638 -4.5806427 -1.0453788 -0.86793864 -1.8027223 -0.051133692 1.4333316 0.3521672 0.28695014
folkloric 6.5444474 -2.749197 0.24937972 -2.5519805 0.7420435 8.820287 2.0039725 2.5648065 3.4527917 -0.89649993 1.1294065 2.3329272 1.3036953 -3.5716536 -1.2721034 -3.5465512 -1.5440776 4.901622 -1.2451117 -2.3505924
amerindian 4.723361 -2.0078318 -2.1514924 0.7227384 3.1162193 4.7545457 -0.056084227 -4.9211736 5.690683 2.8307917 2.7664046 2.0207736 -3.2002864 -5.405653 -2.2904637 -1.2182182 -3.7451131 2.308406 -2.5962775 -2.9980001
mestizo 5.7428074 -2.761497 -0.5544487 -0.955142 4.250024 5.692862 -0.041825507 -3.122127 4.3416715 1.9614567 3.9999473 0.84332883 -6.5311995 -4.9464254 -1.0221556 -1.0016247 -4.5387774 2.4685595 -4.2057285 -4.697511
shamanism 2.8551657 -2.0607162 0.93298286 2.4071648 2.5133574 8.917888 5.1505 -0.5656632 6.1100926 0.84657013 2.916116 4.968554 0.6391231 -3.192879 -4.1950207 -1.7670038 -1.6168374 4.9700594 -0.6809952 2.6681118
papuan 0.228538 -6.0049276 -4.725229 2.8563673 4.4913316 0.68823874 2.091295 -3.4018772 2.6704335 2.0975366 2.0533423 3.1417935 -2.3187256 -3.1515424 -4.133333 -1.9450767 -4.364965 0.05590745 0.026342575 -0.7965623
premodern 2.9167876 -2.92533 -1.312085 0.8112408 -0.9004588 7.4324527 -0.02753613 -2.8216934 8.164476 1.810431 0.6974814 4.2761245 1.0390009 1.0365268 -4.380742 -0.16275384 -1.2232497 1.6622943 0.8598718 0.58132374
borderlands 4.470641 -1.7787634 -1.7769196 1.0920522 0.18070179 0.37863678 0.42406687 1.8534129 1.4856831 2.1465375 2.604084 0.955849 0.76446813 -0.053834695 -4.4193892 -0.8119247 -2.1679919 0.32053992 -0.6866389 -1.2657131
tlingit 0.59163994 -3.3229218 -4.7977715 3.218302 3.1640627 2.6524322 4.6127687 -4.3328066 0.6254387 -0.9603703 2.9444728 4.5979195 -0.008423025 -1.3284246 -4.2618947 -1.1917967 -5.4204464 1.1471109 -3.2846348 -0.090234786
maluku 2.4518592 -5.624348 -6.132747 -0.5079909 1.8139559 1.2660127 -0.23951808 -1.1688691 1.3917861 5.088363 2.834922 2.4427924 -3.5167375 -0.46775055 -5.017831 -5.8238482 -3.8103118 1.1536181 -2.4439442 0.15638113
circassian 0.54775983 -4.0530515 -2.5019307 0.24153574 3.9472973 5.6476493 2.8084764 -1.3890115 4.879099 1.9907376 1.9368906 -2.253472 -1.8386959 1.2252475 -1.1030505 -4.1709747 -3.329345 4.7644157 -1.1710113 -0.07072162
trinidadian -3.8752022 -2.9106631 -3.1010728 -1.9861223 3.5998213 2.9743874 -2.8045812 2.556542 2.1795855 0.19045366 2.1493418 1.0405474 1.1854849 -5.6234975 1.3700938 -0.031691846 -2.2576113 0.82263666 -0.9119074 -2.8116615
dahomey 1.9224176 -4.5879664 -3.9262075 0.6201279 2.6534505 1.3315331 -1.7402369 1.4431338 3.4218228 3.5353134 5.5858746 1.0880655 -2.2843869 2.7110796 -3.260399 -1.3027885 -2.5067673 0.36180952 -4.1617856 1.193041
intermarried -0.51009583 -2.765 -4.6633015 1.3327335 4.8463173 5.2291093 -0.9210123 -5.5126615 5.1592774 -0.32956597 3.3006153 -2.5116289 -3.0597248 1.2774633 -1.0047276 -2.4590414 -7.6782956 3.3566372 -1.6931787 -5.6994042
fulani 0.038459413 -5.7850275 -2.2317517 1.8990973 6.2111998 4.409308 0.7096148 -0.1969475 2.5653667 2.4476855 3.996157 -1.7926738 -5.855566 -2.3831534 -4.1445904 -3.869904 -4.4727154 1.7382083 -0.95784277 -1.0823137
salish 2.1430445 -2.8546023 -7.5393057 4.463248 2.7931683 1.8638934 3.5317333 -4.792779 -0.14308162 -0.31896347 2.124416 5.9650598 0.59191704 -4.8436513 -5.0271244 0.13435438 -5.1622014 1.3340276 -2.297522 -0.41125363
shona -4.2171226 -3.1739628 -2.8551707 1.4173552 4.664311 3.1340108 -0.38662788 0.07957636 2.20464 -0.9991201 1.5347995 2.449007 -1.4306421 -3.0816407 -1.0087906 -2.1026924 -2.917843 2.940221 0.9108818 -3.489773
creoles 4.5581856 -2.6128516 -2.403045 1.7610933 4.608651 2.7539704 -0.57206786 -2.0587144 5.39289 0.2220205 5.0327797 3.4936342 -4.0280275 -2.9653852 -1.5787243 -1.1044635 -6.31179 1.439441 -0.45757997 -3.6149693
guyanese -3.7461176 -1.9877195 -3.9720092 0.6060908 2.5209289 2.7356148 -2.5370412 0.6735206 3.7204683 0.89267075 1.1841092 0.7986208 -2.191926 -3.9795966 0.9700244 0.6880158 -3.018864 0.3211608 -1.9737409 -1.4197512
asturian 6.599391 -5.235833 -0.843374 -0.5917704 1.1783034 5.0303726 -2.9572883 0.9073795 2.4069366 1.3018651 2.1551015 1.0095117 -0.78824025 1.6784484 -0.33170933 -0.015591909 -2.88831 0.6917225 -3.7791567 -3.674143
colonizers 4.518662 -1.4405397 -1.4335496 -0.067152254 2.8131225 4.144019 1.2975479 0.17707224 5.3166556 3.245577 7.536915 0.6295492 -3.5467813 0.3917575 -3.8281798 0.06971672 -3.988675 -0.2658012 -1.432191 -0.01847229
maasai 1.1695371 -2.172549 -5.4412575 0.48362687 4.2245626 5.1518393 2.6865442 -3.079459 0.96761155 1.9519017 2.8433125 0.98058814 -4.880324 -3.7289166 -1.3940985 -0.6189937 -1.1392046 3.3258698 -1.5301243 -2.2609742
chiefdom 2.1538563 -3.924664 -2.8887546 5.274838 3.6645215 4.641507 1.1930815 -1.2686697 0.6704997 4.4614987 4.1598754 1.0923334 -6.0618763 1.1556544 -2.58973 -3.408187 -3.278247 -1.0235045 -4.2469296 -3.3484051
greenlandic 1.513289 -4.7291093 -3.2734008 -0.07642177 2.7975507 2.1414669 -2.419777 -3.5086153 3.3024747 0.045375515 1.7779694 5.8436384 1.139407 -0.186038 0.8679286 -2.4749806 -3.0352788 2.276819 -0.12989585 1.1422505
indo -0.13250129 -4.0830207 -3.4681778 -1.925782 1.8398161 4.9686446 0.051069416 1.0608957 2.2763546 2.1623092 1.6591668 4.1112814 -1.3394837 -1.1550903 -0.066922694 -2.3159182 -3.784879 1.867206 0.16933367 2.1035008
tahitian -0.6934274 -4.2152596 -4.4213033 -2.9348743 3.5073032 2.8951085 1.929322 -2.1420362 2.8685162 -0.3248992 3.5501828 3.6849585 1.6250572 -1.0508301 -0.7376049 -1.9138355 -1.2901026 1.7686027 -2.3856914 -1.3278826
metis 1.297145 -1.4841615 -3.2328289 1.3712785 2.2530468 1.248719 0.38327298 -2.4994597 0.42380744 0.54866475 3.240549 2.663296 -1.2908529 -1.5465015 -1.2218683 2.6881773 -2.8402982 0.4207549 -4.2494764 -0.21166623
yupik 1.7365233 -2.7468605 -4.780442 3.0793035 3.940743 3.6742024 4.053744 -6.2297726 1.8307358 -2.2014866 2.1974032 5.3252354 0.5657073 -4.3932414 -1.7616643 -2.8850334 -4.3722763 2.4496377 0.13388576 0.3147036
malawian -2.8488119 -2.0338278 -3.1711397 -0.41064662 2.0915563 2.195025 -2.3675072 0.8527536 1.6675495 0.6647197 0.6151785 0.016797438 -4.5081725 -3.182527 0.36104763 -0.19684958 -2.9486914 1.6149945 -1.4700304 1.8103416
forebears -0.77045786 0.017174467 -0.19217977 1.6526414 2.2300406 4.1314135 1.9373496 -0.41639087 4.675452 -1.1048759 4.3376794 2.284571 -0.05097698 2.2637675 -0.6598995 0.7274945 -2.2737226 0.697799 -0.4532738 -3.1470478
melanesia 1.6438835 -1.7444179 -4.7546353 3.7165217 1.0860343 1.4717854 -0.18908586 -3.6556568 5.8430285 2.6407754 1.6562037 3.6000433 0.69818634 -2.0034702 -2.6666152 -2.3405898 -2.2517974 1.2337129 -3.7782896 0.36941287
kikuyu -0.7562231 -2.2536454 -3.8042736 3.2782104 4.7443657 4.2907867 1.2163541 -1.3965782 1.6285205 -0.0036184143 2.100132 0.58420646 -5.67896 -3.0373755 -1.5252626 -1.4877659 -2.9019053 3.8589792 -1.4570146 -1.1344994
mizo 0.80188566 -5.8332443 -4.0238996 4.8132358 3.7060635 3.5829608 1.9316014 1.2019778 2.8282716 0.47317973 -0.8864865 2.013053 -3.4965317 -0.80454487 -0.33384207 -4.5094967 -1.0184278 3.9507701 -0.28643215 -0.17242752
literati 0.25574344 -3.2271514 -0.8217825 1.024419 2.0840206 6.189959 1.4243761 3.3024726 6.2192793 -2.3278368 1.9665954 2.0779042 -1.455616 2.094362 0.14187299 -1.3472825 -1.640164 2.5627832 0.036423933 -0.60900784
ojibwa 0.616656 -1.3240308 -4.3552103 4.4818454 4.3364286 -0.45557314 1.5157993 -3.9439507 0.7510085 -1.2671777 4.630783 3.6585445 -0.26004764 -2.325434 -3.6074276 0.41967025 -5.1354556 1.9801074 -3.9114528 -1.0088985
headman -3.006308 -3.9129956 -3.041137 3.0600388 5.077184 2.715649 3.2857568 -0.87871397 -2.430067 0.81253487 2.0823398 -0.3629538 -5.663908 2.4317112 1.439442 -2.172208 -2.1687531 2.0154345 -2.9241514 -1.5822375
belizean 0.59311473 -1.5695233 -2.4005 -0.059503898 1.5729898 1.5372134 -1.5914274 0.38845226 0.9412925 1.2591187 0.57739687 0.3087353 -3.2030218 -3.9743056 0.7542321 0.8014497 -3.2382004 0.9030614 -3.502493 -1.5450644
melanesian 2.7103143 -3.4209356 -5.112935 1.5995392 2.1648111 2.2812324 0.22137824 -1.2769704 4.074137 1.5507485 1.5805994 2.4631052 -0.31279764 -1.9731919 -2.1459355 0.17047836 -3.1904554 2.1801074 -1.059941 -0.37040567
indochinese 2.4431953 -4.363808 -4.6460543 0.71325934 2.5515378 0.43044984 1.4497254 -1.5510678 2.6886103 3.6293042 2.1504192 0.5515887 -1.7745214 -0.66849107 -1.9939457 -0.26154947 -2.5298393 0.7073116 0.18078338 1.9683533
monolingual 2.2658563 -6.153769 0.9945576 0.7914801 2.4909658 4.1310453 -0.9132382 -5.0128455 5.859936 -2.6306016 -1.119096 4.8867736 -5.606945 -0.32721552 0.37869084 -3.2743216 -1.4319685 1.2896396 0.8456057 -0.8876275
autochthonous 5.418106 -1.9694631 0.17731208 -0.9633172 2.217977 5.3425665 -0.252689 -4.2646694 5.127503 4.3420067 2.7984054 1.819264 -2.25961 -0.8722979 -0.73258203 -2.938694 -3.5656993 2.818761 -1.6588225 -3.588207
ethnolinguistic 6.597902 -5.794954 -1.7405422 2.6316304 2.8845153 5.0232325 -0.015457322 -3.458179 4.8430734 3.4516048 -0.47861305 3.0540435 -4.456936 -3.0389934 -0.9702765 -3.8168962 -3.8346374 3.891183 -1.1050316 -1.7665296
dinka 0.16290554 -4.856658 -2.6870644 1.3844086 5.7852554 2.9611018 3.0861895 -1.5736362 0.92131335 2.1191072 2.2589803 -1.9464191 -5.2106605 -3.0442634 -1.6679914 -4.5807166 -3.5211692 2.8335543 -0.6565707 -0.026927166
aleut 0.2735921 -3.5967717 -2.639352 1.6847225 3.2595289 1.7003224 3.774953 -5.2518773 3.3753104 -1.219101 2.136555 3.2920585 -0.035238907 -1.3237091 -1.0820155 -3.0251892 -4.8687954 -0.24559028 -1.4591831 0.27599746
dayak 1.3286968 -4.4685626 -5.545458 -0.4695961 3.4574752 4.092752 3.165462 -1.0867571 0.20631701 3.378031 0.85285264 1.9826227 -4.5448346 -1.7222012 -0.8665314 -3.0999317 -1.9549233 5.2060275 -1.3178135 -0.86361706
ndebele -1.7063413 -4.8439927 -4.829241 2.5271664 5.8822856 1.880666 1.1975724 0.43084624 2.5384274 0.9042093 3.1349258 0.36931223 -2.7453365 -0.76147085 -2.3133154 -2.208068 -3.8023226 3.5130937 0.7282648 -1.8288293
borderland 2.9464607 -1.5344476 -1.3877982 2.3969538 1.2136623 2.4718735 -0.08778927 -0.22288606 1.1265576 1.8250086 3.0078373 0.95305985 1.3134604 -0.03809191 -3.5796235 -1.4091805 -2.2078097 0.53319913 -1.5643947 -1.2620755
neopagan 4.3820467 -0.84135115 0.013447125 3.1490147 1.0525272 6.0017147 2.4628825 1.2753943 3.9083776 -2.2536678 -0.54417354 1.3001521 2.1539104 -2.3915055 -0.42174453 -0.35469034 -4.606526 6.310336 -2.867273 0.45559588
heritages 2.0001016 1.1339324 -3.8239918 1.7218553 -2.494652 4.1826186 0.4244177 0.46104854 3.6921327 2.2171378 -0.6683033 4.4183755 -2.1229482 1.1673719 0.63999945 -0.21164615 -1.4417211 1.4878223 -1.5218809 -2.069571
trilingual 0.36935526 -3.603784 -0.70476204 0.00013641176 -0.93610543 4.19165 -0.095419414 -0.050361168 3.9909482 -1.4358954 -1.9482219 3.4249878 0.8799422 0.46720213 0.63487685 -4.741645 -1.2275807 1.2399836 -2.1739655 1.1996795
animism 2.8059561 -1.9194826 1.5859809 2.5758579 1.9237157 7.519255 2.1092303 -0.90472573 3.540476 0.468437 1.7675186 4.5219393 -0.5814886 -2.45074 -4.2392783 -1.3454949 -1.7769142 5.096076 -1.9004967 -0.20960839
moslem 0.76209396 -2.8845725 -1.6903481 3.4683282 2.5119972 4.2462215 1.6982847 0.56203306 3.5082815 0.76873213 1.1099275 -1.5945102 -3.035387 1.3647293 -2.1464598 -2.1793375 -1.3246866 3.3309913 -1.9697105 0.77589905
scandinavians 1.9371436 -1.3259296 -1.4408163 1.1511886 3.360531 1.9994928 0.082813874 -1.960751 5.7590837 0.29059345 5.763489 0.26821917 0.75393355 2.8724082 -2.0879204 -1.9426229 -3.1586592 1.5797019 0.84106666 -1.2577704
samoans 0.93099684 -0.16505848 -4.2837315 -1.0746932 3.9009488 -1.279287 1.3771379 1.1270245 3.796098 0.87527865 4.3964868 -0.696584 -3.005867 -3.1611128 -0.8418069 0.29589435 -1.9611232 3.0196748 -0.3003023 -1.1790253
kashubian 2.8500588 -2.763581 -0.44816184 3.3267543 3.2754703 5.090965 -1.2965399 -2.1215796 3.703436 -0.29588053 2.0565434 2.7233653 0.37410206 0.15844648 1.5953964 -3.2825937 -3.4456246 3.018852 -1.9728674 0.68178785
wolof 1.1873143 -5.913344 -1.5207614 -0.7484145 4.818753 4.7172103 -0.70966804 -0.97951835 3.4092638 0.57091135 3.1081362 3.2435222 -3.1415863 -2.1811287 -1.9601934 -4.8387957 -3.4416368 3.5099714 -1.275336 -1.1346155
intertribal 3.3452806 -0.7288325 -4.5515285 3.2152092 1.5434619 1.9245218 1.1978015 -0.7050199 2.4624462 2.0348215 1.6401726 -2.0999148 -2.5499153 -2.3367276 -2.9274104 2.5259671 -3.3277657 1.1243501 -1.2378544 0.34568757
polynesians 1.8704519 -0.51626927 -3.5778499 0.638173 1.8174872 1.6520678 1.9523363 -4.40926 6.432833 0.98906547 5.6629224 2.5347736 -0.99897444 -0.9487499 -4.163354 -2.237594 -1.6901984 -1.7090269 -1.2271531 -0.9069959
brythonic 0.13140094 -4.617976 -0.8909914 3.6776857 3.5063026 3.3614433 -1.5943948 -2.3807604 2.226152 0.8545242 4.062565 6.1649084 2.2973292 3.2111678 -4.436297 -2.9119723 -2.7989216 2.6191883 -1.1942955 -7.511935
westernized 1.0095198 -4.2579384 -0.9136907 -0.51531523 2.5855455 5.855248 0.030437274 1.0295454 2.2455525 -0.3989368 0.87252957 2.0443275 -1.4559011 -0.73279214 -2.166289 -0.2846901 -2.4602396 3.9984143 2.2272496 0.0665223
colonialists 1.0713812 -1.9296818 -3.3328028 0.723562 2.6648383 2.865 1.7194618 1.8001938 4.3539944 2.1501486 5.7674265 0.3066705 -3.2473142 2.5190625 -2.4753175 -0.81278294 -4.3786983 0.50787 0.28679883 1.1921611
bashkir 2.3906133 -3.6772168 -1.5721029 2.0594854 1.9548999 4.2609997 1.2285895 -0.36735484 2.9239979 2.6662319 0.048925675 0.3080891 1.3009294 0.23214835 1.1925008 -3.4994237 -2.948859 3.0981905 -0.39105037 2.5296183
caribs 2.2509067 -1.6650783 -3.214497 -0.11773151 4.2120037 0.8825231 2.4518058 -1.3740591 3.3641775 2.2850711 7.7728047 -1.011996 -1.747529 0.26888102 -3.2166386 -1.8361843 -3.9324882 -0.117717355 -2.96207 -1.7932676
nuer 0.8879055 -4.3905225 -2.276371 3.3040066 5.6148734 1.4211701 3.3801217 -1.8536011 0.50062317 1.8188801 2.051924 -2.4849603 -4.0555096 -2.9170854 -2.1318555 -3.6899745 -4.5281477 1.9976761 -1.1625048 0.33825454
miskito 2.3294065 -4.14851 -3.4824119 0.6198023 3.199277 2.4905834 0.011518112 -1.6306399 2.8509223 2.663945 3.7563539 0.5594937 -3.8572946 -0.58315974 -2.235159 0.2822812 -3.744525 -0.21797831 -2.220283 -0.34098348
basotho 0.36145705 -1.9802306 -3.3499095 2.2837203 3.5016384 1.4300102 0.4773356 -1.2525725 2.4275377 2.9246807 2.8489056 -0.5872309 -2.580072 0.35014704 -2.4182703 0.5855835 -2.3429356 3.744104 -0.6340314 0.294881
bambara 1.4425597 -4.425109 -1.1901181 -1.5933539 4.172419 4.1066217 -0.63745946 -0.4381443 1.9575127 1.8490458 3.4007437 1.5273352 -2.0975215 -1.7470163 -1.5457414 -4.1706133 -2.781264 3.1964455 -1.2912269 -1.2121211
sephardim 4.053383 -1.0372951 0.82899565 3.6307983 2.6669252 3.581372 0.337864 -1.7047194 4.811078 -1.1890707 2.2594242 1.368785 -3.399829 1.8570764 -1.1094081 -5.705429 -4.7013254 5.3528805 -0.94228685 0.7820028
ilocano 3.2843418 -5.9678564 -1.4639447 0.164503 3.0859 4.0708756 1.4758939 -2.3336 1.6294384 -1.0212301 0.64958113 2.200587 -4.000293 -3.0091186 -0.94332343 -4.5976562 -2.4879215 0.7420141 -3.6748211 -1.9833193
shamanistic 3.390583 -1.7280372 0.38979596 1.0118285 1.4032958 7.26758 4.6667566 -0.658431 2.9938314 0.036705893 1.4266897 2.596565 1.1913189 -1.5645525 -2.8831952 -1.1977824 -0.05252342 4.8398604 -1.5786265 0.8433424
gullah 1.0798937 -0.56521404 -4.286522 1.5316288 1.2216517 3.8045342 1.5620185 -0.41443557 2.3688362 -4.026713 2.1645136 3.4940424 -1.0013815 -5.213205 -3.781278 -1.2202653 -3.471722 1.2733687 -2.1302516 -1.980357
hurrian 2.6983333 -4.3554645 1.0818532 1.4899178 1.5022141 3.54095 2.5625358 -2.109272 3.3340003 2.954966 1.9427593 4.453331 1.2520729 2.2766662 -4.4107275 -4.317883 -1.498172 3.470212 -3.825251 -1.8812187
animist 2.7426882 -2.7867365 -1.0912125 2.671813 2.9546924 7.143487 1.9909878 -1.0116332 2.287371 0.94483006 1.6161646 1.8114471 -1.97171 -1.48526 -3.0462272 -1.4111925 -2.4012818 5.4936275 -1.7831819 -0.46073723
inuktitut -0.37698278 -5.220955 -2.8102443 2.8138764 2.3437235 0.8720499 1.6582683 -2.430578 2.3687923 -2.0233548 -0.34985316 7.6203747 -1.0523305 -2.0628183 -2.0393975 -3.31434 -2.4317882 1.043578 0.08319296 -1.1309929
faroes -0.010708915 -2.6708689 -1.7575651 -0.53771824 1.6062872 0.033234287 -2.9300783 -3.3377876 2.6026542 1.1579583 3.2924497 2.5318189 -0.7344954 3.3010929 -0.7571748 -3.5231655 -0.20931594 0.28689072 -0.8213055 0.77951545
sotho 0.71623725 -4.7807207 -4.5192075 3.0693333 4.988261 2.249169 0.34202632 -2.0319335 1.7386233 0.6507428 2.3065207 3.9807436 -2.3119395 -2.1627839 -2.1349523 -4.481274 -3.7111335 3.8600948 0.2125298 -2.3185039
hellenized 1.5016446 -3.3945305 1.408353 1.730082 2.0305748 5.4294944 0.27207944 -1.9556689 3.180421 2.435263 1.8827095 0.37944588 1.8258455 2.733857 -4.137749 -2.6921718 -4.066178 4.3716793 -3.3380165 -2.5361602
songhai 0.7855139 -5.1166 -2.6345456 -0.1765868 3.7197676 3.7648587 -1.8226894 0.7454513 2.5364773 3.6182697 4.168641 -0.2604507 -1.4284071 0.1613052 -3.495471 -3.6111577 -2.275108 1.2590774 -0.041219234 0.24781865
iroquoian 2.61441 -3.019483 -3.1236842 5.5097528 3.5168014 2.0424209 0.8631199 -4.4470015 1.1070466 -1.1629217 2.9462495 3.4184146 -0.28868788 -1.8238106 -3.5217462 -1.3326911 -5.526083 0.38088512 -2.7371218 -3.2800035
heartlands 1.5765213 -0.53844625 -3.2387748 2.6223109 0.27485874 2.8106368 -2.394494 1.2103812 0.54343575 1.076611 1.333656 0.04240042 -1.8549451 1.2563303 -1.9718848 -0.94500387 -1.5685432 1.1810704 2.2297752 -1.7180285
mandinka 1.4922017 -4.647178 -2.3474536 -0.16466127 4.967111 4.3000298 -0.21125655 -0.8841194 2.822951 1.7206819 4.45621 0.9445978 -2.5021224 -0.9486161 -2.7185822 -3.7319303 -2.6274204 3.2395682 -0.80756533 -1.2080501
agriculturalists 0.563379 -0.22790505 -2.5452766 0.8201089 2.3818326 5.57102 -0.82842505 -3.4594998 2.7760315 0.6032581 3.9756935 1.680812 -3.9415898 0.017658742 -1.336268 -0.3003271 -4.0379677 0.664782 1.2297995 -1.436745
diasporic 3.3448296 -1.7157747 -1.3484145 0.6456312 0.60348606 5.571994 0.502126 0.27377722 3.33266 -0.0850036 0.4244662 2.5208976 -1.7117573 -4.52704 -3.4853055 0.17981711 -2.9147449 2.9965203 -0.15310392 0.894845
tsimshian -0.93199456 -2.9120283 -4.4214864 3.4323714 3.0839088 2.3455062 1.7344546 -3.7583122 1.6481822 -0.35843682 2.0550091 4.3255596 0.30066034 -2.5105443 -1.2595901 -1.4216005 -5.168821 0.41361377 -3.2141595 -0.8430362
fante -1.1887575 -2.2468107 -1.7245336 0.49829724 3.818957 1.4929503 -0.31411394 0.14331423 2.0897472 0.6086295 3.6236494 0.78499603 -0.78025085 -0.17602035 -0.69167274 -1.7816443 -3.4992814 2.4026754 -1.645563 -1.0737455
ojibway 0.67583233 -0.49276438 -5.3374925 3.0961165 1.914582 0.4987395 -0.76963174 -2.1052227 -0.25760216 0.1762894 2.2511723 2.4052858 0.04281373 -2.6626074 -1.9608654 0.07436583 -2.6812706 1.9975891 -3.7955236 -1.5879025
diasporas 3.6985362 -0.8302369 -1.7663277 0.35645333 0.047211263 4.343193 -0.20600693 0.6017067 4.919689 1.7338614 0.78146446 0.9934932 -2.9787638 -1.6995305 -1.0329431 -1.4412861 -3.2175865 2.577268 -0.28523904 1.4526654
animistic 3.015387 -1.9538846 0.1528331 1.3740386 1.3210166 7.8205175 2.6277795 -1.6618978 2.6260455 1.3690975 1.2926068 3.1664407 -0.14612305 -1.445426 -3.455137 -0.16355126 -0.58775926 5.027931 -1.6529082 -0.2124257
conversant -1.5906065 -3.6232915 -0.53258294 0.41893044 1.1538513 5.1584997 1.181575 -0.77416664 3.816486 -2.092828 -1.2172852 1.9290055 -0.3850105 0.11211188 -0.44751152 0.75053513 -1.9209868 1.5055844 1.5099149 -0.028440984
twi -0.36280826 -3.6729367 -0.5448779 -0.3668752 2.205634 1.8441533 -1.2939645 -0.3052166 2.0636227 -1.643013 0.60513663 4.717871 -0.82200503 -1.1863879 0.640843 -3.257643 -1.6575274 1.8863559 1.0569175 0.95639384
bushmen 1.4853922 0.30405846 -4.2643304 1.3482225 2.0280387 1.8139484 2.98611 -1.7264185 2.4635596 1.1132691 3.5096357 -0.23042081 -0.16228567 -1.4417021 -1.1035733 -0.66704035 -2.2824943 0.3857136 -0.9418571 -0.5423724
mongoloid 2.8387349 -2.8475883 0.49207252 1.5822539 3.1127532 2.3879554 2.6174338 -3.6128275 4.4278398 2.5132575 1.2514571 2.7898948 -0.6259988 -3.8041446 -2.1640108 -0.89422905 -0.92652714 1.8136775 -0.33948174 -3.4904902
khoikhoi 2.4219513 -1.5546299 -2.7051442 0.7115427 3.776188 2.2711453 2.0638003 -3.0335941 1.8223777 0.25741372 4.9143414 -0.56483775 -2.188626 -0.9020653 -1.5122637 -1.7223032 -4.8782167 0.72599936 -1.488296 -0.8562737
mande 1.0602862 -4.9624877 -1.0266716 0.9522306 4.336057 4.2634363 -0.33001193 -0.5304961 1.426522 0.84923655 1.9866765 2.2808502 -1.8226066 -3.060034 -0.49589047 -3.9358516 -2.9844832 1.9663773 -0.44664985 -1.2904396
nguni 1.2508873 -4.2715135 -2.7203026 1.3365928 4.5442433 2.4053075 0.8778847 -1.5553615 2.9856088 0.98826224 2.8477783 2.1145096 -1.3250009 -1.0721967 -1.5725025 -2.602974 -3.3023138 3.0691085 -0.03672548 -1.8910958
tigrinya 2.10653 -5.6242847 0.20068502 1.4004903 3.1889722 1.968013 1.0329542 -1.2620193 3.3796 -0.4746622 -0.07086668 2.2771606 -2.670199 -0.19424407 -0.24142115 -6.865555 -1.4844754 2.5971346 -0.08718591 -0.3694379
ethnocultural 3.8367662 -2.7361302 0.24301785 2.5054495 1.2934989 4.681184 -1.3847113 -2.6087685 2.1281378 2.3759456 -0.09598082 2.1575515 -2.8463345 -0.86536884 -1.1253787 0.3088051 -3.011381 2.6551216 -0.08970751 -0.43965697
sesotho 0.29972455 -4.7888093 -0.86025417 2.43599 2.6262543 2.1376517 0.12364481 -1.9246961 1.9857198 -0.23677151 -0.75719714 4.864451 -1.3352845 -0.8692422 -0.85051954 -3.4510546 -0.798365 3.289151 0.1869681 -1.7206806
intermarry 0.109763645 -2.3020103 -1.2500223 0.26499507 3.7635248 3.5740752 0.87242454 -3.116021 2.250741 0.19497742 1.2884759 -0.23945893 -4.6811566 1.4963453 0.023982437 -0.76518315 -1.5572145 5.640702 -0.81405014 -1.6613175
ashkenazic 1.9585576 -1.0428225 1.3518211 2.7595296 1.132814 3.4227948 1.1834704 -2.2026775 3.351683 -2.326435 -0.14005229 0.8785189 -0.45850578 1.1960707 -1.0005434 -4.077202 -3.0622504 4.95153 -1.7071 1.5914441
eurasians 1.4752519 -2.5162392 -3.44415 0.4790935 2.6756132 2.732027 0.45126128 -2.6920753 3.8156664 1.2244768 2.5580711 1.2043258 -3.6209075 -0.5750399 -1.2186674 -2.2612247 -2.5621195 1.1402845 -0.16294773 -0.8540324
harems 1.6910638 -0.8925411 -2.237214 -0.6286181 3.3216095 2.3326712 2.9097614 -3.264163 2.0940626 1.3407038 2.6116693 -0.5571916 -2.7544677 0.34727925 1.6147331 0.0629714 0.56007296 2.736449 1.0763683 -0.79567575
tribesman -1.1823674 -1.6803099 -2.2268076 0.7286815 3.9275496 1.3238244 4.2139497 0.29796886 0.10804416 1.8500975 3.8599808 -0.80072886 -2.0214217 -0.77800685 -1.1165727 -1.6668319 -0.69506997 0.9178558 -1.5515604 -0.3585564
ngoni -0.30052257 -3.5496082 -2.6499364 0.9825995 4.65594 2.5236673 -0.43595034 -0.6312497 1.9127873 0.5269297 3.2172928 0.3158558 -1.4595542 -0.83158165 -0.22620492 -2.3880026 -1.9313529 2.2177722 0.61459935 -0.358984
ijaw 1.0323998 -2.83038 -2.140366 2.0172133 3.2300944 2.701426 -0.68845606 -1.2023569 0.18586564 1.3972342 1.5907797 -0.10938914 -4.1813197 -2.2244997 -0.85715353 -2.2454002 -3.2570925 2.5378854 -1.1314572 0.5676206
mandingo -0.5954433 -2.1109185 -1.9334793 -0.8681458 2.8142607 2.119925 0.7894165 1.3033502 1.3279767 0.19190773 2.119679 -0.2318159 -1.3480852 -3.2587202 -0.54204977 -2.1713398 -2.21824 1.498953 -1.825815 -1.3575648
griots 1.1640009 -2.3004103 -0.8630059 -0.01673252 2.6529882 5.4711485 0.5889813 0.54070276 3.3846197 -1.5279926 1.6399019 1.4812089 -0.66099465 -1.1450819 -0.16047196 -1.6141733 -1.235033 3.9489186 -0.06724923 -0.92023355
nunavik 0.5616745 -1.4124421 -3.4759142 2.233298 0.79540646 -0.04189302 -2.7551057 -1.5185653 -0.89783794 2.3575935 1.524785 3.7267346 -1.7384455 -1.21957 -1.0162766 -1.4311137 -2.6321678 0.34316188 -1.4422055 0.03447028
hutterites 1.628134 0.84062046 -0.17978182 2.1476243 2.2420852 1.9131317 -0.35333383 -2.1988342 1.9123137 -2.965245 2.920598 -0.08108283 -1.7078078 0.59187144 -0.021401357 -1.1889763 -4.160274 3.0636165 -1.2219839 0.78557885
exogamy -0.32295004 -3.4451873 0.35155445 1.2727545 3.3147357 5.662047 0.9164975 -3.5197802 1.6327503 0.80197346 -0.007368194 1.7152966 -4.4850106 1.2496845 1.6104217 1.699638 -1.1526623 3.8138123 -0.40986273 -2.2815552
vernaculars 1.6416137 -2.4388492 0.31635338 2.4465725 1.0668103 3.4873579 0.22024299 0.519426 3.9847772 0.3218166 0.974031 3.8522775 -1.7690412 1.0435215 -0.47642067 -4.186053 -1.8171389 1.1424947 1.5526017 -1.2598286
rajahs -2.066406 -2.1572332 -3.588443 0.55656636 2.2226655 2.3200014 2.3265128 0.35149226 0.7541257 2.5067134 1.8756955 1.1508 -2.2564323 2.2146273 -0.13328528 -1.4620672 -0.3944632 2.0931108 -1.6629002 -1.33226
hutterite 0.54679155 0.31622383 -1.7133569 2.31303 1.7466916 2.2161984 -0.5060009 -3.409321 1.2063957 -2.438216 1.8697284 -0.09307408 -0.45970663 -0.62805027 -0.4783816 -0.8671592 -4.1786675 1.89869 -1.804751 0.18076691
totemic 2.4899106 -1.3968567 -0.7365479 -0.34236887 1.2375468 4.2032404 3.1857266 -1.2223566 1.2395142 1.5282332 1.0361431 2.8510797 0.7180109 -0.6973545 -0.3080703 1.6447927 -1.0241889 3.6414218 -1.7258111 -2.2011988
syllabics 0.10413626 -3.5160482 -1.0828395 3.2082145 1.9089121 -0.08203902 2.093646 -0.730914 2.9912333 -1.5503957 0.31903908 6.9457836 -0.40878627 -0.7746468 -1.2358365 -1.869189 -3.461971 0.6793086 1.3379116 -1.955954
kayan 1.1282201 -2.7982912 -3.2983346 0.6143522 2.8177767 2.9406087 2.1828973 -1.2540016 -0.7471053 2.4266818 1.5754006 1.1054267 -3.0191586 -2.205513 -0.3121213 -3.2953072 -1.2378932 1.6577685 -1.2412735 -0.9151348
taoists 0.04799778 -1.8492959 0.44974995 1.0268224 1.4106547 4.783064 1.5665721 -0.4314596 2.5014565 0.031201456 1.0537964 2.7912889 -1.496965 0.95023584 -1.8466208 -0.636928 1.1162626 4.057417 -0.1787615 1.4895822
singlish -0.21869224 -4.1008587 0.6410892 -0.13909237 1.0738155 1.688065 1.0083205 1.0004841 2.0693262 -0.40218642 -0.59595084 5.069635 -3.6164372 0.20333959 -1.7433847 -0.9443946 -1.2177898 2.1420124 2.1161697 -0.75881386
tongans -0.13435645 -0.15022868 -3.3091955 -0.3730741 1.9147639 0.27353278 0.48658854 -0.4768923 2.555739 0.6407067 3.2173824 0.13185017 -2.7908325 0.22534043 -0.9714748 -0.837894 -0.33564442 1.4394462 0.19019985 -0.44313025
luganda -0.64086103 -4.2321916 0.46184212 1.343152 2.5557923 1.2782573 0.11971718 -0.15436932 1.9972929 -0.9058457 -0.11687894 3.9074695 -2.13376 -0.89771986 -0.49442327 -3.1891212 -0.6902457 2.610629 1.3165696 -0.29942933
damara 0.8374277 -1.7395408 -1.8121587 0.40680665 2.7957263 1.1367893 0.9872897 -1.2671385 0.71706474 2.4000716 2.6109416 0.31700042 -0.87808436 -1.7511249 -0.56908274 -2.141553 -1.8453951 0.908199 -0.6547701 -1.2601585
baganda 0.081008546 -1.9014604 -1.9082303 1.4421394 2.7497883 1.8441851 0.50559855 -0.00067263003 1.6545291 0.6626689 1.743809 -0.15547454 -3.3255095 0.9418862 -0.23512928 -1.0411345 -2.4209254 2.643886 -0.7067355 -0.2242151
dzongkha 0.20225361 -4.1995955 -1.7806886 1.8099272 0.4103255 2.8138454 0.2119927 0.031277332 1.7716787 1.3307303 -1.7696326 4.837942 -1.3939391 0.24481519 0.9148927 -2.558395 -0.071693406 1.6214334 0.28927138 0.16187441
kiswahili 0.28538063 -3.662857 -1.0189316 0.92494583 1.3885833 2.7103155 -0.4542343 0.09391832 1.6189991 0.09244985 -0.16954441 3.9100637 -1.6817956 -1.3141055 -0.29231837 -3.2826025 -1.0971777 1.7432586 -0.1320585 1.1464326
hapu -0.5232174 -3.589315 -2.3582885 0.652178 2.6817186 0.38609675 -0.19827859 -1.1786795 -0.7429285 1.0694804 2.120478 1.7395986 -3.0928278 1.3808776 -0.5567948 -1.6988677 -2.0842445 0.2834046 -1.14763 -1.7372434
turkoman -0.1702016 -2.7787342 -2.0348868 0.32129207 3.028475 2.2984982 1.5795497 -1.0705446 1.9525037 3.3332489 2.6322331 -0.687586 -1.1053282 0.8568537 -0.25865155 -1.5475556 -1.4750983 0.8143624 -0.20647717 -0.8138855
ethnics 0.98851764 -0.96132666 -1.8361336 0.85435116 1.8711876 1.6539677 0.48135632 -0.4968178 2.0209923 0.9326969 1.3742917 0.23458481 -2.8170621 -0.2093142 -0.15172848 -1.8860602 -2.5286596 2.3239195 0.14903904 -0.752781
jutes 0.8658135 -2.467904 -0.46900973 2.416441 2.8075788 0.64757824 -0.0660826 -1.9825369 1.4761319 1.0389754 3.1903439 1.0799798 2.2147992 2.7284064 -3.0100799 -0.49130762 -0.90959334 1.3934792 0.55832404 -3.4589689
chichewa -0.22962871 -3.7245605 1.0862807 1.6959574 1.9017472 1.9523065 0.60278916 -1.0635318 2.0002582 -0.9387133 -0.8260404 3.4335911 -1.8090197 -0.61000884 -0.4041445 -2.6963494 -0.3488933 1.672095 0.6799628 -1.2828603
exogamous 1.5353346 -2.9726963 -0.0789678 0.6523419 2.9199088 3.1503518 1.0870634 -2.7751548 1.482393 0.32297742 0.3099465 1.09956 -3.9345858 0.17506702 2.4492493 -1.356147 -1.1642454 2.6118374 -1.0353831 -3.3529415
acculturated 0.85896 -1.5940261 -0.33048752 1.0059571 2.264919 3.006511 0.041155092 -1.8522788 2.3805053 -0.617667 1.1567781 0.2720644 -1.6856433 -0.7491032 -0.4169282 -0.07164752 -3.308589 1.843926 0.2913388 -0.52610755
onomastics 1.2625704 -2.4558904 1.180829 1.714667 0.07898126 3.2440946 0.062131975 -1.1425153 3.2915661 0.6110224 -0.38040522 3.2516718 0.47320783 0.08422771 0.046477385 -1.0072955 -1.2473036 0.35510647 -1.524579 -0.2697285
hamitic 1.9691976 -2.2727258 0.7263907 1.5753963 1.7327422 1.882083 -0.09281823 -1.3715761 3.2936823 1.7782269 1.4822206 2.3940113 -0.17955118 -1.3464328 -1.3640369 0.6480148 -2.3160052 0.31183118 -1.1778408 -1.7154704
inupiat -0.20936282 -1.2682728 -3.4259708 0.5855594 1.6139807 1.1169976 0.88817406 -2.402574 0.4191929 -0.43386823 1.8829901 1.8654209 -0.36771894 -2.0462983 -1.149538 -1.4070045 -2.2979963 -0.24409206 -1.1548647 -0.387364
melanesians 1.1287192 -1.4245986 -1.2652892 0.7462464 1.8667704 1.2026229 0.6718674 -2.4261642 3.530166 0.95186347 2.0401978 0.95559406 -1.6115313 -1.0156754 -1.1573026 -1.7110369 -1.8058158 0.2977085 -0.5241178 -0.78919655
niuean -1.1636827 -2.3442917 -2.045576 0.14283004 1.827493 0.3942577 -0.6665429 -0.3284732 1.3742508 0.6729849 0.70292515 1.825178 -0.4758087 -0.90336764 0.42674935 -1.658581 -1.2385975 1.588192 -0.8275757 -0.42171463
pidgins 1.4343686 -2.2786596 1.2060432 0.5356365 1.7571399 1.1622728 0.30517957 -0.96138453 2.0396118 -0.09351622 1.6675038 3.3891742 -1.3272591 -1.5820584 -0.25714967 -1.4894807 -2.7973137 -0.12804398 0.8307269 -1.0078181
anangu -0.17174986 0.27913702 -3.4373376 1.3024338 0.8293128 1.5169076 0.384512 -1.984994 0.2469128 0.3623798 1.3122718 2.1671512 -3.0047295 -0.572169 -1.1148432 -0.0619089 -2.3864837 1.8974448 -0.49020788 -0.31415135
negroid 1.744257 -1.5086737 1.0347656 0.9541156 1.9469926 1.3770981 1.9965798 -1.1759895 3.0488064 1.5059396 1.3971051 2.113385 -0.26698193 -2.1419976 -1.2911706 -0.022977533 -0.946 1.5117245 -0.77060825 -1.8644642
kafirs -0.42899883 -1.908101 -0.6745632 1.7440938 2.1208422 1.1454929 2.4684577 -0.62767 1.6423305 1.7399212 1.6581166 0.28759614 -2.0116389 0.9573894 -1.4905194 -2.6158514 0.07040947 1.3043827 -1.0917876 -1.0425909
azande 0.78411335 -1.5077103 -0.8768112 0.6618916 1.8285475 1.4499115 1.0616088 -0.90073264 0.88741374 1.4607413 1.5172793 0.019142814 -1.4625757 -0.775432 -0.7132526 -1.5912374 -1.2487509 1.2884904 -0.6303707 -0.38504687