Centroid_120 1.4084805479440563 0.7620541940279718 -0.47138338715384626 -2.856524411258741 1.5385096184195812 -4.356473810769228 3.641484441237763 4.086953638951051 -1.5248167986993006 0.25644509929300696 3.559532212335664 -1.8288675767412585 1.7439305724475531 -2.692731058776224 -1.58098517106993 1.3557819088811194 1.073339072545455 1.7933718185076926 1.3326458239020975 -1.179402629258742
big 4.1152434 0.8000951 -3.948975 -2.7311885 2.683682 -5.2136593 0.4434958 2.6999311 -3.0360992 -5.042003 3.2363288 1.8392358 -0.58861935 -7.022741 -0.9279086 1.7323354 3.4425306 3.0961838 3.824531 -5.590144
fight 0.98427063 -1.4616174 -0.59456074 -2.6865706 5.2589626 -7.1054363 4.108005 7.522773 -0.77650464 3.407827 5.64069 -9.039085 -4.264506 -1.5153035 -2.2751186 6.0706396 5.3742537 3.0873902 2.200984 1.1333127
sky 3.2697487 1.6692543 -4.3105025 -2.140022 -0.9747302 -5.494396 5.4966106 3.9083421 -3.0350835 -0.5247865 2.7992013 4.6441455 3.8942182 -5.885105 -4.3123612 -1.8192708 6.189564 1.7452396 3.2218463 0.79139423
warriors 3.7445629 -0.6495865 -7.3265886 1.4352946 5.817271 -2.9401243 3.6924217 5.45491 -0.026615469 3.5759273 8.2382 -2.2848103 0.64243895 -1.1476389 -0.21871124 3.0075984 2.812885 2.6912148 1.190523 -3.5731592
rush -1.4674411 5.841513 -3.6858156 -1.4449329 0.14054981 -7.0081897 0.061653152 -0.04515428 -1.8443928 -1.9875853 5.9023576 -0.012776698 0.62824833 -3.7834592 -3.4471557 1.9129186 2.4637034 -0.6570698 1.8871452 -0.039399564
bull 0.9493908 2.0831783 -2.4826212 -1.5526961 2.5858858 -5.675125 3.189723 2.9548836 -3.334733 4.0976367 6.2056127 1.1489305 4.2822204 1.72227 2.5540159 2.8334498 2.6126654 3.4003382 -2.25398 -2.7489185
hell 1.8095505 1.4023628 2.3492997 -3.186065 2.1875768 -4.3807573 6.3000054 4.3733478 -2.303703 -3.648403 5.5223703 -0.90157914 0.87252253 -1.4074999 -7.1957965 1.4320673 4.8430166 5.597583 -0.99251413 -2.1339266
dawn -0.9285939 0.42313713 -1.9692813 0.1954749 1.2917566 -3.4727643 6.444423 3.7198286 0.85224897 -3.1346471 4.3500633 -2.5831716 3.4444208 -1.9425468 -5.162201 -2.628247 3.7694254 -0.7830918 -0.049134288 0.703556
pack 3.7948747 1.1097379 -2.0863957 -5.700332 1.1120648 -7.9455767 5.552821 -0.48998642 -4.0492253 0.0002356399 4.0718694 2.0328562 0.9013303 -1.2545024 0.62851393 2.0016844 1.0370765 0.5546533 4.7787437 -1.8707092
dragons 5.6831007 -0.06068778 -3.59726 -2.4173524 1.6991943 -3.007214 3.4812508 5.7217994 0.18695089 2.6874506 6.9915085 2.6289067 7.3389196 -1.2028952 -0.07680908 4.6346984 4.269169 1.3653421 1.0397055 -3.7618902
hearts 0.48116344 2.5687816 -2.1152864 -3.9622686 2.7619283 -3.2760503 1.2849697 4.828578 1.1779495 -1.3273932 5.528705 0.8098603 0.87590516 -1.4951123 -2.3026307 1.5582715 4.8385873 8.236531 0.45595208 -2.2351973
fights 1.5229343 -0.86115766 -2.2771018 -4.8372955 3.6696925 -2.1866164 6.2992806 5.197944 0.6460632 3.368004 2.509345 -8.837678 -2.1584232 -3.528386 1.1688125 3.9320624 3.802657 2.6542232 2.584122 -3.7939618
lightning 2.1541028 3.1576958 0.426384 -1.8236887 0.19747391 -7.1658297 5.1078086 2.2499807 -2.7090485 4.044779 5.299323 -2.2042391 5.284401 -2.8270447 -3.2412355 1.5710058 2.4655213 -2.0355918 5.097916 0.05420399
devils 3.3050365 4.403487 -2.3037066 1.8330092 2.2617798 -5.5507708 1.5432947 3.5466585 -2.1310217 0.05075325 6.983985 0.49884954 6.373032 -3.861596 -2.0476837 3.6990583 3.0059977 2.9485018 0.16667943 -2.3135288
ace 0.2240338 -2.7234833 -0.79331875 -4.8959837 1.1954527 -7.5579143 3.7965188 3.3843744 2.1808944 -0.080365874 2.145827 1.2321923 4.694131 -3.5329463 3.436106 2.7654436 0.8714042 -4.1324134 2.8759046 -0.3690346
thunder 3.0032551 2.8794274 -4.6232705 -0.50165457 1.3435391 -6.8114514 0.29409972 3.78228 -4.3140545 1.1957334 6.1535826 -0.9239219 5.5429616 -5.7447333 -2.8113542 0.87099445 2.0561602 0.3069736 1.3317772 -0.5861679
cage 1.9134938 2.8155582 2.0574422 -5.522993 1.4361689 -4.8899784 6.392359 5.8367524 -5.094851 2.7379293 4.8139033 -3.2427084 5.906916 -0.8195259 2.2678328 2.8506188 2.1923137 3.181374 2.4515984 -2.4690342
savage -1.0633187 0.23510157 -1.0504892 -1.3902228 2.4284127 -3.4130607 4.585124 4.9384437 -0.23352265 -0.62367564 5.0625014 -0.4566418 2.0758078 -3.0166147 -2.994097 3.67679 -2.2551339 -0.1363493 -1.5249902 -3.6446123
feud 0.97127295 1.7870677 1.6344441 -2.5795355 3.548533 -6.0585403 1.4372728 10.011815 0.47058538 2.006253 7.582501 -8.572242 -3.5584056 -1.605654 -1.773719 1.2031925 -2.1952503 -0.62374854 0.40835443 -5.0799484
flames 2.2721822 7.756861 0.009951389 -0.24132235 1.338269 -5.724544 3.0171547 2.8272805 -2.6513186 1.7054709 7.7183423 -5.6483803 3.222503 -0.8848884 -0.21676956 -0.37938586 2.5321147 1.4955356 4.816432 0.25762784
bloody -0.33844033 0.6457948 -1.8733616 0.7590876 2.347427 -3.9771132 7.3438373 5.2585683 1.8001693 -0.41319588 3.279498 -7.276243 0.69307953 -0.100231245 -6.932331 -0.89793366 0.36746517 3.2788532 0.5984611 -4.6951604
spike -1.7867208 2.5663788 1.8407035 -2.6823292 0.56400675 -5.1465545 6.135169 1.9549727 -3.47588 -0.34086585 1.1021945 -0.6392656 1.2648445 -5.9263783 -0.9696957 -0.41962668 1.9833487 0.029887043 3.4196098 -2.0522964
rage 0.71016604 0.77335113 3.004215 -4.2803154 2.3999755 -2.9757333 7.3292556 5.562049 -2.5571594 -1.2718817 4.460726 -4.0792456 0.17588697 -2.681396 -5.0150533 1.2402651 1.2817299 3.2649906 2.4281821 -0.74162745
mighty 1.1609437 -1.2419326 -2.7399962 -3.9456818 3.2058907 -2.5162797 2.7349102 3.7404776 -2.145829 0.76490116 5.2053905 -0.3607506 5.4418287 -3.2765687 -3.8373828 1.6798662 0.6271161 3.3471217 0.6127637 -2.9164767
crimson 0.58861023 1.9508992 -1.5861803 3.535099 4.008989 -7.1660676 1.25838 2.9417715 1.4550809 -1.0696855 4.60764 1.5179526 9.057945 -5.9193006 -1.6889722 5.597107 3.2859013 4.5712166 1.9987098 0.04614015
fury -0.4193012 0.45631456 -0.67845464 -3.4953752 1.6071796 -4.920749 4.8581915 7.3516517 -1.345581 2.4664068 5.9764767 -3.0669956 3.0368853 -1.8789576 -3.7789247 2.5036585 0.6292187 -0.96209353 2.1804416 -0.8716221
duel 0.97815883 -2.244554 0.65402657 -1.012696 3.4710402 -3.8386228 6.3301272 5.92688 -0.7332812 2.0816245 5.1578107 -5.5380917 0.5893449 1.5887532 -0.09626677 5.313739 6.6355133 -1.4641523 -0.865516 -3.708714
sting 0.74605227 1.6232988 1.6773493 -3.832628 3.0485342 -7.891692 4.4210973 3.4817555 -1.1052616 1.1324329 4.2820215 -3.5918434 0.35477874 -5.122681 -0.14309491 1.6311716 -0.49035025 1.2427771 2.2166715 0.5313771
raven -0.46815345 -0.43761513 -0.31155476 -2.6587875 3.1252272 -4.0135264 6.078091 2.4930604 -2.0774407 -0.023312328 5.51828 2.3242822 4.3517394 -3.7526987 -1.8067805 2.2123616 0.6014681 0.7264289 -1.769629 -2.3118513
torch 1.9311376 2.3027906 -2.9443703 -1.1254718 0.14461838 -3.0532265 7.464251 4.241443 -3.0032172 2.0472803 3.873929 1.3281331 2.958977 -0.8066403 -0.49529186 0.010662274 4.943917 2.7069714 1.3206999 5.0572224
sparks -0.37984172 3.4165864 2.4902158 -1.3479155 0.58028877 -4.5370665 2.343797 2.6020036 -3.0975804 -2.4292037 3.1172004 -0.54801965 2.1745408 -4.948554 -1.2324791 0.80721575 0.8837144 0.22707945 0.74259025 0.20576876
yankee 4.7218995 1.2713531 -4.9819603 -0.21052709 0.8235689 -6.194953 -0.25805172 3.1887784 -3.8463058 -4.759756 4.2088623 -0.5117591 2.082275 -3.25078 -1.1837664 3.1610076 -0.09363652 -0.38533193 -0.9460334 -3.3307805
madness 0.944927 2.355075 2.4071136 -2.782139 -0.057493784 -0.6599241 4.9444513 4.7455473 1.680027 -1.6991147 3.6877987 -1.35146 2.2715755 -3.2291522 -6.2949553 0.9606706 3.227419 2.7603812 -0.3298326 -1.5590972
chasing -0.6814595 -0.7780178 -3.1706905 -5.312642 2.6384995 -3.2326474 4.3907094 0.25517076 -2.0918512 -1.578965 3.7035527 -4.64295 0.7815586 -2.8676798 -3.5140984 2.8705683 4.331275 0.23551537 3.7382762 -3.8115652
nightmare 0.9000572 3.121193 0.580693 -3.5991747 -1.2526152 -1.6079232 6.5768933 5.391651 -1.1925746 -2.881041 3.7853613 -1.6256515 0.96421516 -3.593314 -6.157915 0.89692044 2.6052234 0.19052987 0.03420654 -3.4761345
scream -1.7808554 3.42117 2.6022775 -5.062729 0.3349539 -4.3095493 7.0021954 6.161422 -0.9242581 -3.7069967 3.0854845 -1.2667656 2.3175883 -3.9842944 -3.9772627 -2.1706903 1.610156 4.3181076 2.2163029 -1.2572902
outlaw 0.61375433 -1.1688911 -4.1306715 -1.4326862 4.1292953 -3.1910427 3.3485055 3.9238648 -0.76677203 -1.2152656 4.7571235 -0.9188655 -1.7773646 -3.3035245 -2.089815 4.096348 -4.802277 2.0623267 -1.0979351 -4.0691166
blaze 0.806881 4.525467 -1.9755512 -1.3760908 1.4203316 -5.8697286 3.6157784 2.4314206 -3.737455 -0.5251458 5.814389 -3.8269656 1.9997529 -1.9470904 -1.1924312 -0.21524127 0.36820358 0.21522103 2.3202293 -1.513478
flair 0.5758527 0.008744733 3.4636335 -4.105084 1.7885365 -2.0749278 3.162903 11.69925 -0.70474946 1.1280085 3.9607556 -0.41043755 1.5773748 -1.9025446 1.6468675 5.2649536 1.3665636 2.4003437 4.323047 -2.2208402
fist 0.07280106 0.81663895 0.25525677 -3.0122883 3.481482 -3.7561073 8.020018 6.108899 -2.5432012 3.837418 5.274584 -1.6850116 3.9938843 -0.30280754 -1.3591727 1.8082864 0.7339697 5.333584 3.838614 -0.27707025
teaming -0.75890326 -1.9200367 -1.3389463 -7.5668077 2.087264 -5.208164 -1.5328584 6.734774 -2.4659028 0.79200274 2.1775253 -6.3302097 4.228589 -7.0046988 0.8647883 2.6099377 -0.54539686 0.9350205 0.0853353 1.286541
brawl 3.4137485 4.220142 -1.608467 -1.3615518 1.6897291 -6.2431774 4.761028 8.335243 -4.3701973 2.239041 3.9394903 -10.174682 -2.9863687 -2.3592618 0.9357194 1.7416779 1.0034387 1.7481893 2.9062788 -3.9331818
outlaws 2.749141 1.1035824 -4.8169084 -0.556826 3.8647695 -4.919434 3.2168894 2.8077934 -1.4592097 -0.45538747 6.1160603 -3.65511 -1.1559873 -3.2455142 -1.1162279 3.6217515 -1.8979776 0.8900686 -0.9790502 -3.2685509
rip -0.5290188 0.8401416 1.7335074 -3.2815833 1.5626247 -4.517286 3.8610475 0.8762762 -4.8166537 -2.1642492 3.239682 0.10106381 4.1356535 -3.964714 -3.8345282 2.328911 0.350794 1.3952851 2.1279333 -0.9971726
blizzard 3.6220176 4.868675 -2.6443346 -1.8562436 -1.5800321 -6.3463354 1.6637075 3.0544336 -1.2847188 0.4250068 5.220085 -1.3821778 -0.68240225 -4.45987 -3.7271972 0.97586733 0.096835576 -3.038753 2.9435258 1.3388287
showdown 2.5624778 0.81387824 -2.3172884 -2.71479 0.3599794 -5.7511396 1.6009868 7.4659863 -3.3543382 2.1081371 1.8653967 -3.0417597 -0.51565766 -3.8299403 -0.95575917 3.2192392 5.9332047 2.4387686 -0.5104696 -2.7114148
slayer 3.2036061 -0.47211406 1.7438217 -3.4426117 2.1265397 -3.5287237 7.724365 3.8954773 1.0566515 -1.9377183 3.28755 -3.3899212 4.6344523 -5.984869 -3.152765 -0.09336984 0.7746688 1.7435461 -1.8723736 -1.8063561
voodoo 3.872124 0.16057885 0.1557263 -4.0288367 1.6317935 -2.224331 3.8325512 3.3338518 -1.4693803 -3.6294668 4.0508776 -0.03651197 4.1013308 -3.9620452 -2.040647 1.294284 -0.9884842 3.265165 -1.4413217 0.7191411
menace 0.62078875 -0.28118926 -0.560492 -1.7318431 0.9031698 -1.1910913 5.109666 5.4598675 0.14054869 1.829633 3.7259123 -0.783281 0.6481984 -2.7087076 -5.647598 3.5755908 -2.0368938 0.25211278 1.3724091 -1.2695967
awesome -0.9261834 -0.06133217 0.037968032 -5.4270744 0.13686477 -3.2254014 1.9630514 6.5196447 -1.6059967 -1.6703489 2.0893655 2.5343482 1.5049442 -4.809988 -5.4923697 3.2483408 3.0093853 3.9102428 3.0945334 -1.2226859
undertaker 0.1661256 2.3112874 2.05999 -2.9179363 3.5838876 -10.080651 6.7924175 8.966192 -4.7027583 3.7593675 6.423059 -5.130085 -0.2908382 1.526685 1.4628769 2.2597232 2.3463795 4.691692 0.41873398 -1.5831991
bash 1.2270473 -0.66245323 -5.0209584 -2.7687612 1.1148236 -4.145705 1.823553 6.9361267 -2.5305164 -0.40675098 1.4474535 0.084959574 2.0984552 -5.629034 -0.6332975 -1.3225882 1.5313103 2.7736783 0.6821205 -2.4876118
blackout 2.6630263 2.7598922 -0.30742308 -0.8789004 -2.097612 -5.928979 3.3229 3.3484857 -1.1480956 0.3117647 0.6604862 -2.3336616 -2.8948662 -2.1752665 -5.3705726 -0.88144225 -0.012984678 0.48320076 4.524211 1.8613738
hells 4.1263824 3.8204577 -5.2138944 -1.58996 -0.5837833 -3.1923196 6.439671 3.7873673 -5.141725 -3.8288808 2.5417018 -3.4668853 2.5352306 -1.1693722 -1.3151232 0.63821214 -0.7006771 4.0308776 -2.4647372 -3.1036437
roar -2.5725632 3.1101675 -2.48275 -1.3699968 1.3102723 -3.7663004 -0.5182336 5.759971 -1.0824506 1.0027561 3.6950288 -1.0811642 1.9856005 -2.7476554 -2.626308 -0.73523915 3.61549 3.781116 5.9135294 -1.0615631
inferno 4.191248 1.9946672 1.426869 -3.9328604 -1.8328341 -1.7110398 4.565578 6.2916474 -1.8085351 1.3528796 3.5740619 -1.7694705 4.9665775 -3.0957284 -3.8089674 -0.75736356 1.953548 -0.0052586664 -0.8865124 -1.9917215
gladiators 3.7941437 1.9050417 -4.369561 -0.5739037 1.4665883 -4.6481752 2.3961606 4.721196 1.5692706 1.9326743 4.1730065 -5.133577 2.2632148 -1.9628329 2.6037192 1.0821851 2.2264688 -0.3386453 1.8179234 -1.6244913
psycho 1.7814386 0.6964726 1.5554107 -6.8304343 0.016204026 -2.4817178 4.6680107 6.3307605 -1.0760967 -1.7391596 4.416034 -0.95833534 3.3287833 -6.0450273 -3.3192754 0.79870427 0.14247666 -0.66958934 -1.7041012 -2.4288538
raging 0.3548392 1.7690204 -2.895109 -2.1102285 0.5473581 -1.4243119 2.186472 1.6668233 0.5424274 0.36113745 3.9818287 -6.3494344 3.5086033 -1.6380844 -7.31567 1.4032216 -0.18227424 1.9634746 0.82572377 -0.8704415
rooster 0.07297933 0.8493178 -2.7371216 -3.331503 2.0179949 -4.897846 6.230575 2.1914318 -1.3377616 -0.6347582 2.674652 1.8354223 4.8484745 -3.4056504 -0.13033576 -0.39215088 1.0952684 4.5142684 0.27043137 -1.7515627
mayhem 2.5554254 2.813165 0.7852014 -3.2469406 -0.007937469 -3.1378076 4.1101937 5.9181213 -1.7355688 -1.0262674 2.576514 -4.2816668 1.0852835 -3.796372 -3.6138046 0.2019503 -0.48862538 3.261463 0.8858638 -0.3373126
nitro 2.8049982 -1.4584442 0.35380965 -6.4771256 1.1091356 -11.225807 2.0370433 3.6922114 -2.7054052 1.8547771 1.6001513 -0.76441354 0.6689892 -3.43405 0.13587281 -1.0102756 -1.1596125 0.85304 4.1032243 0.36612833
warped 6.6439366 -0.14805126 -1.4867578 -4.846999 0.35545948 -3.9694052 1.6399302 2.5155876 -1.8364758 -5.7642264 3.6894612 -1.2551353 3.920291 -1.1433924 -3.3506482 -0.7100786 1.4182663 3.587331 5.7009716 1.2756882
unleashed 2.350114 -1.4474709 -0.772488 -3.54895 -0.3291611 -2.8520617 3.28867 3.8012924 0.096907265 1.415209 0.76601917 -6.3525887 2.9732282 -2.4603887 -7.6509457 2.6070263 -0.9019889 2.3060744 1.4752859 0.94639874
dreamer -0.5494923 0.80006975 1.8697096 -4.6617556 3.21832 -3.9944685 3.7205281 7.4192133 -0.173973 0.41176447 5.9963427 -1.7844507 1.6491508 -3.776794 -2.7755876 1.6136174 2.4188876 4.180058 -0.7226878 -1.7006726
boomerang 2.1129808 -1.7524279 -3.743492 -3.493358 0.39722657 -4.8999515 5.4283996 1.9624438 -1.1338979 0.7512886 1.8837103 2.1289053 3.2030988 -3.435341 -1.5833116 -1.4454192 -0.10893232 -0.7577173 2.1807172 -0.7773905
gimmick 1.9049476 0.2777589 0.90124136 -5.8375125 2.431546 -4.1616244 4.7187986 8.835744 -0.51049924 0.32203364 5.0762577 1.8845028 -1.5127267 -3.1261027 0.027503377 2.8783553 -1.6541141 2.9574656 4.111794 -2.1610227
frenzy 1.3565482 4.466983 0.34670758 -2.3066115 -0.089403614 -1.8849845 5.083149 4.3910894 0.093117885 -1.1295105 3.746782 -2.8833895 -2.2036405 -2.690767 -4.234824 0.14486492 -1.0474223 2.0120435 2.9076567 -1.1242609
sandman 0.7844742 1.0028436 0.9109506 -4.647046 1.5556184 -6.4884243 6.474658 7.455281 -1.309462 0.53858614 4.6366334 -1.8612984 2.1840448 -2.8869944 -1.7674698 2.2932222 -0.40740657 2.0968633 -1.1728745 -1.93744
gambit 1.9270872 -2.6557689 3.428232 -1.7328833 2.495679 -3.641864 3.276295 6.112295 1.0812452 1.4286892 3.9455965 1.3484368 3.2097976 0.05990665 0.14689396 4.645585 2.2705884 0.43908897 0.90598255 -0.82801944
gauntlet 4.344793 -1.165365 -1.3056248 -3.380175 1.033616 -6.644773 6.4021783 4.573498 -2.7201874 2.8418121 3.5388808 -0.41752952 1.5607842 0.43629214 -1.0284044 3.899159 3.4690785 1.4260312 1.3963746 -0.8663767
carnage 2.3527427 1.5532843 0.84824383 -2.7080393 0.8418615 -2.7805424 7.3789544 4.286278 -0.39972177 1.9363592 3.965231 -5.4985743 0.77519506 -1.6818444 -4.7711153 0.61340994 0.97797424 1.4728152 0.070744194 -0.76328665
underdog 1.0172417 0.9156172 0.7552428 -1.4354755 2.5656543 -3.5497913 -1.0633366 5.684256 1.4609089 1.2584354 3.6749964 -2.1398537 -1.7387589 -5.5873117 -2.7213578 4.5327864 2.6014147 2.153244 1.852766 -4.103237
renegades 3.7449205 1.2369624 -3.625844 0.6131408 2.4711654 -5.217423 -0.09390363 4.0085745 -1.2322359 0.18117265 5.268305 -2.9454067 1.9377905 -3.8229597 -0.8250713 2.431489 -1.2777454 -0.23529458 1.9018393 -0.7955642
knuckles 2.3137245 0.27363056 0.6431267 -3.9094694 3.771734 -5.838287 5.845559 4.281519 -2.0947719 2.0782616 3.9684222 -0.52855766 5.0551133 -3.0048938 1.1690263 1.8126426 -0.67783237 5.569184 3.1552358 -2.411427
armageddon 4.1816583 -0.18147537 1.5992811 -3.4478025 -0.63786846 -4.045051 3.9205067 6.3178043 2.0097222 1.2278969 3.262352 -1.5000516 2.728647 -1.9247433 -5.4430394 1.8401647 1.9407752 1.9713643 -0.96537465 0.6217389
roulette 3.2524576 0.8064373 0.54198295 -7.3100266 0.14180759 -3.7231627 2.1914346 4.0916367 -0.71331775 -0.1618636 2.2339091 0.8726351 1.6187847 -1.1057707 2.6164305 0.41875562 -0.25952932 3.3906317 2.3002272 -1.5301771
misfits 2.7558084 1.4109601 0.32577926 -2.3928607 1.5415057 -1.8646531 4.4874806 5.043865 0.9108636 -3.8802836 3.0999012 -2.9300416 2.0587833 -4.104438 -1.7140588 -0.1058609 -3.1733615 2.646633 1.0372031 -1.9239597
ringside 0.104849644 -0.338013 0.1780354 -1.8643426 3.7967415 -7.700024 6.097977 7.6309576 -2.9141471 0.9526379 2.0444455 -5.7866254 -2.1616123 -2.4252772 2.826196 2.9150689 2.8611658 3.0907006 1.1685262 -0.79241264
lockdown 2.4000566 1.2453057 -0.6237094 -1.4853547 -0.22563986 -7.5349207 5.4833555 2.8425648 -3.4266667 1.2392309 -0.024386516 -5.1605325 -2.8196077 -1.8715459 -0.5527486 1.9939926 4.068366 1.5361539 0.25028712 2.808337
chainsaw 1.4430076 3.9278278 -1.6501409 -3.5543392 -0.32929036 -4.6534195 7.7924066 2.0595896 -2.8094215 -1.5002223 1.8472191 -2.4123414 2.4816778 -4.936013 -0.7057335 0.50521916 -1.8867841 1.1930165 0.84964174 -1.734711
pogo 2.4918988 -2.2338295 -0.21998566 -3.950122 2.944241 -4.1096363 1.0384016 3.081356 -3.2483823 0.40571436 3.0740378 -0.780046 2.8013756 -2.0317147 2.7418375 -2.3823025 0.5370411 1.5005121 3.1118846 1.951348
howling -0.13788618 -0.4171262 -0.93818986 -2.1248639 2.266573 -2.6983244 7.1483135 1.9049371 -0.4340078 -1.9531574 3.169259 -2.4066017 5.499373 -3.4482849 -4.8367176 -0.31268543 0.24947192 1.7049466 2.1381989 -2.0206082
unstoppable 1.8120067 -2.1936498 1.414305 -3.4483275 1.7659006 -2.318017 1.4002984 3.6767638 0.18881416 0.83607554 2.444783 -2.8586354 0.62916714 -2.8123538 -5.5343537 2.8296964 1.4093969 1.5493263 3.7515335 -0.8480961
swagger -0.77018386 0.85924715 2.4789116 -2.4369562 2.8925805 -4.5396237 2.2152946 7.6572924 -2.3093593 1.5550903 3.9670897 0.55441284 0.38258293 -3.3310883 -2.8256676 2.2598305 0.12394944 5.0493627 3.0654948 -3.2527807
unmasked 2.3908834 -2.1783884 1.6170919 -5.3711386 1.3860459 -4.086314 4.3578844 4.1497955 -0.1520008 0.37099278 1.8004831 -4.287059 0.21313065 -1.1932564 -1.963962 2.5751965 -0.40827522 2.2854428 -2.9539375 -1.5160246
payback 0.6138818 0.28805074 1.8461077 -4.789979 -0.9877817 -5.3410025 0.4689615 2.3786082 -0.83598477 0.32334316 0.6845472 -2.3017201 -3.9923325 -1.0628633 -3.3979237 2.7209616 1.2125486 0.6130267 1.1006666 -0.5554445
busters 0.55279136 0.5298235 -1.3641477 -5.9647417 -1.3258585 -3.103789 3.7550113 2.9113867 -3.9044678 -0.51290596 0.91682535 -1.9288939 2.622268 -4.343971 -2.375109 -0.9115296 -0.625804 -1.0052489 1.1343759 -2.097943
bloods 0.26993707 1.8999736 -3.1427174 0.5274145 2.3568988 -4.4810386 5.7524443 2.612509 -0.9300687 -0.3011709 1.3187847 -2.1240735 0.6662311 -6.446616 -1.40157 0.23851736 -1.1046466 3.0333254 -0.06969782 -2.2098641
jokers 2.4440591 0.72418445 -0.43763107 -5.9782896 0.1148211 -5.442418 6.488913 2.7584574 -0.7060659 -0.19180612 1.881819 0.09231398 -0.77252233 -0.8824285 0.43163505 2.8506703 1.1078339 1.8487515 0.32582793 -5.223017
unbreakable 1.0412214 0.24994655 2.7635565 -4.602627 -0.33185992 -3.5538466 2.804063 3.527567 0.77655387 0.066543214 1.4427464 0.7336563 2.207277 -1.4451602 -1.9806114 2.3879318 1.3845987 2.8609576 0.6757679 -0.5624413
bullseye 1.803996 0.43823832 -0.855901 -3.50542 0.33670488 -4.9122767 6.164387 2.0975318 -1.9668661 -0.29878843 1.3056993 -0.04123539 2.354861 -2.4169724 0.39325327 3.0329268 1.5304323 0.7548354 2.0198538 -2.597562
twister 2.5597258 0.33981323 0.49615195 -3.8014772 -0.16054656 -3.2505984 3.8618643 0.9605979 -4.334689 -0.6372995 2.449281 0.47736955 2.6584353 -3.7880247 -1.9169214 -0.3055595 1.3490708 -1.4929979 1.2201021 -1.9881706
mayday 0.7636956 -0.9064189 -2.5813136 -1.0241407 -0.35536817 -5.1148963 5.419785 3.2391212 -1.337024 -2.8092778 0.2802043 -0.35158387 0.8119028 -2.8343148 -3.2745223 -2.8567212 1.8795538 0.42302343 -0.18160525 2.80073
shocker 3.3918283 -0.5413601 1.4817749 -6.61164 1.5735744 -5.288069 3.2875164 5.2713404 -2.3779447 2.0712218 4.4990163 -1.2925276 0.3967389 -3.866849 -1.4149591 2.1174884 -0.27897382 0.92819405 -0.5242326 -2.4709682
bastards -1.1372988 -0.23555715 -0.16843858 -2.9337132 3.0100458 -2.8743956 4.1484995 4.0221567 1.858039 -1.582859 3.7668407 -1.3515878 -0.9547637 -0.75839907 -3.6626499 -0.5970226 -1.6297109 4.6478615 -0.5841423 -2.677738
hooligans 3.4113092 0.5597665 -3.8803515 -2.132456 3.2677743 -1.91307 0.89883226 6.0225325 -1.4677331 -1.1011901 3.9095585 -5.709973 -2.1796474 -1.1005608 0.4344637 -0.7289036 -2.149359 4.3941216 3.2353761 -1.6136595
delirious -1.1614468 1.7571255 3.0858629 -2.7284007 2.2405348 -2.1488495 3.8695347 3.0986538 -0.411035 -1.4217771 4.341037 -3.681638 1.016826 -3.154616 -3.3485935 0.19541407 2.0092034 2.2941732 0.4595206 0.47557372
deuce 1.8120056 -0.62671405 0.8756075 -4.762787 1.6501793 -6.2322693 1.0318804 2.5641153 -3.832917 -1.3295573 3.0004876 -0.09467601 2.184201 -1.5411522 0.75765145 -0.46809295 0.4888472 0.9426025 0.71348494 -4.482192
zeppelins 3.510543 1.002441 1.6207056 -1.2990494 0.57791346 -4.370451 3.3785274 5.2176204 2.7993836 -1.0821419 7.056425 -0.59308416 2.6065264 2.4715025 -1.9393214 -3.672812 -1.155393 -2.702686 5.728332 1.5003873
stratus 0.72943306 0.28064358 0.45204765 -4.504701 1.9137149 -6.4591265 2.1118243 4.5012016 -4.276684 4.063066 4.166497 -0.7504848 0.86058944 -4.3680124 0.29963538 2.0014255 1.4712977 0.85233474 1.0202953 1.3219043
shimmer 1.3118895 0.21929118 -0.275167 -5.5930705 2.0566292 -3.591386 2.7790892 2.0936756 0.91570055 1.2171823 2.6323686 -0.7693999 2.2613003 -5.442609 -0.77734566 1.9557742 4.6131907 4.5241246 0.7719171 1.8060795
deathmatch 7.0811706 -3.823003 -2.6954782 -6.781175 0.33756748 -5.004942 4.4511256 5.285247 -2.6805227 4.877956 -0.17692488 -2.268612 2.3482814 -2.6560614 0.7410865 3.1580155 0.79896045 3.3227046 2.3058236 -0.97647405
ricochet 1.3430247 -0.7163394 0.8467389 -4.4914746 0.9571032 -5.7825747 3.211934 3.2827117 -2.7901819 2.3593931 2.3896954 -2.2141805 1.7676494 -3.0246413 -2.484964 1.4206938 0.75869733 1.1301214 1.7078846 0.11300803
junkyard 2.5421727 0.92087114 -2.200095 -4.894717 1.3706821 -2.75881 4.8740187 0.7931513 -4.069642 -2.8891096 4.507298 -1.0410595 2.510256 -2.201321 -1.222266 1.7711723 -0.6393364 0.44881505 0.5113531 -1.4135553
juggernaut 2.3757484 -0.45533922 0.19800134 -1.9819361 0.89401186 -2.7342904 3.3799417 4.433067 -1.923734 -0.08868953 3.6212113 -0.61943597 1.5359626 -1.968821 -3.3668637 2.597583 -0.16222835 0.5610407 0.21334785 0.0895435
sidekicks 3.1789951 1.1686314 -1.2707144 -2.7851727 0.9654171 -2.8871448 3.4607985 4.5390506 -1.2478355 -0.57689893 2.0885954 -3.4541304 -0.32729745 -5.599942 2.7695482 1.9235547 -0.29884064 -0.70656276 0.33856443 -2.2859955
daisies 1.4928092 3.6918843 -1.492394 -0.6665372 2.437983 -4.2445626 2.4631295 0.7403313 -1.3091843 -1.1974084 5.191829 -1.07237 2.4278142 -5.500201 -0.63773316 -0.58149886 1.941276 0.84043366 0.8806735 -4.07641
overkill 2.2531364 0.9055123 2.7134097 -2.9315498 0.220528 -4.131674 2.743171 3.1869595 1.0890353 -1.6411949 2.6852376 -0.8222779 2.205277 -1.8849308 -4.343646 0.47647223 -3.036834 2.3256838 1.7871956 0.309241
furies 2.3155146 0.9388268 -0.9122473 -1.8653065 2.1823816 -1.5617031 6.388106 3.2915707 1.6251465 1.0140845 5.015776 -2.7914739 2.8259437 -2.6187546 -0.53053147 1.3516749 1.479394 1.0335772 -1.8406024 0.4026471
sharpshooter -0.74437565 -1.2050709 -0.0383636 0.30104226 3.4342358 -4.9842997 5.7244716 1.8503166 -0.36525697 1.8846499 3.1311114 -1.0949969 2.3381386 -0.6390147 3.0958016 4.0226574 1.5311697 -0.98937315 1.8604634 1.2863667
sledgehammer 0.5991684 -0.13684222 2.7346442 -3.444799 1.4242543 -5.2570915 5.000961 3.9980574 -3.1474824 0.1562736 2.5346036 -2.0142756 1.4869908 0.16135752 -0.62888825 0.8584899 0.4734655 2.0285754 2.8482828 -0.7626703
ruckus 1.0608208 0.9317637 0.21227936 -2.4690025 1.6151681 -3.0786119 2.083695 4.0477343 -3.2954602 -1.4494827 3.291053 -1.0809801 -0.8914962 -3.317069 -1.8571366 1.4146528 -0.20078412 2.2471666 0.5801187 1.4197268
marciano -0.056397658 0.55796486 1.558565 -2.9595025 1.809367 -1.8504753 0.115585595 4.7858105 -1.551007 2.2047684 3.8954983 -2.9216592 1.3851808 -4.983336 0.660129 0.2561165 0.48096362 -0.8329454 -2.5965235 -1.7091408
bazooka 1.3602782 -1.5441023 0.358531 -4.378962 1.7688677 -4.43634 6.1767945 1.2699223 -1.281011 1.2255276 3.005321 -1.0447536 2.4606159 -0.83803844 0.19293092 -0.04413105 -1.8955622 -1.1422092 4.644861 -0.20450306
bruiser -1.1129669 0.55969125 -0.89948857 -3.4989812 2.4337564 -5.3537126 1.7435819 2.897168 -2.6252718 0.5755786 3.6941004 -3.3759835 3.4001896 -4.1894336 1.1832929 2.7702892 2.3322773 -0.2740458 -0.60492355 -2.303964
dropkick 0.27855593 3.0931866 1.503842 -0.4974786 2.3052158 -7.012547 2.4198165 5.884946 -2.350656 0.5138255 3.8137627 -2.7085252 3.5917296 -4.0477996 -0.9704948 0.867578 0.007610756 3.2470026 3.5132227 -0.43172282
spangled 0.3735367 -3.0100074 -5.1638165 -0.3855 1.9662633 -4.1889153 5.5395274 4.4519534 0.49501884 -0.6523899 0.13206974 2.411126 7.297134 -5.330742 -0.99494606 -0.8789988 0.27858362 3.9024146 -0.15434349 -1.7525737
unforgiven -0.17771277 0.7810297 0.17610486 -3.2653103 -0.041149165 -5.094131 1.8361378 6.2870913 0.117958345 2.5343485 1.9775524 -2.3164322 2.035987 -2.8731835 -2.117484 1.1253995 2.26955 2.1810834 -0.8900117 -1.9333135
crowbar 0.2970783 1.5995723 1.3243576 -2.4405336 2.3958254 -5.009612 4.5034018 2.4773328 -3.9464326 -0.34378484 4.0178995 -2.1296 2.8822427 -0.7886535 -0.32071006 0.71039754 -0.429809 2.8814747 1.5534074 0.16184787
piledriver 1.8545123 0.5895872 2.826769 -2.4811237 2.3960717 -7.848209 4.5763927 3.6421142 -5.4781704 2.334116 4.2712765 -2.1693141 4.240286 0.8298309 -0.15719625 1.6823888 2.2801275 3.525067 1.1705061 -0.49107736
headbangers 0.8680241 0.46305478 -0.8705451 -4.179375 0.6474062 -6.3844075 0.1310476 3.907145 -1.2233813 -0.8262342 -0.45180917 -2.6782873 3.9368382 -6.363154 -2.3248599 -0.400957 3.9368124 5.4526105 4.2917223 1.4627281
swoop 1.1200259 -0.94770133 -1.6943431 -1.7430508 2.4057598 -3.080688 2.9631512 0.22288501 -2.10688 -0.32078835 3.5553195 -1.0114115 1.1363126 -0.92994255 -3.0400193 1.5082265 1.9857773 0.99406576 3.0685937 -1.7776575
switchblade 0.58663505 0.5588957 0.25708196 -2.859869 1.0047495 -3.9339683 5.1701307 2.1269846 -1.8624927 -0.14192846 1.8360878 0.4595758 2.9855707 -1.2312986 0.26586345 1.1561034 -2.1390445 2.7287757 1.8601023 0.8106639
fireballs 2.2683837 1.0462186 0.2744858 -3.1893976 0.6584646 -2.78126 5.079871 -0.6925781 -1.7789559 1.8342632 3.4891624 -0.9000544 2.2614057 -2.1963387 -3.6644413 0.31662616 1.5367929 0.63643163 3.2845683 0.21798491
brawling 1.4395256 1.0093229 -0.9641789 -1.9161394 1.6952785 -0.29163644 3.288276 3.8200755 -1.4546298 -0.29557285 2.251708 -4.761636 -1.1080049 -1.3378677 -0.4555859 2.5728908 -0.44199994 2.1835985 3.2956126 -2.7872517
blazes 1.1832919 2.4368484 -1.3542857 0.4728455 0.23186621 -2.6230812 3.9535904 0.6236095 -1.7622265 0.07688921 2.654731 -0.89673907 2.0490394 -1.119836 -2.8650143 0.120605476 0.8769322 1.0186627 1.5768194 -2.4335253
clothesline 0.14358468 1.4731572 0.73754203 -1.7982217 2.853295 -6.1877646 5.7644877 3.3167095 -4.9166217 1.1078783 4.1859446 -2.0520482 2.8721886 -1.3443152 0.60888433 1.6219038 3.304474 2.8340416 3.705207 0.48537394
pitbulls 1.6679201 0.39852616 0.17056179 -3.9617877 1.9357387 -5.2978663 -1.0949879 4.47031 -0.78100145 0.9119176 4.221497 -2.7437449 0.7800919 -3.8480406 -2.0585227 -0.95841986 0.70073193 2.497813 0.016703177 0.3975353
booing 0.05241657 1.3385257 0.57011086 -0.32083306 1.6382445 -2.7251914 1.2365384 5.4869485 -0.3700937 -2.048731 0.20289357 -5.263212 -2.7908988 -2.7922194 -2.2903159 1.6112664 1.3745735 5.01439 3.3497922 -2.131002
necro -0.58245677 0.16067009 1.0212055 -4.88904 2.7638454 -4.9344673 1.8745741 4.0533032 -2.475749 0.8625577 3.2806191 -2.7668743 1.4635915 -2.1082132 0.7774848 -1.1074888 -1.3973159 3.8055172 0.055207815 -0.7168328
rikishi 0.251796 -1.0693778 -0.119663954 -3.425672 4.3816013 -5.2864957 1.4346055 3.4372349 -1.1191901 2.9203718 4.805005 -2.5992463 0.59912723 -1.9216537 0.6861685 0.9680018 2.425833 3.4927917 0.7865344 0.6419981
beefcake 0.32776928 0.32719666 0.9303663 -3.895946 2.8416204 -4.089979 3.0040152 4.540381 -1.2166394 1.6984928 4.577791 -2.69636 3.0183444 -1.7513611 0.6284002 2.106279 -0.39663675 2.2751393 -0.30842388 -2.561282
stunner -1.0187812 2.0100944 1.9109869 -2.116235 0.53372276 -4.527304 2.7349606 4.52642 -1.5385907 1.6599123 3.2893462 -0.9767416 2.6207368 -1.6235005 -2.6555293 1.5194771 3.4270127 1.61972 2.2632341 -0.4330822
rollup 1.2990285 0.4020354 1.7896271 -2.6249995 0.70687354 -5.4510865 1.9878881 2.4648848 -4.5825057 2.5561914 2.037949 0.28173417 0.55137134 0.60233593 0.5794031 1.3057759 0.6867817 2.0298984 2.301068 -0.8144994
brawler 0.31787586 -0.019527107 -0.66653144 -2.021584 2.2402918 -1.4842637 2.4725056 4.847784 -0.9780791 0.4859334 3.4301012 -1.8621134 2.3035948 -3.6417344 -0.77507025 2.995234 0.23500253 0.9130111 1.8514056 -1.7162246
stablemates 0.78442186 -1.511706 -0.52426714 -4.449528 1.9085827 -3.3727493 0.08831607 4.1620936 -1.7181014 2.7546515 3.3947532 -2.6033053 1.3567057 -1.3634498 -0.10763994 0.78211224 0.5032658 0.8744924 1.486319 -0.33127764
brawlers 3.1351216 -0.39637387 -2.3497365 -3.1864219 1.2923647 -2.8359263 1.9905069 3.0404346 -2.0607274 0.86787564 2.8442938 -1.8485628 0.37416303 -2.544315 -0.6627764 2.7117114 1.3604625 1.3860716 0.39851025 -1.8640875
moolah -0.25539038 1.2401412 -1.9922763 -3.6934347 1.8549666 -2.9653637 1.8315307 5.1825824 -0.71685946 -0.026577353 4.401279 -1.8232071 0.63496864 -2.421526 0.6652274 1.1629868 1.3546946 2.0776613 -1.2905649 0.49675646
lariat 2.1211073 -0.7949469 1.2851677 -0.9396506 1.874809 -3.9027593 2.4635613 1.1748527 -3.0837631 0.7437767 2.379873 1.0192875 2.186791 -1.7491331 0.19293778 1.2155643 0.98472846 0.62630355 1.9887258 -0.07598332
gangstas 1.334183 0.519247 -1.3242394 -2.7649019 1.4608257 -3.7149293 1.1344589 3.61653 -2.231687 1.3793311 2.836759 -1.5239514 0.21319973 -2.9079 -2.0905619 -0.949356 0.6786666 4.0819035 -0.18016677 -1.4058591
beatdown 0.4987555 0.3515092 1.0067059 -2.3949957 0.92013615 -3.338251 0.84679115 3.71646 -1.0136636 1.2393057 1.9431074 -1.4300568 0.8077174 -3.0603187 -1.0925387 0.2637229 0.9640404 1.7201589 0.863626 0.11656802
eliminators 0.77804226 -0.6561768 -0.12509091 -2.5529459 1.8635932 -3.6652608 1.3459207 2.204972 -1.4885066 2.0270283 2.94064 -1.8860453 0.67777604 -0.7861184 -0.31772172 1.5534319 0.62060404 1.4458697 0.9064563 -0.49882063