Centroid_170 -1.4547828438162167 -0.026865400716216216 2.3194986582864865 -3.179625801362161 2.2849005122432446 -1.9857747681783784 2.8922800632756736 2.458753000063243 -0.37188964974270283 -6.6013311891891835 3.166924589848649 0.6586686619675681 -4.401104444275678 -0.5772891031675678 -4.831107945027026 3.7482168471048642 3.624753241135135 4.252847846702702 2.714999678270271 -2.043626508645946
good -1.34856 0.78108585 0.5856431 -1.5912987 1.5767406 0.55572385 0.4033959 0.6107253 1.5081158 -6.0561357 3.4154649 4.284014 -4.5343633 -0.42996943 -5.0320263 8.235622 5.8457513 3.416688 5.6945577 -2.423373
love -3.1061783 2.585492 4.690467 -6.9298754 2.5638103 2.1760974 3.8028796 6.206012 1.37109 -7.714931 6.6226354 1.1065738 -2.8056638 -4.693984 -6.548732 -0.024648057 6.7292595 6.152482 -0.7192299 -4.189154
go 0.8535178 -1.0571324 -1.267555 -3.705247 3.4875371 -4.6690173 0.2637897 -0.38778502 -5.3671675 -8.637965 3.6947777 -2.1453204 -4.399944 0.9171373 -3.889638 5.8154187 8.065481 5.2509704 3.5214424 0.51142186
get -1.0401354 -0.6589701 0.47208947 -6.0546722 3.6055195 -4.038156 1.8129337 -0.7921119 -5.591876 -8.5638485 3.2018094 -2.37543 -7.3566265 0.64365923 -3.5044541 8.819191 6.3810787 5.04977 6.319603 -0.5477883
see 1.7789493 -1.3541567 -0.41176212 -0.98951656 0.56487334 -0.9830392 1.2656972 -1.0284729 -0.42408878 -5.102049 0.06463107 0.9086633 -1.8962637 2.0423627 -5.1436744 5.0105805 5.4068713 5.940338 0.21426667 -1.0772126
come 1.7835604 -1.5868124 -1.890664 -2.700821 2.1794248 -1.0770527 0.31698707 -1.3526798 0.11018424 -7.399131 1.8373536 -1.9674035 -2.9461086 1.6030663 -6.5745068 5.7459803 4.028661 6.4223285 3.3818738 -0.98585093
got -2.8871305 -1.8041793 -1.1291453 -4.5034833 3.0337791 -4.5608687 -2.9508874 2.1467044 -0.56553733 -7.599116 2.1491394 -4.316134 -1.9238166 -0.44817543 -2.3049028 3.524443 5.919019 2.6231828 4.9425173 -0.80300957
going 1.3618695 0.6571683 -1.0730389 -1.6614393 2.3893826 -4.316069 -0.9389931 1.1257492 -2.2617388 -7.3281465 4.2624526 -2.2152188 -4.4766917 -0.3149293 -5.3741217 5.5603065 6.486776 2.7083194 5.323734 -1.5726274
saying -3.3195105 -0.66897494 4.54054 -0.88244116 2.042601 -6.326213 4.2443748 7.714538 1.7714342 -6.021726 1.236134 2.0056634 -8.080304 -1.1523077 -7.4594774 5.8616242 2.4752142 5.1557817 2.501436 -2.44429
things 2.1565692 3.649227 4.912874 -2.7041693 1.6193242 1.5923818 7.205355 2.92829 1.7443712 -5.78436 5.1086946 4.522965 -8.018946 -0.5221538 -3.7582555 3.9593685 3.392853 5.073289 4.966074 -4.6992908
know -1.5360979 -2.4867642 3.1419897 -4.140306 3.443314 -1.7432197 3.7735384 0.47880659 0.21553126 -9.417363 2.779049 2.1121302 -7.0324965 -0.20901412 -7.2025585 6.397862 4.5841565 5.8851857 1.9682916 -2.1116428
felt -2.7052894 0.5202075 3.227309 -1.0138346 1.7470229 -1.0487837 0.8495248 5.2832947 2.8322442 -6.1652794 1.8605597 -1.4450403 -4.058744 -0.605743 -6.7716765 8.327871 0.26697353 3.9548175 7.0679226 -3.2788494
says -5.16016 -1.6195729 3.8481688 -1.7542179 1.5370526 -0.46815363 3.7066152 1.2618017 -0.28304362 -6.9265165 -0.03764188 1.0389113 -1.337333 -0.82537454 -6.638278 5.7665663 2.424698 4.716524 -2.5961623 -2.1895955
something 0.13738114 2.1244094 6.304657 -3.0360472 2.5259128 -0.09011019 5.9976134 4.5383673 0.17151378 -6.041162 6.0554924 5.1011195 -6.368144 -0.14323781 -6.548555 5.289078 3.4511685 5.7012653 5.7588844 -4.0057774
look 0.6429573 2.1140034 1.2596505 -3.1268766 0.6355086 0.4291452 6.5874863 2.92286 -1.8480067 -5.5994234 2.5734594 3.3324366 -2.9482675 -0.36864626 -3.9681616 5.5094934 2.4502747 4.982379 6.5275893 -3.4735146
read -2.2660985 -3.4587693 1.6317518 1.6472858 -0.3309445 -3.0000262 5.093871 0.67779833 4.16844 -11.51915 -3.215502 4.7533813 0.0332339 2.6914024 -4.2955017 5.1485057 3.030767 3.5832708 -0.14378694 -0.15425481
say -1.783963 -2.4667277 3.4757311 -1.9080623 2.8790114 -3.3342397 2.5161922 0.9201444 1.4984654 -7.340894 1.1628767 2.1231027 -5.8156915 0.6318405 -7.7702727 5.050005 3.4061885 6.757205 1.1664724 -2.6163864
want 0.086535566 -1.177446 1.6604203 -4.4356136 4.0987797 -2.8698049 1.6862708 2.6508622 -1.2686157 -9.269359 3.9596696 1.653783 -9.228551 -0.6409213 -5.4856653 7.9464808 3.1629899 7.690157 3.9075222 0.1826922
lot 2.5595922 4.170897 1.0536808 -1.8123991 -0.12631974 1.228076 2.4085653 0.34618568 -4.115924 -7.4522805 4.137491 2.492711 -6.8025966 0.0904496 -3.661866 2.3063095 2.8617501 1.7666149 5.508836 -4.9824543
someone -1.2965798 0.23431103 6.7714806 -4.6653543 5.1051583 -0.9049474 9.277267 -0.9492986 0.11332647 -8.864003 6.1231217 2.3366473 -11.2113695 1.2946844 -1.9078934 4.4505463 4.449295 4.024646 1.845914 -2.44011
let -0.19258961 -2.6304903 4.138729 -3.0624833 3.8212664 -5.5602427 1.6766769 -0.5603653 -4.879313 -6.6872225 2.6118326 1.6169528 -3.7750096 1.9570755 -4.237441 6.053165 5.395498 6.174027 1.4771507 -0.59985405
bad -2.4601347 0.91824305 2.6110182 -3.754571 2.0670621 -1.2796876 -0.46579662 0.494793 0.15545808 -5.8762026 4.169628 -1.5898197 -3.55486 -1.2744782 -7.9588504 2.1098063 3.4979537 3.1531873 4.639342 -1.4730483
write -0.5451003 -2.9048839 5.2089906 -1.285122 0.13944465 -1.3961104 3.4666078 5.127302 4.3597445 -14.017219 1.3513253 4.632736 -2.5666733 2.2751963 -3.5808918 5.2721972 2.1840966 -0.11086653 2.366529 0.28042704
think -1.5269709 -1.653909 1.8864063 -2.2827926 2.453507 -1.4653455 2.397597 3.2377777 1.5804728 -7.579428 2.0442288 3.1285336 -5.3791785 -1.922092 -7.405438 8.102564 1.768571 5.255553 5.9708304 -0.6759677
nothing -0.46889785 1.5942283 5.288672 -1.3419942 1.9425795 -1.8375744 4.9151955 2.8227613 1.6857544 -4.956647 6.456727 3.2285817 -6.1418676 3.7326334 -7.466325 3.7674572 3.061276 3.3156805 2.4350584 -3.180559
heard -2.515702 -2.1532147 -0.42864338 0.1506452 1.7463243 -5.167608 2.9350855 1.453745 1.2673156 -10.330834 -1.7151685 -3.830963 0.96359056 -0.4246248 -6.6923404 1.1130372 1.5601897 4.8881454 2.2974825 -1.893832
dont -0.8457173 -0.17744333 3.2722466 -4.5818467 4.3107924 -6.3873696 3.7511494 2.4637349 -0.672794 -10.143452 3.7119985 4.3110743 -8.352438 -3.185827 -7.125889 4.1379213 4.03859 8.960738 4.793269 -1.7771385
really -0.8618185 1.103879 5.2566624 -4.048405 2.9813557 -0.6918648 3.1242123 4.7441664 0.2626809 -8.515043 6.281715 3.779176 -5.672525 -2.1471207 -7.2193727 6.8327594 4.5797534 4.319168 6.9018683 -4.5557265
mind 0.40232882 1.3352442 7.20546 -0.21732579 1.6570948 1.9110315 6.1654367 4.37083 -0.118108235 -4.0704355 4.0181694 3.8169405 -2.6769793 -1.5743515 -5.3697033 6.217462 4.7385516 4.326722 2.392882 0.78840417
getting -1.9071318 1.0189465 0.9553199 -3.916042 2.7102869 -2.981976 1.2073121 0.6232668 -2.5731406 -5.9213557 3.058438 -3.7174206 -6.605501 -0.6879259 -2.3353589 5.71488 4.9282556 2.0312102 6.5071487 -1.2899826
stating -1.7349018 -0.78127235 3.9245636 -0.9983582 0.0717033 -6.2731667 2.2787838 6.24746 3.139148 -3.9617271 -0.6977959 1.7021239 -6.066784 -0.420984 -6.6695104 6.486647 1.3678918 4.523095 2.0315452 -0.76712304
looking 0.47993234 0.67112714 -0.5207043 -3.099275 0.9229131 0.06626789 2.7252166 -0.384293 -3.2634275 -6.866174 1.9881383 -0.5681764 -1.5399859 -1.0345193 -4.693718 7.265563 2.3443718 2.9637237 5.1114783 -1.3648678
hope -1.4963229 3.6779566 -0.6969781 1.4349731 1.3288587 -0.4917276 1.6282619 4.213933 -1.2967547 -4.0738173 6.664096 1.4918545 -3.637867 -0.3202707 -6.0431724 5.320561 3.7363818 2.0107372 0.37660655 0.82721925
chance 0.4145217 1.6096684 3.2676854 -3.4017575 3.4490788 -4.073608 1.1710898 3.38562 0.4072112 -2.376714 6.6342964 1.0032153 -7.396215 -0.527118 -0.16547467 6.0915675 8.908559 1.3703545 4.4034395 -1.3989569
talk 0.30719972 -0.56363493 0.81042993 -1.0150964 1.5429726 -3.0758216 4.5179996 5.6924653 -2.6262147 -10.349706 -0.48963684 1.259771 -6.9053717 -7.323588 -3.079986 1.9606148 2.1485083 2.8809023 1.9493713 -0.37826148
didnt 0.14879426 -0.40623283 2.8763497 -3.9363143 4.2233796 -5.3183093 0.051146142 3.4350789 0.04513132 -8.081546 5.5664167 0.26276875 -7.405656 0.66555756 -3.4925375 6.42721 5.3470893 4.3502936 6.046355 -1.1804047
everything 0.7525083 2.5327294 5.490355 -3.6135533 1.7517508 -0.09734822 5.8769593 3.4966109 -1.5361098 -5.675362 6.7057595 4.476949 -5.783449 0.8184519 -5.514565 3.0388606 4.671054 4.1003566 3.5346863 -2.0102236
feel -0.37260076 2.7072933 4.615504 -3.7740753 2.4115627 1.3807665 3.4135046 3.7888975 0.20744348 -6.3075247 3.6062682 2.1137936 -6.6219296 -2.8655438 -6.6352005 4.7492743 3.0415993 8.46591 8.467218 -3.778187
tell -1.6206851 -2.7493923 1.3716792 -3.491755 2.3776495 -1.9199908 6.973737 0.23613435 -2.7380056 -10.009548 1.9694926 -1.0908339 -4.223902 -0.07119516 -8.475368 4.9321103 4.4604363 4.177008 -1.7620049 -2.162003
gone -0.20722456 0.857259 -1.7703087 -3.2359025 1.0432359 -3.3772388 0.41149047 -0.38847342 0.9294768 -7.6844287 2.8636334 -2.9996383 -1.5947039 0.01017413 -5.661683 3.464546 3.350079 2.2552826 2.8483202 -2.7079663
thing -0.32999057 2.4550805 4.7616997 -3.740852 1.9591389 -1.8258191 4.435384 4.8488703 1.2742839 -4.820816 5.224624 4.475297 -5.494043 -1.5528058 -6.5607 4.046568 5.041195 6.175885 3.377244 -6.1786203
dream 1.4306674 2.2655792 1.1436151 -4.2466025 1.2949916 0.9083105 4.293491 7.13762 0.4335647 -5.9050097 6.861075 2.0243583 1.0893588 -3.9052587 -3.3639946 1.5974379 6.1587963 2.3744059 0.9282055 0.16030203
anything -1.0929775 1.1137424 5.5649385 -3.5274127 2.4573798 -2.4523 5.8354907 2.0698435 0.7289796 -5.673736 5.2602353 4.0196357 -7.58914 1.9678651 -6.4063907 5.4760213 3.4207685 4.9530334 4.7611127 -2.3986182
happened 0.63426554 -1.139453 0.4052075 -1.985602 0.1760649 -3.3821769 2.463932 1.1397123 1.5813559 -5.4299994 1.987304 -4.9182577 -4.234636 2.3283284 -7.893779 2.573715 4.9626894 1.0025326 0.01902102 -1.9073036
knew -3.3473272 -2.343215 1.0882807 -2.009145 3.4336298 -0.9742787 3.007086 0.8766687 2.3714316 -9.2981825 3.5566406 -2.5761418 -2.8897197 2.2470682 -5.4943113 7.425284 0.8518387 1.9747983 1.6353745 -1.8248085
happy -2.3120935 0.49266672 0.9516159 -5.1430397 2.559215 -0.83308303 1.6675103 3.5955691 -0.36973354 -9.377775 4.752326 0.41551414 -4.671706 -1.4520123 -5.1861873 1.6318829 6.315986 4.058 1.5781748 -4.558772
everyone 0.23406416 1.790179 2.4319296 -2.3797913 3.6692507 -0.072902285 7.427172 2.9871624 -3.7687082 -6.529175 5.981035 1.7162529 -9.526171 0.052072924 -3.6065567 4.126304 5.9727297 5.1069083 2.7326107 -1.7691011
wants -4.1208143 -2.0522444 2.3458517 -6.604194 3.5498183 0.6633214 3.1514058 1.7777404 -6.1926036 -7.5291524 3.5854096 0.33767328 -7.810871 -1.3231831 -4.213692 9.022606 4.3504443 4.9324193 -0.29514116 0.77846587
anyone 0.06493832 0.97916067 2.7785404 -2.0052438 3.4120202 -2.755208 7.324999 1.2173704 -0.23242414 -5.6061835 5.095775 4.0553308 -10.733305 2.321857 -3.0378237 6.6104693 3.8742049 5.497902 1.7845821 0.58251345
else -1.4558014 -0.7110364 2.9692378 -4.3030086 2.7310522 -1.9929354 2.78049 -1.4495423 -0.2583732 -8.042821 3.6903915 2.2974856 -5.389607 2.0326614 -7.354235 5.4017467 4.1198063 6.5533147 2.1612751 -2.4982831
doesnt -2.3644145 -1.307229 5.6012173 -5.645745 2.6405022 -1.3619107 4.0408583 0.05099379 -3.3083115 -7.1721325 1.7771868 3.0163603 -7.472395 -1.9642947 -6.7791076 7.103794 4.586302 6.2361 3.409036 -2.7441194
feeling -2.431106 3.11023 6.613538 -1.291804 2.885505 2.3532865 3.6321387 5.0388026 1.2475863 -3.812791 4.972719 -1.1324031 -5.349491 -2.3486254 -7.2180934 3.5523543 3.4661903 5.5274763 6.2377644 -2.665466
hes -3.5090835 -0.09160307 3.0349755 -4.9694653 5.061719 -1.1570048 4.6078124 3.8248303 -1.3666828 -6.6054645 6.0182815 0.947257 -4.669719 -3.8045814 -3.044259 5.9965315 4.0944443 3.168559 4.9268465 -3.987029
sing -0.6783305 -2.1353836 1.353834 -3.3552566 5.1572466 0.13611531 1.85194 4.8459573 -1.3688087 -12.795727 2.156485 -0.43178585 0.046407823 -1.6577018 0.23175603 -2.6172893 5.583785 9.237041 2.7982464 -1.9361547
wrong -1.8649167 -2.1634374 5.395381 -1.3365986 2.949997 -4.359312 4.8230696 1.7439291 -0.52355623 -4.901005 2.1717525 0.4634553 -6.412463 1.0036557 -7.439277 7.2440476 4.591805 3.666574 3.1643896 -3.146054
fun 0.9397005 2.4154282 0.10842052 -6.59425 -0.26279107 0.561785 3.4911733 5.755971 -2.7141378 -7.851038 2.3955772 4.444497 -3.6856651 -6.0783954 -4.4284616 4.1844206 3.909615 4.7025933 6.1079726 -6.3645353
cant -0.58577794 0.030505488 4.9245753 -5.9262547 4.3021812 -4.86539 3.112313 2.5641322 -2.8009841 -7.833741 5.618052 2.5591407 -6.7846756 -2.02133 -5.3128905 3.2557597 4.861691 6.2552595 3.701742 -2.419307
answer 0.18921055 -3.002265 6.2093678 0.39979142 1.535618 -5.322384 5.037749 1.7192268 0.9277187 -5.758531 -1.6914691 2.6053476 -7.63218 1.7517451 -2.5554361 7.310445 6.844425 4.2363687 -0.29515672 -2.0423942
telling -3.0355964 -1.5974957 1.6168886 -2.4784007 2.19063 -2.0727382 7.64269 2.6043572 -2.738111 -9.914114 1.4953173 -1.8087629 -4.665138 -0.5398394 -6.5706773 6.84108 3.5354135 3.4035006 -0.5259926 -2.0117652
trouble -3.405033 2.3319318 1.947851 -2.9496274 2.2000046 -2.444222 2.7985802 1.893776 -0.83053744 -4.0357995 5.294555 -3.3610916 -6.1710873 0.25559223 -4.203792 3.998231 2.3018625 -0.63756293 5.524965 -2.594905
wish 0.26540264 0.314203 1.9783556 -2.7124987 2.321213 -0.46386942 3.1604261 2.4828815 0.30728844 -5.9788814 4.319607 2.7971044 -7.2532363 2.9775023 -2.3179996 5.0389724 5.2422414 5.962302 0.14099741 1.3723944
surprise 0.27070475 -1.2807654 0.78670084 -1.6958165 3.058027 -4.5061193 2.9679818 6.122379 -0.1982111 -1.2523221 5.649619 -2.7729263 -3.9180737 1.1328123 -4.2750664 2.679691 4.8642645 0.15578751 3.7633176 -1.7232853
hear -1.8654423 -1.0378407 2.2109275 -0.2964395 2.9974189 -4.4490476 4.7779355 1.1465836 -0.8492786 -10.940535 -0.060701113 -0.113192566 -3.2843456 0.38014475 -6.3524046 3.6087222 4.4148817 8.7321 2.4463863 -0.7470951
wasnt -0.56312734 1.2054687 3.2450764 -2.627444 2.5640287 -4.2526174 0.07437363 4.4386516 0.98908406 -5.9897075 5.868883 0.45909387 -5.1355987 1.1690795 -3.3193934 4.1109295 3.7843025 1.7035581 5.467562 -2.335695
talking -1.5345763 -0.8056941 0.5807054 -2.9435942 1.9258418 -1.8725972 6.5713673 2.5493476 -2.3175993 -9.63639 0.010777805 -0.5914975 -2.558654 -3.943906 -3.7604365 3.7195976 1.1929775 3.5189037 2.5658987 -1.9593973
sure -0.76597524 0.2509893 3.6275403 -3.3183537 2.7657676 -2.6685798 3.4258997 1.8266615 -0.7669015 -6.04998 4.8754425 2.9768412 -7.3733582 1.9449372 -4.12775 6.380334 4.7962704 3.8006895 4.676543 -2.0668178
knows -4.011153 -2.9192638 3.0675578 -5.8092585 2.5266023 0.32583442 5.421689 -0.024300653 -2.6607678 -7.2486415 1.0687379 -0.10489824 -3.8750043 -1.4352432 -6.877481 7.4474897 5.021874 5.140455 -1.0358777 -3.398558
feels -4.9640923 1.2674452 6.187074 -5.1171265 2.7433777 2.319427 4.996071 2.8799493 -1.6616639 -5.412309 3.1590161 -1.8625667 -5.695538 -2.8497915 -7.366872 5.780954 3.917062 5.8654943 3.6968217 -4.6440334
loved -3.1559694 0.16121766 0.24700917 -5.3335633 3.6181471 3.325029 2.8105628 2.2919176 2.8073254 -10.295113 5.2386684 -1.0155808 -2.6553705 -1.0037985 -4.1150985 4.279274 4.254079 5.1131854 1.0533478 -4.9994726
wait -0.38991025 -1.1755537 0.07346312 -2.386979 2.5042176 -6.8861837 1.7519302 -0.9095872 -2.431289 -7.0938153 2.9393325 -2.5681648 -4.9684753 3.549379 -4.230414 3.0831256 7.913906 3.0034995 3.5189917 0.61525977
happen 2.0694706 -0.78555095 3.0387118 -3.9078698 0.044242155 -2.8768547 1.263444 -0.58076054 0.7025919 -5.136923 0.97479635 -2.4585574 -6.256367 0.771157 -7.791491 4.912145 5.204393 3.7196507 2.983154 -0.9643058
pretty -3.6275876 2.519386 1.8250228 -5.3041105 2.0577488 -1.7252253 3.0549223 3.2197428 0.25550765 -6.7909656 4.21934 2.796891 -0.9450503 -4.332414 -6.549779 2.3045595 3.3346736 5.096668 6.0498605 -7.6824455
knowing -2.377177 -1.9518323 3.6114714 -3.865833 2.625209 0.029582044 4.778453 -0.5844284 -1.7623198 -4.4007735 2.814838 -1.904034 -5.9050055 1.7864027 -5.5145855 7.277461 4.620782 3.0578115 0.963379 -0.49663395
remember -0.8585469 -0.34780663 1.3176192 -3.0194588 1.8563703 -1.8450508 4.5620623 1.6358826 1.0983727 -9.364133 1.8479587 -0.8022106 -2.521105 -0.66594934 -5.5554175 3.2136538 5.767515 5.1852465 0.9029777 -2.8629117
forever 1.834728 3.4321985 0.69711417 -3.9717088 1.1810567 -3.1739671 3.4048662 4.575271 0.26498815 -4.9212084 6.6590953 1.4312422 -1.3003063 -0.7544071 -5.3433027 0.86165136 3.7453332 5.329769 -1.1799768 -2.282916
theres -1.6147375 1.2756721 2.317079 -4.055602 -0.5724019 -1.5778664 1.3315476 1.8927388 -1.5518165 -6.802777 -0.28590062 1.2170864 -2.4127507 -3.3076649 -10.449728 4.785223 3.2403312 7.329583 4.7447248 -5.936042
loves -5.5338616 -0.11067824 2.4652767 -7.6794295 2.6436365 3.1164489 3.2329407 2.901944 -1.7041496 -7.8672695 3.692645 -0.79604876 -2.60603 -3.517165 -4.621388 2.9831698 5.5375056 5.095499 -0.8664675 -5.106976
angry -3.413986 -0.5056621 0.9372501 -2.870082 4.8379083 -2.2521837 7.42744 3.6201494 -2.0258238 -4.7178373 4.456064 -5.0788302 -6.044962 -1.2202485 -5.2824235 3.2885058 0.4514987 3.868172 1.2676824 -3.3708124
shes -4.2582273 1.8088596 3.5059454 -6.19314 3.9827302 0.08694154 4.980926 3.3149598 -1.536907 -7.58483 5.970405 1.0436918 -4.9295006 -4.679674 -3.9135156 2.403101 5.5860915 4.5660872 3.4409587 -4.4808636
youre -3.4727216 1.425869 2.2228396 -5.276109 3.711484 -5.532905 3.1016142 4.435243 -0.56931 -8.2954035 4.60984 3.125041 -4.805097 -4.410168 -6.367936 1.4497539 5.071062 7.617537 4.686357 -4.527662
wishes -2.325661 -0.10774148 2.5187266 -1.7409979 2.5451329 0.8175358 4.277792 1.7757951 -0.72945195 -3.9450436 3.6781356 1.4628476 -7.1133757 4.2315273 -0.97974324 5.9464927 4.6354733 4.9128437 -2.1385155 1.357354
lets 0.3612059 -0.8789247 2.5194788 -6.06704 2.6454232 -4.4216185 3.783318 3.114908 -5.8845034 -8.477578 2.588475 2.4583168 -3.871256 -3.2102282 -3.6797388 3.1933227 4.97972 6.0150433 3.1635773 -0.5154256
listening -0.4811289 0.123999305 2.757396 -1.2645379 1.2455189 -0.6307283 2.9795299 1.5763062 -0.2828798 -12.2141 -0.25706822 3.0314887 -2.8632324 -3.93469 -4.127552 -0.51921535 2.1128325 4.411366 7.280479 0.30995247
hurt -4.6758327 0.6773238 1.7221248 -3.3262076 2.9303534 -3.590481 1.5012288 1.2854714 -1.1093876 -3.8022542 1.9991417 -6.7546153 -5.2454314 -1.7499639 -4.8107862 6.211194 1.7705325 3.0126867 3.5509312 -3.1625912
liked -3.3388586 -1.4033017 1.6747054 -4.517682 1.63895 0.22785984 1.1707158 4.1266026 1.0276624 -9.908848 1.7299994 0.929097 -1.0209907 -0.54407084 -3.530862 6.1802373 0.20478734 3.0266523 4.373243 -4.2363987
surprised -2.5382514 -2.1946373 -0.3926147 -1.5289764 3.5396929 -2.3265557 2.9984307 2.958033 -0.07145523 -5.9315557 2.9854956 -4.093147 -3.0878088 0.33443627 -4.2025514 5.320207 3.6110098 1.4195446 2.2447956 -1.8564353
yes -1.6115509 -2.7170155 2.845536 -0.6327839 2.7124937 -6.194644 0.43991262 6.0366607 0.10416252 -5.674712 0.17310567 3.050959 -5.5261855 -1.8117552 -4.063427 0.83202314 1.3301754 5.539749 0.8392082 -1.948351
couldnt -1.1848168 0.430564 3.0856738 -3.85142 4.5203705 -4.1692004 1.830674 2.0659947 -1.5832736 -7.0255976 6.573506 -0.41680184 -6.238125 1.287749 -2.8783205 5.491816 5.5544324 3.2313857 6.0697603 -1.1837703
isnt -2.0388136 0.22607231 4.3536777 -4.7386627 1.0375805 -1.4827337 2.938207 2.2338889 -0.659461 -5.5590086 1.9305725 3.2328725 -4.4798207 -2.455915 -7.683048 5.845941 3.604974 5.049439 3.897245 -4.8168325
listen -1.2087908 -1.4066807 2.701201 -2.7309833 2.3194425 -2.1273365 3.2252946 2.5516136 -1.2741371 -11.852212 -0.28149992 1.4443749 -4.1781907 -1.484737 -4.8982353 2.3477724 3.1878464 7.8429337 4.462216 -0.08959332
realize -0.098589145 -0.8132518 3.0444 -4.8484654 1.7380072 2.1371365 3.1115549 -0.14105085 -2.0843694 -5.8595147 3.281422 -2.6173766 -4.5589256 -0.41096145 -6.01493 8.101784 3.8273659 2.6689837 2.8233407 0.17647402
wanting -0.38571012 -0.27383846 1.4558626 -3.0381327 3.3743615 0.002067898 1.7410345 1.8373382 -2.0799844 -6.524092 4.9713783 -0.6419247 -6.1772814 0.09026088 -3.8718479 7.244079 1.6307274 3.2707825 2.9479582 0.85594994
listeners 1.3456734 1.2881181 2.5774472 -0.16293648 1.7974584 -2.737655 2.828239 4.4285316 1.2971742 -9.402936 1.1635427 5.2612576 -9.949315 -5.0375056 -3.5573175 -2.1095073 1.5790012 4.394661 7.426928 -0.587083
luck -3.512822 1.771741 0.32155785 -5.0730643 2.3339214 -1.0075219 1.0461061 3.5958724 -0.36790416 -2.0190535 5.993577 0.20037955 -3.146459 -0.8027885 -3.4934661 4.325286 6.0618954 2.5733726 3.603817 -3.5851552
instant 0.7499568 -0.2075353 1.7721807 -6.5977097 -1.0075957 -4.15756 0.27592272 3.7707162 -0.8101935 -2.3303585 0.8142343 4.654505 -4.4947295 -1.8883685 -2.9325294 0.96888185 2.4778128 2.9283214 4.9255724 -0.06788541
cry -0.17456111 -0.85535413 0.7679612 -3.2620351 3.927879 -3.6739516 4.868052 4.2858467 1.3853643 -3.512853 4.5003905 -1.1348627 -0.103914864 -3.862985 -7.4190784 -0.8929364 3.5812237 6.09487 0.99274457 -2.4602468
expect -0.19762285 -1.9641114 1.2263254 -3.1924314 1.2403957 -2.4156792 0.14991595 -1.3497696 1.8248669 -5.9039454 0.04896469 1.10827 -6.0554566 0.51789314 -6.3617377 7.163396 3.6165597 4.879535 5.213855 -0.8041202
guys -2.0196936 2.9682777 -0.6078172 -3.8222396 2.8021631 -2.5260103 4.5382347 3.883662 -2.3385658 -8.545066 3.8558996 -0.6352883 -2.6451056 -3.5986128 0.2850181 1.8199459 3.316757 3.2942514 4.8989615 -4.550189
please -1.1882299 -1.646057 0.9911262 -3.169236 1.2222478 -3.382392 3.07462 2.6883173 -0.55984247 -7.129264 0.14162594 4.5620513 -4.5658545 1.2614237 -3.626396 2.8879275 3.6849701 7.138193 0.36655742 -1.1507821
theyre 0.4292957 0.8832835 1.1417364 -4.245602 3.2871165 -1.7523556 5.1974406 1.0082083 -1.9815027 -7.230939 3.7679157 0.76570183 -6.0618978 -2.838528 -5.514117 4.6312256 2.399288 5.8616138 5.721768 -3.9787354
stuff -1.8188765 3.9732354 2.960336 -4.616383 0.7862616 -2.7323196 4.1510034 4.251693 -1.1637317 -7.213569 3.8630478 4.199063 -1.9986033 -3.431494 -4.7041626 1.5287786 0.886648 4.880676 6.4391036 -4.609849
nobody -1.3185612 -0.07570217 2.8667274 -3.5324361 3.6422255 -3.700563 4.2309203 2.6835523 -0.4826834 -6.494529 6.1508236 1.6139646 -6.6381874 0.9438592 -4.782294 2.5848851 4.086511 3.283414 1.0063393 -2.7757318
wont -1.5800042 -0.040691044 3.4925349 -4.935227 3.036731 -5.252535 2.6392736 1.6480653 -2.5287664 -7.623847 4.1323028 1.3809997 -6.417516 -0.18516944 -5.9914265 3.9222772 4.9545107 5.8459897 2.7197468 -1.2516366
afraid -3.3657901 -1.2761865 0.77303356 -2.004551 4.989911 -1.1289011 4.6971784 1.2237703 -0.33900663 -6.189611 4.354402 -3.2644598 -4.8010607 -1.0897428 -6.8078375 5.3810368 1.5045052 4.8891335 1.4160062 -0.521693
everybody -1.1326206 0.74285525 2.742736 -4.2329555 3.2958202 -2.1030433 3.423123 4.0814424 -1.9746609 -7.1029277 5.129643 2.2462 -6.410913 -1.981538 -4.1050286 1.7242416 4.478224 5.2565536 1.706199 -2.7326918
absolutely -1.6015106 0.9438107 4.6165643 -1.3338556 0.37908122 -1.4254845 3.0512707 3.8988616 1.6631035 -2.2017648 1.4733645 2.3052914 -4.063753 0.5054972 -6.043351 5.687451 2.4309547 4.6478763 3.260403 -2.7470226
maybe -0.36608544 0.12771322 3.440101 -4.1983123 2.2137184 -2.1328814 1.0937384 0.7464771 1.8539841 -6.260236 3.6143484 0.7919392 -2.8500395 -0.78535736 -5.9249783 1.836242 3.6243865 4.8216324 3.2325602 -4.1396966
disappointed -3.7680175 -1.092866 2.2778254 -2.105503 2.1216433 -1.7445687 -1.4904381 4.828567 1.8833691 -4.9453077 2.3078752 -3.369499 -4.326348 0.7424958 -4.742782 6.2000794 2.0596383 2.1436248 3.4184709 -2.0065181
happening 2.5436914 0.5485439 0.97442144 -1.6421125 -0.38051885 -0.12758154 3.191269 1.9152901 -0.3756506 -4.7554536 1.7727664 -2.562842 -5.0442805 -1.2847271 -8.312361 2.5415843 3.4753504 2.4093237 2.3835506 -0.043605845
wouldnt -0.72953784 0.33237946 2.7285776 -3.3276818 3.4354842 -5.1315594 1.4934572 2.486433 -0.9065657 -7.5147347 4.9523234 0.8657189 -6.447384 0.13760626 -4.5613856 5.5365376 3.5072737 4.160185 4.1129284 -1.1525223
definitely 1.0750873 -0.06370679 3.966277 -2.459556 1.6388687 -1.1652898 0.09007437 3.3920817 2.0502062 -3.3413665 4.029173 2.2698965 -3.636823 -0.38579062 -4.8909073 2.4680114 3.2396998 2.680649 3.0988917 -3.808238
tomorrow 1.01361 -0.25615612 -1.4381715 -3.525053 -0.41422513 -2.5874505 2.4808195 5.130065 0.45145857 -6.8488193 2.8456254 2.5935545 -1.0963255 -2.7547066 -5.602737 0.8884282 3.8501337 1.8292897 0.08377131 0.10966367
forget -2.393418 -1.3321354 2.2488666 -5.8361626 2.223143 -0.80772567 1.3287057 2.301553 0.4340354 -6.9811735 2.6454706 -1.9920635 -3.4031892 0.12546329 -6.778461 3.5906 5.3731246 6.586713 0.71154815 -1.089124
goodbye -3.5248263 0.5223958 2.0836687 -4.9834437 1.972295 -6.061306 3.3691227 4.930922 -2.0812194 -8.379012 3.896791 0.7009606 -0.83809537 -2.0317533 -5.803602 -2.0256972 6.8103995 5.2676973 -0.88298935 -2.9337409
pleased -4.2822356 -1.2073077 1.9332988 -2.3748171 0.9081198 -1.0761731 0.43186304 4.75904 1.4135454 -5.7268205 1.850422 -0.11502272 -3.0783014 2.9897683 -4.1853456 6.5433517 3.6849177 2.869757 1.659936 -1.0175872
tired -2.8564832 1.0625066 1.1117511 -2.3622744 4.7849636 -0.21379831 2.2869923 1.5272121 0.27930132 -6.4739885 6.6639175 -3.9287224 -4.501061 -0.63371456 -4.865155 2.3170228 2.1266134 1.9121753 6.0567527 -3.0797174
imagine 0.23915842 -0.30657855 2.0900235 -4.2956696 -0.25141624 -0.90613866 1.8661472 2.7972462 0.102812655 -6.0725884 0.7887083 2.2293692 -0.56786484 -1.6290959 -5.585502 5.2009273 2.690373 4.5381904 2.7753394 -1.5175036
confident -3.04661 -2.4368832 2.1281657 -1.9932863 3.3782463 0.11979235 -0.3191774 3.9117243 1.4319924 -3.3090513 2.5909011 -0.30378836 -3.044683 -0.35719326 -4.104521 8.636027 2.5529516 2.8999486 6.6621814 -1.7501614
nowhere 0.73407465 0.73184353 1.6646456 -0.77032995 2.7912636 -1.2626207 3.4261591 0.06683997 -1.7757883 -4.9482455 6.9972825 2.395558 -2.5463567 -0.73995966 -7.579851 -0.37942338 4.5845737 0.94695365 1.1041005 -3.569198
anymore 0.7588796 -0.611337 2.974642 -4.1484804 2.7233493 -1.7655724 1.1725863 0.733744 -2.0553412 -6.609916 3.7428706 1.0514483 -5.703792 0.19024616 -3.7302792 1.972328 2.7102427 4.682236 2.331277 -0.29406145
letting -0.3470406 -0.8517463 2.5438561 -3.335713 2.8753693 -2.168953 2.5344155 -0.76295227 -5.1226587 -5.0175343 2.1644485 -1.1953073 -4.3314586 0.68270004 -3.86605 6.405667 3.1927683 5.163007 3.307078 -0.0017480445
anyway -0.42643708 -0.17034814 3.3469167 -2.0861485 2.6009736 -4.2188663 2.7396922 2.1573932 -1.666954 -4.5577455 4.7625213 -0.012117636 -5.384237 2.3412807 -2.7300699 3.6214743 3.447011 1.2664258 2.3714747 -0.75728756
thank -3.172372 0.104464486 -0.34888756 -3.2558427 1.3493032 -3.0847268 1.974026 6.017212 0.4925104 -7.0895743 1.5663186 0.6833585 -2.9310281 -0.30619857 -3.6811504 2.1369119 4.6564584 7.4709563 -1.0243444 0.78162664
somebody -2.5678377 0.5449209 4.501422 -4.053357 3.499573 -4.1270304 4.5568147 3.2473254 -1.6395698 -7.2188735 4.9633913 3.2695713 -6.271898 -0.42970526 -3.9709222 0.9202272 3.8537605 5.3466077 1.9261979 -2.1333416
weve 1.0538088 1.7050731 3.2266798 -3.056745 2.6276164 -4.2512817 1.4385716 4.242522 2.2628555 -8.937827 6.759523 3.6109161 -7.1171093 -1.5612723 -5.3845205 2.8990092 4.2429543 2.1878734 6.699603 -4.1367188
hed -1.1486566 1.7384101 3.7169852 -2.8449085 4.265269 -4.808429 3.3293157 3.1153855 -0.23668933 -7.328151 7.225474 0.31912014 -4.7182813 -0.03409082 -0.48165745 2.1280353 3.3797758 1.3602773 2.947361 -1.5582342
guess -0.2854108 -1.932676 3.4737518 -5.1847615 2.2876356 -4.833063 2.0295277 1.2450428 0.14800072 -6.4272857 1.1748949 3.2387598 -3.6562095 -1.1229827 -2.1394885 5.100395 4.6171603 4.3847632 2.179945 -4.4975524
laugh -3.0323217 0.92665094 1.0417645 -4.8963437 1.8147997 -2.3802567 6.1000366 5.1653566 -0.8514894 -7.2783456 2.6582875 0.5451506 -3.2835324 -2.542175 -4.871666 0.8683764 3.777342 4.5526567 5.1926966 -5.424015
decent -1.8964511 0.90642166 0.022155933 -3.4718797 0.24064168 0.62503743 -0.55693537 1.4206225 1.1329741 -3.948816 1.1773096 1.6803484 -5.0361724 -1.0182043 -3.1749847 5.1375 3.7848122 2.5363073 6.2928987 -3.8147078
fool -3.5148466 -0.76043344 1.6327327 -4.960368 2.5416367 -1.5986791 5.1001463 4.4513254 0.0057127406 -4.4227266 3.949633 1.6905222 -0.5416606 0.04016827 -3.8407345 2.3378463 2.0608091 4.2979107 0.66494703 -4.129573
sorry -4.919161 -0.97147155 3.1541488 -3.157984 3.0014098 -5.0624337 2.0139573 4.4429245 0.44339222 -7.07668 2.627182 -0.05575619 -5.539314 -1.2672048 -6.4774394 0.32730037 3.7515864 5.210982 1.136062 -2.4732563
listener 0.043415233 -0.15633638 6.0406294 0.4596101 1.318219 -0.6325653 3.8691626 4.3285832 -0.34956115 -6.909642 0.19771837 5.830087 -4.9563007 -3.4460502 -4.5981956 1.0010455 3.6074445 4.700686 6.3966103 -0.9418453
werent 2.0893846 0.05143472 1.1628227 -2.8962917 2.5954747 -3.0510626 1.6916977 1.2777426 1.8560932 -6.9840403 3.6711662 0.11532892 -5.8903613 0.6920269 -2.3493114 3.9237783 1.1415443 2.6117713 5.5203476 -2.706955
happily -3.2468312 1.220978 0.9389807 -5.583335 2.8742378 1.9303557 4.0801597 1.3561167 -1.2621638 -8.387352 6.4069023 -0.81858295 -5.4515886 0.3604338 -2.489341 0.7296524 6.910813 2.2818625 -0.9970733 -3.5930762
worry -3.4225006 0.61898357 3.2300515 -3.4808683 1.6721301 -0.48174694 1.899367 0.23100656 -0.35102558 -5.002952 2.093888 -2.288895 -6.5540533 -1.0286492 -6.212435 4.4589195 2.369177 3.2339911 3.437053 -0.37004504
dare -1.7519594 -2.0282533 -0.67383224 -1.6249453 2.8350828 -2.9681463 2.395261 3.3121483 -0.9668147 -4.492539 2.4308565 1.5386021 -1.7833569 -1.3897905 -3.643329 3.2757714 2.1771233 3.5435498 -0.1468917 -0.4201945
replies -5.4395533 -2.3505325 4.418681 -2.6823995 2.2277062 -2.645032 6.19968 1.5005369 -1.9513483 -6.1588764 0.27529517 1.0496361 -3.5529387 0.64197665 -5.1803536 4.430334 4.1318374 4.565871 -1.4718102 -2.5764194
arent 1.1847996 -0.9854313 1.9654747 -3.895907 1.8623672 -0.5414123 2.563354 -1.0385456 0.39220586 -6.5420966 0.7773223 1.6504165 -4.65693 -1.5396764 -3.697515 5.049806 0.6606569 4.435989 3.7531142 -4.4791083
uncomfortable -3.1777484 0.8387441 3.0727875 -0.5109473 2.46548 1.3830434 4.1353693 1.6107558 -0.18654838 -6.0600266 1.3345052 -2.0306919 -4.740105 -1.7214829 -4.2885556 5.0221877 0.88986135 3.1613696 6.5166492 -3.2150555
anybody -1.8097003 -0.14612958 2.6101797 -2.4987836 3.28119 -3.4866033 3.3402042 2.3502367 -0.37383854 -6.1416144 4.0637293 2.167665 -7.3451967 0.7269715 -4.0648623 4.2763176 2.3511531 4.9782495 1.6411833 -1.107844
youve -2.8587954 1.1221997 3.3661191 -4.6987596 3.4655879 -5.620299 3.378658 4.471489 1.3153976 -8.355735 6.9718757 4.5417523 -5.431037 -1.0303723 -4.973906 0.0061227814 5.348322 3.8036673 4.540265 -4.695268
gotten -3.328704 -0.32330498 0.5565632 -4.2112036 1.8544272 -2.9972925 0.29720977 -1.224043 -0.7225389 -6.77351 0.98889595 -4.094753 -3.2109265 -0.70850813 -4.7963033 4.7535496 1.7688799 3.0276082 2.631397 -1.5985242
listened -1.7281132 -1.735223 0.7039282 -1.0147917 2.0765855 -1.3003583 0.5573953 1.5887885 2.055165 -11.2340975 -1.3618429 -1.9280915 -1.3253834 -1.9487767 -2.989864 -0.6491181 -0.15901816 5.072556 2.3575678 -0.23129179
stupid -3.890667 -2.5066147 1.8833382 -4.3582954 3.48388 -2.4338243 4.796531 4.1071386 1.617798 -4.7594786 1.7989104 0.8613991 -3.9865928 -3.2592661 -6.63681 3.3289304 -0.40721163 4.9910207 3.08334 -4.683297
refrain 0.8596567 -1.9835304 3.744982 0.009996158 2.2996 -1.1594796 3.863214 3.4582467 1.0429667 -3.1726813 -0.16584964 0.46475124 -4.09751 1.4900935 -3.1984336 -0.3694816 1.106911 7.233286 2.198075 -0.33191076
realise -2.490028 -1.0314611 1.8553281 -4.132847 1.0743791 2.6312757 1.6029499 1.4322553 -1.5179392 -4.5173874 2.9005866 -1.8892528 -4.816797 2.0929365 -5.5244656 5.9370303 3.7740018 2.3862216 3.3369808 -0.602434
youll -1.764271 0.90834886 1.8473983 -5.5802526 1.7619092 -4.32722 1.4313245 1.3878233 -1.1117435 -8.246198 3.6573195 3.0563493 -2.4978411 -1.1811714 -6.8229203 2.5441136 5.9582024 6.796873 3.255308 -3.783185
hasnt 0.08634915 1.0802947 3.7230988 -2.9196956 1.9282947 -2.6697686 1.8112249 2.1354299 1.4957459 -6.163044 5.678818 1.9030342 -6.0286517 0.08295781 -3.5902166 1.5327209 4.16592 0.40281144 2.1399205 -2.2455893
surely -0.31099465 -0.35044882 3.3336532 -1.1227365 1.6923734 0.6160955 1.2277598 1.1925249 2.3455777 -3.0204954 3.556474 0.93002313 -2.8000405 2.3518634 -6.406881 4.4560685 4.006851 4.341258 1.5819441 -2.8892286
theyve 2.294515 1.8057935 2.2635238 -3.3476532 2.792075 -2.4026792 3.4239738 2.6543698 1.1385301 -6.7075267 7.2233033 2.3234422 -6.184784 -0.28013796 -2.9917576 1.8338891 3.1582744 1.759118 3.9903324 -2.6356936
delighted -4.5208335 0.18968709 0.18801546 -3.0630293 1.3658522 0.9011407 0.7384651 4.7739973 -0.027490333 -6.8375363 3.6663685 0.04616846 -2.20621 2.0755222 -2.5321777 5.220008 4.0368953 2.4640362 1.2617462 -1.8508149
glad -3.5276778 0.0142838685 1.9111149 -1.7241732 3.2963667 -3.2126355 1.2790285 3.4238904 -0.02782897 -7.2770853 5.1300864 1.3974786 -3.5256116 1.3368411 -4.4385767 2.090831 3.7609675 4.6123643 -0.49171147 -0.7712615
forgive -5.1949105 -0.552112 4.64533 -4.610806 2.7766993 -1.4043862 3.2337906 2.2371476 -1.1010975 -5.2063975 2.844316 -4.144835 -6.2682033 1.7705657 -6.046957 4.3932195 4.4991217 6.676686 -2.714503 -0.9107338
havent 1.0952848 -0.09281691 2.8301585 -2.7985117 2.9139342 -3.892995 2.383225 2.9597363 3.1132755 -7.7248483 5.790254 3.0559058 -6.497052 -0.08506813 -4.4230757 1.5126908 4.120776 2.3575509 3.4364839 -2.9795551
shit -1.872207 0.39486364 3.0477703 -4.9117174 3.041734 -4.392398 3.5094168 3.7124507 -1.4472232 -5.041105 3.8578131 2.1948872 -1.8321549 -2.2468352 -5.4881706 -2.0116625 0.8445453 7.0843315 2.7259207 -2.1589594
pretend -1.9911301 -2.4072692 1.3201979 -5.1026773 3.1187928 0.49500495 5.1645947 0.7211341 -2.8229692 -7.1849413 1.8737779 -1.2259207 -4.131095 0.30217648 -2.2626586 5.313245 2.113118 4.6478367 0.04036334 -1.1457682
damn -1.5720705 1.6743586 0.19530126 -3.191374 1.6341398 -4.9949956 0.759286 3.8601043 -0.46221972 -6.735471 3.4842515 1.7260205 -0.42946336 -3.4133372 -5.693339 2.1463006 1.7989395 4.828061 1.3812587 -4.3043456
aloud -1.8325757 -1.706881 1.8402066 0.97430277 2.5932467 -2.7315013 6.1939287 2.9039042 2.083926 -11.1156025 -0.78594863 3.198255 -0.85192084 -0.2792258 -0.9550384 0.10287633 5.104353 6.743781 -0.6145276 -0.5792408
pity -4.450586 1.0823488 3.2183652 -2.257965 2.3123646 0.802558 5.927553 4.9616227 0.9071862 -3.2670102 4.9008694 0.9230145 -4.5695033 0.34849685 -4.4413786 1.192497 5.051257 3.0925872 -0.40327358 -2.7030873
forgot -2.8993654 -1.1395735 0.5061521 -3.6428435 1.4255804 -1.879489 2.1075475 0.86658454 -0.26462784 -6.6900706 1.7882241 -2.2275543 -0.7870124 2.5573046 -4.5799146 3.0589712 3.109374 3.9311736 0.6189701 -1.2582104
regrets -3.873228 -0.25515345 4.604552 -2.8586755 1.4648906 -0.55564874 2.3505874 4.280595 0.8306545 -5.2782526 2.263136 -3.4496357 -4.797793 -0.09407144 -4.8938813 2.4815023 3.1710281 2.4324236 -0.47352138 -0.89809436
hopefully 1.9722558 0.76622254 1.4956163 -2.9949434 0.37070024 -0.2748139 -0.18572171 1.2856388 -1.1133777 -5.0780315 2.9278445 0.05310345 -3.777256 -0.3440549 -5.3964124 4.800148 4.330991 3.3877215 5.026988 0.92766523
shouldnt -1.1461086 -0.49878657 2.1469595 -2.499909 2.3071876 -2.3468149 3.0334406 1.6042134 0.40494627 -5.6806192 2.265546 1.4777595 -6.5221252 -0.91244835 -4.783618 4.7245336 2.6587617 4.3408546 1.8094591 -1.070777
hurts -3.3560917 1.6842598 3.6561053 -4.117392 1.4979677 -2.1377668 1.1336282 1.6385777 -0.066446155 -3.8640459 0.9574009 -1.5568893 -2.1501951 -4.103162 -4.8616934 0.11040787 2.199776 5.8068185 1.8641064 -2.0469854
ashamed -4.9965234 -0.8820308 2.3137522 -0.90784836 4.48863 0.4874607 4.3376846 2.448022 1.1183041 -5.1613717 3.6311846 -2.0966828 -5.9582305 -0.1577202 -5.4858932 3.4155993 1.682949 5.2273116 -0.40988484 -1.7497036
fucking -2.4426725 0.6892958 1.6674702 -3.9166057 2.7701387 -5.142897 3.1277497 3.91467 -1.1720587 -5.6019726 2.7563798 0.0918941 -2.405781 -2.5364487 -6.583333 -0.84994686 0.08941688 7.550722 1.901202 -2.7717645
someday -0.57815516 0.2191328 2.1242876 -4.8555 1.8393099 -1.5383484 -0.058926716 2.2858222 -0.4300515 -6.748944 5.127196 1.3217844 -1.7414829 -0.99928725 -5.2235703 2.3593774 3.0244558 3.9407716 -0.17729615 0.7702773
theyd 1.0342197 1.1553019 1.6334615 -3.5389304 2.9005702 -4.9399104 3.0078778 1.5559024 -0.22886935 -7.7013593 5.861652 0.86501217 -4.613978 1.5478152 -2.5228922 2.565648 2.6518552 3.2528296 3.2422712 -1.3248535
thrilled -2.9224153 0.7424157 0.55521876 -3.4273686 0.992515 -0.8855646 0.5515928 4.8602796 -1.5304244 -8.231797 2.8804624 -0.80944717 -2.6339636 -1.8052921 -3.3357708 4.703379 4.46335 2.2952406 1.1732644 -1.2737381
wondering -1.3225906 -0.15876634 2.2626915 -3.0980253 2.085522 -1.1123469 3.8685253 1.1547554 -1.2988294 -7.285896 3.1644106 -2.0457768 -3.0563245 -0.30629122 -6.4021387 3.7361922 3.9749203 3.6664517 1.0499191 -1.9771689
honestly -2.7490861 -0.76993036 3.0665224 -1.7233994 2.120169 -1.2675943 1.5839288 3.2793233 2.1708133 -5.5006166 2.140716 1.8577298 -5.968841 -0.45573723 -4.9641333 4.9837866 2.134271 4.4189353 1.634438 -1.4642644
laughed -5.2303386 -1.0144582 0.7127301 -1.2671824 3.2300003 -1.8983908 4.9549546 3.380177 1.1337022 -6.3346224 1.5880009 -2.6482425 -2.4722989 0.36597958 -4.4920073 1.7381347 1.7604053 4.638925 1.8206785 -3.2651095
youd -2.5961378 -0.058189336 2.3519905 -4.0418553 2.422002 -3.1262543 2.5096004 1.6562338 -0.5536684 -8.082843 3.7229946 3.4239593 -2.4645386 -0.7580697 -5.462793 3.0902438 4.020372 4.712526 4.4730906 -3.1810331
bother -2.3616512 -1.2210618 1.5576726 -3.184237 2.2871811 -1.9625195 1.9108415 -0.24791022 -0.12746035 -5.6408124 1.4471613 -0.75909096 -3.3330405 0.6160268 -4.4898114 3.6230307 2.1000612 4.3758817 2.5565712 -1.6560029
theyll -0.3690955 -0.03902431 0.2540465 -4.7060375 2.3261554 -3.7073362 1.7808626 -0.6924292 -2.8479445 -7.19927 3.306065 -0.36193398 -4.441698 -0.40039557 -5.299011 3.9064581 4.6225595 5.201454 2.0496054 -1.1562264
anytime 0.6503618 -0.35221753 0.5405587 -4.026622 -0.08607729 -4.2608376 0.6186752 -0.88938063 -1.1598222 -5.5309772 0.3821558 1.1558462 -3.6854866 -0.83337885 -3.915811 1.3349446 4.6875715 3.5227041 2.1711297 2.7009535
happier -1.4847375 0.7884143 2.4412916 -3.9034796 1.1031835 1.9955751 -0.92120886 -0.0055078953 1.9205765 -8.020617 3.191257 -0.070176244 -3.6472316 -0.79028916 -5.6981654 3.7854567 3.9428294 3.5332446 2.1652935 -2.6176696
excuses -2.5363588 0.6308057 2.9331512 -2.3969746 1.2872752 -1.328898 4.8399587 3.1150308 0.073656395 -3.4752247 2.1177554 -0.71520674 -6.518533 1.8143417 -1.7654583 3.826229 2.8015554 2.6294763 1.5152804 -1.6107936
joking -3.2102377 -0.978252 2.0825746 -2.1883469 1.6495279 -1.2212366 4.4053135 2.8109663 0.86895 -5.654182 0.07986677 -0.89019966 -3.251758 -1.525547 -3.6609163 1.9916543 1.4446286 2.7627487 1.9385498 -3.6527941
kinda -1.4727628 -0.44794098 2.3176734 -4.434833 2.882329 -2.291445 1.177842 3.1934402 -0.8521761 -5.4119153 3.694312 1.6590029 -1.7723229 -3.456083 -5.5880585 -1.8283957 1.5860152 5.530221 2.7695434 -3.521472
gladly -2.4770284 0.6469281 1.8183609 -1.3471185 2.8552155 -0.6843026 2.4419417 2.3694274 -0.08378712 -4.972511 5.768109 1.3952681 -3.9583516 3.4852078 -0.9070392 3.1204402 3.9059036 3.1755035 -2.0681665 2.4996328
politely -4.608471 -1.0496285 2.4100337 -0.3542204 2.863646 -0.9541061 3.1913943 3.9031653 -1.1336107 -4.7603307 3.4905367 0.5795102 -4.6180882 3.5434475 -2.0117934 2.9938023 3.0664299 2.9836037 -0.274996 1.0832351
crap -1.6159154 1.0124661 1.6775943 -4.0829124 0.10191288 -3.8153229 2.0215127 2.3685474 -0.80629313 -4.4481792 1.7389616 2.0740263 -1.5325164 -0.80009747 -4.85584 0.5134025 1.1300519 3.4737165 1.5702405 -3.5382404
itll -0.99954975 0.9672384 2.557473 -4.062544 0.33275202 -2.8224537 0.5894736 1.6825546 -1.0705947 -5.658104 2.093989 1.0339062 -1.9208055 -0.7483715 -6.482324 0.94130456 4.0749245 4.724057 3.7792213 -3.1330018
somethings -0.8966 0.8353307 3.9974751 -3.1672626 1.5179659 -2.9700634 1.0231885 2.2928753 -0.529216 -5.108724 3.7212431 1.9294832 -2.3081555 -1.7789633 -4.0411077 -2.3836691 4.33835 2.9769745 1.5431879 -1.2813795