Centroid_81 1.2878663723826527 0.6391439654438777 -2.3414297654744907 -2.6746542193469396 -0.6327054974540813 2.635864542346939 2.628943023790815 3.5061242169081632 0.5211091053979593 -3.7581091572449 0.5163466730765309 1.1309716826020408 1.0848531689336738 -2.01345185720153 1.9558284301326534 0.25406475598469397 0.45422140338520434 1.8262840512193874 1.4727422350714279 -1.474703874744899
popular 4.2476687 -2.7986467 -5.546388 -3.2373464 -0.29672816 4.408565 -1.3266912 2.6718216 3.5175471 -6.0493536 0.058762692 5.082115 -0.6237198 -3.3538356 -2.9708335 0.050127503 -1.6322365 3.285604 4.1479115 -4.4349866
famous 0.47641048 -2.9937055 -5.068176 -3.5744698 -0.027660195 7.3678703 1.4177148 1.9214766 2.529956 -5.0880685 0.68010396 0.897682 4.805914 0.14937116 0.2634598 -0.9407339 -0.6313562 1.5408648 -1.2536545 -4.761845
notable 3.909027 -0.81103766 -5.202676 0.062120877 -2.2801049 3.9261603 -0.7466654 -0.64258665 4.5403943 -4.9621596 -3.939721 0.6305755 1.9568523 -2.5110083 3.211638 1.8428493 -2.3254118 0.31443286 -0.054131333 -6.030571
alongside -0.60475296 -2.4303532 -3.000736 -2.9899435 1.3022199 -0.8962942 -0.12031191 4.5050883 -2.1187997 -3.6370375 0.4224609 -1.8053193 3.617745 -3.2365441 2.7066011 0.3477752 0.15462552 -0.5446072 0.3684452 -2.0617068
boys -0.14738142 2.6685357 -4.9232717 1.829495 5.5112653 0.6314388 3.0204604 0.50504917 -1.593454 -9.017499 4.2322116 -0.1917697 -1.540629 -4.0724626 5.8340497 0.1113947 6.0616817 4.4262767 2.7022927 -3.7086499
performing 2.3821387 2.1164465 -2.32195 -1.7104683 -0.9069468 2.833728 0.04976538 4.044077 -0.31103304 -10.245647 -1.3146071 -1.3669283 3.148318 -5.306769 2.7785068 -0.15755625 3.0354707 3.7715833 5.6664824 2.0812848
fashion 2.0550377 2.8146396 -1.9125594 -5.611453 -2.581041 4.3880095 2.2826762 6.725603 0.997139 -5.952259 1.6763555 5.856683 0.30834895 -1.9133677 3.3764944 1.5917509 -0.8221773 2.0409503 4.60462 -0.5233703
regularly 4.758633 1.8101892 -2.9090688 1.171084 1.0800319 0.4333073 3.4499972 2.5880413 1.2655611 -6.744823 3.5680976 3.4103696 -4.4558754 -1.497467 3.855302 -1.2948052 2.8460903 -1.0212494 3.636031 -0.49407223
wellknown 0.41245 -3.140361 -2.7843418 -2.4067733 -0.031940475 6.455043 0.2863736 0.47998565 3.8477924 -5.6655254 -1.6681422 1.8385245 3.206092 -2.1658475 1.9388552 0.58932793 -4.971517 0.8953867 -0.42527753 -3.5793953
dancing 1.7086133 1.7734896 -2.5622036 -5.317212 3.0002959 4.5512676 4.48495 5.655561 -1.0914308 -7.4815335 3.2714694 -0.15143205 2.8789165 -5.7373414 3.3234859 -2.2241735 6.6628213 7.1653566 5.3510065 -3.0397143
renowned -2.576732 -2.96453 -4.3470078 -2.5773535 -0.22808994 10.984537 -2.1524239 1.3354963 3.803397 -4.1607866 -1.389715 0.5109644 6.1288714 -2.9477763 3.4793317 1.4857382 -2.805911 0.4787917 0.03074188 -0.84636015
legendary 0.36482862 -3.7440665 -2.8432596 -3.5814097 2.8471694 2.962916 1.6846993 4.7525916 1.0887505 -2.1029603 3.3981974 0.8613215 5.707807 -2.9098494 -0.09578168 1.0747206 0.15861222 1.7255464 -2.2983296 -4.013382
highlights 3.733618 1.8485456 -0.9938911 -1.5936029 -4.06868 1.2220786 -0.7222267 3.8264456 3.903675 -2.6412332 -3.8092399 1.3977659 0.9146578 -5.9339175 0.3067147 1.5503807 3.1175873 1.0703101 2.8410037 -3.4372048
presenting 1.2640138 -0.72149915 -1.2567035 -0.5833751 -3.115306 1.3520123 1.9624655 3.5666454 2.6916463 -5.1153035 -4.770696 0.432165 0.3224499 -2.1787071 -1.4106977 3.6731715 1.4797208 2.4162138 2.2688043 0.3577017
circus 2.2128549 3.4764056 -5.3910494 -4.4793096 -0.3772326 2.2035773 5.1797056 5.4568834 -3.6851301 -6.8481913 6.0398054 -0.20419848 4.624024 -1.4145054 1.6597415 -1.3318056 0.6642878 0.05882196 1.163893 -1.0980955
costume 0.01282131 1.6624261 -1.6818445 -4.802459 -1.0252883 2.8590405 10.013472 8.625058 -1.4481648 -2.7702327 1.1500548 3.7809997 4.651026 0.0075241025 5.1194086 4.4838715 0.8305264 3.6887221 3.258488 -4.062285
dancers 3.8187344 1.1257873 -1.4294335 -3.906982 3.3126855 5.4186635 6.513703 5.4340925 -0.5822379 -6.427017 1.9647763 -1.13671 1.5028815 -3.6388626 8.084991 -2.6190374 3.1925333 6.3626013 6.741619 -2.4498744
dances 5.635331 0.47992346 -2.8320825 -2.3601127 2.302196 7.693334 5.23849 4.5450463 0.9697974 -5.6183605 1.2406267 1.4247983 0.89116865 -3.0069764 3.7974892 -5.2025905 3.6707087 8.950654 3.329579 -4.9852037
pioneers 3.0616689 1.7528498 -3.6125722 3.467201 0.98587346 3.723836 0.11845079 1.4821347 3.4750037 -3.1939983 3.8686543 1.8658999 2.9258661 -3.6815765 1.7442571 0.17966329 -3.7913215 -1.9933053 1.634272 0.38112235
guides 3.111345 -2.1059806 -6.619444 -0.57386243 -0.70421565 1.7073894 6.2315006 -0.45684502 0.96983474 -4.930871 -0.6819797 6.3717647 -0.653441 -2.5383325 0.86563593 3.8049986 1.4335775 -0.3736541 1.1016121 0.70009154
showcase 5.2460294 3.0726807 -4.114126 -3.9441378 -3.9842186 1.6686399 -0.9047711 6.892412 -1.01473 -6.2531323 -0.69597214 4.0794854 1.4470154 -5.2917767 0.5240146 2.4840171 2.0538347 3.7944624 4.4005184 0.6821834
costumes 2.161636 3.2899654 -1.9825555 -6.421239 -2.5129173 5.942385 10.005422 7.3840103 -0.19438839 -4.101758 0.41650534 2.3648546 3.4653573 1.5963426 5.6839232 1.3057545 0.11285194 5.0421743 5.57036 -5.024021
icon 2.729652 2.2811773 -0.8948262 -1.539414 -1.2229441 3.095476 3.1516273 7.640144 -0.47953132 -0.4526407 1.3099477 4.232505 2.2743127 -1.5129151 0.87621796 -0.27321878 -0.42691076 6.121586 -2.177173 -2.193899
iconic 3.871351 0.7538895 -4.2021213 -3.175388 -2.520761 2.8112314 3.0397904 5.151021 -0.786726 -2.647818 0.34520194 3.7003195 4.5615273 -1.69189 -1.2530553 1.9838204 -1.4496447 2.979084 1.5148836 -5.273203
salon 1.6127231 4.424502 -0.37137777 -4.784058 -4.5138383 5.1277003 3.1793578 6.5386095 -0.96043867 -6.041901 2.4818163 3.9638488 2.4271846 3.3050268 5.972389 -0.59181815 2.4552639 1.245457 -3.1297798 0.1288549
prominently 4.754609 0.22920464 -2.267843 0.4409345 -1.0390234 1.005159 4.9621997 4.207129 1.1993223 -2.105138 0.3181764 3.5210314 3.3976572 -2.346703 -0.19662909 -0.74291253 -1.3526006 1.2176216 0.69633603 -5.9844112
fringe 0.3157401 3.6031764 -3.6856909 2.9347732 -1.7449286 1.568256 -0.1306343 5.2725415 0.89888227 -1.7773668 0.0064926837 2.2523837 2.1747704 -4.426061 -2.287365 -1.5352422 2.3012576 3.0636578 3.7367103 -2.1192431
famed -1.0355235 -1.6093636 -4.4140186 -1.6233346 0.6408255 4.6599126 0.9262337 2.0569332 -0.38692552 -3.299264 1.7281688 -0.76914746 6.767256 -2.0736923 0.848908 1.3555979 -1.9653273 -1.0441715 -1.3944662 -1.6028858
photographers 1.1965379 3.4591873 -3.5560038 -2.5916631 -2.850124 3.0473614 6.281192 4.576281 4.3354225 -5.4464164 0.9239134 2.3905632 0.8974538 -1.8098483 5.2168484 2.505155 -3.7058556 -1.748721 2.6196365 0.9803769
icons 6.2645817 2.077369 -1.0193197 -0.8590176 -2.4794374 3.642041 6.0116916 5.6343083 1.4378926 -0.74485445 -1.0547688 3.869555 2.1522882 0.07059952 1.5074458 -1.0523111 -1.051729 7.0735173 -0.26170176 -3.1297655
nude 0.555297 5.319297 -1.1759608 -5.7693105 -1.6839559 3.319712 10.83102 2.825031 2.7902887 -4.0697775 0.4747637 -1.1631664 1.9395049 -1.7672515 3.2831342 1.8657088 2.6181872 5.390358 0.4850275 -2.356548
themed 7.644745 1.4028432 -7.784293 -4.8832135 -4.7891626 1.611895 4.532965 1.9292725 -1.3085672 -4.832594 -2.531441 2.13413 2.694641 -3.9676385 -1.8497548 -0.32907724 0.37652454 3.5789568 1.3210757 -3.4525635
mock 2.3143682 -1.3028879 -2.098361 -0.037249062 0.155132 -1.6129067 6.18427 3.8323681 0.43718284 -3.953979 -2.2447562 -2.25654 0.23482808 -0.7446967 1.0823871 4.809372 2.125544 3.0313191 -0.061749935 -1.0757136
countless 5.5979896 0.6437037 -2.259405 -2.5890536 -0.0037367856 2.5403666 4.5608253 -0.90487176 3.4091551 -6.049995 2.3868403 -0.69388294 -1.9518198 -1.0872722 -1.2779938 1.8543535 0.47877043 0.5089289 1.2667938 -1.7942809
creations 1.2875154 1.9720576 0.78055406 -5.437004 -3.039372 4.0700917 4.8199983 4.6653137 2.0701032 -1.6097566 1.3561878 4.3794813 1.0773216 0.8220481 0.5145316 1.1063884 -1.4757406 1.1987298 0.95585746 -3.5104055
danced -0.080780946 -0.7371259 -2.539882 -5.583033 1.8011876 4.5355086 0.34522077 3.3666573 -0.64855903 -7.849268 -0.118531756 -4.973755 6.1449986 -2.7448463 3.6616745 -3.3961387 3.5663161 6.011996 1.1836523 -4.128849
lavish 0.26130775 4.24739 -3.0433013 -4.1469855 -3.564825 5.2418423 2.2021384 4.641113 0.4948799 -4.4055853 1.4137235 0.06714917 -2.7352765 5.877041 0.48860803 1.650169 0.43003327 4.1971674 1.0920231 -4.545114
showcases 2.6466522 2.7203484 -4.0532155 -3.8438776 -4.560599 4.5288143 -0.90000105 2.095707 0.67732334 -5.2710085 -4.0423255 1.0990286 4.635312 -6.2517266 -1.7134554 0.64356244 0.011588915 5.0061464 3.0928288 -1.660146
hallmark 1.3191643 0.9498339 -1.1897383 -2.1119711 -3.4680047 0.8282592 0.77834564 2.3100772 -0.084079444 -3.8780391 -2.4116867 2.0019858 1.7803291 -3.2397554 -1.0758898 1.3951429 -1.3925513 0.07416179 1.5904713 -1.7972226
showcasing 4.1895933 1.9832958 -3.8649585 -4.518759 -4.71928 4.1736507 -0.5850667 3.5014648 0.99707353 -5.0363355 -3.161456 1.8242283 2.7662456 -5.393046 -1.350641 1.1359042 -0.42064592 3.6314473 4.0410867 -1.0406463
chefs -0.23349774 1.1176401 -6.034702 -7.5617867 0.25336182 2.2822578 3.7415154 2.8662107 -0.20301543 -3.7702608 1.5272622 4.2288485 -2.3451984 -1.7572874 8.224584 -0.039430883 -0.16852683 2.58134 1.4872608 -1.3271523
puppets 1.0221534 1.1246032 -0.549693 -5.5493183 0.13158773 2.1731212 9.485626 5.408128 -1.9466318 -3.3850472 2.1105094 1.3488903 2.5378554 -0.114156604 1.5783122 -0.49812824 -1.9727138 3.4655366 4.712151 -2.4773011
trivia 1.8928162 -1.7656336 -1.8541644 -3.2396753 -1.4614074 -1.130045 1.9328028 2.3533998 0.17456649 -3.831906 -2.7248194 1.9806292 0.47340366 -3.2412903 0.31720492 0.6065591 2.9227102 1.5837103 -1.1193391 -2.9239345
inspirational -0.14019606 -0.7095354 -0.29096067 0.5478944 0.2472872 3.120872 1.549412 4.904285 3.785651 -6.550977 -1.4042119 3.6490426 -0.4410129 -5.105953 -0.83210635 3.7452047 1.7505941 3.429089 1.2068014 -1.9722869
entertainments 0.8331751 1.0603607 -4.5872393 -5.7206354 -4.170977 0.4658542 1.6295435 6.6313334 -1.0765477 -2.3909767 -0.5394854 2.8215802 0.7986768 -0.5798017 0.81229955 -1.2188954 -1.0063561 0.6419342 1.4760882 0.051149935
glamour -2.133659 1.4421057 -1.841332 -6.8173475 -1.7200172 2.5649867 2.688848 5.558838 2.3610141 -4.2501493 0.9914218 3.763067 0.18171108 -3.710801 -0.47443575 1.238127 0.060768187 2.213884 0.9681597 -2.8641057
entertainers 0.9721357 1.9982966 -5.8749094 -2.7505665 1.1222856 2.8249705 3.4329286 5.0930486 2.3475256 -6.968145 1.3753333 0.8286328 -2.8086123 -4.52974 5.4673657 -1.0968184 -2.3399208 2.7370422 1.3292359 -3.3301659
burlesque 0.32621112 1.8108635 -1.8391948 -3.4962387 -0.9354722 4.076741 3.2762845 7.604859 0.29565102 -6.745422 2.7327163 0.88226265 3.664609 -1.9865791 -0.15926766 -0.9276454 -0.8399436 1.734337 1.3981658 -5.6595507
magicians 1.3616934 -0.312383 -2.9701715 -2.3246326 1.4735224 2.7533505 7.6180854 5.1380486 2.4054332 -3.7576616 3.1390738 1.7778062 2.3075218 -0.8854113 2.1353674 4.64248 0.786179 2.9435496 -0.84672225 -0.118665665
couture 1.7678168 1.9799145 -1.6407259 -7.248556 -0.9602332 1.9494087 1.4982129 5.883218 -3.5960174 -5.247803 4.221383 4.2525215 3.3334863 1.4408668 6.9102745 1.0773485 -0.8157605 2.2903485 -1.6996878 0.29507688
pantomime -2.223152 1.734369 -3.9049962 -3.3660328 -1.3951435 3.9939868 3.6198037 8.126255 1.3836553 -6.480818 2.5739417 1.0879637 4.3292503 0.5317565 2.1748698 -2.469904 3.621056 0.39532864 3.083827 -6.2269163
hobbies -0.83550006 3.4029505 -4.212092 -3.6317554 -0.36527535 7.090465 3.0706928 0.512553 1.7768981 -4.998183 2.7309482 4.312184 -2.1266603 -3.805117 6.900765 1.9018893 1.908666 -2.0176897 3.0420728 -2.3400178
hostess -3.680487 -0.6608372 -5.274786 -4.6212416 0.7914063 1.9578434 2.8078868 4.848872 -2.2846034 -6.104187 1.4815928 0.78743875 -2.1807282 -1.5914148 3.2542152 -0.292906 -0.35261285 0.7933716 -1.1270541 0.32669285
skateboarding 3.5777438 2.7396188 -4.1847672 -5.247364 -0.5418632 2.2733455 1.0996352 3.0929248 -2.7426026 -3.865168 2.8203812 2.0618439 1.2863452 -7.176753 2.9030108 3.1908112 1.3847291 0.2452603 4.379571 -0.5239012
karaoke 3.380223 -1.907993 -4.0443597 -6.851284 0.066219844 -1.4750826 2.1920497 4.162694 -3.816363 -6.3751717 -1.4856647 0.91292477 -0.4018929 -3.3075562 1.2038151 -2.8728848 1.0941834 6.5319624 2.8689296 -0.7903374
salons 2.0472655 4.781502 -2.2228253 -3.7423813 -2.7627294 7.4682627 2.435005 2.959256 0.8781392 -5.7041426 1.6468675 2.1990411 -0.9528395 2.067433 5.2263994 -0.4476057 -0.39215893 3.5289986 0.27446184 -0.71980554
artistes 1.6610585 -1.7447517 -2.9867685 -4.152692 -0.97697884 4.959548 1.3838401 7.1829543 1.0556145 -3.6176953 -0.81806725 5.1387873 -3.0670981 -1.1682706 6.694298 -4.796414 0.69647044 2.4750135 0.7421743 -0.087555304
improv 4.2805643 0.3144193 -3.3808036 -0.5319774 -0.3482638 2.823771 1.8301717 6.164563 -2.8888907 -8.7005625 -0.9055092 -0.3080483 2.6432319 -8.723171 3.0510356 -0.6381456 1.0139756 0.57802355 3.607562 0.4559724
follies -0.1699561 4.9673285 -2.750209 -3.3155634 -3.0101678 3.727885 2.7000728 5.5238214 -0.8103521 -6.663091 3.146527 -0.39352387 3.5724626 -1.759804 0.07070168 -1.6314024 0.20674336 -1.2827637 0.81584984 -5.5112286
cookery -4.762068 1.534 -5.342157 -2.5061517 -2.740296 5.3934884 2.8054135 -0.26310286 3.7876225 -7.1287932 -0.91966707 8.5808935 0.34578478 -0.5874069 2.3299675 -1.6787626 0.0032926495 0.96508294 0.7864298 -0.7345788
mime 1.1348599 -3.2957113 1.6525395 -3.2494981 -0.09909131 5.143234 5.5552354 6.1443977 -1.1435851 -4.6049614 -0.8729411 2.4081907 3.0188851 -0.71017575 3.1908712 -0.06255901 0.94993234 1.9976332 2.6544487 0.78111005
mascots 5.409068 0.4997748 -6.358745 -0.9634403 1.5952137 -2.156279 4.244209 2.1514044 -0.54555273 -1.883094 0.36125353 3.880568 -0.24160174 -5.8216696 4.5716085 4.081601 -0.28160644 4.0822577 -0.16872685 -2.4697762
troupes 4.480629 -2.1302454 -5.4572344 -1.683765 0.70448667 6.679558 3.5837214 4.5784006 2.24417 -4.2244596 2.6994271 -0.12557192 0.41718805 0.68715924 4.902448 -4.130821 -0.1589917 -1.0772047 3.185483 -0.1121505
minstrel 0.39612395 -0.009559019 -3.5669725 -0.44515887 2.358647 1.574679 3.5722973 4.541798 2.965658 -7.093699 4.370707 2.156776 3.7040243 -1.5893106 0.120387405 -1.7353402 -0.29733664 1.3785855 1.1967521 -7.434347
stylist -5.097606 0.93836963 1.25673 -6.5295324 0.55255926 3.5173476 2.7387226 6.260572 -0.7600181 -4.2272387 0.8393455 2.1847706 1.6116359 -3.699382 6.3612695 1.8933876 -1.8840355 1.2978165 1.7971736 -1.1149988
masquerade 2.0140533 0.3313549 -2.2943149 -3.0972223 0.49286872 0.6666126 4.6827497 4.6573935 -0.62982774 -2.4480922 1.1002253 -0.80508465 1.3419493 -1.0546952 0.26150486 1.1455787 2.2284713 5.100177 -1.1683439 -1.6339412
bowery 1.5635464 2.8979013 -4.919861 -0.18019995 -0.8663269 0.9667492 1.0802873 4.344738 -3.7409592 -8.434752 2.4236457 -1.5214938 2.7735295 -1.8402654 -0.41773996 -2.2520208 -1.1570156 1.0875589 -0.05808164 -3.6420894
luminaries -0.04375696 2.5974395 -0.08368384 0.97392637 -1.212437 4.241066 2.3989682 5.851182 3.1643708 -3.1964958 0.12593411 1.5748515 1.196547 -3.353878 4.1779556 -0.8964016 -2.4074693 -0.052449852 -0.78148055 -1.692748
skateboard 2.9708855 1.8774027 -3.972719 -5.916562 -0.67356116 -2.1174495 3.2618227 1.6767206 -5.5468225 -3.3208766 2.2034488 2.5787 3.1851223 -3.820621 3.6923795 3.3764749 1.135141 0.27073145 4.424335 -0.52892303
costumed 4.3697114 -0.99805194 -4.9269304 -3.0843182 1.1027609 1.7383587 8.84206 3.8439443 -1.2116133 -4.0556374 0.98360896 -1.5704131 2.2480996 -2.612811 2.2813892 4.197534 -0.5945431 2.4532523 -0.20870772 -3.638961
juggling 1.7600383 0.61635166 -1.6695423 -3.2040217 0.324064 3.2022245 4.3038106 2.4116416 0.26366848 -4.1825795 -0.5271797 0.12783101 2.0383399 -2.79336 3.259803 4.4368505 3.1909351 3.7357378 6.4567976 -1.0020016
spectacles 0.8245846 3.2428608 -1.1648091 -1.9229192 -1.8116242 2.8098915 6.103098 3.5661275 0.9441552 -1.2597504 0.8769432 1.5877404 1.8807015 1.6156569 1.4468757 0.12580831 2.2161078 3.4197772 3.478015 -1.3973128
swimsuit 0.41200846 1.4980313 -4.9279995 -6.6740084 -2.4849758 -3.7229114 6.0551476 5.0926204 3.1046014 -1.5165175 -1.8954239 4.33597 0.49420556 -3.0114145 5.50598 1.8714657 4.245085 3.9024763 0.21859288 -0.61551434
topless 0.6740122 2.0535645 -4.062904 -5.539822 -0.23002173 -0.31636494 7.4524117 3.2527728 -0.52916765 -3.463683 0.14855565 -1.3757222 -0.45731372 -2.842768 1.6708235 0.5920155 1.621885 4.4779944 0.76134217 -0.8466493
fetish 1.1719332 2.7694387 -0.26148003 -4.960067 -0.31157625 3.6504998 6.4831266 2.1810725 1.9319576 -2.0229747 0.28267276 1.2771349 0.026591621 -3.9448388 0.57369536 1.9527086 -1.9072634 6.0032616 1.3360221 -0.91842955
barbershop 3.2378182 1.1996447 -1.8877331 0.387463 1.7203588 1.3476982 0.31112707 2.9946108 -2.4132097 -8.047407 0.72162473 1.1933576 3.2590313 -3.060045 4.397638 -0.10514715 -0.20421596 5.4812717 0.6819591 -1.701346
pastime 0.94257075 3.3715227 -6.0602145 -2.1565402 0.42754444 5.8143425 2.0568457 2.330402 2.9563727 -2.9117606 4.5450144 3.1409504 -2.168954 -1.8010689 1.2597247 2.8686016 1.5135579 1.7052704 3.4326746 -4.1964173
tomorrows 3.3668432 -0.18231669 -3.8514717 -3.1155367 -2.3860862 0.13243864 -1.5670012 5.439899 1.1883849 -6.0206227 -2.4094737 -0.41398898 -0.8178569 -1.7669897 -3.0182881 1.2009726 -0.5580472 6.0029416 0.41537786 0.7520995
sportsmen 0.54057485 1.0321136 -6.6475363 -1.1767431 1.8056989 3.0649912 0.66655016 1.5968897 3.8867521 -0.59349513 2.477529 0.59210086 -3.041653 -1.4645195 5.7593017 3.0573661 -0.57075036 0.8596406 2.439402 -2.1315036
cheerleaders 3.8919194 1.4957936 -3.950426 0.3242165 2.93797 -2.2512689 3.9669387 3.8564408 -2.187818 -4.591089 0.13600369 -2.5806923 0.34554276 -7.340295 4.3229947 3.4028323 2.872649 5.184533 1.954114 -0.06275505
gaiety -3.5990868 2.104645 -2.8184593 -1.6677461 -2.133598 5.152741 0.6061877 6.9703965 0.67087936 -6.383013 2.6963265 -0.29375228 2.6131215 2.434628 -0.5650836 -1.3026586 2.5252185 0.124293804 2.0670128 -4.573067
catwalk 1.8534105 2.6162071 -1.5995809 -5.2130065 -2.4728038 0.5897195 3.8802156 4.19868 -3.740716 -3.44388 0.78318816 0.29290593 2.1619806 -1.1048973 2.2639182 -0.43762326 4.089353 0.8593146 4.1806345 -1.2127285
puppetry 1.1674228 -0.17887221 -1.9662066 -2.2951078 -1.7622398 7.2066417 5.5984635 5.6801114 0.18532619 -2.9089777 -0.20085497 3.2990162 3.7294679 -3.9164224 1.0088259 -1.1815296 0.56253713 1.1298023 4.108511 1.3028986
scrabble 3.645079 -4.0114675 -3.400457 -3.7274609 0.029241003 -1.8942403 -0.22793853 3.4958198 0.76095074 -1.3983104 -1.6002836 7.2541194 1.170322 -2.5107167 3.457795 4.2005773 1.3158262 3.3633492 0.8194488 -3.2064054
extravaganza 1.4627689 3.120743 -1.9962091 -2.708899 -3.0556743 0.7818442 1.905544 8.092251 -0.44722247 -1.343065 0.5092285 1.1500492 2.9817636 -3.2264671 -0.8229926 -1.8191458 3.448379 2.8147717 0.1629019 -1.8067485
puppeteer -2.7284563 -0.86015105 -0.045859504 -3.2281156 1.3649095 3.131162 6.374088 6.002478 -1.6524278 -3.3769653 2.4948113 1.2626072 2.4490469 -3.0201964 3.5737567 0.5125186 -1.0991932 -1.3330635 1.9339939 -0.61226296
dramatists 0.36894754 -0.25167927 -1.4708617 0.75349873 -1.5246338 4.737138 0.56670624 7.782148 7.2182455 -4.2479033 0.41652903 2.185863 1.5623775 -0.38407055 3.4964538 0.4882374 -2.5986958 -1.0111916 -0.2558966 -3.3290787
everyman -1.4137244 0.62448215 -0.6661249 -1.3786299 -0.9718068 2.9593153 2.1410449 6.440214 0.1403942 -3.5293214 1.7800955 1.8374088 1.0785809 -0.55591226 -1.4437985 1.9911727 0.18551648 0.508235 0.47351295 -3.43309
storytellers 1.5155301 -1.1448283 -2.7997026 -1.5267738 0.63467246 3.247212 3.946473 3.1098113 3.3202083 -5.8384247 0.3625742 3.1231697 0.2232667 -3.9327166 -0.49942198 -0.12554717 0.21347517 2.6470597 0.2832231 -1.9447384
geisha -0.7508017 -2.3628945 -3.93022 -5.77407 0.87642527 4.717252 4.879631 2.6732373 2.0317872 -4.1340356 1.9135046 0.6731886 -0.17009923 0.17296329 0.7686199 -2.753664 0.66121644 2.4004138 0.31348968 0.3842973
trendy 1.4924555 1.3771948 -2.272891 -3.2460575 0.006708494 4.467993 -0.6297125 2.76364 -2.7715135 -5.004606 1.1312548 2.696542 -1.4228151 -2.4065306 -0.5709643 -0.7185528 -2.546485 4.821562 3.348549 -3.5600786
posh -1.9311235 0.7513105 -3.9408643 -2.5846848 0.97998154 3.0934381 -0.095179476 2.2062845 -3.961028 -4.9212046 1.6102738 0.5362484 -2.2336192 -0.95158243 -0.117524885 -1.6795261 0.4061108 3.316073 0.6929512 -4.4473867
golfing -0.98256755 1.8515829 -6.707738 -2.139246 -0.5284656 2.9239278 -0.24932232 1.1416637 0.043602847 -3.901607 1.6581954 0.9556666 0.16516826 -2.6016216 3.116628 4.22157 3.1999688 -0.69093966 1.1696731 -2.917437
recreations 2.2749703 2.2277517 -3.1214678 -1.8514519 -4.028687 3.7665644 3.962258 1.8458908 1.6040242 -3.418158 -0.9996657 3.137245 1.7110153 -0.30829522 1.184707 1.4614484 0.30531707 -0.5992024 0.9470795 -3.3847103
armchair -0.59683007 0.36247268 -0.80083406 -0.30730346 -0.7549257 0.8179113 5.1849747 3.8364828 -0.76728725 -3.7631953 0.069621585 1.666441 3.0848536 0.5574999 0.22871451 1.7495664 0.62435704 1.0479589 1.7340347 -2.564024
subcultures 6.3727984 1.4983127 -0.9062672 -0.12559582 0.49901494 5.532947 3.3017511 3.5146961 3.1833267 -1.9769627 1.3519218 1.995157 -2.8762465 -5.5315495 -1.2128408 -0.4812872 -5.9962015 4.3617945 3.555823 -1.7744856
unsung 0.8896223 -2.0175724 -3.484572 -2.6005347 -0.085596934 0.5256754 1.5114208 6.0903225 4.4071293 -1.9068574 -0.0051637343 -0.10376507 3.1187384 -4.80441 -1.3229094 3.5749502 0.29695082 1.7189918 -2.34647 -2.5466967
circuses 4.1826143 3.7659373 -7.0024233 -4.376059 -1.5711244 3.5965567 3.8982494 0.9160741 1.6277997 -3.9698484 3.2360919 -0.43502074 0.14393046 -0.59651434 2.4591882 -0.23907268 -1.3439529 1.6062025 1.690509 -0.74221903
acrobatics 1.9258226 -0.46844134 -0.87352765 -2.9468453 1.0787559 5.8705163 5.948193 3.6051695 -0.34539413 -2.2449026 1.3214856 0.21014038 3.6983223 -2.8899615 3.1758888 1.0830994 4.649537 2.3203745 8.153245 1.8251053
showman -2.9003856 1.0503849 -0.63760763 -3.988077 0.6022797 2.0285394 1.7530879 4.8564773 0.9265871 -3.087365 3.7649834 1.3525177 2.691774 -2.9321747 1.4485021 0.4077349 -0.8687302 -1.6125096 1.3996049 -2.195875
quizzes 3.355642 -2.4428594 -1.5738035 -2.705744 -2.8865118 1.5435128 4.3693566 2.0256662 0.6634312 -5.7212863 -6.760279 3.1865585 -2.8143547 -3.58758 3.532284 2.2507424 5.403967 2.5898597 1.9442083 -1.2853671
reenactments 5.454392 1.3388845 -5.0341387 1.078762 -4.165632 2.8655503 8.298695 3.7016227 3.1175244 -2.2058625 -1.881884 -2.5697005 0.57818013 -0.769125 -1.1608304 0.65830415 1.031379 -1.2268003 -1.0485708 -2.4965668
aficionados 2.9015868 0.24392405 -2.842906 -4.2882013 -0.97550744 2.3319833 -0.062761255 3.1515193 2.009722 -3.8167908 0.40444222 3.037426 -1.0985209 -2.6789186 0.4116426 1.8109583 -1.6624024 2.7230518 0.67377883 -2.9346526
cosplay 5.553095 -1.8785431 -5.397515 -7.0432124 -2.2170997 1.1996782 4.1279206 5.1718554 -0.042042635 -0.67867476 -2.5837233 1.3958313 0.21662013 -4.5646276 2.253949 1.4534322 1.3776176 4.908603 -0.5375203 0.13073969
acrobat 1.1338065 -1.4587387 -0.37258333 -4.935984 0.7125781 1.8590368 4.2865663 3.1862605 -1.9220552 -3.0125089 2.259796 1.6987072 3.2698169 -1.7234223 3.082691 0.80027294 -0.061884172 -0.25336215 1.2891273 0.46658534
exhibitor -1.2806174 3.333297 -3.128052 -1.7284105 -4.196081 2.151095 0.31905898 3.771453 2.470674 -2.9500957 -1.6310774 1.2224499 1.9725718 0.4861414 4.378926 0.5453274 -0.5072306 -0.5829249 2.125787 -0.4650354
topnotch 0.31421027 0.6924022 1.0034707 -3.0934467 -1.4181608 0.5342202 0.12624954 3.4948115 0.5668796 -4.05951 -0.8494291 2.1112006 0.5680451 -3.1937494 0.5920796 3.4183939 0.47941104 0.7579744 4.3351707 -1.5119519
aerobics 0.80725545 0.47783673 -1.5357156 -3.626691 0.25509664 4.0111094 3.0383804 -0.21919213 -2.7575212 -4.195617 -1.0622631 0.9074205 1.2880968 -4.688645 5.7091894 1.0522162 4.5041046 2.3759084 4.7475243 3.0395503
mahjong 4.30209 -3.485276 -4.2396774 -7.5659676 0.7518149 0.3308411 1.9079695 3.2610319 0.025271783 -0.13915703 0.9895736 3.9078753 -1.1369481 -0.8947187 2.6060736 1.8098068 2.4221292 3.8805008 1.8477632 -1.3231367
strippers 1.1356809 2.1778183 -1.9146725 -3.8557217 1.2033029 0.27063167 4.8087716 2.1765885 -1.9103267 -4.550412 1.1373408 -1.4811819 -2.9770646 -2.887349 1.8590604 1.1535156 -1.4934036 3.8055873 2.5350585 -1.4582288
dramatics -0.26412192 0.42054614 -2.578311 0.23442434 0.14005294 5.7776895 -0.7355686 4.650879 1.4870385 -5.4418635 0.35221708 1.0743647 1.309952 -3.667189 4.7171183 0.7283599 1.938179 0.10696035 4.2180037 0.5203718
retrospectives 3.1200693 3.9902325 -0.3447993 -2.7524884 -6.2828994 3.1272607 0.77205384 4.977562 5.6407895 -2.2200868 -1.9680113 -0.53179395 1.8846259 -1.8185602 3.110696 -2.1720538 -0.41847435 -1.1752769 -1.3105073 -0.47306433
pastimes -0.015037009 1.9562103 -5.082165 -2.3164887 -0.41591662 6.5598545 2.83999 2.4047546 2.361844 -2.6760547 1.9742912 2.2996676 -2.1264882 -0.94947547 1.9405314 1.9724238 2.4995058 1.6917926 1.8198711 -4.4921246
striptease -0.11444889 1.392026 -0.9859493 -4.0772266 -0.08667998 2.184528 4.0186877 4.643193 -0.20552416 -4.206227 1.1401849 0.1415578 -0.5284494 -2.2467022 0.89911014 -0.8944913 0.6590318 3.1560035 1.4120069 -1.3898321
spotlights 2.871932 1.8241359 -1.4737049 -1.6017011 -2.573421 -0.34858242 4.173429 2.3399756 -0.3814834 -1.6269628 -1.9125439 0.790217 2.2224128 -2.0765834 -0.40668797 -0.61605656 0.92798424 2.5309796 4.7990623 -0.1984844
galas 2.1913633 2.6572156 -2.8731732 -3.095555 -2.7333026 1.9368567 0.63369113 4.053696 0.27571967 -2.3162394 -1.3276446 -1.1494305 -1.1870139 -1.7172785 4.2769322 -2.1814172 2.5976584 2.4963944 -1.3343234 -0.6216836
guises 2.473284 -0.33825886 -0.5732103 -1.3124982 -0.41027358 1.7533823 3.9690394 3.1577487 3.065004 -0.25278482 0.9276275 0.036076978 -0.41591188 2.2278538 2.073819 -0.8323271 -1.3062147 0.4288639 1.8211666 -4.173401
motorcycling 0.28459084 -0.6902944 -5.459539 -3.429846 -1.5482291 1.619041 -0.06189196 2.365106 0.9448482 0.21544895 0.78072435 2.8163686 -0.7891966 -1.4824224 2.5333493 2.8511498 0.9471831 -2.4671707 3.2423294 -1.3887795
puppeteers 2.1340287 -0.3506555 -1.3591208 -2.2117326 0.66748744 2.168295 6.3078947 3.254112 -0.43544415 -3.0951047 1.5771937 0.60050094 1.1104587 -0.9749014 3.235455 0.86587375 -0.8408553 0.32307896 2.8532717 -0.22760558
cabarets 4.521888 1.080653 -2.9046972 -3.2018359 -0.9286727 5.203764 0.33798456 3.5600872 0.08641718 -6.458641 1.5917416 -2.0081565 -0.07668761 -0.23696727 3.302686 -5.876596 -1.3166854 2.0974166 1.0634612 -1.4114531
coffeehouses 2.9010496 2.7424834 -4.0532393 0.9352248 -0.6821596 3.877228 0.3493565 2.0374396 0.36594063 -5.892107 1.2460558 1.0691907 -2.2720072 0.87732726 1.8292178 -3.402046 -2.6980305 3.46412 2.9444625 -1.0123836
fireside 0.390802 0.42105654 -2.84469 -0.25314718 -0.9874466 -0.41276434 3.0694075 1.915691 -0.74481034 -6.308513 -0.999574 2.6042132 0.8910585 -2.4551067 -0.07390642 -0.62021965 -0.4636109 1.809156 -2.4539597 -1.4232533
illusionist -1.4385574 -0.2038304 -0.072134145 -3.5775352 0.009237424 3.2121372 3.9012501 5.4640026 -0.07374005 -1.8653662 1.9751765 0.7692252 4.0447917 -3.0588834 1.9058259 1.4353914 0.20705445 -0.46815386 0.03399503 -0.33226433
visionaries 2.6226165 0.6437844 -0.24417272 0.120688826 -0.98260176 2.6252286 2.1774726 4.4548564 3.1299002 -2.7106175 0.22609638 2.2341464 -0.8121817 -3.3546085 0.78402436 2.2736297 -1.3828073 1.0294279 -1.9820077 -0.10606302
skateboarders 3.2099087 2.0171897 -3.234625 -3.8163729 0.25380787 0.6854477 2.4646678 2.4875205 -2.0106084 -2.4374642 1.6637975 0.5641102 -0.38670218 -4.5539966 4.7808366 2.313119 0.9888757 0.9696399 3.1620183 -1.4290004
otaku 1.9441338 -2.2655034 -1.09212 -4.960885 0.23067348 2.1499515 3.0693715 3.4077678 1.3516842 -0.88754123 0.5989994 2.8114827 -1.086957 -5.3600917 -1.5582241 -0.54116094 -0.23119316 1.67062 0.20749906 0.95782167
busking 0.6037714 3.3347638 -3.2575114 -0.8956992 -0.58082956 2.0662408 -1.807437 1.9795599 -1.9802691 -7.9211335 2.269607 -1.3741734 0.6095415 -1.4862174 -0.18375102 -3.5813978 1.0043935 1.9748552 3.1653159 -0.7576144
videography 0.6885366 1.0269393 0.4536483 -3.3606539 -2.5989242 1.0348965 2.1044676 2.366618 0.8037551 -2.6325397 -1.9270561 2.2195015 2.78259 -5.337312 1.1988754 -1.8379446 0.14370872 0.9139609 0.6564565 2.4571989
stylists -0.88671094 0.32263204 -0.6926036 -4.5771117 0.1653895 1.5371346 2.1634429 2.7864428 1.544254 -3.6340132 -0.21919698 2.47234 0.14937404 -1.294318 4.8375206 2.633529 -1.1153563 2.4953594 3.5587156 -1.6030943
cameramen 0.093894586 -1.1802256 -2.6863928 -3.3733175 -1.4314879 -1.2185258 6.8465166 3.839842 1.721082 -3.2260368 -0.9861646 -2.0225592 -0.46247748 -0.5906957 2.0777903 -0.40289032 -0.9743634 -2.9597704 3.5000756 0.3234079
kungfu 0.3837203 -4.281985 -2.2591884 -4.9069014 2.1578255 2.4290762 3.66152 3.5504417 0.2157135 -0.7524094 1.5135581 2.4759588 2.8172925 -4.1525607 0.33662185 0.4852836 2.2650483 1.6868234 2.5077615 1.8232998
courtesans -0.93608767 -1.0693686 -3.084071 -3.6168642 0.92054486 7.1533384 4.779685 1.4383348 2.633818 -2.5966666 1.8347747 0.76436305 -1.8262041 2.9669566 2.139886 -1.1386577 0.9734711 3.3400111 -0.18246509 -2.872113
likenesses 2.4261303 1.7005737 -0.3719058 -3.08793 -1.5973076 0.3645093 4.7822685 2.2807431 1.9887606 -2.0440857 0.7808989 2.6855054 1.2553157 1.0989748 2.2326066 3.3535848 -1.392053 2.0127418 -1.2957191 -4.2762065
thespian -0.19220379 -1.1544096 -4.279281 -0.031532723 -0.1728505 4.610815 0.22290839 3.8444276 0.16573904 -2.7776728 -1.5513694 0.048387736 1.8835 -4.8903966 3.1667585 1.2138598 1.7866852 1.6528422 -1.1888955 1.4086031
backgammon 4.235729 -1.4404248 -1.7993039 -4.431586 -0.9763329 0.44431046 -0.02335226 3.1220753 0.54881597 -0.77692765 0.07562646 3.656911 1.7361126 -1.4089923 3.5724936 3.9495893 1.5572615 1.6401465 0.5120919 -3.107844
broadways -0.58040756 2.1480467 -1.3949506 -2.8525074 -2.2318034 0.10835761 -0.025790397 5.940835 -1.0070959 -4.257254 0.8254072 -0.4405504 2.4577396 -2.3991585 0.82976085 -2.4571404 1.7424321 -0.5202271 -0.19216129 -2.7733335
nudist 1.6270428 1.0925568 -5.5336328 -2.5784729 -0.21311976 3.3097117 1.9690616 0.06751822 -0.81491876 -3.0071955 1.4607184 -1.382894 -0.9828545 -3.3411195 -0.64979357 0.22953609 -1.50847 1.5487864 -1.3898526 -0.123969816
marionettes 1.9509035 0.3254033 -0.18949287 -3.2874255 -0.44234622 3.0760522 5.4653573 4.080786 -0.63012946 -3.505687 1.6489079 1.3005527 2.9817398 -0.2338588 2.7844741 -1.3883783 -0.31948802 0.40484035 1.8998052 -1.6722862
acrobats 2.799199 -0.4777874 -3.8676612 -4.8030133 1.1464036 3.7714376 5.7824755 1.7922244 -0.6055822 -3.4408405 1.2743354 -1.5643656 3.444616 -1.2905573 3.7862282 -0.27006203 1.1074648 3.5655077 2.93973 -1.1477138
rounders 1.5641168 0.3056955 -1.4466306 1.4376404 1.1763312 0.74969304 -0.95876324 2.6854103 1.3619193 -1.5008241 -0.071244396 2.1745389 2.4143643 -2.206448 2.0096495 0.92480385 2.23099 4.3269773 1.1434237 -4.319852
costuming 1.7393333 1.342754 -0.005866259 -2.4800012 -2.3630354 3.8407836 4.0855393 4.8941584 0.66295975 -2.178582 -1.1860579 1.54383 1.5598352 -1.3855056 1.0575451 2.4024577 0.014662588 2.5233784 3.5613406 -1.7125744
jesters 0.627355 0.21520813 -1.730939 -1.5400531 1.3900169 -0.4237581 1.524666 3.859915 0.04586632 -3.2593493 1.7032707 -0.14224754 2.4499164 0.663822 1.0694093 0.0839359 -0.7861264 4.7641954 0.16781113 -1.8529477
impersonations -1.1426296 0.5678657 0.4663182 -1.670881 0.6199559 1.8186817 3.5801473 5.1525736 1.583359 -3.1366603 -0.04587323 -0.11397751 -1.2600913 -3.8565307 2.5597117 -0.17019841 -0.45467684 0.5401759 1.6444783 -4.66492
choreograph -0.17320988 -0.8807925 0.83303964 -4.4574027 -0.07754764 2.3793092 1.8487076 5.43102 -1.1577107 -5.5854297 0.46594304 -1.5570344 1.8425303 -1.5165551 2.9567478 -0.1744166 2.2807827 0.97288173 2.4358017 2.0684006
aficionado -1.5635961 0.6042933 -0.76329494 -4.2631984 0.15522489 1.7018322 0.042964563 2.9852262 0.052016504 -3.3818529 1.5089817 1.7349875 1.860789 -3.3844707 2.2737997 0.8084166 -2.2823112 0.17273712 -0.3381352 -1.1945878
juggler -0.45955706 -0.7504889 -0.3782223 -3.091855 1.229147 1.9459684 4.135613 2.8351655 0.14571422 -2.1050587 2.2834282 0.6580168 2.8543308 -2.1466076 1.6705446 1.4094768 1.7538253 0.028998261 1.530074 -1.4583354
jugglers 2.4764047 -0.31548238 -2.9861042 -2.8415294 1.4364936 2.6363542 4.34091 1.933753 0.9957 -3.1894767 1.1642865 -0.34454298 1.846485 -0.9826193 3.264994 0.5138665 0.9841009 3.7278101 3.210799 -1.0513834
bodybuilders 0.36256272 1.3706603 -0.18369053 -4.304538 1.6014702 1.2366921 2.3178504 0.890846 3.1800926 0.8435921 0.9915289 0.34274045 -1.6034726 -4.2169776 5.8880534 2.133423 0.7360194 2.4021983 3.518929 0.24370193
showbusiness -1.4947821 -0.115451664 -1.0890964 -3.0831385 0.3430701 1.7635562 -0.33703253 3.658267 2.2453206 -4.7060523 1.4721707 -1.0600492 -1.4236312 -2.435059 1.1336004 0.84194773 -0.14497447 -0.6687657 0.9786127 -0.8765135
roleplay 4.316086 -1.4892108 0.15052202 -3.6795547 -1.4232464 1.4624528 5.04096 2.4613788 1.3522704 -1.6059815 -1.8265682 1.2415276 -1.2932429 -3.0512881 0.7575525 4.4175997 -0.05027207 1.1494125 1.2972068 -1.0279425
gastronomic 2.5965898 0.57403797 -3.279142 -3.8650374 -2.3474925 6.6029706 -0.58285415 0.09654468 0.027371168 -0.49484476 0.538772 3.9228659 -1.3482623 -0.7139941 0.9994511 -1.0357019 0.22144191 1.9543824 -2.2496498 -0.25240168
masquerades 0.22209635 -1.1085285 -2.4675171 -2.3572717 1.007306 3.6961367 4.1570945 2.8883488 -0.44788197 -1.388712 0.65965146 -0.18281959 -0.2714699 -0.5826216 0.29821408 0.6732413 0.36271262 3.7267241 -0.48393556 -1.1809669
naturist 3.6858003 0.764562 -4.3900104 -1.231524 -0.9032857 3.9542973 0.080550715 0.75646627 -0.038104475 -0.96030134 0.16682278 -0.29083848 -1.6586602 -2.3400216 1.0748498 -0.3546501 -1.3710635 2.5738788 -1.9512975 0.17641874
socialites -0.95205015 2.0110931 -4.010069 -2.5796795 0.38633603 3.4935672 1.3708838 1.9298556 0.8990708 -4.2067547 2.0168097 -1.0300198 -1.7023132 -1.2991688 2.6750133 0.56279594 -2.8538032 0.84098595 -1.0601083 -3.4187593
choreographing 0.91518235 0.25600633 0.12442259 -3.2445033 -1.4377862 3.542446 1.4489311 4.7056136 0.3091068 -4.464658 -0.6842221 -2.243316 2.3802032 -2.669583 2.634284 -0.5711531 1.5982394 -0.116398394 3.5066833 0.78125787
footlights -1.8602977 0.5564374 -1.4910725 0.9927562 -0.29779726 1.1579131 -0.93969107 5.3926606 1.1833696 -5.7706056 0.27990076 1.301346 3.3570313 -1.492821 2.4164221 -0.5518683 2.0207741 0.6882511 2.599072 0.21110238
gondoliers -1.1576298 0.3432218 -1.0975668 -2.7152746 -1.1293864 3.0011015 1.9767576 5.6325274 -1.482371 -2.6449444 2.1516554 -4.2997518 3.2083719 3.0177143 2.2763953 -1.034692 0.6369875 -2.2834916 0.07165028 -3.432037
parkour 3.215708 -1.3277135 -1.4001756 -2.9977415 -0.40283886 3.8904474 2.784418 2.964531 -1.1840146 -1.1788496 0.13017885 1.3730491 0.48241693 -4.175703 1.1419978 2.4838214 2.3924007 0.5268692 3.8559792 1.5872144
projectionist -2.1436248 0.19983765 -0.20093018 -2.7194595 -1.6708742 1.3089286 2.7784681 3.8112428 -2.0089204 -5.0409055 -0.0076984004 -0.74595946 0.42760614 -0.6000591 1.1006036 -0.41881046 0.085033275 -2.3189864 2.5496244 1.0647494
woodcraft 0.8463316 0.99302447 -4.668369 1.8679042 0.6467125 3.2799504 1.375076 0.7855354 1.0485837 -3.2587087 1.2350069 1.8593118 2.1081812 -1.7619627 2.220259 2.5234206 -2.6963346 1.6037151 -0.015016084 0.38712776
yesteryear 0.2529573 -0.72874856 -1.7121878 -3.2924066 -0.9449909 2.40925 0.93231 2.1648843 -0.0669444 -2.4801846 0.017274769 1.4358367 0.63217455 -1.7923987 -1.3864199 -1.4467708 0.24646406 0.7214318 1.4687171 -3.5114963
ballerinas 1.0033791 1.2532681 -0.42666757 -3.4826202 0.502859 3.9573169 3.1841395 3.652003 2.9617689 -1.9943222 2.295861 -1.2052925 2.6111152 -1.4564852 4.0759006 -1.3583546 2.1499364 1.4201535 1.4631686 -1.7907355
rambert -1.7215605 -0.9412608 -1.3182756 -2.771655 -0.061104745 3.9344127 -0.5172199 2.9933343 -0.5579027 -6.254096 2.2309766 -0.21383563 3.9037244 0.74669945 4.189277 -1.599157 0.67425346 -1.5679561 -0.039873395 1.1059462
stagings 2.5174694 1.4818633 0.89830095 -2.1448576 -3.4923635 3.1878867 0.3480174 5.503101 4.0040107 -2.05799 -0.40935087 -1.1312559 1.4727721 0.75956136 2.2518172 -2.5301714 0.16124186 -0.7124298 1.2710457 -2.423142
reenactors 3.580546 0.5470551 -4.90666 1.3719982 -0.96785927 2.0025382 5.0089364 0.6006441 3.6262147 -1.1764184 0.1669794 -0.809868 0.5800123 0.54312134 0.090701446 1.5802193 -0.8769228 0.16627629 1.1755539 -1.6646765
breakdancing 3.0311732 0.17953064 -0.94049186 -2.5234034 1.4239028 2.1825764 1.5049255 2.8956425 -0.58872485 -3.771982 1.9710393 -0.13881046 1.055687 -3.8477895 1.177444 -0.9062264 0.77490276 2.9845889 3.622477 0.5433103
showgirls 0.6039419 1.3041881 -0.62151253 -4.1888366 -1.1498117 0.68529356 3.087869 3.3771262 -0.39720786 -2.5137434 0.5313593 -0.6684862 0.78523606 -2.9721825 0.4081898 -1.0822089 0.10223078 0.7805537 0.003037235 -2.5732906
choreographies 3.6154244 0.17682981 2.3086715 -2.5337362 -1.5573655 4.6652355 1.9761852 3.8888023 1.5047127 -2.3182173 0.26535815 0.99184704 1.3052039 -0.41186064 3.2971377 -1.8604497 1.0455601 0.7574577 2.1861253 -0.2794017
hostesses -0.028827496 -0.29945222 -4.15916 -2.9934247 0.0026365346 0.8412192 3.1544926 1.549725 -0.1609926 -3.4115932 -0.47757623 0.37470376 -2.3114238 -0.35575536 3.0775564 0.18801442 0.31471184 2.4058595 0.8405858 0.68686414
groundlings 0.9370265 -0.9168611 -1.0227944 -0.3781407 0.6253985 2.6274905 1.5471252 4.6167183 -0.97630745 -6.536699 0.39601737 -1.3936133 1.6234207 -4.583162 3.2731018 -1.4760375 0.74489146 -1.1997076 1.4239026 0.44296908
scenography 2.2411482 0.90353805 2.0080364 -2.248026 -3.556298 5.8713326 0.986494 4.169544 0.02910081 -1.5723574 -0.24078874 0.7673863 3.00311 0.22787884 2.870387 -0.7726575 1.0433247 -0.87367404 0.67727196 1.2127111
theatricals -2.2935922 2.5138972 -3.2147136 -1.48626 -0.43635944 2.6115825 0.86668944 3.886 1.2239028 -4.028471 2.0575414 1.3708427 1.9171989 -1.2268559 2.247292 0.23526956 0.11472688 0.3928564 1.6675955 -0.23929322
clowning -0.009923378 1.1473011 -0.96509194 -1.357702 0.22075626 3.9127734 3.280006 2.9553146 0.20762844 -3.4486268 0.94300425 -0.09639253 0.9729151 -2.6163235 0.6814064 1.0830672 1.2897937 1.7695975 3.456138 -0.34199324
mummers 1.6832252 1.5097848 -3.70251 0.61629903 0.075724594 2.0616732 1.611244 2.9925892 1.0258807 -4.3474708 0.8128903 -0.53073716 1.5772269 -0.78125495 1.2752575 -2.4148977 1.0772706 3.5466719 0.7686508 -2.7473173
fests 3.1307037 1.1066425 -2.4460912 -1.3341347 -2.2925625 2.7115772 -0.07647475 3.067262 0.5094488 -1.115275 -1.9103363 0.995482 -1.304267 -2.5704656 1.154912 -2.2346148 2.246058 3.0285637 1.0436653 0.6070916
socials 2.4847698 0.5717575 -3.440496 -0.21847767 -0.51165867 2.6604414 0.013999642 0.9551857 -0.717238 -3.6666214 -2.3344314 -0.4771328 -0.9796959 -1.1293534 3.1698008 -0.3787092 0.19341797 4.9009056 0.6058475 0.39864656
playroom 0.76383466 2.8527155 -1.4874003 -1.1852957 -2.0298615 1.5802562 3.8284495 0.111348964 -2.2799847 -4.4047623 -0.54212016 0.6076443 1.0605774 -0.21674876 2.8563154 -0.38136712 2.5342257 1.378101 0.119770706 0.19357347
makeovers 0.5074576 2.2039073 0.16924581 -3.093301 -1.652165 0.4385811 2.9532309 2.228483 0.32705727 -3.4978895 -0.36228815 0.65811986 -2.465086 -1.176223 2.0002887 0.028824013 2.836015 1.4875717 0.5165489 -0.504969
impersonators 0.22332504 0.84991693 -2.034927 -2.502696 0.7270993 0.7186512 3.8000193 2.7093928 1.3280427 -2.6405714 0.68362623 -0.01815847 -0.74442023 -2.73504 1.6755748 -0.27344096 -0.21060555 2.772103 -0.47149685 -3.0514832
tastings 1.9957091 2.6486733 -2.9075134 -5.3800087 -3.3485718 2.8047762 -0.099853806 -0.8134842 -0.6219167 -3.3672214 -1.2424526 3.2649956 -1.2578148 -0.46041656 3.0558503 -1.1319891 0.78958267 3.8447065 -0.7666479 0.982415
cancan 0.883969 -0.9684179 -0.13563663 -3.2995539 0.4975527 2.6831343 1.5954155 3.1628497 -1.1215012 -3.6347349 1.9881847 0.7652767 3.0491555 -0.4965308 1.2582554 -2.5025551 1.1109904 1.229895 0.44842222 -1.6590947
vaudevillian -1.6426098 -0.22887294 -0.49224564 -1.6642638 1.0130721 2.3457124 1.1653795 2.8431304 0.33273265 -3.8710628 1.5088102 0.20925598 2.1026764 -3.8122354 1.2516294 -0.57811415 -1.0613928 -0.40740278 0.92415404 -2.83697
improvisers 1.6982925 1.0898163 1.3126951 -0.769036 0.33500612 1.7195071 0.28452763 2.780088 1.7568533 -3.3651862 0.4124547 0.99234396 1.7294519 -2.5955057 2.1220288 -0.23050126 -0.8938294 2.6717577 3.1933913 -0.3430371
ventriloquism -0.8586788 -0.27439162 0.72893566 -1.2808459 0.65014696 2.531467 4.071088 2.9411006 1.5185466 -4.186553 1.3426539 2.4854236 0.9366827 -1.9362681 0.28373024 0.70185894 0.6115374 1.1934936 1.9226124 0.3867085
radiophonic -1.0934575 -0.33299556 0.62891555 -1.3770591 -3.7389963 1.1976857 1.0900061 3.7613032 0.4726767 -5.3515544 -3.4583666 0.6378092 3.8293746 -0.7263384 1.5072328 -3.2455437 -2.5237982 -1.7259761 3.3350012 0.28847447
quadrille 2.0085807 -1.2811414 -1.7715352 -1.0313858 0.9953999 2.3017945 0.84591895 2.1664617 1.027986 -1.9914436 1.3765254 2.530403 3.6342032 0.18961537 2.3786478 -2.6411974 1.1458403 2.7936678 0.10742263 -2.2862282
preteens 0.5555111 0.3359833 -0.53399366 -2.2509258 0.6753947 1.6083701 2.2833083 -0.41076282 1.505844 -4.428269 -0.257238 -0.92906237 -2.8767788 -4.0460334 1.2976226 -0.2722306 0.4770724 0.7566362 1.5144706 -0.863127
compere -2.8409374 -0.7418617 -2.0076985 -1.4407097 0.081168 -0.06692393 0.014329977 4.8131375 -0.8433153 -3.3301902 -1.0260236 0.051875092 0.22565085 -2.7265923 2.1837254 -1.788703 0.42287892 0.6171045 2.0011766 -0.82033986
butoh 1.4788357 -1.7188559 1.0383544 -2.7574327 0.20284963 4.9880176 1.6161458 3.026904 1.8723553 -1.8527881 1.0894371 1.0465838 3.1702871 -3.2037683 0.84164727 -2.236363 0.4277292 1.1581514 2.435212 3.4723039
buskers 1.5192149 0.5203187 -2.8441818 -1.3071688 -0.4619208 1.4635427 0.30960786 2.0255 -0.8398674 -4.045699 -0.17666164 -0.107665606 0.57746243 -0.6721193 0.633077 -1.4004359 0.059339 3.1301093 1.7073067 -0.7689132
mimes 0.46421352 -1.020286 0.3652046 -1.8228831 0.8183871 2.2771292 3.2222006 2.3383873 -0.53470874 -2.5801811 0.45281583 -0.01935053 1.3451606 -0.46396735 0.81023574 -0.13861682 0.98269963 2.3252637 0.8643445 -1.5173372
charades 0.81113565 -1.4838041 0.079235435 -2.7435942 0.11564595 -0.13132371 2.1792343 3.121524 -0.29568142 -2.1104434 -0.57565516 0.5218139 0.19311416 -1.9373193 0.5026871 0.85743004 1.7515785 1.3147075 1.2334642 -3.1111686
preppy -0.2504897 0.12204401 -1.2624611 -1.0591843 1.3894986 1.5229217 1.5355664 1.9207104 0.03921728 -2.5560205 1.0511011 2.4808602 0.25981995 -3.1259809 1.1274477 1.972299 -0.9496307 2.2960255 1.2238904 -2.1673713
photoshoots 0.86804557 0.77567875 -0.43630284 -3.9631786 -1.6399486 0.56734306 2.4494421 2.8462467 1.7648151 -1.7018697 -0.5221869 0.32200807 -0.5149683 -1.7440017 1.422404 -0.8072613 0.008336541 0.92835397 0.8617367 -0.40468603
sideshows 1.5060172 2.307055 -3.1319182 -2.8264458 -1.5782124 1.5969887 2.1918912 1.6273432 0.33921766 -1.8221966 0.9669703 -0.22724944 0.3045385 -1.2498468 0.43721476 -1.3028381 0.31308165 1.6700566 0.7257745 -1.5845637
ikebana 0.54948676 -0.3193181 -0.98823315 -1.2704678 -0.18438709 4.650384 1.5247966 0.611683 1.4081105 -1.9457878 0.879076 3.7240481 2.1889315 0.10168917 1.3578682 -1.3280007 1.1816037 2.891049 1.031417 1.1398567