Centroid_150 -3.1264949083703697 3.900189974074074 4.104871695308643 -0.35141956320987655 0.5875940827191355 0.9945360970574076 3.6482278279876534 -3.530605655777778 3.4849039508641977 -1.097967593808642 1.8118970411790116 -4.25527031034568 -3.912093229074073 -2.072347881580247 -0.8180016463950613 -0.23477750477777778 1.9303717897839507 -0.2339507812833332 1.2015403882469136 2.1619436329648156
causes -0.5055231 4.894567 6.083679 0.14972422 -0.8351539 1.8898616 4.1074276 -4.2969265 1.7235237 1.9915687 -0.6844089 -5.8503623 -4.7077675 -3.8902235 -4.622406 3.2172675 -0.27122825 2.14151 2.3813632 0.999278
severe -3.1806643 4.8432 2.3480983 2.7155867 -0.3001163 -0.73543763 1.9509622 -5.804351 4.7302403 3.6514323 2.054387 -9.829652 -5.872618 -1.2041566 -6.087454 1.6458354 1.9135401 -3.7922 6.660675 1.213271
childhood -3.2209044 4.193073 2.1135008 0.06438476 2.4237425 9.497877 1.3592849 -0.2133344 5.423694 -8.564811 7.138165 -3.2365324 -3.9081228 -4.937576 -0.90410507 -1.779975 3.7589014 -3.332582 0.38013452 -1.2912178
mental -2.7249734 4.185674 4.9556227 4.5879154 -1.5163039 5.847111 6.108082 -3.3591304 2.8042789 -2.9423337 -2.2527337 -3.477203 -7.9800944 -4.7793236 -1.5490351 8.115321 3.9921262 -1.2291335 0.47407326 4.596016
ill -8.888114 4.516094 4.275697 0.140615 4.423436 -1.2189451 2.6223292 -1.0013186 2.8668733 -6.45489 7.419567 -6.5912385 -6.8571854 1.3714286 -2.6983056 0.10703646 5.141954 -0.2549171 1.9331789 2.3762698
suffering -3.9846027 4.75232 2.5553987 0.32761127 1.0575043 1.2805716 1.6298194 -2.6831527 5.476008 -0.43162242 2.4230795 -13.593494 -3.1731186 -1.5487498 -4.5564127 3.6036098 5.011072 -0.15947652 3.72539 1.2756162
pain -5.661964 6.2846766 9.388459 0.2863763 1.8714424 1.6213622 7.8898573 -0.3245745 2.4356222 0.6516654 1.2814808 -6.355289 -4.5696907 -4.4505405 -2.7564585 0.2098165 4.7484164 4.584812 5.8809648 2.4545753
illness -7.0864406 8.571632 6.5778446 3.3952918 0.054823834 1.3869087 4.4338193 -0.5228669 7.098272 -1.942839 5.3110666 -8.684572 -6.5862145 0.16701487 -1.3986608 -0.757517 6.7591596 -3.928205 0.9219895 3.067458
treat -4.6402802 1.5397383 3.81795 -2.2206056 1.5970616 1.5720518 6.225617 -6.7182736 2.6766093 -3.3705783 -1.030491 -1.457102 -3.9521465 -0.96607274 -0.74354887 3.865872 -1.3760847 4.285908 2.9260712 4.6947536
pregnant -7.73269 3.2725773 4.4301744 -5.2977195 4.7561164 -0.8860906 6.009049 -3.1364803 2.2339554 -6.469683 5.6956506 -6.1685057 -8.680223 -2.740887 1.100064 1.2867676 7.438288 1.1993393 -2.8307889 1.258245
sick -4.84925 5.3071666 -0.10677987 -0.6792795 3.3811028 0.65822434 6.7528076 -3.2440932 1.4046553 -7.673707 6.041501 -5.257921 -6.039879 1.5866021 -0.688923 1.2549039 3.9934278 2.3433065 1.2136527 3.1454365
pregnancy -4.1807957 6.3747096 8.698662 -2.732278 0.56168586 -1.2830068 5.342687 -3.1726422 6.4054394 -2.937103 1.323245 -4.337064 -10.478881 -4.6423173 0.35532483 0.100811966 6.8740096 1.0959601 0.55317926 3.8317919
infant -4.8080907 4.25213 3.1600208 0.4080433 2.4084032 4.1277223 4.160413 -6.628977 2.0737867 -2.150256 4.1040096 -1.1963292 -3.5966609 0.70774907 0.9587711 1.335314 5.218924 1.6885018 -2.3322291 0.800004
onset 1.0497917 2.233379 3.9619377 1.8133298 -0.8795451 0.77333945 0.036484364 -3.159353 8.14595 0.31691355 1.4956374 -6.2466917 -1.0494968 -1.6278626 -5.093388 -1.6371533 2.05139 -2.9786992 6.112238 2.758494
treating -4.584217 1.5053858 4.7146835 -1.1401199 0.07223962 2.922633 4.979584 -6.173516 3.604241 -1.6815253 -2.1644034 -3.0354142 -3.2829933 -0.8485798 -1.3223231 4.1646028 -1.7982519 1.9819041 3.1629045 4.2350087
recovering -2.7836041 3.6196043 0.99784213 -2.1558962 0.19584166 -1.3304303 1.3939748 -3.3523734 0.78687704 -2.1586103 2.4608388 -10.341022 -0.6676309 0.14065275 -1.5848019 4.6459036 3.4088001 -2.0280583 2.5104892 2.17608
addiction -3.9023879 7.6753697 6.09972 -4.98168 -1.0625244 0.5121909 4.3559084 1.1972991 2.9997542 -4.473464 1.5390074 -4.500719 -7.8524947 -8.427136 -1.0259162 2.9101589 -4.028169 0.12456044 2.42 3.6966646
mentally -5.4738946 1.4399197 4.9830127 1.4347949 4.9704666 3.4311593 7.378692 -4.125903 0.24657896 -4.227506 2.2369454 -5.5204654 -9.272691 -1.3656752 0.50918674 5.9532766 3.342712 0.9206392 2.877069 0.75630337
epidemic -1.4648046 6.461352 0.19518489 2.7736712 0.4461987 0.084974915 3.7382314 -4.839678 8.136975 0.75149775 6.3294854 -6.748692 -6.399151 -3.8838313 -6.5655537 -2.87106 -1.7476072 -4.4139013 -0.4892282 5.7362876
infants -2.7292454 4.8515806 4.8693967 2.1685789 2.915494 3.9797833 6.600445 -8.924089 4.4124184 -4.481358 1.9118636 -0.9277235 -6.3246665 -1.6572753 3.2479286 -0.23289248 4.610125 1.8781456 2.7626808 1.796646
babies -3.6676 6.344602 0.867429 -3.7327585 2.2875621 -0.26857606 7.1738462 -4.7133837 3.514369 -5.8292465 4.4279156 -0.39183137 -5.222123 -3.2200017 1.8145963 -2.5422246 2.645118 2.3785095 1.1265502 1.3875326
pneumonia -6.883864 9.427833 4.8649364 2.8860888 -0.66046506 -2.1959858 1.9334766 -4.8854957 4.633675 -3.0193832 4.676003 -8.476464 -1.9313438 -2.5501966 0.23826888 -4.609764 2.7816763 -5.6791472 -0.752446 4.748764
malaria -2.269837 2.8043675 0.8187109 -0.37562755 1.1342524 1.3377789 3.2962189 -7.1073127 6.3167176 4.4379315 4.782929 -5.02611 -5.9137883 -4.4533844 -2.6647701 -0.4056813 -0.61097425 -5.633077 1.2621342 7.7158937
births -0.29109854 4.128817 -0.28104526 -0.6804883 0.5569912 0.7405179 1.565587 -8.284335 11.421928 -2.683404 1.486508 -1.3499765 -12.112629 -1.4325436 0.500968 -6.5945554 5.044666 2.4934032 -4.250268 0.33771622
adulthood -1.1887085 3.7938964 5.2060432 1.4921939 4.0030675 4.5867553 2.2196999 -4.5588193 7.8095183 -3.6391354 7.218878 -1.1830456 -4.106807 -2.8393178 0.3152548 -0.7769435 5.3658943 -2.0499365 1.2438053 -2.6680405
coma -3.163517 4.058996 8.373392 -1.9862835 1.4780526 -2.711419 7.275451 -1.391163 -0.43580717 -2.3695781 4.918017 -7.4209476 -1.6506411 -2.1253955 -2.2760882 -2.7594354 8.916033 -2.3804038 -0.13026562 2.7374263
newborn -4.0356426 2.4259174 2.2521093 -3.2525647 3.1107857 1.418209 5.6699815 -5.987061 2.0451694 -3.0850332 2.8211155 -2.029285 -2.769022 -2.749754 1.5045843 -0.2252353 4.4377985 2.5474148 -2.2986302 2.5611792
hospitalized -6.127651 4.8596044 1.9509908 -0.722689 -0.0025776185 -4.1044545 2.180382 -3.5570903 1.3809069 -4.296528 -0.5365765 -15.031674 -2.479629 -2.7498689 0.28421462 -1.3734789 3.805688 -2.1716611 -0.08051752 4.6799936
infancy -1.3524066 3.0354986 3.6434546 0.8824507 0.11864854 4.2249565 2.3063982 -3.9742956 6.222803 -4.4286146 3.3220384 -0.9428153 -1.612893 0.36840212 0.5432535 -0.36077234 1.7086066 -2.9923508 0.6359742 -1.3108954
illnesses -3.1926532 7.583884 3.8977976 0.32822534 -1.4013523 4.484764 7.570082 -5.2810736 6.745148 -0.058121942 1.455578 -5.2247643 -7.6174583 -3.1627097 0.22926216 -0.7507585 0.57408303 -2.342295 2.8503616 2.5622845
alcoholism -4.93015 6.8239884 5.805749 0.06322377 0.75640154 3.3223562 3.00715 0.46111938 5.3623075 -3.2835119 4.2241936 -6.9751964 -7.8750877 -4.282696 -2.0285742 2.660987 -1.1381348 -2.6523666 1.3422614 -0.35437542
traumatic -0.10118714 2.8014457 4.5450864 0.25071195 -1.4572588 3.843468 6.1772175 -2.063144 5.0652294 -1.9726216 -1.5682288 -9.855458 -3.281833 -5.435926 -3.2089481 5.1667356 4.4484534 -1.8256673 1.9758828 1.7074537
cholera -2.4217813 5.83218 0.38328698 2.7322564 -0.9829787 1.7075745 3.7173727 -5.6252565 6.5650797 0.6459311 5.8916073 -6.5829062 -3.7339845 0.24009305 -5.4206877 -3.2888803 -1.3107308 -5.5122437 -1.9287083 5.756968
smallpox -3.1538239 4.447102 0.8345336 2.128652 1.8272955 -0.2654938 5.069319 -7.0429115 9.094314 0.29871476 7.6277623 -4.0918264 -4.4989567 0.8871254 -4.192747 -1.1758955 -1.8882285 -4.272952 -1.8093258 4.8408246
starvation -1.8404007 4.209889 1.3124739 -1.4691207 1.6892188 1.4500939 4.2484007 -6.725478 4.899043 2.3026454 6.3066034 -8.936699 -6.61292 1.2145809 -6.66971 -0.82088727 -0.4549363 -0.6461344 1.8609723 2.7641008
cured -6.2821393 4.054705 4.9984937 -4.1805816 0.9113754 2.0654023 5.384499 -5.9803514 1.1719722 -1.591388 2.2765696 -4.5875072 -0.12899445 1.6911159 -3.1665998 0.7723246 1.654268 4.5883718 -0.035771847 3.033436
overdose -8.409951 7.31489 7.9484105 -5.3543863 -0.5050204 -5.4068365 6.3203063 -3.2862933 2.630228 -3.4716957 1.7198982 -6.1533227 -7.1047463 -3.2840786 -1.0412678 -4.7841763 -2.053942 -0.88220227 0.7998767 4.27366
asthma -6.561198 5.164614 4.7825356 0.025155356 0.7358547 1.6919955 3.8465207 -4.6793 4.370368 -0.5381923 1.3940891 -5.2347913 -5.166581 -5.406911 0.77464354 -2.002902 0.573168 -2.9181173 4.1048307 5.634089
childbirth -5.093545 5.5964627 4.72029 -0.04385254 0.31657422 4.5258627 5.4177566 -4.756375 6.3022976 -1.2268003 2.9608743 -2.7113285 -4.944423 0.97009677 0.4291408 -0.42285523 5.2522936 1.7389611 -2.0816784 2.591306
exhaustion -1.4364749 4.112586 4.709812 0.3720971 0.090547405 -0.9381832 2.5298743 -1.5418959 1.8851376 0.9078641 3.9687324 -6.1674643 -3.3624713 0.8188186 -4.5815587 1.6332775 3.6318364 -1.7247412 4.558777 2.5684886
adolescence 0.35219654 2.8820755 5.2723956 0.28523636 1.9598926 7.9622498 0.5784299 -1.5372484 6.5167847 -5.5138 4.620552 -3.034921 -3.273937 -5.532366 -1.8514016 -0.6820535 3.9173188 -1.5594947 1.7098957 -1.1663176
marrow -0.4806154 7.7810864 7.775674 -1.2103611 -0.14000908 -0.033747323 5.201718 -4.430351 1.1591748 -0.74183214 1.882403 -3.8726776 0.15764807 -3.086904 3.5572977 0.39834124 0.23852772 3.8882875 -1.4282022 4.285659
courtship -0.53574926 1.9633862 1.853811 -1.013018 3.040447 3.3421767 6.5367255 -2.9319243 4.0347924 -3.2699559 3.085496 -0.4799458 -1.7576406 -3.9636834 0.29168516 0.75965285 5.91396 1.5781327 1.2134839 -1.5544312
blindness -2.293906 4.7070236 6.041977 0.42141145 -0.5992814 3.9582515 7.305464 -1.1177677 4.4988885 1.6597056 0.815932 -4.2165184 -2.3628397 -4.048942 -1.2303029 1.6740822 4.8871727 -0.28371823 1.755732 2.1713188
fetus -0.7832479 4.5797653 9.443704 -1.4193562 2.207445 1.1903118 6.532146 -6.683261 3.4127886 -0.14459398 2.9958193 -2.59285 -5.800721 -3.1052637 -1.0394688 -0.02638633 4.442912 3.7113388 -0.7400029 4.9438615
deprivation -2.160291 5.0108624 4.4451623 3.03559 -1.5519649 3.6490548 2.530131 -4.3275065 4.282998 1.7290729 -1.9962107 -3.648018 -7.0841475 -1.1913475 -2.6341457 1.360711 1.8417543 2.8908632 1.6249123 1.1265365
appetite -3.45897 4.8065486 4.279777 -5.071745 0.33995217 2.6326683 2.5820067 0.024165228 3.959397 0.965216 3.3429954 -1.3443763 -3.8792171 -3.8288078 -3.6003373 0.701543 -0.3913422 2.8230126 4.3255234 0.31799477
rehab -0.44543895 7.505509 2.9807348 -1.593017 -0.6121114 -5.1392474 2.354523 0.99554634 -2.8047118 -7.040848 2.3999698 -5.547146 -5.5160384 -5.107357 3.242405 1.0757526 3.503281 -1.7128206 1.7281543 4.6537886
discomfort -3.6985102 4.6632853 5.264746 1.3924294 0.80518836 1.4131713 4.6236453 -0.39759156 1.7963868 -0.6233745 0.4297073 -4.4820337 -5.187885 -2.55283 -3.6360233 2.2965877 2.7382336 2.9345791 6.8405433 -0.31134307
afflicted -4.280662 2.686005 1.7489673 0.0040111705 1.1004148 4.322608 2.7129161 -6.10753 4.7593246 -0.7003548 0.42223787 -8.494804 -1.0177375 -1.3125547 -4.2047563 2.0775099 1.786153 2.1480095 0.18557122 0.8892875
addicted -6.217283 2.605872 2.5439131 -7.763484 2.146646 -0.76897633 2.7127147 -1.3210274 1.685554 -5.3111644 2.1848352 -3.5520291 -5.2587585 -5.2213116 -1.8370222 1.1687795 -3.3466516 2.8361242 2.075548 1.2843987
malnutrition -3.1721544 5.149311 2.0707932 -0.28863412 -0.34056517 4.9918737 2.513368 -7.003241 6.6794457 3.389657 2.2153928 -6.099456 -9.929364 -3.2045934 -2.5095067 -1.4331641 0.18728699 -1.4560002 2.878854 4.3354344
polio -3.1250381 5.4602175 1.807809 -0.6029092 0.5668294 0.03533413 3.1203392 -3.83902 5.5325327 -1.1890762 3.7198558 -5.42325 -4.951847 -4.522012 1.7073091 -0.19710153 1.011807 -4.199954 1.4210069 6.989749
pandemic 1.3738333 1.8786969 2.0842109 -2.2015393 -1.3650945 -1.4716564 2.489468 -2.6190257 7.6691017 2.0843322 3.318297 -3.988171 -4.68101 -5.793424 -4.926994 -1.0095645 -0.17538925 -6.0732512 -1.2188851 6.1711025
gestation 1.8320469 2.816767 4.39904 -2.1997378 1.4286107 -2.1418893 1.601621 -11.553625 10.250281 -2.7055902 2.4620035 -3.9987934 -1.8467387 -2.2385375 -0.60606337 -4.0530376 7.8939495 0.48014066 1.541913 1.7237613
medically -2.3209803 3.9252682 3.4369602 0.971874 1.8255378 -2.217069 6.125674 -5.0644617 4.239492 1.7675093 2.4706767 -1.4586302 -7.227064 0.24238856 4.3273373 3.1334696 2.5451894 -1.5141159 3.2873003 5.1407733
miscarriage -6.9641914 5.587158 7.586927 -0.3417534 0.23598747 -0.9658263 5.1769385 0.40123948 3.949337 0.62768275 2.334776 -6.412303 -8.435586 -1.2182847 -1.7374403 1.1752272 4.5909305 -0.54692835 -3.0939271 0.22869816
unborn -4.2997065 2.891526 4.5099545 -4.09652 2.136311 1.354901 5.434171 -4.5524287 1.3630525 -1.7348745 3.4421444 -3.0247116 -5.1041293 -1.7512387 -2.0364916 4.8632536 4.3233805 3.930962 -5.8735375 1.4502205
typhoid -6.2109246 5.7232785 1.0619105 2.1809394 1.1834677 -0.183879 3.3449886 -5.850768 5.6619143 -1.4837446 5.7899227 -6.841268 -0.48458785 -1.4636502 -2.0244782 -2.3036313 0.4953636 -4.2996554 -0.671769 4.8363686
puberty 0.46808782 3.175008 7.6882954 0.57933074 4.1250043 3.5081599 2.8302062 -3.8499703 7.4235845 -3.1124642 3.430271 -2.9801557 -4.887855 -5.2660785 -0.06463176 -2.7088249 7.595524 3.3765018 3.7691972 0.91693383
ailments -5.051689 9.1550045 4.0975704 0.0016626245 -1.0922823 5.1627064 7.6592274 -4.0522585 6.1595035 1.1310282 1.7913525 -3.6253102 -4.1927776 -1.6821172 1.3135747 -1.7446723 0.4022522 1.5797329 2.9915056 2.4782338
untimely -4.6541514 2.4818585 4.2577653 0.15943924 -0.8904156 0.023918401 0.6474125 1.398641 4.337939 -3.213462 2.1229136 -7.3312755 -1.768508 1.760791 -2.9350343 -0.34950182 2.0293765 -2.7866 -1.7168808 -0.72601753
ebola -0.29271436 1.9704695 -0.9401597 -0.27803415 0.43295082 -2.7506654 2.8175445 -4.578803 5.889872 2.2693207 2.6875026 -4.3726125 -6.3526816 -7.119391 -4.900489 -0.92567426 -1.2254493 -3.2030396 -0.7056518 9.534405
cures -2.039676 5.430398 4.1763887 -2.7598827 -1.3916563 3.1462817 5.7465553 -2.2804167 3.304807 -2.1095004 2.0178308 -0.88459575 -1.1459739 -0.92329884 -2.8672814 0.359023 1.4280049 2.9505079 -1.00783 3.3031392
suicides -0.9214181 3.4979975 0.2716698 -0.3286001 -2.1625125 -0.82460594 5.951459 -2.2002652 4.8282895 -0.43055338 -1.1945121 -4.2908106 -7.698318 -1.6759444 -2.9485002 -2.0560749 -0.26510575 -1.229737 -0.1485017 -1.304567
obese -5.3858895 1.1449854 1.8598018 -3.8199532 3.1961823 1.9431741 3.4994838 -5.4372244 4.9066744 -0.9396632 0.28194973 -1.5919099 -5.26493 -6.142225 1.0198874 1.376648 2.0332572 2.0352092 3.265292 -2.2977622
syphilis -3.4908526 4.4803605 6.2934647 1.0252115 0.5745162 2.0872111 5.7694516 -5.593504 8.274439 -0.723262 3.2553277 -3.6863244 -2.284953 -1.9847523 -0.54506683 -1.1981597 -0.54976505 -3.2118464 0.1606188 4.588454
meningitis -4.5489745 5.69892 6.3546987 1.4527125 1.2111816 -0.7473771 4.265668 -5.7551293 5.7344766 0.18397981 2.5725982 -6.7992516 -2.9715374 -4.458448 1.818868 -2.8912418 1.123544 -3.3887491 0.73221016 4.848721
insomnia -4.119451 4.2661204 6.470293 -3.088362 -1.4565716 1.7605361 3.8433094 0.071748346 3.3988695 -2.0814052 -0.15593487 -3.8514056 -3.1786613 -4.9689035 -2.6050582 -4.231594 1.3674961 -0.1703546 4.3223248 1.9763498
pregnancies -2.0534036 6.595653 6.5347 -0.8782169 -0.10190398 -0.39265704 3.5882616 -4.2052274 7.878469 0.10743394 0.76293284 -4.2298894 -11.054195 -1.7928982 1.936546 -1.95608 4.1912236 1.3522857 1.4941938 1.526327
measles -2.7124937 2.781756 1.4224629 0.06742682 1.8523371 -2.2271035 3.2806323 -6.083094 7.6057816 0.3278093 4.0404763 -3.8282151 -4.059422 -3.4145527 -1.7003471 -2.6144965 -0.4480015 -2.6785247 -0.67505485 4.584071
addicts -1.3539529 4.941273 1.2983661 -4.487427 -0.2848163 0.97403234 5.9425397 -1.4403555 0.21531627 -4.6012444 0.66427976 -3.3354082 -7.554313 -4.011781 0.9499298 0.6773538 -4.187314 2.0907724 0.9314765 2.783202
remission -1.9353163 5.456489 8.84723 -0.45129967 -1.2044148 -2.3445218 1.0822212 -1.9970951 5.536328 -2.9266136 1.3965309 -3.9725506 -4.928424 1.5213921 0.04941096 -0.14507042 5.343844 1.1861843 -0.2794341 3.887058
hospitalization -2.9327772 6.0870566 4.9512753 1.8667377 -1.8411471 -2.2688658 4.104367 -3.3635652 3.2253237 -1.9436829 -0.59766454 -6.9795976 -6.7247334 0.6079997 1.5398377 -0.6161279 3.8447003 -1.8653516 1.7074635 4.6003766
intoxication -4.3040714 5.062715 5.137314 0.06036121 -0.65347534 -0.74760103 5.5575285 -2.1432855 1.8473998 2.2617493 -1.4543078 -2.7017128 -6.3386593 -2.0178144 -1.6763614 0.23931251 -0.4077439 3.732667 1.3465583 1.9953339
typhus -3.4528742 3.6158192 1.5356597 1.2324163 1.7932163 1.7785932 4.743122 -6.660507 6.06921 0.99375176 5.947794 -6.9533854 -1.1913792 0.36225185 -1.6219325 -3.6516733 -1.4878324 -3.9580984 -0.49647233 5.4230824
transplants -0.029439686 8.0164385 4.667969 0.46338394 -1.780985 -0.1347165 2.3256888 -3.462621 4.5177565 -2.4632785 -0.31844598 -2.9766428 -2.109468 -2.3311021 3.6047695 -1.4894174 0.059389662 2.9720824 2.1145103 5.7227364
contagious -2.4269176 2.0456855 3.0190363 -0.5606951 1.3840054 2.157429 4.1984982 -4.5379934 4.2860136 -1.644371 0.87673694 -3.1705668 -2.54838 -4.7461863 -4.406553 1.6517209 -2.8907387 1.7534565 1.1929741 2.9940288
terminally -6.01007 1.8817958 4.4061418 -0.42638597 2.597482 0.44079962 2.4103293 -4.0198946 0.6231482 -4.7779903 0.9102857 -4.548147 -4.239025 -1.5142368 -0.56762606 0.6935016 1.2363149 2.0489693 -0.26045355 2.948452
newborns -2.55454 3.8540382 3.3549664 0.12381644 1.158522 1.2176454 5.508267 -8.017503 4.473154 -1.097692 0.10772891 -1.3321171 -5.0229855 -2.3248851 1.4813792 -1.9400839 3.8881614 2.0332212 0.9812457 3.346977
hospitalised -8.28441 2.8538263 0.6747937 -0.579974 0.41715398 -1.4467291 1.6515241 -2.44571 1.5271858 -1.390671 -0.4295095 -12.708592 -1.7404985 0.9081597 0.016042821 -2.7781084 3.3155127 -1.722928 2.5568678 2.623086
ailment -5.6148286 7.4778814 6.1944613 1.9991308 0.46291587 1.2057066 4.2072115 -2.5042684 3.1332645 -0.3235019 3.5217953 -7.5711308 -2.1675956 -1.3780365 -0.58331174 -1.26004 4.6465545 -0.7722106 0.37321314 3.5027604
sufferers -3.657519 4.7635446 3.0726936 0.51008934 0.03785103 3.9851928 4.82181 -4.5616794 3.9748557 -0.6066488 0.009141814 -4.677604 -4.550883 -2.6897213 -1.1169055 0.08463902 0.15931419 1.5548469 1.5342981 3.0475059
debilitating -3.6471062 3.2369015 5.308524 -0.29080015 0.49404922 2.6698916 1.97023 -3.3168035 3.653781 0.2117584 1.602179 -8.315444 -1.7991478 -2.2016127 -2.3271916 2.7730412 1.143541 -1.8116661 4.0495377 1.1827677
orgasm -1.4412222 1.6706516 7.840564 -2.2339423 1.92118 2.0532663 5.601559 -0.18331727 3.8822932 -0.423592 0.23680213 -1.1547589 -3.5922377 -5.5418625 -1.9031239 1.0655962 5.6678715 5.1980915 3.2554867 2.0387158
caregiver -3.5590506 2.2379797 5.4737654 -0.20251489 1.6228951 3.550944 4.735269 -2.7999146 -0.36037126 -4.021421 0.37316594 -0.8612274 -8.939113 -3.812797 2.6330607 3.9561343 3.1930184 -0.6102931 1.0079999 1.3197489
addictions -1.1896363 5.935294 4.4808073 -2.4763746 -0.68329376 2.3781836 2.7597587 0.31493512 2.1717117 -3.16614 1.1636143 -4.254899 -6.5779963 -5.5308776 0.6922399 2.1414702 -2.900126 0.586745 1.8209864 2.5490732
binge -3.7827995 6.2718825 1.9538003 -3.2648156 -0.51824147 0.56773734 3.034775 -0.28103566 1.3070242 -1.778838 0.8380896 -3.3800926 -7.188043 -5.2044554 -1.8417615 -1.8686376 1.1242347 2.5311637 3.6123028 0.12300367
stillborn -4.539707 2.4427662 4.165806 -3.8036563 0.8091934 -1.160433 2.68947 -3.705846 2.9849179 -2.6276932 3.2594895 -2.9192011 -1.7066503 0.6354831 -0.48333952 -1.2784406 3.3156936 0.23809913 -3.5914867 -0.39498198
bedridden -6.1830864 3.4155965 4.0995426 -0.46923193 1.5230626 1.8499558 3.4643834 -3.6887343 1.870494 -5.1524234 3.0987613 -8.302252 -1.8683933 1.5310415 -0.6121441 -1.8413041 4.433395 -1.3041085 1.524708 1.059215
phobia -1.821659 1.2106565 5.1242104 -1.9077834 0.97391504 2.167935 6.339123 -1.1274059 3.4978943 -0.4386452 0.41516197 -0.40939823 -3.456463 -5.962883 -3.2116804 0.6292457 1.712133 0.757264 2.838689 0.12589459
chronically -4.0756125 3.6738896 2.233909 1.6976787 0.9453935 2.7369742 1.3374457 -4.679853 1.5598391 -2.1789193 0.714275 -4.216598 -6.8905687 -0.85232085 -0.32190818 0.21937199 0.6322064 -0.532358 4.84384 1.2038611
recuperating -3.8606703 3.245545 -0.7292046 -0.1458246 0.57867646 0.40325513 2.0744839 -2.175633 0.9142835 -3.066896 2.7583976 -9.41032 1.0730546 0.3803009 0.3525415 0.12014433 4.2961607 -2.6371224 1.0203902 3.0919213
postpartum -3.8630764 4.834674 6.6517696 0.49713182 -0.65156937 3.369429 2.9908872 -7.010007 5.048607 -2.753546 -0.62987477 -4.802077 -5.1847534 -3.3744597 -1.9101503 -1.4838853 3.3144007 -0.0020745099 1.4459056 2.5376866
incurable -4.2999463 3.7976997 5.9697013 -0.8510532 0.4994813 3.5636287 4.6630826 -3.8305902 4.2285504 -1.7270963 2.4257092 -5.610702 -2.3755805 -1.26044 -1.9110397 0.9422166 2.0069854 -0.7228699 -1.3193696 1.8305653
coughing -5.0656223 4.1917195 5.621254 -0.45979232 2.0863729 -0.20596996 6.705587 -1.7807645 0.10848253 -2.4241333 2.2622113 -4.06096 -1.6020837 -3.3353822 -3.3568957 -2.87984 1.9555893 2.5300686 6.2626333 1.3508719
schizophrenic -2.631764 0.7777827 7.260563 -0.8800296 1.6531909 2.230446 5.6100163 -0.79360586 2.51035 -3.8522124 0.23056374 -2.6413677 -1.5289178 -4.8319173 -1.7894025 0.7739059 0.303892 0.3019825 0.183376 -1.0751169
bronchitis -6.41344 5.7318373 4.8865666 1.1241596 0.27990845 0.76123196 1.9899883 -3.555902 3.671683 -0.22615379 3.0490034 -5.1972427 -1.220553 -1.464073 -0.3363987 -4.0189805 2.468322 -2.0826406 2.402664 2.3563347
fetuses 0.74551934 4.4869423 6.868011 -2.1097562 1.3983519 -0.47419474 7.33032 -6.566212 4.140192 -0.7263272 2.3107605 -1.8608105 -5.766676 -2.2530303 1.1132082 -0.82692647 2.3977153 2.1847258 -1.00998 2.7586
appendicitis -4.9433103 4.5551066 5.4114876 2.1212163 -0.18683992 -2.6366498 3.2309477 -2.3258834 2.1523461 -0.99064267 2.2632246 -6.3496823 -1.5332327 0.24824242 0.4619207 -1.7511145 3.9164863 -4.6794915 1.6242449 3.3497186
menopause -1.9225099 4.001649 5.2263527 0.22394082 0.8388544 2.568454 1.9299878 -3.3841267 6.569485 -1.490757 0.55128264 -1.1569742 -4.2960367 -5.9466996 0.32515326 -1.5747781 4.2032146 1.5779325 2.3568392 2.9644527
emphysema -5.140874 7.278091 5.6735673 1.7324203 -1.5070417 -0.21550183 1.804979 -3.3431907 2.4243605 -2.3371148 1.521109 -6.4683375 -0.6399638 -2.7058263 -0.050875057 -2.893092 0.84502864 -2.920508 0.56077856 2.5629287
involuntarily -1.296917 1.2002099 2.3484948 1.5004592 2.5372555 -2.2509491 4.314435 -2.4269345 -0.13715525 -1.7575604 2.0779734 -3.4827988 -4.42889 0.85332066 -0.29744944 2.1275983 1.0196728 1.364385 0.6984996 3.9926019
venereal -4.2354712 1.8880696 1.4707336 0.7338004 0.6888247 3.2519062 6.2467813 -6.5786614 4.1856256 -0.91506624 0.24085991 -3.8776329 -2.8139558 -1.5473971 -0.9166909 0.730776 -2.5859878 -1.0856557 -0.92668325 5.5168104
rheumatic -5.862203 5.035816 4.8186846 2.228105 0.30613357 3.2896419 3.656429 -4.9079976 3.766934 -0.5527168 1.4977432 -5.902892 0.31448695 -2.8275707 0.80119693 -1.339629 1.3027107 -2.2976947 2.3349385 3.828013
unconsciousness -2.2529435 2.2616167 6.531981 0.46576115 1.6729466 -0.58871347 6.2784677 -2.0015419 -1.0693504 0.039786685 1.9854977 -5.1680446 -1.9434698 -0.9853643 -3.5402682 0.29397336 4.722204 1.6396544 1.2103174 1.7384269
exertion -2.539421 2.408563 3.9234588 0.8295374 0.18251345 3.3948052 2.803227 -1.2852123 2.0631757 2.9920404 1.1329138 -2.2905474 -3.2967637 0.51085645 -2.2418425 2.94228 5.642662 1.9615545 6.0369987 1.9495794
incidences -0.11210549 2.1610358 2.55546 1.4115118 -0.57309324 0.3432324 3.3626747 -3.8946335 4.8757095 3.098814 -1.4024549 -2.7080402 -6.6712136 -2.5614672 -1.5525215 -1.3573523 1.4036537 -0.23964508 1.9843329 -0.56650245
preventable -1.9025651 2.8515432 3.518175 -1.0257453 -1.9861453 1.1171826 3.0936813 -6.079248 4.6729813 2.3720455 -1.627046 -5.1732593 -7.580463 -2.6108434 -2.4226577 1.3522214 0.29360658 -2.010838 1.3922782 1.4454949
leukaemia -3.9227555 5.51771 3.88431 -0.33724993 -1.1931026 1.6157068 1.7395138 -2.002387 2.895457 -1.5188023 0.42593306 -5.0966344 -2.7033012 -3.034969 3.7522151 -1.1308362 2.1481843 -2.7426984 -0.69040513 3.2995753
jaundice -5.5579786 4.3804 5.9984236 1.873973 1.2324909 1.7008033 4.9685674 -4.5273323 3.9437158 2.00711 1.8814363 -3.6569078 -1.8365176 -1.8596797 -0.2201993 -4.323352 2.4103956 -0.030035593 2.289731 2.8657076
concussions 1.4249222 5.3973227 2.7646267 0.6201712 -0.047861215 -1.8866975 2.2318654 -0.3738039 5.8148117 1.5742686 0.53699887 -7.030212 -3.9498558 -5.409119 4.1671844 5.2529807 3.1342816 -2.263793 5.9665217 -0.41280577
suffocation -2.121467 4.2341156 4.8470125 -1.8980621 0.57301915 -1.4797555 6.2313366 -3.2615497 1.4022102 0.6047341 2.7313182 -5.1758075 0.024826359 0.5521229 -3.1730406 -2.0749707 0.15227401 2.3705037 0.82088447 1.8827705
tetanus -3.2817492 2.3388362 5.1269965 -2.1673703 0.79622126 -2.036036 4.5993257 -6.2474947 3.2705169 1.2969619 1.643195 -2.263303 -2.7562695 -2.358919 1.4289534 -2.1242712 0.4395347 -2.2413633 1.0484599 4.9939437
recidivism -1.1768894 3.3552108 4.0221353 2.5024967 -1.3651147 -1.2736249 2.089376 -4.693171 4.403888 1.6094356 -2.287977 -1.6139017 -9.853331 -2.783381 0.77194375 2.6870456 1.5353992 -1.4746039 1.454647 1.9637542
brights -3.863789 4.346614 2.2875638 1.7182357 -0.5315664 -0.52370596 0.31047273 -2.8348207 2.6551507 -2.871489 1.2413187 -3.5880833 0.93943083 -2.2731183 -1.4870062 1.1478084 -0.10637879 -1.7815278 -1.5400467 0.34540117
libido -1.4940702 2.1025252 7.3107376 -1.2391506 1.8660208 3.5160165 2.2331715 -0.33880216 1.9437414 0.64420044 1.483107 -1.1865664 -3.9320335 -5.0006385 -1.7544231 0.42073348 1.9792233 2.8042588 2.326229 0.29369298
painkillers -4.742852 5.192875 5.884028 -3.7295067 1.5159442 -2.854993 4.961352 -1.5672666 1.3257132 -2.2518394 3.4404848 -3.004903 -5.858039 -1.8479787 1.2227212 -0.4034364 0.46269748 0.34432942 3.9577346 3.8591406
jobless -3.0708888 0.9038334 -0.27984363 -1.830927 1.4594042 2.8289566 -0.5548032 -1.2749664 0.74794894 -3.6395783 2.5159547 -3.530294 -7.093753 -0.30211583 -0.90182334 0.05982112 -0.16189574 -0.7737936 2.2102754 -0.04546665
apoplexy -4.939234 4.343073 3.6839983 3.654286 -0.6427059 -0.24906951 1.8036125 -3.0017667 1.3840181 -1.4865161 2.1854584 -5.831828 -0.122146755 3.1031432 -2.0047674 -3.046843 2.6377835 -1.7041669 -2.2460403 1.0690086
paralytic -4.3438 3.6182406 5.147126 0.75300163 0.69902813 0.9001938 3.1494293 -3.976251 1.9921881 0.24205431 2.075264 -4.971123 -0.5859037 -0.86828744 -1.3973974 -1.6989655 1.3931493 -1.0253571 0.070720844 2.1402988
colic -4.757841 5.407389 4.74053 0.5706586 0.5503542 0.4508182 4.276355 -5.2929897 2.4777439 0.8432962 2.9294043 -3.1604347 -0.49076918 -0.7672239 -0.46662542 -1.6568772 2.9643698 -1.1009696 2.2170792 0.8561844
cadavers 0.65763587 5.7302113 2.6007147 0.47157252 -1.1309958 1.9606022 8.331569 -4.6439314 2.8464131 -1.3587767 2.3693748 0.020565934 -0.9672028 0.8893218 0.5516982 1.990191 0.7710827 0.8130887 0.3741405 3.0667863
childbearing -1.5380007 1.4167325 2.572729 -1.3254309 1.2710745 5.185977 0.30470574 -5.708461 6.395094 -2.120923 0.6160548 -1.7705559 -6.25726 -1.3412399 0.52794605 1.527684 2.9165928 2.8714716 -0.43469444 1.0838382
bulimia -1.6950499 3.8876064 5.9347315 -1.9293495 0.66404164 3.109715 2.8872247 -0.86103183 3.6227758 -1.3653662 0.9822841 -3.8893368 -4.8083024 -6.9103637 -0.11233 -0.07890392 2.9365165 0.352129 0.31583804 -0.65683526
diarrhoea -4.25541 3.9679875 4.087272 -0.6175714 0.8391398 2.0710578 4.5163994 -5.1849017 2.7265046 1.9860126 1.8645993 -3.5654373 -3.2793036 -3.1349308 -1.4969887 -4.066174 0.49820542 -0.16968967 2.9032207 1.9791977
lethargy -2.6463385 2.2208297 5.6293297 1.3608383 0.84503144 3.275209 2.681427 -0.9366896 2.2824502 1.4481951 1.0262241 -4.5638633 -1.9197465 -2.8188663 -3.2651865 -0.8003435 1.8790064 0.49150178 3.4958246 -0.124675594
sufferer -4.2671804 3.2689443 5.998515 -0.004845443 0.7603892 2.1895475 4.2638826 -0.98575556 2.2948134 -0.9199298 0.5250595 -3.9131117 -1.9044585 -3.4858344 -1.614671 1.0241683 1.2137003 0.8058696 -0.22097442 0.26603702
undiagnosed -2.9688067 3.4840975 6.857469 0.5597608 0.4928966 1.5554749 2.0508082 -5.2319584 3.0735865 -2.1190608 0.44616407 -5.7171173 -3.884836 -2.8122168 -0.29819787 -0.35501075 2.5634427 -1.4980571 1.4008831 0.28100985
overwork -4.7228494 3.5002475 4.132503 0.8762609 0.23562339 2.8914087 2.353002 -1.7470402 4.0496707 -1.201924 2.8647203 -5.0328445 -4.6687655 1.2566375 -2.348269 0.49344358 0.5710064 -2.0467875 2.2497191 2.2653239
overdoses -4.417148 3.2807767 5.157234 -3.070529 0.004203046 -2.2879794 4.732821 -4.1720347 1.2189665 0.57147926 0.18581077 -3.7255948 -6.087797 -2.824498 -1.3855759 -2.4321985 -1.1402936 -0.558643 1.7562745 1.5110236
weaning -0.9245758 2.8217628 3.0596228 -2.132232 1.2526202 0.92349297 2.8861396 -8.087716 3.5532622 -0.59089905 2.6102974 -2.425163 -2.7941024 0.026458954 0.8431426 -1.5924212 4.9118977 0.5521612 2.0271192 0.97405964
foetus -0.95456785 2.616102 5.588722 -1.8569216 1.3482493 -0.0064989817 3.496643 -3.218216 1.383684 -0.48751798 2.2324133 -0.5799037 -1.2004462 -1.8966935 -1.1757258 -0.5674672 1.4751396 2.5294654 -0.7608192 1.4694302
lameness -2.5096889 3.6742792 4.3043833 0.6429967 0.7382348 1.1813896 4.484801 -3.9775844 2.1781204 2.0739758 1.1026707 -2.914235 -1.3340429 -0.7621976 0.42636108 2.5512807 3.841842 0.42021963 4.841935 -1.1040852
rubella -1.4580243 1.3711607 3.2255278 -1.7294694 1.1214362 -1.0587714 2.4100835 -4.285454 3.7835243 0.5221334 1.3495232 -1.3108542 -1.8828797 -5.318889 1.3250687 -1.6637661 -0.7842138 -1.6357502 -0.73102415 3.7553394
gastroenteritis -2.1299093 3.0302453 4.17585 -0.33530882 0.39215916 0.5244137 3.4536252 -5.084793 3.3167567 1.8762187 1.9368355 -3.0472424 -3.264288 -2.6475022 0.4888454 -3.3307505 0.8220038 -2.409683 0.23771332 1.9768595
miscarried -4.8590674 1.4552014 4.211195 -2.6427155 1.4580011 -1.1751449 2.116361 -2.8671474 0.04942983 -2.7196467 2.4798505 -5.491886 -2.2545733 0.18099806 -1.4284011 -0.27833265 2.827207 0.29536587 -2.7538126 0.5668295
absenteeism -2.651757 1.8197623 3.1972992 2.2370496 -0.49864107 1.7688233 -0.5356685 -2.6090782 1.9265758 -0.6340693 -1.4132924 -2.7621777 -7.158496 0.2652135 0.60813415 2.6142166 0.779394 -1.2020849 3.3051262 0.1043812
poliomyelitis -1.5253518 3.0469418 3.2485807 0.4701145 0.4281737 0.6051763 2.3016262 -4.2068667 4.5584655 0.63038677 2.4055436 -3.4577925 -1.9133825 -2.2172544 1.1969738 -1.6224765 0.5564957 -3.2172883 0.49370304 3.4107788
aches -4.1088314 3.1143203 3.5486753 -0.6727524 1.0274292 2.1377316 3.674251 -2.396798 0.45790425 0.43992162 0.4453204 -3.6470678 -0.34846032 -3.070098 -1.468597 -0.78159595 1.6335483 3.1387908 2.9338167 0.9462118
hysterectomy -1.5829917 4.3375373 6.981004 1.8453596 -0.18425114 -0.31185034 3.7956142 -2.8665204 2.9121873 -1.475254 -0.14126854 -3.4172995 -3.2661707 0.022318574 2.1763225 -0.80920035 2.8695867 0.89403164 1.6581854 3.7343006
pleurisy -4.122694 4.2367845 4.3775463 0.99738985 0.013431726 0.27052626 1.5554653 -3.1092858 2.0718644 -0.47901765 2.900942 -5.639085 -0.026854914 0.5905064 -0.54023504 -3.1051912 2.5570502 -2.320341 0.094331875 2.3354669
hospitalizations -1.2324088 3.7744784 3.3527892 0.16030034 -2.0469744 -0.44031203 2.8878593 -4.773239 3.9163322 0.4325363 -1.3998399 -3.8109646 -5.5892076 -1.6897405 0.8405417 -2.2130938 0.9315186 -2.3710377 1.4978266 1.1855552
appendectomy -2.3110492 4.545288 3.840364 1.7883768 -1.3081939 -3.0444734 3.6223216 -0.85634923 0.9973675 -1.250029 -0.26541695 -5.6469903 -0.45271945 -0.34341335 1.7216643 0.1476564 3.6187701 -1.8367292 1.7724277 4.1119585
gonorrhea -3.228052 1.438428 4.36346 -1.3265066 1.3493594 -0.06940324 4.4099617 -4.922016 2.881714 -0.4374021 1.0508093 -1.3942515 -3.1203823 -2.8124707 0.6579778 -1.5040028 0.39570346 -0.739357 0.20694062 2.3268065
asthmatic -4.54643 2.3914819 3.0099683 -1.8925841 1.0536627 0.34520847 2.1361008 -2.8045323 1.0530375 -1.7135926 1.4054979 -2.5970187 -0.5654474 -3.0005653 -0.98134077 -1.0568092 -0.20276393 -0.2901493 0.61023605 1.4724891
vasectomy -2.4779534 1.561259 6.308763 -0.053787358 0.78731066 -0.6542347 2.7238362 -3.2975433 1.9627484 -2.0758855 -0.07416352 -2.092258 -3.6271589 -0.061987724 0.9378564 1.3734431 2.2900674 0.8830347 1.1749619 2.476201
infirmity -3.2510679 2.6651418 3.9388103 1.79079 0.102797575 2.3217523 1.8199697 -1.966034 3.6162512 0.2662111 1.320908 -3.298797 -2.5042472 2.8121903 -1.5018771 1.9129373 2.9026542 0.9723629 -0.5599658 0.09856291
stillbirth -3.1032288 2.374601 4.852607 -1.3277361 -0.17578477 0.5400329 1.4382343 -3.1298814 2.948267 0.12506415 -0.063631125 -3.077563 -3.2783651 -1.2242789 0.16403091 -0.5693405 2.4194708 0.7840428 -1.5679477 0.83522964
overdosed -5.2482486 2.562272 4.2969513 -3.9474027 0.9906924 -1.7452115 3.7793632 -2.8850315 -1.3396406 -2.594695 0.9866083 -3.6994812 -1.668715 -2.2123852 -0.5674642 -1.4224708 -0.97785926 0.80939424 -0.102860816 1.4133414
relapses -2.111966 2.352818 5.7517395 -1.2417321 -0.011727951 0.17200485 2.64433 -2.6224556 1.3647287 -0.6564973 0.4713096 -3.9927895 -3.932044 -1.8539239 -0.98458415 -0.403603 1.2126398 -1.1362226 2.253673 0.37786287
nonsmokers -2.335731 2.364479 1.4297957 -0.639048 0.70485103 -0.7540611 1.2578517 -4.3249063 3.1702268 0.043150805 -0.19503494 -0.51030046 -4.388178 -2.5123768 0.37606847 -0.14093782 -0.8509285 1.8857706 2.5730672 1.1531743
hospitalisation -2.7902825 2.8973236 2.3959577 0.3728126 -0.997199 -0.13682668 1.991235 -2.0928078 1.890016 0.14109924 0.047668435 -4.217748 -3.3328452 1.2754672 0.55259573 -0.7365787 1.6360208 -1.2419467 1.5487658 2.0286825
breastfed -3.2440393 1.5588567 2.8974576 -2.7138438 0.66556334 2.7168293 1.69481 -5.8604355 2.2743523 -0.925083 -0.30921826 -0.5164978 -2.9362996 -1.5403271 1.1347679 -1.39619 1.6876419 2.7492468 0.04543361 1.2037839
hemorrhaging -1.7784703 3.4647703 4.58634 0.8986036 0.014362249 0.046727605 3.4651272 -2.2877831 0.2750918 1.1571531 0.9030998 -3.964152 -1.5065733 -1.0122947 -0.30247423 -1.0849588 1.0780942 0.04567035 2.13241 1.746504
agoraphobia -0.9290151 1.4766433 4.1783047 -0.3628389 0.3266332 2.911896 3.002149 -1.0984544 0.8200137 -0.4524185 1.0665424 -2.6659513 -3.1871448 -3.1510098 -2.427017 0.34634057 0.60472786 -0.6190554 1.9470632 0.0043899943
beriberi -2.5929017 1.861703 2.7163506 -0.4851402 0.8795832 1.7635323 3.119336 -3.808661 3.339163 1.179724 2.5651226 -1.0963981 -1.524543 -1.7018294 -0.3255534 -1.5764406 -0.58895504 -2.2649293 1.3618768 2.6106362
infirmities -2.5617762 3.6933007 2.4248512 1.1283381 -0.5232334 1.5776197 1.5876819 -1.8076954 4.187127 -0.098647505 2.4683943 -2.7403333 -2.7060573 2.4758224 -1.1979092 1.0050651 2.4942603 -0.092526875 -0.18316777 -0.1589512
septicemia -2.0816674 3.0240989 4.193001 0.25929546 0.36018965 0.009325817 1.9488835 -3.4865167 1.50386 1.1591873 1.6092612 -3.2179863 -1.2348703 -1.5987659 1.3257275 -2.2772374 0.6611811 -1.9855555 0.37877193 1.6855772
menarche 0.09113255 1.3293039 2.9766138 0.20940715 0.6383336 2.3371494 1.0601014 -3.816945 4.279928 -0.3493702 0.22757447 -1.5252855 -2.0669577 -2.0098925 -0.367909 -2.043532 3.8133652 1.8140426 1.0956101 0.43163174
malnourishment -1.1705126 1.8288873 1.840573 -0.15297417 0.3323216 1.627325 1.4588757 -2.9245312 2.0533288 1.1167462 1.6287006 -2.6480217 -3.182003 -0.9022013 -0.85141104 -0.34310102 -0.049033087 -1.0611644 1.0477391 0.63459474
stillbirths -1.2170873 1.4882797 2.6300616 -0.26682687 -0.14839126 0.25786382 1.2322115 -3.1108525 3.2031744 0.67001665 -0.049588703 -1.0649194 -3.0068693 -0.4632351 0.5800461 -0.81319374 1.0966417 -0.07145893 -0.65925163 -0.1598662