Centroid_184 -2.024405647630705 -1.8898423725825728 1.4972823058962643 -0.784308074697096 1.0665119102074687 0.44494799326141077 2.323764896307054 1.067322273016597 0.8597557143278005 -2.359796650773857 -0.6041195062365136 -2.2507787153236523 -3.3532112806080505 0.47093096750083036 -4.294268937510375 5.497200552116182 -1.2251652328934024 3.113756332593362 0.17311381594024905 -0.6451152195186725
said -5.1135163 -1.5145813 1.3523709 -0.44818348 0.9882908 -4.11757 1.1063423 4.7901206 1.4491925 -6.0301313 -1.2665169 -1.611901 -4.0695 -0.7550653 -5.718641 6.102144 0.20501462 3.4076416 0.39361104 -0.75421715
believed -0.6574003 -1.1095728 0.51089704 1.0428492 1.4300784 1.4489799 3.1168442 -2.4056861 3.7170694 -1.3835603 1.3915848 -1.5827391 -1.6141688 2.528564 -6.013004 4.278193 -1.3329297 2.6671677 -0.14176928 -1.5053587
told -5.6446147 -2.8319125 -1.6567346 -0.81128764 1.8878244 -6.0401397 4.0979557 3.4349248 -0.06889783 -11.239524 -1.1566466 -4.857106 -3.3510044 -0.5774702 -5.685872 7.0825696 0.77323455 2.0873191 -1.3356699 0.85978353
believe 0.014349098 -1.6109 2.4138958 -0.6594531 2.5614367 0.5026021 4.6026926 0.029783357 3.5867596 -5.2374854 1.517797 -0.32704183 -6.193316 -0.509308 -7.6984425 7.5746646 0.4977609 5.7367454 -0.54062486 -0.87074524
calls -1.9282032 -1.6205559 1.8781321 -0.10307752 0.5741538 -2.9469779 6.298038 1.0720345 -2.4006665 -4.6444855 -2.539818 0.56101465 -4.8153076 -1.7857195 -4.453515 3.776329 0.31830648 2.829702 0.84789705 -0.17910354
calling -0.9929541 -1.074957 0.25863054 0.06678348 0.062334817 -4.1954856 2.2575626 5.657172 1.5113019 -3.6178076 -2.0700586 -0.31048423 -3.1409607 -1.6481129 -6.6008444 4.970959 -0.48253262 5.411308 2.717646 -1.3272945
explained -2.3876388 -2.9733758 4.73392 -1.6693935 -0.63273656 -2.207053 0.015500991 1.8112823 2.2055955 -6.3723483 -3.7066965 -1.0443796 0.45782673 -1.9326109 -6.76038 7.5524077 -0.6959805 2.957768 0.55572635 -0.62839174
concerned -1.2262459 -1.7963011 -0.4250929 1.8476021 -0.62770015 3.4102392 -0.5198754 -2.0840433 3.072142 -3.2431753 -2.5978303 -1.9734333 -3.9459574 0.42928934 -6.245436 9.686729 -3.3823647 1.9338754 2.3773391 0.91955614
spoke -3.665739 -4.0440907 -2.6670582 2.6711392 1.7082652 -0.58691555 -1.1978965 2.9228585 5.23064 -6.984563 -4.1068196 -3.596785 -0.902138 -1.823392 -4.1525087 3.33408 -3.1604376 4.5954337 -1.1755928 -0.30668244
believes -4.426117 -1.8845437 3.7415526 -1.7130905 1.5654166 2.826573 3.5088491 0.8823709 -0.54580855 -3.713271 -0.60093844 -1.4756618 -3.6390684 -2.5205107 -5.9773088 9.275945 -0.22076368 3.6232545 -2.2255719 -0.066728435
supposed 1.6658695 -1.7221034 1.3305906 -1.5494565 0.8040176 -0.7470375 4.274594 0.09384612 0.36432248 -1.977346 1.4456196 -0.75526154 -1.8458563 3.1067395 -4.352268 3.238967 1.7711293 2.9321752 -0.53827137 -0.7066686
aware -1.8557166 -2.8716364 1.4292346 -1.2570196 1.1635103 1.8319517 2.7206469 -0.44818625 2.381867 -4.408576 0.3665953 -2.9061 -5.164771 1.8870751 -6.17835 8.811075 -1.3063496 1.0945109 2.7492998 0.7648675
explain 1.6525431 -3.4469087 6.6287637 -1.4777627 0.6300239 2.2557242 3.5155342 -2.7835648 1.8515404 -3.7142005 -0.5548695 -0.16913293 -3.3375034 -0.11003503 -7.577743 10.380066 1.7126983 2.415648 1.0736978 0.4340713
discuss 2.1583729 -1.6999679 -0.28949177 1.5190132 -1.6662 0.32346112 1.1879342 3.225273 0.21328415 -7.6299944 -3.5415032 -2.21496 -6.12333 -0.47739157 -3.6934822 8.9143 0.77738243 2.6590729 -1.1821482 3.5955496
dealing 0.283801 -0.72059315 -0.27949682 -0.9253865 -2.3233318 2.9775045 3.0290859 -1.8050287 4.01214 -2.5053444 -3.6185122 -2.3752441 -3.999197 -0.35379112 -4.5946813 7.840959 -3.5523033 1.3055416 1.7095553 0.110131264
argue -0.7396771 -2.404402 4.545314 1.4189714 0.6461504 1.9242305 0.29899576 -1.1629469 3.4984205 -2.5228312 -3.0226634 -0.34984136 -4.345549 -1.0773364 -5.8441668 10.82347 -3.138665 4.1195292 0.24702138 -1.9601877
questioned -3.7746089 -3.428427 1.1772476 1.1724604 -1.5361998 -2.517568 1.6691277 0.26315442 4.593956 -3.4134421 -6.5989423 -4.084169 -3.76804 0.5148088 -4.86984 9.485803 -2.4840574 1.6821498 -1.674404 0.21454191
replied -7.4503493 -3.4373236 2.607756 0.32054856 3.1944163 -5.3682284 1.4196118 3.7335863 1.025911 -6.2467384 0.08889296 -2.5222409 -2.549496 3.1289737 -5.88251 6.90329 1.4771922 4.5983744 -0.3515046 -0.08801145
explaining 0.59702486 -1.8823142 4.4706035 -1.075391 -0.6872192 -0.18987282 3.6641436 1.7429855 1.6848328 -5.3390193 -1.4596725 0.841032 -2.7583787 -0.735613 -6.072335 6.628778 1.396007 2.355891 0.6470695 -0.2525601
discussing 0.7252081 -1.2493731 1.4241583 0.21448463 -2.3094745 0.37475574 2.00465 2.5387142 2.447016 -7.0062346 -4.390705 -1.1096418 -2.8263717 -2.7329285 -5.020417 6.53733 -0.8858648 1.8633062 -0.16940524 0.2194718
complained -5.2033124 -0.8071298 -1.7229228 0.28879094 -0.4947774 -2.3306975 0.17505634 0.5025029 1.8547522 -4.354305 -4.1486864 -5.849633 -3.802071 2.3592923 -4.1046667 6.087727 -3.4334543 3.1776428 2.5705056 -1.1757275
motivated 0.18308848 -3.2384295 2.2781217 -0.0319529 0.7210304 3.413226 -0.42931208 0.028501833 3.0605378 -3.0374515 -2.48279 -5.485883 -4.8363743 -1.0239586 -6.0611343 9.5776005 -4.3275957 3.0628195 2.3020508 0.49348244
remarked -5.8630433 -1.6140679 1.630122 -0.5625517 -0.18598874 -1.0130472 -1.000866 3.8770769 3.2348993 -6.0507264 -2.4628692 -1.6963787 1.9242721 -1.5171418 -5.815033 6.490227 -0.2183455 2.5954869 0.88468236 -3.0341685
asserted -3.158376 -2.7793324 1.4384757 2.209744 -0.8109468 -1.4951556 -0.39116588 0.7153412 4.156817 -0.7937458 -4.3051853 -1.8044972 -1.1663213 0.9418704 -5.9590454 7.686372 -3.9340067 3.406068 -2.6567137 0.42901513
answered -2.1023219 -4.245827 2.377499 0.776521 1.6150416 -6.0398874 2.3401487 0.455671 1.2206746 -6.243356 -4.116393 -2.9356995 -2.9987037 1.267796 -3.4289598 6.0150676 3.6426923 4.6021094 -1.7023866 -1.5079924
honest -5.6379666 -1.3664972 2.1720746 -1.7171792 2.065588 1.8142256 3.4339485 4.2598906 1.6763927 -4.4307723 0.53213257 1.9455184 -5.726305 -0.417299 -4.900824 8.165043 -0.16447595 4.7674613 2.9662774 -3.8697019
implied -0.79664177 -2.8812344 4.0930243 -1.7095529 -0.012268111 -1.3866923 2.8761146 -0.8223278 1.94726 -1.086725 -2.5184019 -0.28678006 -2.8528218 1.3725649 -6.066424 7.619316 -0.6571689 4.5782795 -0.76099753 -1.8019539
suspicious -3.6368468 -2.0323088 2.1747673 -1.6514903 2.43169 0.4238725 7.1226463 -1.5519418 -1.4327463 -4.2335997 1.8359786 -4.5727034 -6.580785 1.2666312 -5.143193 5.567075 -1.4561824 -0.90680903 0.1208275 -0.59483653
talked -2.6432385 -1.7866813 -0.10162491 -1.9704733 1.0566622 -1.525014 0.86084884 2.9327636 1.2974248 -8.913854 -1.480286 -4.495216 -2.3460367 -2.4982665 -3.6916635 4.556904 -0.0027101075 2.3185816 0.8695465 -0.3602906
unhappy -4.031825 -0.5103246 2.0982227 -2.1018474 1.929433 0.5401132 -1.7541528 2.1577551 2.1771746 -6.228334 2.3730845 -4.2588 -4.7517347 1.4386269 -3.5252976 5.213496 0.18478934 0.9282611 2.2827492 -2.445058
deny -0.2033464 -2.8378127 1.4025205 0.31035793 1.0799493 -2.3303585 1.7524713 0.29542175 0.8002071 -1.4802049 -1.6200112 -3.0498276 -5.8758674 2.3235278 -5.90918 9.417722 -0.39243296 5.480706 -0.6249123 2.3164504
conclude 1.3393191 -1.9147253 3.9593709 0.1199055 -1.1031873 -1.9772426 0.33326712 -0.7379547 3.6916223 -0.9562531 -1.4776071 -2.284804 -1.7297673 1.7486124 -4.7529216 5.8317037 2.4137259 0.96089613 -0.45964202 1.4002832
reject 0.12374725 -3.2280338 4.8084197 1.6446122 1.574938 -0.11575054 -0.29349458 0.5931424 1.8728735 -2.8586228 -2.0798163 0.3285475 -4.795654 1.9107723 -5.398477 9.106729 -1.6972234 7.5893545 -0.46425802 1.5893599
convincing -1.4645997 -1.6543075 2.5956328 -1.2694376 1.5137271 -0.19145915 0.64012885 3.1143038 1.3018417 -2.2947822 1.5002085 -1.465918 -2.4899082 0.3053338 -4.0988717 7.8338966 1.2231259 1.7220557 2.1823297 -2.219489
responding -1.1068392 -2.0933921 0.8239692 1.360174 -1.3674828 -1.8505121 3.136125 0.33133516 0.66588706 -2.6938083 -4.8960505 -3.3856874 -4.99852 -1.3222659 -5.7399745 5.4898453 -1.6712521 1.2430946 2.3401935 2.2745738
punished -3.5287852 -1.5651039 -0.06508984 -1.0754548 3.0052779 -2.2123573 5.455544 -1.5957526 3.9797285 1.5742946 -1.1934098 -8.068302 -6.4921665 4.762252 -2.0157819 6.0300817 1.1038865 7.226304 -1.6961068 -1.2207252
acknowledge -0.9861803 -2.8815181 1.3545088 -0.64617157 0.6142415 0.76392746 0.16732682 1.250702 3.1014304 -2.0426993 -1.6636317 -1.3177645 -4.3127217 2.4335017 -4.4897346 8.682546 0.24209353 5.8679647 -1.0329664 1.2687151
rejects -3.5406458 -2.9972277 5.3219304 -0.89397883 1.9186686 2.6911263 1.0594115 2.1275885 -1.5859978 -3.576042 -1.5885512 -1.2660841 -1.7568638 -2.598247 -5.7712054 9.062688 1.2209195 6.1916633 -3.0177326 -0.015372646
disagreed -3.9333138 -3.7313285 3.4989042 3.6331768 0.3419774 -2.4994977 -1.3661674 2.1425705 3.497949 -2.1405432 -4.876963 -2.809929 -2.4638214 0.81221443 -4.2396727 8.75362 -4.237641 2.429939 -0.6413961 -0.73640126
criticizing -1.3806876 -2.4445102 2.7164068 1.0877278 -1.9268084 -2.0111034 1.0770273 6.033634 4.195649 -1.9890791 -6.079125 -2.1495097 -3.3674562 -2.8135064 -6.076549 5.497556 -4.131703 3.1545372 2.355087 -1.1042771
ignore -0.1374148 -3.9213648 2.5679238 -1.267596 1.7086774 -0.551671 2.5983603 -0.73463863 0.35323662 -3.571938 -1.632336 -0.70470405 -5.513855 1.0912219 -6.159941 9.081515 -0.24404417 5.0467434 2.8869386 -0.31975126
abusive -5.3998528 -0.6619743 3.617677 -1.2563189 4.1956496 2.741845 6.906585 -1.2043995 0.21248665 -4.3523273 0.69229573 -5.1695566 -9.530728 -2.9272058 -2.0925052 5.6453533 -3.2414322 1.7767019 0.5585321 -2.3837607
ignoring -0.958949 -3.0296228 1.3500329 -0.025618358 0.83203995 0.021808134 2.515691 -1.4515821 1.261126 -0.96004575 -2.4084268 -3.5837903 -4.7856336 1.0381981 -5.220904 6.851436 -0.7693343 2.9481404 0.5022681 -0.36353073
rejecting -0.4800296 -1.8226454 4.025642 1.7114851 -0.055122837 0.5778165 -1.9137825 2.7686698 1.5139493 -1.0470641 -2.2325566 -1.0461484 -3.5280259 1.9748746 -4.4319186 7.4742274 -1.6995637 5.434404 -0.47467193 1.0180844
skeptical -1.9295137 -2.3007069 3.162065 1.4997079 0.052848104 0.51563 2.2320952 2.0796552 2.771912 -5.3472323 -1.5371094 -0.6873458 -2.2206652 -2.226883 -5.6646833 9.07033 -3.1696572 0.20854686 -0.76146954 0.6569325
denies -4.6328998 -3.0290177 3.8643475 -1.867002 0.678006 -0.6612176 3.990905 0.9473987 -1.9252937 -2.6529703 -2.942703 -4.2430086 -5.4457664 -0.6043841 -6.16276 8.151807 -1.3873628 4.1158133 -4.3666153 1.073539
hated -3.023377 -2.2469168 -0.36237335 -1.9369152 4.3638253 0.051543042 1.5693835 3.161963 2.9835465 -5.1954103 3.5876005 -3.6754997 -2.7894402 0.4711928 -4.636293 4.841759 -1.6066735 4.034461 0.54731005 -3.463484
admitting -2.7943745 0.5801838 2.4857705 0.18670194 1.048493 -2.2057083 1.9496142 0.75611615 1.600943 -4.727217 -0.7992476 -3.5861783 -6.1608534 1.2092396 -1.3421198 5.9142194 1.4056888 3.1400485 0.31864542 0.4717949
reminded -3.1282485 -1.9841453 -1.243946 -1.3883171 1.1917214 0.2560372 1.0544778 0.93635696 0.6505011 -5.2036 -1.0537949 -3.754977 0.30389467 0.13251488 -5.6941304 5.627666 0.40933976 4.8753786 -0.35732824 -1.394792
plotting -0.51145786 -4.7996006 2.6020093 -1.9211535 0.7929999 -0.480951 6.168471 1.4986861 -1.5003679 0.19872099 0.05780284 -3.764322 -2.4215333 3.9031441 -5.0241904 3.9018428 -1.7356403 -0.16468656 -0.10448051 -0.57202977
undermine 0.5579496 -3.83601 0.60849077 1.0666802 0.3057863 2.7120855 -0.22933823 2.4832304 0.1444119 1.607891 -1.3574541 -3.5404148 -5.7502203 2.0931854 -7.232518 12.156425 -5.0423484 4.1614575 2.331762 2.7996001
acknowledging -0.52843046 -1.3642141 1.5824537 0.0921424 -1.2108135 0.63470185 -0.33641574 2.670289 3.9261112 -1.3143234 -2.3317106 -0.78076565 -2.8770287 0.72387534 -4.829087 7.207984 -0.20346732 3.8259716 -0.068076745 -0.4683855
unsure -1.093787 -2.2637017 3.3562496 -2.0434542 2.265931 -2.1108298 1.4843254 -0.07854525 0.37642682 -6.397856 1.7456926 -2.1437263 -3.6800208 0.48430154 -4.718765 7.2826133 1.8684484 1.561779 0.91786265 -0.6561899
countered -1.6328251 -2.2269127 1.8850815 0.14167404 0.5874239 -4.708647 -0.83512414 1.830207 -0.36982486 1.1626647 -2.1696641 -4.3013377 0.00045317746 0.28675884 -4.5525026 7.680962 -2.8790545 2.8182416 1.8966596 -0.26790515
insisting -1.9927056 -1.020613 2.2582622 0.0478344 1.6597569 -0.8475887 1.5610249 2.639326 -0.116727576 -3.147079 0.9562206 -1.8607944 -4.717812 3.462197 -3.176336 6.217333 -0.12061778 4.4180756 1.1481087 1.2886151
dealings -3.7890391 1.3347263 -0.70011014 -0.6739994 -1.1126839 1.2920266 1.4043697 2.9193861 0.9552043 -0.23751175 0.8776294 -1.076372 -7.9178824 2.8253691 -2.576679 6.3614545 -6.9524636 -0.047432005 -0.9563021 -1.1449602
recalling -0.33937636 -1.2436303 1.2097611 -0.12059243 -0.78951216 -0.10358192 1.1127964 2.043583 2.8342564 -3.3804834 -1.5548915 -3.4210813 1.0870229 0.70293695 -5.114431 2.448496 1.4987714 3.0977569 -0.5669913 -0.7071741
urge -0.50232536 -0.5192175 1.4132681 0.32510504 2.5428402 -0.070970036 1.8678584 2.33358 -0.8199533 -3.567664 2.129196 -1.5763319 -4.7127566 -0.11113341 -5.40414 5.3383846 -0.24261914 5.3685718 1.6519676 3.7429066
hinted -1.0247873 -2.6205716 1.965182 -3.7999356 -1.1736871 -2.7729335 0.079143845 2.7909124 1.1653507 -4.573341 -2.9786198 -5.085711 0.61952204 -1.0204669 -6.71281 5.3856993 -1.3292478 2.8396933 0.42352688 -1.2022609
favors -0.8634534 0.27892464 2.7515278 -1.4439496 1.1267692 1.3531111 -0.2914155 -1.1436529 0.14388776 0.32407945 -0.77172244 0.6163984 -4.7940845 -1.5424311 -1.2022504 6.243567 -1.9740685 4.8967533 0.397837 -0.1954865
understands -3.7522206 -4.0335765 3.8949003 -3.2024267 1.4919184 5.4215617 3.0541878 0.14084171 -1.731898 -4.6110697 -1.5766569 -0.10163143 -3.917681 -1.821088 -5.5595083 7.7848277 3.5418124 4.3080716 -0.32050696 -0.94390583
disagree -0.43425816 -4.7394304 3.8302333 1.2976701 0.60284835 0.15592496 0.70926344 -2.838905 5.6311603 -3.4379735 -3.6986594 -0.24995221 -3.4731748 0.81088996 -6.587529 7.5088797 -2.30066 3.7672307 -2.1176002 -2.1095233
criticize -0.6523539 -3.6959214 2.3803437 0.97634137 0.55053484 1.2080592 0.89227307 3.9249675 3.361451 -3.8720024 -3.5694568 -1.8707434 -4.4237714 -1.1956509 -5.6616826 7.30026 -4.605496 4.8980002 1.5248296 1.0924205
deserve -2.315362 -0.489448 1.1746073 -3.3175695 0.5529392 -0.608229 1.1178637 2.1900475 4.350059 -2.9733665 -0.7314687 0.84019494 -4.683216 -0.43640307 -4.0549736 6.6510763 2.9309244 6.8536377 -0.5897649 -1.9278876
alienated -1.7370228 -2.1256967 -0.34464812 1.8818337 3.2246428 3.9479856 -2.1814895 1.0577462 2.6313622 -3.3507354 0.566621 -5.151556 -4.270416 1.4966336 -4.868397 6.136449 -5.866578 4.994957 2.278211 -3.883726
remind -0.5756645 -1.4217944 -1.7259637 -1.9915062 0.92411494 0.3649659 2.9321463 -0.2608178 -0.17019244 -5.863488 -0.8713711 -0.56321436 -1.5490144 0.44598192 -5.568967 4.745443 2.3067298 7.172054 0.5154873 -0.4682051
embarrassing -1.6436374 -0.32952926 1.4236274 -1.6205084 0.7466549 -2.0060074 3.1567202 3.6717482 2.0422053 -2.2195542 -0.15062949 -4.225809 -5.204901 -0.59885293 -4.225864 5.585717 1.1112584 1.8880184 2.8784466 -3.7879865
confronting -0.113260195 -2.2949185 -0.02070484 -0.90145814 0.8269481 1.6552486 4.526865 2.4791002 -1.0758966 -0.2662195 -0.8220542 -5.800691 -2.5302463 -1.9079278 -5.5318184 7.0494266 -1.142035 1.9505368 -0.30387044 -0.4295263
annoyed -5.4252744 -1.5460995 1.9278826 -2.42566 3.1978326 0.27364382 3.5548797 1.8959695 -2.328253 -5.2073364 1.9374367 -3.7909462 -3.9681976 0.4341028 -4.124856 5.4116354 0.34065175 2.1651351 2.4975913 -3.4147804
blaming -3.2526684 -1.4021131 1.6380062 -1.1503825 0.64878285 -0.94863665 2.1400833 2.1223829 0.3631231 -0.9693334 -0.889598 -7.459266 -5.826324 -0.3281905 -6.9553223 5.019399 -2.7112122 1.5329782 1.0546861 -0.22855902
apologize -4.7892513 -1.144915 2.6857557 -1.5530179 2.3378906 -4.5397987 4.0610204 3.9447129 -2.7901216 -5.0752296 -0.35769382 -4.838834 -8.454609 -0.8424766 -4.4414315 4.6931305 1.2327744 4.8024855 -1.5017965 1.8726571
whatsoever -0.59743106 -1.1067218 2.3166935 -0.73369735 -0.3597437 -0.53322273 1.8054806 -0.24448983 2.1446357 -1.5357606 -0.9336652 0.93243384 -4.23468 2.7024982 -4.779792 5.8677273 0.70607394 4.4621305 0.15546457 -0.3009585
complain -3.8598192 -0.1402127 0.3295256 -0.48123077 0.9069319 -1.0860972 2.1305485 0.14018027 -0.12197909 -5.2121377 -1.3681704 -3.6496665 -5.682467 0.97240347 -4.2528787 4.46918 -1.072741 3.5565805 2.8310087 -0.76647824
distressed -3.30943 1.3900269 -0.025940092 -1.6182154 1.1131837 2.4573953 2.006165 -2.6632547 -1.0610585 -3.640301 2.6165986 -2.9312112 -5.333597 1.1105282 -3.552235 4.9503717 -0.52038777 0.51628214 1.0951396 -0.8123383
embarrassed -5.2025313 -1.1232312 1.1830072 -0.76459485 3.1481416 -0.70945054 2.503077 2.8220541 -0.77499545 -5.313773 0.952219 -4.380258 -5.214419 0.044683356 -3.8244433 5.482345 0.9382176 3.5406218 1.662644 -2.2578173
insist -1.1305002 -1.9088185 1.6624813 -0.21997273 1.2027719 0.17921047 1.6525879 0.4292687 0.68792605 -4.1406183 -0.7939037 -1.3137105 -4.0466576 2.6715512 -3.7812326 6.2450104 -0.43358165 4.8478436 0.61435175 0.6531432
ignorant -3.1386938 -2.320339 1.7990879 0.55095446 2.9235542 3.4545207 4.4573812 0.31999907 3.2111464 -3.259049 1.3611389 -0.30840325 -4.1367435 1.077616 -7.068755 6.214434 -1.6327276 4.451138 0.42246312 -3.1363866
provoke -0.109685704 -3.0231733 1.8922603 -1.8943785 1.1663152 1.435101 3.5169237 1.5136063 0.6882361 -0.3271864 -0.66714364 -6.4617486 -3.3901377 0.62237036 -8.019422 7.0425878 -2.1817858 4.9332767 2.729806 2.0447354
wary -1.956746 -2.6342354 -0.69503826 -0.95819205 3.1672099 1.1677188 1.4505372 0.2089582 1.15895 -2.34875 1.9388744 -3.0008373 -3.6132638 0.23303653 -4.703855 6.34844 -3.511881 1.9894305 3.3647192 -0.657419
pleading -5.014871 0.6461789 2.3705065 -0.1394974 0.6145094 -3.5749738 3.8673685 0.4373048 0.43915927 -2.1802268 -1.3812882 -4.288687 -4.670166 3.7725327 -1.9398998 4.235055 1.1222379 4.977781 -2.3605103 0.14966
oppressive -0.018525517 -1.1223339 0.8898115 1.1220225 1.8206315 5.0866547 1.2977636 0.7418855 2.583085 2.3430214 1.7552822 -2.7796311 -4.5140653 0.9243646 -7.013677 5.8079863 -3.0948594 4.631054 2.0061371 0.22211999
owe -2.480079 -1.6814182 -0.31103694 -3.5894496 -0.81468153 1.9555153 -3.282691 -2.133469 2.5043285 -3.7976995 -1.0368549 -0.042350493 -1.0646678 2.7764895 -5.206713 6.149753 -0.9648747 4.808072 -1.9369357 -2.0460851
immoral -2.1430314 0.4971679 2.2895544 -0.041900367 1.0661134 3.079383 6.56565 2.5851734 4.4224696 -0.90385556 0.068329304 -0.87324995 -7.774728 0.25269672 -4.241109 6.1726513 -4.1801195 5.50843 -1.407384 -1.8363642
contradicted -1.6367104 -3.7762191 3.4402084 1.7866876 -2.366031 -2.2059605 2.3216465 0.05198577 5.5811157 -0.7978846 -5.6715884 -2.3924618 -1.0843168 1.9388462 -6.6836624 5.3354683 -3.048881 1.5762767 -3.0675948 -0.15161584
disgusted -5.1539283 -0.6686573 2.237366 -1.6461918 3.6385136 1.0779757 4.0515685 1.8614295 -2.1602604 -3.797798 3.1102548 -5.160512 -4.097227 -0.23283555 -4.7667246 5.974503 -0.00011716691 2.7102463 -0.37316522 -1.5948467
hesitant -2.756686 -2.3044338 3.0294173 -2.617891 2.3571239 -0.7770622 0.831405 2.4999113 -0.26842192 -5.487916 1.6578515 -3.2128053 -4.0981193 0.96318173 -3.401611 5.275166 -0.055189017 1.7268366 2.3482943 1.2079474
speculate 0.8213921 -0.9239308 2.6808484 -1.4518069 -0.298279 0.5534409 2.0471714 -2.4308226 3.537264 -2.8858588 0.6738737 -1.8795248 -1.992461 0.32889375 -5.392418 5.0782247 -2.1913826 -0.3692444 -0.8611257 -1.6871136
accuse -4.134589 -2.4428725 0.9082279 -1.645706 1.3830553 -0.32517526 3.9355395 2.9578974 1.176338 -1.3677844 -2.2780042 -5.9051237 -5.838742 0.7048354 -3.8911335 5.6641526 -4.535991 4.5623198 -1.568567 -0.40542662
abusing -4.3769403 -1.4380832 0.84913146 -1.411181 3.3574271 -1.2997884 3.6948285 -1.544764 -0.83938944 -2.5665827 -2.6926708 -7.1543946 -7.551153 -1.3977596 0.7731187 5.304132 -3.078513 4.3520203 -0.60186297 -0.5488781
misunderstood -2.7332578 -3.090607 3.165564 -0.82148254 1.1948097 1.4776237 3.2379084 0.95827514 3.718678 -3.1709292 -1.3114463 0.13673294 -1.6340425 -0.26270705 -6.293923 3.9482145 -2.6599023 3.9692173 0.13537343 -2.5229154
ridiculed -3.5203118 -2.8776898 0.4310447 0.10582947 0.9886998 1.5810643 1.7461574 3.1166246 3.4304783 -4.206566 -2.98518 -3.1739361 -0.87182957 -0.2952845 -4.209536 5.392195 -4.251274 4.153244 0.691943 -2.7104397
conflicted -0.6534036 -2.195294 1.5290911 0.2654158 0.6177142 2.3008873 0.4339887 1.3312038 1.3686908 -2.9813988 -1.5208627 -2.705128 -2.5999365 -1.1354941 -4.8959613 6.8354807 -0.7646533 3.0937023 -0.10331558 -1.0815773
joked -5.2961802 -1.1649735 0.1187268 -2.898782 1.2132311 -4.235281 0.4890883 2.7882276 0.20355393 -6.6489787 -2.0383673 -2.9214764 -0.6073565 -2.5765119 -2.8213506 4.6857305 0.19459498 3.3192213 1.6934867 -2.4042408
offending -0.7180141 -0.9148516 1.8104639 -0.39351022 0.9905753 -3.0012877 4.7963543 0.006100191 1.5462303 -1.7212528 -1.9291027 -2.260724 -5.848435 2.0512357 -1.9797298 4.8928995 -0.91658413 4.526367 1.3030597 -0.032670297
wondered -3.390061 -1.1848025 1.190393 -2.062514 0.95324993 -1.1301104 2.016441 0.5007519 2.3968618 -6.945851 -0.42463163 -1.6011258 -1.468164 -0.2505693 -5.487535 5.9924307 0.7962814 3.4376197 1.1636729 -2.0083644
mocking -1.3797975 -1.5194447 1.2019098 -0.5638724 1.5227547 0.2136456 5.2220774 4.839845 0.84825176 -3.572618 -1.6737018 -2.2887788 -1.2617954 -1.9718568 -4.1966567 3.1449265 -1.6345266 5.56703 0.40206257 -4.411557
provoking -0.3359311 -1.924737 0.7586361 -0.72110325 0.6629903 1.4785168 2.3888814 2.9099994 1.0370067 0.05321701 -0.6771276 -6.237251 -3.2196028 0.049839307 -7.019419 3.8161817 -2.978391 3.4350078 2.2801254 -0.38856468
discredit -0.1576029 -3.635736 2.817289 0.173527 0.70347106 -0.4327605 4.098426 4.255643 0.7871439 -1.1194769 -0.4692134 -3.6065319 -3.6912692 2.110694 -5.298967 9.475737 -6.129716 2.016018 -0.9726284 1.8204168
compromising -1.1415201 -1.8020282 2.6121714 -1.7004688 -0.75025475 0.82282037 2.410163 -0.22838272 -0.24584904 -0.40374988 -2.9599338 -2.7290282 -3.2879992 2.0494356 -3.1937869 7.139614 -0.5555526 3.1684678 3.3605266 0.40663588
dismisses -6.1730947 -2.8706446 4.249606 -1.4650282 0.40012485 1.3182929 4.3909936 -0.21955487 -2.076955 -3.0045896 -2.8542063 -3.5366156 -1.0416902 -0.22224241 -6.8101697 8.0737095 -0.39035162 2.5743287 -2.8453493 -2.4046512
displeased -3.9903862 -2.9040625 2.0039282 -1.3914471 1.6328896 0.22550388 -0.09681496 2.277177 1.391088 -2.6399758 0.25003263 -3.4741974 -2.1329424 3.18292 -4.3206334 4.806932 -1.1704408 3.0194473 0.8301147 -0.62718743
reminding -1.6575625 -1.9690452 -0.4239636 -1.4060082 1.3765187 0.092929825 3.0288212 0.78985435 -0.76202154 -3.942475 -0.5549336 -2.0505211 -2.424424 0.6134455 -5.4367485 5.5844707 1.7455003 5.5682883 -0.2466587 -0.31394765
insecure -2.5043142 -1.9223408 3.0533183 -2.3724203 2.2917476 3.0887735 2.5311193 -0.98429126 -1.0748441 -2.340763 1.0847286 -0.86967075 -6.1450815 -1.0809501 -3.598046 4.2909303 -0.9386169 0.73890364 3.7635703 -2.796873
betray -1.5065595 -4.1247263 2.1413486 -3.5688965 3.2113986 1.5881426 4.632207 1.755999 -2.343261 -1.6459455 2.597947 -4.447192 -2.320597 3.7005424 -5.280932 7.402739 -0.1315395 5.1565924 -2.4845495 0.333446
adamant -3.8794591 -1.4451884 1.2706541 -0.9925942 1.4947988 -0.2762359 0.82802933 2.9435575 -0.9804368 -3.5999537 1.3305129 -2.8726428 -2.3769622 2.1873841 -3.4627573 5.5526266 -0.14702553 1.5822748 0.48706952 -0.9281265
defied -1.672401 -3.3964942 -1.0887109 0.5642198 1.6694832 0.19170004 -0.8911617 0.8694227 2.394593 -0.37139583 -2.128794 -4.514262 -0.9325696 1.3487152 -2.9959457 6.246237 -0.9131334 4.424088 0.12899207 -0.55173963
irresponsible -4.689044 -0.9203955 1.8089888 -1.4439828 1.5157194 0.78002596 3.82796 2.3375611 0.9923408 -0.7061939 0.16984808 -1.1605122 -7.470533 -2.0604575 -4.97507 6.2763243 -3.805748 1.3131497 1.8079038 -2.4952803
hurting -2.9375916 -0.0022392704 1.3409303 -3.6847005 2.1752872 -0.98990023 1.157148 0.0349498 -2.4770617 -1.8517675 0.6612921 -5.872447 -6.1759033 -1.9438283 -4.9703565 4.8374786 0.3787308 4.273389 2.7591133 -0.9460111
appease -1.2162173 -2.0710416 -1.3752378 -1.8397388 2.182088 1.4395146 1.1847421 1.8100455 -1.0160607 -0.732224 1.5492469 -2.8855462 -4.212248 3.3199928 -4.926206 5.1197143 -0.958182 6.805889 -0.53919333 1.4937253
bothered -2.9448626 -0.3432279 1.806988 -2.3157432 1.6087768 -1.1465907 1.3569167 -0.59403145 0.862591 -5.5482383 -0.11824384 -4.228259 -2.3389661 -0.79587144 -4.906264 4.6134076 1.1356536 3.648758 2.4108198 -2.089602
tempted -2.4631116 -1.0663093 0.6909914 -3.6676278 2.1517255 0.59745735 1.160048 0.3127011 -1.0464008 -3.7660065 2.3766565 -2.3837888 -1.7804412 1.407143 -4.4740067 5.6490984 1.9004842 4.6050735 0.31054127 -1.4601536
deceived -3.502836 -2.7000995 1.5408409 -2.9173996 2.3049076 0.06914543 4.6925707 0.47145665 0.58891726 -1.845346 2.0972593 -2.5158207 -3.3795376 2.6518135 -4.728374 5.343796 -0.44541934 2.5296457 -1.9463395 -0.61468613
dared -1.7282436 -3.8344488 -0.91182286 -1.592121 3.743965 -0.36276513 2.6131268 1.7239752 0.5977821 -3.1166077 2.3744004 -2.7533462 -2.625926 2.9291945 -4.8587475 5.121287 1.1668004 4.7752595 0.14814217 -0.35813254
cautioned -3.8578324 -1.748995 1.2059928 0.46485314 -0.12409777 -1.6134727 0.85339135 -0.77303535 1.9783039 -1.2082832 -3.3005793 -2.5359373 -2.0732257 -0.1537125 -3.6894999 6.560292 -1.4280756 1.6397651 0.59803927 0.56003195
intimidated -2.3730242 -2.4022002 -0.51510924 -0.23831001 4.265838 -1.1260486 3.597633 1.0565971 -0.60873055 -3.7906137 0.96057016 -5.984963 -5.675993 0.8414955 -2.3198094 5.2051873 -2.7357132 3.4065256 1.9484402 -2.2883775
coerced -2.2159538 -1.4090724 1.3798869 -1.0789311 2.7595446 -1.9133545 4.2358427 -0.69182837 0.94119734 -2.0144613 -0.020610105 -4.5934715 -6.3379025 1.5077583 -1.1074754 4.5521364 -3.484443 4.0936656 -1.9790795 2.2106392
dismayed -3.2241704 -0.62036204 1.06201 0.16808169 1.9310642 0.5150399 1.9389918 1.7304746 -0.13227448 -4.704442 2.1917384 -3.4163215 -3.630696 1.1147622 -4.73706 5.2236195 -0.14988592 1.3277858 0.27409273 -0.046470463
shunned -2.1305354 -0.33460894 -1.0997037 -0.38113025 2.1868517 4.142378 1.6422514 0.20057301 2.1679897 -4.671529 0.3349722 -3.3881803 -3.3180602 -0.33429754 -2.4812193 4.568959 -3.1582425 4.5896397 0.7521163 -1.619668
inquire -4.0705285 -1.2395418 -1.148046 2.1958554 -1.1051174 -0.34604198 2.8458028 -1.3818733 -0.3639405 -1.906019 -2.0321367 -0.8844835 -4.538286 3.8630643 -2.7494354 6.2533784 0.0103885885 0.4402415 -3.1963916 2.5814252
defy 0.30927873 -2.9846072 0.670063 -1.2689273 1.0294914 1.0669831 0.9199665 1.3113925 -0.28299987 -1.2533406 -0.6407317 -0.1749909 -1.3214804 0.470439 -4.9564857 7.0326066 0.0078028506 5.0286994 0.14938563 0.23939171
behaving -3.8343024 -2.321197 2.5672116 -2.7712553 2.6813865 2.3499248 5.668277 -1.2716293 -0.5742481 -2.289083 -0.9622568 -4.39535 -3.5333579 -0.7920784 -3.8173645 4.428624 -0.65710115 3.1425643 4.1530375 -3.7946267
worrying -2.5946276 -0.45235795 2.3566332 -2.9177473 0.6186832 0.5685162 1.1948125 -0.13185164 0.36117825 -3.756555 0.6613605 -3.295107 -5.0738087 -0.5809524 -5.7411304 4.3113256 1.6555675 1.4789542 3.6251495 -0.26868665
justifying -0.2223685 -2.4742453 2.3879566 1.0673355 -1.4850014 -0.09484074 2.1057825 0.5787772 2.6342366 0.9798246 -3.2716322 -1.5527352 -3.2878141 2.650781 -5.7830124 6.634042 -0.9751447 3.1127813 -0.67825985 0.44403368
neglecting -2.2195945 -1.4882011 2.461525 0.2894208 0.55014694 2.7969496 1.0029218 -1.7211732 0.21616559 -1.8057239 -1.0627878 -1.9800625 -4.1503572 1.6601622 -2.8890064 5.46041 0.10059575 1.7446921 0.59970087 0.74702865
hinting 1.4253502 -1.8539608 2.7159863 -3.225822 -0.57005626 -0.51435417 2.0109622 1.6853358 0.1948481 -2.3438454 -0.6061988 -2.0493937 -0.58742666 0.44384453 -6.006567 3.456685 -0.21963729 3.3220246 0.9789395 -1.3749808
frankly -2.9666653 -0.6162542 3.2607412 0.18617345 1.598195 0.26733732 2.42434 3.4990866 2.8240793 -5.302887 1.0790484 1.2697818 -4.410606 -1.2241913 -5.8142786 4.6347694 -0.028591977 2.9101636 1.8802364 -2.5908995
hesitate -1.560169 -3.5911982 1.9256171 -1.7299029 3.4441235 0.14822923 3.0189216 1.5931231 0.2116068 -2.6031752 2.3492231 -1.4379845 -3.249091 2.9778829 -4.1517267 6.839621 0.1863726 4.511092 0.8227373 1.1022127
thanking -3.1139438 -0.54854816 -0.94181824 -0.8069033 -0.2032524 -2.460456 2.6026738 4.969229 -0.45722526 -5.9276767 -1.528193 -1.8086146 -2.273276 0.86834145 -2.7826557 4.9162726 1.9101951 5.3212924 -1.9564111 2.1535163
dishonest -5.1307473 -1.0753312 2.3486166 -1.9923551 0.9284633 0.1623792 4.0453005 1.6323078 0.934448 -1.089417 -0.088095605 0.9556008 -6.9031405 0.79444265 -3.4089992 8.1198225 -4.5646243 1.6469871 0.11161075 -3.1493037
deceive -1.1231626 -4.296534 -0.043966185 -3.2813063 1.5066049 0.362909 5.752154 0.009705359 -1.5354992 -0.78378177 0.3544921 -0.8660186 -2.2245562 2.5318868 -4.4996004 8.570163 -1.1680547 2.9909153 0.8084645 0.46667036
misguided -2.0487823 -1.4520445 2.7423291 -0.52057654 0.56686044 1.8122363 2.9762466 2.9860983 1.5638571 -0.8163002 -0.15032852 -2.066684 -3.4725144 -1.4340142 -6.92405 7.0149946 -2.4567838 2.2893014 0.8058122 -1.5953252
incite 1.7020519 -2.5717878 -0.42342472 -0.9159652 1.0407767 1.2308937 3.7752066 1.856045 0.19426854 -0.9255809 -0.8962442 -5.9148064 -4.441923 -0.2651773 -6.453648 4.6554 -4.747273 5.2238545 -0.14574116 2.1744866
trustworthy -2.7678344 -3.9961462 1.1226356 -1.0010972 1.2254716 1.9353166 3.8617241 -0.638932 2.6385431 -1.5549229 -0.5171127 3.3826725 -5.377501 2.473354 -2.3083134 6.279901 -1.0242982 1.482841 0.10640672 -0.95206296
allege -2.404164 -1.4584087 0.4877138 -0.16810064 -0.5437774 -2.4482555 3.6316628 -0.65065813 2.138225 0.20628116 -3.8249524 -3.1193552 -5.625035 0.11637919 -2.5215201 4.951859 -5.492315 2.0135715 -2.3746173 0.49494252
betraying -1.7279601 -3.0374963 1.6235937 -1.6309446 3.8163807 0.88615954 4.698688 3.5471776 -1.2741368 -0.83963805 2.6044028 -5.432807 -2.9808495 1.0450146 -4.208457 6.0530434 -2.4124682 4.243631 -2.7750418 -0.2963042
inept -3.8819423 -3.3911736 1.0836176 -1.3820306 2.2814176 2.2432954 3.7804193 3.0734754 0.27067924 -1.5247054 -0.06938038 -2.4633117 -2.8508835 -0.8041517 -2.3315334 6.5153303 -3.2480743 -0.8049751 4.028483 -5.4511127
unscrupulous -3.5808768 -1.4049708 -0.17058708 -4.2763724 1.7587669 2.3497515 3.5784826 0.27973527 -1.085642 -1.2846246 2.749882 -0.19093642 -5.299909 1.3751657 -1.5398339 8.4363985 -6.203134 -0.30212334 -0.25897247 -3.1918466
incited -0.2498603 -2.9665866 -1.0985042 0.66046685 1.0355531 1.589746 2.3892276 1.2016153 0.9320059 -0.13969472 -1.605082 -7.894696 -2.2085507 1.231356 -5.989488 2.4220312 -5.17343 3.8967714 -1.725634 -0.58930343
offend -2.824603 -2.6089528 0.6643318 -1.947067 1.957253 0.28681704 1.2255095 1.2948173 0.9981261 -2.554353 -1.3491094 -1.0785818 -4.5578117 1.0406061 -6.0189676 5.589333 -1.8112302 8.544189 -0.083836 -0.8803644
trusting -2.9176204 -2.137746 1.8313732 -2.018432 2.308905 2.8113687 2.632774 -0.3271356 -0.92468387 -2.6617537 1.6724962 -1.3939954 -3.677301 0.7864021 -4.499364 7.277287 1.1250468 3.2661898 0.72284126 -0.19077109
fooled -2.5732358 -2.7888114 1.3587584 -3.7317235 2.1195457 -1.2463982 4.5512695 0.66258204 -1.305944 -3.6778178 0.7269203 -2.216431 -1.0899426 0.11796991 -3.8016455 4.5172906 0.5655859 2.2640004 1.0726345 -1.9166037
truthful -2.946954 -1.8630847 3.8261864 -1.7504181 -0.9988538 1.125443 4.131752 2.2834854 2.7976778 -1.4585181 -2.0415983 2.7088673 -4.2017717 0.23053089 -5.2059665 6.112322 1.0352689 3.3062506 -0.105759494 -1.9218258
disclosing -2.1514332 -0.79056555 2.0942535 -2.7905862 -2.6915488 -1.9599186 3.9215667 -0.78512514 1.1112574 -1.0411794 -4.3944273 -0.83838946 -6.2016807 1.4468707 -2.8619006 5.581319 -2.803572 2.633388 -1.8723145 1.456598
tyrannical -2.1615357 -3.8927507 0.5530007 -0.44162118 3.5452402 4.566647 3.82847 3.25986 1.3833847 2.5068376 3.646165 -2.5381954 -2.9950352 2.44435 -4.870317 6.0445943 -2.7106588 2.6958988 -2.4489005 -2.379941
puzzled -3.066708 -1.7848463 2.1122026 -1.194061 1.5078596 0.8964824 3.98573 -0.981549 1.00355 -4.6028304 0.35589913 -1.357982 -0.82735264 0.2665369 -4.6329756 4.5813074 0.72118336 1.5228502 0.30207914 -2.8139057
contemplate 0.027392142 -0.31950578 2.0852602 -1.2716973 0.04659516 3.0705135 1.2408178 0.6574891 -0.093504496 -3.8061361 1.4062222 -2.6586957 -1.7151012 1.2125988 -5.768599 5.169532 2.733355 2.995427 0.8082878 0.76327455
criticise -3.2494733 -3.257542 1.3951238 1.1769394 0.18576916 0.9591342 0.18958883 4.317255 2.9115062 -2.218026 -3.0332704 -1.4109713 -3.8472407 1.6939551 -4.4309444 5.7019033 -3.3069935 3.8440623 2.8300898 -0.17092769
unwelcome -1.0936835 0.084280275 -0.3612688 -0.6164179 0.5834622 1.9347051 2.2047167 1.1207039 0.6534663 -1.9857911 1.1028386 -2.5521996 -4.416504 0.5674975 -4.4176383 4.389083 -0.7163634 2.2040126 0.6789209 -0.5489603
disrespectful -2.854071 -2.13923 0.9133246 -0.4923768 3.1676416 0.27152488 3.6628675 3.6275632 2.01923 -1.128434 0.106057934 -1.7775275 -5.144821 -1.4939826 -4.2852597 4.519458 -1.0982318 5.660245 0.86401576 -2.1986613
disregarding -0.4589836 -2.6969504 1.385315 0.8028458 0.52047324 0.72432286 2.1226907 -1.7381078 1.4398704 0.6863885 -1.7184151 -2.1986175 -2.555408 2.3927038 -3.3957324 5.7325835 -0.34039044 2.500528 0.26690772 0.24187082
inquired -3.8726015 -1.2145432 -0.4742215 0.11998808 -0.39671737 -1.1881698 2.2307541 -1.0413276 -0.14647375 -3.175486 -1.9285173 -2.2209973 -1.4675322 2.2127159 -2.395096 4.461143 -1.0347528 1.2856404 -2.571552 2.039571
quipped -5.871652 -0.73464423 0.6287357 -1.925353 0.6994566 -2.9902322 -0.120888926 2.5387242 -0.008669069 -5.2404084 -1.8171307 -2.020943 -0.008782714 -2.2997007 -3.5041482 3.9966362 0.5031046 2.9095416 0.35359108 -2.507287
alienating -0.8612035 -1.61689 0.49533194 -0.733254 1.9053077 2.4156368 -0.23869886 0.8610367 0.7332489 -1.4295046 -0.1690335 -3.1057172 -5.6516023 -0.09301148 -4.554082 4.660715 -4.3921447 4.24317 3.0705795 -1.992129
forgiving -3.121275 -0.65360516 2.9950264 -2.810765 0.52593887 1.4860452 2.5619109 0.3875471 -0.42059198 -0.9473989 -0.07394519 -1.0011711 -2.7902782 0.17274264 -4.609847 4.74605 2.3583524 3.1481938 1.5971508 -2.960714
reassured -3.9478707 -2.4843004 0.6445114 -1.2205428 0.9491984 -0.018134024 0.094826065 1.5669125 -0.75476056 -3.0536406 -1.252683 -4.5476117 -2.0152898 1.7103766 -4.29485 4.8285975 -1.0054485 3.2502654 -0.0005366281 1.0806555
speculating -0.5904382 -0.27160665 1.4465914 -2.2520792 -1.1449972 -0.25901553 -0.05346166 0.15499291 1.5537398 -3.1640384 -0.013976111 -1.4598294 -2.1871285 -0.2859606 -5.513726 4.539984 -2.7531085 0.48364756 0.016066566 -1.3727714
arouse -1.2918112 -1.2549053 0.78516775 -1.7347336 -0.14051387 4.902788 1.618236 1.0180365 0.26134923 -2.0910268 -1.3651085 -3.7030268 -2.7311163 0.54930705 -6.0197515 6.004654 -1.3359078 5.525791 1.0492396 0.6962928
subservient -0.80341136 -4.595545 0.30506894 0.36976779 3.8597257 4.002329 2.0836117 0.5947116 1.2754143 1.1194739 0.8238324 -0.5188898 -3.0362988 2.546345 -2.2838602 5.060616 -2.2073479 5.5734153 0.57730764 -1.4659514
reassure -2.7159648 -1.8735063 -0.1932708 -1.532318 1.4662329 1.0039194 1.0422306 0.457011 -2.2093492 -3.032559 0.30606169 -2.7792997 -4.7103014 1.0375051 -3.8891187 5.961927 -1.0320363 3.3187344 0.76025873 2.11825
apologizing -3.0696502 -0.8510858 3.6010141 -1.2440478 0.6888824 -4.0082736 4.315545 2.9500868 -1.1618073 -3.9021008 -1.3879765 -4.38891 -4.783851 -0.35031366 -4.566017 2.7846513 0.8334645 3.5287397 -1.7452607 0.39309373
implicate -2.5977967 -2.1240518 4.9291773 -0.782298 0.10754312 -0.47747254 5.165717 -1.0248832 -1.956014 0.08733147 -2.610979 -3.7638736 -4.033521 1.3227153 -2.8476274 6.2490172 -3.5152717 1.3961262 -2.551366 -0.087493815
mislead -1.2729851 -3.7772708 0.4978602 -2.6666996 -0.032890696 -0.5397439 5.139652 -0.51815104 -0.7463344 -0.9714997 -1.9171597 -1.0406665 -4.26954 2.1487935 -5.4738183 6.9380903 -2.8915374 2.4956737 0.8984052 0.8417426
subvert 2.6844187 -4.2270913 1.2146755 -0.7771407 0.9884207 3.2399595 2.766826 3.0177746 -0.889248 -0.07257509 -0.8469662 -0.50209373 -2.991071 0.83246833 -4.108808 8.753103 -3.83963 4.7835236 0.8347344 1.4274602
phony -1.3141416 0.035843473 -0.13141997 -2.4944465 -0.38092268 -1.5202603 5.234358 1.6943836 -1.0598166 -3.0821288 0.20936626 0.7092953 -2.6906836 -0.35199216 -3.1924312 3.911963 -3.1065676 1.433149 -0.35206708 -0.8504114
complicit -1.8632098 -2.1397712 0.5883888 -0.840535 0.087397136 0.5872545 4.699747 1.2339598 1.8923349 0.52490157 -1.3121136 -4.3340626 -5.161614 1.0250907 -3.4334826 3.9461868 -5.042891 1.2024921 -2.8375533 0.80493873
dispel -0.10267442 -1.5885235 0.6852334 -1.6628736 0.24255352 3.6610875 2.8257344 0.6662545 0.33214867 -0.68604577 -0.3823222 -2.534079 -1.8059067 -1.0990683 -7.183807 6.4013963 -1.7373437 4.565437 0.13444093 1.3203157
meddling -2.287722 -2.8681462 0.93907714 0.18608513 1.4631294 2.4188623 1.8870902 3.6404715 0.779412 -0.31138965 1.0073652 -2.8773186 -5.8883514 1.0435834 -4.601642 4.379518 -2.855606 0.5682847 -0.52699614 0.54317516
distrusted -3.0601933 -4.652804 0.37445188 2.0736537 3.535866 2.9418013 -0.2728431 1.4612281 2.4497285 -0.32599643 0.69997334 -4.2802577 -2.1179307 3.4635088 -2.997437 5.4801583 -6.288723 2.340808 1.1229465 -0.8365295
resent -2.485518 -0.97619563 1.330464 -1.1184989 2.8931663 2.1538813 0.9630405 -0.40479052 0.89114434 -3.1896095 2.8775954 -2.4344695 -5.0255046 0.5480912 -4.3215747 3.8484526 -0.9325205 2.3027108 1.3341402 -0.62034476
blatantly -0.6915625 -1.158759 2.996047 -0.4371787 1.2521344 -1.2063372 4.470632 3.9548786 1.5335444 -0.8111977 -0.09608902 0.4842413 -4.6227503 -0.49267107 -4.2139688 2.9487448 -3.1929624 3.8895404 1.0731595 -2.3926115
unfriendly -0.5103124 -1.7845867 -0.4351833 -0.3760856 2.0212789 1.2720008 1.4065799 0.3499966 -0.02476797 0.30223963 1.8707862 -1.9480361 -3.4698625 0.19188707 -5.2558823 4.428727 -2.4227216 2.1032374 2.1223042 -0.79342353
victimized -0.364855 -0.29583207 -0.6302423 -0.93811893 2.1504867 1.2360669 3.2156026 -1.4150821 1.8525898 -1.2429153 -0.74704283 -4.8885455 -5.602836 -2.9769533 -1.6499538 4.286944 -2.3068311 3.4060938 -0.4290774 -2.052465
inquiring -2.8768845 -0.8006491 0.21132861 0.20986587 -0.7346877 1.0077066 2.9233265 -0.7816799 -0.34805053 -3.761605 -1.8197806 -0.57774657 -2.3513365 0.94872594 -2.5782824 4.594201 0.12160817 1.5235301 -2.2255707 1.7924942
instigating 0.060157787 -2.7533882 -0.054345053 -0.4497407 0.13011308 0.97395587 2.0229445 2.9457922 0.7954644 1.4339852 -1.6357421 -6.052793 -3.601238 0.19045866 -3.417155 2.9509163 -3.6791167 1.0181899 -0.0031408323 -0.03828082
placate -1.7900894 -2.4674988 -0.4622929 -0.4758123 2.402461 1.2589761 1.2247118 1.3826385 -1.1879159 0.25709802 1.5126308 -3.0740266 -3.8534827 3.3888738 -3.4278562 5.6882553 -1.4406655 4.337258 -0.6330283 1.1364045
revolting -1.69567 -1.6755635 0.090740405 -1.1669296 2.5893488 1.2680991 3.3414614 1.200844 1.9658746 -0.4016516 2.017124 -2.8685298 -0.39645392 0.7064167 -4.7941017 1.1251519 -3.6008403 3.6159694 0.32395393 -1.773415
mattered -1.3203925 -1.4423438 1.0026796 -0.8496298 0.22845936 0.65030384 -1.8160595 0.289187 3.1051793 -2.6860094 -1.0228425 -0.5996127 -2.5688722 0.36202052 -4.3381705 5.1396933 1.2084614 3.2329695 1.5754635 -3.3372006
ostracized -1.8085277 -0.6376517 0.57415676 0.61530554 3.7870185 4.0006943 2.1066546 -0.40368736 1.6337868 -4.3470516 1.5695267 -4.768948 -3.9316518 -1.6136053 -1.5264533 3.4783776 -3.0863826 3.583324 -1.4430959 -0.973671
baffled -2.6796217 -1.9688646 1.6335696 -1.0011485 0.98454994 0.5165259 3.474778 0.43257344 0.5718895 -3.0814543 -0.40765202 -1.9888976 -0.2762918 -0.20408185 -4.4585266 4.3810964 0.3182831 1.2082323 1.634482 -1.7908087
unthinkable -0.34040126 -1.069005 1.6018208 -0.8407048 0.21008597 0.7410553 0.30682465 1.0355942 2.283766 -1.7604079 0.6464721 -1.3733824 -2.382225 1.1800077 -5.0568986 3.8772585 0.4493791 2.63004 0.28220096 -0.3370408
concocted -2.7290115 -1.5086503 1.8805699 -3.2776997 -1.0048028 0.8056602 4.0372066 1.4774113 -1.4456202 -0.96751606 -1.6194259 -1.5830935 0.77271324 0.79047036 -4.552253 3.7240984 -3.8053706 2.3249848 -1.7743951 -1.9990413
replying -4.3642235 -2.8032396 2.4604723 -0.33176237 0.55008453 -2.7521815 2.0739894 1.8826605 -0.014748025 -3.1325076 -2.2821033 -0.4252668 -2.6777558 1.5847732 -4.017704 2.1830325 0.32562035 3.2918465 -0.62950873 -0.25413918
disprove -0.6097236 -2.3742318 5.407858 -1.0518979 -0.131975 0.41333213 3.1130443 -1.8011603 2.9842916 -0.1746424 0.21126999 0.5657396 -1.4253548 1.0344081 -5.367193 8.676703 -0.13465281 0.49712887 -2.1876588 0.3150146
unspoken 0.8143187 -1.0864264 3.3583221 -1.1228297 0.79976827 1.8072358 2.5192535 2.527638 0.8128842 -1.4815031 0.5790108 0.33705884 -1.8848791 -0.94847256 -5.246909 3.2144594 0.25174752 4.9490347 -0.7135792 -1.0669453
ulterior 0.33132243 -4.243612 3.8567345 -0.6154932 1.1784774 1.8645062 4.0562363 1.11655 -1.9574215 -0.27594495 1.257669 -1.6228312 -4.4644384 3.2859085 -5.0890436 5.47311 -1.9749416 0.13392186 -2.5699825 -2.3868666
disagreeing -1.229467 -2.4467962 3.819177 1.9604524 0.24847457 -0.17845838 -0.8311364 1.9742181 1.9574035 -1.5624645 -2.8971612 -1.8856986 -2.514393 0.5987432 -2.7944238 5.004699 -2.67349 2.3081946 -0.467115 -1.3878363
unwise -2.3761547 -1.4019569 2.0151756 -0.09808602 0.82556397 -0.31712374 0.84578586 0.07514757 1.5976108 -0.90095353 1.7420002 -0.4144002 -4.53357 3.251791 -5.306638 6.581996 -0.9370085 1.0263752 1.3767676 -0.21826401
averse -2.880909 -1.6447737 1.8346306 -1.3109767 1.3032655 2.7783844 0.18797635 -0.6959775 1.7675974 -1.1271994 -0.38454416 -0.73477 -3.3977232 0.51812625 -3.4570093 5.499598 -2.3304477 2.8912034 2.331218 -2.0269105
deceiving -1.8137215 -2.2447536 1.3427073 -2.6087108 1.7312051 1.0668573 3.8959703 -0.6294395 -1.006341 -0.394913 0.587115 -1.623758 -3.5516586 0.67739385 -3.2184153 5.373098 -0.61300516 2.423826 -0.52730715 -1.3749436
disloyal -1.2286555 -3.191938 1.2236538 1.1786717 3.7730386 -0.25887728 4.583102 1.1205585 2.5188797 -0.27356896 1.6251549 -3.3960164 -4.830337 3.1640897 -2.803697 4.488326 -4.6413546 3.150798 -1.1769383 -0.65541416
concedes -2.7243404 -1.4817271 3.7514167 -0.9797745 0.538454 0.3049735 0.759015 0.80485433 0.012788819 -1.0597563 -0.79849553 -1.763495 -1.183091 -0.11030434 -4.4369884 5.9732757 0.40631148 2.4186625 -0.8261737 -2.1475213
presume -1.3804351 -1.9517827 1.7839218 -0.34122702 0.39034784 0.5398709 3.079006 -2.165216 1.1173593 -0.8705494 -1.2627509 0.6765655 -1.977668 2.0239618 -3.7239816 4.316745 0.2811754 3.8564844 -1.816162 -1.2031795
perplexed -2.5321486 -1.7324154 2.486983 0.2588999 0.9945492 1.6234434 4.156128 1.2179435 1.1277885 -3.6874387 -0.45071706 -0.9211502 -0.8066697 -0.504753 -4.0784883 2.9283519 1.3979542 1.9046965 -0.90890884 -1.091145
distasteful -2.3649411 -0.12389449 2.0981007 -1.1696485 1.9897026 0.49823305 3.4556446 -0.037685715 3.6065538 -1.0217791 1.7273649 0.43145716 -3.0646536 -0.95366764 -4.1322236 4.292109 -2.197339 3.1300411 1.7099512 -2.0930169
arousing -2.1836593 -1.1697587 1.6823146 -1.7433215 -0.028100623 5.1421 2.505428 0.65450567 0.58669937 -0.45109305 -2.148703 -4.111153 -2.6722112 -1.3614224 -5.2492356 3.5794659 -1.9373207 4.1413436 1.7740316 -0.83143324
instigate 0.54335505 -2.2257874 0.20387684 -0.74203163 0.42404908 1.3140229 1.4578403 1.4914119 -0.9861465 0.48061737 -0.4354464 -4.675937 -2.80893 1.0459856 -3.911149 5.061191 -2.6743739 2.5411189 0.832237 2.8078077
wronged -3.1593094 -1.7710478 1.2505637 -2.3777592 2.6933298 1.8476448 3.9969225 0.6887677 0.5526012 -1.2068086 1.6005075 -2.8462994 -4.8821974 0.89753646 -3.669038 4.7980213 0.25574997 4.6801295 -2.7348387 -1.3080373
reassuring -2.4094048 -0.9068886 2.4240563 -0.32236052 0.69053584 1.7353309 2.4404116 1.7881234 0.22152536 -2.385258 -0.43581855 -0.04117373 -2.3052933 -0.5176213 -4.7910137 3.7437446 1.024774 3.9312472 1.0787475 -0.2327018
demeaning -1.9828075 -1.3710357 1.111162 0.07170317 2.5080862 1.4098939 4.7433143 2.2167964 2.8677132 -2.113339 -0.51747495 -0.7705606 -4.637022 -1.8957555 -2.995989 4.8127046 -1.8346224 4.5891457 1.4231074 -2.2446449
conspire -1.4040297 -1.6124223 1.2051727 -3.1903949 2.105758 1.2903994 3.0908113 0.40648192 -2.767237 -1.2361633 2.179541 -4.389663 -2.8215828 1.9134921 -2.1129613 4.542787 -1.0744345 2.0964293 -1.4511158 -0.15667115
divulge -3.0087063 -2.9166906 2.0204122 -3.080516 -0.32501942 -0.22011268 4.970654 -0.5825244 -2.645622 -2.116072 -2.1296885 -0.639267 -4.6860576 2.3741884 -3.8724816 5.2779546 -1.5905516 3.2915847 -3.8544853 1.6489127
unfettered -0.48079357 -0.44561023 0.47331667 0.031647343 -1.0128791 2.2144966 0.87142867 1.637278 -0.6905323 -0.5899036 -0.7450957 2.2557933 -2.9257803 0.8388183 -4.6003094 5.0730934 -0.54645264 4.3437185 1.1696987 1.8520885
downplay 0.74639815 -2.4995713 1.959158 -0.65274554 0.11381074 1.9559648 0.949964 2.656389 1.9432652 -0.74923855 -0.9930993 -2.1985269 -2.9628248 -1.2017838 -4.861445 6.0161357 -3.5565765 2.1072495 0.9257575 -0.24911942
frustrate -0.04514086 -2.5890176 0.87422293 -1.0233971 0.32548928 0.737044 0.64131176 0.38891366 -1.6656054 0.1000487 -0.5953017 -2.5830395 -2.2476816 2.188496 -3.8244193 7.68747 -1.0565963 2.0445843 2.6755588 0.25312948
exaggerating -1.6776878 -1.507921 2.3468187 -0.6018067 -0.22231425 2.0874753 2.8514278 -0.002425406 2.3667638 0.3263712 -1.9377724 -2.1071482 -2.6935372 -1.2499285 -4.8776417 4.760103 -2.264763 1.142449 1.7108685 -2.3911834
counseled -3.2775004 -1.1343632 0.80512816 1.774325 2.044399 1.1134958 2.0070643 -1.3104745 0.52811676 -2.7355337 -1.3437712 -3.9764612 -2.1025012 0.10105328 -0.44117564 4.7892427 -2.0741708 2.854044 -1.987884 2.2050452
annoy -2.0842535 -1.9935818 0.75415593 -2.466658 2.8924704 0.46387926 3.9813087 0.45614216 -2.8297122 -4.093034 0.6247127 -2.201482 -2.9338737 -0.7292916 -3.1561475 4.110464 -0.16370192 3.9437957 2.0562193 -2.208046
oblige -2.569423 -2.2794776 0.9049372 -2.474627 0.5050867 1.1248183 -0.18645358 0.8922639 -1.2502284 -1.4023993 0.545374 0.7454961 -3.3583367 4.5105453 -2.3499618 4.316281 0.37879053 4.0724826 -1.8041033 0.7125894
untrustworthy -1.6578555 -3.176456 2.4548266 -0.5716259 2.5138352 1.60643 4.753206 1.1873517 1.673567 -0.09313386 1.9783672 0.08747763 -4.061819 1.561551 -3.6704772 3.995909 -2.99671 0.74840164 -0.17589727 -3.011341
reexamine 0.0484224 -1.223018 2.2190452 1.3620299 -1.0089091 0.8062098 0.87549627 0.2767695 1.1321325 -1.2919531 -1.9452662 -1.1435049 -2.6261177 0.28424445 -3.389793 6.154299 -0.8068338 1.5018486 -0.97230655 2.855613
uncooperative -2.3751528 -1.783017 1.1020991 -0.150993 2.0701642 -0.99347615 3.6937585 0.17805347 0.08450763 -0.67725754 0.22106345 -2.9989781 -4.3775296 0.70293707 -1.8080893 3.7898233 -2.2595038 0.59951156 1.2584311 0.24373898
apathetic -1.7361825 -1.3685207 1.5833452 0.91191924 2.839694 3.2109544 2.2955198 0.8399124 0.9683054 -2.236317 0.579685 -3.0827024 -4.0077324 -2.0434191 -4.0901628 3.2498062 -1.0372221 2.8408437 2.8667128 -1.9152911
disobey -2.2656846 -4.315005 1.0064224 -0.665442 2.9122283 -0.3620011 4.226797 -0.4200982 -1.6434528 -0.48490447 0.21396132 -2.4501235 -2.5681589 4.061301 -2.6312323 4.7269917 1.0018461 5.084974 -1.9996107 2.3034067
applaud -1.80887 -1.6922239 0.070455626 -1.227289 0.55086124 0.39487118 0.700459 4.020015 -0.27169657 -3.3109634 -1.7344931 -1.9807986 -1.3601635 -0.87678957 -3.4530585 3.8954213 1.0824106 5.0432196 1.3239503 -0.887324
deceitful -2.7992141 -1.5230467 1.8752438 -1.8670981 2.181984 2.616318 4.913394 1.6330394 0.27421084 0.1905364 1.8552821 -0.03227136 -3.5609791 -0.20203932 -4.143406 4.485269 -1.6449839 3.2929163 -0.8883499 -2.2200253
unconcerned -1.7629105 -1.3342046 1.6695287 -0.9442039 1.0324428 2.3286626 2.024052 0.28231615 0.53424084 -1.8373994 0.04445827 -1.7949175 -2.3042452 -0.33830124 -4.5327735 4.71616 -0.72734624 2.2082574 0.8349585 -2.018829
reviled -2.0338871 -1.2488819 -0.07551002 -0.3798794 1.3535842 1.5665182 0.848061 2.1107492 3.4272983 -0.0109762605 -0.22216679 -2.3714259 -0.7522299 -0.3355651 -3.4825466 2.731266 -4.5025353 3.6128128 -0.7485421 -3.5453649
ridiculing -1.229052 -2.6462216 1.2208362 -0.1088536 1.1932888 1.9754542 2.4761214 3.894645 1.679447 -2.2518198 -1.5926826 -1.8427017 -1.5732174 -0.18879654 -2.7908533 2.5001438 -2.804943 3.8096292 -0.17133318 -1.892436
loathed -3.0912285 -2.0368912 0.86619526 -1.1679615 1.9907209 2.4260995 1.2899511 2.1891239 2.2185466 -2.6795614 0.7222285 -2.0994987 -0.58489656 0.64213413 -2.3703024 3.5766053 -2.849276 2.6288486 0.2088161 -2.1632185
unhelpful -1.7592063 -1.6652169 2.9008005 1.0165116 0.049544662 1.1781551 2.74006 0.54967034 0.9167072 -0.53407 -1.2358276 -0.13725017 -3.4998906 0.28223497 -4.280744 4.065942 -1.7799364 0.6212628 1.3433379 -1.373873
truthfully -1.6074729 -1.7712631 3.2824361 -1.1393327 0.95473105 -0.26563668 3.3217041 0.87006533 1.1907985 -2.5566335 0.668712 1.5098673 -3.5007114 0.4587579 -3.477738 3.9108238 1.6192938 2.5393515 -1.5647322 -0.38123208
slighted -2.9233034 -1.3055259 0.5582449 0.8066667 1.6208661 1.6626909 0.567092 1.5441203 0.4915042 -1.167695 2.0937243 -3.0451431 -0.9181142 4.4143825 -3.2816687 3.4044497 -1.7730777 1.8791318 -0.09224431 -2.3475611
shamed -2.6740568 -1.2070321 0.9119943 -1.0897555 2.2357779 1.3903749 3.8006372 1.2676387 0.08773273 -1.2675025 0.9949297 -3.3318813 -3.4182987 0.5487533 -2.67583 2.0319183 -0.37011412 3.6637852 -2.2204356 -0.6820211
hurtful -2.3283927 -0.81055653 3.1487198 -0.53214073 1.2925922 0.65879005 3.4141579 1.2551204 1.4321407 -2.150521 -0.7893511 -1.1350243 -4.4329515 -2.1853616 -4.91993 2.9059086 -1.0134156 3.8339322 0.6797182 -2.3403797
overzealous -1.2020823 -0.81247836 1.0036736 -0.51025236 1.0102067 -0.059868295 4.34243 1.1743697 0.6676295 -0.8793904 -0.31145227 -2.839138 -3.1992645 -0.43920654 -1.1738681 4.4824934 -2.1232307 0.40267637 0.042262267 -0.60096085
commend -2.768823 -1.166836 1.0365005 0.17333917 -0.2625042 1.0966094 0.48429918 1.889274 0.8319769 -1.7559339 -1.4151775 -0.10799782 -0.4509469 0.31515113 -2.6233761 4.979471 0.6524591 2.6461594 -1.1056265 0.047046438
pondered -2.0201936 -1.4699451 2.329015 -0.24561986 -0.26825035 1.3146418 -0.033444155 0.15516637 0.8967167 -2.424535 -1.8753572 -2.0185885 -0.22132592 -0.329647 -3.8723261 3.4217544 -0.14250027 1.8826809 0.038254388 -0.4473034
uninformed -1.9334497 -1.560051 1.7540382 0.38215122 0.80439115 1.1552835 2.6990252 0.7508692 1.3647715 -1.0859859 -1.1977674 -0.22911865 -4.488164 -0.73754644 -3.6064487 4.4633718 -2.5699744 1.8354337 1.7277133 -1.4971253
exonerate -3.3323488 -1.1696981 3.2728634 -0.9809843 0.5697305 -1.4032811 4.4009914 0.03496011 -1.0074953 -0.72805136 -0.4812356 -3.4941537 -2.2887158 1.844693 -2.2088234 5.685852 -1.4652781 1.1331608 -3.0158527 0.3463478
shaming -1.3749338 0.18704663 1.579711 -0.7411947 0.7461593 0.48591897 4.7309656 1.2550014 0.65745336 -0.24140292 -1.6039823 -0.79130685 -5.0742745 -2.4784071 -1.7602412 2.7055044 -1.446157 4.470646 -1.1762705 -0.3107619
hounded -2.4229152 -1.7116057 -1.5384644 -0.806607 0.9856389 -0.39180627 1.7856827 0.6834937 -0.13995692 -2.2084818 -0.8306295 -4.996603 -1.6834857 0.18953453 -2.3298638 2.5558074 -2.0450766 0.9421574 -0.6921021 -1.2183043
offends -3.6590104 -1.0928996 1.134623 -1.2920403 1.5648059 2.2042518 2.7812443 0.4346303 -1.778222 -0.75298685 -0.72741103 -1.1328934 -2.5489306 -0.779248 -2.754107 3.7468476 0.39103422 4.916107 -1.6063963 -1.3428481
misquoted -4.2190323 -1.8265786 2.9818556 0.70555645 -0.029739492 -2.34476 2.8286808 1.6663316 2.5643778 -1.456071 -2.7513146 0.5701554 -1.4698883 -0.36847663 -3.862793 0.59611696 -2.83422 2.3952012 -1.3137798 -1.7286073
racists 0.547495 -0.6246279 0.1590043 1.2842315 2.9364681 -1.171553 3.4319403 2.8409572 1.4756695 -1.5940446 1.2901065 -1.6784061 -3.556256 -2.4096417 -3.135032 2.0178359 -4.1185575 4.3360724 -0.31971037 -0.83535045
unsavory -0.25872216 -0.2528246 -0.2674652 -1.7124497 0.3320108 2.369486 3.275881 0.86489314 0.5143677 -1.3019943 0.556417 -1.4559507 -3.0413487 -0.6620195 -2.1169977 3.7995474 -2.3878074 0.8315996 -0.1135416 -2.617155
exhorting -0.7179387 -1.9157674 -0.543485 0.87801194 1.558393 2.1819425 2.6549544 1.1655123 0.31721732 -2.714686 -0.12405954 -2.363035 -1.127732 1.1514207 -3.192466 1.6575322 0.023072032 4.470872 -1.6022906 0.8627295
insinuating -1.7966818 -0.82974106 1.8546795 -1.2182735 0.98261726 0.23122372 2.5029547 1.6406128 -0.8954271 -1.906292 -0.2142454 -1.4531676 -2.1185865 -0.568152 -2.895238 1.8963997 -0.72529453 3.023612 -0.18101881 -1.4476935
underhanded 0.10670936 -2.1894703 0.7149736 -2.6542156 1.8317643 -0.7768853 2.763749 2.0892522 -1.4339632 0.047376204 1.4170046 -1.2324635 -2.4507601 -0.8655339 -1.2203711 6.0709405 -1.9812165 0.44343016 1.6933588 -0.86509585
endear -2.2794106 -1.447981 -0.48023608 -0.75217134 1.4952619 1.717896 -0.06285739 0.60177237 0.6736103 -2.0860064 -0.30744937 -2.2191346 -1.3922509 0.0005564347 -1.5600476 3.7875466 -1.299206 2.6124806 1.2345531 -1.3298665
empathize -0.48316824 -1.8171049 2.4978101 -2.2469788 1.2063535 2.7317066 2.634986 -0.24652958 0.3606356 -2.1538928 -0.20801863 -1.1194012 -3.5903208 -2.4625678 -2.3989685 3.543341 0.99561656 2.0201898 0.836758 -0.5323357
misunderstand -1.7611505 -2.3148332 2.325118 -0.8792743 0.69781697 2.5753512 2.516228 -0.043358512 -0.29158545 -1.3324672 -1.385929 0.60831976 -3.1232383 -0.72173584 -3.3642132 2.2989182 0.19716033 3.1216815 -0.3046111 -1.0879394