Centroid_43 2.2335707248040193 -1.1965249637939699 -0.3765409632864317 -1.6503143262040205 -1.01016644658794 -0.26393350144723615 0.06366549017085434 -3.3639576791206056 -1.631754642020101 -2.6112806905226127 -1.8351024621195982 0.5931982886130656 -3.7034185035678395 2.1915992620956994 -1.9954910721859307 7.6920203557788955 1.2968456772211057 3.3392724724708573 4.509888731824123 2.5708781292613074
use 3.2811773 -0.64308727 0.20754935 -0.95582116 -1.774262 -0.6320234 4.288541 -4.392879 -0.32187414 -2.0812988 -1.8919146 5.4383154 -2.3694534 3.9998999 -2.3735313 6.326148 -2.7424507 3.4376528 8.029324 2.353268
make 2.4133615 -0.15458556 -0.44974846 -4.5553446 0.11665291 -2.1554756 -0.3949988 -0.44476247 -1.3493547 -6.1437054 0.94519466 -0.054034907 -4.0696564 2.5671072 -4.7997494 10.4850025 3.9081888 5.685344 7.268166 -0.9505153
free 4.255768 1.9626001 -0.95744765 0.8639023 1.1308514 -4.826952 -1.4552009 0.2192627 -2.1927593 -4.383573 1.9256533 2.9165933 -5.481422 0.2257245 0.45336017 6.3571515 1.1847401 5.2206216 3.2622988 4.7717276
provide 3.3288534 -0.6361098 -3.6806898 0.31235805 -4.2208605 1.9273053 0.9116462 -7.0572023 -4.0094237 -3.854876 -5.92851 2.1131618 -4.7713523 2.2631166 -2.981209 10.981325 0.7987921 3.4163196 7.4396467 5.4629717
allowed 3.807961 -1.5392814 -2.3089807 -0.6251766 1.4468046 -4.4283547 -1.2192816 -4.261703 -1.4664019 -4.2952456 0.6016837 -0.7795763 -4.732461 4.8124013 -1.2073941 8.722386 3.5083475 4.085812 5.147341 2.363212
required 3.4329746 -0.27483776 -0.15556855 1.7614095 -1.9628038 -5.165545 0.34309912 -7.1436343 -0.3014937 -3.2595353 -3.8574767 1.6432605 -5.9324913 6.965457 -0.01949877 9.616514 4.3026633 3.777683 7.532913 4.430724
access 5.0388303 2.6397429 -3.648662 2.072576 -4.4354463 -0.48578933 3.174809 -5.251097 -8.249665 -0.82053995 -2.699219 7.0123405 -9.841598 1.3866087 -3.384412 4.9501643 2.4093542 2.6247475 5.4917254 2.9780884
give -0.431048 -1.7403084 1.0375887 -2.9842868 1.0069145 -2.2531161 -0.37029 -1.8977941 -1.1772962 -5.994353 -1.3189586 -0.7371642 -3.1457663 2.6436005 -4.498192 10.39189 5.310358 7.6564527 3.5201588 0.6625939
create 6.435378 0.36050662 0.35132006 -2.5046525 -2.3827226 2.6228976 0.8711 0.69051236 -4.5655613 -4.14741 -0.86713356 3.2185104 -0.0908718 -0.29977143 -3.1666493 9.544428 -1.9580604 5.1663117 5.665764 2.8494623
certain 6.155371 -2.505914 2.7657967 -1.2343088 0.20371813 1.6140002 3.1669936 -5.886698 3.2097998 -1.2952852 -1.0701607 3.6930285 -6.4818697 3.0141368 -3.0593631 7.0455437 1.9485918 4.7382884 3.4326074 -0.6262584
offered -1.5497339 -1.8202424 -4.290968 -2.9124444 -2.9211946 -2.0156267 -4.5516453 -1.9648794 -0.3850118 -7.203374 -5.2383327 -0.952354 -0.8163509 3.0134733 0.17426622 7.9687824 1.5458401 2.9283855 2.7563746 3.0590646
done -0.36500844 -0.088767365 1.4350252 -3.001151 -2.9501257 -0.17901139 1.1393889 -1.986623 1.2873468 -6.3874993 -3.4064698 -1.5175483 -0.47599187 2.0818043 -4.5767355 6.285087 1.8286631 2.7399783 4.6385417 0.5652116
serve 1.5960392 -2.6867356 -4.3666825 4.651646 1.6896477 -1.7898612 -0.43902525 -3.1763663 -2.6409478 -4.797767 -1.7326832 -0.8813651 -3.4551597 2.7687411 1.4681795 6.594052 0.10724108 2.0095983 2.2132592 4.0677247
allow 5.426583 -1.6016423 -0.57941926 -0.33996418 0.11552712 -3.9793682 1.0584245 -5.239724 -4.8784103 -3.9007366 -1.1839108 1.2590244 -5.1015215 4.3401194 -2.9822693 10.334277 2.7119555 5.3505135 7.1896973 4.0187902
intended 3.1832435 -1.5413519 -0.28419143 -0.3575656 -1.9321063 -2.550896 2.3404887 -0.1354586 -1.4015265 -3.4084582 -0.82085735 1.7314278 -0.6364437 5.084945 -4.1130214 6.483791 -0.63781446 1.9561617 4.2098145 1.8601943
meet 0.3567455 -0.9588367 -2.7400978 -1.4932563 0.57543707 -1.4678135 -0.2784645 -1.4038095 -3.7893379 -4.252252 -0.39281267 -1.1327642 -5.0362473 1.9591051 -0.2300701 7.3481007 6.3738346 3.2907186 2.3536992 2.7535686
giving -0.06486011 -0.65707934 -0.44633076 -1.6797963 -0.43944898 -2.0924172 -0.9586669 -1.5714043 0.60803425 -3.8003912 -2.9848466 -1.2317686 -1.5867704 0.64660513 -3.8188908 7.14914 4.224502 5.794206 3.6148443 -1.6205617
needed 2.5304852 0.5344436 1.1751235 -0.5634721 -0.23581725 -2.3689265 1.0412496 -3.9994516 -1.5017321 -3.911213 1.6423756 0.3971639 -5.2605753 5.737886 -3.1025906 9.236965 2.7266839 1.4963397 8.664176 2.837961
build 5.068412 2.0346372 -2.755547 -0.04106345 -3.0672019 1.1232367 -1.8447837 -2.1406622 -7.9721494 -4.454527 2.426165 0.89570946 -1.7423558 7.105986 -2.6639073 8.474823 -0.33404824 0.69726735 5.1817164 3.043972
hold 2.1753447 -1.6571698 -2.4741843 0.32467556 1.5528477 -4.1624713 -0.47438866 -1.3107123 -0.8323445 -3.339929 -0.99571294 -2.0902274 -3.357561 4.88935 -1.2016954 7.4434276 4.40863 7.063904 3.7170122 1.1230448
remain 4.63552 0.89162976 -0.9300939 1.4308503 0.8660049 -1.9624581 0.21278644 -4.2730775 0.61085093 -3.6767156 1.8165131 -1.9149678 -4.179094 5.607823 -3.3122551 5.4528985 1.6697414 4.23403 4.316837 -0.90063083
providing 2.326021 -0.13051006 -3.820648 0.3297967 -4.2190104 3.241755 0.3884761 -4.511992 -2.9323757 -3.367628 -6.0671015 0.6789502 -4.1187034 -0.25616467 -2.1063814 7.3178573 -0.68288565 1.5865723 7.533657 3.566778
expected 3.0728095 0.012695264 0.92071563 -0.9923346 -1.074481 -4.872327 -3.15993 -2.5628915 0.67443997 -2.276342 0.97799903 -1.2383243 -6.0293527 3.066894 -4.1892524 4.6213493 5.7489305 -0.061739285 6.500884 2.2046924
offer 0.307041 0.91955745 -0.7233043 -2.3683133 -1.1129124 -1.5406445 -1.9936266 0.34147856 -1.5589726 -5.715816 0.029228374 3.2884073 -7.139725 2.709872 0.6553502 7.387724 3.0444324 3.0824234 4.4221168 3.9264383
develop 4.1982408 0.09481009 0.5028182 -2.2891657 -1.06079 4.536496 -1.8830396 -3.2252498 -2.0498886 -4.755942 0.79019576 0.8214037 -1.9441375 -2.1358807 -1.7972305 9.782394 -1.06712 0.0021038237 7.9356894 6.2403855
receive -0.5339871 -0.85014033 -3.555085 -2.2095132 -1.4988005 -5.389078 -2.0952797 -4.1661563 2.4803343 -5.584644 -4.983045 0.6005742 -5.272288 2.5653536 1.3787794 8.645396 6.432348 6.050494 2.0512364 4.890127
allows 5.5739174 -2.7603126 1.5442106 -3.4878428 -1.5979314 -1.4712615 2.5684829 -6.3771005 -6.2249017 -3.2204084 -5.1040096 3.9074664 -2.76442 -1.1230654 -2.3314645 9.573892 2.969408 5.804126 6.317079 3.5396447
allowing 5.0108247 -0.8539779 0.28539312 -0.9517438 0.7193485 -4.3875475 0.74927247 -4.2183995 -4.496425 -1.8187741 -0.28109333 -0.05585119 -4.669225 2.0257182 -2.5299892 7.8940024 2.8842785 3.8884883 7.136459 2.0417492
transfer 3.179903 2.0946965 1.8740433 -0.102313764 -2.2589464 -4.7815337 -5.539836 -1.9747905 -5.027602 0.78202057 -0.2948777 -1.7004877 -4.2891846 5.231739 1.4846945 3.5307105 2.776758 1.9571109 4.3144507 6.530709
necessary 3.904499 -0.31809258 3.9948184 1.0666445 -0.5102818 -0.16615824 2.7866223 -4.2599277 -0.47582167 -0.42160627 0.7577567 2.1844678 -7.1648073 6.6730614 -2.8821728 9.537663 2.8052435 2.6649373 6.6719556 4.4466133
needs 1.7740834 2.0104725 1.40834 0.625097 -0.44163796 4.5757313 4.6886516 -3.476417 -2.8777816 -3.0996604 0.2861795 4.8167644 -11.006225 0.502082 -0.12792616 7.335744 3.067731 2.2409358 5.7743225 2.928431
meant 2.2912047 -1.8711339 -0.4140896 -0.7977213 0.2615025 -1.3316965 -1.0095317 -0.61209893 1.0804394 -1.8302207 0.4392659 -0.2940533 -2.6815999 5.2970204 -4.7391815 6.212726 2.005425 4.0917954 6.543521 -0.8271153
carry 1.2945398 -3.089782 -3.6617289 -2.2065918 -0.0811841 -4.1688085 3.6342297 -6.324227 -1.8318722 -2.5006738 -2.393924 -1.3358909 -1.6231422 4.7828875 -2.2062895 6.636228 1.3706421 2.8239138 5.7669444 2.5296876
protect 2.5441682 -0.3718107 -4.8076887 -0.55737954 1.0469488 1.68917 4.9884386 -5.5535326 -4.6772327 2.2728474 1.9468749 -3.1858757 -4.645004 2.690037 -5.3333945 11.938496 -2.3811877 4.1572466 1.1890244 4.22066
follow 2.692133 -4.6334033 0.106204465 -0.32422632 1.724242 -0.9110135 1.1618533 -1.8756553 -0.3918975 -5.755226 -1.1387458 0.21611595 -1.4238788 1.5643028 -5.042917 7.382759 3.662055 4.4612575 3.0903132 0.031538572
improve 2.0241566 0.19963503 -0.90027976 -0.56957674 -2.2732396 4.065284 -3.5493708 -4.358 -2.4983714 -2.6341164 -1.3859383 0.028182456 -5.951059 0.25327936 -2.5523927 12.663895 2.536241 0.031226793 10.606687 5.5751686
operate 3.769061 -1.9497286 -5.9096317 0.42655042 -2.1246502 -2.8725414 -2.6363883 -6.570105 -5.7984276 -3.4860497 -1.6604179 1.8829205 -3.571769 4.722042 -0.98801273 2.9943733 -0.78055793 -0.48070583 8.96743 5.850941
gain 1.3416638 -2.1899018 -0.54118675 -2.0576816 1.0532069 -0.5370117 -4.132656 -0.8991516 -0.66635686 -0.26700217 -0.16355741 -1.7396289 -5.8169413 2.0274186 -3.436113 11.390107 3.452781 4.693209 7.2730117 2.2956228
reduce 0.74589676 1.185508 1.4920624 -2.1179497 -2.7753325 -2.1804569 -2.8026285 -9.175949 -2.610902 2.140765 -3.7757792 -3.707667 -7.103993 1.780935 -5.014646 9.577636 -0.03927388 2.153026 11.086015 4.340583
participate 6.751789 -2.335203 -4.101285 -0.8555619 1.6025829 -1.3447775 -2.0498652 1.4137758 0.9414002 -3.9463851 -1.1971338 -3.040363 -6.361609 -0.46317053 4.0214534 7.534067 6.263761 5.951398 1.7263057 6.2400355
maintain 3.4565413 -1.6360892 -1.6854372 0.7256309 0.5197908 3.0206265 -1.6474608 -5.35203 -2.3823056 -0.18841079 -0.40109724 -0.087593004 -5.4239955 3.9442043 -3.1244638 11.4354725 1.2582701 4.704595 7.1662965 3.9644203
determine 6.6327863 -3.0569868 2.5649116 -1.0066738 -1.2186311 -3.6557455 1.9466982 -6.637638 1.9404838 1.3357402 -3.7281048 2.1820273 -4.6026545 0.913781 -1.4130049 11.724971 7.361179 3.0192955 2.9020095 2.299122
require 3.5339842 -0.7248071 0.032816347 -0.9676456 -3.2572184 -3.6695426 0.5634627 -9.709639 -0.41707525 -2.8539896 -7.019581 1.5415717 -4.7078886 3.5156274 -2.0057068 10.767241 2.154272 5.9335327 8.2203455 4.374433
ensure 2.487231 -0.24277058 -0.72136515 0.2767174 -1.2701666 0.2533747 1.3414223 -3.4055645 -1.9522574 0.40757254 -1.5343744 1.5059934 -8.021353 4.2728863 -2.0025265 11.487594 3.0351813 4.112871 6.3409157 4.8262753
offering 1.293122 1.6078603 -3.0067253 -3.2686794 -4.239437 0.9421899 -0.31467828 -1.3297136 -1.5728518 -5.589952 -3.2436438 3.6810713 -4.3556657 1.7568953 -0.42443013 4.067919 2.2838762 3.7573926 3.9571664 3.0808725
requires 2.3643348 -1.4087859 1.7660272 -0.6866176 -3.318322 -1.8642583 0.1577192 -8.237231 -0.9082148 -0.5496863 -7.752498 2.8262572 -3.4343426 1.5955288 -1.4701284 9.6728525 3.416341 5.664794 5.64893 3.8665376
raise -0.3994048 3.9698942 -5.155256 -3.5139205 -2.0192392 -0.5024023 -2.7011395 -2.8703809 -1.9999105 -5.0594816 0.02079129 -3.8500288 -6.3298984 2.574867 -1.7765534 11.123554 2.3535032 5.194505 2.180074 4.342937
achieve 3.0297263 -2.5364895 1.8470474 -2.923082 -0.47966522 1.8066646 -5.13125 -0.19789417 2.5695019 0.9760361 -1.6979761 0.26015535 -3.3955224 0.87425834 -1.9856744 11.016092 6.2084274 4.900478 9.489848 3.0411618
safe 0.48804975 2.2612772 -1.8264942 -0.103160866 0.40396288 -1.9607552 4.259498 -4.104648 -4.674661 -1.3109002 2.2879915 1.1487784 -8.018141 2.2710962 -4.3804626 6.1139574 2.500949 2.8204556 4.4260664 2.9793262
changing 4.213316 -1.3745738 -0.17724352 -0.18779905 -1.3187635 1.8875834 -1.8604732 -2.022681 -0.28998926 -4.034373 -2.1488118 2.2472894 -1.1949747 -0.531501 -5.581626 6.5186567 0.38841942 3.9836829 6.4740157 -0.6226158
obtain 0.22597457 -2.015558 0.03917053 -3.5044131 -0.8167999 -2.1442502 -1.7739726 -6.152846 -0.23067997 -2.142506 -1.6202158 0.59536856 -4.6457205 5.8407507 -1.5860738 11.201681 3.2745657 4.7542076 1.9504378 5.665834
buy -0.92842513 2.334235 -3.7904088 -9.096434 -1.3535353 -5.0091834 -2.1363232 -2.2126615 -5.6459002 -7.8695226 2.768035 2.5484743 -7.101782 5.869381 -0.7137927 7.792179 -1.4142971 4.7752156 2.8850255 0.6639115
apply 1.860024 -2.5874047 0.053608876 1.2069726 -0.7432406 -2.9271097 -2.270545 -6.274394 1.6560484 -2.777565 -5.4947495 3.8256595 -5.412343 4.012147 0.100822575 11.864707 2.367925 7.4829016 3.3021104 4.3550506
keeping 1.1759957 0.3559449 -1.5418676 -1.0124439 -0.46277866 0.28869557 0.15503778 -1.1374208 -0.84424835 -3.2559676 -0.52544826 -0.78421015 -1.868534 2.1859827 -3.8923883 7.686702 1.7861507 4.5837884 5.325431 -0.21423861
choose 4.070257 -4.7213635 -0.2570245 -3.4562273 2.867476 -2.2259035 0.76198107 -3.0992758 -1.2193382 -6.6423593 -2.9823365 1.3229669 -6.6066175 1.3390392 1.7445781 10.636915 5.2625866 8.738203 3.529177 -0.018589558
identify 4.4970384 -4.3227215 1.3740342 -1.589067 0.6550997 1.44251 5.249692 -7.21104 1.4360083 -3.466899 -3.541946 1.3290855 -4.802652 -0.71466553 -3.1289213 9.616616 -0.74200433 3.7228713 1.9501545 1.0957721
fit 1.5601737 -1.1348292 2.297632 -2.8948934 0.30353653 -0.8160134 3.1876037 -1.0394938 -0.96779215 -3.826546 -1.0692856 2.2458854 -1.0076414 2.3289623 -2.0311618 7.461133 3.0325603 5.055601 7.4100223 -3.0798473
appropriate 2.8291712 -1.2421354 2.8378782 0.8859996 -1.1738077 0.51956546 4.0157795 -4.3715696 0.6747306 -2.038709 -3.2275012 5.1605716 -5.41683 3.1243453 -1.0512749 8.807616 3.3037941 4.5899925 4.504576 2.3557217
add 3.2991138 -0.58353853 1.4139832 -3.7110662 -2.794689 -2.6843638 -0.9970038 -1.9799699 -2.5196795 -4.4363017 -4.1838346 2.216021 -0.5931672 2.0973318 -2.8410993 6.404708 1.7370024 5.925453 5.200206 -1.6341585
remove 0.19105612 1.1509541 1.4012598 -0.8795785 -0.24139823 -4.737635 3.5727415 -4.2204657 -4.798559 -1.1351465 -1.8238302 -3.8948193 -2.5223343 5.144567 -3.6399858 8.548749 -2.3177438 6.9664764 2.9215417 3.694295
suitable 2.2542346 0.58842367 -0.62472636 -2.0459847 -1.0339962 2.7350984 2.128073 -7.576113 -2.0306766 -2.0234704 1.1432633 4.078726 -2.0608678 3.1362073 -2.2389262 6.3737264 2.2236118 1.0149732 6.958482 0.6324736
manage 1.5986702 -0.88079965 -2.2869515 -3.5114377 0.04018173 0.06715132 -1.6774915 -2.8774161 -5.5689206 -3.1136105 0.83363247 -2.033766 -5.6192737 1.9959059 -0.07683427 9.414925 0.38107476 0.5568109 4.1698575 3.0006018
select 5.1044765 -2.764564 -3.37365 -0.2642422 -1.0635335 -4.89675 0.2935646 0.27469292 -0.4249664 -4.4591494 -5.332813 3.5603178 -3.1698606 -0.25116903 4.2367845 6.803847 1.1274981 4.3167305 2.572557 1.1496507
expand 6.639229 1.2616624 -2.2595701 0.05909878 -2.1807787 1.2059953 -4.9998775 -1.6717987 -4.0357876 -4.1105385 2.2200298 0.9793042 -4.604938 1.9696724 -4.1613555 7.1075935 -1.1405358 0.78639984 6.866496 5.51788
accessible 4.4005513 -0.11413969 -4.501717 -1.0016567 -4.9091125 3.3391082 0.9809075 -6.2486854 -6.6362205 -4.255484 -5.2451253 3.9960911 -2.1326592 0.44619784 -5.7469153 2.9361615 2.3625236 4.2269263 4.712166 -1.1390734
preferred -0.44113785 -3.1506286 0.10256995 -1.1267676 1.6946007 0.6374347 -2.3948112 -3.5511642 0.6879832 -2.8748798 -1.0703954 2.0998435 -1.0383391 2.0739613 -1.7957642 6.685917 -1.5931728 4.034202 5.058279 -1.2624546
raising -0.731646 3.460087 -3.553294 -1.439569 -2.2614093 1.1546909 -1.3369203 -3.461466 0.47031695 -2.3600278 -0.6754923 -2.9160166 -5.33645 1.3338966 -1.2229748 7.2313275 0.41038576 2.2074597 2.7155902 1.4426969
extend 4.125851 -0.8744343 -1.0960687 3.0687742 -0.9773156 -1.8215005 -4.243548 -5.135691 -4.058505 -1.1280843 -1.5156225 -0.78762436 -1.4254049 3.1389244 -5.7847905 6.128763 2.050365 3.6691742 5.301425 1.6465601
permitted 2.6282408 -1.2749424 -4.3499146 0.63936454 0.47716406 -2.879775 -0.17326027 -6.0597434 -0.212729 -2.7094412 -1.2989876 0.64002544 -4.973963 6.137991 -0.64651936 6.7590814 2.403039 5.962913 2.8532991 3.3526978
earn -0.5470216 0.495496 -4.077774 -4.8138413 0.75038177 -2.9919024 -6.5438085 -3.6476817 2.0997765 -5.709674 -0.09094431 0.05147832 -3.687793 -0.82820743 2.9511375 11.341749 9.841942 4.9004154 3.4068491 2.099365
sharing 3.3981655 -1.6474633 -1.0351297 -2.8909116 -2.7219985 1.2453604 -0.2824707 -1.3836015 -2.6563106 -5.045699 -4.702447 2.041682 -3.7045312 -1.7502562 -1.7660577 5.5785675 -0.88516474 3.0730188 2.8624527 0.29910135
maintaining 2.6787174 -0.7803949 -0.58907473 1.9235268 -1.6035298 4.516661 -0.8105173 -2.9733958 -0.9508179 0.77930516 -2.4413126 -0.5561623 -3.9940393 1.9649727 -2.7027037 8.24067 -0.55558187 2.048225 6.6723742 2.1174095
prepare 1.9292333 -1.8295135 -2.6682415 -1.2053634 0.1546558 -0.08050829 1.8956344 -1.5612969 -0.91100204 -5.2202177 0.38449836 -2.7632198 -1.942373 3.4134536 -1.3042134 7.2979627 4.3219643 2.0507832 3.276997 6.834889
accommodate 6.292058 1.7268195 -4.0827236 1.8493501 -3.1129928 0.83517736 0.09920464 -6.958756 -4.558725 -5.546796 -2.5533252 -0.8142654 -1.7459793 6.5598855 0.7366534 3.147237 2.8156042 2.037014 9.663283 -0.9529677
contribute 3.1378615 0.7876093 0.5722084 -1.6364616 -3.4197743 3.8314316 -4.6806135 -4.8100286 1.8995311 -3.4288425 -4.4153843 -2.0614703 -3.9295695 -1.6585196 -4.5021167 8.176311 -0.7093598 4.0643735 4.663786 2.484488
regardless 3.601784 -2.9345822 0.6730418 -0.37902984 1.3561307 -1.1178689 0.4983341 -4.342605 3.866009 -1.8836359 -1.9546146 1.950428 -7.4298534 0.54313374 -2.2733994 8.517392 5.031548 5.205646 2.825239 -0.41780207
engage 3.304311 -3.590393 -2.5691984 -1.1672175 1.7923151 3.0509205 3.8699212 -1.5813836 -0.23464741 -3.3901472 -1.2750216 -4.388205 -5.1207767 -0.36522526 -3.1553319 10.37007 -0.28653154 3.8703747 6.294327 3.7134306
handle -0.072490774 -1.073622 0.11009639 -2.609472 -0.89794964 -2.8049 3.930524 -3.9427478 -4.8433633 -1.4083421 -2.5770383 0.610949 -2.8149066 3.188485 -0.7712109 5.681478 0.44610474 1.8442858 8.6889305 0.6581561
requiring 1.7097825 0.56666636 0.26483017 1.6167803 -2.1338964 -4.451781 0.9130002 -6.084761 -0.60491353 -1.6601254 -4.4774194 -0.07164536 -4.872674 4.7526093 -0.57376796 7.975222 1.7353928 3.5421832 6.7536063 3.1164534
retain 2.7271934 -2.2401466 -1.6635941 -1.2433475 1.0303202 -2.5766199 -3.781643 -1.7778665 -1.3261206 0.4372642 -0.6743431 -0.089940555 -2.3898475 4.9045124 -1.2453038 9.895994 0.46784034 6.779578 4.059012 -0.84013677
encourage 4.002866 -0.07687111 -2.9430685 -0.5807231 -0.19968195 5.293632 -0.922855 -0.91254884 -1.0066581 -5.6048284 -0.107670344 1.6356302 -7.819371 -0.8008897 -2.5761065 11.581014 -0.7493622 5.4285355 5.3063283 5.0300884
enabled 2.4785028 -2.1072342 -1.1125749 -1.3670673 -1.6598523 0.30841172 -2.2020376 -2.542962 -1.6989523 -2.745879 -0.90052176 1.4427325 -1.0301126 3.6434376 -2.7060359 7.6056356 0.2525465 0.82784206 5.9176693 3.730058
construct 4.834874 0.71483487 0.8215189 1.741325 -3.880541 1.4552481 0.4780851 -4.0120063 -6.5903726 -2.0593786 -0.015677508 2.9134016 -0.7016845 6.9338694 -3.0156932 6.801689 0.24505094 -0.36186898 2.615849 1.3041465
deliver -1.6908197 -2.0260968 -1.3773559 -3.8300426 -1.5645312 -3.0563378 1.8017055 -1.9134319 -2.7363665 -4.501727 -2.9294102 -0.57373244 -2.5951197 2.709507 -3.6168532 6.6158757 2.028404 3.1959667 4.2389655 4.9276533
collect 2.2306292 1.0717049 -3.7161596 -5.377497 -2.248597 -1.7619276 2.2654805 -7.754638 -1.4349259 -4.167285 -0.18165241 0.9464844 -3.4736245 4.4073 -2.1382742 7.906173 1.9691808 3.6426413 0.011207243 3.1093035
enable 4.6922603 -1.9510809 -0.834674 -1.1646242 -1.4709944 0.52517134 0.8828497 -5.114684 -4.23017 -3.0994823 -1.6198897 2.993521 -3.7589395 3.1117818 -2.3406472 9.143891 1.8243892 2.7688322 7.545222 5.2919497
generate 3.7463775 -0.65902656 3.5390115 -5.37374 -4.5769606 -0.9422887 -1.9929688 -7.0237184 -3.449053 -1.4623111 -4.5140347 2.604303 -3.3876479 -0.062164456 -5.796484 6.774918 0.40189683 2.940448 7.251122 2.6717243
involve 4.778929 -1.9437423 1.08497 -2.3760169 -2.8902304 2.5168052 2.3763058 -5.3067465 0.6819014 -2.410077 -7.2796764 -3.9587636 -2.5341854 -0.811511 -3.142764 8.1019745 0.03457853 4.600161 5.9221077 0.5997092
acquire 1.9823984 -0.40110877 -2.0855086 -4.8881564 -1.8959581 -1.9057469 -3.4750626 -3.549246 -2.7853746 -3.31182 0.9515188 1.5489208 -4.218379 3.592878 -1.998591 8.957722 -2.4019637 1.3487375 2.1482885 4.966808
desired 1.7745899 -1.0759033 4.774802 -1.0311748 0.67037493 0.13663019 -0.06561151 -3.051642 -0.6223758 -0.52106476 0.5678812 3.2193785 -3.053262 3.672946 -2.7043009 6.2783666 3.2449822 4.611693 6.118318 1.4747887
introduce 1.5342607 -2.6357417 -0.47632837 -1.9128209 -1.2407238 -0.32409185 -2.2894685 1.1990976 -0.26130694 -4.66845 -2.9024644 1.7958423 -1.1859248 1.7730579 -2.425924 8.142578 -1.7128701 4.585556 4.343579 3.012832
implement 4.52436 -3.1491742 1.2079738 1.186363 -3.0700288 -0.79307175 -1.794684 -0.8125253 -3.6060665 -0.5311202 -4.5956326 2.7485414 -6.420882 3.6448433 -1.5595444 10.331944 -1.8571645 2.3506627 5.872381 6.7879295
attract 3.8489726 0.7750406 -6.437113 -4.7141585 -0.19242647 3.1065998 -2.6043909 -3.3732126 -1.2564688 -5.9276013 0.16700819 -1.4735947 -5.7084026 -1.4012029 -3.9313142 8.675503 -0.49012035 5.819012 7.665539 0.27652544
convert 1.5726188 -2.5184891 1.7793388 0.89517087 0.91723967 0.2446483 -2.2407737 -3.1758583 -2.2016537 -4.2700043 0.2683158 -1.3925455 -1.8052734 5.8986197 -3.7691455 4.3619776 -0.8934132 4.0758553 1.7642976 3.4407575
demonstrate 2.059071 -1.7680745 2.0840886 -0.8245694 -1.6205704 4.297506 1.072779 -2.9924378 2.4055107 -2.2149787 -2.7374868 0.47938836 -0.6538639 1.0192184 -3.3094864 10.331911 1.3041841 2.7730315 5.002865 2.673296
facilitate 5.7850065 -1.1663934 -0.6363355 0.27645513 -3.1689837 3.4437625 0.17504326 -4.266934 -4.253269 -0.74464875 -3.131068 0.5807522 -3.6879082 2.2737648 -2.5611873 6.6728773 -1.65947 2.2810633 5.518736 6.999817
respond 0.32710785 -3.304769 1.9938192 -0.6387251 1.0701503 -2.3630335 3.4722745 -3.192911 -0.15710911 -2.9107902 -3.85767 -4.2349358 -6.0355806 -1.1265931 -5.193496 8.58045 0.8794585 3.7751627 5.570667 4.425304
adopt 1.1156244 -3.6430404 0.10397828 0.15391716 1.7920818 0.0758074 -2.3342354 -0.8096809 0.54942936 -3.1727664 -1.4978045 1.9649993 -3.9361556 2.6564314 -2.0185506 8.935856 -1.731025 6.9956107 2.8475459 3.1528463
solve 3.2981665 -4.563209 4.8379664 -4.27484 -2.1778045 2.6693616 3.368297 -2.5653174 -2.6606638 -3.1013465 -2.7318451 -1.9912223 -5.400302 1.2630644 -4.605244 13.352775 2.3238826 -1.9117795 2.7408214 -0.891488
combine 6.0285463 -1.3635911 0.93259454 -1.2135702 -0.3281924 1.1390834 -0.2636433 -1.2679853 -0.6441653 -3.7104118 -1.4721682 1.2064543 1.8965434 -1.1256074 0.6188889 7.6228437 -0.117678516 2.8510008 6.813001 1.2394462
lacked 0.12591562 -2.8929706 -0.34821346 0.08492633 -0.6720004 1.513912 -0.64690524 -2.117441 1.9354614 -0.95755035 -2.6951966 -0.8501037 -0.42170262 3.444571 -3.952014 9.299334 -0.95615786 2.3844187 7.5045023 -0.058240213
fail 0.6803855 -1.2334653 3.9903698 -2.8623004 0.9298275 -2.427247 1.9086831 -2.6392462 -0.72957367 -2.579304 0.61785775 -1.6321219 -5.5277386 1.9154708 -4.305261 8.526008 4.046627 2.2776022 4.9602647 1.0788279
enhance 3.6780562 -0.33286616 -0.23298043 -2.6490898 -3.2447474 6.3553605 -0.58373064 -3.0564015 -2.8496144 -0.31998134 -3.6790404 1.6138844 -2.2168915 -2.0441177 -2.0516489 10.292837 0.083283626 3.7991257 7.698273 5.2043347
enabling 3.554698 -1.3844603 -0.31531647 -0.37145585 -0.77690876 -0.54665864 -0.19403437 -3.4309916 -3.7460148 -1.3093128 -0.9534244 1.61973 -3.3466346 2.2497659 -2.3073678 6.778371 1.064584 2.4735334 6.039288 4.0546684
gather 4.544286 -1.6597968 -5.891969 -2.6343803 0.19621155 1.1914418 3.8451889 -5.502263 -1.9447119 -6.3436723 -0.9309454 -3.1705956 -2.6342106 1.7471479 -4.4780517 6.1786685 2.1322286 6.195355 1.0768294 3.6387193
rely 0.44093755 -3.9067585 -0.6666403 -3.3225217 -0.9674646 2.7114244 0.09853772 -7.277181 0.39617983 -2.4449124 -5.0126877 -0.9310437 -2.5274186 1.0118492 -5.4244375 9.106376 -3.101829 4.4172516 6.8359766 1.576611
communicate 2.996848 -7.2123013 0.04196115 -3.2602243 2.2395477 2.5137656 6.5320983 -4.2996445 -3.5009105 -6.9077945 -3.151983 1.0467389 -4.468661 -1.2411191 -4.6621175 8.5642 0.40316278 5.2316794 4.8446774 4.6647034
choosing 2.3560476 -2.9443932 1.6373615 -1.5271947 1.5105832 -0.8740944 -0.48991367 -0.5782341 -0.5488836 -4.740836 -1.7240553 0.9818934 -3.8773258 0.7808342 0.07338373 8.232478 3.0363593 4.7635493 3.232672 -0.67670065
incorporate 5.705572 -1.7561462 -0.6557469 -0.35488856 -2.5478997 2.1742117 -1.1528497 -1.6332829 -1.6789432 -4.2319965 -3.779913 1.8930597 2.072502 1.2521133 -2.7148876 6.360917 -3.0428338 4.591077 5.5287023 1.1519269
enables 4.474242 -3.706772 0.9461304 -3.4950912 -2.0510323 1.0065262 1.8463767 -5.696155 -5.384908 -2.4918153 -5.2641354 4.285784 -2.13034 -2.0712323 -1.9955672 7.952793 1.4602983 3.9154634 5.937629 4.8714943
employ 0.8420794 -3.6580539 -1.568794 -1.9159946 -0.16756102 1.7993085 1.030893 -4.708563 0.2585081 -4.6837716 -3.7799716 -0.23445004 -0.3634006 2.2585645 0.102131724 7.5229454 -3.8291202 2.251725 5.9253736 1.4570773
whereby 3.6761317 -2.085288 2.6803112 0.23126127 0.49935594 -0.49911216 -0.72924584 -1.8619374 -0.7350259 0.5795911 0.1561871 2.8983386 -4.1388936 4.191223 -0.86469805 5.047844 -0.10075786 3.8074038 2.142661 2.5944276
acceptable -0.25519088 -1.5067867 2.0937176 0.907003 0.45678508 0.08099192 -0.3128533 -4.0627985 2.8785655 -1.0973372 -2.8442068 4.053866 -5.8434677 1.4116927 -2.94094 7.1973333 0.63260573 5.769647 5.08237 0.228137
ensuring 2.133818 -0.1949665 -0.7118726 0.20893125 -1.3334258 1.8226049 -0.6324857 -2.0028749 -1.361507 1.988993 -1.7201048 -0.00819235 -6.6297913 2.1843033 -1.244572 8.675721 1.9821801 2.8343225 5.451534 2.9669476
observe 3.3542004 -2.3906202 -1.0152259 -0.10334865 -0.09070275 0.8368949 4.001187 -5.078714 1.277007 -2.9983115 -1.5328193 -0.915828 -1.0280688 0.7224402 -5.4786515 5.779223 5.6478376 3.875311 1.7930923 4.1177883
delivering -2.0036268 -1.2683262 -2.177758 -2.70542 -2.1919155 -1.4204509 1.9365127 -1.2883339 -0.74752766 -3.8797643 -3.873295 -1.4205624 -1.217197 0.43751493 -3.4439147 4.0150337 0.37762004 1.5258365 5.1269684 2.984668
afford -2.7578306 1.5658674 -2.1909773 -4.323588 0.6203019 0.91138536 -3.0513468 -6.5862303 -2.0097597 -8.38887 0.96824 -1.1680067 -6.7813907 6.298474 -0.871429 9.102672 1.6886173 5.9879675 6.376899 1.2041254
guarantee 0.66383624 0.3628218 -0.070031084 -1.8585049 -2.488993 -2.216746 -3.6515098 -1.1133852 0.16451971 2.0375612 -1.0970801 2.871882 -8.357626 5.54913 -1.6693698 8.954768 1.0201881 4.6466846 1.855824 3.59098
permits 3.4377732 2.749899 -1.2325265 1.2109722 -3.4040341 -4.2834535 2.349179 -6.1439276 -2.3975546 0.3352063 -1.7161196 4.119775 -7.701726 4.818958 -1.1406223 5.060049 1.4471825 3.2778645 1.6262358 5.7659764
regulate 2.858509 -1.2539705 0.4139396 0.42144412 -0.81007415 -0.19760104 -1.496332 -8.6788 -3.4504614 2.2406077 -4.1103816 0.49577558 -6.4481206 0.36076188 -2.2043746 8.984595 -4.7188115 5.3138933 2.7755032 6.965553
viable 4.125868 0.060755506 1.645597 -2.7498047 -0.63704276 -0.120905116 -5.0954194 -5.5946054 0.20558539 -2.4673526 2.4043348 2.7217731 -5.6654773 1.2305306 -4.1769357 6.8159494 -3.0528247 -0.14631304 7.1081786 1.9425169
fix 0.26592076 0.09728014 3.7702694 -4.319557 -1.1740514 -4.320151 2.447486 -1.5827521 -4.485647 -3.468269 -0.37752697 -0.26865512 -3.6032689 1.5673188 -3.1872468 7.028498 1.3184823 0.878483 3.6624138 0.682337
assess 0.8729527 -1.6666728 1.5472366 -0.0023080846 -3.5235794 1.6459265 1.8510102 -6.6199512 2.0725288 0.39418918 -4.984247 0.038004804 -4.897768 0.0037716492 -2.2207143 10.97625 2.361313 -1.7224022 3.9207585 5.143047
fulfill 1.3351287 -3.1697626 0.13596272 -3.0770445 -0.558915 2.4322712 -1.0095927 -0.7586102 -0.5311056 -3.3810034 -1.8797477 -2.4866583 -4.5692387 4.2358646 -1.1599027 10.185061 4.507129 4.7793226 1.7491602 6.160122
distribute 2.9102507 0.5278459 -2.7298663 -7.353028 -3.5819433 -3.0498152 0.16709177 -2.6809149 -0.62625194 -5.1862135 -2.158271 2.484865 -4.2777467 1.9688531 -2.1041687 4.753694 -4.935292 5.164472 2.2640147 5.438171
satisfy 0.32725152 -2.4500856 2.9172683 -3.0440345 -1.5716635 0.9980104 -2.224167 -3.9550452 -0.5653911 -1.0126498 -3.4954755 1.677733 -4.4662547 4.085458 -2.7204714 9.408085 2.2080903 5.086881 2.225233 0.17518191
charging -0.11251375 -0.30566996 -0.29360092 -0.9947894 -1.9381151 -6.41435 1.5580671 -2.8468993 -5.20633 0.40781826 -3.1119502 -0.29727215 -5.419325 3.2428942 -1.0378659 4.094579 -0.023751006 0.45247585 5.3138366 1.4566036
utilize 4.4445305 -3.0468519 -0.94550115 -3.893259 -1.8036387 0.78000796 0.5873737 -5.3981676 -3.5476398 -2.513 -4.577605 1.1554632 0.67647696 -1.5139819 -1.3302995 7.62554 -1.7920527 3.0162084 6.5829654 3.6316664
undertake 0.53664017 -1.1679577 -2.423325 1.1878798 -2.59832 2.983505 0.16995709 -1.7951878 1.7561915 -3.3079774 -1.1529855 -1.8174199 -2.8379653 5.4782724 -1.0134126 8.496277 2.1994033 -1.3703973 3.3504775 6.5503435
unlimited 4.015613 -0.4437952 -1.9653327 -4.4661593 -2.5867321 -4.409302 0.06499234 -0.12706591 -1.5824256 -1.5928398 -1.3425517 5.236577 -3.3050542 -0.359796 -1.3502934 5.932888 2.0374045 2.578495 2.1294918 0.87002975
evaluate 2.0126448 -2.5888114 3.1748648 -1.2189224 -3.5092702 0.56097233 1.6709031 -4.688081 1.4158713 -1.2947888 -5.323243 1.7881285 -4.0235906 0.11424032 0.21075545 10.819405 2.513625 -1.8286582 3.9479356 5.102235
integrate 6.6351247 -3.8368344 -0.6268587 -0.55900717 -1.0860883 3.8037972 -1.3290598 -1.9895549 -3.4102542 -3.590833 -3.082932 0.9078728 -2.3207273 -0.5974915 -1.7538943 8.5061655 -2.350621 3.176517 4.567629 5.2840276
install 2.50266 -0.6478324 -0.99196136 -2.7303452 -3.545454 -3.2149742 0.7783826 -1.3911686 -8.773392 -1.3707674 -2.574987 0.1038474 -0.8683482 6.480851 -1.0443715 5.004555 -0.570632 2.8479128 4.60789 4.9008975
convenient 2.6803606 -1.3249055 0.5893277 0.38959143 -1.400355 2.249319 1.4228704 -5.3905263 -4.899226 -3.047887 -0.5105256 5.364045 -4.024112 4.384993 -4.5434403 3.4218404 1.9293909 2.150754 5.4267793 -0.47308686
sustain 1.6489831 0.50076324 0.061484016 -2.5519385 -0.33031344 3.0258145 -2.3164313 -5.173763 -0.03855395 -1.1249882 1.4033575 -2.2894087 -3.8211336 1.1920482 -4.933988 8.161676 1.7154508 2.0217736 7.1194725 2.8227277
prospective 1.0137899 -1.0023795 -0.36696497 -0.549937 -0.016560597 -1.5710913 0.5076346 -2.7496393 0.8038116 -5.463997 -1.374738 2.1189058 -7.0314317 1.7052001 2.931088 7.2598186 0.91650164 0.5039226 1.0910672 1.916845
selecting 3.53998 -2.8541453 0.8235263 -1.3297212 -0.5194459 -1.5030078 0.9385504 -0.897053 0.23464258 -2.299428 -4.251571 2.0005996 -2.2897491 -0.000116667856 2.688911 8.064227 1.84075 2.8591003 3.2964787 -0.39108068
attain -0.5108235 -2.5226505 0.07139614 -1.2819376 1.2072283 2.6037838 -3.5495884 -3.8526373 3.6432295 0.73080343 -1.2735224 -0.19727843 -1.8546203 0.40977198 -2.6094844 8.037695 7.784121 5.9444633 4.001044 3.065102
accomplish 4.436505 -3.569135 1.3959888 -2.1594613 0.29687393 1.3529961 -0.1348329 -1.0740298 0.22730477 -2.2298398 -0.4367761 -2.1728928 -1.8255336 1.600735 -1.6238906 11.207421 4.507755 1.5179222 4.791869 2.3344564
interfere -0.12723294 -3.1225946 1.4122117 -0.63108546 0.9011295 -0.44406793 0.8576403 -3.1142616 -2.3395913 -0.8551021 -2.2378945 -3.9171913 -4.3650775 1.7202033 -5.3472238 8.658875 -0.29990363 4.4762654 3.600947 4.7266297
initiate 3.069737 -2.1312485 2.2220669 -0.10790271 -0.34854752 0.058455065 1.3629423 -1.3661143 -1.7714428 -0.88586885 -2.2633836 -3.5208197 -3.0994792 0.722402 -2.470916 6.831709 0.41150716 3.2770061 1.9341903 6.880502
needing 0.41465703 1.1990467 0.58099395 -1.8925217 0.07560413 -2.7624753 0.45553902 -3.0420082 -2.1088023 -2.5919461 0.7692264 -1.981096 -4.262979 3.5888643 -0.87424153 5.9104204 4.3622646 1.8647469 6.183833 0.1587253
modify 4.6957994 -3.6538577 4.3934045 -2.096901 -1.205893 -2.1254392 1.3560619 -3.8121974 -3.0572116 -2.574835 -3.3038523 2.4746497 -2.4957418 3.4853761 -1.8128471 9.110503 -1.1367807 3.5914931 4.428036 2.67814
rewards 1.416717 0.8183093 -0.10638137 -5.4644723 -2.1327238 0.9552451 2.3874314 1.08256 2.4293504 0.52668685 -0.14712837 3.7859242 -8.576891 1.6478039 1.2519835 7.8360114 4.717242 2.6433733 2.2044306 0.65440804
transmit 1.7657062 -5.3281913 1.0785457 -1.7465376 -0.58082545 -3.2645593 4.7906985 -6.8519187 -2.453378 -3.8753424 -4.948835 2.6047041 -2.3562362 -1.2550712 -5.063057 1.8616186 2.3387697 2.8198187 5.6274643 7.2005954
adjust 0.6463237 -2.1352582 1.80756 -2.403885 0.14979076 0.05771902 -0.40036753 -4.353398 -2.3254697 -2.9782927 -2.4481874 0.06633651 -2.4152536 0.11420656 -2.879808 8.325059 3.6874232 3.327895 9.41517 1.9846895
safer 1.3022317 1.1453171 -1.2596661 -0.6945069 0.18560676 0.45165515 0.68010086 -4.4998918 -3.4978142 -2.4389737 2.405866 0.8859014 -5.522245 1.255538 -4.056944 5.0624204 0.17066649 0.35494453 7.466496 2.3503017
restrict 2.3752458 -1.7430209 -1.8789415 0.57441515 -0.40539825 -1.7260405 -0.63310313 -5.079182 -0.5388101 -0.18340595 -3.8473089 0.5569931 -5.8340044 1.9885501 -3.5382197 9.436976 -2.2462568 6.425564 4.645484 2.947824
ensures 1.6423954 -1.1472206 1.5519842 -1.0428076 -2.0136878 0.79027057 -0.05533039 -4.884271 -3.5599487 1.4072074 -5.0286303 2.121952 -4.1367793 -0.0051581273 -1.2178376 7.1085467 2.6346374 4.4832964 4.32161 2.9482539
reproduce 3.4963157 -0.3212891 3.865555 -6.169253 1.533533 1.389978 1.7620888 -8.248987 2.607548 -2.7669618 1.7508346 1.1066782 0.22965732 -1.322363 -2.3521726 7.316094 1.991451 4.4732685 4.5600944 0.50446683
donate -0.28216508 5.317166 -2.2649207 -4.8173847 -2.7974143 -1.5832884 -1.9792889 -3.5266237 -3.043021 -7.1890287 -1.1255249 -1.622608 -6.449673 2.6195564 1.4700696 7.111681 0.28785825 6.947295 -3.3786044 4.7573075
assemble 4.742738 -3.0374272 -2.1279755 -1.9724342 0.33235538 -1.5346038 2.307445 -2.3266492 -2.8795316 -4.3460584 -0.43758836 -2.7242398 0.64816135 4.6968327 -0.1254166 4.8425746 -0.038245387 2.3127897 3.2960584 2.5519845
verify 1.5976999 -3.8391147 3.1345882 -2.8170128 -2.698928 -3.1201723 4.524749 -5.1821113 0.6860816 -2.497373 -3.9048455 2.779036 -4.539231 4.0553885 -3.1543946 8.65773 1.870421 0.80334765 -0.39816016 3.9693553
lend -1.4993262 -1.7211524 -0.097284414 -4.4645977 -1.9518178 1.9405148 -1.5703335 -1.0670338 -1.476494 -3.198036 -2.0194273 -0.2877766 -1.2248179 3.8860006 -3.6214173 7.3069644 -1.8573996 3.8581526 2.3209126 0.2655029
permitting 1.6803752 0.36205482 -0.64800966 2.1072206 -1.8111703 -2.6236682 0.20237048 -4.5426717 -1.6717762 -0.02993557 -2.4550781 0.41687998 -3.7402282 3.63186 -2.9273505 5.346857 0.56079656 3.0983927 2.7782357 3.5162115
fulfilling 0.33010542 -1.7871915 0.11381575 -1.140403 -0.74959934 3.3567147 -1.0003592 0.11526032 0.77973783 -2.7301583 -1.587759 -2.7359188 -3.7562783 2.5447018 -2.2933822 7.9744143 3.650731 3.5800488 1.4026036 3.7341053
maximize 2.4915712 -1.187856 1.5689868 -4.408157 -2.7200837 2.076862 -2.4392605 -5.509829 -3.624914 0.7926473 -3.1283195 1.767646 -4.9324074 0.057999525 -2.1091766 10.671053 2.2711349 1.8765134 7.8955097 1.7358733
ample 0.8826823 2.5484838 -0.2620982 -0.30997944 -2.2165315 3.1298723 2.2005804 -3.5971186 -1.7162638 -1.7402074 0.4969891 2.4582536 -2.5922587 2.8580456 -3.1888008 4.696071 2.1859915 1.9178368 3.881948 -0.25445274
navigate 3.6626685 -2.7752402 -3.739103 -3.3940263 -0.14296596 2.0674164 3.5608904 -5.927904 -5.4086504 -2.263665 0.28533486 0.18567054 -0.69172555 -1.4025244 -6.0953197 9.106616 3.892712 0.62545586 5.39661 -0.11507418
borrow -2.016088 -0.8873686 -0.6154198 -5.4636536 -1.1573114 -0.16782266 -1.2565248 -3.0757525 -2.3314762 -6.186431 -0.28366074 1.7917652 -2.7796993 5.574915 -1.6061553 6.506961 -0.3322587 3.845538 0.62427145 -0.69856524
tailored 1.3532457 -2.0293317 -1.5834725 -2.9174232 -2.141135 2.3815894 2.25698 -2.4200654 -0.60968393 -2.7974825 -6.0711575 3.1484344 -1.2110287 -0.9473309 1.4021592 6.7702646 -1.1825516 4.7076015 6.9737287 1.4460527
replicate 4.4922123 -1.3291276 2.8881052 -5.630141 -0.98411137 1.189541 0.5950535 -2.3905706 -0.719318 -2.8748927 -0.16035104 -1.5050108 0.5908398 0.08750627 -2.1448176 7.664937 0.3801722 2.0282001 4.8624086 1.4763379
conserve 2.9500446 2.5457141 -2.588422 -2.6590004 -2.5521147 3.7714567 0.17926545 -6.528048 -3.063451 3.4916694 1.9693308 1.4783149 -2.2943466 1.4406509 -3.0707898 9.365548 0.45616576 1.172898 2.6514266 3.6379523
unrestricted 3.2927542 1.2629992 0.93262315 -0.24474436 0.05806611 -5.0253725 -2.5018055 -2.2438602 -0.70765066 0.052991796 1.554014 1.375732 -3.594192 0.14103973 0.6488998 7.5076284 -0.8357867 2.0793545 3.4501495 6.963728
accessing 3.1440108 -1.0368332 -0.85323215 -2.1429355 -3.9512672 0.20990868 4.309229 -5.1407104 -5.74541 -0.99711215 -5.8714614 1.6298151 -6.50516 -0.08843714 -3.5147471 4.2871485 -0.5934765 2.3351417 2.9424894 1.4490464
assure -0.6111793 -0.9834304 0.25508216 -0.88940966 -0.67298764 -0.017903281 0.21663342 -1.6221153 -1.3015878 -0.7134678 -1.1492019 -0.8529927 -4.3033624 2.982012 -3.450872 8.825425 1.9960269 3.6521764 1.7497364 3.4901967
prompt 0.55466014 -1.5966927 3.0904818 -0.1369711 -1.6591607 -2.2617252 3.93761 -0.18651535 -0.05125568 -1.0613451 -2.401075 -1.0533135 -3.9358134 2.5713434 -3.7442849 6.397308 2.1273289 1.0478309 2.8456597 4.135743
discourage 0.8464332 -0.31842384 -1.780817 -1.2615691 1.1445707 0.24565789 2.2642078 -2.848689 -0.4954639 -1.7474633 -0.112790816 -2.5076904 -6.339942 1.2719597 -3.7329004 8.511142 -2.772865 4.4804335 3.7767932 1.5606321
expects -1.530864 -1.1972026 0.17494933 -2.9774554 -1.0736383 -1.5571864 -1.3259715 -2.3144119 -1.6269917 -3.2682657 -1.1596074 0.88556975 -5.2997394 0.781676 -2.8964062 5.2478743 2.8260264 0.98201656 1.2842013 2.4367166
opt 1.7232313 -2.9439561 -0.27741393 -1.7104597 0.57068676 -2.7764919 -1.9112886 -3.1206517 -1.3730785 -4.3750114 -3.455077 0.91597545 -6.025638 2.1689065 1.0580885 5.250589 2.3172536 5.307996 4.078176 2.5492773
earns -2.9662914 -2.2965186 -2.6234655 -6.918161 -0.4458634 -0.2848005 -1.937118 -3.4195373 -0.8526257 -2.3802793 -3.9168963 -0.72723866 -2.8432944 -0.93523115 -0.36297384 8.211312 5.4199734 4.9595604 0.5642904 -2.2483313
inspect -0.30425265 -0.19490796 -4.0410957 0.25525424 -1.1402239 -2.1728075 4.1434293 -5.4806952 -4.352731 -2.4875753 0.0047787842 -1.041761 -1.4371428 6.131661 -1.605206 5.772371 0.73134136 0.29002687 1.0551924 5.259241
unlock 7.6453066 -1.5408434 -0.35907805 -7.940395 -2.677022 -2.727124 5.6800566 -0.7799459 -5.1581507 -2.5546155 -2.6398554 0.54720664 -1.3699694 1.3415838 0.026216106 9.016072 4.8607254 4.9127326 3.7694693 0.007918492
simplify 3.9077847 -4.3941555 4.387793 -1.3405237 -3.475795 1.1142329 -0.14292142 -1.8615512 -3.0092297 -1.8283697 -4.141066 3.9272647 -2.1237743 4.9423056 -1.8183969 7.5423884 -1.1129591 0.32516053 5.7409086 1.9808904
advertise 1.4479866 -0.17389795 -4.302047 -5.607813 -2.0520728 -1.9891953 0.69968385 -0.85894066 -1.8261191 -6.484709 -2.1144452 3.6021461 -3.8349307 0.26987785 -1.136592 4.382652 -3.2193317 4.416552 3.4700956 0.7118951
relax 0.9547872 0.16821946 0.8412822 -2.7160873 1.660004 1.1006815 0.1913787 -2.307264 -4.8568287 -5.185006 0.26301274 -1.2618612 -3.4545372 -0.817452 -2.564753 3.3098366 3.9527683 6.3819714 4.2388263 2.2821488
opting 1.2921354 -1.2824738 0.21013154 -1.2251395 1.6311475 -2.9392343 -4.205559 0.66036814 -1.685029 -4.8681555 -0.051071778 -1.4387311 -2.4338236 1.0749375 0.32077974 5.214716 1.1699791 4.052527 5.9046316 1.9664932
equip 3.3707244 -4.4903674 -4.3488154 -1.7030901 0.046543185 0.11228959 1.4227642 -3.2458065 -1.7963688 -2.85346 -0.35839432 -1.0346246 -0.21685517 5.4350233 1.9612286 6.8322635 -0.24157724 -0.51591146 5.6872854 6.0554
fulfil -0.36352128 -3.3048496 -0.6295361 -2.2906313 -0.8940392 2.9379687 -2.6348891 0.04810703 0.026824398 -1.7804517 -2.2347023 -2.3823242 -3.3560948 6.3323655 -0.48852438 8.168203 3.273401 4.191935 2.9272203 3.684466
optimize 3.0781782 -1.8766732 3.4489496 -5.2964725 -3.8677025 1.7547201 0.44818777 -6.2458067 -4.3208427 -2.285123 -3.1270761 4.067437 -3.6308684 0.932737 0.86085624 8.28486 2.522073 -1.5807062 8.114897 5.17629
revert 2.1487982 -1.5514935 0.8498644 -1.5012153 0.36983117 -2.6757414 -2.0905814 -2.1991777 -1.9079022 -1.8750415 0.003531151 -1.0679159 -1.8987279 3.8304973 -3.640673 6.1373744 -0.23269805 4.2060723 1.881092 -0.34572265
accommodating 1.8916421 -1.0208915 -3.8131566 0.5051631 -1.4069449 4.179939 1.1265565 -4.705871 -2.0626426 -3.2362242 -3.630592 -2.1059685 -1.672618 3.2011747 0.39760518 2.4199631 0.66603214 2.0341876 6.082832 -1.2285058
elevate 0.34169424 -2.5892758 0.8212801 -1.2295598 0.79493487 2.7336714 -2.0742352 -0.8710986 -0.4479043 -0.5753198 -1.7469116 -0.87495375 -0.25444603 0.8138025 -1.6946733 6.9926596 2.2740338 5.152749 3.6474102 1.8461949
allocate 3.424597 -2.484736 -1.6280121 -2.2514212 -2.8329747 -1.6413593 -3.6606371 -6.0186214 -3.4422994 -0.6241313 -5.0904403 0.29986885 -6.5956707 4.864382 0.27371383 7.540534 0.21099865 3.6261392 1.6635867 2.2370658
instruct -1.0719482 -4.2077346 -0.9890172 0.50315577 2.3552217 1.497683 3.955342 -2.1217222 -0.9503806 -6.58914 -1.5351784 0.19319272 -1.4613869 3.3618357 1.1050001 7.7219195 1.814959 4.0171113 0.9604541 4.545091
dictate 2.0827458 -4.377372 1.0188614 -0.8684453 -0.080865934 0.7810233 -0.45045233 -2.1960335 0.17033201 -2.0832102 -3.9480753 0.7205443 -2.7574997 2.202423 -2.79485 8.467504 0.92396325 5.6406207 3.3583205 1.8379683
devise 0.7180552 -2.3035412 1.6407526 -1.5996662 -0.8096156 1.2827123 1.4254359 -0.033381525 -3.3008401 -3.1434698 -1.0190592 -0.30252138 -0.560156 2.7283287 -1.8676732 10.056039 -1.1379805 1.3179024 2.0490987 2.8000336
requisite 0.22234216 -0.18321551 2.1351385 0.39267674 -0.7746744 -0.49677745 1.0368572 -2.0172563 1.9218403 -0.86976254 -1.3490386 2.3487787 -3.4536488 3.5329998 0.5651334 5.800648 3.2513824 2.336907 2.8379228 1.6686817
circumvent 1.4477382 -2.6073587 0.50191414 -1.8505497 -0.9143209 -2.0605268 0.3339039 -1.8110989 -1.9661192 0.96430284 -2.0086346 0.48058718 -3.7154334 3.9212432 -2.921533 8.59353 -4.0879455 3.523501 2.6704476 3.6290221
customize 6.789487 -4.966731 -1.2238204 -8.771092 -2.1486514 0.12555228 3.6362276 -1.9364444 -5.0573583 -4.1450176 -4.928222 3.7414057 -1.0988487 -0.011015946 2.2282312 9.738568 0.5609859 4.9705877 5.836526 -0.45890784
utilise 1.239752 -2.6930234 -1.9048003 -2.9751196 -1.3877532 1.346342 -1.2025936 -3.0338216 -2.6632032 -0.41356355 -2.1890748 1.5306188 0.5364853 2.0779617 -1.1862017 5.089741 -0.9699228 1.6932493 5.977978 1.4179178
insure 0.24819048 0.9480904 -1.1038096 -1.9532057 -2.1428251 0.02756782 -0.7961427 -3.751697 -1.2637929 -0.6502439 -1.0002052 -0.30527052 -4.1190596 3.3829818 -1.2502581 8.134575 0.32116923 1.9952658 1.6646179 3.0880868
maximise 0.551323 -1.0468978 -0.97672486 -3.0202096 -2.4467306 1.7602463 -2.7308688 -3.4424927 -2.5962799 1.16671 -2.548786 1.0643721 -3.3341904 2.0204318 -2.3889337 7.446624 0.6057406 1.800729 6.991412 0.05880423
prioritize 3.3015058 -2.449261 1.145292 -1.5795599 -1.3831354 1.751693 -3.9266346 -1.2937313 -1.4820713 -2.2900257 -2.655881 -0.1281346 -6.442594 0.5756748 -2.231524 8.800557 -0.6243473 3.470049 4.3987236 5.1701655
solicit 0.27120003 -0.9226344 -1.5492941 -2.1049962 -1.6732347 0.25905523 0.080614924 -1.3449194 -1.6342049 -5.5461826 -3.529801 -1.7136302 -4.7735496 2.6260853 -0.44133964 6.9410367 -2.5802917 4.2656446 -0.8084549 3.3059373
advisable -0.45240054 -0.22420074 1.383842 -0.41021627 0.25603747 -0.25355116 2.2058542 -4.8544974 -0.60822123 -0.7179328 0.043415505 1.6114306 -4.3831253 2.7963548 -2.8495681 3.4489765 2.1452994 2.8235755 3.3448048 1.8722389
accrue -0.09953445 -1.0270431 1.0971323 -2.9072623 -2.082616 1.5883186 -2.6658585 -5.688187 -0.668028 0.14236505 -3.3062696 -0.4480067 -5.864974 1.8791459 -0.14503461 6.941858 3.2049136 1.8441858 1.4005629 -0.3429688
outperform 0.9625541 -3.464822 0.9286504 -3.8434021 -0.072818965 -0.101831526 -1.9929426 -3.9571114 0.5265966 -0.2614166 -2.8566408 2.512888 -3.0085552 -1.1257977 0.7603249 5.445366 0.84037274 0.6419742 5.8919415 -1.3756901
responsibly -0.8121022 0.512005 0.05101158 -1.7453237 -0.2859146 1.1466202 2.1022766 -0.31953362 -0.58125424 -1.6819715 0.3735437 1.729546 -6.488138 0.23857002 -1.0298176 5.7828865 -0.6590888 2.1294668 2.4249938 2.9768481