Centroid_21 2.678837678562769 -1.084919738792641 -0.4337358764978357 1.1021522589329 -1.0797477512714286 1.9897318836363638 -1.2825563829956705 0.5633694408212118 -0.5306960689389612 -0.27693630429004357 -0.4911622118542857 -0.4709015440277922 -2.7508057029610393 1.3447042167662338 -1.5850597537748923 4.46724609359307 -2.096830299095238 0.8373148638411261 2.381034077991343 2.9448420856277027
major 6.3505936 -1.2985712 -2.9476137 2.5082827 -1.90571 -0.050234627 -3.131623 0.53614587 2.5936167 -0.8190162 -0.36246982 -0.41919515 -1.2377622 -0.9368806 0.1068087 3.2476673 -0.7894708 -4.5960283 4.265185 -1.7048752
support 3.800204 -1.3100076 -1.0720091 3.3610897 -0.25683302 -1.182736 0.9843192 2.1631925 0.1457442 -0.6109652 -0.62969977 0.3622639 -7.4399943 2.0169504 -0.784307 6.54192 -2.1999092 0.5807651 5.6005797 4.8645053
european 9.206496 -3.3280857 -5.605366 0.65054095 -0.18929973 1.0786548 -5.583222 1.0373926 6.6159697 1.8094666 2.249945 5.569314 -1.1458454 1.9142908 1.3446735 3.8294134 -1.1526539 2.7714798 3.0198677 5.024942
independent 3.418607 -2.6206899 -2.6893466 3.3972032 -0.36215562 -1.6683223 -3.9153068 2.9433649 1.7346362 -2.7253687 -1.6040668 4.6450343 -3.8152566 -0.7348251 0.7990517 2.5967865 -3.8364584 1.0680306 1.5452768 1.8851027
responsible 0.14444238 -1.8657237 -2.1799636 1.0831219 -3.0908992 2.1469512 0.11192978 -2.6884649 -0.6881693 0.18631522 -5.537013 -3.6505072 -2.6539996 1.8093864 -0.39038923 7.0980687 -5.218126 -0.7786548 1.7888186 3.7360826
direct 1.9991399 -3.4728067 2.1379068 -0.36861643 -1.1801862 -1.0918058 0.62631845 -0.2428921 -1.3556213 -0.05359311 -1.0474364 2.1010745 -4.63003 2.39329 -4.506969 4.159757 -0.3375299 -0.5809625 4.1933913 2.8952198
creation 6.227521 0.9638429 0.4304973 2.9979863 -3.6278634 2.1444798 -0.25412238 4.1401844 0.46498042 0.80550706 -0.069486514 3.6091988 -1.9709185 1.5567809 -2.054151 3.8613133 -2.4213169 0.57883877 0.4972983 2.4343443
planning 3.4025624 0.9935656 -0.83725387 4.582173 -5.6010714 2.998879 -1.0528796 1.8664827 -4.2189097 -1.0862002 -1.7013928 0.22883141 -6.385833 3.8485603 -1.9513949 6.0874286 -1.193585 -4.224992 2.5037258 5.9520235
permanent 5.1452093 3.2104042 -2.7080078 3.9303744 -1.9754663 -0.69042504 -1.0237157 -1.7809352 -1.33592 -1.8086874 1.3669637 0.4829196 -2.9409297 5.4410453 2.556589 4.1304426 0.3175932 1.0940182 1.0960379 4.0199604
promote 5.550828 0.6102592 -2.3506954 -2.6392422 -2.1149776 3.983773 -3.3285487 3.4558837 0.0001384787 -4.337781 -0.57912767 2.9111464 -4.6197586 -3.5736377 -2.5213473 8.172342 -1.7990106 6.122476 3.9063869 7.238189
establish 2.9019318 -1.1271886 -3.0356605 3.1102388 0.33480698 3.0839684 -3.5353928 -1.0617933 -2.577136 -1.6087688 1.6768186 0.26008263 -4.2698426 3.347567 -2.1396697 9.952998 -1.3775872 2.4057508 1.7685384 6.812892
aim 4.2791476 -0.8769785 0.9856148 -0.025351116 -0.73873574 4.349686 1.2602205 3.0689878 -1.3669285 1.3215433 1.8136455 2.7597313 -5.4502773 1.2349 -1.0212071 5.4465036 0.59322983 0.79449344 4.5161195 4.8348527
aimed 3.9579465 -1.0531898 -1.7987334 -0.76538634 -1.7565188 3.190843 0.24823202 1.355364 0.8589374 -2.008234 -2.2063625 -0.5483502 -5.1875916 -1.3465104 -3.2150376 5.59328 -2.4021175 2.1219885 6.6703873 3.4689932
establishing 3.1769147 -1.1488485 -2.7285643 3.9545908 -1.5711282 4.442105 -3.9619856 -0.17609313 0.35174757 -0.5251994 -0.88809556 0.4414611 -1.5451401 1.786647 -2.1087167 6.4835825 -2.9890723 0.9241378 2.3159642 4.203787
connections 2.3277826 -0.34432265 0.60451 2.419845 -0.76289237 4.176798 0.8547578 -0.42626417 -3.249838 -1.1886376 0.19173361 2.4226246 -5.0842657 1.4421208 -1.9895624 0.6805576 -2.705311 -0.5185137 4.7328424 0.34319824
participating 8.145119 -2.8992133 -6.3984942 -1.4223751 -0.7500141 -1.1792128 -1.3997405 -0.50176764 3.4859319 -2.4213538 -3.0661998 -2.9915211 -4.6210346 -1.4610169 3.3682783 3.8226185 3.2882788 2.4689639 1.7446827 4.3043866
promoting 3.3369148 0.7158152 -1.9551823 -0.71759665 -2.2098832 5.27745 -2.87035 4.294017 2.2354505 -2.8967276 -2.0456774 0.7451911 -4.2783494 -4.805931 -1.9906089 6.2192345 -3.8259673 4.202422 3.6911032 5.016943
collective 6.702243 0.7167493 2.104091 -0.3144255 -0.458157 3.9433727 0.17290467 3.0437093 0.2698625 -2.6339877 0.05079747 2.735586 -3.1439602 -2.234791 0.019953024 4.165469 -5.1314855 5.7391634 0.4782205 3.2108073
preserve 5.701293 3.463252 -2.9397519 2.1206741 -2.187637 5.6574674 1.3241324 -3.3757281 -3.8240457 1.2047431 2.5316956 3.3087738 -2.5247765 1.3389539 -4.2698307 10.693616 -0.67086077 3.7490175 -1.6751634 0.979584
expanding 5.298823 1.1779016 -2.318083 1.4962867 -3.108964 2.9525204 -4.8647566 -3.028128 -0.9513124 -2.4652169 -0.2071112 1.0092257 -2.1681845 -0.08019126 -4.5283265 3.3705263 -2.985044 -0.45610493 6.924353 2.796952
vital 3.4182768 -1.6618239 -0.6068528 0.7343904 -0.3648258 4.5712705 -0.25483617 -1.2462196 -0.7138414 1.3070754 0.5312133 -0.7613663 -2.6531005 -0.9399374 -3.7874522 5.622754 0.11002089 -0.8586379 5.285394 2.5646787
neutral 5.527255 -2.3123655 1.079181 0.37046516 2.1131978 -1.8837626 -1.4685557 -2.0828426 0.0077556907 3.8048334 1.887001 0.70845723 -2.7286284 1.7675313 -4.056355 4.172074 -0.12021744 5.011048 3.9099681 2.547639
counter 2.3720078 -3.002854 0.020719528 0.49651778 0.36427554 -2.1370351 3.3893628 1.2469517 -2.0509775 2.1748693 -1.2368355 -0.658932 -2.996756 1.5807159 -3.7358663 4.993416 -2.4111974 2.261796 5.675265 2.7343948
crucial 4.6307373 -3.1241553 2.4866593 0.38575453 0.23891021 3.3118405 -1.8952559 1.0648232 1.5833898 1.3479052 0.14729792 -2.5934324 -2.670074 -1.1151804 -2.9717863 7.131997 2.2054868 -1.247415 5.445533 -0.17262821
unified 7.9355097 -4.9291224 -1.2233555 4.803745 0.07366186 2.1345518 -3.08286 -0.2164449 -1.7909807 1.545887 -1.9600607 3.4300396 -0.7531434 0.070439965 -0.81496084 4.0445447 -0.7112816 3.105752 0.31619206 4.158563
organizing 6.8359957 -0.026353315 -3.8542962 3.4664743 -1.3706447 3.338405 0.26636308 3.9188025 -0.23113453 -2.9810479 -2.036436 -3.970472 -4.2427435 -1.4844953 2.3213456 5.6471033 -3.255051 1.4344316 2.579436 6.118776
organize 7.3014593 -1.2281005 -3.9276345 1.9459112 0.8698739 2.0041602 -0.44863066 1.3932573 -2.6177602 -4.9710956 0.5032007 -4.0726914 -4.414509 0.33288527 1.1999384 8.062174 -1.6611271 3.0639777 1.4064982 6.9467983
contacts 2.0413828 -0.5673875 1.3406245 -0.094761 0.4228942 1.98045 3.8771083 1.2152184 -0.004309784 -0.66946673 1.4940878 -0.1423712 -4.8561325 1.8386632 -0.2901885 1.4394195 -3.1643739 0.2322677 3.2435656 4.0550222
informal 5.213792 -2.5305943 -1.1975905 2.3043103 -0.29543665 3.8901558 0.47988963 -0.18486434 1.0678755 -4.106177 -2.8857265 3.8429093 -4.6547923 0.91660744 0.8938446 3.4636505 -2.1108181 4.0571156 2.5810091 0.10924736
strengthen 4.1036673 -3.2617352 -1.2045237 1.64593 1.24771 4.4268913 -3.6321814 -0.2827482 -1.8980525 1.8573347 0.95136666 -2.6429832 -4.3057446 2.3096812 -3.1682253 9.855224 -1.7270727 3.5470786 4.6293516 6.9725204
functioning 2.9183965 -0.67448646 1.5889951 3.2101493 -2.393636 5.071938 0.71790606 -3.9844644 -2.008548 0.24923429 -4.554839 -1.4812608 -3.95413 2.3979506 -0.07361976 2.5261288 -0.075689666 1.4941031 5.0317817 4.425865
coordinated 4.7233515 -2.4216049 -2.4223912 1.8580792 -3.434672 0.84048516 -0.09062567 -0.20394129 -1.0226424 0.67159384 -5.651969 -4.610042 -0.28189147 -1.4872031 -0.7962028 4.1557546 -3.4788284 -0.8601181 2.7975104 6.535872
acquiring 1.4015597 0.99075776 -2.120292 -3.0975301 -3.2765944 0.43472403 -4.3740134 -2.5218573 -0.667828 -2.2374754 0.09888278 0.8760319 -2.5734081 2.0816078 -1.1422591 5.918068 -3.7008665 -1.490433 3.0312316 2.3060775
merge 5.1853895 -1.870627 0.06794722 1.334126 0.36207473 -3.1464174 -4.9843626 0.18255353 -5.1871414 -2.188823 0.105220474 0.63402474 -2.8841927 2.44702 -1.6121141 2.4632611 -2.1618915 2.9838972 3.2094264 1.6813543
assisting -0.68497086 -1.2846485 -3.1216662 0.16381109 -0.27136183 2.647197 0.85081416 -0.64548177 -0.27274558 -1.9991392 -1.3814553 -5.569233 -1.9748832 -0.020925073 1.5556949 6.7483916 -1.5130444 -2.0990355 2.1523998 3.4983935
renewal 5.5433893 3.5378327 1.7719748 4.8689075 -5.014025 1.2628998 -3.9565248 4.8879747 -0.4056667 -1.5255569 -0.8116446 -0.21815176 -5.7204924 3.2093008 -2.5854275 2.4825897 -0.9903514 0.7649557 0.6469119 2.471404
longstanding 1.4934288 -0.5682032 -0.38696808 2.2896433 0.29224813 2.8932133 -3.4469266 2.5078118 1.7297238 -1.512284 0.1367646 -0.92039543 -2.4549642 -1.031907 -2.1570773 6.438518 -3.5044622 1.7120403 0.46594375 -0.28271383
preserving 4.584357 2.7436793 -0.33374664 1.448475 -3.3703806 7.4440556 0.81069756 -1.5636077 -0.15106925 0.17198615 0.2392927 3.226882 -1.095759 1.0580608 -3.5397751 7.247423 -2.1039119 3.1754355 0.29945022 0.74586785
converting 2.4952781 -1.3803576 0.5980234 0.4415997 -1.2668797 0.38612407 -2.8335516 -3.480013 -1.6155627 -2.3893077 -1.5324631 -1.559751 0.037662856 3.6259396 -2.5269256 2.6814601 -1.1328435 1.3288488 3.464702 0.9851031
strengthening 3.832981 -0.7723397 0.7874383 4.1859894 -1.3317008 4.4714494 -3.1827002 0.012494273 0.57167155 4.177808 -0.6705545 -2.5835898 -3.722078 0.8846662 -3.856897 5.137904 -1.7664318 0.6937029 5.7228603 5.0031085
restoring 3.1031158 1.9717064 -0.08822534 1.275948 -2.9172845 3.6839917 -0.14452553 0.12670591 -2.3646173 0.079449706 1.5814149 -1.7123644 -1.2356637 5.6817904 -4.2610707 7.3173757 -0.6361636 1.1643752 1.7534307 1.4545571
merging 5.116529 -1.5005136 -0.2112304 3.3553164 -1.2302246 -0.16707273 -3.9656787 -0.21137558 -2.539457 0.31648389 -1.5041444 1.5844154 -0.7570897 0.83609366 -0.41802025 -0.8428711 -3.8488796 0.37685192 2.5744097 0.29892686
transitional 5.9247007 -1.2695458 0.7299562 5.3941755 -1.4940854 2.0635011 -2.1520514 -0.27441257 2.599998 2.6934068 -1.587496 0.10399807 -1.7353643 2.0407186 -1.64412 0.8344589 -1.7549325 1.3994709 1.9379442 1.3606285
aiming 3.3014162 -1.8180038 -0.35857016 -1.255248 -0.23782575 1.4519275 -0.08876669 1.73488 -1.3862622 0.61968225 0.2951405 -0.3360422 -2.244188 0.7877145 -2.4386885 5.4128323 0.84954315 1.9708214 6.5100274 3.7435868
unite 5.214004 -3.237641 -2.4552312 0.8475405 3.5833972 2.3787737 -0.6001392 2.7455883 -0.7768308 -0.790812 2.0493317 -3.1946003 -3.6497538 1.3222624 -3.4283395 5.5392475 -1.8935378 7.7710233 1.3975531 2.181116
oversee 2.0154183 -1.7484696 -3.3676622 3.4175673 -3.109392 0.31511497 -1.611445 0.57077855 -3.868176 -1.8500625 -2.9668303 -2.100493 -2.964264 4.64183 2.1801407 7.890386 -3.2269745 -2.456458 0.08600554 6.1521006
diplomacy -0.021108832 -2.4213438 -0.6637247 3.3003116 -0.6821625 5.1716523 -0.23802671 5.8828316 5.100541 2.3983366 1.6146755 2.0310817 -2.7378995 1.2185205 -2.4112797 6.638063 -1.0135531 -0.6449549 1.963634 7.2923946
facilitated 2.3795512 -1.3876586 -1.4262645 0.29138824 -3.4444163 3.677127 -3.0196524 -2.9724133 -0.44812357 -0.8400435 -4.3221965 -2.0106466 -1.1870644 0.55065566 -3.5210416 4.414103 -4.1833553 1.0540266 3.1004322 4.369898
undertaking 0.10447241 0.9037901 -1.56856 1.6952045 -3.8403964 3.3196864 -0.19380319 -0.008179264 2.441564 -1.4198676 -0.43286815 -0.19960792 -2.7801092 4.7189207 -1.777932 4.2637634 0.28440833 -2.853781 3.8530257 3.533082
modernization 4.910633 -0.5136657 0.5767366 3.672615 -4.8929663 3.7226698 -3.3161526 1.9989018 1.6295711 2.2190375 0.23311335 0.2898712 -3.0755389 4.507398 -3.0111473 2.302107 -2.3621676 -5.176998 5.6190767 6.349515
advocating 0.9841792 0.07946211 -0.007915364 4.850501 -0.78383476 2.2317848 -1.5461634 2.5368838 3.6057632 -1.3280842 -2.7408597 -0.78227586 -5.0561657 -1.3809757 -3.5581174 6.8331733 -6.339525 4.16489 1.6385101 3.9040556
overseeing 1.0986551 -1.1895369 -4.110431 2.1020505 -4.4667387 1.3391333 -1.1333534 0.3123884 -1.895732 -0.78883374 -5.1254287 -3.2964084 -2.511711 2.1571023 2.1817942 6.4935617 -4.089177 -3.3778617 0.93350106 4.5468826
prewar 4.0907536 -2.6434567 -2.2080488 1.0441697 -0.33894414 1.6095635 -2.394237 -0.4651372 5.1180243 -0.72684956 2.197696 -0.6395339 0.32803634 6.363272 0.4628557 0.21795823 -2.6409013 -2.5042932 4.9282784 0.5704221
transforming 3.8408368 -0.80702376 0.49651238 -1.7430987 -1.2235599 5.4104285 0.31160232 -0.27079126 -2.2163196 -0.687865 -0.048213005 -0.36243376 0.7389138 -1.4632092 -3.9110599 5.149764 -1.7768078 2.130143 2.5037634 1.5273907
negotiating 1.5378612 -1.843903 -1.4291911 -1.3014171 -0.78490674 -2.264144 -4.5162086 2.1855712 -0.31112692 0.15895557 0.06992306 -3.3688414 -4.6031656 3.6870937 -2.0157385 7.2217236 -3.2173085 1.3790778 1.662256 4.019843
drafting 2.429118 -0.9556478 1.33874 5.006373 -2.247673 -1.6553264 -0.70336854 3.639098 2.3928106 -0.21659039 -3.119297 0.78926164 -1.7121049 3.5807366 2.5317545 8.29364 -2.675456 0.25733015 1.4095244 4.2463193
organising 2.742851 -1.5233203 -6.7544956 1.7465909 -2.006817 3.7166796 -0.35756013 5.4068356 0.768955 -1.5087961 -3.266323 -3.3362763 -3.6599393 2.1388097 3.2583952 4.0120044 -0.38808087 1.7879021 3.4083295 3.8842068
negotiation 3.7518218 -1.5140215 1.6703807 0.6142473 -1.617675 -1.3190058 -2.3388174 3.3098142 1.290615 0.7421607 -0.12552269 -1.5000792 -6.3948565 4.2501364 -1.5135139 6.6886177 -0.98806876 0.38619676 1.6061908 4.6396494
centralized 5.9270515 -3.43036 0.009726436 4.0508823 -1.8409052 3.629978 -1.0046802 -1.7412431 -2.6590412 2.1823454 -2.203632 2.9528 -4.8348637 4.3681226 -2.359838 3.6085885 -4.770531 1.4502703 4.407245 4.499317
organise 3.184327 -2.3175068 -6.4900517 -0.17133121 -0.10117944 3.2164805 -1.5759228 3.2825444 -1.3499483 -3.1677012 -0.76766396 -3.8400888 -4.237607 3.440461 1.4643062 5.7956896 0.51327896 3.3981054 3.3653586 4.1809344
consolidate 4.08165 -2.9411607 -1.4890847 2.8651857 0.70438504 0.7400279 -4.730819 -0.7691416 -2.9872224 0.5017126 1.4053134 -2.443857 -4.5146055 5.690366 -2.7653987 6.261462 -2.6350827 1.2259995 4.255856 4.3056507
advising -1.963916 -2.1752806 -1.5759693 1.0569352 -0.8896598 0.5188135 1.3537375 1.3349136 0.36150014 -3.6207852 -3.0714345 -0.6161564 -4.948906 0.9325807 0.524483 6.790284 -1.8677989 -0.064287305 0.84748024 4.3252425
forefront 2.1707232 0.19571067 -1.2252309 2.0276747 -0.42303807 4.027858 -1.9390823 4.1601343 2.6168857 -2.629201 1.2100961 -0.013950856 -0.84767103 -2.215039 -2.800807 4.556728 -2.888698 0.59929335 3.9394052 2.2855837
facilitating 4.457767 -1.2313079 0.15621841 -0.53102905 -2.9052255 4.693551 -0.81106174 -1.8005017 -1.8890544 0.5785774 -3.5356815 -1.4897944 -4.9096813 -0.7941735 -2.07626 4.704708 -2.7924025 1.3700696 4.1879163 5.596094
outset 1.8007216 -0.99187297 0.3454176 2.3153086 -0.4787629 0.21829668 0.007818403 2.5017912 2.399437 -1.4297903 1.7543526 0.008939176 -1.2385099 3.406234 -2.1010027 3.7300394 -0.9279495 -1.8155886 3.8370109 0.15496963
planners 4.813036 -0.2198965 -1.6551892 3.4518163 -2.4779112 2.8443096 0.60012525 2.2072537 -1.5911607 -1.2087274 1.591926 1.3371472 -5.456452 3.217106 -1.6648655 5.6666875 -2.6036127 -3.9424663 4.167243 3.5656161
uniting 3.6633525 -2.0939627 -2.8248425 4.510916 1.4981066 4.2244873 -2.5637083 0.6399887 1.1575737 -0.35210353 -0.4113644 -1.3153536 -0.44307083 1.3911401 -2.4419115 3.5288668 -2.4893868 5.8192496 0.4131376 -0.69973314
initiating 3.3248634 -1.5180601 1.4946573 1.6229295 -2.4392257 2.735244 -0.10044203 0.566439 0.312303 0.48203695 -3.6496332 -4.3286977 -2.3029041 -0.3071589 -2.246454 3.9181075 -1.6265417 -0.16301425 1.8496058 3.102865
fledgling 1.805668 -0.26227042 -3.4469147 0.48621532 0.6737991 -0.32714182 -2.3375623 2.2817624 0.38565624 -3.4505684 3.275953 0.672555 -1.4116092 -1.2571074 -0.5400812 3.874104 -3.587101 -1.8361809 3.0127661 3.550323
endeavor 1.867848 2.4755495 1.1503911 0.4804538 -1.3589673 2.500923 0.6274198 3.5040035 1.3344486 -1.8989363 3.0629961 1.8924156 -2.6467807 -0.36601794 -0.714359 4.9447393 -0.80580705 -1.1910586 1.7749308 3.1887386
reestablish 2.5621939 -2.8537245 -2.1575773 1.043251 1.8691329 3.0690436 -2.8294961 0.31613982 -1.6868261 0.14005297 3.6741676 -3.1057875 -2.7645202 4.1071134 -4.3031363 7.5403266 -1.1303465 2.2250977 1.124663 4.62982
sponsoring 3.822399 0.27630165 -5.005339 -1.5893372 -2.0581317 0.33866552 -2.6718059 1.5714881 -0.22181733 -3.2042975 -1.7841803 -0.27468 -2.698642 -1.5723102 3.962697 5.0023303 -1.2353151 0.7561257 1.2142819 3.7359269
supervise 0.16268551 -1.9494779 -2.029138 1.8296503 -1.5434849 0.9107116 0.92179555 -1.7341678 -2.464088 -3.142967 -1.8025244 -2.6240768 -2.1602135 6.207743 2.1586835 6.4929824 -1.0858084 -1.4603369 1.0028579 6.5339007
frontiers 5.1530886 -0.5936656 -0.7771064 2.8112614 -1.3939914 1.1463879 -0.016301038 2.474214 2.2896326 3.3796732 2.7457418 2.757481 0.5758611 0.1562331 -4.9007387 1.3259524 -1.0422959 -0.14562944 -0.6029513 4.6317387
safeguard 1.9891222 -1.3519849 -3.2188938 -0.13300538 -1.5842643 2.9168673 1.4345933 -1.5695826 -1.4621571 3.5287883 -0.4506117 -0.38180363 -4.4549575 3.8648503 -3.5014937 8.766482 -1.6676242 2.7391431 -0.121099144 4.0393224
stewardship -1.2680717 3.490246 -2.1400177 2.9680114 -3.080558 2.5272763 -3.607226 0.591572 -1.4388424 1.5562395 0.06752791 2.8407576 -2.8083997 -0.0969273 1.1004038 7.216602 -1.206691 -1.6295966 -1.2869244 1.2052188
nascent 4.4376497 -1.2381659 0.04438683 1.8474352 0.02249618 2.9891217 -1.8229538 1.5981609 1.312086 -0.77508545 1.6689711 0.13458289 -0.54202324 -0.9723447 -2.3672996 2.413759 -5.038142 -0.2285578 2.6894588 3.9204063
bureaucratic 1.7750541 -3.6416118 2.7344127 3.3683765 -0.17258328 4.6187453 0.2781789 1.212393 1.1734159 2.9531312 -1.7755975 -1.5621659 -6.1694593 4.2125354 -1.704481 6.0136895 -3.3679476 -0.21678096 5.2685876 1.4100976
orderly 1.015288 -0.0005292541 1.3006778 3.8326402 0.5164425 2.0108848 3.9102838 -0.08618149 -1.0147501 -1.6705611 1.2346032 -1.6028693 -2.4537969 4.276697 -1.6735743 4.826531 0.6167657 0.4325354 3.9297743 2.496633
assembling 3.3185196 -1.5476166 -1.0046117 -1.6248391 -1.180082 -0.3074969 1.3390542 -1.0416048 -0.49291655 -3.2376177 -0.018135296 -2.2868207 1.9764618 3.4341486 -0.06801786 3.332578 -2.4241304 -1.2451222 4.3353705 1.9324428
revitalization 6.8738403 3.7694545 -0.77825975 5.3162565 -5.0010962 4.948453 -3.7445474 2.133429 -3.313512 -2.9811401 0.5234343 -0.019394312 -4.4364085 -2.0066557 -4.3884945 3.2765403 -3.927537 -3.4722097 0.67603755 1.6178592
bolster 1.0660218 -2.214153 -2.2602232 0.3395405 0.7363259 -0.27084845 -1.6748463 0.2713733 -0.5836009 0.55897194 0.79227996 -2.560899 -1.2374395 1.4262686 -2.9718547 8.058046 -2.579076 0.59393287 4.193632 2.366068
reviving 1.9369875 -0.42567986 -0.79161835 -1.3580925 -1.1061602 4.087529 -1.1136148 3.8202136 0.74480706 -2.6081948 1.7281601 -0.75868237 0.52506894 0.80440307 -3.42502 4.194557 -2.1482549 1.0956432 1.5027127 0.5158274
cooperating 2.1969244 -3.5294406 -1.083915 -1.0438478 0.26069087 0.5760805 0.6075786 -0.97099555 0.24130182 -0.6702427 -2.0428514 -3.130209 -3.6699505 0.43423274 0.3885608 4.227188 -5.306135 0.71685845 0.5942685 5.1151
organisational 4.316223 -2.9911196 1.5488398 5.4728665 -2.587289 5.3044724 -1.9503596 2.1810136 1.0834744 1.9695821 -4.68727 0.68584013 -3.408204 3.4310915 2.32858 5.747356 -2.546421 -0.46088633 5.901607 1.8431253
consolidating 3.772642 -2.3082082 -1.0842285 3.4764915 -0.90694374 0.9868947 -4.1293073 -0.79693663 -0.062223207 0.8495004 -0.40194142 -2.0876856 -3.2197533 3.8325882 -2.4759693 2.4568245 -3.1767635 -0.90345037 3.9422593 2.6794877
unify 6.81717 -5.4396906 -1.1345602 -0.15004212 1.223717 2.7816906 -2.473035 2.2527137 -0.7742026 0.80844206 0.40727603 -0.39461604 -1.8618882 1.965432 -2.9262507 6.649415 -2.1812015 4.5163355 2.0664356 3.852862
augment 2.281061 -2.3173578 -0.8527871 -0.5292079 -0.87069446 0.635403 1.0476896 -3.573524 -1.4279215 -0.72152513 -1.4682163 0.15763612 -0.52742004 2.203949 -0.41729602 4.488005 -1.1867281 -0.23078288 5.4685726 3.562444
tripartite 6.4538045 -2.7462144 0.53197664 3.6045704 -0.49975297 0.18548438 -1.1784891 1.7309015 0.85099876 4.9490166 -1.5288979 1.620295 -0.61054176 3.4601603 1.2546659 3.0157459 0.45664504 4.662302 -0.91101295 4.143194
formulate 2.7840745 -3.7027698 3.1419952 1.4510378 -1.3995147 2.4535925 -0.7075805 0.5115839 -0.54608893 -1.7733886 -2.6290948 0.72137105 -1.6391095 1.7026607 -2.380175 10.090715 -1.2948573 1.3774883 1.6265846 4.794903
modernize 4.0298038 -1.6114091 -1.7342972 0.1337529 -2.325155 3.4538057 -3.7097216 1.4186158 -2.8547027 -1.4101174 1.6670799 -0.5594289 -3.12118 5.6274705 -2.2336175 6.5919843 -3.4282632 -1.3650348 4.680309 6.367642
benefiting 0.896388 2.1047473 -3.4775152 -2.4247017 -2.5938427 2.7418642 -3.149965 -2.7359636 -0.5464879 -1.5214165 -2.3966055 -2.480224 -4.5322647 -1.5905045 -1.0060074 4.948753 -1.5984839 2.332716 1.1398678 0.7050408
widen 3.8572776 -0.4482347 0.3160563 3.797785 -1.9313105 -0.19166543 -1.8490952 -1.7378188 -4.915854 -3.2236717 -1.4829087 -0.39003703 -2.6471686 1.4713899 -4.7069607 3.3066087 0.6896573 -0.30272803 4.4284816 0.6946041
concerted 5.23237 -0.7343372 1.578435 0.5879129 -0.5761627 1.0713696 -1.2671232 1.7180166 1.0351968 0.940859 2.155621 -3.5181432 -3.7734098 2.0849483 -4.542983 6.2090707 -2.7966502 0.3121486 3.997946 3.2452092
broaden 4.011142 -0.66433454 -0.26548395 0.06326868 -1.7658858 3.064297 -3.682705 1.5237534 -0.49899033 -3.7576141 -1.5187396 1.8775085 -2.9844449 -1.7558074 -2.9251862 7.9419627 -0.41597497 3.2033782 4.9050403 3.9336028
mobilize 4.9264803 -3.8366685 -2.0994244 0.7132881 2.0552733 2.2653759 -0.08058907 -0.9114136 -1.0678931 -0.6318904 -0.347664 -5.6013627 -6.1224213 1.2319638 -3.0542986 6.6703186 -3.468242 4.2839675 4.177814 6.3438706
restructure 3.3278985 -0.42609593 -0.44433364 1.2711736 -2.6582003 -1.2720597 -5.7896395 2.9760947 -2.0693796 -0.28679737 -0.03935193 -1.2745986 -5.147902 3.9024289 0.22296734 5.6707263 -2.5977993 -2.1585772 4.575279 4.0925364
enlarge 2.8799393 1.7875354 1.2659234 1.3571534 -1.111638 1.907971 -0.481892 -3.7440984 -3.8227186 -1.5903742 1.1418023 -1.084455 0.3058982 5.2266984 -1.8447704 4.5366626 -0.091820344 2.3683758 2.646909 1.8039887
proactive 2.2138507 -1.9702137 2.2791805 1.547781 -0.34503266 2.8024204 1.8837188 1.4569347 -0.6010371 0.6514586 -1.6733626 0.5905488 -7.3943233 -2.2289078 -1.456555 7.8223224 -1.3182276 -0.4440578 4.9575458 4.4005065
streamline 4.365451 -0.92898434 1.0382087 -0.5234656 -4.575296 0.44543457 -2.0246513 1.5420107 -4.494848 -1.1181332 -2.3022559 3.1262054 0.2614746 2.7598388 -0.48785067 5.718351 -3.176679 -1.0090243 4.033016 2.4123504
centralised 3.0102599 -3.0407066 -1.4577019 3.579686 -2.144186 3.5309782 -2.5673006 -0.4714137 -1.037725 2.6731594 -2.4585898 3.0845091 -3.775836 6.209695 -0.6155368 2.8817697 -3.114148 1.2176261 5.6624827 2.7551157
diversify 3.2017732 0.3453751 -1.4800383 -4.484292 -1.1744821 3.760229 -5.643834 -1.9928769 -2.0247192 -2.700851 3.6164625 1.0916476 -4.738577 0.1846106 -2.191296 6.123837 -4.2037187 -1.2784866 5.448575 3.240655
disseminate 3.6534443 -1.8281295 0.37339482 -0.8297878 -3.2335577 4.9177957 2.6338456 -1.1607319 1.6929669 -3.8187416 -3.4584408 3.2930863 -3.6149993 -0.65316516 -3.445936 5.5784364 -2.9443219 3.5039296 0.09870704 7.6753707
reorganize 4.7609653 -2.1841788 -0.13957739 3.4926093 1.015052 -0.76483315 -2.1197646 0.072822735 -2.8493233 -0.8986218 2.4546378 -3.4642227 -2.5700793 4.6790957 -0.67450756 6.5518713 -2.6747699 -0.60410446 1.6173776 6.5976944
reestablishment 3.8350134 -0.9693296 -0.8793891 4.658447 -0.93443674 1.5882803 -3.6482868 1.3685786 2.9553375 2.8838282 0.78404427 -1.1899079 -2.1348557 5.0155463 -1.6200037 2.1122196 -2.0045862 1.9002455 -0.45885342 4.1352925
revitalize 5.428207 1.7958976 -1.9760671 0.35013652 -2.149497 5.2041574 -4.111424 1.7304616 -5.1927357 -4.4165015 2.5103014 -1.9828283 -3.056933 -0.9368873 -4.4432087 6.869923 -3.9865506 0.40600532 1.3014432 3.109308
renewing 1.6554854 0.16178958 0.34921527 -1.1753107 -2.1849265 -0.83076227 -3.913682 2.2178206 -0.20867075 -2.9659348 -0.5617461 -2.5828233 -2.5123 2.622394 -2.8032675 4.8497596 -0.87446725 2.1214209 0.6456393 2.7867522
rehabilitate 1.84517 2.0469723 -0.6841147 -0.20745584 -1.5118892 3.022227 0.5099586 -1.5150548 -3.6767442 -2.307462 1.4098183 -5.1873255 -4.4299297 2.5152984 -1.840114 6.505688 -1.5168251 -0.6972655 0.83346814 3.9709668
formulating 1.5026809 -2.8779812 3.6495764 2.5281787 -2.2237217 3.4117916 -0.9324062 1.7115635 1.0477248 0.8284564 -3.2884457 0.93310726 -1.5800095 0.9174117 -1.1546838 7.3205175 -2.189662 -0.28584912 1.7106273 3.8545537
safeguarding 0.6299915 0.17689335 -2.7649205 1.9136151 -2.9829714 4.8530326 1.319927 -0.42572105 0.28518 2.9734232 -2.8202188 -0.5648758 -4.576035 2.817194 -1.5735478 7.3489985 -2.1509967 2.4722898 -0.47767287 2.8102407
dismantle 3.3200479 -0.9743379 -0.24902472 -0.29999912 -1.093431 -1.1185421 1.2615546 0.44978926 -4.539098 -0.7211001 0.6061391 -3.632771 -1.5302787 4.505777 -3.6189957 5.389744 -3.3610198 1.5338339 1.454121 4.6806355
capitalists 1.1556301 -0.34635365 -0.31470343 -2.973401 1.0153712 3.326846 -3.2775612 2.0708625 -0.14203908 -1.3302523 5.168172 2.4392452 -6.421112 1.5696641 -1.8655776 6.5234647 -7.6718316 0.122912616 2.2629716 0.43850267
aligning 3.0925255 -3.7113733 1.2347487 0.7337724 0.5549195 0.52976996 -0.73362815 0.35745272 -1.7300221 1.3629034 -2.7472818 -1.5608208 0.1291599 -0.9915548 -2.4075837 4.4509125 -1.8395278 2.995528 3.2377687 0.12169122
countrywide 2.9096305 0.15027334 -2.3530037 0.29647404 -2.0825396 -1.1581103 -1.907053 1.0936203 0.9629518 -0.23069572 -1.1140829 -0.21099746 -6.138776 0.6386731 -0.18500608 -0.56958854 -1.8475478 -0.2048095 1.4601429 2.461057
revitalized 3.128273 0.84902745 -1.1641536 -0.069254674 -2.47811 2.7537255 -3.7569168 1.2680658 -1.0686542 -3.2203567 -0.2411828 -2.3164399 1.0558301 -1.1423584 -2.9886203 2.2913103 -2.7202907 -0.32723632 1.3626252 0.26680684
disseminating 2.7259772 -1.268419 0.91885674 0.29346663 -4.0130076 4.8683085 3.748838 0.73160493 3.542614 -2.1608596 -4.2343216 1.5322323 -3.8660817 -0.41523883 -2.5773132 2.9981465 -4.731238 0.82530516 0.7491639 5.4341083
deepen 2.7242947 -0.6187779 1.3186018 0.79330677 -0.59778726 5.397411 -1.8571846 -0.27245206 -1.5942925 -2.9926238 1.3209951 -0.5795856 -2.2373455 -1.0120192 -5.9701395 4.8799667 0.901109 1.6829171 2.9686463 5.1820774
solidify 2.4577677 -1.2273788 1.6290586 -1.2538967 1.4157877 1.4585071 -3.7117958 0.3917534 -1.278389 -0.17416625 1.8739641 -2.473648 0.22802669 0.75472975 -3.2961125 7.011586 -1.3833655 4.3677354 3.0301502 2.1170046
modernizing 2.7158322 -1.7240297 -0.24938327 1.6305145 -2.2934296 5.211601 -2.9341347 1.8170346 0.5702634 -0.48451573 0.10128224 0.17668003 -1.6397295 3.374593 -1.897722 3.663051 -4.031271 -1.8757045 4.561528 3.6429453
reestablishing 2.2333198 -1.4058089 -0.97194403 1.9575233 -0.19359724 3.1137636 -3.4154644 0.6292608 0.6950263 0.9384165 0.808151 -2.1288168 -1.4235698 2.6463964 -2.7034361 3.8730185 -1.6943874 1.4804472 1.0798054 2.8190992
purview 1.5271101 -0.75887793 -1.7936978 4.712219 -2.023829 1.4908707 0.78282654 -1.2938018 -0.28321493 1.4572186 -2.7798784 1.806191 -5.4890594 2.6235278 -0.9878794 1.4926397 -0.66550934 1.4019123 -0.63890094 2.9882095
publicize 1.1746602 0.030816033 -0.9481142 -2.0966082 -2.5986774 0.5034652 1.0588136 1.8394729 1.1149352 -4.338121 -1.7690723 -1.5639769 -3.088573 -0.68077976 -3.0276375 6.105161 -3.0286043 1.6490576 -1.1113329 4.175217
mobilizing 3.8881428 -3.156254 -2.228514 2.4441445 0.6082541 2.6077645 0.35295284 0.05042291 1.2100985 -0.328146 -1.3395295 -4.9445925 -4.10433 -0.10595224 -2.190909 3.560827 -3.4629283 0.60814786 4.424483 4.0065937
reintroduce 1.4405174 -0.5556337 -2.5478525 -1.7036532 -0.47445995 -0.27268195 -2.5533347 -0.56170875 -1.0128833 -0.9402874 0.5903779 -0.47252685 -1.2163415 0.9971444 -3.2124412 6.516968 -2.4362063 2.3225968 1.1247444 0.6746778
rethink 1.3886598 -0.8433641 2.0932698 -0.9522328 -1.5018415 2.0532951 -0.77482533 3.4497223 -0.42533165 -3.0641496 0.32605767 -1.0774488 -3.6592734 0.087708786 -4.621357 6.8575354 -1.3471944 0.51346046 2.018728 3.9064004
nonpolitical 2.1066012 -2.1702905 -1.0295731 2.8542607 0.081884906 3.6882157 -0.30341804 3.6637156 2.206861 -1.9288633 -2.8709152 -0.00033735542 -4.622926 -0.0971938 1.2030363 3.0823274 -3.8844721 3.9134965 0.14335169 1.8310055
lobbies 3.616532 1.5388178 -3.9818742 1.0899423 -2.6134193 0.74159855 1.716177 1.1773832 -3.9639542 -0.9795003 -4.1430974 -0.670194 -4.0276856 0.68696016 1.1477414 3.1037085 -3.896855 4.566127 2.3876023 -0.27839732
centralization 3.1298318 -2.0966465 2.9738784 4.8190064 -0.76426226 4.690171 -4.034256 1.1434242 1.8063062 3.9123888 0.90029436 0.269332 -4.7345934 4.780481 -3.7857795 2.811309 -2.8589892 0.055674575 3.4127944 2.8207414
redefine 3.279317 -2.5501451 1.7183625 -1.169752 -0.20383641 3.6482792 -1.832726 2.354583 -0.5938218 -2.269854 -0.12590562 1.4135 -2.0524306 -0.93198407 -3.641742 7.8323317 -1.7460366 3.2539647 1.2141207 2.2534072
reorganizing 4.1083198 -1.4577585 0.19486266 4.625147 -0.9932519 0.7821338 -1.61015 0.21267417 -0.61914796 -0.7968835 -0.2111044 -2.3977864 -1.5184361 3.3297915 0.3099763 4.0263343 -2.9824865 -2.367877 2.1955457 4.5622087
prioritized 2.1145434 -1.7051226 0.14841965 0.49333742 -2.45404 1.454361 -1.6427006 -1.934059 -0.3176015 -0.060101524 -3.9560187 -0.5194623 -4.163783 -0.08423779 -1.0818487 4.2622547 -0.99622643 -0.39435259 2.0926964 1.787076
expedite 0.69842887 -0.05965039 0.84806097 0.6092544 -3.8116543 -1.1191105 0.38618723 -2.2014408 -3.3249795 0.03862117 -3.093328 -1.8782526 -3.1902502 4.006872 -2.6974983 5.748348 -1.2007622 0.07178507 1.359352 5.7990804
reintegration 3.948149 -0.662968 -0.41496134 2.3164444 -1.1317463 3.843336 0.8519477 -0.20410933 2.0667093 1.2877096 -1.7347068 -5.3454924 -4.852172 0.5729161 -0.8066332 3.9124768 -0.77331644 1.5638924 0.51785934 7.8536963
cooperatively 5.2672243 -0.13124636 -0.73569757 -1.6082327 0.20247799 1.2295877 0.74530214 -2.6886444 -2.1009092 -3.4678164 0.84793115 1.2113087 -3.7797606 -2.082655 2.5882604 5.0561476 -2.5252635 -0.30426493 1.6056228 2.2886233
modernise 1.1931499 -1.6924223 -1.6303539 -0.22655064 -2.8045037 3.0943747 -3.5203502 2.7068036 -2.533818 -1.2738339 0.4596369 -0.36544475 -2.282313 7.6496787 -2.3519814 4.79602 -2.2157393 -0.15867172 5.456151 3.4526536
counterbalance 0.824051 -1.8231488 1.0521212 1.1215366 1.4166988 2.8372333 -0.14215505 1.0138146 -0.3934712 2.329265 1.0953467 -0.10493846 -0.95364124 2.7286236 -2.556609 3.9232569 -1.630789 3.4200625 5.3089767 0.5505943
innovate 2.7073226 -0.02030931 0.34434316 -3.293129 -1.6077776 2.9076164 -2.439118 2.0824275 -1.7507954 -3.2499952 1.193839 2.8194966 -2.5892832 -0.83011246 -0.7723956 6.591917 -1.9839295 0.99435085 5.1952043 4.370331
legitimize 1.6093433 -3.6627562 1.2937083 -0.93811053 0.76465917 3.5538504 0.15102118 1.9447838 1.5712827 1.4562118 1.0600805 -0.71451056 -3.480808 3.8109035 -3.6160645 7.1600685 -2.7101004 4.0325584 -1.6417985 2.61518
decisionmakers 2.5626073 -2.2346656 0.06351497 1.2806468 -0.91421604 2.5392814 1.2409396 2.117394 1.9558378 0.29002145 -2.2751937 1.3335941 -7.48179 -0.49288547 0.5127115 6.2569003 -1.6608641 0.5117341 2.812328 2.4652202
envision 2.8822126 -0.6825387 -0.060911648 -0.8054748 -1.9390401 1.8209436 -0.6088116 1.5561458 -1.01124 -3.0257876 -1.3115971 0.86813945 -1.414669 -1.6836592 -2.3159924 4.8577323 -0.55869645 1.3918316 1.0739344 2.5487738
reshaping 1.0851481 -0.17749692 0.70883244 2.3135371 -2.8602138 2.7309368 -0.223278 2.0836196 1.2018106 0.1422322 -1.7972928 0.96002185 1.0371046 0.50068915 -4.1327395 3.0292442 -2.753371 -0.079863034 4.007217 0.73978835
boardroom 0.23337233 1.2170273 -1.0767382 -0.15295729 -2.5770588 -1.1870569 0.4296623 5.174768 -3.3625207 -2.3223789 -2.0058076 -2.576695 -3.2291572 2.5864813 2.0068483 4.1303363 -0.22189496 -0.083883084 2.529766 -1.3915818
managements -0.23797418 0.50758696 -0.1677949 -0.8820155 -2.9260838 -0.37243122 -2.7223842 1.9686368 -1.0703954 -0.57190794 -1.899568 0.15375297 -4.3376837 0.5206569 -0.4142305 4.580451 -1.9329954 -0.74556154 2.2229197 1.5265309
stabilisation 3.2903967 0.021432748 1.2327852 0.7044277 -3.183587 1.3989513 -1.3354337 -0.6585878 -0.70078844 5.790099 -1.4293168 -0.5572885 -1.0986285 2.00273 -1.1041031 2.382156 -1.4924163 -0.5595179 4.6766486 4.63039
harmonize 2.8531575 -1.8869047 1.875959 0.4964019 -0.58330184 3.5714576 -0.4013603 -0.06992575 -0.7469933 -1.4975618 -1.755685 2.2041512 -0.07400597 1.9182789 -1.4586037 4.749261 -0.96427995 5.098151 2.3787327 1.9604179
harnessing 0.52086747 -0.73737377 0.5540038 -2.2453403 -1.5900753 4.6533093 -0.36691645 -0.0075698453 -2.6250317 1.1277827 0.5658079 2.2030978 0.75403446 -2.192408 -4.8904424 5.3472753 -1.1036772 0.73554087 3.890059 3.2946856
revitalizing 3.527613 1.1925598 -1.1574152 1.101606 -2.524955 4.812607 -3.151116 2.1248305 -2.135372 -2.4931471 0.1614441 -0.4095686 -1.1783775 -2.619286 -2.787 3.7381287 -3.2303004 -0.9551038 1.7480457 0.9003919
precondition 1.8229673 -1.2031176 3.8369107 1.736467 -0.87593114 1.1459625 -1.1318222 0.72417086 0.87030387 2.2515283 -0.35677263 1.3259807 -4.8586664 3.840064 -2.1079504 4.3516574 0.6816206 3.0339415 0.48813093 4.3337173
amalgamate 0.82936776 -0.8908994 -1.8849783 3.20235 0.5511185 -1.8227129 -4.940709 -0.6281918 -1.740056 -0.99125886 -0.6635741 -1.138376 -3.4228702 6.637336 0.54935116 2.8588505 -3.0111482 3.2663906 3.7684963 -1.2720474
interregional 5.4346366 -3.597214 -2.137894 1.4306225 -1.2544168 2.3050084 -3.960607 0.22138165 -1.7125651 2.4372032 -1.8848782 1.1264094 -3.6079988 -0.25303808 1.317893 0.40355498 -1.39079 -0.9775497 2.8102553 3.1260521
mobilise 0.80577 -3.6597943 -3.050185 0.7112417 1.2800435 1.7544 -0.08201347 0.15131015 0.22535838 0.12263612 -0.27096954 -4.257258 -4.4635887 4.273236 -2.086862 3.287348 -1.623487 2.750354 4.105418 3.7501662
unionized 1.0973536 1.3667259 -2.8480039 0.6495217 0.52797025 -2.5058906 -3.2375374 -3.2035947 -1.2201309 -2.4706116 -0.23387298 -2.7696993 -4.6860127 0.094639696 2.1470618 2.3769212 -7.15979 0.55977595 4.332951 1.7688867
supplant 0.85699064 -2.7157533 1.2785492 -0.7924581 0.3571813 1.2279241 -1.0327766 0.82542896 -0.41050002 -0.48440513 0.8822255 0.07877281 -0.1273565 3.6649334 -2.6272864 4.8210797 -3.0800204 1.6202134 2.1412783 0.51274955
reinvigorated 0.89051497 -0.52404493 0.32073408 0.8871774 -0.77256656 2.7996647 -2.9602544 2.4515505 0.91258967 -2.1127853 0.15639085 -2.2527251 0.7848608 -0.13562188 -2.9358184 3.1899455 -1.965393 0.61788017 1.8471382 0.39426595
reshape 3.12053 -0.29871425 1.1536262 -0.5881381 -0.6219882 3.428754 -0.5764065 1.041692 -1.1986674 -1.3643134 0.49984884 -0.6745213 0.24053606 -0.7367401 -3.5290828 6.653323 -1.7737147 2.766993 3.112136 2.7658968
reorganise 0.89775145 -2.5472596 -1.1561944 3.1956012 0.36007187 0.11090937 -2.0817678 0.94621986 -1.4155887 -0.11788327 0.7553392 -3.8024552 -2.551396 6.9264617 -0.48395914 4.5932984 -1.4297287 -0.10211334 3.9441788 4.111322
reevaluate 0.99464893 -1.4417484 1.798736 -0.7835254 -0.5964934 0.9441943 -0.16557603 0.12624106 0.09471421 -2.434112 -0.71516085 -2.3528466 -3.8695846 -0.90634537 -3.7817152 7.252195 -0.522921 0.3779268 1.0104591 3.5299184
reintroducing 1.4278598 -0.42321014 -0.97684145 -1.2782917 -1.1297283 0.63945603 -1.099896 -0.63954854 0.4127572 -0.3892298 -0.50596577 0.52851015 -0.51075536 -0.041517615 -2.593513 4.219943 -2.5781446 1.0841502 2.1719875 -0.41281897
furtherance 0.41889635 -0.53277045 -0.3002044 1.5611236 -1.6935701 4.2423654 0.52391946 0.09300301 1.2404655 0.98869425 -1.7754372 -0.42611182 -2.701259 1.7454544 -1.2363398 6.743671 -2.1717393 2.0477505 -1.2533252 3.1598134
modernising 0.16282663 -1.42286 -0.96761364 1.5059167 -2.432258 4.058817 -2.9285223 1.4594105 0.6643012 -1.1133947 -1.2304688 -0.020789627 -2.1321564 4.1239557 -1.0672796 3.3364444 -3.510846 -1.5999357 4.526471 1.1828679
reactivate 2.8173506 -1.0333556 1.6701131 -0.75240827 -0.8185534 -2.0514734 0.58430004 -1.6426198 -4.6951003 -1.0203521 0.2773808 -3.0667155 -0.3041521 2.219642 -1.9387648 3.69285 -0.7913321 -0.2922643 0.94038904 5.2453575
decentralised 3.7595077 -2.7284083 -0.6785257 2.5582185 -1.3804598 3.8309293 -2.4144225 -0.38401568 -0.9869922 2.898487 -2.061102 2.5694172 -4.6243663 2.460454 0.22708297 2.7892327 -4.3749385 0.90219164 3.6066723 2.107686
refocus 1.7215204 -0.6823772 0.23176369 -2.4024937 -1.9811833 0.6784824 -2.7601016 2.054507 -2.0213804 -3.109834 -0.5732985 -0.718457 -2.3472805 -0.48782906 -2.5303562 5.126258 -2.2783966 0.26487866 3.343914 4.0474377
binational 4.922789 -0.44731143 -0.51471674 1.6159794 -2.0392315 2.172952 -2.3054552 0.097209424 -1.3320941 2.5691576 -0.9357998 0.35847986 -3.2600994 -1.4441135 -0.9596012 1.0628383 -3.3621135 1.2502447 -2.4878042 5.4925914
fiscally -0.8774018 0.6125852 1.9871223 3.613274 1.1997722 -0.35448238 -3.3689857 1.4096886 -0.5897038 -0.72070575 0.34054014 2.095602 -7.0977697 -1.7642322 -1.1168433 5.378344 -4.7588687 1.2167109 3.0540302 -0.57284623
proactively 2.734543 -0.78665113 0.77202094 0.34456214 -0.49751404 0.6508972 2.4907312 -0.15007828 -1.1697562 -0.48834386 -0.016440414 1.0016627 -6.812329 -0.4004027 -0.35147595 5.5708404 -1.1747481 -0.14969459 2.222689 4.0727477
rationalization 2.028317 -1.4671427 3.6214683 2.0039458 -2.1025462 2.9489217 -1.2231631 0.6893165 0.98322797 1.6856482 -1.0440122 1.0570822 -2.1120641 1.544141 -2.7546663 4.3419957 -2.6978104 -1.1848922 2.1555085 1.8364093
rejuvenate 1.1386318 0.9173369 -0.646335 -1.6582757 -0.6377808 4.147233 -2.2331324 0.34995303 -3.117443 -1.1749829 1.8159959 -2.1751769 -1.4601282 0.62887424 -3.3580298 4.9758124 -0.7096999 2.2199798 2.117484 2.1556203
reinvigorate 1.6299353 -0.410161 -0.65660214 -0.6629583 -0.6244887 3.7409244 -3.0949712 2.8495915 -1.483227 -1.9076253 1.0874577 -1.2420933 -1.5893745 0.2635681 -2.7631063 5.600306 -1.9393405 2.0433614 1.7711307 2.698063
monopolistic 0.91384536 -0.79456806 0.06229042 -1.5927765 -1.1816667 1.2546715 -2.8766196 0.403037 0.35896498 2.3455026 0.24714425 2.5592437 -5.671826 1.204186 -1.857948 6.1711407 -5.750134 0.41227198 2.7998183 0.7722566
revolutionize 0.5909888 -0.9467161 0.43617517 -3.1780424 -1.453463 3.6961708 -1.379939 0.72438407 -1.1341168 -2.216777 0.905805 1.1273609 0.60126096 -0.7556102 -2.8080878 6.754172 -1.9956418 0.057579543 2.978164 4.1146708
militarized 4.0477996 -4.583743 -2.5590858 0.860082 0.5266375 1.6123135 1.2383257 -1.0219833 0.29962826 3.025926 0.0484395 -1.8543252 -0.8231964 1.2081813 -2.748319 2.1357605 -4.403112 -1.1449242 2.5517757 1.1500926
unionization 0.7570969 2.8122196 0.028837161 2.9712663 0.95348245 -1.2746644 -3.0625942 -0.3353576 -0.12321004 -0.92754817 2.0161848 -2.4584649 -6.041571 -0.91119844 -0.7397175 4.532236 -4.9835095 0.1334996 4.117215 2.6149445
unfeasible 1.5893747 -0.74679554 2.2945879 -0.39114386 -1.8419062 0.031946972 -1.4775321 -1.3258731 -0.37217188 -0.46164784 1.1348958 0.45170024 -3.386537 4.3114643 -3.494605 3.8827627 -1.5528463 -2.2919679 3.2798142 0.44517958
prioritizing 1.957883 -1.1111002 1.6447403 0.08306343 -1.9690298 2.6685336 -0.06188085 0.059275433 -0.25738612 0.24106582 -2.7007177 0.4550308 -5.2175446 -1.2721835 -1.179942 4.74453 -1.1300793 0.06421942 2.1072576 1.5574163
centralize 1.7273506 -1.8932922 0.23763365 0.9727806 -1.0748115 2.4938946 -1.5736731 -0.3357367 -2.6298313 0.78189015 -0.28011194 -0.35187113 -2.7884238 3.6672242 -1.310815 4.4590497 -3.3181884 0.7189293 1.2443942 5.0874834
trilateral 3.9187958 -2.3433397 -0.7680428 2.1045735 -1.9733644 -0.3449354 -2.038193 1.5779283 -0.39189002 4.2007504 -2.4539363 -0.39377937 -1.3905365 0.2263396 0.12777668 1.5504687 -2.0928557 1.5624346 -2.4453092 6.211544
livable 4.0243487 1.7987455 -3.0321176 0.04528631 -2.4734092 3.7453625 -4.180348 -1.202078 -1.2548726 -0.7496294 -0.15496033 0.59170246 -3.5321107 -0.9226538 -0.8576951 2.4581628 -0.45191813 1.2008423 -0.5232578 0.47186828
bolstering 0.66533834 -2.0183575 -0.90718496 0.32710892 0.0026296573 2.3953083 -2.237476 0.0082447 -0.11181352 1.6282703 -1.2426667 -2.4450204 -2.076222 -0.8322698 -2.5087993 4.8516397 -2.420631 0.86158 3.3694494 1.133643
agitate 0.18550953 -0.7622521 -0.3476259 1.3983297 1.2587862 1.3963723 -0.9855998 1.152453 0.77392447 -0.9819531 0.80008423 -2.5665708 -2.5539532 1.794411 -2.284001 2.4242327 -3.1896648 3.3511267 2.123154 2.9075236
realign 2.982668 -0.985697 0.7330075 2.631531 -1.0839818 -1.5680614 -2.0446332 -0.79618126 -3.5222075 -0.43453583 -1.6086808 -1.5338491 -0.7700356 1.4818585 -2.6932487 3.8181324 -0.102362916 0.9738513 2.997962 1.8240254
unimpeded 1.4753838 -0.20859998 -0.49081564 2.098245 -0.33657548 0.11870252 1.100587 -1.5307263 -2.905863 1.1550028 0.8203355 -0.00841831 -2.0475833 1.9831042 -4.5512266 2.7087483 1.5491384 1.6573836 2.7112617 2.4040153
reroute 1.7561277 -0.3177908 -0.089248955 2.538293 -1.3700193 -2.933835 -1.424639 -1.430428 -6.4751196 -0.6884751 0.05120327 -1.9288254 -2.463301 2.3044715 -4.7612305 1.4433873 -0.082013965 -0.78664917 2.681165 2.815487
decentralisation 1.4260541 -1.6743083 0.5620646 3.5675538 -1.5007161 2.87156 -3.979823 2.2862887 0.33636 2.7131424 -1.0104141 1.1456605 -5.205367 2.4323113 -0.6865996 2.6075394 -2.4355433 -0.25295398 2.3485665 2.4955356
resiliency 1.8230315 1.1198627 1.3413112 0.8823316 -2.0626988 3.7062507 0.8447306 -0.33735475 -1.0191998 1.901524 -0.6278221 0.9419628 -3.0640938 -2.931465 -1.91256 4.999363 1.0617172 -0.9899529 3.113454 1.5351018
electrify 0.9778205 -1.417368 0.12976001 1.5672566 -2.5149376 -1.2217028 -5.2829127 1.2511226 -5.420572 -2.1817088 -0.63187397 0.06667403 -0.7932679 4.431092 -3.9745812 -0.16505824 -1.7160892 0.0041285683 4.338096 1.8499508
reposition 1.1778915 -2.3175247 -0.11219396 -0.55727166 -0.50740266 -0.23000179 0.18511982 0.45911452 -5.305029 -0.3711974 -0.8941915 0.09401533 -1.3766153 2.419855 -2.1293104 4.121499 -1.0723417 1.6189097 2.6977394 2.2187982
militarization 2.735469 -1.3502508 -0.3027019 3.0497766 -0.7444558 1.8323725 1.1230623 0.51365733 2.6691728 3.3743691 -0.00013379814 -1.9627231 -3.9469504 -0.5689944 -4.745714 2.0728836 -3.659937 -0.79784155 2.513309 4.35469
monopolize 0.05640595 -1.9757453 -2.0616972 -3.3113048 1.1623925 0.122948945 -1.0030746 -1.7515272 -2.2102835 1.4792538 1.7486205 0.17391731 -4.282404 1.8978077 -2.7253153 5.5357857 -4.8474407 2.8660367 1.5262823 1.9092842
globalized 4.251391 -1.2276222 -0.75420743 -1.364439 -1.8923866 6.4878345 -2.7571056 1.1510526 2.3136733 1.6033643 0.5103668 1.8463447 -2.6344752 -1.8729281 -3.7236743 3.4592154 -2.8277762 1.0627271 2.38632 1.9667277
reorientation 3.3707156 -1.056649 3.2684164 3.4643636 -1.3069744 3.1000247 -2.1004326 1.4456087 0.5343448 1.2239443 -0.34143114 -0.073380716 -1.6438339 1.3090311 -2.558626 1.3590428 -1.0379469 -0.265748 2.678137 3.2217221
rationalize 0.8181211 -2.5714612 2.697415 -0.7511366 0.1996467 2.2789128 0.76788706 -0.5761213 -0.80541795 -0.32236868 -0.56436944 -0.5169375 -3.0923674 0.99915564 -2.6846673 5.9169517 -1.8102461 1.0904421 1.4455647 1.0729505
underpin 2.314252 -1.8188627 1.712542 0.1290872 -2.4434848 4.569855 -1.4363871 -0.054378197 -0.0045391973 0.7872627 -2.606591 1.9237064 -0.5154787 -0.33929324 -1.8164433 4.834376 -2.562725 0.8980563 1.976705 1.1222109
collegial 2.778896 -1.5950248 2.1215596 4.172169 0.24310394 3.7460039 -1.4955244 0.94691 -0.019730136 -0.08860889 -1.9243646 0.8441444 -2.2038255 1.4407562 2.8360605 3.8753939 -0.7424463 2.6088066 -0.50586593 1.1000025
reconstitute 2.3234167 -1.8968258 0.7605129 0.50601375 0.65628046 0.16714363 0.95463455 -0.49649835 -1.3301058 -0.005775433 0.6326784 -1.0670555 -0.8921747 3.42534 -0.626599 3.2295182 -1.4409434 2.0282779 0.8699731 3.583
desegregate 0.42474082 1.8634588 -2.8214853 5.345657 0.59486645 -1.0346147 -0.82065845 -2.1704047 -3.5358374 -3.4703987 -1.4792243 -4.3656807 -3.2274876 -0.7125223 1.0833505 4.949811 -1.1159977 1.6924468 0.31585732 2.7267778
envisages 1.1725429 -1.7409806 0.40334955 0.96237344 -3.7236497 3.1804843 -2.061565 -0.8026624 -2.3021352 1.8050302 -4.0815563 0.5340216 -0.4287724 1.7028754 -2.520537 2.0002196 -0.97647834 0.5227133 1.113822 1.9347973
reassess 0.12773523 -0.97894853 2.153763 -0.566871 -0.99557555 1.3836373 -0.9426288 -0.49351636 1.6664777 -1.180117 -0.6639727 -1.60009 -2.436034 0.08812616 -3.062898 5.544857 -0.07175405 0.16969764 0.86630553 2.4279966
comecon 4.9598174 -1.5494248 0.229809 -0.015935909 -0.56540674 0.5138318 -3.170045 0.787278 2.7850378 1.4504675 0.8377281 0.06960323 -3.2664654 2.4651484 1.1539487 -0.35058147 -3.758412 1.7619729 2.9831388 5.6515737
bureaucracies 3.315551 -1.6490105 0.622738 2.552937 -0.10361638 3.387306 0.4837989 0.10919288 1.659942 0.76657885 -0.21580912 1.309968 -5.5896845 2.1796517 0.13524745 3.6632495 -3.7025323 0.39657483 2.5512547 1.0296811
nonintervention 1.7719158 -3.2351992 -0.16422127 1.6411996 -0.17907302 -0.22536023 -0.27538523 2.5214312 2.421101 4.1288204 0.5017617 -0.9743279 -2.9193358 2.5989492 -2.4209335 3.9384098 -2.7943685 0.26663005 -0.16304928 4.5232954
centralizing 1.4125298 -2.2756164 0.8710012 2.278169 -0.3163942 2.8883286 -2.2927935 0.6846258 -0.60512465 2.0643635 -0.48699406 -0.45381454 -3.0153024 2.911915 -1.6362196 3.6607716 -3.4368675 0.61950743 1.6562697 1.9585185
mobilising 1.205514 -2.9149382 -1.4257163 1.5462308 0.61975104 2.4550185 -0.60732186 0.5132694 0.9576708 0.9154106 -1.1045026 -3.7171557 -3.387706 1.9684538 -1.1601264 1.4419461 -2.299457 1.121547 3.2256444 2.418252
revitalise 0.5972322 -0.079027444 -2.0202096 -0.4859219 -1.7856811 3.7815588 -2.8476238 2.5015824 -2.546255 -1.1466599 0.72491884 -1.2399117 -2.0176907 2.3925207 -2.648298 3.2534006 -1.8551314 0.83469474 2.1600015 1.6458282
democratisation 2.1635463 -1.554319 1.6627967 2.322429 -0.79728585 3.1046448 -3.3405366 3.4935694 2.3646302 2.476201 -0.5083107 -0.39078674 -3.443708 0.33815467 -2.0773013 1.71131 -2.191371 1.3528928 1.4007666 3.0388575
reorganising 0.5516272 -1.910906 -1.5724404 3.1605675 -0.54047245 1.7177782 -1.424981 -0.1216019 0.8482603 0.51166314 -0.536105 -2.4201949 -0.888062 4.4823923 0.5382662 2.5213203 -1.5611777 -1.8072271 3.0971243 1.8948375
reintegrate 1.636784 -1.5358275 -1.153017 -0.6738716 1.1237133 4.058773 0.9011622 -1.29025 -0.73791116 -1.4619837 0.46377063 -3.7689824 -2.2633066 0.46808907 -1.0092107 5.0261 -2.3073597 2.735884 0.32686672 4.162449
reoriented 2.037071 -1.4029052 -0.40484735 2.5581832 -1.2089243 2.5365148 -1.3509566 0.15041997 -1.6727533 -0.16521177 -1.1036135 -0.80683774 1.009159 0.35705742 -2.655273 1.3756689 -1.9721637 -0.2760087 2.9395401 1.8807411
logistically 1.7621714 -1.5245956 0.24650891 -0.31659654 -0.24429063 1.2248293 0.8985094 -0.5184473 0.22706348 0.5047733 0.60702854 -1.3729541 -2.6201406 2.6233072 -2.1863368 2.7067368 -0.7057568 -0.95495975 4.49432 0.5005716
unionize 0.8652575 1.0722169 -1.3404003 0.25030294 1.0994346 -1.5825175 -1.3127447 0.041567415 -1.6589816 -2.4567027 1.1105925 -3.3916109 -4.0321383 0.27014917 1.052889 4.9486785 -4.9510098 1.8428493 1.6248019 2.5287535
organizationally 3.4242709 -2.3098686 0.34440163 3.1917155 0.6014087 0.7187324 0.26662472 -0.70235676 0.04994154 0.7185284 -1.2964201 0.2811356 -1.7912908 1.0445032 1.9904958 1.4997349 -2.9729495 0.39716464 1.8074142 1.85166
interservice 2.0829022 -3.0653374 -1.7238424 1.9372891 0.12598547 0.8959322 -0.044779077 0.5312325 1.4999441 2.6688561 -0.49392372 -1.6474094 -0.98723894 -0.16764311 0.28293306 4.7388344 -0.365535 -2.6263044 3.1748354 2.7223425
liaise -0.434632 -3.056658 -2.872629 1.5455891 -0.23352003 1.0446391 0.72123146 -0.0796468 -1.2262168 0.3797654 -2.712947 -1.0166308 -1.6845479 2.0031757 1.7194743 3.034753 -2.610557 0.46247515 0.5147386 3.1387672
prioritise 0.21720432 -1.6253508 0.045053456 -0.5651341 -1.049758 1.8161858 -1.1343588 0.6101826 -0.47288707 -0.3549422 -1.5812696 -1.0309407 -4.3485074 1.3175769 -0.80214185 3.787597 -0.54398835 0.5897839 2.1297853 2.22507
downsize 0.7946771 0.4124403 0.08602649 -1.3209089 -1.6207994 -1.7139487 -1.4653642 -0.13550644 -2.377365 -2.0283027 -0.1558513 -1.7659551 -2.349952 1.7965995 -0.09563811 3.2052543 -2.3601851 -1.3649865 2.7325556 2.023071
harmonise 1.9236599 -0.83325285 0.72917014 0.68822664 -1.161289 2.2344666 0.08866228 -0.14017072 -0.816171 0.2645505 -1.1650633 1.9376969 -0.18771328 2.1655343 -0.75770295 3.5860953 -0.71575505 3.084566 1.0907763 1.1952019
demilitarization 2.7536664 -0.65534335 0.16543828 1.6297731 -1.5647066 -0.25155178 0.30401385 -0.62866884 -0.16193812 3.2399125 -0.02608336 -1.6552324 -2.0192232 2.3653448 -1.7247136 0.6005951 -2.9901674 -0.6077477 0.2602744 4.7819443
rationalise -0.54649293 -0.86141896 -0.042748466 -0.94377667 -1.9231164 0.87872773 -1.7910395 0.48414126 -1.810353 0.2706385 -0.121274576 0.73706734 -2.559442 3.727647 -1.9693179 4.086432 -2.2490551 -0.471462 3.1022751 0.9916115
classless 2.4398901 -2.8147748 0.82530993 1.0646685 1.0022253 2.8699868 0.26987782 1.2482759 0.94664615 -0.07868218 0.19912045 1.8634317 -1.5688064 -0.03740971 -2.0848253 3.8921783 -2.366784 3.0771224 0.6126673 1.4307874
privatizing 0.27515206 -0.036017515 -0.024036843 0.67985857 -1.8001034 0.5123303 -2.5240505 -0.24522737 -1.6961749 1.1691842 -0.9870011 0.3518789 -5.124266 0.35822645 -1.0254798 3.1211288 -4.294654 -0.91138875 0.6175566 2.4516292
reorient 1.6006286 -1.6026715 1.4651307 0.745156 -0.023109607 2.0188503 -0.41427243 -0.28736082 -2.0220304 -0.1771003 -0.18046346 -0.7079668 -0.6136597 -0.033979226 -2.5190246 3.0134583 -0.3011151 0.97106737 2.7047324 2.429065
lebensraum 3.185169 -1.7810111 2.3245828 1.2504048 0.5176127 3.0783188 -0.9014588 0.9686232 1.8866415 1.7844228 2.4053023 0.360153 -0.30052063 2.5202281 -3.1851099 1.1014159 -2.5743027 2.1139946 1.1409538 3.7804964
participative 3.1263392 -1.6834395 1.6030276 1.2734963 -1.2331446 4.06039 -0.9455204 2.1837673 -0.19200493 0.21319629 -1.9112117 1.7122767 -2.382156 -0.7160885 -0.043907966 3.0932665 -1.6216279 1.9350477 1.4281276 1.8642489
galvanize 1.2249931 -1.3780671 -0.3608632 0.12650825 0.3868337 1.3880484 -0.22576168 1.6906369 -0.6832393 -0.4157803 -0.1679802 -1.7582016 -1.9710522 -1.1254903 -2.6447 3.2516322 -2.465749 2.3422098 1.1033627 2.098491
decentralize 1.840709 -1.278754 -0.075382076 1.6788285 -1.1954215 2.092935 -1.6179087 -0.123050734 -2.145005 1.0148215 -0.7742006 -0.56493783 -3.5755641 1.5752056 -0.6698558 3.0936582 -2.0863593 0.015594678 0.55095994 3.1289647
institutionalize 1.2666525 -0.89406615 1.0759927 0.8943096 -0.251411 2.4311547 -0.4787244 0.5234512 -0.4239339 0.4260494 -0.5876062 -0.8435947 -2.5561604 -0.15471065 -0.82707393 3.3205538 -1.1257601 1.2795243 0.25915137 2.7615047
democratize 1.6695808 -1.5065066 0.57513714 -0.0032701225 -0.5226743 2.432503 -1.46018 1.5235757 -1.2597299 -0.4856627 -0.07359805 0.66097975 -2.9331076 0.02359207 -1.3272847 3.3092062 -1.5670563 1.33816 0.86346257 3.2827396
industrializing 1.2654941 -0.7462679 -1.0526325 -0.31062558 -0.1433442 3.3995013 -3.9904623 -2.2420454 0.9389291 0.70792806 1.1002433 -0.29441243 -1.159951 0.1120166 -1.8807371 0.27845016 -2.9774127 0.41803598 2.2127652 1.56441
invigorate 0.87405074 0.002148526 -0.2186501 -0.45048687 -0.56921613 3.2260714 -0.63060665 0.84338254 -0.97150147 -0.3831302 0.0011270008 -0.05022682 -0.8086686 -0.6441443 -1.3319614 2.5319865 -1.2320932 2.1347728 1.6931754 1.7800004
democratizing 1.6670707 -1.540802 0.3850738 0.115698665 -0.77393466 2.3615685 -1.2594982 1.3885698 0.7042696 0.29130065 -0.7929626 0.8100099 -2.1506083 -0.85248053 -1.8914126 2.0846658 -2.3966682 1.1457735 1.2326753 2.1922863
professionalize 1.3374602 -1.1273538 -0.40391788 0.5898012 -0.4824901 1.7343616 -1.0748621 1.1214992 -0.21816246 -0.3685934 -0.28509724 -0.6988992 -1.063318 0.3847417 0.79094946 2.9399796 -1.7407007 -0.15076166 1.5504405 2.9563847