Centroid_191 -3.7548471707044033 3.1405430476415086 1.0283555470691823 3.2761123726226433 -1.0186303743710687 2.2811073526981134 4.052169447044026 -2.798202314371069 1.918912530842766 -1.6858318313018874 -1.7627202455974842 0.231820225345912 -1.4883852975113212 -1.9232895312138374 5.187394276100631 1.2015277543710692 0.18095643704528291 -1.2050133267654095 1.4426283925220125 6.192835745911948
medical -4.0018883 4.0906672 -2.3359451 7.514428 -2.130331 2.6810558 4.972656 -4.754761 2.3083022 -3.6852753 -2.586905 1.1009139 -4.6858535 -1.5682416 5.4560666 4.301113 0.7178557 -3.2003405 1.362583 11.862124
hospital -7.433156 10.621367 -3.3154168 10.486407 -2.4585128 3.0949836 6.8637314 -3.2787375 -5.6847 -3.7344759 1.9873397 -4.7101955 -4.923282 2.666602 5.758839 -2.888585 4.1179304 -5.2272186 -1.6956228 7.644789
medicine -5.8130226 5.225383 0.7864879 6.406303 -0.63133544 6.651133 3.7228236 -4.290783 4.7109704 -1.743583 0.70672715 5.2262974 -0.010394835 -3.547578 4.351019 1.5533723 0.29380193 -0.45865592 0.24421825 11.734866
surgery -5.367316 11.338106 8.2091 6.218552 -1.2099818 -2.6685233 7.119408 -0.17358741 1.8594475 -2.8201454 0.25434303 -6.531851 -1.6843408 -0.9539229 8.703498 1.8610562 6.3383975 -1.5533011 6.8540936 8.636723
clinical 0.100783914 3.4655335 7.3328695 3.663779 -5.5886765 2.413961 4.785257 -6.288373 7.6289186 -0.21956746 -7.1610866 -0.39693874 -3.1273735 -4.3899803 6.792772 4.2623944 1.3715256 -5.1278353 2.0721865 9.520658
doctors -3.8023713 3.77099 0.028670521 2.561654 1.2734935 -0.018751051 8.513599 -1.8363168 3.7279866 -6.255398 0.57312834 -2.481458 -6.4106736 0.62657285 4.526395 3.102738 2.4268084 -0.07433453 2.5062437 5.346274
hospitals -0.8530023 7.5566816 -6.601596 7.459221 -3.417531 4.414591 4.4113927 -6.545043 -0.50726897 -3.3352478 -1.8191906 -1.6955348 -8.04526 1.9774058 6.7908864 -2.00715 -0.15927984 -2.3858192 2.9919438 6.1956105
physician -10.240793 1.3115247 1.598437 5.6509986 2.5490642 5.7663393 3.7721717 -2.1160362 5.646214 -1.2846487 2.0344403 -0.38370755 -0.2985265 0.80851746 6.745096 1.7528648 -3.2862668 -3.5614734 -3.6443083 6.3198977
specialist -2.5522647 -0.73425335 -2.4717104 0.9683661 -1.1174383 3.0109165 1.0290403 -2.3634841 1.8973638 -1.3433398 -2.4672587 2.553389 1.161721 -2.6182437 6.2994103 4.738532 -0.59692574 -4.31057 3.566605 4.9274454
nursing -4.3635116 5.890322 -4.252885 5.83989 -0.98592454 4.483165 2.4479504 -5.0414824 -0.23391213 -5.8477993 0.04170191 -0.746592 -4.605132 -1.1562065 7.130858 3.4775846 3.6519017 -2.672115 1.3550736 6.127878
lab 0.7773268 3.577041 3.1995318 -1.3086718 -3.768618 1.4124492 5.6483984 -1.4387656 -5.217478 -5.64654 -1.1886684 3.402048 2.1956923 -6.299099 3.80722 2.7152696 0.63827884 -4.5689096 0.5774153 8.456192
instructor -3.6069796 -2.5751212 -3.035436 4.3246007 3.413985 3.1464381 2.3823187 0.65366 -0.08735731 -5.918981 1.1773938 0.31372747 4.4423127 -4.9248 9.182069 3.842993 4.033039 -5.671649 3.6744633 8.04176
supervision -3.1583571 -1.0370167 2.2263095 3.6492312 -2.1814969 2.9830146 0.5809974 -1.0805484 -1.1428422 -0.7941037 -2.6732595 -0.5344401 -1.3259231 4.523482 4.607211 3.7755013 -1.4747944 -3.7530875 -0.94283766 6.0510626
nurse -8.967065 2.82357 -2.0016918 1.0289117 3.6643372 1.6607933 7.4657645 -1.7078627 -0.08736065 -5.352995 3.4602964 -1.9296373 -3.1623783 -2.8018506 6.7761717 2.5409496 3.1225517 -3.196053 -0.6019525 3.5004394
surgeon -12.162668 2.4188118 0.22897732 6.8003216 2.0961595 2.1702006 7.478665 -1.2488072 3.4477766 -0.17690691 1.7627482 -2.0152893 2.7032437 1.1211544 7.2411056 1.9722035 -1.1923655 -6.1231103 1.6791563 6.3293624
clinic -4.931802 9.240249 -0.27028784 4.7413163 -2.3871934 3.366038 4.430301 -3.6181421 -5.310332 -5.1321177 -0.8395517 -3.2176552 -4.7683706 -3.6830628 7.065237 -1.2736592 1.6405389 -2.4288123 -2.1551285 8.760243
rehabilitation 0.487864 6.747571 -1.3652874 4.0108666 -4.3450236 3.8103638 3.1149163 -2.6156168 -2.2851157 -1.2979515 -1.4357905 -5.7946243 -6.1775756 -0.84426576 2.8965905 3.4832704 1.434026 -3.6040714 2.012876 8.094705
physicians -4.6465454 4.2603846 -0.53225666 6.973983 1.1455809 2.0055113 6.1832848 -3.8142855 7.4985805 -4.038722 -0.5051529 2.0582638 -5.6002994 0.5716549 7.6695986 3.4864533 -0.9598499 0.8371414 1.907647 7.9127383
dental -3.6775498 4.142406 0.49557424 5.709514 -0.35816467 1.1315862 3.846046 -7.968055 1.5979422 -1.9698094 -3.340513 2.6711752 0.1625223 -1.6858687 6.1356854 2.5982757 -1.069223 1.5736287 4.0603166 6.751503
laboratories 0.36014238 5.1230955 -1.0395532 2.579907 -6.785521 1.815497 2.1255126 -4.917229 -1.8918846 -1.1255348 -3.8667924 4.5364156 3.3120437 -2.0938115 8.295039 -0.12332851 -3.127144 -6.7046947 2.5135782 8.86029
surgical -2.9896834 5.5156727 4.709033 5.103787 -2.798004 1.3684857 7.869824 -5.1340456 1.9220216 -2.2499375 -4.20638 -2.423336 0.75656235 0.7773065 6.4870696 3.275435 0.21878095 -1.1686851 6.7011275 8.299868
intensive 1.5197402 2.3867693 -0.28875554 1.5624143 -3.1593816 5.236395 1.809629 -6.1509695 2.5306733 -3.275462 -0.7307126 -1.9959887 -3.1411972 0.6702102 0.62654036 1.4094478 2.5963907 -4.430674 6.6040926 7.035162
nurses -3.878938 4.4660254 -4.9768653 4.5132666 1.565854 1.0851326 8.291797 -3.5807798 2.1699722 -4.7459292 0.45303738 -0.9803815 -6.3075957 0.15892395 8.209393 3.3439488 1.6129245 -0.25437045 3.5519943 5.909005
psychiatric -3.3780503 5.057327 2.2205834 6.658449 -1.8468128 3.5510952 6.7737317 -3.9498112 2.9464588 -4.387337 -2.5713463 -3.978168 -5.3884196 -2.1960533 3.565062 2.3773 -0.6175884 -3.1217437 -1.1224453 6.7350483
practitioners 0.010612974 0.11268713 0.18962818 3.0698383 0.66663957 7.1507044 5.8389664 -0.78407127 6.157314 -2.5480325 -1.7842609 5.258425 -5.127611 -1.2749671 4.4779325 3.9151242 -0.89752096 3.7471545 4.0924535 6.2966003
nutrition -4.2414975 6.023789 0.44476268 -1.7563683 -3.0017045 5.643956 -0.07191599 -7.22189 1.6760654 -0.14645278 -2.940798 4.4802914 -6.352752 -6.7490187 4.4176965 4.18443 0.5849232 2.041537 1.8734198 8.387808
specialists 2.1159077 0.044160515 -1.7091265 1.1184213 -1.0556575 4.041018 4.57301 -2.95372 3.8554602 -1.6806812 -1.2630613 2.2014465 -2.291859 -0.2710032 6.34468 4.3583894 -1.3397075 -2.7253883 4.4874134 5.639072
forensic -2.0094333 0.6382616 1.296982 3.5038416 -3.5201285 0.8703 9.327715 -3.415451 4.264599 -1.3617432 -4.7488055 0.8041647 -0.41550297 -3.0922558 3.2132692 7.8346877 -0.60490525 -5.500567 -2.589464 6.345341
veterinary -6.028398 2.9284904 -4.3247232 3.465138 -0.6495013 4.1398425 2.7706072 -7.9569907 1.9420362 -1.2860308 -1.1329647 3.1712132 -0.9902478 -1.8492234 6.5052495 2.9557474 -0.5324089 -1.7512974 1.474912 9.093538
surgeons -6.78425 5.7828403 -1.9454092 7.667698 1.1010443 0.54467285 6.555901 -2.1186953 6.6407175 -2.5487866 0.16296533 0.99825215 0.81331307 0.98043585 8.741824 3.8319807 0.5908517 1.0642009 4.8636384 7.7433815
occupational -2.2166538 1.7204995 -0.4563082 3.8558648 -1.9017111 3.58662 1.8090032 -6.3768697 4.210186 1.0572262 -4.770768 1.2426977 -4.4346676 -3.1128433 4.246698 5.120761 -1.6794233 -0.5687294 3.9680066 6.438693
investigator -5.5061574 2.1694484 1.5778618 1.7358922 -2.8118093 0.45854554 8.401293 1.4541166 -1.5255787 -0.9363582 -2.3295069 -0.28174436 -3.2706785 -3.868366 5.366985 5.5828257 -1.9764236 -8.40382 -3.0630417 4.12287
counseling -1.2215763 3.69805 2.8686519 3.614001 -2.0500698 4.2648854 4.032843 -2.162245 0.70738566 -7.4825535 -4.251588 -1.1046696 -8.958236 -4.6763453 5.2328744 6.060254 1.5034764 -0.2186765 -0.015296986 8.079046
pathology -2.6570745 3.6994054 5.564402 6.3102813 -1.6784045 4.243897 5.2760906 -5.7883224 4.547225 0.60135657 -2.837046 1.2460396 1.0811166 -4.8029637 5.083646 0.559356 -1.2077013 -3.1875472 0.5050166 7.8969
psychiatry -4.013835 2.3949425 3.8670683 7.430766 -1.7650967 5.51274 4.5206966 -0.29998085 6.788185 -1.8272042 -2.661676 -0.32564932 -0.49765456 -4.944581 3.3627248 3.020656 -1.7858276 -3.4252834 -1.3672106 8.725609
practitioner -6.482858 -0.56366056 1.7132533 3.384911 2.0973806 6.2197404 4.102919 0.42479467 3.3150814 -0.5227546 -0.34176332 4.019673 -1.5347708 -1.5919878 5.640806 3.4658465 0.73313266 0.12624952 1.9321135 5.5957055
hygiene -6.089434 6.762785 -0.051608507 3.062917 -2.6290548 7.2632036 3.727095 -4.7254753 3.7162824 -0.15797941 -1.6071289 2.4553998 -3.873451 -2.1052024 1.7085309 1.9092702 -0.8339095 1.7350687 4.1020503 7.8453274
technician -5.438632 0.1935586 0.86296445 -0.48219913 -0.15146002 -0.6073895 4.103697 -1.0721499 -2.2754598 -4.259502 -0.58032405 1.7646401 2.4667625 -2.3722277 5.935802 3.0465753 -0.18070343 -5.262325 5.464682 7.650927
examiner -5.07117 2.868916 0.6545065 7.0716968 -2.3424125 -3.275753 4.4706545 1.4862266 1.9560008 -4.5008535 -2.902671 2.5431795 -3.1704488 -1.1668568 2.3002305 2.034354 0.46366924 -3.675319 -2.178681 3.253732
transplant -3.8073664 9.319091 5.579045 0.011018478 -2.1784508 -0.8230615 4.4367423 -2.488632 2.6171715 -2.121763 -0.7012233 -4.8178587 -2.562748 -2.8615038 5.3976645 0.9865493 4.058946 1.6880654 0.4570919 8.7436075
pediatric -4.076608 5.323468 1.0467167 3.6343994 -2.753524 2.8556774 4.8830094 -6.12999 2.2691255 -2.2376091 -4.7694135 -1.3912607 -1.8588449 -6.8980365 7.3186307 1.1115988 -0.13404182 -2.5666986 -0.32622406 8.837037
maternity -5.3834043 6.098222 -1.4782159 2.4456248 -0.87679803 1.289208 2.2951658 -3.1322339 -2.2361436 -5.15113 0.09115646 -2.7322788 -6.553545 1.7843981 4.6999826 -0.29844913 3.3423462 0.32170057 0.3699598 3.9826381
therapist -5.479059 2.2305863 6.8661327 -0.010801966 1.3923542 4.399952 6.204959 0.8332186 -0.38299578 -6.443494 -1.158617 0.6427515 -5.0378413 -6.175336 5.5562816 4.9759765 2.0765119 0.010642386 0.7410768 4.7463055
infirmary -7.668447 8.255644 -2.9687214 9.363742 -1.0398202 2.3042781 4.360102 -0.8628288 -2.123464 -4.637392 2.659514 -2.2316313 1.3428564 5.925108 4.920969 -0.53631955 2.6548064 -1.3852794 2.7706642 3.855443
dentistry -3.2870648 5.19119 1.1181618 6.0926027 -0.76306415 2.8262403 1.4915177 -4.3500757 2.393397 -3.051759 -0.34558147 3.3585472 0.44479066 -1.3996888 6.5114655 1.1662732 0.49116713 0.47009763 2.2353601 7.863435
intern -3.2737045 1.2976983 -0.62171346 1.5759339 -0.13027011 -1.5459788 1.0240546 1.9635701 -1.624076 -7.09273 -0.45640582 -1.5854943 -2.5035355 -5.002634 3.979403 2.4050457 -0.6699863 -4.012152 -0.84692293 5.949221
specialties 0.8509706 2.9513674 -3.2896187 1.3690711 -2.1589637 4.5398135 3.2884512 -4.973488 2.6877282 -0.21961886 -2.6692624 4.821017 -1.8496896 -2.201527 8.694193 -2.0893757 -0.95181566 -0.60601425 4.1847773 3.3814886
dentist -7.3106365 2.8535333 0.4056008 0.94710004 2.6593854 1.4209703 3.6917431 -1.7219601 -0.61997 -4.8223486 2.5480187 -0.21857774 -0.8579031 -1.3680097 5.6786337 1.269934 -1.8443394 -1.2125094 -0.59817135 2.961382
hospice -4.191647 8.300405 -3.098513 4.221364 -2.8828738 4.4641867 1.9655731 -1.7892003 -3.0117602 -4.4257336 1.1913999 -2.576504 -1.9445181 1.6595159 4.323509 -1.0321406 2.9899437 -0.60818535 -3.8439193 3.7256734
psychotherapy -0.2878582 1.7287457 8.236165 3.668753 -1.013791 6.8316417 4.233356 0.57324266 4.702241 -4.76359 -2.5543559 1.194713 -2.6274693 -5.120261 3.8793118 3.9874225 -1.3076521 -0.7719388 2.0560157 5.8116946
outpatient -2.172603 7.4412885 0.5167796 5.1052256 -5.2761607 1.7901783 6.025641 -6.839312 -3.4224994 -4.55055 -5.718698 -2.1527936 -6.0498924 -1.1961529 7.784478 -2.9059253 2.1316066 -2.4376476 2.2247896 7.315467
transplantation -0.8440669 7.139908 6.6418595 2.789224 -2.7600098 3.0758467 3.828699 -4.6473565 3.8792756 -0.15708962 -2.6447303 -2.0206275 -1.44179 -2.0760343 5.6464896 0.37300113 -0.62841344 2.182219 1.324248 9.052418
oncology -2.546172 4.5049496 1.3235981 3.3887274 -4.626932 2.968564 3.9613507 -3.5864463 1.5268105 1.3386211 -5.5968404 0.21109219 1.2861847 -6.3198557 7.505952 -0.6782436 -2.0815492 -2.5587678 -0.5389416 10.73748
referral -1.1570947 1.5121294 0.04680404 3.8883379 -3.1817927 1.4959621 2.1796937 -5.4390764 -1.8237418 0.931381 -6.7315555 0.1852588 -7.762396 -0.57005996 4.782628 3.1878808 1.3024437 -0.20333324 0.3240127 5.239848
neurology -3.85127 2.4176826 2.8282356 6.4986644 -2.5479186 4.3792577 4.229964 -1.8066783 4.785566 -0.3143603 -3.9514914 0.45722932 2.4394574 -4.695136 6.808529 0.29127797 -0.03166557 -3.8889406 -1.0030441 8.016952
therapists -2.1452518 1.9557371 3.3946831 1.2962976 0.8152117 3.8338857 6.6870575 -2.076759 3.2788599 -6.1645784 -2.8760386 1.5838342 -6.1655703 -3.751134 6.2632484 5.5601506 -0.6962732 2.7265024 4.225121 6.622411
anesthesia -5.7688365 4.49513 6.820234 4.8268275 -0.5763707 0.17242685 7.64424 -3.9267085 2.6460922 -0.9154015 -2.7868888 -0.16680767 -3.831669 -0.07559695 4.482746 -1.0257891 -1.2743087 0.2616912 6.460289 8.33727
sanatorium -3.8162577 6.182854 -0.23812725 2.9771097 -1.3704052 5.493634 2.8488874 -4.863957 -2.8617957 -2.9823503 3.9516633 -3.4260073 -0.37459493 3.3460348 2.7395563 -5.594427 0.9182346 -3.8540633 -1.8471948 6.556594
counselling -3.2030458 2.3226013 1.0363789 2.3202353 -1.7166582 4.995535 3.6727214 -0.43028626 0.2660364 -5.6788845 -4.1791625 -0.93810594 -8.325298 -1.6852174 5.0639052 3.4187958 1.7710956 0.63886845 1.7987 6.6911387
pediatrics -5.402654 3.3667612 0.8496841 5.3312263 -1.4559442 2.4065366 4.405599 -2.02316 4.5643125 -1.8384435 -3.1450896 0.30439013 -0.42928076 -5.758068 7.533414 -0.14667329 -0.34740573 -2.470342 -1.6918935 9.864189
pathologist -9.007174 3.0646114 3.9338117 4.26188 0.66436064 1.8252718 6.5579658 -2.3458679 4.3202724 0.6794798 0.24899016 -0.40244392 1.7140906 -2.3702722 5.766015 1.0152683 -2.3551183 -4.709316 -1.2798047 5.9378867
psychiatrists -3.4370131 1.442966 3.014178 4.637475 1.2687253 0.8359753 7.021831 0.8974668 7.452973 -3.8231199 -1.215706 -0.7202256 -4.678523 -1.1144121 5.047346 4.4503903 -2.2388182 -0.6543671 1.1975309 3.8736434
ophthalmology -5.0769367 2.8356032 0.90202177 5.427727 -2.7082045 3.8370438 4.1183786 -1.5893543 3.3009632 0.099554196 -3.4751015 1.3265064 2.9920344 -3.2319212 5.9627533 -1.6333693 0.6690157 -1.9323428 0.8031022 9.70344
obstetrics -6.814749 3.864589 0.6727183 6.2945275 -1.568437 3.785706 4.7464795 -3.370168 6.000329 -0.9313249 -2.4402823 0.37604502 1.0950211 -0.49938184 7.6745687 -1.7790064 0.09470155 -1.8417819 0.31668565 8.260748
cardiology -3.4403174 3.3482895 0.70952857 5.79207 -3.1214893 3.745387 3.7057936 -1.6596656 3.58745 1.1326015 -4.753698 0.09993384 1.1813864 -5.205534 6.94643 -1.446725 0.44690523 -2.3419316 0.6308418 9.133123
examiners -3.6944818 2.622025 0.5419891 6.497522 -1.6873782 -4.2013426 5.3069644 -2.130451 1.7183636 -1.9157774 -4.0289197 2.6228056 -3.7132454 0.98228043 5.8381715 4.950147 1.4598688 -0.5155389 -1.2466644 5.0890393
inpatient -2.6883361 7.1211324 -0.08636762 4.6532855 -6.127144 0.12979096 4.88909 -8.41653 -2.3227882 -3.540541 -6.605894 -1.8649269 -5.9491625 -0.531563 5.5147185 -2.1086967 3.987409 -2.8459992 2.7548344 4.58523
dispensary -5.9112916 5.9546385 -4.230346 6.263843 -1.5065747 3.1835413 4.331797 -3.4754632 -2.9052925 -4.0276327 -0.18731306 0.15628906 -3.4867024 3.9469254 4.0192695 -2.5436337 -0.9734256 0.36139143 1.0644891 5.2127337
clinicians 0.3200716 1.5323503 4.717437 1.3515166 -0.49323633 2.524265 5.841876 -3.1548753 4.442379 -4.104201 -2.6505764 1.4474294 -6.8515983 -2.9998286 4.5433955 4.9265656 -0.52497685 -0.3300526 4.66505 5.6724567
radiology -3.244781 3.8011115 1.3231611 4.454423 -3.6927795 1.4650406 5.0538816 -2.9340348 2.0535626 -0.60879207 -4.1338663 1.9601836 2.3576233 -3.1238277 6.573226 -0.47789425 -0.25636023 -2.3890738 1.826201 9.802478
paramedics -2.179519 2.6400936 -2.2849085 2.5857217 1.0523739 -2.66044 8.432498 -1.6517533 -2.3227153 -3.6763659 0.80775046 -3.2650561 -5.482939 -1.2266847 3.7460246 1.6798966 3.0442307 -2.707261 4.698493 5.8842397
regimen -1.9037197 3.595542 4.9466143 0.12539263 0.28269163 0.8451556 5.642219 -1.377856 5.163631 -0.27358893 0.20406215 -0.28459886 -3.6930857 -0.37297902 5.1362767 -0.37013713 3.1760573 0.88837147 5.75491 6.4290442
veterinarian -6.0766425 1.7065064 -0.4399421 -0.073190875 2.7615788 1.5602535 3.9092934 -3.037885 -0.22182038 -2.3103273 2.8733523 0.42525303 -2.2256424 -3.4794972 5.0128794 2.5893836 -0.40453535 -3.115912 -0.70590985 3.148339
orthopedic -4.8336873 4.126403 0.27207762 2.27366 -0.612135 2.8874617 4.7837605 -4.1673884 -0.13205549 -1.4750562 -2.0449436 -2.4828808 2.6634235 -3.4410038 7.9439774 2.4006424 -0.95968026 -1.8436325 3.3765235 6.0940757
dentists -3.5356627 3.7255425 -1.9997661 2.2188084 0.119837485 -0.30289784 4.7936063 -4.286896 2.283203 -4.527466 -1.7592108 1.0831187 -3.3314583 0.5183494 6.5374756 2.3650658 -1.9747655 2.064703 2.8221335 4.665015
pharmacists -3.592593 1.7021197 -1.3984779 0.04415302 1.062088 -0.23530063 2.22453 -4.2935476 3.225436 -2.7011871 -1.0640212 2.3110578 -3.6970067 -0.21126164 7.3585086 2.158444 -3.3084583 2.1124582 1.699604 6.8574023
toxicology -2.963521 3.8547814 4.318632 1.0482333 -3.3800342 -0.38047266 4.222432 -4.470401 4.3007407 2.7548573 -2.7553163 2.3261747 -0.58816916 -5.569501 3.2643669 1.593268 -1.4161218 -3.174477 -0.6095693 8.191458
osteopathic -3.1592007 3.8968053 -1.8751934 6.412823 0.39900336 -1.0382345 2.2684572 -4.682683 2.1236691 -1.47279 -1.1154667 4.578629 -0.21774666 -5.4685273 6.803291 3.062547 -1.4144249 1.6129439 -0.22562803 9.836983
midwives -3.4925592 2.4901347 -2.864061 3.110489 1.324847 3.377626 4.859684 -4.5176167 5.450611 -3.2576094 0.13419579 1.4218236 -5.502148 1.8899881 4.928699 1.4116502 0.90921235 2.9003568 1.575569 5.2821517
paramedic -4.1643033 0.45750305 -1.9371264 1.9766271 0.45988467 -1.7908592 4.9717546 -1.667423 -3.037224 -2.846533 -1.8593268 -1.8502358 -3.1410096 -3.540052 4.8270636 2.532705 2.2613022 -4.150587 3.1099763 4.350526
dialysis -2.1959534 6.204615 5.035091 0.31250316 -3.3181202 -0.28274262 3.1138732 -5.809205 -1.1350652 -1.9092538 -2.4174669 -1.0868149 -4.041008 -0.044639543 4.7719207 -2.7434533 1.8073839 -0.43828413 3.4586618 7.156534
midwifery -5.1222587 2.9362211 -1.4792293 4.6792555 -0.9922601 4.3403196 1.3556061 -3.5717328 4.312415 -2.9081903 -0.9785937 1.9633944 -2.2327194 1.5191715 4.3914204 1.7599752 2.5161202 0.15985008 0.88788277 5.8703456
chiropractic -3.1718388 3.6899097 1.4767659 5.637392 -0.17671132 0.7760856 1.9076954 -1.6051894 2.745344 -2.310832 -2.2323992 3.6519268 -1.4828907 -4.9188385 4.1303844 4.0902195 -0.9262903 1.7652017 1.1970128 6.0640182
palliative -4.592382 5.008487 0.5376525 2.4278157 -3.432613 5.304232 3.3410604 -3.5914488 -0.43250102 -1.8927001 -3.6461637 -0.72790396 -4.408642 -1.619024 3.11707 1.795666 1.0858883 1.0030931 1.1522597 7.7470303
orthopaedic -7.17406 4.914959 -1.6762407 4.5653834 -1.65043 3.2910657 3.9441078 -1.6210301 1.0071036 0.4623898 -2.4939845 -1.0925412 2.2421918 -2.2520773 8.083962 1.5319167 -0.10724161 -1.7551702 3.296274 6.248708
neurosurgery -4.1248083 3.2263434 1.7960277 5.5544143 -2.0819714 3.0143328 4.137346 -1.8244596 1.5314331 0.009646741 -2.8560781 -0.9799457 1.9034334 -3.605328 6.1885877 -0.45377237 0.3804466 -3.6544926 1.0013798 7.2828135
acupuncture -3.7604942 2.0476782 2.69202 2.3557022 -0.12869115 3.0520666 5.337889 -3.1645107 3.479094 -0.49684426 -1.397737 4.9534893 -0.92910606 -3.577839 0.7946328 -0.93995994 1.5696151 2.9515357 2.8726258 8.414878
neurologist -7.3912725 1.1584545 5.971049 3.090352 1.3018968 4.656687 4.845635 -0.37349093 5.774624 0.8769113 1.1637473 -1.2433158 3.230257 -3.394146 6.138259 1.1622301 -2.5442452 -5.856433 -0.84044164 3.397656
dermatology -3.7471344 3.1467738 1.5456601 2.9507406 -2.2736125 2.7409136 3.3160264 -2.9285414 3.7416656 -0.8348566 -2.5186667 1.4762372 1.4226499 -3.1336625 6.770917 -1.2212806 -2.122139 -1.9086446 -0.3228646 8.77992
gynecology -5.1264095 3.6361558 1.6017752 5.098568 -0.74026394 3.9219606 5.020167 -3.7436373 3.5972695 -0.9249851 -2.1927233 -0.53174525 0.8906561 -3.1358194 6.648978 -0.92338806 -0.87625796 -0.91157943 -0.7920379 7.9202943
clinician -2.5705512 0.9403041 4.665447 1.5215763 0.42275763 1.7950631 3.9291182 -0.2925914 2.8271887 -3.9663806 -2.498581 1.6258405 -1.6130114 -3.5305498 5.3354583 2.878845 1.6853528 0.12805907 4.050811 4.554779
asylums -2.8289387 6.7114406 -1.9159328 4.937463 -2.390394 3.3008058 4.8782015 -1.5434444 1.6555711 -4.950539 0.37058878 -1.8533549 -3.8714685 3.6792922 0.26994562 0.32174602 -2.2006598 0.4740975 -0.2121639 1.7283092
pediatrician -6.8693395 1.8594564 3.621627 1.2958425 2.2798734 3.7905293 2.7121928 -0.8125064 2.712507 -1.3432596 1.7833141 -1.4992192 -0.7910237 -5.157362 5.8970466 -0.81336236 -1.4781082 -3.2960012 -2.6279566 4.264498
paediatric -7.043091 3.8386316 -1.3971729 3.4610667 -2.4996204 3.5507433 4.1368055 -4.043082 3.513999 -0.073575854 -4.624691 -0.38629925 -1.6781529 -2.879536 6.6611347 -0.8002701 -0.5460551 -2.0260906 2.508542 6.1112375
ophthalmic -5.2093353 1.8898765 1.6448606 3.9114392 -1.390947 3.0376315 3.191496 -4.4422846 0.62039846 -0.49158433 -3.1474223 1.5070647 2.5267386 -0.38748127 3.8588192 -0.3757969 -1.5906218 -0.58103496 4.256526 7.0601563
ophthalmologist -7.7720633 1.7130482 2.9655612 2.6446261 2.230965 3.8138466 3.1695735 -1.1655054 3.819471 0.94333595 1.9070034 0.20688915 1.919368 -2.857107 6.560229 -1.2992358 -1.4771451 -2.7659986 -0.011317405 5.935953
reformatory -1.5302869 5.4662957 -3.4466307 7.277518 0.9775885 0.5756403 3.2629828 -3.47087 -0.4912293 -4.5707154 1.5313846 -2.791899 -4.260435 0.6112268 3.8918982 1.3965254 -0.0035644958 -0.24990216 -1.9643543 2.1195998
resuscitation -3.3566515 3.378394 4.268205 1.2892708 -2.487009 1.2325748 5.781686 -1.4301234 0.10683257 -0.47552976 -2.4486492 -3.1474414 -1.8261311 0.7099469 1.4457585 1.2775059 2.7979956 -0.43754634 3.7045164 7.5661283
reconstructive -2.1546104 5.9732213 4.2837477 2.1547108 -1.8379834 1.8375046 4.481784 -0.5640488 2.240657 -1.1525794 -1.3595753 -3.404434 2.649398 -1.1598852 5.2183456 3.9367244 0.8927214 1.2743119 4.473331 5.905888
technologists -0.38931644 0.19487152 -2.131552 0.13696916 -1.1377337 2.51386 1.6292818 -2.1846359 2.151951 -1.8685225 -1.759285 5.927554 -1.5488694 -2.500548 6.3085356 5.2276587 -3.7468648 -0.18033865 2.2521362 7.9818196
urology -3.7540667 3.3457406 0.9081832 4.456853 -2.4167953 2.7742805 3.9777875 -2.8477468 2.57139 0.97196573 -4.0129895 0.96114075 0.87080425 -4.0451856 7.0451446 -0.6445813 -0.53895974 -1.6054446 0.38023514 7.4023457
homeopathic -5.8762574 4.0097322 1.6810478 1.183115 -1.4671386 2.1246629 1.9471086 -3.5764601 3.1227455 -2.6217432 -0.59336543 2.4370344 -1.7822132 0.05851061 2.0126479 0.9402754 -2.4615061 1.11091 -0.117902525 7.0641584
veterinarians -1.6012226 2.7036662 -2.6664064 -0.6266173 0.9498385 -0.3726011 6.1529016 -5.7794857 3.0145342 -1.966397 0.8285959 0.60941976 -3.6484916 -1.6999667 5.3930793 4.1429973 -0.9748153 -0.40873346 1.0208911 4.619391
geriatric -3.2919703 3.6648104 0.23139356 2.7821205 -1.8644961 4.6108117 3.3328528 -4.7364974 -0.3512068 -2.641251 -2.5682027 -1.158576 -2.2213748 -2.9503741 3.5395288 0.6252836 -0.14343014 -1.7094015 0.37939575 3.3945346
anaesthesia -4.795325 3.8232274 5.6892924 4.8474298 -0.5777432 1.0556697 6.0622287 -3.0791876 3.2808871 0.6218519 -2.0186255 0.67952603 -2.9297855 -0.14646365 3.463946 -1.5663023 -0.5000527 -0.1748559 6.0074024 6.501597
optometry -2.284023 2.4446232 -1.4026119 3.8928812 -1.7634782 1.9170063 -0.19146493 -2.7877426 1.3459436 -1.1768193 -2.7026985 3.5014453 1.4453703 -3.3909256 5.1116905 0.6551571 2.0300138 0.6430654 1.1577364 7.730711
homeopathy -5.300345 2.4148655 3.4830837 3.1461856 -0.27092767 3.1792948 3.5180497 -1.0291212 5.476927 -2.1877038 -0.22735222 4.903312 -1.8938811 -1.3448236 0.15641612 1.2279112 -1.9902465 1.2238088 1.1067849 5.59684
technologist -4.6881843 -0.34555253 1.2576892 -0.4861011 -0.5741086 1.2802349 1.1355021 0.29159337 -0.5875751 -0.014466153 -1.5685815 4.8028464 0.060207877 -3.6040862 6.6910357 2.8617392 -3.1898909 -2.9099698 1.2907572 6.3268237
pathologists -3.2490692 2.24741 1.2100228 3.1754675 -0.2729496 -0.13640688 6.444765 -2.9024134 6.2351747 -1.1257772 -2.51588 1.316439 -0.9732337 -2.5508468 5.4540825 2.610535 -0.18087734 -0.2732245 1.2694826 5.7739973
cardiologist -7.486767 1.6964953 2.3474808 2.3514392 1.0307758 3.1409488 3.2766395 0.24474818 1.861926 0.21089822 0.20537739 -1.1204764 0.054887872 -4.645522 5.8378 -1.3579631 -0.5274369 -3.9938452 -0.629145 5.32194
gynaecology -6.7936797 2.058496 -0.055368945 4.0065923 -1.5793239 3.646455 3.4775205 -3.0619156 3.698023 0.18338028 -2.9650807 0.5986389 1.5294049 0.48206547 7.0326924 -1.4059743 0.92799586 -1.0643364 0.8484876 6.4228144
neurosurgeon -6.9354053 1.7434183 2.7636218 2.853737 1.0730239 2.713195 3.5622494 0.7414833 1.5777435 -0.7128024 0.45148394 -1.316839 0.625256 -4.5206275 4.4559374 0.6088216 -0.11589047 -4.448204 0.7683611 4.0899916
obstetric -4.644715 3.2838607 1.7293658 4.093824 -1.466675 2.7492578 4.223868 -4.990204 2.7886212 -0.28539935 -3.4766986 -1.4292114 -2.2420766 -0.67774826 4.1039233 1.0129569 1.0832961 -0.3482359 2.650271 5.273552
interventional -2.686712 2.463278 3.737098 3.1299293 -2.2533662 2.6817145 5.6945987 -3.0894701 1.7713549 0.44828573 -4.5084877 0.66935205 0.7960625 -4.1671877 5.9771237 -0.11396104 -0.10237442 -1.5151418 2.8876626 7.8120837
gastroenterology -4.370717 2.5590694 0.83306 3.5705261 -1.8399452 2.3500354 3.6462886 -2.6106124 3.9697554 1.6624033 -3.1616805 1.8259648 0.46793965 -3.4194493 7.1787887 -1.8231897 -1.6691624 -1.8041689 0.79236466 7.1646843
obstetrician -8.091597 1.2520876 1.4268227 1.3688487 2.3528073 3.4439406 3.5189278 -0.8241205 3.0163732 -1.9020694 1.4813443 -0.32799035 -0.48632178 -1.7849473 5.3550053 0.45451194 -0.85016334 -1.7286885 -0.007104884 3.3005493
cardiothoracic -6.6783376 1.7949508 1.4121926 3.516625 -1.0563526 2.4315238 3.7172186 -0.6186282 -0.061302416 -1.273918 -3.7351022 -2.1234002 0.8821265 -3.0211694 6.7866855 1.3160132 1.7283149 -2.8910608 1.9044483 5.1488085
endoscopy -1.6141317 3.9786987 4.9273 4.001283 -2.019915 0.9629271 6.7105713 -4.3746424 0.49301454 -0.6189392 -3.3647337 1.0120325 0.9058871 -1.8610828 3.7586787 -2.4210348 0.4768026 0.2869359 3.9742656 6.4116664
orthopedics -2.8699222 3.0053828 1.2716593 3.099823 -1.8377877 2.745423 3.892164 -3.3895617 -0.42723784 0.67267245 -3.0825548 -0.7778066 0.83627063 -3.388035 6.258336 -0.44527462 1.0500536 -1.5342736 2.0548542 5.6607637
hematology -0.85201734 1.6467369 2.5867083 2.6202376 -1.6185646 2.4598598 2.8833423 -2.0713844 3.174584 1.0631366 -2.071515 1.2611516 1.6599219 -3.6798182 5.9863257 -0.5094584 -0.7516594 -1.8907193 -0.30415884 6.909029
hyperbaric -1.7960896 4.1283665 2.0041926 0.99429 -3.2220993 1.0772508 5.0006847 -4.586975 -1.6322447 2.0990248 -2.4079492 0.3658286 2.157809 -0.9645058 3.1546416 0.103983775 1.0980202 0.24581291 3.4224386 8.775033
nonmedical -1.6251793 1.1988673 1.240486 0.18025129 -1.0916983 1.199724 4.2883115 -4.7644935 2.9999318 -1.8015717 -3.6152096 1.3622906 -4.9871473 -1.7768964 3.815926 2.1642992 -1.905367 1.1146653 1.8805548 5.3612585
paediatrics -6.761272 1.8848126 -0.61974186 3.6337667 -1.0023689 4.676469 2.369855 -2.258026 2.409658 0.14829989 -2.468272 -0.23490995 -0.35636497 -1.7069534 6.120743 -0.16831626 1.3767127 -1.6183885 0.8428772 5.438065
nephrology -3.227845 2.2345464 1.3718147 3.6166475 -1.848853 2.7524838 3.0879245 -2.3872793 2.3118777 1.716191 -3.4037867 0.47611967 0.11139449 -4.03004 6.765569 -0.8392674 -0.5067583 -1.6729021 -0.2281376 6.5391254
gynecologist -6.1999435 0.6960334 2.8408704 1.0362847 2.538618 3.8028848 3.231031 -0.77532476 2.6396067 -1.8682879 1.5632 -0.62394756 0.038995195 -2.6251743 5.270261 -0.5762716 -0.9890545 -1.127093 -1.379102 4.77438
anesthesiology -3.1368504 3.019289 2.044464 3.8132787 -1.6785519 1.6413633 3.4527643 -2.3980575 1.9023823 0.20484798 -2.2928162 0.6370598 -0.14623505 -3.3895502 5.3001976 0.2426866 -0.18730818 -1.7105412 0.74951106 7.309414
outpatients -2.698421 4.486681 0.3251291 3.513963 -2.6394956 1.0947554 4.459524 -4.9656577 -0.9206258 -3.2064664 -2.7180624 -1.3018913 -4.867733 0.7312578 4.538166 -3.5969796 2.4692419 -2.042236 1.2732289 3.287414
obstetricians -6.7432942 2.4987476 -1.662432 4.7709007 1.9044304 0.48413473 3.491605 -1.8662839 6.3269253 -0.68301016 -1.9497184 1.0940663 0.010746467 -2.2572963 6.3234606 2.4663534 -0.03948534 4.3622375 1.2105387 7.561368
dermatologist -6.1102724 1.7235051 3.5079713 1.0256369 1.6179762 2.6131577 2.6039464 -1.2614954 3.62018 -0.07909005 2.034047 1.0507338 1.4999384 -2.2161098 5.5158725 -0.90862167 -1.729733 -2.2950082 -0.54976887 4.32692
radiologist -4.808456 1.7037909 3.158652 2.0607893 0.4183288 1.5422223 3.797297 -0.9508995 2.0196445 -1.0225112 0.07486349 -0.21275109 1.7325834 -2.0363712 5.4672346 0.13742603 -0.25276512 -3.2319238 0.5091038 4.881164
orthodontic -1.6467347 3.228595 3.0736349 3.0742164 -0.74065036 0.24733205 3.247188 -3.4302242 1.67464 -0.9768415 -1.8098613 1.5279171 0.8769399 0.5462201 4.98829 2.0474598 -0.5107208 1.3767813 4.8123446 4.062508
orthodontics -1.8891531 2.7309947 3.4243798 4.141672 -0.17036662 1.025702 2.4806128 -2.3136275 2.2243228 -1.05986 -0.5711054 2.3033264 1.8327667 -1.9949645 5.0095606 1.3688397 -0.20797253 -0.83972734 2.4111838 3.7525167
checkup -3.0856898 2.515634 1.0571378 -0.16068944 -1.6823225 -0.5755221 4.291794 -1.6024793 -1.0537385 -2.0373292 -2.2477634 -2.2729435 -3.423766 -1.800122 1.4278997 -0.39769268 4.566372 -0.19853885 0.7760759 5.61361
maxillofacial -4.3407335 2.316864 2.3000896 4.8223224 -0.4711262 3.2193053 5.2833476 -4.2787867 2.735518 1.08806 -3.189109 0.61750686 2.902454 -2.765453 5.3664393 -0.82785535 0.060255554 0.68244964 2.127601 5.831874
rehabilitative -0.5291589 2.2077422 1.2250953 2.2399073 -2.555151 2.8194916 3.0692072 -2.664182 -0.8721518 -0.61027724 -3.5372868 -1.2066933 -4.873799 -1.3125314 2.5777433 2.7230413 0.09707743 -0.8790729 2.4863167 4.7008915
gynecological -2.6332998 2.1689138 2.7485807 2.3440914 -0.7387442 2.9589283 4.382223 -3.7599895 2.5409093 -1.1402636 -2.6793756 -0.8987541 -1.3199488 -1.6479342 4.2708397 -0.3030009 -0.1647831 0.45828515 0.6814794 4.535316
neurosurgical -0.6540867 1.7883701 1.7441924 2.7931864 -1.8538939 2.7014546 3.3768656 -2.4871063 2.2957225 -0.022285463 -2.8102102 -1.0516062 0.90076536 -2.093155 5.2258234 0.87963665 -0.54940087 -2.216585 2.0833433 6.196242
orthopaedics -3.7172503 2.7601979 1.1228875 3.0691423 -1.7278869 2.6034343 2.6595635 -2.3100135 0.35571393 1.4776872 -2.183092 -0.39810488 0.7491524 -1.9896863 5.944738 -0.31654748 0.7276252 -2.1482456 2.0706477 5.3256073
rheumatology -2.3387914 1.5499086 -0.23682764 3.37623 -1.4213365 2.2472491 1.4572494 -1.7824765 3.022609 1.1269314 -2.6211405 0.65461767 1.059973 -3.5501275 6.091894 0.46599755 0.031435702 -2.162249 0.41320163 4.9252105
inpatients -2.7063994 3.5750477 0.76869327 2.2758853 -2.0416658 1.3596089 3.6584232 -6.69771 0.67679137 -2.4524863 -2.5333622 -1.4760411 -4.7365203 0.87754637 4.1536655 -3.7859106 3.2183251 -1.4924678 0.926849 2.7915962
credentialing -0.59230053 1.1373682 -0.86651945 2.4571638 -1.4794238 1.0934076 2.6084867 -2.0518544 1.8307208 -0.36412024 -3.7564845 2.940172 -2.470737 -3.2229006 6.104636 3.9111397 -0.45273212 0.837678 0.9229778 6.773048
prehospital -2.4928424 1.5930529 0.46969575 1.0845097 -3.30762 2.7706382 3.525937 -3.654744 -0.24702458 0.36891007 -4.064767 -0.361646 -2.7877336 -1.5071224 2.7393413 2.1497862 2.1422117 -1.9926277 4.2374773 6.127314
chiropractors -2.2267575 2.6871836 1.4186603 2.53289 0.4749483 -1.113735 3.3558388 -1.7256122 3.6658392 -1.7539847 -1.004046 2.552 -3.631408 -2.1875656 3.3739555 1.8910797 -0.9831594 2.024129 2.310589 4.279976
otolaryngology -2.4894764 1.8270522 0.81634104 4.1412344 -0.20244774 1.5180776 3.3337953 -2.1814337 1.1426508 0.030238396 -1.6943235 -0.11996788 3.0243769 -2.7821965 5.5048246 0.70554495 -0.21648936 0.19273637 0.9176917 5.688507
audiology -2.8927345 0.3779623 1.3819896 4.0197754 -1.1276153 1.9098601 1.7324816 -1.8487219 1.7170112 -1.0601324 -4.4527717 2.0063772 0.0020727997 -3.6929338 3.9062128 0.38242018 1.1380262 0.63024455 1.4492819 6.0127296
gynaecologist -7.524672 -0.2539767 -0.56862026 0.74241716 1.4933221 3.4867833 2.6556711 -0.030621585 2.9393368 -0.79747856 0.31625706 -0.19990508 -1.0215327 -1.1025627 4.7061324 -0.40418336 -0.55984056 -2.297964 -0.032107912 2.5043378
anesthesiologist -4.2512145 1.1942657 2.1660018 1.1635247 0.95378923 1.0384556 3.128713 -1.4435855 0.79759794 -1.2811332 -0.1593762 -0.6334474 -0.7145831 -2.7639916 4.942072 0.2836847 -0.28386125 -2.3181062 -0.005636057 4.104326
neurologists -1.1829852 0.9979648 3.0575802 2.1833544 0.39743322 1.8977823 4.030775 -1.5142344 4.5924234 -1.1149629 -1.3911618 -0.90692717 -1.0753187 -2.3481543 4.6979785 1.029286 -0.68053395 -1.1261023 1.4426491 3.5466423
geriatrics -2.355893 1.9890168 0.96964604 2.6928039 -1.0850999 2.8702512 2.5532813 -2.480466 2.4625127 0.13297588 -1.7434747 0.70713735 -0.30236346 -2.956737 3.8820815 0.72530466 -0.45029178 -0.7738013 0.19926144 4.271027
ophthalmologists -2.5073504 1.9532903 0.15018895 1.6488683 -0.33751997 1.7514166 3.4150245 -1.7375813 3.8203075 -0.91379285 -1.6740448 1.1255169 -1.0238951 -1.5125698 4.7026954 0.11982035 0.21234542 0.85248137 2.8832073 5.36644
checkups -1.7884679 2.4181588 0.79136163 -0.21921922 -1.8397914 0.31401518 4.249267 -2.902015 1.0905956 -1.673734 -3.0291674 -1.676035 -4.4786525 -1.3973576 3.0326657 -0.49493247 3.522339 0.0074272603 2.3835032 4.8562827
optometrists -2.5933535 1.3810916 -0.80927354 1.7511227 -0.4662548 0.3785952 2.2228742 -2.5868495 1.6116883 -0.6933949 -2.3215125 3.315053 -1.0969424 -1.0077945 4.8233767 1.5373313 0.3133499 1.5996754 3.078722 5.33747
antenatal -2.3033545 2.3104048 1.5884084 0.36825964 -1.4218166 2.507497 3.1152847 -4.644615 1.164362 -1.5809952 -2.2279868 -0.8629532 -4.7352004 -1.4331204 2.8147361 -0.53579444 2.771129 -0.35694656 0.519159 3.6264653
radiologists -1.8764935 1.7411325 1.2862468 2.0297632 -0.5169389 0.9582872 3.6716247 -2.3917487 3.0599856 -0.7359627 -1.8665557 0.80056113 0.1525468 -1.2998434 4.77957 0.7037346 -0.16723144 0.36523566 2.3349085 5.5552144
obstetrical -2.8776479 2.0119243 1.9639354 2.4229276 -0.7300975 2.6119576 3.356742 -3.314788 2.5064526 -1.2935582 -1.7618521 -0.22670475 -0.24042699 -0.52513456 3.0382984 1.1367673 0.2094836 0.35009387 1.3020808 4.0984306
bariatric -2.405889 2.5555878 2.9646626 1.4654045 -1.4726712 1.1521946 2.6878548 -3.4076517 1.1109049 0.364741 -2.9114883 -0.43082833 -0.77268624 -2.7881343 3.9827385 1.2523711 1.1790568 -0.332506 2.9995024 4.5787673
gynaecologists -5.5500984 1.1905844 -1.7695817 2.9021277 0.8894141 0.6718793 2.368227 -1.366662 4.0915437 -0.6510525 -1.3808117 1.212035 0.541078 -0.4823338 4.020862 1.2621727 0.24789523 2.8674202 1.2684951 4.711506
gynaecological -2.982399 2.421367 1.3071204 2.0320003 -1.302395 2.4424105 3.3003666 -2.9953995 2.6960554 -0.25497025 -2.539485 -1.2162671 -0.33696413 -1.1189337 3.5064666 0.1664964 -0.17134014 -0.057102922 0.2910345 3.6806362
gynecologists -3.5505364 1.8408486 -0.030890375 3.3064916 1.4220526 -0.2730691 2.6990185 -1.5996906 4.614317 -0.9980566 -1.2249871 1.246377 -0.20155132 -2.433452 4.112679 1.7033535 -0.5768465 2.7462463 0.25142366 5.045499