Centroid_193 0.9629607293497262 -1.3311272253278692 -2.5138436412185796 -4.4403613981420795 -1.4162134295027315 -2.9767009755639346 -0.2865005614808744 0.13547330538251376 -3.216087387131145 0.9643733160901635 1.9326116285956292 3.2448744962185807 0.9737578162098353 1.7403875593715847 3.0159320715300555 0.5910329946775955 0.2681337820142078 -4.250493558251365 5.216925155409834 -1.9948493082830596
car 0.6768254 1.1372713 -2.6275382 -7.473776 -1.2552185 -6.6171985 4.131218 1.3138002 -10.048756 -0.0588822 4.8496847 0.7824249 -3.709715 4.000417 3.2380536 1.1201825 3.9542744 -6.552774 9.261279 -5.0535917
racing 1.3673024 -0.41347492 -8.044106 -7.6222625 -1.892097 -2.5577397 -4.746121 2.2013304 -3.9371707 1.3199424 5.580422 5.3421407 1.6660649 -0.9378106 7.256923 7.2428865 5.501717 -9.545808 8.090463 -5.4638476
cars 4.540772 0.69105345 -3.5463133 -6.141394 -2.6829538 -6.458465 2.102938 -0.50643075 -5.7773943 1.0102868 3.6626885 4.777772 -3.5079527 6.845673 4.730055 -1.1896933 1.8172404 -6.175062 13.694612 -6.5176773
motor 1.2327921 -0.4727247 -2.4116793 -2.3825705 -3.5875053 -3.2642777 -1.2675761 -2.4783828 -6.376291 1.741656 -0.6838044 2.3341455 1.0369477 0.45309746 3.7476053 2.2845635 1.3404742 -7.775504 9.472537 1.6709005
ford -0.51865447 -0.8755054 -1.4743434 -2.0986972 -1.1256623 -6.292954 -2.039059 2.9873538 -5.0708275 0.08293832 4.17635 5.214144 1.5241156 0.38704175 2.1187975 5.060953 -2.0993626 -8.289226 1.5198258 -3.7493482
driver -3.5289717 -3.999216 -0.22343053 -6.348432 1.4343451 -5.1624207 2.5386817 1.7964936 -7.0321093 1.1215663 1.4737799 0.03231143 -4.0563807 0.63990515 6.2438083 5.0456758 4.4443593 -7.4013 6.9737964 -2.9470363
drivers 2.2971494 -2.7952886 -1.5617878 -4.6872735 0.2005029 -6.800577 1.951307 0.07747809 -4.4191694 2.165638 0.06848232 1.8960603 -7.1851025 2.960504 6.5320644 5.54409 4.890386 -4.1067986 9.173497 -4.317869
truck 0.28628057 0.8885959 -4.861505 -6.1499276 0.1456191 -7.588021 5.325969 -2.5099847 -11.057593 -0.3893976 4.4396133 -0.35663983 -2.488704 0.74745274 2.1087534 0.7545106 0.50406814 -6.237562 8.447426 -2.4539647
automobile 0.534886 1.7919474 -4.5885434 -3.4222655 -3.1445742 -0.8381855 -2.405884 -0.9857327 -3.5320578 0.08189738 3.4878166 2.4074068 -0.9193302 2.5906098 3.1176107 1.1017362 -3.8592007 -7.5714593 6.5901723 0.108929835
auto 2.6130397 1.8026245 -6.480161 -6.7761307 -5.1529703 -3.9892156 -1.137182 2.500936 -6.1792126 1.6064321 0.4056463 2.78945 -0.9984887 -0.31470528 4.112216 1.4227133 -2.9209695 -4.9138927 4.08927 0.49055862
motorcycle 0.33038336 -1.6634896 -6.574561 -7.046299 -0.25886726 -1.7705169 2.0250187 2.0463953 -4.502632 0.36355126 4.052886 1.9357891 0.46506563 0.6955248 3.9287343 2.6491113 0.97376305 -5.1918836 6.59074 -3.0642626
trucks 1.8943576 -0.14951819 -5.863571 -5.0049987 -0.7292233 -6.265245 3.5373328 -4.3631487 -6.968564 1.5197755 2.902483 0.8793971 -2.6221144 4.0880184 2.0211046 -2.513248 -3.45545 -4.861319 11.806843 -1.508147
kit 0.65612954 0.23000328 -1.1760285 -5.034437 -0.009930696 -4.7571745 2.2893894 1.9703496 -4.9223967 -1.271779 1.2854431 4.29627 2.1319807 0.53320247 6.2448654 1.3193249 -0.4228089 0.35726145 6.03466 0.058555644
competitor 0.35116664 -1.0804125 -2.1359675 -5.1802053 0.6955668 -3.6388304 -2.075482 2.9273524 -0.9427306 2.9560168 2.332718 3.361809 -2.5897775 -2.579603 4.966776 1.1269325 1.072313 -2.4836378 4.2721505 -0.0027953628
roller 4.511889 4.4213014 -5.8775787 -4.7162786 -1.2601616 -2.0275009 -0.9764305 -0.047263797 -6.738916 -0.44232976 5.8224297 6.0969806 7.9521265 -1.594889 3.4545686 2.0175536 4.4119997 0.83925736 7.078247 -2.730218
mini 3.4973328 -2.0214505 -3.735709 -8.075833 -2.2351274 -3.5062332 0.75734556 2.676404 -4.859354 -0.34019923 -0.11647897 4.035254 2.8754098 -0.87737715 2.5105264 -1.6116037 1.5719931 0.1879748 3.7544854 -1.9814777
taxi -2.5030537 -2.496411 -6.1662354 -4.715589 -0.2010746 -3.3012142 4.008338 0.18242885 -8.011278 -3.7010572 0.71669525 0.57743 -6.4405365 1.4630533 1.5375128 -0.20439005 2.6277754 -4.0292764 5.1791134 -0.5026741
honda 2.6328073 -5.0026608 -1.691922 -9.366984 -1.4851023 -3.0464005 -4.1517663 5.005213 -4.7005725 4.8153644 3.4414113 4.966694 0.2877759 0.026843365 3.108277 0.4799186 0.99409014 -6.149712 5.51502 -0.47203064
dodge 1.3015227 -0.86799175 -3.4334157 -1.750825 0.37787312 -6.9508867 -0.14471087 -0.55335873 -6.4779863 -2.005054 3.838549 2.293113 1.7333885 -0.08126476 2.5294662 4.639264 -2.511336 -6.153519 0.50427175 -3.325075
renault 3.8970697 -6.3650193 -0.57041556 -9.564029 -2.206616 -2.8518238 -6.9583817 3.0281749 -0.99348575 5.9843383 4.6713905 5.5747294 1.1798568 5.575621 4.8788395 2.081938 1.490881 -8.73163 5.2634373 -2.4475136
rover 1.4757191 -1.2409534 -3.8373115 -5.835547 -2.862557 -3.0544996 0.61997277 -0.97887945 -3.7647128 2.3171816 4.38866 4.4767857 2.8321533 2.3918653 -0.8814467 3.3935573 0.7730795 -7.443911 5.126001 -0.26212764
racer -0.19040416 -2.7967057 -5.2068954 -8.890394 0.5700339 0.20568247 -1.3061669 2.6964471 -5.4349265 3.4736156 5.370533 4.4798484 5.4810624 -3.6188838 5.7461486 4.0249515 3.462145 -6.7962728 5.238911 -4.5979295
kits 3.9460428 2.1853306 -2.2610974 -6.8790426 -2.2649372 -4.3360395 3.0616262 -1.468948 -0.21863647 -0.7274278 0.9443604 3.9267511 0.24060076 2.8668447 7.4458785 0.85475135 -1.6931427 -0.13872817 8.709675 2.3494437
spun -0.04128893 0.40694448 -0.39645052 -5.3136964 -2.3353627 -5.917182 -2.3507876 -1.7709392 -6.025399 -1.0080829 -0.7829683 -0.61393046 3.1808312 -0.38115957 0.07781 1.9532523 -1.859481 -2.0165515 5.9139366 -1.3601946
porsche 1.1873122 -3.564882 0.3206206 -9.803236 -1.3258249 -3.627331 -3.3517838 2.8471577 -3.238856 3.2347167 4.7673717 2.8271835 0.5972538 5.847399 6.158686 2.8008091 1.9233868 -7.038627 4.8448067 -3.5271575
petrol -3.7358973 -0.13958071 -2.4750254 -6.684485 -2.148472 -3.1950514 0.81334746 -3.3738165 -6.3586383 1.2771431 0.6986626 0.057815675 -3.4553494 6.0150504 -0.5661079 -5.2607985 -3.411839 -2.0434241 8.829425 -0.8815307
automobiles 1.8967816 0.8072676 -3.3141432 -4.5059514 -3.2065978 -0.31656072 -0.65626615 -2.616128 -2.6175513 -1.1140834 2.6220825 4.7571936 -1.9960705 4.1482887 1.8686244 0.31731898 -4.0097146 -5.7712493 8.679145 -2.1974664
chrysler 2.3258207 -1.0300065 -2.606835 -4.3878326 -3.178468 -7.285288 -4.221501 2.747 -3.7976735 1.072426 3.5258496 6.0257144 0.87098986 4.175118 2.8220825 3.0872264 -5.702043 -7.3436136 5.1994967 -2.1766727
motorcycles 0.87705475 -1.9370681 -5.3053923 -7.172654 -1.621085 -0.5410806 1.3690481 -0.36474824 -2.171167 1.1100645 3.0643122 4.9997497 -1.31164 3.7627487 4.3628707 0.55207986 -0.4962991 -5.946387 10.162597 -4.331323
saloon 0.17253669 1.5891856 -5.2598352 -3.98381 -0.55873173 -4.1457024 2.5755374 2.4014523 -7.947819 -2.5276515 3.3036246 2.1012626 1.1927478 4.152724 3.9707782 -0.49328756 -2.0557427 -0.68009883 2.9555585 -7.000784
pickup 0.96971047 -1.4213744 -0.7317436 -4.026853 0.5824726 -6.1729207 2.3362622 -1.3991098 -7.8393197 -2.1722565 0.27978808 1.9673609 1.1840065 -0.56697035 2.4771278 0.14170934 -1.3331572 -2.0042064 9.272839 -3.7342632
turbo 1.7347958 -4.4820495 2.3193064 -9.15064 -1.2028697 -6.601604 -0.73236924 1.8758156 -3.9097853 4.739537 1.6052694 5.1806126 1.946528 1.1334682 1.8986745 -0.18905927 -0.19980039 -4.415516 7.592258 -2.8703308
coaster 5.371004 5.13676 -4.9200506 -6.7083683 -3.9845717 -4.280943 1.6945186 1.1426712 -7.8566318 0.05240024 7.6025057 7.037253 8.667546 -0.8877906 0.10565139 -0.38216162 5.1307607 -3.6280775 5.9130187 -3.0084865
motorsport 1.2913073 -3.1875856 -3.5667014 -6.301485 -3.5337193 -1.5702645 -6.5390797 4.806762 -3.4381225 4.0919776 1.2349944 4.32551 1.674114 1.641021 6.583921 3.6950245 1.8797438 -7.8811755 4.9844747 -3.0045474
tractor -1.252509 -0.03765124 -2.4593816 -5.2107854 -0.31908157 -1.941045 1.4503875 -1.7066509 -5.5860763 1.8585634 3.643262 0.9485938 2.7539866 3.1182928 4.085966 -1.0437948 -2.0083115 -4.8760395 9.92334 -0.91835207
jaguar 2.6139953 -2.6385224 -1.6246948 -8.019373 -1.0404804 -3.8087058 0.699209 0.9968439 -2.4762473 4.2275004 4.2412624 4.021953 3.2791102 1.1850098 1.0193568 3.1785412 -0.98961353 -4.6751523 2.731821 -4.326332
bicycles 2.8332655 0.8397872 -6.016787 -4.956789 -1.2509245 0.23635992 1.3248674 -3.7341971 -5.647567 -1.6499962 3.0564203 5.50983 -1.8454313 3.3575718 4.4757624 0.9566968 1.0314595 -2.5387003 9.394989 -2.3451643
bikes 3.6061668 -0.04033122 -5.4153576 -6.8831334 -1.2312847 -0.2091769 1.2669505 -1.6291993 -6.145533 -0.28507796 3.2800937 5.4283233 -0.5358227 0.96515363 3.9079034 1.42613 3.4768515 -3.2283912 10.276449 -4.3209395
aero 1.7967067 -2.8141255 -6.7013717 -3.5393946 -3.2801766 -3.2073238 -3.2180388 2.0144408 -2.1472192 1.3777752 0.7882558 2.779567 5.7456236 3.2559118 7.3376703 -0.28729516 -0.061882522 -6.706227 4.0716696 4.2312
indy 3.3659399 0.8858014 -4.1908317 -5.417006 -2.8702965 -8.954309 -3.4028847 3.186401 -5.289924 0.8176487 2.188979 1.8375356 2.3393774 -2.7134402 3.9126225 4.092271 5.955574 -5.5756187 2.2256832 -3.5661674
haul -2.9568074 0.05422591 -6.496027 -3.4069316 -0.21827121 -4.1994886 -1.0902194 -4.3072295 -1.0000389 1.307851 2.8976014 1.4477565 -0.8344851 4.1495686 -0.5185092 0.68923455 4.154279 -2.4617937 9.478183 -3.4327729
trailers 2.3711092 1.9369879 -3.2912605 -5.7547803 -4.7048054 -4.91598 6.1261187 0.16260043 -3.5982661 -2.5535805 -0.7439746 2.0003388 -1.2830365 2.515118 1.7649395 -4.3653965 -0.58935505 -3.6147227 8.67529 -3.0598998
inline 2.8886433 -2.994143 -0.24219836 -4.489251 -1.2634572 -1.8719089 0.33991134 -1.8080379 -2.5815895 2.9907541 -1.7628065 5.4886813 3.2567604 0.23691514 5.9938664 1.5371573 1.7117283 -0.833877 7.141743 -2.2172039
vans 2.1561494 -0.40591034 -4.456148 -4.132385 -0.7543378 -5.3602085 2.2604594 -0.969551 -4.863468 -2.3168962 1.8699789 2.0437403 -0.46505433 4.557535 3.2531652 -3.6456783 -1.0934539 -1.6854792 8.30515 -0.46035433
racers 2.9911916 1.0251038 -4.156065 -4.53979 0.20306253 -2.8072581 0.197033 1.0032728 -2.3531961 0.9542529 3.4917326 3.5407784 -0.5669045 -1.6554245 5.8785834 4.294248 4.3285866 -2.8217523 5.470986 -5.273264
mustang 1.914322 -3.4412308 -2.5449355 -3.2755873 0.21569169 -5.2929068 1.3904159 -0.12253233 -2.8800259 2.7908826 2.8446994 4.256539 3.8144536 -1.835333 2.3496807 0.32499596 -0.5804625 -7.103656 3.1809404 -3.1906059
corvette -0.037076928 -4.101393 -3.3781264 -5.725693 -0.9705045 -4.825397 2.1523612 0.28790167 -1.0186979 5.063084 5.3519893 2.6147807 4.102187 5.137629 2.4373157 -0.7842174 1.3291265 -9.19647 2.9551067 -0.95829314
tractors -0.9507963 1.0286156 -3.8794804 -4.6901393 -1.306534 0.030362701 -0.10236849 -4.6444983 -2.5010924 1.1624491 3.7216356 3.66948 0.10783665 4.4653273 4.498372 -0.9693524 -5.536017 -5.736384 10.7319145 -2.2806802
pontiac 3.6005108 0.4625851 -2.8462338 -1.3250057 -0.75853896 -7.3812957 -2.9440527 -0.397198 -6.0933414 -0.40033904 3.8734639 4.155193 2.657812 -0.61479664 2.9883552 1.9075555 -1.2238494 -5.2304187 0.9980552 -2.8892741
offroad 3.182024 -1.9844083 -6.1633496 -5.5040655 -2.6183832 0.49731275 0.5600243 -1.9122783 -6.2825084 3.8172114 0.7676542 4.408277 -0.51586634 -2.3508518 0.70721775 4.6053214 2.652918 -5.7151594 9.278655 -4.1704707
yachts 0.36024165 2.1056242 -8.502041 -5.119338 -3.739271 -0.14241588 1.8393065 -2.913902 -0.51095325 1.2660507 5.2362494 6.375079 2.5491898 4.6068497 3.9936905 1.21507 1.8453745 -7.386124 4.557488 -1.6590365
flyer -0.291303 0.9233123 -3.4606485 -1.2183802 -1.5456766 -5.292296 2.246399 1.3537732 -2.627838 -2.2644343 2.00474 3.9986236 1.0508369 -1.0712276 0.853333 -0.1678023 0.4066201 -4.946735 4.8067765 0.6055559
hornet 0.122297175 -3.0039318 -3.6273088 -2.7820952 -0.4645532 -6.6718006 3.203576 2.945432 -3.6139119 7.6815944 1.6831397 1.9712973 5.3712277 -1.1025038 2.2170355 0.91064507 0.56406254 -5.69279 4.0938983 -0.96554583
kawasaki 0.597325 -5.5033903 -1.6587056 -8.213745 0.37525493 -2.0555837 -2.8232274 1.6668084 -3.298925 2.2501068 4.198653 1.809356 2.3507125 0.24103038 3.4775884 -2.9930596 1.1690586 -7.059706 7.2820687 3.0049295
bombardier 0.1650235 -3.487852 -2.6370773 -2.2634282 -2.3034701 -5.805887 -2.6614273 -1.6205934 -3.8895736 0.6480029 0.37894943 3.8624053 -0.280639 2.8102798 5.300359 -0.60423 -0.9682057 -9.314991 5.089227 3.5178225
opel 1.9166183 -4.9258275 0.056641974 -8.355784 -1.0804621 -4.262283 -5.1540055 2.999151 -0.8800309 3.0349011 3.7516217 4.564957 2.1736073 6.309711 4.2445116 -1.2639337 -3.8655424 -4.2634416 5.305851 -1.7838781
dealership -0.42129707 2.7876778 -4.818882 -4.744076 -2.798695 -3.6785278 -2.6224766 -0.61070985 -8.245178 -3.4660816 3.43416 2.3482687 -1.0696515 1.2955962 5.877792 1.0880502 -4.15139 -7.2627597 1.8764926 -1.5457816
indycar 4.2909403 -2.1298723 -3.3746386 -4.705632 -4.6052785 -8.0239315 -4.068146 4.1130896 -3.9062831 1.872746 -0.18840942 1.2337792 -0.55217516 -1.6904788 4.6983447 5.924009 5.399922 -9.056095 1.697456 -2.59126
fullsize 4.0870395 0.54060495 -3.177829 -3.9960973 -3.9847486 -2.3248687 1.2096893 -1.3157351 -3.535357 -0.87502795 -0.28961313 4.7008843 5.227274 3.5246642 4.6000643 1.6325021 -0.097514845 -2.4850183 6.5002623 -4.117246
chevy -0.74086195 1.3904047 -3.9074883 -3.5724235 -1.2257783 -7.0423594 0.352772 0.45534384 -7.216931 -2.2232776 2.3799958 2.7700055 1.5946522 -3.2981422 2.575166 1.4665519 0.24791078 -5.9354224 0.8754846 -5.2059865
daimler -1.5545856 -2.082455 -0.36999255 -5.305875 -2.4968657 -3.5415525 -3.3678381 1.8240367 -2.1813724 0.9060456 3.1696308 3.6846662 0.66427094 8.869138 5.440492 0.5010026 -4.674707 -6.362736 5.944974 0.9042968
thunderbird 3.051152 -0.62087125 -1.9895364 -3.0274057 -1.9397706 -3.5124881 2.3305757 2.2103736 -4.649356 -0.5848923 2.1510246 4.5247283 3.4030426 -1.0473449 1.2759597 2.7928102 0.0013035339 -4.374743 2.6746116 -1.153386
coasters 5.2185984 4.6031036 -5.07388 -5.3754287 -2.9289503 -2.7253578 1.4714472 -0.76714003 -3.6674366 -1.0761034 4.969455 5.0237794 6.079384 -0.3851688 2.926742 -0.79396486 1.3271853 -2.340718 6.9012694 -4.7569823
scooter -1.6277676 -0.8769291 -0.9497829 -7.4822097 0.79432905 -3.9214635 2.7940156 1.6297092 -5.2738194 -1.1551187 2.5869136 1.7061847 -0.26429576 -1.0787348 3.1997077 0.04825163 -0.20876035 -2.1983604 5.5438676 -1.0607972
goodyear -1.0193024 2.3262997 -1.5978997 -2.3184547 -1.6546018 -5.770325 -2.1115997 -0.89656806 -4.463716 -0.0906813 3.5204034 2.3620248 2.9550161 0.121917486 4.0736895 4.787281 -2.3436463 -6.356986 2.0851457 0.47323188
superbike -0.20605133 -5.464135 -6.484714 -7.163085 -2.3909752 -4.328315 -3.7765105 5.2153587 0.42488813 5.465609 2.7981439 4.651064 4.2235336 1.1282989 3.961182 3.8957188 5.013856 -7.3018794 3.788629 -2.2045057
brabham -3.6453786 -2.5466602 1.2689453 -5.3845305 0.39910057 -5.7497425 -4.215017 5.390544 -3.1375406 2.7821636 5.517891 1.7646037 0.9577116 3.4805114 5.344935 6.493473 4.538745 -8.575996 5.1323576 -6.900888
grands 7.098736 -5.100609 -2.9628742 -5.8270407 -3.2153468 0.47042066 -3.0650628 2.887924 0.114277035 -0.3109611 1.1849427 2.6365683 2.2746055 6.451645 5.63797 0.9393645 5.538118 -4.1565905 -1.2478281 -4.079305
kart 4.2193832 -2.3133976 -1.3663056 -8.489484 -1.8069803 -1.4151495 -1.1931621 3.6338713 -4.121817 2.4987447 1.643363 3.8708498 1.4175341 -1.333329 3.6170995 1.5036356 3.375924 -2.1992273 3.771603 -3.8231127
limousine -0.9647258 -1.7291392 -3.8118398 -3.6726673 -0.0768729 -6.3475204 4.102312 3.1794503 -7.2765403 -2.321054 1.322038 0.81263506 -1.3538448 4.9450264 2.7787366 0.44240916 0.48979792 -1.3295381 2.7692788 -3.075523
turboprop -0.55427045 -4.582824 -3.0186431 -3.8332493 -2.8527393 -4.164086 -1.3455713 -3.021926 -2.8649795 4.1650867 -0.26636052 2.9386294 1.4664794 1.0813802 4.2216053 -2.9809358 -0.8575354 -10.975274 6.186942 0.67944896
jumbo -0.24528648 -0.05844669 -2.9210136 -5.7969646 -0.13245836 -3.996956 1.3523088 -0.12542696 -4.0108767 0.18964669 2.780939 3.2681413 2.4852295 -1.3795846 1.4958439 -0.7786718 -0.52019405 -1.6401454 2.0403452 -1.6815758
charger -0.13202299 -1.1976365 0.25961986 -3.9262116 -0.46937507 -7.602551 2.2299075 0.69015 -5.773715 1.3802555 0.7997675 4.393023 1.5854572 0.7460003 3.232815 1.7877284 1.1730033 -2.4867876 5.5845094 -1.9684311
roadster 1.3529817 -1.9220293 -1.4279419 -8.405812 -3.0434952 -4.496095 -0.47763363 3.2027686 -4.0494328 2.246319 2.2333064 5.8162932 3.469805 3.9811485 3.4673252 -0.1788687 0.15600042 -3.8530688 6.2996926 -5.155559
dealerships 2.843143 2.1068838 -6.782252 -5.5570393 -3.5372417 -4.971593 -2.4317605 -1.6042663 -4.340677 -0.4174326 1.7309802 2.8147066 -4.1337767 0.95604426 4.980943 -1.6978168 -4.7328405 -5.533276 4.752664 -1.447415
buggy -0.18417893 0.6237489 -3.9475944 -4.5606875 -0.19125137 -2.7428532 3.5762377 -1.5321186 -5.5854073 -2.3589163 3.928698 3.3728354 0.7291324 0.5894529 0.31705678 2.6965325 0.8874912 -3.6565099 3.8988774 -4.8894243
sedans 3.2029757 -3.6790588 -4.4153953 -5.590257 -2.0996308 -5.0923166 -2.0253754 1.6363664 -2.4050744 2.6362712 1.1955348 6.2076125 0.3286086 5.734098 4.3344293 -2.4261816 -1.8451796 -3.8789098 9.8863535 -7.1135564
sebring 0.9335906 -0.95132124 -3.669902 -5.2603917 -3.3502276 -5.6270804 -2.8874218 -1.8982606 -3.6233094 -1.6360389 1.3244478 0.061733693 1.1240346 -1.3793068 3.4900134 0.6087342 8.034088 -9.5465555 -0.9641326 -1.5254787
emus 1.7351437 -2.2856085 -5.507892 -1.0436423 -0.25169587 -3.4067764 0.31438473 -2.078192 -1.2513496 -0.0063164085 1.6457207 4.527701 0.45869118 2.090659 3.1684654 -3.6510494 0.36496225 -4.893866 8.476059 -2.3088915
cams 0.8359417 -2.4204895 0.17684811 -2.6257715 -0.041888792 -4.297562 2.1589754 0.60555625 -3.573518 3.7234485 0.15814479 5.2585187 -0.6069896 1.9294157 5.6176286 2.5880463 1.7433753 -1.9619404 6.013255 -1.6209351
aftermarket 2.747125 -0.61291397 -0.21562773 -5.8477263 -3.2351444 -3.3530412 -0.25307363 -1.9593678 -3.2085505 0.5788275 -1.4825983 6.1652713 -1.0069538 2.6077576 4.7491164 1.9683064 -4.942541 -1.5918193 10.976915 -1.0928813
lancer 2.4568846 -6.2279944 -1.4735059 -2.6553042 0.21428093 -2.4962184 1.0896426 2.256068 0.47047982 3.8881907 1.674788 3.2261257 4.539835 0.3533071 1.5756916 0.7684852 -1.5865737 -6.136735 2.8414915 -2.1240673
midsized 4.092814 -0.3720236 -4.6262856 -1.5460244 -1.0749094 0.52459973 -1.932837 -5.1463943 -2.153841 -0.33791092 0.25406662 3.6762257 0.29646212 -1.810443 2.4980307 -0.56455207 -3.4033372 -2.3055704 4.2379675 -2.1518548
powertrain 3.2605982 -2.099436 1.7388268 -4.1832356 -3.6736135 -3.131125 -3.4515152 0.1771218 -4.043306 3.36988 0.691278 7.1859937 0.8145494 3.197162 3.9167883 0.8011354 -1.4835933 -5.887082 9.314274 -1.0478101
supercar 1.6831678 -4.889609 -1.9544371 -6.5157704 -2.8500073 -6.8068643 -3.5848403 5.306651 -1.9873856 5.7573524 1.7170064 7.0345016 2.0607882 1.1339189 3.166677 2.1174474 2.6289177 -6.562996 2.5721257 -4.2466626
midsize 4.775784 -2.6669953 -4.216327 -4.5830564 -2.4729187 -1.7924514 -3.423377 -1.6315446 -2.8967857 1.5456796 0.17819087 5.649095 -0.44559154 -0.026032468 2.4576697 -0.27617884 -3.5467308 -4.160403 5.373671 -4.09797
motorbike -1.2859153 -0.8167022 -3.5077913 -6.3467245 0.5982793 -0.9244378 3.652941 1.0450538 -5.248642 -1.5291604 3.6581752 -1.119383 -1.777982 1.024667 1.5726912 0.034652106 4.0504346 -3.265435 4.703598 -2.25033
harvester -0.15232754 3.4401166 -2.7604725 -4.518212 -1.3025652 -1.672567 0.62459195 0.021762645 -2.091638 1.9700459 5.0358367 4.667965 1.2474649 -0.5642339 3.8923383 1.1141773 -3.4369178 -3.798946 3.8965657 1.2361827
railcar -0.15079951 -0.7356688 -1.8379947 0.04019977 -2.490078 -4.0901675 -1.6469905 -3.1657264 -3.3050704 -1.3540998 1.6262113 5.009147 1.0378666 6.111756 2.5970855 -3.0913837 -0.64478385 -6.37179 6.9326773 0.029848268
hardtop 3.2144852 -2.91184 -1.9744092 -6.0874 -2.6881294 -4.7711797 -0.2501237 4.2123218 -4.7969513 2.2933018 1.4276973 6.334885 3.8224907 8.0346365 4.3504868 -0.7478808 -0.84052646 -0.6210314 7.8996615 -6.605988
diesels -1.1148926 -0.6260128 0.8460716 -2.680109 -1.0878937 -4.7717495 -1.904032 -1.4967635 -0.9093501 0.29438278 2.8877437 3.1617384 0.3647965 4.121948 2.7132328 -1.5031434 -1.0845451 -6.816469 8.204009 -2.306029
haulage -3.3494737 0.080861785 -2.8697937 -0.896089 -1.6210061 -1.2281686 -2.7444615 -2.1973438 -5.043801 -1.3498428 2.4198656 3.5296376 -2.3050041 5.246133 -0.92615676 0.4103024 -3.5340323 -5.0023556 8.957865 -1.9661149
vee -0.80132484 -1.4587188 1.8052088 -4.3866997 1.7838554 -4.88667 -1.3870999 0.47098258 -4.081387 0.14525744 2.254613 3.5418394 2.804355 -3.320433 2.2888339 0.09694285 1.172818 -1.0984927 2.9910717 -3.0302606
brooklands -2.5842967 0.71681345 -6.050205 -1.6222519 -3.8911943 -1.5290185 -1.8677373 -0.3583883 -2.1120403 -1.4698888 1.5565164 2.1094413 3.6323445 4.870046 4.3458047 0.56520736 5.4051633 -7.337884 3.22944 -3.0653076
scooters 0.7813645 -1.2709082 -3.7262843 -7.745247 -0.5394402 -0.4035153 1.431704 -1.2225307 -3.5497463 -0.09326632 2.207312 3.4667501 -2.0775392 0.8837597 3.3234196 -0.40559468 -1.2426949 -2.5327585 8.337772 -1.7047232
engined -1.0288022 -4.5126424 -0.049245305 -5.775192 -1.5429293 -4.542924 -0.7727736 -0.33426613 -1.8534893 4.4613605 1.2828162 3.0125468 4.122565 6.1674113 4.5904307 -2.4544442 -0.40299228 -7.19185 9.855992 -5.3014426
hauls -5.193117 0.3019013 -5.8356524 -2.427662 -1.3775886 -1.3882701 0.28012165 -1.5892549 0.8252632 1.6978835 -0.6761242 0.4003598 -1.9067729 0.7403937 1.6278427 -1.1235707 4.355539 -2.816093 7.508036 -5.8476605
minibus -0.5814784 -2.510517 -4.531702 -2.1530797 -0.066152744 -1.484844 2.208521 -0.60036314 -7.5209775 -2.0235317 0.13986439 -0.05418281 -3.964896 3.2770436 2.6708052 -3.6528134 0.346775 -2.6489398 5.2819176 -0.4926684
restyled 2.1214564 -2.318892 -0.23928565 -1.9434177 -2.8234117 -3.0091345 -2.4370556 3.2604907 -3.1211977 1.4636785 -0.85900706 2.568247 5.7133837 5.7772293 1.57893 -0.39861923 -3.8405824 -0.3636671 6.085397 -5.059262
barracuda 0.8771341 -0.69694674 -2.9580073 -5.337915 0.22288384 -4.957566 0.86324966 -0.5917051 -1.5797222 2.7366564 3.8572426 0.849913 1.6936837 -2.776383 0.5603003 0.82049364 -1.6660208 -4.8410106 2.2297006 -0.94806767
deere -2.001259 1.1035082 -1.2499146 -2.2203076 -1.1270052 -5.2900248 -2.1435366 1.0169938 -3.3240585 -2.4696534 3.6925 5.0799046 4.38478 1.4153925 4.831618 3.7462554 -4.698893 -5.6628 1.4038181 -2.6651561
electrics 0.08907784 0.16594028 0.3648177 1.3341612 -1.7129331 -4.606966 -2.6172853 0.90936625 -2.8168075 -0.44375443 1.0556763 4.145614 2.620015 1.6077917 2.0990486 0.42444417 -3.2850013 -4.8866944 6.7974715 0.87746257
sidecar 0.039341554 -2.702875 -2.7389243 -5.899143 -0.38697597 -2.434808 0.8624077 0.9797288 -2.9616187 -0.14811508 2.1194375 3.3079224 2.1682756 3.3459113 4.7086263 2.0525732 2.2116814 -3.232345 5.429121 -3.6032474
sailboats 1.7960244 0.6933877 -4.98559 -4.386109 -2.236003 2.134461 4.418568 -3.356962 -0.42333955 1.2608413 3.8135498 4.8788624 1.9707727 2.2859132 1.3708378 1.196116 1.5528675 -4.982814 5.8064075 -2.8415709
griffon 0.24536996 -2.608595 -2.886655 -3.6506317 -0.03539113 -1.4242224 2.7213588 -1.9249539 -0.70425063 3.4000087 3.8507507 3.3203988 3.1143389 0.8337874 0.16267116 0.6254282 0.19669546 -5.3349156 -0.92753506 -1.716236
catamaran -0.41119757 -1.3078818 -5.345068 -3.917316 -2.0644698 0.19574888 1.0178314 -2.0947733 -2.9507682 2.032968 3.6052754 5.529336 3.3410208 1.9243797 1.4391229 0.23807402 4.1257157 -6.4451594 4.1969995 0.24419829
pacer -2.7243187 -1.1640402 -2.7791975 -2.6677957 0.01293932 -4.931952 -0.15250713 0.4928944 -0.22221684 1.2191184 0.81443113 4.0030923 -0.009094433 -0.36655098 2.9186506 0.9003749 1.6356796 -3.3848042 5.390261 -2.6407096
pacifics 1.9247254 -0.67882496 -4.720906 2.6384895 -0.4668405 -4.4890504 -3.5153313 -0.91409934 -1.9355953 0.8336185 2.4065878 3.415365 2.2213945 0.4060792 0.11146546 -0.71238 -2.6940575 -4.5897603 3.9586434 0.95170146
taxicab -0.26883224 -0.94336087 -3.4593906 -2.6705585 -0.48038945 -3.1942308 2.2207105 -0.97750264 -5.5371127 -3.594922 1.0029212 1.656482 -3.3709934 1.888818 2.7222185 1.5411091 0.46782246 -3.4278457 2.3742042 -0.9265445
badged 0.7818252 -4.3658 -3.6238034 -6.592351 -1.8293924 -4.351527 -4.813457 0.852564 -1.7382941 3.0625968 0.828611 4.290302 3.200051 3.9216561 1.6887329 -0.63201255 -4.226651 -2.6526659 4.8629074 -3.2182457
racecar -2.6303196 -2.474916 -2.0496833 -5.9184017 1.1105677 -1.819117 -0.17264917 1.4206283 -2.553455 1.5659479 3.3054595 1.4848181 1.9013548 -3.0181046 6.7101016 4.0204062 0.06491438 -7.7868915 4.088223 -2.3184373
diecast 2.472308 -0.13520779 -1.7045841 -7.7686644 -2.8293774 -2.7363625 0.81512463 0.18403098 -0.5487328 0.36359233 1.9815642 4.6678987 5.0529213 2.9390473 2.0019925 0.6810268 -4.6279097 -1.3074968 7.0171065 -4.0023475
foyt -1.5788395 -2.1003168 3.8147278 -3.8506222 1.0038064 -9.227249 -1.8449175 1.8772595 -4.6006393 0.66483253 3.9255137 0.12374197 -0.13930716 0.49798918 5.3742185 2.031166 4.142711 -8.563177 1.4914085 -4.245568
rallycross 2.6327713 -3.5609908 -4.355191 -6.303951 -1.8965712 -2.5508695 -3.9932787 3.8164208 -0.359715 5.667538 1.9230528 3.5992377 1.1408125 0.23797524 3.9018373 2.065284 2.080619 -3.586333 2.569644 0.10298452
enduro 2.636721 -3.0213864 -4.9735703 -6.434374 -1.8217661 -0.64660335 -1.638175 1.0309057 -0.9756258 3.5421798 1.0147405 2.64465 2.1226933 -0.61734587 4.5586953 1.8614829 4.52618 -4.0921245 3.280237 -3.3650255
gti 2.150971 -2.893705 -1.3809489 -6.402124 -1.9121194 -3.4611397 -4.1000943 2.1938388 -1.7028155 2.886762 2.0135586 7.2112656 1.4277546 1.6422734 4.2871175 -0.8762182 1.8118691 -3.2321255 5.1742315 -1.248507
minivan 1.4221048 -1.8875501 -2.7115524 -5.644434 -0.38212892 -4.2144403 0.8450388 1.295649 -4.870413 -0.61507475 3.05143 1.9118063 -1.165816 1.2746221 0.6551115 -1.1790953 -0.9199009 -3.9161937 4.212642 -2.3954954
minibuses 0.9472696 -3.4601793 -5.5498853 -1.7643417 0.17044887 -0.64119494 1.0380338 -1.5408062 -5.4177785 -0.39138293 -0.17652857 2.6692448 -4.1096478 3.5927012 3.4627419 -4.246353 -1.0685407 -1.862585 7.092584 -1.4107741
autos 1.5856972 -2.1642547 -1.845577 -4.358696 -2.4031456 -0.530577 0.170111 -0.87422216 -3.0184515 -1.4430922 0.061257 3.4011676 -2.8851805 2.968118 1.5447599 -2.3843198 -1.475653 -4.018529 2.8628254 -1.8753108
ferranti -1.7607396 -1.1088765 1.7102426 -1.9385369 -3.0955193 -0.917473 -2.7601998 3.341496 -1.8875551 -1.1981707 1.5377289 4.9312367 3.145607 3.0476117 3.023963 0.7904709 -1.8410882 -6.317881 3.276612 3.395532
redline -0.50996304 -1.2516747 -0.43640217 -3.757558 -1.0292 -4.342795 -1.6445159 0.26627815 -2.5895803 1.5456986 0.43672925 3.359754 0.63517094 -1.219556 0.5899336 -0.71316904 1.222503 -2.2011082 4.3307676 -1.1373705
powerplants 0.8070865 -1.3419107 2.0488777 -3.0297778 -2.1781485 -2.0906143 -0.34452623 -1.794255 -0.8598055 4.288189 1.5591055 3.5038922 -0.046010382 4.150872 2.8567696 -1.5626218 -0.84100115 -6.326832 7.1248527 -0.6508591
motorbikes 0.6484708 -1.9075657 -4.376102 -5.8623943 -0.09458029 0.4920769 1.8514539 -0.68156683 -3.0039828 -1.299566 1.9631431 0.37877655 -2.2132726 1.5704712 2.1428385 -0.01203414 0.49835867 -2.6102207 4.644777 -2.9236457
widebody 3.3273888 -2.8743625 -2.2396958 -3.4786258 -2.9687061 -3.146709 -0.58614135 -1.3366084 -1.7524645 1.8923663 -0.3403432 1.7446442 -0.024188925 2.671871 2.987429 -1.312097 -0.111768305 -5.977135 6.7641897 0.5124965
sailplane 0.56551975 -1.5848188 -0.6108328 -2.6320276 -1.5387958 0.199435 -0.50346404 0.071280666 0.33661592 1.7037824 1.7679577 3.9715748 6.2305098 2.912994 6.358356 -0.3681454 1.648924 -5.1982555 7.796266 1.3782681
reynard -0.38544914 -2.2293973 0.048317034 -4.513256 -0.9120598 -1.3564639 -0.7274953 2.0867128 -2.0171502 0.0700765 3.2592306 2.4976678 2.4915328 1.8229162 1.1706018 2.7945929 -0.32079974 -5.4679966 1.0251629 -4.189187
uprated -0.35495865 -3.4173071 2.6910968 -3.6639225 -1.9303904 -4.488423 -1.9528592 -0.8091869 -2.4477572 2.9596987 -0.39023122 3.957539 2.6903625 3.3963976 3.055569 -1.8972865 0.69193023 -4.450396 7.111037 -1.0615234
homologation 2.7412999 -3.443559 -0.3416978 -4.725345 -3.6893044 -3.7991977 -2.6624851 0.40511215 0.34520477 2.9545453 -2.0201416 3.1858823 -2.7539978 5.546919 2.5162108 3.358551 2.0780191 -2.7732458 4.077763 0.26000506
forklift -0.9159028 0.11048813 -0.7142409 -3.599867 -0.40065116 -2.4939113 2.3645332 -1.6303127 -5.7296524 -0.9580957 1.8511856 0.68490523 -0.43304253 1.0381868 2.8184898 1.2934266 -0.7870796 -3.7812638 5.8139863 0.5625345
badging 2.19544 -1.586649 -1.753456 -2.8582227 -2.263979 -5.3469434 1.0420742 2.8249214 -2.187658 3.4640868 -0.86320454 6.7695746 3.8791106 4.201447 3.5639539 0.09671763 -0.74316394 0.9253346 6.3648076 -4.1840677
subcompact 2.5869324 -4.782492 -1.9549156 -6.0821433 -1.3024142 -3.9721684 -1.8592653 1.1146228 -2.8905187 3.3425786 1.3513882 5.983801 0.9830496 1.3152181 1.8770882 -0.5432449 -2.628419 -3.5636272 5.0417376 -3.6686928
karts 1.9819441 -1.2068441 -1.7600808 -6.1160765 -0.5085891 -1.1929336 -2.3011868 -0.3260262 -1.9577556 -1.0918815 2.9169385 2.2962399 0.8637996 -0.23206608 4.7190995 1.5182464 4.4555006 -4.3555818 4.655359 -2.1142302
fastback 2.7121482 -3.3951278 -0.40928555 -5.25055 -1.2155224 -2.484284 -0.3111584 3.1861775 -3.4541473 1.9285125 1.5403355 3.8214517 3.8063428 4.886487 2.6513572 0.97078526 -0.96338665 -1.5000476 5.8574 -6.4352255
spinnaker 0.90319973 -0.2645813 -1.4051387 -1.9123702 -0.9651691 -1.6678809 2.480916 -1.2825062 -3.9191377 2.0255036 2.359308 5.021077 3.23884 2.9984658 1.958625 2.0823872 2.7746112 -2.3503587 6.6831765 -0.9338868
microlight 0.9863568 -4.6349683 -4.159246 -3.558488 -1.6171985 -1.6794384 1.7721058 -1.1935669 0.87030363 5.1089845 -1.8990494 4.630083 2.1858947 1.1114584 5.138901 1.1273292 0.7597499 -2.8272145 4.1954174 0.31887028
keelboat -0.21080424 1.0819819 -7.2708135 -3.0451686 -1.3507344 2.3701963 2.8121545 -2.8768764 -2.6941247 2.4401977 2.1381152 4.713166 3.037355 -0.41626278 7.055065 1.9174436 0.11911358 -5.0346355 5.3402658 -3.5627034
buggies 1.405184 0.1712002 -4.5777006 -4.6059737 -0.028433267 0.0034000361 2.3228102 -2.1997674 -4.118876 -1.7489456 3.4436758 2.0659764 0.46086735 0.89429116 1.1722069 0.5236949 -0.59470415 -2.434123 5.117779 -4.034684
driverless 2.2955585 -3.6290088 -0.8798933 -3.150331 -3.4623737 -1.2038168 0.11400818 -0.23505622 -5.5851626 -0.8337942 -1.9772401 2.0052526 -0.98158664 2.311364 -0.16011165 -0.27585945 0.17725843 -4.1415844 5.524831 2.2677674
minivans 3.179171 -2.7987654 -1.9317961 -4.304743 -1.0585865 -3.016588 -0.7268136 -0.17300597 -2.1808333 0.23962177 1.4809964 3.8568413 -1.3707913 2.9974287 2.0286462 -1.3400195 -1.6282417 -3.009293 6.0347896 -3.313244
limousines 1.1186644 -1.9657176 -4.373638 -3.756919 -0.7427456 -3.0908437 1.6058289 0.9240672 -3.426013 -1.9035369 0.71080357 1.3400346 -1.1771748 4.585347 3.337323 -0.9925407 -1.0782694 -1.6038551 3.3172646 -1.959908
moped -0.3627952 -2.0886025 -2.0797837 -5.501338 0.4750735 -1.8108377 0.5333765 -0.45659256 -2.747845 -1.4938303 1.9877378 1.5376464 -0.9304455 1.8553487 1.7753497 -0.13065024 0.5339437 -1.1810831 3.7271109 -0.7224431
taxicabs 1.7480028 -0.47289148 -5.5895987 -1.9556886 -1.2767419 -2.2773616 0.9555494 -1.6201302 -2.954689 -0.14822699 0.021059113 2.923053 -3.2440975 2.9998343 1.9538093 -2.5205956 -0.9803889 -0.40953347 4.9303493 -0.2108303
snowmobiles 1.320101 -0.1155759 -5.164769 -4.794335 -0.81923795 -0.66540074 1.37037 -4.3756366 -3.2242143 0.23652402 2.626004 1.822779 -0.8438334 -0.021478048 1.525504 0.8253812 1.0320916 -3.8747284 5.391263 -0.8721993
dinky -1.0196851 -0.85783166 -2.47956 -4.991462 -0.2164201 -1.4260905 1.3417073 0.4514185 -1.7920145 -2.9953513 2.4280496 3.1164951 1.6767042 0.47754166 0.7360105 -0.34701946 -2.5847254 -1.9646462 2.3539014 -3.9680333
shorthaul 1.7785552 -2.528527 -4.574246 -1.5075828 -2.393089 -1.4640845 -2.481613 -2.6603634 -2.4323235 0.6540436 -0.5498545 2.140984 -3.1772363 1.5603415 0.35006186 -2.2963052 -0.86993736 -4.3483505 6.242992 2.4256911
runabout -0.19112208 -1.5999279 -2.3642035 -4.46998 -0.8203167 -3.1267717 1.8705256 -0.88809276 -4.4506526 0.19193402 2.5758164 2.7810946 2.819312 1.9067961 0.8967679 1.6245034 -0.4720136 -4.482834 3.9521704 -2.870411
tricycles 2.1665745 -2.6086268 -3.0721526 -3.4781506 -0.586388 1.6547508 2.1951423 -2.5707002 -4.4882135 -0.91207063 0.2535 3.2191021 -3.2519162 2.1596425 3.8118734 -0.52418745 0.7935389 -2.8888507 5.959935 -2.0568595
autogyro -0.1709387 -1.3198653 -0.6375343 -2.515037 -1.831838 -0.9528893 2.7452261 0.7094259 -0.9473359 2.295845 2.4231555 3.2010322 4.152968 1.2394136 3.4713547 -0.7107392 -0.7235376 -7.074375 4.366345 1.1550179
dinghies -0.12941642 -0.121749245 -5.596633 -4.512255 -0.8338614 0.39906612 3.1663015 -3.2682986 -0.824864 0.9727095 2.9971917 1.692387 2.708936 2.139943 3.0937285 0.26897883 2.3974617 -3.9655907 6.2515903 -0.9063838
turbodiesel -0.76001364 -3.8524182 2.142627 -5.2014546 -1.3196008 -3.6845286 -2.8768108 -0.068517976 -1.449579 2.9247358 1.3919094 5.169247 0.0026050764 2.7049417 2.7721925 -2.7265663 -0.63079727 -4.8509994 5.567355 -1.7068263
hillclimb 0.22902478 -0.6354613 -4.8609557 -2.3346567 -2.1271198 -0.56746495 -3.3787112 1.3147278 -1.7119262 2.7867358 1.0502659 0.9427284 2.6194904 0.56674427 2.4656854 0.95839965 5.286916 -4.114974 1.0612172 -3.879598
catamarans 0.8195601 -0.76303566 -4.4493065 -3.6739254 -1.6016861 0.2991057 1.0116311 -2.3587446 -1.1520411 1.6957892 3.6558356 4.342927 1.7525486 2.898916 2.0350132 -0.34220582 2.57373 -5.483724 6.057992 -0.75339997
mechanicals 1.6184698 -0.8918387 0.3093467 -4.540313 -0.97715247 -0.58598435 1.6321827 1.7269317 -1.8482224 0.060176507 2.021836 3.8687012 1.5851722 2.4737146 2.0815842 0.2853993 -0.70305383 -1.3490186 4.861171 -3.361128
powerboat 0.695165 -2.0912218 -5.177026 -5.058308 -1.8341873 -0.783927 -2.046913 -0.9424835 -1.4069145 3.0742745 1.9851835 2.8653622 1.7329443 -0.15242106 2.7415023 3.2677696 3.0939462 -5.6521845 1.6187418 -1.4518701
unibody 3.51557 -0.9186736 1.4490417 -1.9165463 -2.6094234 -2.428884 -0.90469104 1.4719642 -3.9790075 1.2991893 1.0991548 4.573422 2.8779879 4.9894056 2.2815533 1.9592831 -2.6417375 -2.2128057 6.7861047 -2.8575804
dragster -1.0283883 0.79009247 -1.3562814 -6.1144924 -1.2136703 -5.0043173 0.08188584 0.044311713 -3.9201734 0.9360541 2.071686 2.6718402 1.9162074 -1.247318 2.4442184 0.99251646 2.241141 -3.4423468 4.109474 -1.9807066
mopeds 0.7576438 -2.4766371 -2.4028087 -5.498555 -0.1348301 -0.5147837 -0.4416727 -2.1904085 -1.2912762 -0.17688128 1.3880967 2.8715723 -1.83862 2.6969755 3.2280807 -1.1867044 -1.3332082 -2.178473 5.572118 -1.9585973
unleaded -1.9857895 0.17356174 1.4454803 -4.5083256 -1.6475186 -4.9065104 -1.7281162 -0.1933333 -2.0907435 3.2115955 0.9179202 4.220518 -2.6624608 2.1647804 2.2289112 -1.7218752 -0.6612577 -2.1455626 6.9879603 0.22030047
bilevel 2.152063 -1.1662726 -0.6788682 -0.18165043 -1.5333564 -2.826813 -0.32520723 -1.7237638 -5.248594 -1.0776563 -1.56036 1.9750792 1.0082746 1.3434817 3.7175283 -0.6707789 -0.12159483 -2.5207236 5.707759 -0.6304055
roadsters 2.3346875 -1.545264 -1.2609147 -5.0875235 -1.3393143 -3.0501263 -0.8239925 1.0368227 -1.152725 0.7323355 2.3378174 2.9127653 1.1300445 2.9997468 3.0637321 -0.44255245 -0.03829499 -3.5326648 4.7395577 -3.6913593
onroad 1.0224802 -0.9715924 -1.6036348 -1.8116946 -2.499744 -0.9646052 -0.8511547 -1.3682352 -3.4918835 1.1171381 -0.91789234 3.1368294 -2.0302224 0.36942226 0.5537656 1.733381 1.8824953 -3.4520326 6.3854346 -2.2080674
motorcar -1.4279137 -0.73294985 -2.1477067 -2.7203615 -1.4662273 -0.75287443 -0.036872827 0.1343614 -1.9994755 -0.9079356 1.8202273 1.4343673 0.63891786 2.9526076 1.2134917 0.5371181 -0.27219653 -4.1092043 2.823847 -1.2706681
trimaran -0.35892335 -0.6290551 -1.8930533 -3.2848425 -2.0890653 -1.0312206 0.12287997 -0.63806725 -1.4877335 1.9469644 2.8203592 3.2627184 3.9804866 1.6839812 1.189352 1.2726843 1.6536543 -5.100509 2.3643463 0.294902
grandam 1.3519483 -2.7133214 -2.787283 -4.5556283 -1.3459775 -2.2518353 -2.3120613 1.2331326 -2.648783 2.0831535 0.6686593 1.0318605 1.1265799 -0.56065774 4.611497 2.7247002 2.943218 -4.3669906 0.59961045 -2.4331367
combi 1.3755525 -2.8830547 -1.2222699 -4.3125744 -0.8912887 -2.4064364 -0.32889584 -0.9210164 -2.3493476 2.1485038 0.67848825 2.240052 1.7706217 1.7433938 2.863286 -2.088987 -0.0059463833 -3.004177 2.8346796 0.06838784
scrambler 0.9108494 -1.6235666 0.1682201 -3.3367214 -0.5269378 -2.6193366 1.6449785 0.58932054 -3.27848 0.2763204 1.2298033 2.9342864 2.2160978 -0.36737648 0.8125906 1.1224959 0.7509391 -2.5227866 3.2614415 -1.9396191
hydroplane 0.3695972 -0.8520068 -3.1160688 -3.7548053 -1.0681857 -2.8179526 0.11398593 -0.66341543 -2.5177128 2.046991 1.7970407 2.1638336 1.9506701 -0.16831225 2.4587736 1.8649073 3.081743 -4.175754 1.5964794 -0.87097985
bodyshell 2.0846176 -0.73472667 1.0684416 -1.6058139 -1.8115565 -2.637438 -0.39494264 2.1059437 -1.4569204 1.5583848 1.5394077 4.1760283 1.6683291 4.9311028 2.7550147 -0.2501813 -0.9134866 -2.2880898 6.136734 -2.9424608
sailplanes 0.50024927 -1.4689325 -0.9577333 -2.9679892 -1.3487709 -0.0057412353 0.65439457 -1.2274591 0.28568757 0.7541864 1.5236434 2.8819594 3.1072876 2.2606237 3.385542 -0.62549806 0.22394904 -4.5566626 6.0109677 0.73523474
superchargers -0.44265652 -0.6436107 2.2157574 -2.5818658 -1.1329879 -1.3823576 -0.12520516 -0.9362215 -1.7195861 1.6085666 1.233476 3.2743347 1.0835241 1.9353938 1.9388665 0.3603146 0.2852805 -3.2034328 6.8838453 -0.5416766
sidecars 0.13802229 -1.5953302 -1.2931231 -3.8229856 -0.15736844 -0.8299206 -0.6238233 0.016403064 -0.55577034 -0.32528424 1.479671 2.0663068 0.2537268 2.3988843 3.4318805 0.6535716 0.26028463 -2.2227435 4.8475404 -2.4050426
hatchbacks 2.4062345 -2.4665158 -2.0015285 -4.8144317 -0.70721006 -1.8918995 -1.2760528 0.6599986 -1.5771533 1.1511852 1.6519394 3.6555665 -0.12725763 3.1847212 2.5431547 -1.8468916 -1.5886142 -1.6025537 5.218161 -3.8371136
powertrains 1.5741459 -1.3332336 0.97184587 -2.9159358 -1.6195993 -2.5149379 -1.2685069 -0.15764043 -1.3239638 1.250504 0.7317016 4.4587274 -0.4616936 1.5988425 2.7392344 -0.4858728 -0.5371409 -3.4906526 5.299315 -1.514052
sportscars 1.5197158 -2.3832498 -0.4942468 -4.386994 -0.86678714 -1.5343363 -2.729794 1.5072398 -1.1676643 0.18248016 1.7240778 0.7980863 0.2050632 1.9970345 3.0077152 1.1974798 0.88812566 -4.23716 3.698636 -2.3201735
supermini 1.8392482 -2.2120447 -0.6466584 -4.905235 -1.3677558 -0.76008964 -2.3970397 1.7027761 -0.70082504 2.0824263 1.9851992 3.574169 -0.21512182 2.0756967 1.8334341 -0.80328757 -1.1510848 -2.1539316 3.3905282 -2.2115014
lemans 0.85359085 -2.593994 -0.3526194 -3.8813334 -0.38992447 -3.2457607 -1.739577 1.2773159 -0.98723835 0.71989936 1.5009693 1.9831582 1.8726 0.5896983 2.2734778 0.4925115 1.0366963 -3.367478 1.27055 -1.9899604
driveline 1.0613431 -1.1156884 1.5477078 -1.4712111 -1.1903354 -1.7127533 -0.6335539 -0.39095017 -1.996968 1.6812172 0.14366408 2.7742014 0.7001495 1.3705798 2.1669717 1.1380936 -1.2715378 -2.8500824 6.096949 -0.855638
monohull -0.20117657 -0.8444611 -2.1515212 -3.0131466 -1.4293272 -0.67201513 0.115700506 -2.1836495 -0.7513579 1.8547027 1.9015727 2.5125785 3.0290892 1.891553 1.5842323 0.82289577 2.744974 -3.6066837 3.5127587 -0.14098646
racecars 2.8747091 0.011016385 -0.70015526 -1.2377913 -2.1798644 -0.15763153 -1.3739587 0.15089622 -1.410801 -0.017353404 1.351622 0.9829568 1.4833871 1.709517 1.9396036 0.9172078 0.88601494 -4.049777 4.153005 -0.21658558
polestar 0.8510255 -1.7971783 -0.46982118 -2.3891022 -0.59447336 -1.9320887 -0.87219 0.8141846 -1.6859673 1.279285 1.3864022 2.9440787 2.184689 0.35545537 1.7187939 0.85040075 0.23794375 -2.2049618 2.407472 -0.21726361
superbikes -0.4649735 -1.7157804 -2.217236 -3.7644122 -0.7321019 -1.5778564 -1.9612335 2.2188542 0.0519205 1.7041637 1.4503676 1.3296942 1.1560941 0.8439391 1.830653 0.5807829 1.244418 -2.228806 2.1838663 -1.4399531
motorhomes 0.58336437 -1.0418992 -2.2931206 -3.2107086 -0.79812664 -0.3341213 0.6183059 -1.2194076 -2.185361 -0.4287748 0.96235216 2.388145 -0.40790665 1.3307023 2.3625636 -1.0871432 -0.78130454 -2.0147307 2.96456 -1.7172153
sportster 0.20066497 -1.7946895 -0.096576326 -2.7790658 -0.4834244 -1.7444512 -0.31288663 0.6339154 -1.3870916 0.57400566 1.3874855 2.2146437 1.5489997 0.9835387 2.095261 0.6578332 -1.0370995 -3.0819995 2.7044327 -1.7228343