Centroid_36 -0.07749549846354159 -0.7971909708020831 -0.6438079821449999 -1.1996180868541666 0.9353507382428655 4.781808209739584 0.09094706522864586 -0.22467554544791654 0.8332991268177087 -4.563956852447917 0.533354938953125 0.008704656458333326 -2.0359815885833323 -1.2737828410572916 -1.4490205671770828 5.484058250468746 0.2670986326770834 2.573134316526042 3.118433775536458 0.5834835537322919
like 1.4330944 -2.8308635 -0.57889813 -4.768461 1.776255 2.4376552 2.2380297 -1.8914281 -0.33030742 -5.5330353 -0.20197548 1.5133696 1.1104853 -2.3846562 -4.046487 3.5791438 -0.45156124 5.163062 3.7477722 -3.6467783
become 1.1620421 -1.3406249 -1.4619303 0.053127248 3.139306 1.4668527 -1.8376007 0.57553244 1.1608508 -4.8785305 3.6663172 0.31572828 -3.2535741 0.5943159 -1.480693 6.2957764 -0.43562162 1.9278667 4.6951804 0.64835316
working -0.3691812 0.25161946 -3.0485008 -1.3661361 -0.62375385 2.4552796 -1.565151 -0.4923828 0.73325896 -9.798207 0.57431877 -1.130421 -1.3352634 -1.4236077 0.8974777 5.0869446 -3.01088 -2.7437096 5.587704 4.0278244
living 0.30841494 3.9549913 -4.340906 -0.42142287 1.0885495 6.429844 0.17346837 -6.1411934 2.6637607 -7.832438 4.0525804 -0.8467455 -4.0817747 -1.3942622 -2.3793263 0.911329 1.6160954 2.5238252 -0.2638512 -0.4510952
personal -2.3924491 -0.61901855 0.13732025 -2.8692489 -0.12450048 2.146883 -2.756748 0.9469925 5.1990476 -6.753969 0.41613668 -0.27590874 -3.761727 -2.4858627 0.14174917 8.041846 2.5082564 -0.8206176 -0.9422349 1.6167567
helped 1.4659461 0.4570932 -2.033661 0.08945527 1.491254 1.1850548 -3.3631103 1.5043408 -1.3664025 -4.2566075 3.3127406 -2.2306063 -1.6962632 -0.8302347 -1.2880868 9.725168 -0.7977517 0.61761117 3.6032948 3.6060016
continues 2.822593 0.032622766 -1.0892721 2.014504 0.21138132 1.3591698 -0.78789425 -1.2774858 -3.94582 -7.074949 0.9875272 1.4711561 -1.6717072 -2.880395 -5.140843 3.701106 2.0046663 1.0432936 2.7102585 0.48809767
learned -2.0765486 -3.276885 -0.6470599 -0.63503903 3.0944986 4.4036117 1.9816468 -1.3332112 3.2746625 -10.148046 2.293661 -1.3180072 1.6206739 0.82040745 -1.5887616 6.4111905 0.98065263 0.43543744 2.6277006 2.6062279
interested -0.27905598 -1.0445333 0.041765403 -1.0317433 0.9798182 6.282844 -1.4690851 0.2985635 2.929964 -9.267476 2.318321 1.7554083 -2.5461116 -1.603369 -1.539371 8.113175 -2.284748 -0.62610537 3.9311075 2.666173
amongst 2.5661447 -1.8690823 -4.1762686 -0.48005113 1.105168 3.7114098 -0.43688795 -1.7529752 5.234529 -3.2104461 -0.9605803 -0.4578466 -2.6034958 0.14499503 0.027554082 2.8525255 -2.1626563 3.0648386 2.9140594 -4.2662144
learn 1.2323785 -3.2448368 -0.221511 -3.367289 3.2367048 5.4034796 4.023588 -2.2133617 -0.36519527 -11.5690775 2.752095 1.5615985 -3.8622875 -0.88416713 -2.4767973 9.815128 5.0099406 3.1522713 4.4364295 3.7334137
helping 2.4377787 0.69971395 -2.0747352 -1.8328264 2.4093242 2.5585344 -1.2223179 0.9511443 -1.610475 -3.2416394 3.9704359 -3.1283615 -5.4000115 -2.1095324 -0.08034856 9.17672 1.5995698 1.1893548 4.5596433 2.7093894
encouraged -0.7162838 -2.0766764 -1.7530906 0.3339131 1.9896743 4.5864925 -2.3812304 -0.021313678 1.4682647 -8.690218 0.7591969 -1.5608122 -3.2012615 1.0526716 -1.9283196 9.13629 -1.802849 3.0182538 2.7193942 3.0214229
enjoyed -2.0798664 0.26313153 -4.0183196 -2.684538 -0.52220255 4.1904197 -6.9906707 1.9483933 6.1393228 -5.885768 0.37115383 -2.5783503 0.09234791 -0.7770911 -3.353006 6.114093 1.3942441 2.6596115 5.5255566 -4.29456
understand 1.9160756 -4.832168 4.70875 -3.0959227 1.8223381 5.7005167 3.1434577 -2.5935843 1.5948107 -6.981078 -0.027464056 2.4533203 -6.132303 -1.8055869 -7.513341 12.307488 2.653849 4.2902107 4.196389 2.1435022
pursue -0.8646023 -0.7471705 0.91750485 -0.34042823 3.059186 3.256475 -4.3198028 2.8494844 0.23123004 -9.925935 5.0664377 -2.8247812 -4.504032 -1.3811544 -0.8804733 10.54527 2.5548449 -0.64309794 5.4169226 8.00257
tend 4.018123 -0.9090696 0.912058 -0.25634488 3.7886567 3.4257972 1.4512401 -8.515892 2.1129456 -3.0765204 0.6149094 2.1378996 -4.8185806 -3.2786393 -3.9872139 5.7708807 0.5385389 6.0598216 9.964364 -3.2221816
devoted 1.002031 0.08162275 -2.3616538 0.30987948 -3.996365 7.3628607 -1.661263 -1.4258399 6.061149 -8.31201 -3.243684 -1.5327436 2.0939472 0.3947478 -2.9971793 4.724581 -1.0734496 0.9604749 0.026421715 1.6461256
teach -0.11775622 -2.2031128 -0.609077 2.7935698 3.869715 6.6797743 1.8071369 -0.91328967 1.2610371 -11.625582 2.8011181 3.236181 -2.0906026 -0.47769263 1.7736174 6.8733215 5.4072013 2.4271162 2.4631827 6.772083
familiar 1.9785582 -3.1014135 0.17662504 -1.4924486 1.0860877 3.6934528 2.9830718 -0.66988176 1.8349823 -6.2919574 0.15410367 3.3993278 1.3256308 -0.61443204 -4.91083 5.0132885 -0.9062349 3.2588627 4.1647286 -4.05405
impressed -5.3110147 -1.950678 0.3888637 -2.2197008 0.8975784 1.8922634 -1.8175054 4.050989 1.837354 -5.9496427 -0.1359882 -2.5055873 2.6087806 0.39845985 -2.059554 7.9680033 1.8945844 1.4378314 4.9762573 -0.9450986
accomplished -0.40515897 -3.1314871 0.21802814 -1.861717 0.65253025 2.5850837 -1.344331 -1.3121932 2.8381083 -4.0012126 -1.2734623 -1.4551759 3.6911426 -0.42610887 -0.13213435 6.7563844 1.7674137 0.5887039 4.557345 0.087345794
enjoy 0.80204105 1.9414543 -4.840583 -4.591303 -0.2083887 4.575774 -1.2859427 -1.4087343 -0.17945202 -7.5206585 0.9441583 0.39537647 -5.0664654 -1.2735273 -4.514054 6.8451076 4.919857 7.4820647 4.668327 -1.5647974
healthy -0.14238988 5.4747386 1.1588346 -2.3616338 1.3862919 4.501739 0.5679047 -6.4877524 0.6829999 -3.3820174 1.6528456 0.41750032 -7.9323936 -6.7397394 -0.45895556 6.081197 2.7412322 4.8098955 4.8661327 2.3659825
explore 6.604643 -0.5634665 -1.2824333 -2.0749695 -1.649732 6.190448 1.748579 -1.2965713 -1.6502445 -6.2125845 1.9838307 2.049057 -0.080936104 -3.6175044 -6.840549 9.348997 1.2302952 0.5548526 2.655364 2.4679613
promising -0.38953286 -0.86846364 1.1483246 -3.6430767 1.5540875 0.27869657 -2.2420356 2.0512972 2.9985437 -2.7261343 2.57439 0.2279247 -3.635968 -1.4054255 0.29484496 6.1903057 2.2464695 0.4630443 3.1863914 1.210609
challenging 1.8987297 -1.7642255 0.7557243 0.07361835 -0.00089872687 1.2395351 -0.030571435 1.034098 1.2303644 -1.1594099 -1.3116353 0.41617754 -3.0502174 -2.470748 -3.5351348 9.435816 2.282923 1.2998028 4.7796507 -1.9191283
attractive 0.49647298 0.96407336 -0.8478091 -3.6982706 0.85659325 5.971055 0.63636786 -3.6661623 -1.2098556 -2.7567236 1.7927437 3.7980394 -2.8964398 -1.375584 -1.9492908 5.597819 0.39379418 3.3811507 5.793229 -5.3916564
everyday 2.8842301 -0.060007244 0.30272254 -2.7626257 -1.0756572 8.407251 5.042182 -1.8802431 2.9133213 -7.9250407 0.674889 3.293838 -3.3394947 -1.7877865 -5.1451287 4.1718063 1.4449999 2.6756992 4.057729 -0.24808215
respected -3.5154572 -4.1800866 -3.0570807 0.38010174 2.743136 6.8475685 -1.3912371 1.3278573 7.1663694 -3.9455395 -1.2316595 0.18308225 -1.2298101 -0.8000598 1.2094064 7.277088 -4.1676607 3.3319132 0.8291917 -1.8182089
keen -4.7221174 -1.2941111 -2.3570478 -1.2787396 2.1813822 5.5019794 -1.478807 2.8241758 2.1036959 -4.708143 3.7758117 1.634172 0.11936575 -0.34071764 -0.1892811 9.63283 0.19844712 -1.2411951 4.7927566 -0.8529646
skilled -3.3423417 -2.9696684 -2.7445152 -2.2736247 4.016755 7.4658027 2.6152303 -2.8820949 3.455602 -3.532507 2.3914907 0.19802576 -0.22798292 1.2944586 3.6615942 9.623153 -2.9550374 -0.14831118 9.48959 0.023996374
talented -2.1270287 -2.4460545 -0.25676975 -3.6739025 5.0849895 7.3946733 -0.48762557 2.969638 4.0409946 -6.249928 2.8981767 0.50057775 -0.43526524 -4.5132794 5.5373907 6.9005523 1.0300567 1.6011426 5.792866 -3.4779239
pursuing -1.3444328 -2.5301657 -0.44770274 -0.25450605 1.7920392 3.8706856 -1.8525661 -0.123705044 1.4416355 -5.1410193 0.9322645 -3.7951217 -2.2518368 -1.9297519 -1.7927232 8.321708 0.6497229 -1.0362055 3.749556 4.485927
engaging 0.9094058 -1.788202 -1.1329969 -0.6140247 -0.08533169 3.4866853 4.789795 1.26824 1.7625412 -2.9856348 -2.2317646 -2.6895258 -3.5775096 -2.4786553 -4.325239 7.294064 -1.5921694 1.983304 5.4603705 -0.19540429
encouraging 1.6624768 -0.25304103 -1.0431292 0.20563489 0.388638 4.107205 -0.46005148 0.86269724 1.2376451 -5.124491 -0.35768247 -0.721789 -6.786412 -1.6068169 -3.3463495 7.831103 -1.3307079 3.779282 4.547125 2.8248272
lifelong -3.6902869 1.6961923 1.7024633 1.8840657 2.2888184 7.4883957 -1.8515438 2.8286154 2.9240317 -7.1955714 4.5046926 -0.5176482 -1.6952051 -3.2427597 0.7766893 7.727756 -0.79622203 -1.2454152 -0.6741225 1.8540264
tended 1.7620722 -1.2422881 -0.15367995 1.9671546 2.7944016 3.7350836 0.72581655 -3.1828399 3.5078337 -4.1146727 1.53128 -0.27459568 -2.6114159 1.7594324 -3.6758392 5.503619 -2.3552763 3.156371 7.3211217 -2.9704041
suited -0.29995608 -2.1795 -1.3118635 -3.7756057 -0.26811343 6.109391 -0.929856 -4.222233 0.83286744 -1.5325279 -1.5428529 2.0871756 2.189984 -1.3359951 -2.7688627 7.9410696 0.29196596 2.092985 10.722815 -2.8296854
concentrate 0.7355306 -0.5343028 0.4301691 -1.9678401 0.8898059 1.6809766 -3.763054 -0.872765 -0.8606323 -4.7389426 2.5580325 -1.4204539 -0.84988517 1.9157193 -0.89007866 6.1668777 -0.19397093 0.3104481 8.046498 4.648481
gifted -4.2253046 -1.5242037 -0.35058933 0.24875511 1.9470814 7.3934617 0.61239403 -2.52992 2.6316888 -5.79465 -0.9641587 1.9732276 -0.18384846 -1.6809351 4.2555285 6.7580905 3.2497458 0.98748624 1.0842232 -1.5448933
prefer 0.7565741 -2.6930542 -1.541041 -3.1721551 3.5894806 1.7335182 0.7031936 -6.7931175 0.90094 -4.6124163 -0.33539852 2.7916327 -3.6460721 -2.0519068 -3.845227 6.379491 -0.15203446 7.5078683 5.465978 -2.53154
practicing -2.6370296 1.1857215 -0.60635406 3.872097 3.1593015 3.5833611 0.74630463 -2.557423 3.2603035 -7.9764085 1.3814787 -1.6172876 -2.0056214 -1.9589388 2.659744 4.844661 0.9246553 1.5875634 0.6985665 5.5636516
deaf -2.907993 0.55513376 -1.7620244 3.6876748 4.1654015 3.1838765 3.5683768 -1.2399743 2.3275862 -8.305362 0.506226 1.6890128 -3.2739472 -5.4653983 1.6880268 2.4589896 1.6414295 4.391159 1.5499219 3.670968
alike 1.7654012 -1.4183084 -3.6393793 -1.1540741 1.4946152 2.8925805 1.2895932 0.1850208 3.3912005 -6.0911703 -0.6717998 0.16501336 -4.12256 -1.6194375 -2.0680208 6.1610136 -0.730452 5.046725 3.3041892 -3.1832907
adapt 2.5997083 -1.5290799 1.0256943 -4.532035 -0.5485585 4.4452057 -0.31136194 -0.96719146 0.23180829 -4.1947002 1.2615294 0.881717 -1.5512751 -0.65143275 -4.0709443 8.828655 -0.71832407 0.91684777 6.9401565 1.5499488
encourages 0.6325799 -0.89003795 -0.27092353 -2.4574327 0.5634059 5.374891 0.9174093 -1.1297512 -3.6803305 -6.68202 -2.3592227 0.43242306 -5.463477 -5.0979695 -2.2645533 10.137776 1.206173 6.0693035 1.2652909 3.2732742
enjoys -2.9806154 0.20168713 -4.548827 -3.9430573 0.35024655 6.961218 -2.0411644 -1.0225798 -0.8718376 -4.551467 -0.77971625 -0.21019681 -1.1520147 -5.091971 -1.3153418 5.317074 2.875806 3.698004 3.19012 -1.5125208
educate 2.5953853 -0.23280346 -4.9540825 1.4827862 0.8261805 8.260637 1.9212093 -2.2373974 -0.8485386 -8.7941065 -0.042586077 0.4529827 -7.6533723 -1.7216619 -0.10534645 9.647826 0.45478195 3.7883782 1.7861029 5.632091
neglected -0.625383 1.3644984 0.5986832 1.2711983 -0.9556412 5.1416683 1.1184057 -3.0670447 2.1766777 -3.9847205 0.9921917 -2.163528 -3.0561934 3.2439854 -4.33511 4.5485225 -1.2518646 0.011242433 1.8766376 -1.4808648
casual 0.7636309 0.95536625 -1.3870225 -2.3677845 -0.0011964415 1.1301377 3.6769505 1.8766892 -1.4610608 -5.807615 -1.3932685 3.560326 -4.358742 -2.1458058 -0.18779545 4.926919 -0.7488298 4.735393 6.203304 -3.4260545
supportive -2.2316797 -1.2492251 1.1883101 1.9856145 1.0270392 3.8955896 -1.2101684 0.6307636 1.454515 -4.403874 -2.8350894 -2.6574383 -5.6377397 -2.1876016 -2.3596704 6.6196537 -4.106364 3.1393197 3.0232944 0.62314594
embrace 1.3486344 -0.15336773 2.041491 -0.4854705 1.8738477 4.4726787 1.074378 3.3022032 0.2285481 -4.9069448 1.9507941 -0.43189436 -2.1532354 -1.7975385 -5.4913855 5.219351 0.5843474 6.6580944 2.1001928 0.6707455
guiding 1.0481187 -2.7846992 -1.8992946 1.7528615 0.10473924 2.748944 0.9031327 2.1986268 0.3160954 -1.3140413 -1.813782 0.09073555 1.9646152 -2.373192 -1.1745816 6.759712 1.6816256 0.8436446 3.9258826 2.7819927
avid -4.1390953 -1.8880365 -5.010117 -3.7414117 1.2619689 4.65211 -1.4082386 0.7163173 0.8002857 -7.4894505 0.52536 2.791009 3.6775723 -6.5882277 2.8598247 8.341815 -1.9402084 -1.0807676 0.2628105 0.48103416
enjoying -1.2164136 1.6491798 -3.8696485 -4.3954525 -0.30999148 4.5164084 -2.9294722 0.55921113 1.3837751 -5.3856263 0.98881215 -2.6263518 -2.2411475 -1.1085448 -3.4005964 4.0814867 2.8661745 4.3995137 4.4030166 -3.0863237
collaborate 2.57791 -1.8042426 1.8699826 -4.63663 -0.5285734 1.6723087 -1.6500725 3.6023874 -0.44694373 -8.98087 -0.517223 -1.4799507 -1.9697326 -1.3822553 1.0795245 5.088617 -3.24221 1.5251589 2.236214 4.61898
inspire 3.1956656 -1.5151616 -1.9151286 -2.7879593 0.41818693 5.77073 0.584917 4.1019716 0.48011044 -7.60608 1.3619988 0.735445 -2.4801247 -2.5224495 -4.0825076 9.206828 1.1643071 5.0050554 3.068465 2.9181833
caring -4.2901387 2.5532725 -0.66278404 -1.185255 2.0297472 7.9383707 5.0350423 -3.0407095 0.24150993 -5.7362905 2.1204562 -2.3140087 -6.4234157 -2.5098124 -0.3661852 7.2695007 2.1993067 1.9735051 1.4302043 0.16688682
evolve 7.6388836 -2.1497533 2.7941828 -2.4621055 0.64685416 1.504843 -1.8164412 -1.8393594 0.8331557 -3.5276358 2.3601534 1.1588715 -0.40416625 -2.415483 -4.920893 6.626903 0.18635356 1.4808298 5.6567597 1.8536829
inspiring 0.39880493 -0.17643496 -0.97008854 -0.81651866 -0.08620381 4.852064 1.3594608 4.306432 3.7621238 -6.344939 0.38767576 0.8352902 -0.44488832 -4.0102115 -3.3874743 5.4884567 1.1700606 2.6119611 2.854182 -0.77944016
relaxed -0.076882385 -0.22236331 1.4727788 0.80964017 0.86959803 1.7029727 -0.8536393 -0.008984743 0.8210841 -2.7884004 -1.0201788 1.058786 -2.3516853 0.61578643 -3.5886602 4.7630525 1.3596743 5.85979 7.651534 -0.6279103
learnt -5.072587 -4.4999886 -1.5808715 -1.7840148 2.140276 7.403553 -0.39930212 -1.4969877 3.179568 -8.01359 1.1106217 -0.79373056 0.9656624 2.2748423 -1.254336 1.505773 2.5880086 0.5697494 4.524279 1.0434785
aspiring -1.4165058 -3.7515345 -2.6348631 -4.1616454 3.0043125 5.9149766 0.7006191 2.6348455 0.51682854 -8.728562 1.1192478 0.5310114 -1.7760859 -5.2519445 3.3836434 5.395585 0.37360045 -0.24170318 0.93346393 0.04743469
preferring 0.2262067 -1.6835675 0.040943764 -1.2367038 2.9268346 2.0916781 -0.7601022 -1.6188426 0.18502004 -4.2794595 2.0310194 0.35148785 -2.1781409 1.4244115 -2.4952946 6.3933597 -0.47032845 4.5131826 4.753943 -0.5045837
acquainted -4.3928704 -2.8924627 0.78095436 0.20866823 3.1776109 7.043034 -0.33296853 0.9417442 2.736165 -7.3980145 2.9896848 -1.6102233 1.2551264 1.1224804 0.550984 3.130351 -2.9010692 -0.6471502 -0.4742714 0.46889874
excelled -2.522608 -1.7493869 -2.721841 0.67881966 2.2559752 7.1187234 -2.9597502 -0.80789155 3.6110234 -2.9358425 -0.47891793 -1.8632895 4.4678826 -4.2491155 4.508938 6.0838804 5.013608 -0.10924345 4.124336 -1.911272
arranging 1.0506785 0.20197438 0.60316676 -2.2885358 -1.1788808 2.2813919 0.60823023 1.4337966 0.637661 -6.918676 -0.94002706 -1.6064359 -1.255074 2.674037 1.7861464 3.3154206 -0.65416193 1.7831683 2.9926353 1.340661
cater 1.465819 -0.20265746 -6.5680885 -1.4853618 -1.7203873 6.1823273 -1.4522778 -4.2983494 -2.7197232 -5.9056892 -2.9232216 1.5820819 -5.215985 0.49303243 0.40906146 1.352922 -0.31100768 2.87073 6.847557 -0.37024754
inviting 0.8188256 -1.3817601 -2.2327936 -0.7424178 0.8194134 1.2229527 1.4781873 3.3440561 -1.7936686 -6.9681845 -1.2551879 -0.9834469 -2.9806278 -0.14380077 -1.3625621 4.3494925 1.073274 5.8664627 -0.036318075 1.2722486
appreciate -0.69061786 -0.74362475 0.9968594 -3.1782382 0.0737942 5.4712377 -0.022037245 0.9133212 1.7405885 -6.0449734 0.83516717 1.5137808 -2.8258114 -0.3105769 -5.7697167 8.31523 2.5276654 4.8277645 4.0141997 -0.7580087
discouraged -0.98909795 -0.8581355 -0.67160714 0.6434787 1.4456604 2.5306084 -0.27787685 -2.1360855 2.89022 -4.318448 -0.5089595 -2.5697682 -3.8140254 1.3100067 -2.9206378 6.040483 -2.9286854 3.4541383 4.1507845 0.8904272
devote -0.79086065 -0.26863912 1.3130677 -0.92981887 -0.60790205 5.1956716 -4.0284076 -0.4114151 2.814194 -10.557663 1.6537678 -2.7148395 -2.6364942 4.3269773 -1.8346616 7.8101854 2.2808545 1.0316164 3.4320595 6.176251
geared 1.3436992 -2.7484014 -1.2592415 0.15768917 -0.40712452 5.1703467 -1.5949959 -2.0902376 -2.1455011 -5.1094046 -2.3761022 -0.10704391 -0.4247436 -3.6792684 -2.850487 3.3313591 0.10551745 -1.3416758 11.246734 0.5240576
privileged 1.4916872 -3.1498897 -0.33728415 0.57631415 2.1737468 5.874111 0.0065794094 -1.9950043 1.6462003 -2.5369656 0.32451716 1.7762142 -5.6770525 2.1491413 -0.7915068 5.882239 0.71481353 3.882626 0.5851388 -0.5781987
educating 0.52887154 1.0507683 -3.6222062 2.6759408 0.08804663 8.572309 1.3468513 -1.4706125 2.1991994 -6.915712 -1.0343343 -0.65747666 -6.450277 -3.6792114 0.2120578 6.4255996 0.40011403 1.6444058 2.4595263 2.9819765
fascinated -2.2576442 -0.96369094 0.37391728 -2.9034822 0.9935069 8.16061 1.8461707 0.4504994 2.3284702 -6.8334436 3.4752328 -0.07822628 4.2556324 -2.270666 -3.637676 4.1576295 -0.51098305 -0.4894097 1.1016055 0.23011935
entertained -2.7634377 -0.7658811 -6.5577455 -1.3406105 -0.054705225 3.0108128 0.14520961 1.0407364 0.9771985 -7.609435 -1.2230351 -4.209191 1.0218049 2.4084668 -1.4677494 3.9226015 -0.29561475 4.017678 0.09458474 -2.6027339
formative 3.4902716 -0.84712243 0.8416118 2.210831 0.37293434 6.0377936 -4.1763406 -1.4816557 7.0994744 -7.494269 2.9469113 -1.0415715 0.5613225 -2.477025 -1.4402663 1.9472752 0.9512802 -4.4025083 1.7498821 -0.5313981
unfamiliar 1.3115189 -3.4544485 -1.435657 -1.0873545 1.5181773 2.9054952 2.4522078 -2.7009714 1.4675308 -4.6887965 0.043786734 1.3184446 -1.5414131 -0.8119403 -5.303125 6.0399384 -0.5056041 1.9935284 5.3172565 -1.8892035
entertain 0.6339095 -1.5732293 -4.764437 -3.542408 0.90439737 2.8115187 3.3108675 2.387919 -1.3190397 -8.836097 0.40902305 -0.94067824 -3.1587594 1.3936226 -1.4260081 5.156676 1.3301026 5.2019906 2.561608 0.114444405
commonplace 2.1063771 -0.76893806 -1.6687394 -0.5170946 -0.44794595 2.1533332 1.4666715 -1.9429126 3.854001 -3.7763977 0.13077615 1.934883 -1.0197898 0.9945844 -3.4051085 3.2617185 -2.5987258 1.5767682 4.9712358 -1.7161449
welcoming 1.4314163 -0.24935354 -3.6652708 1.1594235 0.35457793 2.7965715 0.9653556 3.2800744 -0.6122692 -4.8106146 -0.80883634 -1.4582179 -2.3986495 -0.19393922 -2.4948947 3.3678076 1.6745449 6.3392735 0.12395643 1.5399692
handicapped -1.7769554 0.124143474 -2.6395497 0.8686133 0.86308056 4.258384 3.6047142 -4.2939334 -2.4899035 -4.2855206 -2.2223234 -3.601403 -5.523557 -0.5852454 2.393023 4.3189635 2.678524 0.5776452 3.2119882 0.51960474
cultivate -0.0411261 1.0367109 -1.923994 -3.2879543 1.3799582 8.965553 -2.2177606 -4.8082056 -0.7079122 -2.156726 3.5893962 1.1565495 -3.8584838 0.41342664 -3.0608025 6.7063193 -1.8077242 5.4470024 1.9966308 1.9335855
entrepreneurial 1.0264354 0.6820852 -0.6820249 -1.7388333 -1.4398427 8.124649 -4.182558 1.918243 -0.5662149 -3.479572 1.5494245 3.3553586 -3.9890416 -4.824586 1.065035 7.748439 -2.3733706 -2.0982478 3.0797713 2.994884
fostering 2.69011 0.004021203 -0.19900349 1.3052396 -1.3261137 10.183034 -2.5648973 2.4009953 0.84939367 -1.2559307 -1.0728459 0.3137164 -5.206361 -3.803952 -1.6166084 7.7109976 -1.9299504 2.848611 2.7137516 3.9405184
newfound -0.8486395 0.9882068 1.2011153 -2.6033244 1.5540768 4.3273234 -0.66859037 3.5166621 -0.2932126 -2.9326112 4.4361978 -0.1953686 -2.7331417 -2.3060002 -5.450806 7.4582314 1.1847321 3.4093122 2.0180206 -0.07608689
emulate 2.045449 -3.7442412 0.97294044 -3.8124576 0.98371994 3.477754 0.77720165 3.2967803 -1.3265357 -3.8181946 0.59380865 1.123323 0.8683475 0.6379052 -2.1438258 8.077801 -0.8348664 3.3784776 4.767594 -0.0035769364
youngsters 0.16950372 1.5610932 -1.8351332 -1.8258505 2.787378 5.286253 1.1296458 2.3139143 0.20335844 -3.7602367 2.927043 -2.5633595 -5.731466 -1.8089267 4.0141654 0.8578703 2.5944824 1.8651718 5.571095 -1.7294054
fostered -0.38531217 -0.82953596 -0.90209514 0.59459203 -0.3331308 8.361694 -3.64761 -0.32609653 2.429344 -2.984273 -0.7842102 -2.021685 -0.8761458 -1.3400068 -2.6870923 5.390194 -3.792638 2.006346 0.88612884 0.19587246
stimulating 0.84704554 1.4799569 4.642855 -1.356804 -1.3360146 6.5504375 -0.66732955 -1.3752928 0.8489682 -2.355198 -1.7995012 -0.8970465 -2.0786226 -4.6952477 -2.796714 3.0703068 -2.0869968 2.4995995 5.2258983 2.2284532
richer 0.43596423 0.55462563 2.1947157 -2.4815707 1.1600399 4.6011014 -2.800471 -2.8007364 1.0831238 -2.858884 3.4845557 3.9371262 -1.9394999 1.1873792 -2.7454314 2.436946 -0.42103776 3.1137369 3.3973055 -3.8406491
accustomed -0.87187487 -0.8191112 -1.6650364 -1.2489456 2.7742386 3.9511552 0.95222306 -2.137964 1.9170017 -5.1587033 2.885477 -0.03737491 -3.4042077 0.9619362 -3.6911016 4.642457 0.88622326 3.3954473 5.591278 -0.97762066
tending -0.87390745 1.1492033 -0.81148046 0.67535937 2.357751 3.7206442 3.1381996 -5.376498 -0.26307708 -2.7604132 2.3537796 -2.0036209 -0.8480612 0.18905605 -2.4453452 4.16994 0.6681879 1.9313684 3.5806217 -0.8522957
imitate 0.8121938 -2.7938914 2.0107899 -4.021002 2.431842 5.129834 4.195655 0.23951076 0.8867977 -4.7420783 1.029702 0.5642853 2.9699318 1.0888615 -1.8688046 5.936119 -0.7883893 6.0071297 4.91211 -2.0571613
strive 3.0242138 -1.4043945 0.24640404 -0.8104419 1.174146 5.895672 -0.9587698 0.52442205 0.67353034 -2.5621905 0.7069436 2.2769186 -4.344074 -0.9989261 -3.1445417 8.89327 3.292103 6.8594112 3.1450753 2.9622319
empower 4.0452356 -2.176949 -2.8841543 -0.937407 1.6435628 6.0714273 0.7108434 -0.04287208 -2.4331274 -3.8292737 -0.6161513 0.39882267 -8.214216 -4.691209 -1.3344262 9.517257 -0.9806867 6.058224 1.5236562 6.1323996
motivational -0.7733978 -4.0628734 1.3590816 1.893931 1.6967711 2.4410713 2.7557325 3.51199 1.269968 -7.1929255 -4.97999 3.7431118 -4.276052 -8.247215 3.1421058 6.0481987 -0.42890388 0.90214187 3.0564587 0.733266
dedicate 0.7072773 -0.22738348 0.27678904 -1.4261084 -0.49034777 3.5371807 -1.6871116 0.44415736 0.26501733 -8.217473 1.131242 -2.491749 -1.2800863 2.6981437 -2.0886788 5.762076 3.25691 3.0652914 -1.197738 4.2267666
strives 2.039481 -0.23516625 0.068317354 -1.1258103 -0.24616328 7.344605 -0.77393943 1.5740919 -2.3777833 -2.6468809 -0.08162002 2.490802 -3.4523659 -3.659041 -2.1257133 7.4050765 1.5785111 4.7622433 2.2591062 4.167653
budding 1.4332659 -0.3589719 1.9541416 -3.165034 2.1500795 5.3929777 0.009408398 -1.4174699 -0.050814595 -4.5627384 2.621527 -0.2126628 0.21568991 -5.1499653 0.435979 3.064563 -1.0983576 0.43360767 1.696596 1.211285
rewarding -0.06104068 0.28723624 1.8160917 -3.5138693 -0.7749476 3.417097 -0.3293784 1.2524676 3.0182083 -3.6442087 -0.16317973 1.3401188 -2.6047497 -2.191281 -2.8320394 6.7729506 1.9941006 2.348182 5.0297914 -2.1427917
esteemed -3.7739213 -2.1938925 -1.475893 -0.68027514 0.6025651 6.9677734 -1.0277828 0.09725495 6.288592 -2.7751434 -1.7531458 0.30041704 2.6590004 0.8758275 1.816168 4.5793056 -1.7374389 3.3661206 -0.9141453 -2.2587335
matured 0.09683533 0.3374857 2.0247643 -3.457465 0.6961667 3.4142249 -2.5700662 -2.6336854 3.17101 -4.352397 2.3232822 0.59502727 0.8732258 -0.6695726 -2.112034 2.294354 -0.00293057 1.2618821 5.239451 -1.3802946
striving 1.5888147 -0.6054028 1.0064069 -0.055093084 0.67270845 6.437006 -1.2800754 1.44898 1.873953 -2.374331 0.9142525 1.5617154 -3.6687644 -0.7667334 -3.8701832 7.5689616 2.750014 5.314922 3.2193043 1.4031556
receptive 0.34940824 -1.2634741 2.8883622 1.2212508 2.4446507 3.2074196 0.25107726 -2.275114 1.3884984 -3.8205054 -1.1417614 -0.19344826 -2.1198792 -4.1472864 -2.8876498 4.4369893 -0.31717825 3.9374542 4.561539 0.15776421
welcomes -0.17925604 -1.3586947 -4.4473343 -1.9829974 -0.6225357 3.4772217 0.23208615 -1.0914742 -2.496172 -6.3868217 -3.658524 -2.3176112 -0.98891604 -1.5836359 -0.6886963 4.216206 2.901455 5.638641 -2.6228807 1.0000801
knowledgeable -2.3899963 -3.1539946 -1.0143746 -0.45483747 1.720475 6.140753 3.213027 -1.5744431 3.7513032 -4.155554 -0.5459653 2.9619727 -2.975195 -1.0121145 -0.21651529 7.829157 -0.9018699 0.7621361 3.0545337 -0.10153695
empowering 1.6422294 -0.44296503 -1.0931964 0.32596833 0.6296695 5.5457273 0.9910996 1.9954456 -0.20649134 -3.5258076 -1.5531701 1.3278123 -6.6197414 -4.4556513 -2.3671532 6.713448 -0.601316 6.185625 2.27119 2.2886229
cultivating -0.2733748 2.3345091 -0.89619684 -2.499691 0.10546523 8.948193 -1.6219233 -3.7572122 0.41022348 -1.370261 2.8221064 1.2132202 -2.5038483 -1.2478563 -2.4334326 3.8102458 -3.1333408 2.9954543 2.363118 0.8337398
furthering 1.4686759 -0.697434 0.421414 0.6126105 -1.1381652 6.383733 -1.9607176 1.4206914 2.0745249 -2.0732946 -0.76417416 -1.059965 -1.4271415 -2.0807307 -2.9151032 7.3541284 -1.3643535 1.424555 1.6409602 3.223865
grooming -2.0577774 2.537893 -1.1040632 -2.375697 1.7753336 3.1938107 5.153732 -2.716952 0.19963142 -1.7627797 0.17173721 0.52997524 -3.9668517 -3.8178666 3.319534 4.625989 1.3493711 2.8525786 5.29215 0.25441968
motivate 2.7018654 -3.1582685 -0.09443234 -2.271078 1.4767356 4.309693 0.353876 -0.3149143 -0.9074875 -5.377871 -0.59443986 -0.8458537 -5.3691883 -1.8696867 -0.7224182 10.061009 0.8939778 3.0965219 3.2749035 2.6005452
enrich 2.5574002 -0.07580311 0.013449708 -2.8502953 -1.5569973 7.460269 -1.1715 -1.9370409 -0.2313249 -3.469396 0.40008247 1.7899723 -2.919732 0.34657747 -2.3402197 6.223953 -0.47429875 3.2522397 1.0007857 3.8447738
invent 0.060680274 -1.9406433 2.6777852 -3.3115087 0.09830488 1.4645114 2.084952 0.886694 -0.027417151 -5.8166413 1.0422926 3.6338563 1.8280554 1.548754 -2.5602145 7.869368 -1.8972706 2.3132598 3.3491237 0.927099
boast 0.32307854 -0.24392878 -3.2800956 -1.8203155 -0.5165183 2.873434 -1.5398695 -1.3661861 0.61401975 -2.0213459 -1.0883663 -0.26461485 -0.045117624 1.291835 -1.7642297 3.44184 1.120386 4.332267 2.4086668 -3.9418337
nurture 1.9208506 0.76266026 0.48823914 -1.556648 1.0333371 8.121643 -0.3729806 0.1259274 0.016784865 -3.509195 1.9880705 1.8296216 -4.000689 -4.241973 -1.251971 7.9908905 1.6683224 4.2147627 1.1640801 2.3165746
minded -1.0259047 -1.4741584 0.6424431 0.38902062 3.1020746 4.103434 0.604326 1.3974018 1.3728617 -3.0553355 0.27342686 0.2940338 -2.96107 -1.0139357 -0.8124425 4.769256 -3.1567857 4.977846 2.9586394 -2.404996
teamwork 2.8173368 -1.497327 0.39992452 -1.0801053 -0.12644823 5.280047 1.3150423 3.8960342 -0.29338765 -0.43259323 0.074240305 1.0743672 -2.5798962 -3.167285 0.87904316 9.803206 4.423231 0.4167244 6.0227237 2.1769166
partake 2.244037 -0.41592067 -3.2494147 -3.069134 0.3886047 2.4982998 0.9668999 -1.0969046 0.31371817 -3.7031171 -1.6041682 -2.5146892 -3.380068 -0.2745153 0.15027651 5.19026 2.9865885 7.002655 1.1177661 2.4805486
healthier -0.43228132 4.013318 -0.035731297 -3.5033524 0.9593458 4.3092847 -2.2148347 -4.281949 -0.47427198 -4.190952 3.271571 2.6005733 -6.843979 -3.8772182 -1.9191136 5.1698995 -0.19638824 3.8044395 5.389557 1.54365
nurturing -0.08573418 0.9964266 0.121108815 -1.2278781 0.7843751 10.4267435 1.2137287 0.597 0.6886012 -3.2003355 1.5979798 0.69550335 -3.7839484 -4.5762606 -0.3523695 6.0777736 1.2074945 2.492104 2.9831924 1.7291583
relaxing -0.47533056 2.41212 0.20383576 -2.0770633 -0.53554475 3.677987 1.4372193 -1.1380624 -3.3213801 -3.4402611 -0.13451912 -0.3575115 -2.088532 -1.4119306 -2.8931336 1.8907164 3.2524483 4.4888077 4.2694297 -0.1286467
aspired -2.0541627 -2.8084419 -0.7084286 -1.0981758 2.7827764 5.1755104 -3.8030996 1.0463651 1.8526185 -4.6344666 2.0265572 -1.251985 0.2208109 0.008832629 -0.44200543 4.8919096 -0.58040696 2.0140343 1.7499744 1.147209
aspire 1.2704943 -2.3323789 -1.8984327 -2.0400455 -0.050466664 3.0833714 -2.0504782 1.424511 -0.03263223 -1.8296769 -1.0339379 3.055696 -1.7898593 -0.9782399 0.17042743 4.432059 3.2378407 4.226034 1.5743989 1.9222729
hone -3.788383 -3.1893458 -1.1348372 -0.39840156 2.9937618 3.909959 -0.16645831 1.4600027 -0.61935836 -6.11758 2.011775 0.5289515 2.1354594 -0.55472 1.2587998 5.2730002 1.0112399 -1.1252358 5.062116 -0.7648354
impart -2.125991 -1.4050994 1.4294468 -1.1802069 0.16294797 6.2277727 0.53852177 -2.9804525 -0.93811125 -1.050395 -2.191867 2.2973657 1.1624144 0.3866464 -1.938331 6.0705605 1.7974503 6.247681 5.000387 2.1025958
popularize 2.6095517 -1.5510854 -0.6069621 -3.4967878 0.9066429 5.6573663 -1.6048348 3.6703923 1.1966003 -3.948332 2.8537266 1.840638 1.6960859 -3.04861 -1.6013528 5.796778 -3.4149587 2.9018054 3.2059362 3.6307762
assimilate 3.0625181 -3.6362534 0.19328946 -0.77247036 4.621702 5.737962 -0.26573303 -2.8547204 1.4893706 -1.9471123 3.3848596 -0.37040856 -4.158035 0.121993184 -4.5142736 5.6681547 -3.5389931 6.1386366 3.475788 3.3320897
inspires -1.0622977 -0.95250154 -0.12320532 -2.403122 1.0016052 5.557018 2.3401806 2.3876517 -1.8753389 -4.6896324 0.18049383 -0.42122474 -0.7626834 -4.1519084 -4.5035615 6.2968097 2.3529522 5.2275705 0.26014763 0.7766024
desiring 0.13095927 -0.9623915 0.07201738 -0.46028882 1.7174813 3.00088 0.35139057 -0.35311154 -0.4434834 -3.239828 2.3951428 0.00545177 -2.7124972 2.0335953 -2.7159123 5.401516 1.1769917 3.8958132 -0.15983023 2.4995286
nurtured -1.3442032 -0.046939455 -1.2391356 -1.2917473 0.9273727 9.042494 -1.3705608 -0.07942056 2.0488613 -3.7180839 1.435133 -1.0507925 -0.08834094 -1.9037181 -0.519867 3.683073 -0.5379906 1.915401 1.3152249 -0.0964383
tireless -2.767281 0.16706905 -0.9765931 1.2747539 0.45996752 5.3080783 -0.7259636 2.9291148 3.1499097 -2.5713446 0.8356495 -2.6 -0.12116161 -2.1609583 -1.345796 7.8147597 -1.3956074 -0.32135025 1.1848844 1.0758708
motivating 2.253811 -4.028575 2.3086596 -0.08049346 0.9117424 3.9820309 -0.42826974 0.317122 1.111011 -1.5956309 -2.1564472 -2.2575326 -4.3418856 -3.205194 -2.622111 8.458057 -0.004977291 0.4639001 4.0678325 0.6942926
venturing 0.9249576 -1.0090353 -5.2514005 -1.902864 0.12540537 3.1163204 0.67156655 -1.2828166 -1.210177 -3.3927486 1.0291011 -0.942354 0.12795468 -2.4346216 -2.980216 2.6134186 0.6565553 0.40974826 2.8967302 1.2416136
betterment 0.47516856 -0.37077388 -2.4422934 2.0578656 -0.3873266 7.4116673 -1.9768971 1.9773248 0.32660642 -1.5333308 -0.04577629 0.79746383 -6.144434 -2.81995 -2.4162567 7.191422 -0.17855075 2.426351 -0.26019865 3.6119585
honed -2.5739186 -1.6644586 -1.5286006 -1.4573119 0.6180553 6.344692 -1.388793 0.40964702 1.0072883 -6.130869 -1.8729314 -2.3047938 5.793236 -3.437241 0.79341835 6.042655 0.16216354 0.579033 7.808115 -0.4029605
reconnect 0.94219106 -0.7516767 0.2921814 -1.4384367 1.8369924 3.1799712 -0.253095 -0.7618333 -4.782273 -6.10422 2.7410145 -3.1575294 -2.7300565 -0.99991417 -3.7624035 4.4486685 0.80525994 1.602475 0.6461087 0.70222425
indulge -2.2279007 0.7287995 -0.63454425 -4.68661 0.2570311 6.352028 1.891567 0.8225008 -0.35160348 -3.693005 0.009930001 -1.2688242 -3.3295488 0.06729907 -2.75644 5.434903 0.28377348 6.3253236 2.4599776 -1.8052261
uninterested -1.8939478 -1.5008672 1.0938473 -1.3060172 1.4284928 2.9315684 0.07538694 1.3518214 0.628584 -5.6527734 1.0383596 -2.0348918 -3.2205298 -0.2987048 -3.0982995 5.4370704 -2.0892806 0.7167039 2.5326924 -0.89577883
wholesome -2.4138246 2.7496922 -0.4700502 -2.448696 -0.6881447 4.846432 2.1476438 1.6663492 -0.38320333 -4.0556154 0.39771995 4.527469 -3.8708172 -3.3927824 -3.6390827 3.85407 0.6777884 5.450838 2.9417045 -1.1743938
improvise 1.8562461 -2.8747976 4.037637 -3.5478325 1.5205741 2.2473872 2.7050772 2.4902234 -1.7391434 -8.298744 -0.4050676 -1.750246 0.23918796 1.3435725 -0.24086356 3.2660449 1.5852019 3.5063145 7.7079315 -0.5801343
tirelessly -0.057560675 2.0297124 -0.31798488 2.2739275 2.4711993 3.6199787 1.9364 3.4433088 2.2732925 -6.1905513 6.6759257 -0.3230487 -5.434243 0.80900925 0.73544645 4.390989 -0.71993643 -1.9396923 1.608718 4.180991
savvy -1.7673683 -1.893861 0.40035653 -2.8708405 1.2449665 2.7572408 -0.18935324 2.8513482 -0.80759466 -4.379989 0.30856565 3.1235228 -2.8484151 -4.6954284 -1.2990721 6.093277 -3.0038981 0.44051862 3.8706393 -1.7332973
instill 0.28887856 -3.2159393 -0.7702444 0.12174768 1.6380584 8.326181 0.64059 1.2709814 -1.1838989 -2.2161589 -1.2389419 -2.172923 -2.177629 -1.3152033 -3.7475564 10.248766 0.47515354 6.67887 1.444307 2.6607552
untrained -1.3668606 -2.5596247 -0.81772053 0.32672146 3.3495243 2.643758 5.126589 -3.103801 2.9182768 -2.9870806 0.40375072 -2.5129952 -0.9745313 1.1743152 0.5322274 4.043915 -1.6956774 0.71024305 6.6150136 -0.33547005
mindful -1.2168745 -1.0914406 0.15686862 -0.36831722 -0.39116132 3.7889292 0.42848206 0.44665954 1.1340764 -1.4787692 -0.8903985 -0.9910825 -2.1245089 0.55475664 -3.9459612 6.5455484 0.6605124 3.0496874 1.2057394 1.3950877
enriching 1.5731611 1.1476183 0.49799323 -1.2048951 -2.4391425 7.389393 -1.6415309 -1.3007799 1.1603018 -2.5255737 -0.7872398 0.5020162 -2.7814472 -0.31131107 -2.6467905 4.1397333 -0.6393424 2.1833036 2.0870793 1.1865652
attentive -3.1869457 -0.68817836 1.4683863 0.34406087 0.9694991 5.872907 3.2042584 -0.6200405 1.701991 -4.6325684 -0.27862024 -0.05569115 -1.8245369 -0.15333317 -2.267148 5.746648 2.020055 1.9512225 3.453369 -0.5876052
menial -2.10447 -0.9041278 -1.6865273 -1.4604475 2.424871 4.089191 3.692838 -2.6713967 0.8692616 -7.7753787 1.4474404 -2.7097442 -5.4139915 3.632388 3.1380887 4.0515995 -1.6436626 -0.13969067 5.6929 0.9357386
enterprising -1.8407813 -0.7123757 -3.019033 -1.4170116 1.0903082 4.0812125 0.079268105 0.50729376 1.4018451 -3.5253441 2.7150447 1.5264686 -1.769843 0.17321038 -0.07084208 4.5802546 -3.0295963 -1.1546793 1.7454895 -1.9059359
aspires -2.0219402 -2.3918383 -1.0627557 -2.6160693 1.9455781 5.6829076 0.2026098 1.667819 -1.3555254 -3.5905046 1.0800351 1.4135363 -1.6838804 -4.3576097 -0.90168554 5.0511813 1.6297559 1.6883807 0.6602583 1.4100952
reinvent 1.7599789 -1.5157604 1.2161924 -4.163188 -0.3840309 1.7731051 -1.1651543 4.376853 -2.784588 -4.803334 1.3282044 1.0999451 -0.6569 -0.079854764 -3.753515 6.1652756 -0.37748545 3.070613 3.6897235 0.593506
excels -2.125128 -2.5072243 -0.19179787 -1.9081006 0.90845525 5.346755 1.0879679 0.9674745 -0.1700432 -1.963674 -1.8175011 1.5075852 1.3006481 -4.393422 -0.04574779 4.7974696 3.1344354 1.5208944 4.350005 -1.9757922
socialize 2.846402 0.14360754 -2.4228036 -2.7968633 1.8809587 4.3415637 2.0864377 -2.4972022 -2.8654041 -7.941748 0.37610286 -2.141802 -5.334063 -1.5818933 0.67104554 4.9065175 1.325246 5.8331013 1.6261982 0.13940752
camaraderie 2.5362155 0.33533895 -0.10936763 -0.6403543 1.5544116 5.5574417 1.6311024 3.7020917 0.9541506 -3.4410021 2.1585526 0.31432498 -2.9084349 -2.3432388 -0.27120543 5.4487433 1.3587533 3.363215 3.1478362 -1.2341605
socializing 2.1875343 1.777187 -1.8206294 -1.6314431 0.41637874 5.73012 2.5290995 -0.95307523 -0.6723688 -6.5804567 0.321784 -1.6998814 -5.203155 -1.9057527 0.7880495 2.9223018 0.7076364 3.3450246 2.4103286 -0.2925759
hospitable -0.7130277 1.255328 -2.2424397 -0.87065387 1.0984426 7.0240064 0.24401768 -2.7736778 0.8171944 -1.3680137 4.0594306 0.6300208 -3.092306 0.030355398 -4.7135096 2.5252767 0.40822178 2.5037336 0.4057648 -1.2047112
socialized -1.8297887 -0.044937678 -0.44359854 -0.07813625 2.3523047 4.9013395 1.0178654 -2.731338 1.8734804 -4.609729 -0.002560568 -0.63312864 -2.932962 -2.1958451 0.55255085 4.220685 -2.916428 3.5555427 1.1688136 0.8222429
excelling -1.0067265 -1.3952236 -1.2864959 0.16168295 1.2358584 5.285403 -2.1687362 -0.69765675 2.7366087 -1.8229543 -0.66041535 -0.33615798 1.7326558 -3.2005272 2.7300622 4.154672 4.7458076 0.47129607 3.7099895 -0.27117276
dabbled -3.1184313 -0.8622231 -0.92774 -3.066754 -0.75765854 4.643986 -2.502891 0.82906246 1.9249431 -5.0370574 -1.7202512 -1.8425972 2.5645237 -2.8038933 0.9500261 2.0819001 -2.9421043 -0.103032455 2.4797802 -0.17165641
honing -0.644959 0.15452637 0.00010705116 -1.917968 -0.16651575 4.886071 -0.7935593 0.5839074 0.6373674 -6.092704 0.21775694 -0.78956914 3.7476318 -1.7396338 1.341174 3.8548834 1.1399981 -0.020610025 8.196932 1.1710967
appreciating -1.634181 -0.8221383 1.3997498 -3.103154 -1.1227351 5.72528 -0.23414089 1.2329403 1.6725088 -2.1945326 -1.1052425 1.291848 -1.4767538 -1.36537 -3.9118915 3.7102644 1.4183191 3.3407836 2.1724794 -0.9343658
enticing -0.51729155 -0.31490195 -1.2703449 -3.395824 0.5246704 1.4824466 1.1478207 0.29960024 -0.9254724 -2.2528315 0.79121894 -0.06349932 -2.2502646 -0.39396673 -2.9679697 3.8853743 -0.3401872 3.2742631 2.408661 -1.2911965
frugal -4.2907186 0.41561213 0.22403947 -2.7660236 0.80660117 5.582054 0.2450507 -0.8782935 1.2662129 -3.1142423 2.6205006 2.6921191 -4.4121456 1.9052486 -1.127314 3.7842088 -0.82709545 0.9881933 2.2080204 -1.7410573
mingle 1.4142805 -1.0063683 -2.6437786 -2.72552 1.4002318 3.5020354 2.1783504 -1.2544357 -2.1908212 -4.426076 -0.49480963 -0.7268815 -1.555983 -1.3153738 -1.2849178 2.021039 0.41004232 6.230147 1.1523864 -0.89092433
housework -2.7135937 1.9872848 0.72435653 -2.1944199 1.1987573 4.633419 2.263566 -1.8160307 1.4242266 -5.6062474 1.9016038 -0.01960671 -6.50921 0.69277525 1.8254976 2.8658478 0.9189422 1.5843822 3.349432 0.33030233
strived 0.71572644 -0.870962 0.7345167 0.1306965 0.67310864 5.1446323 -1.9915031 1.503555 0.43570036 -1.6478294 0.72921956 0.2728333 -1.6618056 0.72341555 -0.90687627 4.246601 -1.2419012 3.107049 2.9080882 1.7337633
instilling -1.6665558 -1.1994238 0.1495342 -0.09221842 0.99638987 7.546797 -0.69494414 0.5629988 1.1425954 -2.0080361 -1.0483474 -0.47266337 -0.8394599 -2.4612765 -2.4298422 7.4262156 0.68079144 5.1971407 1.7957767 1.4691309
endeared -3.1452274 -1.3527383 -2.1703331 -0.7629604 1.4224924 4.677914 -1.7606865 1.252889 1.3904938 -3.368613 -1.7474954 -3.6210172 -0.30242994 -1.52184 -1.9245437 4.4294176 -1.348607 4.5079503 2.1896193 -3.6207795
rediscover 2.1900399 0.172004 0.13443874 -2.7182565 0.08737886 5.204388 -0.4165302 0.7242897 0.03530636 -2.8061588 3.628214 -0.57526255 0.610489 -0.4187043 -4.309217 4.3976173 1.8726776 2.5518887 0.13148296 1.2216711
openminded -1.4331293 -1.2221067 2.242238 0.90862817 2.2377012 5.5137734 0.43758106 2.400084 1.8655031 -4.1066117 1.3468602 1.6988428 -3.3051734 -2.0314329 -2.785428 4.1846523 -0.9508222 3.3431551 1.9352573 0.10582245
enlighten 0.767997 -1.184496 -1.1096544 -1.0165458 -0.56219697 4.968271 2.4112396 1.6473846 0.6312435 -3.5014446 -0.83396703 1.7931826 -3.432095 -0.8527958 -3.5120015 3.399973 1.1577821 4.8471394 -0.114176445 3.4566758
assimilating 2.4627326 -2.3014374 0.5514103 0.5306639 2.00597 5.781122 -0.52296245 -2.133553 2.0010638 -0.70750344 1.7517583 0.11195163 -1.3662106 -0.65770984 -3.6756368 2.5315716 -2.5583076 2.766246 2.3860397 1.0488675
congenial -1.8265359 0.3787939 0.84946126 0.42866346 0.6747728 5.5529766 -0.38227746 0.041033003 1.3324618 -3.148413 1.8825594 0.888469 -0.52610815 0.09896877 -2.7256448 4.6027045 -0.062725954 1.5905689 1.0386018 -0.39480907
sharpen -0.5222461 -0.8493933 0.789573 -2.1302118 1.0099756 2.4157722 2.3511302 -0.89657843 -0.85366327 -1.8920833 0.17334129 0.9269626 1.7781633 -0.8284904 -0.21573068 5.094915 0.874748 2.6588717 5.28838 1.0870712
infuse -0.13877709 -0.5889164 1.6526657 -2.9125707 -0.52553296 4.430014 -0.018750867 1.3185136 -0.97426885 -2.142936 -0.77405584 0.8843929 0.2748271 -1.3441161 -3.003514 4.223971 -0.6323166 4.8247604 2.5665536 1.5798488
familiarize 2.087964 -3.233423 -1.6856652 -1.4695408 -1.142949 2.879293 1.4844892 -1.2985959 0.3229703 -3.792581 -3.1543431 -0.4195365 0.27686077 0.34347308 0.06333694 4.2605004 -0.046048515 1.5281612 2.6055899 3.9324794
labouring -2.239154 0.24701828 -1.5959182 1.3533664 1.0607973 5.0246224 0.28682256 -4.2447567 2.4096246 -4.0744314 0.86304533 -1.0419662 -2.2781177 3.3255715 0.26475796 2.5781972 -0.11070289 0.7266065 3.6116602 -1.0737077
popularise -0.020502629 -0.96943974 -1.6310283 -1.9420885 -0.12803757 5.6887355 -2.2782333 3.0657396 2.061272 -2.024314 1.1130941 1.4207791 0.92766404 -0.42668414 -1.1887425 2.614159 -1.2370334 2.3923862 3.0659115 0.96164984
laboring -0.5652296 0.33444342 -1.2438633 0.48740965 1.6007422 3.3692002 0.58559555 -4.0239744 1.3845329 -3.7912805 1.3869702 -2.0903926 -2.195294 1.4032534 -0.92617255 2.2655482 -0.72904134 1.5742842 1.7053369 0.36195013
upliftment -1.0387448 -1.2679186 -2.458032 2.527868 0.3319735 9.247031 -0.0081740115 0.4910143 0.73827845 -0.8707435 -1.156423 -0.0664728 -7.145876 -1.4944634 -0.60107064 0.61822903 0.53521246 1.9795549 1.7896854 0.8736648
cultivates -0.4082014 -0.04182303 0.18560816 -1.962145 -0.30145875 7.4114842 -0.5643663 -1.7200394 -0.54174227 -1.249734 -0.8739458 1.4474857 -0.1542588 -2.747472 -0.6320197 2.6643662 -1.2382662 3.3326995 -0.3987782 0.6701735
juggle -0.86218613 -1.0782298 0.4781774 -3.3847787 1.0641556 2.1428907 1.3821712 0.31962633 -0.4010555 -3.3490407 -0.9137245 -3.086086 -1.7686553 -1.257914 1.2632351 4.771875 1.38603 1.8255315 4.2110724 -1.0413077
childrearing -1.1914147 0.58687633 2.385142 -0.28195938 0.331978 6.2089996 1.7413043 -2.4050612 2.8326051 -2.8652961 -0.43224454 0.51787364 -4.7603803 -1.2233157 1.1344017 4.1017003 -0.3871503 1.3686137 0.22321805 0.44660714
acquaint -0.95764863 -1.9468845 -1.4624029 -0.18164122 -0.40563425 3.4170268 0.79688597 -0.3747988 0.43700853 -2.5514822 -2.0053942 -0.6089743 -0.37156716 1.1186485 -1.044904 3.0859993 -0.104707696 2.7870762 0.15094805 2.2849512
inculcate -0.85819036 -2.3763926 0.5667965 1.143483 1.0415101 7.0444036 0.43363523 0.4126154 0.43969956 -1.7306176 -1.7784065 0.37672135 -1.9871018 -0.8484393 -1.2417504 5.2952757 0.8894462 5.184844 0.894259 1.9491124
socialise -0.37905708 -0.25171652 -2.766428 -1.7949498 0.7147059 3.8181329 0.57118 -0.71980727 -1.4929608 -4.9580984 -0.2658478 -1.2712746 -3.767554 0.7375265 0.35729796 1.8475657 1.3166375 4.3083577 1.7593861 -0.16143806
socialising -0.13406046 1.3317782 -2.01504 -0.9661992 -0.22259672 3.7391193 0.50739384 0.34337014 -0.50440174 -4.1113753 0.035341334 -1.2404767 -2.843448 -0.1895797 0.37511373 0.55291086 0.9259514 2.3016286 2.4629579 -1.3409764
gravitate 0.92252 -0.7720192 1.1473627 0.56975424 1.2036803 4.1559143 -1.4808582 -0.79129595 -0.9545911 -2.0975935 -0.008569224 -0.9517628 -1.5939494 -2.3935883 -4.035123 1.5148203 -0.48518366 3.3983006 4.563744 -0.89270335
nurtures 0.0082628 0.5273112 -0.14719786 -0.9024936 0.16841522 5.823039 0.21134569 0.032579996 -1.7128882 -1.4906979 0.38075784 1.2521812 -1.8436544 -3.4221435 -0.10453536 2.5437195 0.6174065 2.2372735 -0.023803342 1.0573992