Centroid_66 1.0140686134270827 -3.8552600324444466 3.9716383332013883 2.3575044726666685 0.5883699069002779 2.5314605799305547 3.8946455724999995 0.3610889719652777 4.976509726875003 -1.3174884045000004 -1.0332181449027777 6.902249852083333 -0.34626645685416674 2.1095158178958346 -1.3361885874513892 -3.0167884080763887 -0.46598759879166646 2.9765111214375004 0.36366739275694465 -2.6856229956041666
language 3.589206 -8.6985855 1.6667055 2.993598 2.2134695 8.526072 3.2849026 0.8627395 8.510041 -1.4357251 -0.91097355 13.131174 -5.5473037 0.007831704 -1.3987192 -3.0646248 -2.9646652 3.157406 3.1311631 1.4616557
word 0.8074839 -5.814337 4.0942707 -0.023273611 3.8953464 0.25951725 6.9518247 0.1505383 2.1131785 -0.1668293 1.6805035 10.70981 -1.3064772 1.9683859 -5.5095778 -3.1885116 -0.25098097 7.8600187 -0.95334774 -3.0545926
words 0.38058218 -3.848839 7.209372 0.27735385 2.6058805 -0.2236447 7.830562 1.9480102 4.0651374 -2.707435 -0.113064654 7.3882875 -2.5844867 2.8043222 -3.2932343 -1.3648033 1.6132106 6.7382503 1.316959 -4.6102924
meaning 0.5254108 -4.4923973 3.867987 -0.58421475 3.122883 2.4488125 3.5095773 -3.6311724 0.23925738 2.4762187 0.3875116 7.948696 -0.5260447 1.3353354 -5.590917 0.42437488 2.0388174 8.92924 -0.70628524 -3.6158834
languages 5.8714747 -8.066455 0.030064471 3.6802702 1.7078298 7.9850307 4.3568907 -2.1840074 11.022666 -0.139643 -1.7389625 12.886952 -5.2962413 -1.2043519 1.9067072 -8.067536 -3.404409 0.89207935 3.6165679 0.05927791
text 3.814864 -3.175287 8.048431 3.1365204 -2.8513057 -1.0882862 9.870991 3.0357223 5.397732 -3.0998535 -3.84553 11.123686 0.4785375 5.053071 -2.702446 -2.1234472 2.0345063 4.921659 -2.1694024 -2.6197045
letters 0.36064655 -1.7422801 2.8231876 3.9557202 -0.023962421 -4.545067 8.640669 1.8024634 5.517964 -6.260528 -0.11224853 8.071525 -2.0007343 6.307804 0.74782425 -1.4362715 0.24491017 1.7709527 -2.7936113 -0.325372
translation -0.39041728 -5.3375382 7.3803263 0.9506637 -2.3507874 3.1465094 4.33093 3.9680233 8.41088 -1.9840909 -1.9558452 8.823343 3.129395 4.749186 -2.0179806 -3.781388 -1.2847917 0.6618589 -2.603341 1.1081125
texts 2.9262917 -1.6121576 7.032496 3.812677 -3.080911 8.002404 10.166661 1.1553347 11.301368 -2.8398602 -1.9550107 9.4436455 -0.86892533 5.423045 -1.9098594 -6.021158 0.9923172 3.0614293 -1.621638 -1.3677111
arabic 1.1566098 -8.384371 1.0474681 2.0701807 0.94057167 7.6021266 5.9904037 0.7891418 9.215441 -0.89327985 -2.150983 7.9153285 -0.5028683 1.7632314 -3.4380767 -9.883628 -2.2834446 4.4221234 0.26613924 3.5619206
phrase 0.5918159 -3.547836 6.161733 1.0113723 3.0318527 -1.7075384 6.777862 4.11096 2.14621 -1.0189849 1.5406222 9.627383 -1.8906847 0.832607 -4.6241584 -1.0811127 -0.1826378 6.826398 -0.29109958 -3.7023625
verse -0.92291886 -1.2968109 8.348247 2.8297002 1.1348468 -0.735988 6.4029007 7.1929035 6.011037 -4.7700987 0.4359426 6.486774 2.87539 1.7965169 -3.9517672 -6.617699 5.369647 6.7254066 -0.29849425 -7.88238
dictionary -2.9252157 -2.2476342 2.4699938 6.1846924 -2.6472647 1.3634664 1.7273183 2.5463488 9.918118 -2.6641028 -2.296027 16.399693 2.9693277 1.4027437 -0.13575694 -3.2657344 -3.0467708 0.20916443 -3.045378 -1.5558372
hindi -3.2041 -8.535334 -2.1327279 -3.7998757 -1.6446937 6.7154427 2.555873 5.7158957 6.945665 -4.4368334 -3.4175584 9.191234 -6.3381343 -1.0719389 -1.7707279 -8.707732 2.0186195 -0.41249183 5.42335 -2.3238788
translations 0.43545055 -4.0746074 4.8814664 0.5388785 -3.05009 4.807426 5.4121475 3.4711943 12.329987 -3.2311704 -2.5838187 8.088227 1.7334177 4.673882 0.4519888 -5.917491 -2.4872916 0.42743677 -0.994526 -2.2241933
verses 0.5910573 -0.74781036 8.247889 2.5768373 0.5579869 1.0741456 8.584246 4.9357166 6.747783 -4.6824555 -1.7479109 4.1427984 0.23759426 2.1700215 -1.9087831 -8.811343 3.941781 7.4427395 -0.6856001 -7.7708383
dialects 4.689851 -8.279914 1.6643404 5.259068 5.189872 7.6792736 1.0418981 -3.990877 7.8285966 5.3250833 1.0030189 8.838597 -4.3899407 -0.7385909 -2.256806 -13.011573 -5.8233275 3.2826025 6.354764 -5.700198
spelling -0.84910333 -5.3455234 2.813791 2.488516 2.102621 -1.3618115 0.92955095 -0.24995294 4.3537483 -1.1906592 -0.27449906 11.574358 -0.3593056 2.21737 -1.0866879 -2.315325 -2.9384022 2.3955667 -0.024590967 -5.569036
terminology 3.1196783 -4.037808 4.2295914 3.908951 0.00046691464 2.9480288 4.3989224 -2.3024502 5.341403 1.6156279 -2.3740652 9.91817 -1.3047662 1.2773135 -0.96724486 2.0041904 -2.9734147 2.4471438 3.0847113 0.5790523
noun 2.7368097 -9.006031 9.395646 2.1060438 6.288794 1.1857076 5.812847 -3.8911905 2.3311782 3.5955212 -1.2755077 8.645013 -3.5535676 3.354444 0.81365156 -3.1986108 1.5091928 10.110829 -0.20841584 -2.9966998
hymn 0.8491222 -2.0494099 3.7372444 5.474467 1.9203186 2.0691886 4.5145264 6.2293034 5.0570774 -5.97012 1.1131859 4.7509637 6.0338006 2.4297285 -1.799301 -6.5191236 4.6862855 7.623589 -4.211314 -3.3647501
treatise -0.7571568 -0.3574068 8.986465 4.498373 -4.02467 6.843113 4.4309373 0.562443 9.977262 -0.07955106 -0.804595 6.9642644 4.064758 4.5952735 -2.395467 -0.7815857 1.0796922 -1.3617227 -5.9532638 0.20257702
phrases 2.6958816 -4.213057 6.582955 0.70496273 2.439482 0.5809643 8.693525 2.0248275 3.9182599 -3.2418172 -1.7023084 7.4048285 -2.8007176 1.3448371 -1.5970949 -2.9261565 -0.023216492 6.6635895 4.8461194 -6.3136797
vocabulary 2.5966282 -4.3220034 4.768042 2.6534839 0.6218255 7.2816625 4.046643 -1.5196508 6.3222156 -1.7703308 -0.6005241 11.761715 -3.2072883 1.8392622 -1.238644 -1.6667739 -2.108572 1.8120168 5.9882274 -3.1261814
variously 0.6935185 -1.3809347 1.4517077 2.3877485 1.9100815 1.1370006 4.6721525 -0.80124587 2.6613276 0.41360894 3.2620583 6.4020524 -0.15268604 1.3381003 -0.71265346 -2.1937227 -2.0621781 -0.15086998 -1.214618 -3.8104894
pronunciation -0.60594445 -7.9263945 4.5197453 2.8552096 3.9393365 1.8778039 2.8952293 -0.24841873 5.563179 0.13367333 0.005303981 11.248019 -2.9177623 2.4001043 -3.3937976 -5.5515833 -1.7330168 4.018454 4.6192923 -4.2129483
contexts 4.903198 -0.8144983 4.506357 2.8520544 -1.8608645 7.2378817 5.853189 -0.7636515 5.927061 1.0383692 -3.3760037 7.8105836 -4.518667 -0.439365 0.28271085 0.039541755 -1.8417463 3.804628 3.458902 -1.1790837
meanings 4.290634 -3.6069765 6.1020184 1.3259028 0.1292656 5.3969297 8.681529 0.13256904 4.9342294 1.2633355 -3.074575 8.043148 -3.5875788 1.1291848 -1.8513494 -0.7655612 -0.14216289 6.6926837 2.37177 -4.6500235
vernacular 2.5547085 -1.586852 -0.1231357 5.4173417 -1.0650369 8.68771 1.8415136 0.19427198 4.3101034 -2.5590734 -0.64841413 9.411156 2.1649613 3.3433754 -1.7491198 -2.1462781 -6.048506 3.5993252 2.0983808 -6.4399586
hymns 1.260414 1.6372508 4.5899844 6.0312696 -0.19091134 4.750763 6.1638365 4.05779 8.037518 -8.38202 -0.8517086 5.269965 1.8516564 3.6374536 0.7979401 -9.091837 2.4841583 8.140894 -1.6724447 -5.360194
urdu -4.210419 -7.8907437 -1.6606177 3.8098118 -0.35435438 7.560074 3.6032572 2.9606316 9.764959 -3.5445137 -4.7240186 7.8604527 -4.7612348 -0.43869895 -1.1874108 -8.433991 0.804923 0.47998056 3.110592 0.9346433
masculine 0.11272894 -6.8041 5.2511206 -1.5643073 6.0700407 6.2528257 4.483857 1.5893769 4.7562013 2.891725 0.22647788 5.3820386 -0.99669653 -2.4025378 0.6676549 2.4545069 1.2741777 8.893277 1.2083583 -4.7378244
commentaries 0.26114553 -1.1791185 4.112174 4.484598 -4.3570757 2.2659333 6.2810116 3.7108474 8.914243 -4.3411565 -5.7425585 4.548118 0.031851783 0.5610722 -1.4962761 -4.119442 -0.41521546 0.17212307 -2.1360765 -2.4436142
universally 2.0217447 0.017708886 4.6014037 2.3534489 1.4533671 0.22730689 2.579099 1.4732469 7.904392 -0.7637876 3.635715 8.346269 -4.33194 2.4545949 -1.0640992 2.2846692 0.9138796 2.0301144 2.0953138 -1.92448
literal 1.9547942 -4.6566243 5.5042796 0.25716087 0.57727706 3.0271177 5.008154 0.41456413 2.3230886 -1.8331711 -1.0118855 6.686783 0.7879952 2.217009 -6.262515 2.2757032 1.350693 6.864757 -1.3143635 -2.227561
descriptive 1.1500674 -3.470903 3.3991032 1.843376 -2.3678176 3.3942637 3.1213055 -2.896193 4.3843246 -1.1895678 -3.8368235 9.301025 2.49951 0.46468943 -3.8403194 3.8554022 -0.83542347 1.7676289 -0.15250967 -3.7962549
textual 2.4686027 -3.4855072 8.441914 3.3387449 -3.5662785 4.7482014 5.4135437 -2.7204597 6.939036 -2.3423553 -5.5411496 8.533192 1.9553053 2.2821467 -2.4609325 0.9243692 -1.4073604 1.9748389 -2.8286335 -2.767678
translating 0.5291889 -5.103167 2.9848206 -0.57227397 -1.1432213 4.8133025 2.413102 0.45639548 5.3719234 -4.962108 -1.830981 4.4272447 1.5496402 2.3423488 -2.343925 -0.22782287 -0.7829109 0.33209282 0.78747886 2.0209663
rhyme -2.0390294 -2.4201577 3.956404 -0.496269 0.73759574 1.4548784 4.075055 0.3935994 0.94489765 -5.722323 -1.3033143 9.184385 1.3872229 1.619257 -2.283865 -3.541846 2.7355523 5.308346 3.2311974 -8.574416
translators 2.881415 -3.8339393 0.76613116 3.828147 -0.029165566 -0.41475776 4.0100236 0.56134725 4.12767 -5.8831997 -2.1934597 6.1453233 -2.8303092 -0.12115721 1.8204703 -3.2560337 -2.9670906 -1.2972844 1.0665064 2.2519834
authoritative 0.26200786 -2.8934207 2.707025 2.7009275 -2.188112 2.7550719 2.8896697 0.39221495 7.4014835 -1.5616833 -3.6164951 7.4147716 -1.5345246 1.7308962 -2.0660114 3.215951 -0.9734338 2.244942 -1.7962277 0.25240576
phonetic 3.4868805 -9.865765 4.472615 2.0467362 0.5546817 2.864321 2.5178258 0.2512445 5.5019517 2.116182 -4.639929 10.583306 0.013579435 0.084731765 -1.9241272 -2.7688913 -2.512199 2.2595146 4.1413646 -0.7518019
adjective 0.94517326 -5.386756 7.1917706 1.8120811 5.275871 1.9353592 3.5573156 -1.3148184 3.2514448 4.2838697 1.8968302 8.911146 -1.2391695 2.4270754 -0.71084034 -3.2645125 -0.10972724 8.288928 -0.4183666 -3.8618534
psalm 1.9001178 -1.5036477 7.1166196 5.929947 -0.09855565 -0.076006606 5.862139 4.567893 3.347981 -4.8045783 -1.1052823 3.9970896 3.8831992 3.7884302 -2.059656 -6.0111327 5.1755843 6.2481375 -3.2008734 -3.6393502
orthography 2.3070238 -8.109694 5.4805636 5.8638616 2.523043 2.745074 1.8919495 1.2368069 8.126464 1.1388862 -0.49248353 11.456829 -2.3977406 5.1750736 0.09316438 -5.571582 -4.8086724 2.1396158 3.8810995 -1.0056825
psalms 0.78272325 -0.6209627 6.7699447 5.996754 -0.69931465 1.0774517 6.1401944 2.5933635 6.281351 -7.9369793 -2.1892385 3.9056165 2.6631765 5.645775 -0.38560736 -6.973296 3.005718 6.1303635 -2.2686121 -3.815104
dictionaries 0.9279162 -4.523341 2.4772625 2.0136504 -1.8081487 2.2242682 4.33234 -1.4190103 8.999685 -3.2802877 -3.1089773 13.066028 -1.7609308 2.931642 1.8646681 -3.9497502 -3.4569035 -0.026652783 1.8522886 -0.79012686
phonology 1.9658626 -9.129105 2.8630764 5.550117 2.6069913 5.0828424 1.3589929 -4.2979727 6.044086 0.4575926 -2.6151943 8.05914 -1.0394976 -2.4190674 -3.010826 -5.732537 -3.8892543 -1.0232437 2.1078417 -2.2345693
linguists 2.0347035 -6.498748 5.225744 4.7660728 3.4195814 4.8194704 2.9100137 -0.938864 8.661561 -1.057715 1.1511049 6.871873 -3.275117 0.13188237 0.06686055 -0.23667777 -4.861256 -1.6921127 0.53624976 -0.27543983
stanza 0.38426632 -2.250584 8.6593 2.5455332 0.39198375 -1.1129987 5.144567 5.3004985 3.9464972 -0.60248667 0.36244866 3.6523042 4.262446 4.997583 -3.0669081 -7.6021876 7.4835057 5.012046 -0.7976937 -7.530264
lexical 4.4741297 -8.228301 6.047067 1.1069181 -0.46552837 4.3270273 3.368205 -5.4269505 4.304061 1.0351162 -5.42069 8.951657 -3.8898675 1.9865141 -1.8086927 -0.8695215 -2.123941 1.8743808 3.3797183 -3.2022302
braille 1.5672139 -4.201842 0.7202671 2.1016562 0.6701938 -1.1956412 5.2185674 -0.8562002 3.5189898 -4.6837907 -3.4172099 11.119275 1.0973127 0.56173354 4.2481112 -1.3911889 -0.14022365 3.6392326 3.4356015 3.242283
quotation -0.6193583 -0.92292887 6.7654634 3.294704 -1.7461004 -1.5888488 5.4744554 3.846093 3.2278235 -1.7935764 -1.6779966 7.122502 1.5951791 3.8455129 -3.1009653 -1.1564789 2.002446 3.4066787 -2.3297234 -4.3118906
lexicon 1.6280322 -3.43965 4.5225925 2.512805 -0.51636744 2.3561492 1.7826555 1.2948081 5.7493343 -1.5545685 -1.0136656 9.399191 0.06832738 0.79255825 -1.3687091 -2.944043 -2.7406492 1.1118499 -0.06120889 -1.0469943
quotations 0.22888856 0.020871626 4.911271 2.864218 -3.060299 1.6008234 7.200565 2.7582185 6.54807 -4.094657 -3.2666702 5.4827037 0.17126393 3.4131243 -1.7721567 -1.9899826 -1.9580232 2.541619 -1.3851575 -4.3963184
treatises 0.9843592 -0.391374 6.2132316 5.3681684 -4.238507 7.6793303 6.844037 0.35033455 12.973178 -1.1023418 -3.8024454 4.5109844 1.3767124 4.7072463 2.114422 -3.28739 -0.6791576 -0.8930603 -2.937539 -2.034497
esperanto 5.514557 -6.857492 1.7896507 0.13248636 0.48046118 4.090118 -0.51413065 3.7937975 6.0075088 -3.7555847 -1.1380025 6.3419433 -1.2646676 0.9609428 3.5166574 -2.0154335 -1.9758064 2.009181 -2.279752 3.4825847
spellings -0.73884094 -3.3967965 2.374621 1.9007568 0.967364 0.8458328 2.966143 -1.0906553 4.7167706 1.1029216 -1.0780696 8.875476 -1.3100532 2.321623 0.6884744 -6.589174 -5.8879623 2.1243465 -0.5653409 -7.9482317
idiom 1.005905 -1.801214 4.546138 1.0958393 1.5202286 6.456415 2.5280669 4.083349 3.1303358 -1.9638952 2.8459902 7.7600317 1.1443034 1.6775475 -2.3021557 -1.7373513 -2.1344047 3.7832427 4.906807 -3.5003488
discourses 1.7038696 -0.551623 5.250301 5.2672286 -2.0194397 6.3448606 6.169417 3.3588622 7.7084002 -2.439348 -2.5712469 3.7549741 -3.737219 1.398752 -1.6809976 -1.7541031 2.2077372 2.1571019 -1.7748157 -1.1250054
interchangeably 1.6563187 -4.943135 2.3123167 1.4714348 2.1878526 1.5789553 4.083491 -4.2172155 3.095856 0.5137068 -1.0330683 8.561473 -1.314598 1.5280858 -0.30442432 -0.1618053 -4.084305 3.9353812 2.532626 -2.2545037
concise -0.05807973 -1.874161 4.719096 2.562771 -3.142229 1.9121628 2.0533412 1.4245766 4.5849805 -3.3060322 -3.5003626 8.2355585 1.6242691 0.49034712 -4.5228753 1.7558147 1.060844 1.6220311 1.9942424 -2.2498033
assamese -2.185592 -6.8368 -3.0331004 0.98519653 0.47854018 7.6203737 3.00321 1.1859581 5.8641076 -1.3344954 -2.1345177 6.0103364 -3.790136 -0.30744576 -2.2557507 -6.2433114 0.45907974 1.0586194 1.9743721 -2.1169891
loanwords 2.5503266 -6.0548887 4.4805923 0.63027346 2.8131156 4.0229445 4.014583 -2.8899062 9.415984 3.8438895 1.5365558 9.018737 -4.477432 3.89131 -1.2835209 -10.138456 -5.5587435 3.0339768 5.791142 -3.595129
transliteration -0.59480876 -9.008099 2.4545274 1.0140347 0.8157932 2.311355 3.8989892 -0.23915578 3.808324 1.9249972 -3.336635 9.321449 1.226519 4.3864703 -2.3350072 -5.577222 -3.221637 5.2141943 -0.18331243 0.007959993
proverbs -0.64568925 -2.5900183 2.2819464 0.8874474 0.027560716 5.1173162 6.8672724 0.41638994 6.425509 -3.620475 -1.4800138 7.1492243 0.70514125 1.0094508 -2.1576886 -3.8595116 -1.5309868 4.9841557 -2.4804688 -4.0837297
punctuation 1.6556112 -5.013061 6.2314262 4.430559 -0.31271073 -2.4542065 5.58576 0.5929106 3.0286562 -2.2843266 -4.983826 9.076951 0.1204106 4.221345 -1.5753431 -1.5270845 1.5894271 4.6300573 4.364988 -6.4888625
transcriptions 2.726267 -2.0637352 5.9732656 0.718746 -2.2150443 1.7203232 3.4078321 0.4365892 6.4617352 -6.069503 -2.9691978 4.753723 2.4233482 3.1318722 1.4755673 -5.3886228 -1.7730519 1.1460435 2.4498491 -2.5507655
konkani -0.46473667 -5.8223143 -1.0780864 1.2353907 -0.6287925 8.042568 -0.64870584 2.824927 5.082966 -2.4268644 -2.468199 5.1042233 -5.43505 0.8071023 -1.3890834 -6.813998 0.48608714 1.9483727 -1.7857 -2.052597
sayings -0.42760694 -1.404288 4.014542 1.9396008 0.110446565 4.2269607 8.555698 1.1328329 6.8925595 -3.2466156 -0.9445638 5.465909 -1.038912 1.9580263 -2.5385985 -3.8034108 0.7664946 4.8812404 -3.409363 -4.2262893
scribes 0.41485983 -2.1680253 2.3686254 2.4222417 0.23846 2.6553872 6.0524507 -0.7829304 6.969877 -4.628073 0.07696463 4.0794754 -0.32024118 8.077627 1.3666847 -0.9105864 -1.31069 2.1541836 -0.843992 -2.0648508
grammars 2.170132 -5.69081 6.9292054 4.517211 0.31171355 4.047383 1.0273576 -1.2023613 3.1479216 -2.325636 -3.0973773 10.217113 -2.316678 3.5221572 2.6325698 0.2198582 -0.6812509 0.65995646 3.1744962 -3.4537764
glossary 1.0971749 -3.053296 1.4515071 1.8736023 -2.6499326 0.9042788 1.9582322 -0.8831365 5.430147 -0.82343125 -3.5143418 10.183297 0.97487307 1.1160537 -0.15290506 -0.41830966 -1.0665469 0.7203111 -2.0629277 -1.9411626
sagas 0.41417223 -4.530002 1.1479268 -3.005327 0.8579922 2.3025482 2.967301 -0.15874334 8.456196 0.7193751 3.7257338 5.6568394 1.7420037 4.032553 -4.070939 -4.3855453 -1.0897287 0.21201754 -2.166078 -5.9571524
akkadian 2.1090505 -6.683134 2.8142333 1.078755 0.88801455 3.0634317 3.781049 -2.11234 5.4736023 2.8833811 1.470642 5.5938416 2.6819937 5.1561513 -6.871513 -7.233154 -1.4016165 3.3413646 -2.8997936 -1.7791862
septuagint 1.4080405 -1.8072728 6.6691666 5.0731626 0.13832161 -0.7087409 6.16282 -2.1327262 6.4590273 -1.9999506 0.73096335 7.5180597 2.595408 5.322976 -3.9298732 -4.4389935 -0.57803845 4.7001796 -5.605414 -2.1425705
usages 2.1104865 -1.4930611 1.6131612 2.488738 -0.91692257 2.7087502 3.1401947 -1.4435732 5.1271415 0.4797823 -1.2992781 7.4388466 -1.9683301 3.2588499 -1.3611432 -0.67455536 -1.9745567 3.5119538 1.1959993 -1.6748973
psalter -0.4628374 1.4586911 5.6229634 5.4616218 -2.1004999 2.5026584 1.723949 1.2031249 6.1567774 -3.645027 0.92907804 5.3856573 5.4345393 9.982244 0.6325124 -5.7935953 1.6440089 3.2986577 -2.5484583 -3.9754376
vulgate 2.4739149 -2.5394187 7.260922 4.803887 -0.9158624 0.08059848 3.2973034 0.16815096 5.48036 -2.5155094 0.76895046 7.385698 4.6101494 6.3888273 -2.5050924 -4.1668673 0.30471456 2.9886947 -5.8078556 -3.6051
inflection 2.1188076 -5.865713 7.691583 3.2639186 2.9454255 1.2432677 0.9931517 -1.6412007 3.0598974 0.7545113 -2.0981824 5.380673 -2.341242 -0.29530713 -2.0356963 -1.7843 3.1710837 4.031217 4.6569448 -5.046383
genealogies -0.58814245 -2.7280176 1.7303327 2.646463 0.4553122 3.0625553 4.521494 -1.6196382 8.395766 0.55000156 0.97417593 6.751003 -0.95849866 5.350893 -1.0361989 -2.142224 -1.1809748 1.371785 -5.789883 -7.3429995
idioms 2.8779376 -2.9049969 2.9648938 0.8170253 1.2436236 6.008883 2.9906147 2.1474946 4.688572 -2.3529356 0.3124698 7.434613 -0.67856205 -0.34809294 -0.69360155 -2.7214212 -2.8074193 3.739662 4.4521794 -3.8314545
pronunciations 1.6394149 -6.928205 2.58051 2.8363984 2.9023256 1.1204846 4.2954583 -0.8707254 6.195336 -0.22760141 -1.2039609 9.019063 -2.787066 2.647301 -1.0753626 -5.5766993 -1.043679 3.80993 5.0324984 -4.970954
proverb -0.570136 -2.755782 1.3783376 -1.1584532 2.666895 3.0075333 4.5774837 1.7466822 3.8834298 0.038338784 3.6691458 6.903173 -1.1668651 1.6464314 -3.6199758 -2.597332 1.5982665 5.1289477 -2.2167904 -3.382419
couplet -0.10254108 -2.6282735 4.9081025 4.566575 0.32424587 0.22623532 4.588668 4.635477 1.8333948 -1.3688821 0.05398379 3.9766243 0.87032634 3.5041554 -4.3996716 -5.433351 6.2667212 2.3083727 0.57700366 -6.5613747
mnemonic 0.6387575 -5.107531 4.8820996 -1.0744432 0.6020932 1.3657826 6.196343 -0.6966502 0.35133404 -2.3164544 -3.0316026 6.265202 1.3836846 -0.60236454 0.5518545 0.42883387 1.657406 2.307143 1.1332479 -0.52178675
utterance 0.41992667 -3.22239 7.9632263 3.370462 1.1246263 0.47047976 5.2783003 2.201041 3.0018337 -0.9999299 -1.9288342 4.484736 -3.1901042 1.3972499 -4.6376696 0.27013668 4.123002 5.312782 1.0493813 -2.242882
correspondences 2.4705365 -3.710417 4.563862 2.3788805 -0.887916 2.3454533 4.827925 -0.28457433 4.9094105 -1.4297295 -2.101347 5.099848 -0.75146556 2.4310188 -1.4162707 -0.31424814 0.096871786 0.31616428 -0.28351942 -1.9591801
couplets 0.7819476 -3.9233434 4.7979574 3.0597157 0.473871 2.6953514 6.328888 3.312474 5.099101 -2.4162633 -1.2844857 3.9047885 1.3086412 3.6837192 -1.6372703 -7.0889087 4.1005745 2.4546168 2.5248015 -7.868754
diacritics 2.0212739 -6.549139 5.8021727 3.8056438 1.9391241 -2.1253169 6.4678273 -0.32743755 5.0645084 -0.44488153 -3.0401728 8.403451 -2.2968807 4.620776 0.84667766 -5.297545 -0.7612973 4.264131 5.6932373 -2.236081
hyphen 3.6486928 -3.4028847 3.6731086 2.7191148 0.98009837 -4.4362164 3.7494102 0.21656929 0.3444227 -1.9839749 -0.6461552 6.896162 -0.083140105 3.807607 0.014348327 -3.121128 -0.10257563 2.989085 1.5656878 -4.6356626
parlance 0.6368423 -2.7632678 -0.88004994 2.5170076 1.2318372 1.3973236 3.3164806 0.51696914 2.1127908 0.0993515 0.5921142 7.201034 -1.3364383 2.085114 -0.6484909 -0.43618077 -1.77064 1.8451699 3.5779107 -0.76135945
generically 3.0301657 -2.9886448 2.321678 0.12006975 2.1179373 0.07386845 4.0179405 -2.8165388 1.2448591 0.6273873 1.4983246 8.15169 0.29137233 0.61883307 -0.21029001 0.7227293 -2.0028272 2.7944887 1.5459819 -1.2243392
affixes 4.6530685 -5.915257 6.4406056 3.6319237 3.619248 0.23651886 5.5142837 -2.3657267 2.9811208 -0.1412221 -1.2547188 7.043004 -3.9574442 2.454006 1.4182078 -4.148239 0.45710352 5.215169 4.12654 -3.0362022
utterances 0.42785946 -2.024687 6.3956323 2.8829267 1.0412788 1.8699627 6.7997727 1.5138705 4.6000357 -2.8572378 -1.7267861 3.3971531 -3.6717181 1.0602387 -2.6889997 -0.10553514 1.3686498 3.9566944 1.8809468 -2.8223107
phonetically 0.5262937 -7.6185513 3.851205 1.0934896 4.63558 -0.07782476 3.858049 0.010645248 2.9781604 -2.6122203 1.2789745 6.8451424 -1.2939498 1.6148527 -1.736415 -4.1499047 0.15364394 2.347335 3.4789188 -3.8878467
paraphrase -0.8564656 -1.913144 7.893355 2.2315235 -0.8265926 2.2891543 3.0332723 2.0242972 3.6231275 -2.8510196 -1.4233046 3.6331596 3.4559639 2.6637952 -3.2584376 -1.6582409 0.44426647 3.465315 -1.7437977 -2.8535933
pentateuch 0.95444584 -0.4925544 6.854087 5.0051503 -1.915521 1.2190007 5.317395 -1.2456682 6.4889355 -2.8145633 -2.276163 3.9624298 1.9857503 2.0440013 -3.1730335 -6.033098 -0.9906743 2.9772687 -6.0495644 -0.7096728
apostrophe 0.34893736 -3.5179093 4.312117 2.5465534 2.3369377 -3.7271807 3.2899332 0.19996434 0.7407506 -2.2172074 -0.031118013 6.5985847 -1.3341837 3.8288844 -1.7255465 -2.5267816 -0.21146388 4.1518235 1.4447935 -4.930703
etymologies 2.0156448 -2.2354813 2.8991077 2.3983698 0.509837 1.9039876 3.548891 -0.31737906 5.0600333 1.9858631 1.0508139 7.7824097 -1.8979455 1.8167552 -2.7491548 -3.123832 -3.1799853 2.5677536 -2.381145 -6.3745527
etymologically -0.446063 -5.2909007 3.8832455 1.5036236 3.705862 3.7840698 3.3283222 -1.938162 2.200921 2.421398 2.293898 7.444536 -0.56570876 1.90717 -2.280729 -3.5149055 -0.9428369 3.708705 -2.2159863 -3.7911062
grammatically 0.45893672 -6.6140265 6.3976164 1.6232524 3.1704133 0.53766197 4.3638344 -0.9994054 3.8548977 -0.44695288 -1.3150136 6.257307 -3.1253588 2.1038811 -2.1539679 -0.845771 0.6477043 4.4622602 1.4493731 -3.597327
prosody -0.081293106 -4.716108 5.835058 3.3968093 0.42781454 4.9220433 2.3242464 -0.47902614 5.2847857 -0.6870003 -3.23654 6.2935843 0.9633039 -0.47381178 -1.6105244 -2.2589815 1.6142942 1.760182 3.7955341 -2.8129988
prakrit -1.9910705 -6.335606 1.5279219 2.83531 0.24498507 6.2293296 2.8162782 -1.1941702 4.5527997 1.1845746 -1.1207393 8.1018715 -0.20807564 3.2348015 -2.1878366 -7.3883796 1.6113743 0.8382442 0.08068595 -3.434139
glosses -0.9527965 -1.8319073 5.486148 3.232266 -0.29106992 1.3779345 4.4929657 -1.4054836 5.6893454 -1.2494655 -1.7703173 5.491282 1.2654475 3.4274888 -1.8990376 -3.4624655 -0.6298168 2.941543 -1.6508472 -3.9024498
idiomatic 0.7084241 -4.8438106 4.7470527 0.04968232 2.0664995 4.2033772 2.8510017 0.4771171 3.1530383 -1.9896793 -0.31691855 5.8238387 0.75231665 0.982019 -2.5482085 -0.056241218 -0.61332726 4.5015798 3.810914 -3.0224404
aphorisms 0.061607134 -1.0097531 4.86657 0.61241794 -1.6757913 3.6025436 5.4116554 1.7756233 5.571163 -2.5423682 -2.2782202 4.4660435 1.3738581 0.69200325 -1.0035088 -1.9109027 0.5480031 2.441117 -1.8691033 -3.6807163
neologism 1.3817526 -3.3066084 3.5471065 1.0687171 1.0948489 0.856147 1.7526903 2.7406201 3.0054545 -0.15835463 1.6176159 8.024139 -0.94583094 -1.119454 -2.6203277 -0.40908968 -4.170587 1.3149343 -1.2692202 -0.44124904
indic 1.476782 -6.7479887 0.89684284 1.6154422 0.0927045 4.9644675 3.112788 -0.6444256 3.1757941 -0.1850157 -2.2132885 7.4290466 0.57432395 1.8599184 -1.974967 -4.096383 -0.5076854 1.6535919 1.2740163 -1.8748758
adjectival 2.4838297 -6.8228564 4.887076 2.3042283 3.6901348 1.5483578 1.7482392 -1.8522669 2.0494585 2.118946 -0.33052707 6.2112765 -0.67928267 1.9011402 -0.2952351 -2.6972487 0.25969836 4.9593906 0.8914586 -3.312306
masoretic 1.032637 -2.5653398 4.7317014 4.9512935 -0.19690816 0.013308606 4.8235373 -4.126781 4.619104 -1.8265619 -2.2046452 4.7448635 1.2167084 3.0794158 -2.2541652 -5.2211666 -0.93577963 3.0991073 -3.7262938 -3.0210075
bardic -1.9549488 -5.51462 -1.0298641 2.0966127 2.5184863 4.7922244 -0.27177465 1.9069186 3.7230842 -2.001397 0.27409977 5.8344145 1.3198069 2.0916898 0.657516 -0.2553377 0.736467 2.6923947 -1.8176595 -6.8373733
avestan -1.0766218 -5.6462703 3.8100126 2.0341327 2.283846 5.6937265 3.5881617 -1.4954125 3.818444 2.3374488 0.45607123 6.558468 0.70005125 2.0206983 -2.528958 -6.549058 1.6721503 3.776757 -2.6709707 -2.04571
hymnals 2.334087 1.2580541 2.8335466 4.498435 -0.9795157 1.3685894 2.7458665 1.0848496 7.6415944 -5.699249 -0.8293127 4.343792 1.8540401 3.6784842 1.63655 -6.520645 -3.002875 4.6194158 -1.2824718 -2.570609
grammarians -0.36345956 -2.8216426 2.9926744 4.678851 1.8444107 3.8669643 1.7020948 1.1947823 7.123189 -1.1742492 0.20337111 3.9287987 -0.20765027 2.8679364 0.9774589 -1.8376367 0.12112122 1.6210382 0.6872817 -3.2012959
demotic 1.4897398 -4.269854 3.1145587 2.4014583 0.3363664 3.7785661 2.6336384 0.9362151 5.420165 -0.9647703 -0.2449796 4.1565323 1.3739116 4.2330966 -2.3405602 -2.619553 -1.772424 2.596897 0.5677585 -1.4310024
inflections 1.6293435 -3.2452424 5.2871423 1.8183662 2.4833694 1.1362159 2.2072518 1.0329798 3.144978 -1.437926 -0.7090324 4.037228 -0.5097323 -0.19565448 -1.0964478 -3.0558906 0.36479494 4.3417587 4.7703867 -3.631452
vocabularies 3.8850968 -2.380145 2.384953 2.0204518 -0.66271496 2.7176843 4.159952 -0.67425585 4.132868 -0.8050968 -0.4367674 7.583169 -2.7101996 1.024912 0.7540954 -0.7740944 -2.6673856 -0.41191223 1.9000192 -0.9416112
folksongs 1.0511153 0.076654546 0.26561645 0.3205707 0.564798 3.057163 0.822763 1.3697284 6.1739016 -3.4142053 1.406126 4.205103 2.6001835 -0.27360785 1.1985611 -6.237071 -2.7389028 2.8929722 -0.29837674 -2.6037714
syllabary 1.6295444 -5.7284474 0.680785 2.3818254 2.1608498 1.0383506 3.4246821 -0.7981962 3.8630521 -2.044449 1.2490015 7.634152 0.7298516 2.2253578 -1.5008137 -3.436134 -4.271459 0.42044833 0.094423175 -1.4243678
ellipsis 3.8376856 -3.362041 6.2053137 2.2982736 0.3985308 -1.3957185 4.284885 0.4146429 1.5184245 -0.020754209 -1.606451 4.5833936 -1.0875251 1.5144119 -1.5181766 -1.0157942 1.5416137 2.4664054 1.5928601 -3.3285503
neologisms 1.6070818 -2.6614263 4.3644485 0.4187704 0.428339 2.6754239 3.157595 1.9700489 5.433674 -0.59583026 0.18432118 6.941006 -2.7367861 1.2682103 -0.6589466 -1.1090814 -4.254593 1.9274585 2.105766 -2.8956883
lexicography 0.6106564 -3.8553338 2.772621 3.7370071 -1.3933682 5.3442993 -0.12435087 0.39136583 6.1373606 -0.23351587 -2.377178 6.92999 1.8419927 -0.055436682 0.92073816 -1.4486667 -1.7784059 -1.1576564 0.011848026 1.3027586
synonymously 0.6299357 -3.0293922 3.4122894 2.3507426 2.1717305 2.6295269 3.6693604 -2.9427207 2.107159 0.7940014 0.10880489 6.539836 -1.982764 0.58947945 -0.8885669 -1.2304976 -1.3966417 3.4773388 1.8969488 -0.85624474
attestations 0.8952286 -1.6750875 3.0224638 0.095649935 -0.8099101 2.1991718 2.4465506 -2.3520987 5.015667 2.5851939 0.8660451 4.067971 1.1427183 4.4225106 -1.9296867 -3.154417 0.81391656 1.9071937 -3.1485987 -3.959642
alliteration -0.049623188 -3.2984185 5.049429 1.6967531 0.8581196 2.1393254 4.1024747 0.83781904 2.4759827 -0.9271629 -1.0324321 5.366985 1.620975 1.1436667 -3.037754 -2.3713565 0.23664401 2.5484567 3.9196699 -5.5911293
nynorsk 0.26540327 -5.6249046 2.9089046 1.4885949 0.9888273 1.0070989 -1.499771 0.14557056 4.5410695 -2.6913004 -1.6607647 7.644828 -1.4961448 2.3820612 3.2028444 -4.4511385 -3.6450505 1.5218867 0.023106704 1.0861042
geez 0.69642156 -4.62692 1.0169575 2.592523 1.122849 2.546162 2.1551664 -0.45545998 3.8543239 -1.0743042 -0.25121847 4.724828 0.9130558 1.9154408 -2.7232428 -5.8878927 -1.4678924 2.87409 -1.7487165 -0.42768013
daoism 0.31673923 -4.590375 1.5869097 2.8558724 1.8397316 7.398773 1.1270052 0.053926215 4.0058117 -0.017344313 1.5521619 6.051498 0.4708021 0.8837892 -2.9818454 -1.5939717 1.0039767 2.7553287 0.014638199 2.0007014
targum -2.045758 -1.0049975 4.462989 5.2241044 0.38462794 -0.3678376 4.2139993 -1.2160102 3.4051313 -3.3202984 -1.8822546 4.220727 0.328839 -0.2602154 -2.1162117 -5.725054 -0.99323165 3.7085078 -6.084506 0.9975767
addressee -0.8152626 -3.7469444 4.732878 1.734189 1.0088274 0.41690177 4.2369595 0.6687962 1.7695853 -1.4715464 -1.5857791 4.653385 -3.6228402 3.124178 -0.5887969 0.6298106 2.0725007 3.0332947 -2.1485584 -1.4674587
alliterative 0.33158195 -3.2820232 2.724697 1.4323547 0.44980595 2.6551466 2.0566196 0.5468783 2.4311318 -1.2199163 -0.3900085 4.4690537 3.4762983 1.3994102 -2.220537 -1.8702819 0.23067969 1.9012874 0.91604125 -6.6842756
determiner 1.6725973 -5.2128253 5.4910297 2.199977 2.7179682 -0.4110032 3.033942 -1.0839459 1.3733541 1.4641012 -1.1008369 4.8255806 -2.2537632 1.520289 -0.11679153 -0.77592087 1.2151726 3.9230587 0.8249823 -2.2937787
interjections 0.55511576 -2.7715342 4.4898195 1.4463191 1.8111575 0.8431937 3.5006135 1.2141095 1.4022951 -2.3440156 -1.5941055 2.6717436 -0.12309091 -1.0801786 -0.9827035 -3.0079477 0.559232 3.6038601 3.175147 -3.2341087
transliterations 0.32712188 -4.7599244 1.9791524 0.77933085 1.0863901 1.6884525 3.3787127 0.34008735 3.5400274 2.0618026 -1.3854622 5.9684043 -1.0408608 1.3076344 0.07319661 -5.450254 -1.884184 2.795744 0.45661423 -1.5452127
phraseology -0.0098531665 -2.1047432 2.914166 2.9983926 0.30946514 2.3016412 2.1495278 1.6769377 3.9863012 -0.8344547 -0.82873225 4.694838 -0.38580757 1.6614826 -1.8164213 0.5930378 -1.2110665 2.2292175 2.361708 -1.5424027
ethiopic 0.9003183 -3.5053189 2.3048103 2.6095407 -0.12152881 0.97431415 1.9989294 -0.746162 3.5284572 -1.0248411 -1.4274614 4.1495967 2.9515088 2.776476 -0.9767972 -4.189814 -2.125904 2.488435 -2.7142181 -1.3462853
philologists 0.98364675 -3.044874 2.9461856 1.7648141 1.0213921 4.2654138 1.1085585 0.14119975 6.169045 -0.34562883 0.39562562 2.5459294 0.7429354 1.1219219 1.2405717 -1.2216183 -2.4808471 0.1412079 -0.92750293 -0.49760568
versification -1.0269545 -1.6334109 3.4140182 1.5470766 -0.24223405 4.0638137 1.2859191 1.3445522 4.2096214 -0.8773669 -0.5591938 3.8418655 2.0959282 1.5409706 -0.7064782 -0.5192595 0.78800505 1.3676307 1.542785 -3.108875
ungrammatical 0.11251304 -4.014756 5.431065 0.8485269 1.710223 0.3420149 3.4205885 -1.6292188 2.2568588 -1.1753484 -1.3167875 3.574596 -2.2493227 1.6376463 -1.6840234 -0.51956147 0.44655702 2.6693764 0.4545681 -3.2707262
graphemes 2.005344 -4.7518163 2.71558 2.0878706 1.2136219 0.16401176 2.3547404 -0.7701546 2.9891078 -1.0692532 -1.9199891 5.2988157 -0.81479955 1.5930264 1.2052715 -2.6719782 -0.33442473 1.6348414 2.1402085 -2.2756395
analects -1.1785645 -3.8985777 0.9741097 0.84059995 0.071614645 3.448163 2.582093 -0.14313531 4.875656 -0.7372552 -0.34172648 5.2999477 1.1972084 1.5466754 -2.2553022 -2.686608 2.3455262 1.687938 -2.548413 0.50331783
homophones 0.06823591 -4.130477 2.27641 -0.29967275 2.3131504 -0.09645203 2.7731063 -1.5706062 2.3089771 -0.5365014 0.06117 4.6950626 -1.0667279 0.8429515 -0.68527526 -1.6933713 -0.4359687 2.5740151 2.2542443 -3.8163688
lexicons 1.8772038 -2.61112 2.4528272 1.3142335 -0.552165 1.8806989 1.9323748 -1.1441253 3.7324545 -0.852534 -1.4445121 5.2312307 -0.58639145 0.82403475 0.37816605 -2.0560403 -1.804118 0.337628 0.8943353 -0.9349718