Centroid_178 0.6376996276363638 1.3990799338842979 1.526059444142975 1.9244463143966943 1.5102609786743801 1.7790648697933884 3.183624825371901 0.012828376495867698 4.204482662644631 -1.628098155735537 -0.8421633063140497 -0.4948133588016528 -7.783560582644629 -4.634366523661155 -0.16963727259504144 3.4459112169834727 -1.2318510523471071 3.956865394545456 -0.7178584097851236 -0.27246608416528934
women 1.9929041 2.6779978 -4.1153984 2.6280665 4.4350724 4.3060703 6.5215034 0.34561774 7.812454 -4.252518 2.5242164 0.37976363 -11.123049 -2.903599 4.2283254 4.5425005 2.7014253 6.227677 2.5806155 0.25329357
groups 10.554173 0.041090764 -0.27475873 3.5897255 2.6066997 1.6968358 3.6741467 0.30019093 4.2344756 -0.6754705 0.3615891 1.1309046 -7.7831197 -3.093771 3.8173156 -1.2790823 -5.065142 4.129806 5.472017 -0.4924009
female -0.48986018 -2.0421832 -1.3502032 -1.8795959 5.86229 2.622224 4.742915 -1.4676359 5.8150744 -2.9389272 -0.58551335 0.64564407 -2.7071664 -7.1222587 6.0754976 2.3334374 3.2453227 6.423927 0.7722293 -2.138722
individuals 6.048705 2.7735956 2.4596012 0.22882248 1.8431978 3.2187505 7.1281567 -6.0581326 5.840954 -1.5299305 1.2892312 2.5882244 -14.828178 -1.7016425 3.8470566 4.055475 0.3445638 2.84428 2.340564 0.14709549
male -0.65363556 -2.3340852 -0.534472 -0.9447352 7.215966 2.4451888 5.0873265 -4.771132 5.6112857 -1.0831506 -0.27661854 0.25898302 -3.8117113 -5.6861243 5.4276543 2.273492 3.7991347 7.6452346 1.0143592 -4.3354278
acts 3.0841124 1.9184949 2.0208614 0.68319035 -0.19942454 -1.7113534 5.094786 4.5868382 2.267741 -0.2606419 -2.3121567 -0.091317765 -4.0209436 -0.8141683 1.5101955 0.6465679 -2.8213553 6.5369344 1.5831802 -1.2467699
sexual 1.4570428 1.7857152 4.6592503 1.0283229 1.5273588 3.6212215 9.504454 -1.2175311 6.9436398 -0.9348696 -3.80988 -3.7775908 -11.566659 -9.346031 -1.620759 8.546094 0.67778295 6.1079288 -1.3139678 -0.55814147
sex -1.7032713 2.7209997 2.2053244 -3.162676 1.6944079 1.131979 6.8262444 -1.0270818 3.731347 -5.0133557 -2.498984 -0.5753397 -10.399329 -7.499309 -0.44196942 4.147812 0.5212127 7.2866764 -0.113774896 -1.3461555
persons 1.9182872 2.221156 -0.035025228 3.0197382 1.1794509 1.9200766 8.007118 -5.4452605 5.08672 0.34657538 -0.43929702 0.97950846 -12.990861 2.997576 3.4093869 1.5333911 1.7139848 3.9415708 -1.1164979 0.35617045
gender 3.503469 -3.1167505 3.339496 3.3988855 2.5785797 6.399831 1.0205529 -2.1779995 7.2944584 -0.07708748 -5.520564 3.844422 -10.722185 -9.667064 1.0972803 8.446261 3.338432 6.6301274 -0.20863687 -2.638054
gay 1.2310861 2.4598467 -3.2886698 1.1886098 2.456688 0.7728679 3.5093973 6.4134808 2.734964 -7.920615 0.14339633 -1.366756 -6.82527 -9.001726 -0.12660542 4.8377113 -2.1513808 6.7252626 -4.2956233 -2.7739403
hispanic 6.9241085 -3.1105068 -8.980876 3.6416838 2.6794167 1.1397406 -0.8855193 -2.043119 7.582222 -0.61077625 -3.1870496 1.3946903 -9.7940855 -14.091638 2.609064 1.1494317 -2.918538 0.97501767 -5.5416956 -7.023584
abuse -3.9651284 6.091052 2.8469415 2.458257 -1.1007367 0.2618407 7.1054177 -0.08758683 5.9321833 -1.3267864 -3.7217593 -7.0674186 -12.752755 -4.3192296 -0.50379 6.67068 -3.107006 3.6308086 -1.5491652 1.3980553
discrimination 2.349823 4.365556 1.2800664 7.526939 1.4210342 0.5113481 3.6147566 -0.4383071 6.5933423 3.982227 -1.3194636 -0.5128494 -15.415939 -5.5848703 -1.4087926 7.7318025 -1.7020261 6.163494 0.19956842 0.427724
equality 2.5110223 0.7501082 1.9700717 6.5763235 1.8984133 3.3991432 -1.2373475 3.9856718 4.525597 2.1713798 -1.3650244 3.8576374 -10.417713 -4.7401447 0.24054536 10.104489 1.3543419 8.277649 -2.42817 1.1744397
openly -0.46387252 -0.79610974 1.5436615 3.0452337 4.665439 0.105549045 4.104039 7.923849 4.3111463 -4.2488127 2.4470809 -1.6925817 -8.989509 -2.1960661 -0.19076489 4.1403723 -3.7445507 4.7169023 -2.2379231 -0.24870256
abortion -2.2253327 5.8136873 4.8960514 4.8566356 1.646911 -3.3487206 2.7176495 -0.46097675 5.3270993 -1.831838 -0.77208626 -1.1317589 -13.887911 -3.676133 -0.1981056 5.0398583 -1.2900069 7.2318583 -2.5572805 5.2867365
lesbian 1.3083278 3.3741872 -1.5836469 0.8010849 0.57318956 3.3257923 4.003476 5.579903 3.600475 -6.1032166 -0.8017643 0.19732146 -7.1886106 -10.406019 0.24504538 3.5725546 -2.1507337 5.825834 -6.3192024 -1.7015954
disability -1.1973107 3.7333996 0.5376728 1.859448 -1.2507875 4.3557663 2.513518 -2.6459658 5.321696 0.3440622 -2.9458675 -0.81511706 -10.110972 -4.0350375 5.3827367 7.169775 4.7851067 0.5164127 1.0114596 3.1961737
advocates 0.035048116 0.9931663 0.5781521 5.3209567 0.025289243 2.6344867 0.18008177 1.8322296 2.465029 -0.6431234 -2.8365872 2.0154452 -6.904274 -3.165515 -0.55379134 8.672282 -5.7739954 4.401835 0.48195267 2.9595754
marriages -1.7337677 4.770059 1.6242019 1.611839 1.5606622 1.9968646 1.0329286 -0.91134673 10.473796 -1.576738 2.350626 -0.40382016 -11.695683 4.8548207 3.9483938 -0.015088195 1.4186555 6.4699793 -5.4635425 -2.4401922
activism -0.0099372305 3.9418309 0.9612696 6.2082553 0.20129597 5.3270974 0.2321278 8.191998 4.925072 -4.0319295 1.142259 -1.9370338 -7.8007393 -7.583358 -0.54917663 2.4572785 -5.1381226 0.04264764 -0.66358584 3.3298783
minorities 4.1661315 0.2207805 -1.137939 6.754991 3.3375714 4.740274 1.1645488 0.08973307 7.0831895 2.6363823 -0.42056167 0.29926005 -12.915208 -2.8295238 0.3501936 -0.62646765 -4.062726 7.264529 2.3634312 1.5954889
racism 2.6532807 2.121963 1.6734055 5.9011683 1.6634078 2.2315223 3.8506124 6.2997317 6.862559 0.43768814 0.86689824 -1.5657957 -7.680322 -8.090381 -5.9799395 5.7148395 -5.1908603 3.898404 0.48899463 -0.42629358
teenagers 1.8595668 3.0312955 -1.925147 -1.9676538 2.912378 2.6285584 6.055606 -0.7651489 1.8094004 -9.218001 2.6924844 -2.8177848 -8.142487 -6.153005 2.0291924 -0.8676588 1.0657157 1.2587734 2.861409 -2.151107
prostitution 0.32905507 4.9912333 -2.8229232 -0.7099841 0.31055295 2.5718508 4.84563 -0.8631243 2.9888859 0.056226015 1.9814901 -2.3443308 -13.497651 -1.1947923 -1.3496234 1.9149239 -4.784522 4.7160354 -1.3578737 1.2891849
homosexual -0.46024072 0.21342625 4.297599 1.3431296 3.5138872 3.1226857 5.7578926 1.5374578 7.059983 -3.9889243 -0.71105576 -2.7777593 -8.894568 -4.7459226 -0.6206068 5.9023204 -2.7486675 6.198707 -3.7414742 -2.2738788
transgender 0.35340607 0.8633372 -1.6026285 1.444446 1.8230522 1.0237705 4.133821 0.33956286 4.0601506 -3.8310835 -3.7064683 -0.48683804 -9.975041 -9.545933 1.4220241 4.727532 0.14963265 6.704608 -3.6293488 1.3423421
segregation 4.5254483 4.1675253 0.68752176 11.442036 1.9546522 0.6614696 1.4223576 -1.9604497 1.5718762 -0.10211936 0.45014915 0.06308934 -9.341237 -3.6434817 -1.5191563 6.733651 -1.6346363 2.536041 1.6710085 -0.9577775
parental -1.336879 2.0109026 3.8400135 -1.2852716 0.839702 1.788763 1.6818312 -5.642273 2.4728646 -1.8105501 -1.6693684 1.298429 -10.599827 -2.924052 1.8355834 7.666541 1.8943341 3.954648 -0.41064423 2.735995
autism -1.1200259 1.9996808 5.2454123 1.4293967 -0.4964917 2.9413424 3.8777678 -2.547169 4.682844 -4.8371596 -3.745952 0.17640898 -7.691975 -11.52449 1.1660671 2.9749324 -0.28527918 -1.7588413 -0.15875459 3.1090097
prejudice -1.1600498 2.6266713 1.8622706 3.7099838 1.1926818 2.173327 3.9836056 4.086013 5.7022123 0.9087104 0.7944446 -0.7559912 -7.417969 -4.0130577 -5.7655606 6.527476 -0.66311026 4.890105 -0.2540477 -2.8835917
bullying -1.9207479 0.97789043 1.296263 5.3757296 2.1125689 0.7714496 7.2403936 0.34655425 0.47427198 -3.9235635 -4.0726233 -3.331616 -12.353311 -8.031266 -0.22975437 6.8938913 2.386784 1.6375401 2.3883984 0.009540675
bisexual 0.50479734 1.6139104 0.11715375 0.114054136 2.7841396 0.8839397 3.8946576 -0.27865806 4.4677978 -3.3179274 -1.0377991 -0.061624374 -6.2672324 -10.7830515 0.5446309 2.5274029 -0.5266106 5.9033647 -4.478394 -2.6150482
queer 3.1612158 0.6141014 -0.16906561 1.0389757 -0.0707579 4.487462 2.892637 4.9967628 2.2046938 -4.899879 -2.0046957 2.6358452 -1.865517 -11.181991 -3.840076 2.3776128 -0.9874992 5.506435 -2.1267774 -1.422306
empowerment 1.4572549 0.7368276 -1.3767521 1.7191983 -0.12981257 7.816743 0.39251658 4.1414733 1.3844924 -0.14875856 -2.9519753 2.1062243 -8.905539 -8.65108 -0.4932641 5.4530015 0.49913755 6.4099703 1.3938149 3.3108172
respondents 0.23347121 0.6902025 2.6865585 4.9332 0.9757092 -5.24366 2.956409 -2.1466165 8.748694 -1.2092133 -0.57884353 6.033161 -15.690688 -1.568788 -1.9474255 0.8605729 0.48307255 0.8092417 0.22448644 -0.018101942
adolescent -1.9537029 1.8464314 2.1059701 -0.14675753 2.0409071 6.5511484 4.414346 -2.3813653 4.651877 -5.528051 0.46428686 -1.9467465 -3.7880473 -7.6111474 0.3502628 2.7308724 2.382881 0.70280147 0.5895537 0.13138308
atheist -1.825712 -1.5939128 6.408587 5.4148016 3.0895057 4.0873194 0.24825169 4.2174144 5.4543805 -6.6979384 -0.6411014 -0.19619842 -6.5503645 -3.2211156 -2.003415 1.9540273 -2.396685 4.726183 -6.0854826 -0.18205781
adolescents 0.8487208 2.659356 3.22828 0.17026661 1.6335462 5.2811737 4.014859 -3.940721 6.1863747 -6.0509944 -0.56654394 -0.55117875 -9.312962 -7.4512796 2.5341733 1.5400313 1.3220882 1.2733707 3.4248078 0.967824
intercourse -2.4464092 3.7689486 4.161058 0.1401382 2.8828588 1.5811557 8.145344 -1.4872051 5.3911505 0.4169686 -0.15131351 -2.131625 -8.11523 -2.8669908 0.58052623 2.050246 2.9092894 8.814361 -1.7506061 0.28694192
racially 3.4610837 2.9423497 1.173487 7.76178 4.1966543 0.428429 4.2950754 1.474297 2.058736 -0.9692713 2.198257 0.2866123 -9.372655 -4.3334 0.7757512 2.503619 -4.5788894 2.951438 3.6328263 -1.9413049
heterosexual 0.9053873 0.45665136 4.7286754 -1.0685189 3.660731 3.2456532 3.2474883 -1.9977288 6.4307494 -3.5964062 -1.0868812 0.385155 -9.779529 -6.9723067 1.0867046 5.5682745 0.2949772 7.2300935 -1.4645333 -3.9532113
spouses -1.0255247 0.832784 0.6391761 -1.1495305 2.5715237 1.4164685 2.510102 -3.1404996 4.8064475 -2.5322433 1.2650247 -0.27991408 -10.689988 2.9210472 5.036604 3.3896627 0.48292756 4.3544803 -4.109806 -0.069769874
feminists 2.4236898 1.7512566 3.7222555 4.359643 3.4601355 3.1089406 3.340452 7.3712325 7.113386 -1.791615 2.4941428 0.905356 -6.7944403 -6.003736 -0.10561093 4.223407 -5.157365 5.139781 -0.46553257 -1.7687081
parenting -1.8997741 2.0816166 3.3331015 -1.0894314 -0.75591624 5.4081917 2.085184 -0.7452049 3.558712 -6.3961477 -2.5412755 2.9292774 -8.378791 -6.336803 1.3479869 6.7957807 0.19247764 1.9206008 0.2615621 -0.20526238
discriminatory 0.2028335 1.2270745 0.83140004 5.1749907 0.8042012 -0.79914343 2.2995453 -1.7047127 4.121505 1.9862915 -2.5656838 0.08473653 -10.365045 -0.67194986 -2.7191086 7.814571 -4.5848374 6.019195 1.0847656 1.17891
homosexuals 1.0136902 1.9100438 2.374671 3.1764793 3.6091852 0.4681763 5.940386 1.5188013 6.0191574 -2.3496418 1.0542506 -2.2304738 -9.202622 -2.7579021 -0.80723685 3.2470126 -2.7590997 6.933844 -1.6597357 1.8151239
lesbians 3.111118 3.5292003 -1.0872822 2.346537 2.7170877 1.0957304 6.05989 2.5516136 4.3496103 -4.519762 0.635478 -1.2372062 -8.693972 -7.156952 0.2022281 3.2030344 -2.5748608 6.9860306 -1.7181457 -1.2097608
involuntary -0.4496466 2.130083 4.729792 2.8764677 -0.0067125484 -0.3487385 4.711264 -3.4767654 3.93482 0.7058654 -2.9070742 -5.2931943 -6.173309 0.07488442 -0.9482995 4.7830224 -1.1371075 3.8237088 1.137699 3.3125477
homelessness 1.2078557 7.377126 -0.6786652 4.0022945 -3.023525 2.7170148 -0.05593902 0.7421226 1.9383378 -1.4577122 -0.576903 -4.3204 -10.578604 -5.5453606 -2.5792606 3.1857235 -1.4394187 -0.39483586 1.9000987 0.97800004
interfaith 2.8479996 1.1449549 -1.4491366 6.141241 -2.3754382 7.2020035 0.9983757 6.825181 0.85586125 -4.18619 -3.9943647 -1.2823895 -4.9080987 -4.242646 -0.38181552 2.1924598 -1.1324874 5.52158 -4.652121 5.7381673
profiling 3.0389378 0.17339431 2.3937902 1.5934011 -2.1738267 -1.0449011 6.1274443 -1.7725074 1.4375718 -0.33742362 -4.906257 0.9051026 -4.6030374 -6.9240875 -1.5419778 4.3196163 -3.629126 -0.9260434 -0.009688788 0.73206574
genders 4.788894 -2.0903993 1.0805349 0.6840255 3.180464 3.3149226 3.7624319 -2.8237045 5.3489103 -0.39519146 -1.7482975 1.9243547 -6.309497 -3.4142015 3.5027485 1.4590453 3.806447 5.506732 1.9384099 -4.0970497
gays 2.0417845 2.4490063 -1.4328722 2.7659326 2.2610748 -0.45966646 3.6724017 2.894037 2.8001616 -5.0796223 0.12634723 -2.258854 -6.681875 -4.993597 -1.626596 3.531515 -2.9979615 6.6114073 -2.6859982 -0.44522518
hispanics 3.9346273 1.589118 -2.7450912 4.0886703 3.5485206 -2.06296 -1.248246 -3.2007306 7.1170106 -1.8249243 1.365493 0.7844819 -11.202968 -8.975957 -0.08949608 1.2881038 -1.7782567 1.5016252 -0.14193662 -3.7079923
intersex 0.15183187 0.4988568 0.63675326 1.0214441 0.6547205 2.484365 3.9664176 -2.1033156 7.165692 -0.18167299 -3.1286037 0.15865274 -6.834547 -7.7469378 0.30150303 3.9796066 -0.26470894 4.7741528 -4.953982 2.663775
contraception -2.1208735 4.6832914 5.2014747 2.616209 -0.40161768 1.696034 3.7939637 -3.2481635 5.214752 -1.9179351 -2.0483809 1.7441596 -9.457188 -0.6189938 0.83615196 2.5578554 -1.9731492 6.0072784 0.40038025 5.560618
interracial 1.2468466 3.0574098 -0.09226159 1.8097043 1.6852357 2.5357547 0.09759681 1.498795 5.522646 -4.6271152 1.3305583 -1.5561218 -6.9427867 -5.334314 -1.4798151 4.2271585 -2.2420466 4.5351553 -3.9921513 -1.8323407
legalization 0.16207342 5.4010577 2.0312474 2.4668734 -0.018680915 -3.8541126 -1.6688 0.41516736 2.854737 -0.32805586 -0.2953687 -1.3656685 -9.4889965 -3.2709417 -1.4419639 4.0736423 -6.7606626 6.2626376 -1.9371946 4.054626
latinos 4.956857 1.5125823 -1.9457364 2.1153297 1.9876271 -0.3073188 -1.0609127 -0.3865803 4.388209 -2.275425 0.4786016 -0.07954078 -10.436564 -10.047785 -1.1940811 1.3412564 -2.0961843 1.7756605 -1.1913134 -2.8878655
sexism 1.3092017 0.89636606 2.818945 3.3100085 1.2146966 2.6172044 4.0611463 4.13841 5.1232886 -0.5295614 -1.0871059 0.22631063 -6.672622 -8.340274 -3.4536114 5.92142 -2.6238995 3.1898794 0.8545466 -1.7469175
autistic -2.9849803 -0.15782048 3.5381052 -0.19850208 1.5455694 5.6465206 4.7616167 -2.3855906 2.041742 -5.302995 -2.4857225 -1.1815791 -5.2495866 -8.496086 1.5775793 4.0332108 1.08561 -0.28256553 -0.6688162 0.114983976
motherhood -0.8392159 3.3321939 2.912216 -0.9351611 -0.07349812 6.158508 1.3165898 1.8287787 5.0931344 -3.824763 1.2699162 -0.24879093 -5.19079 -4.071729 -1.6396832 3.8444562 2.2882435 3.5943828 -1.95948 -0.2754207
antisocial -1.0251181 -0.6735014 1.7290913 0.855358 1.4773072 3.9496944 5.973618 -0.9865617 1.6062787 -0.13839504 -2.3920424 -3.4282746 -6.769774 -5.702216 -2.3611841 5.930746 -2.922301 0.78256893 3.638978 -3.3939838
discriminated -0.966825 -1.1789204 -1.8458784 1.9388305 3.3216486 0.68450904 0.581315 -3.6734326 4.237315 -1.0650706 -1.9438605 -1.6608082 -8.595953 -1.5342425 -0.8883201 5.4117074 -3.6584094 6.894482 -0.24551527 0.17706966
homophobia 2.6011415 2.3702307 1.7873608 2.6268656 0.84567815 1.4243003 2.9094903 5.989379 4.4010077 -0.5434554 -0.4358535 -2.5143592 -8.0091915 -8.551184 -3.3408287 2.7606184 -0.82191616 4.557727 -0.4678425 0.87275255
disparities 2.3234715 3.6199124 1.9522047 5.2464643 -1.0260645 3.770702 -0.7110616 -3.1659875 4.7294216 3.231654 -1.5511895 0.7904636 -11.446166 -5.251548 -1.7130404 3.9772773 -0.09717876 0.80557764 3.242262 -1.3147647
prolife 1.043848 0.9990646 3.291846 6.387183 2.5721343 -1.6591226 -0.7442613 3.6252553 2.7389784 -2.9388535 -2.3142 -1.568827 -7.4605327 -7.165973 -0.23462932 5.8878746 -5.0600047 5.4282417 -3.1647847 0.52189267
caregivers -0.6892569 2.3106272 1.7507745 0.39152426 0.7844231 5.4119306 4.953146 -5.7442217 1.2845054 -5.34975 -1.3131745 -1.3359228 -10.437158 -3.3456836 3.4463282 4.6412635 1.1570289 0.6494169 2.670402 3.1527138
homophobic -0.76443124 -0.14520396 2.3192055 2.4924421 2.438605 -1.0359225 5.3085423 5.0368886 3.0415742 -2.0184162 -2.102638 -3.4266794 -7.8162174 -5.6865487 -3.4443839 2.8548346 -3.6837878 4.947238 0.22068466 -3.2501783
unaffiliated 6.172752 -1.0403223 -1.588924 2.220323 2.0330873 -2.2920656 -1.9871684 -0.77492166 1.745113 -3.974864 -2.0174556 -0.39946806 -4.7580776 -2.5447965 3.6318867 1.640469 -5.081476 5.428485 -0.5092505 -0.7903409
sexist -1.1547362 -1.2117485 2.763426 0.89163893 2.1435885 0.012348251 5.0970817 5.6420026 3.552678 -2.216119 -1.8442928 0.13259946 -6.537883 -5.6638513 -3.5951116 5.01783 -3.5326188 4.6749516 2.2295578 -3.789976
delinquency -3.4805226 5.3642616 0.30778757 3.18388 -2.8699574 0.8744251 5.1326647 -0.96910954 4.69174 2.5616481 -3.4064019 -3.7156403 -9.217717 -5.2471457 1.0740165 6.827138 -2.6421337 -2.697689 -2.2410789 -1.9803039
consensual -0.5137464 0.9971511 3.939898 0.7838954 1.4478297 0.03420784 4.3816557 -0.41681617 3.85005 -0.13324827 -1.7979208 -1.0154412 -10.3181715 -2.7204387 -0.12435583 4.040778 -0.9971152 5.2649574 -2.6799846 0.020064075
alcoholics -0.97974145 4.566831 4.736357 0.32326669 -0.22337954 1.5357219 6.367535 -0.4193773 2.0478144 -8.318629 -1.0991977 -2.767945 -7.3148685 -1.7110391 3.2782528 0.90291154 -3.4509637 2.1619616 -1.7775784 1.4170552
delinquent -2.738104 2.626258 -0.0039835107 -0.74147487 1.3522936 0.5825086 3.5119762 -2.4007666 0.56888515 -3.215881 0.22249223 -1.9969306 -6.981257 -2.5796626 2.025968 4.195182 -0.0650708 0.79350764 -0.74290186 -1.9967356
nonwhite 0.79715455 -0.7566725 -4.00129 3.1929955 4.048574 -0.66086566 -0.29792038 -2.305631 5.5601826 -1.8807802 0.11218373 0.49423903 -7.1977286 -3.4846363 -0.22936922 3.6999564 -1.4868588 4.6844764 2.0297587 -2.4302092
underrepresented 3.4719737 -2.059568 -1.7748508 2.8907378 1.1257789 4.0493855 -2.7049322 -3.5771074 5.4220257 -3.0053954 -4.359595 0.89324385 -6.1638975 -5.6398096 0.8972915 4.5170393 -2.7796104 3.896114 3.6524918 -0.14993948
haredi 2.4468844 1.1985158 1.1850464 5.547878 1.7751899 4.0623336 1.8985558 -1.145796 1.8770735 -6.0702834 -1.9951634 -2.0602396 -6.8728776 -2.1647003 -0.67286396 -3.2701716 -5.510106 7.3479095 0.6422085 4.1831584
prochoice -0.09012267 1.4104195 2.6711898 5.652123 2.6422408 -3.9822297 -0.93709624 3.3622441 3.5284884 -1.6054597 -2.4862437 0.020066163 -7.8298717 -8.747393 -0.8193199 5.46991 -4.8283987 6.0009923 -1.838552 0.5392526
infanticide -2.6622849 1.3115655 2.2333522 0.5755939 2.57984 2.4809952 5.831483 -4.538449 7.9376316 2.6559448 0.88930464 -1.372581 -8.158364 -1.8564161 -1.0905999 2.5960233 0.17169791 3.3844993 -2.3557732 -0.864795
transsexual -1.1598526 -0.6225151 2.4151945 -1.7842004 2.097475 1.8001957 3.6785898 0.34167024 3.4024205 -2.6279588 -1.926666 0.092280515 -5.637582 -6.955447 1.9622185 1.8350608 0.34689853 3.7462878 -3.887755 0.14795148
deviant 1.9202403 -1.7617204 4.6488986 0.19102584 2.5569723 2.3384464 5.6854157 0.2745826 3.6755726 -0.80333906 -0.6511807 -0.14328817 -4.2443013 -4.5723658 -1.9909787 4.7438345 -1.9320712 3.959135 -0.446715 -1.0934054
bigotry -0.089665495 1.7487879 2.1172235 4.7074504 1.955635 1.9572868 4.0571194 4.0745487 3.3745341 -0.398357 0.87273693 -2.2984679 -4.6975417 -4.559884 -5.664935 3.9753969 -3.1504414 4.587953 -0.91251326 -1.6408181
discriminating -1.0652777 -1.3713752 0.69734585 0.3120655 1.2876322 1.6560609 1.9696141 -2.7612674 2.1793292 -0.8536882 -2.8426085 1.2520219 -6.1320934 -1.5977958 -0.9951209 5.321927 -1.982189 4.5830407 1.0359893 -0.40101355
antigay 1.165642 1.4629059 1.2816167 4.1129684 0.83916974 -2.1419127 2.2284539 3.7681603 3.007472 -1.0664835 -2.2043307 -2.9457784 -5.859639 -4.8014255 -3.3570275 3.1329415 -4.630209 5.887839 -2.4468825 1.0762517
stereotyping 0.45326185 0.23046225 1.8742915 1.4449792 1.0394075 2.3326142 3.69456 2.414741 5.356039 -0.024782982 -0.9865545 1.2967392 -6.1613574 -6.373287 -3.837552 3.7443771 -3.3241818 3.174647 2.1184945 -2.543746
victimization 0.56108075 0.57525754 2.973219 2.853299 -0.13419363 3.4913256 5.032032 -2.0867515 5.555178 1.9367585 -2.9649246 -2.156601 -9.302441 -5.9197245 -2.3060493 3.8903606 0.74858934 0.62334347 0.42994425 -1.2552508
marginalization 3.2835245 0.047684535 2.7475827 3.1599224 0.9930275 5.2077026 -0.7042371 0.4251655 4.723026 2.516112 0.35474166 -2.4291053 -7.899462 -3.9298239 -3.4813254 2.5096421 -1.5261284 1.7207978 0.6914024 -1.1623288
misogyny 0.1274187 0.71046215 3.415978 1.0130894 1.0709068 2.6490428 4.744125 4.262019 4.0446086 -0.26598167 -0.31886905 -0.2650208 -4.5699162 -6.6835637 -4.76998 2.5880518 -2.1202166 4.0077095 -0.14791733 -2.6671138
bisexuality 1.4026629 1.2572172 4.1983943 1.5396733 0.74181634 2.5373323 3.5752122 2.4012015 5.2604218 -2.4645185 0.025046073 1.6207412 -5.068026 -6.3695183 -2.300859 2.515257 -0.14166741 2.8387659 -3.6446772 -2.9419293
adoptions 0.47593904 3.900603 -0.05136946 -0.4479525 -1.3794312 -0.005985521 0.4660688 -2.2617037 5.3508735 -0.18438527 -0.3071204 1.2189564 -8.730724 0.059154447 1.0455811 0.6055347 -1.2428783 4.0037394 -2.1857479 3.345926
promiscuity -1.033914 2.9276502 3.9468105 -0.6879947 1.7105995 3.74948 4.4010043 0.17391965 3.3035202 -0.52280056 1.417578 -1.608012 -6.3065825 -4.366716 -1.8002145 2.2691424 -0.842036 3.892853 -0.9180999 -2.1718462
abusers -1.2158387 2.3412728 2.2296226 -0.518236 1.046265 0.62314856 5.807272 -1.8609196 2.36867 0.07794597 -0.80444276 -2.5936806 -8.246159 -2.3024182 0.8864173 3.1142485 -2.9685216 3.3906124 -0.68293667 1.227331
slurs 2.3207266 0.4842824 1.5718094 4.906264 3.5874748 -2.2693918 8.026773 3.7366545 1.8898023 -1.6547843 -1.2852548 -1.6028754 -5.609525 -5.6149945 -1.9845368 0.37433836 -2.964413 6.040987 1.1815382 -4.502531
lesbianism 0.6624122 1.0302304 4.1057854 0.5358181 0.6094604 3.356854 4.3117642 2.8589766 5.1415124 -1.3422872 0.17534204 0.2132229 -4.5233855 -4.144353 -2.647802 2.544491 -0.9449168 3.9819005 -3.1403947 -1.4682723
interviewers -1.1644652 -1.5056 2.7839766 -0.5450665 1.3079305 -1.4277304 4.9209757 2.5452728 3.0850463 -5.1650715 -1.5710012 0.38580516 -5.4310765 -2.6783555 0.25963902 3.2913857 0.6826712 1.1155025 1.827641 -0.076623544
consenting -2.3799036 1.0043786 0.3372238 -0.2132568 1.8053819 -1.0843903 4.166803 -4.431982 4.705121 -1.4332458 -2.2571456 -0.7354423 -7.60426 -1.8954737 0.9803395 2.79728 -1.0073054 5.695395 -1.8233885 1.0164083
monogamy 0.6222353 -0.1728574 4.4845915 -0.93542457 2.5289836 3.1655285 1.9593784 -2.1373851 5.432088 0.67166173 1.4159297 2.1483712 -6.190853 -3.1110995 -0.9162302 4.1325626 0.072445326 3.9647377 -1.1751893 -1.4622794
delinquents -1.1857371 3.4878223 -1.0211682 0.9762083 0.95626265 0.60304475 5.184627 -1.37326 1.6727268 -1.1016996 0.27041733 -2.693678 -5.2746534 -1.8440547 3.1339085 2.8108242 -0.43004918 0.821238 -0.87097126 -1.0754187
fatherhood -1.0151786 1.5363919 3.0414603 -0.34127206 0.05037745 3.3144016 1.3839711 1.872499 2.9178934 -2.9193115 0.7007418 -0.62124765 -3.92542 -3.7022936 -1.869332 3.5957437 1.5061791 1.7031564 -2.607495 0.6455409
premarital -1.7426149 2.2630618 3.5673363 0.8146835 1.3653728 3.625224 2.4907336 -0.8965062 4.925136 -1.2766484 -0.23902254 -0.35347247 -8.152779 -3.0520809 -0.17911276 1.433017 0.66177285 5.633323 -2.643229 0.13060814
millennials 2.3722541 -0.21351802 0.68672115 -0.96331817 0.6115828 0.07798029 -0.3768629 0.6342388 3.0454636 -3.5712132 1.0221947 3.0321362 -6.935408 -4.6984134 -1.5638628 0.78644145 -0.1723141 0.31515607 1.7092553 -0.3013192
insensitivity -1.479038 0.15596463 4.924936 0.95387363 0.88373333 1.7655003 2.3035638 -0.1754461 3.1091037 1.8882262 -2.0597508 -2.025704 -4.9569354 -4.41374 -1.6638145 1.678473 -0.4123491 1.8859215 1.4922832 0.11458265
stigmatized 0.12413642 -1.2945052 1.7335742 0.5467585 2.8396602 4.5347266 2.1850967 -1.7309077 4.06844 -0.8465527 -0.39930034 -1.743414 -5.5316443 -2.4916637 -1.905546 2.6071754 -3.6528199 4.786405 1.2370757 -1.6867204
biracial -0.6547361 0.43354285 -0.6780271 2.5368412 3.2006643 0.4326265 0.93886566 0.331289 2.4103408 -2.2748132 1.1257242 -0.5282326 -3.9963233 -5.076026 0.12046287 2.8901181 -3.1551046 2.3132596 -3.2239137 -2.1761372
pedophilia 0.0029376035 0.9768382 5.311512 1.4488125 0.2679053 1.3850652 4.8814244 0.88089514 4.2138443 -0.89667654 -2.1280181 -1.0220224 -5.8456283 -3.8860548 -0.1369252 2.385479 -2.0219793 2.4960325 -3.2445717 -0.51223636
polygyny 0.9123306 -0.52012396 1.8762256 0.90159225 3.523063 2.6387002 2.1291072 -4.7686887 5.6777983 2.230002 1.669478 1.9625422 -7.1193037 -1.3415318 0.5670138 3.1191719 0.8917147 4.128581 -0.6722935 -0.5547928
criminalization 0.6900406 2.202503 2.4845648 2.478308 -0.50542575 0.1629936 2.3227262 -0.33482864 2.7328072 1.4854622 -1.3258507 -1.330248 -7.3459105 -3.0023577 -2.0136359 3.1130505 -3.097477 2.6388087 -1.9896637 1.8403
dysphoria -0.7652238 1.6943917 6.6009717 1.6975893 1.2277238 1.756107 2.8593736 -1.3652207 4.895655 0.056164373 -1.4598448 -1.1276063 -5.9265637 -6.6353455 0.70452327 1.1190041 2.4798243 1.8656961 0.11001568 0.5451532
criminalize 0.7155431 -0.028059939 1.236165 0.4181759 0.28820094 -1.5752473 2.9279768 -1.7440405 1.796987 1.7756138 -2.5190752 0.106324136 -6.837029 -0.97786367 -1.6871074 5.1158156 -4.2581286 6.221413 -1.895588 2.3434863
bestiality 0.17355023 2.0271418 1.897527 0.103533566 0.64156973 -0.07130506 5.4312716 0.5004167 3.7836678 0.92266476 0.24561279 -0.42666006 -3.8064337 -2.3871598 -1.4377861 0.68551815 -1.449882 4.31131 -2.659188 -1.4405203
cohabiting -0.9895856 1.3091519 2.1547918 -2.0961132 1.7271932 1.5203725 -1.234556 -3.7980855 2.7845583 -1.87472 0.74338293 -1.0791359 -6.5063434 -1.2238125 2.7603981 1.2452346 0.10846015 3.2503262 -3.5605402 -1.7297826
transsexuals 0.5195616 0.62527674 3.4049563 0.8308317 1.9842281 1.3778301 4.1694746 -1.1563739 4.078619 -0.6511615 -0.8532071 0.66119325 -6.290473 -4.605509 1.8877414 1.3626702 0.7006535 3.254182 -0.7714382 -0.13137814
heterosexuals 0.71405995 1.2609583 1.8355683 1.7080916 1.7757999 0.6197504 2.1732137 -0.9737368 4.043822 -0.94523424 -0.22415556 -0.24716657 -6.3021736 -2.9398015 -0.24256943 2.2180865 -0.62599623 4.8903685 -1.4735662 -0.07398212
bisexuals 2.4398997 0.4996128 0.24367684 1.460531 1.4262489 0.8693994 3.2309113 0.082721286 2.9105906 -0.7510796 -1.0135659 -0.7072865 -5.6423445 -4.886482 0.057863556 1.1539286 -0.936684 4.8567457 -2.4511366 -0.38252616
polyandry 0.689835 -0.79070026 1.5563835 0.18694198 3.5137103 4.0429115 2.7104256 -5.5534673 4.2184834 2.0144904 1.7863237 2.3527513 -5.528834 -2.1068447 1.726017 2.0500891 1.4711456 3.0829613 -1.1462297 -1.4427254
adoptees -0.48240528 1.2190123 0.55555975 0.0099645 0.9163987 1.1495695 1.6244974 -2.679394 4.9895563 -1.7054955 1.0492557 0.9453559 -5.090701 -1.6924881 0.20469338 1.3757097 0.17815448 1.9512614 -1.3600534 2.4644775
stigmatization 0.6108394 0.71790797 2.8105414 1.3659374 0.8534056 3.509656 1.8603137 -0.63800836 3.4045851 1.2590796 0.054753363 -1.350136 -6.0024214 -3.6934297 -2.2042234 2.1542232 -1.2802701 2.3460617 0.23019457 0.3242729
pedophiles 1.003352 0.40889752 1.1493187 -0.6606634 0.9018879 -0.5508937 4.9526105 0.44103557 1.4026765 -1.1311655 -0.35726586 -0.76002675 -5.9435234 -2.6143336 0.32658693 2.251965 -1.6130993 2.573481 -1.9049221 0.3394692