Centroid_131 4.251431846458334 -1.59547600746875 -1.2276414032916674 0.13473233029010423 0.5355520182812498 3.0467839099843737 -4.178122329531249 0.7357427368869791 0.7913381424791662 -0.6345631033333335 4.100249026458335 -0.9352215416093749 1.3846359528968755 4.650021081739583 3.5797442400625 -3.402407829729165 0.9162215386546878 0.4697082881302082 -0.9053047492760418 5.066138032822919
german 4.9303327 -6.9625516 -0.8890788 1.2075658 3.8648727 0.73865086 -0.6846748 0.28323084 6.1730213 -2.6059284 5.856733 0.58348143 3.4047167 6.598611 0.39990538 0.32087147 -4.0870223 -1.4193537 3.632103 6.4126444
france 6.777107 -3.6017966 -4.542924 -0.75991213 0.65711397 2.2933977 -4.6282887 2.9837914 4.7259293 0.19066025 10.373345 1.8800434 -0.84861857 8.245003 -0.057524882 -0.4502159 2.7710793 -5.1835623 -1.3382337 3.7681534
germany 6.353462 -0.12569422 -1.404414 1.9444604 2.199767 -0.15366907 -6.0278835 0.630194 5.9313493 -1.3998021 9.410506 1.5504432 0.6026671 6.867414 0.6570695 -4.3868203 -0.63006043 0.8783834 3.5131521 9.415749
italy 7.966463 2.0575557 -2.8716798 -2.2593455 -0.6136235 4.769107 -5.207512 2.7292926 5.122377 2.5135224 9.401436 -3.0065327 -0.0031523688 5.548149 1.3656623 -3.0924346 1.1302491 -0.84056824 -1.4968113 2.9731565
poland 8.156025 -1.369919 -1.3274579 4.1076093 5.6741176 -1.6477349 -3.7745552 -2.0288935 4.37225 2.3769126 7.763433 -0.73620164 -0.45457378 6.331822 3.8097608 -6.8230624 -1.652532 7.344884 -1.9584843 8.412768
dutch 2.147849 -5.6166306 -4.674155 -2.4943295 3.0968258 2.4486978 -3.5983553 0.5805506 3.833029 -0.9376486 7.634682 4.1103997 2.203059 6.0137424 0.049118344 1.0908213 -3.9152563 -0.8479964 0.6691374 2.9134078
polish 6.755861 -5.9829216 -2.8383489 1.939876 4.353117 2.0425267 0.5788541 0.5121376 6.0401 -1.4599944 2.7050517 -1.4093617 2.2163284 5.1781855 5.5642333 -1.368011 -4.939491 4.0495057 -0.7803146 5.9326086
berlin 4.5441117 0.33387256 0.2682012 3.5140011 -0.87552226 1.2409782 -1.9374818 4.616365 0.96355563 -6.704409 5.292968 -0.07637248 3.9532573 5.504822 2.1531413 -4.726635 0.5874157 -1.6987162 0.31992483 9.894509
swedish 0.78316563 -6.8768935 -2.8182487 -3.5837793 3.6040473 0.06153932 -3.7174728 -0.010606206 5.6958213 -2.3641894 2.8653781 3.3055186 3.220533 3.7777858 6.1294365 -0.8593263 -3.38546 1.5436349 0.6126644 5.1799235
netherlands 3.7603552 -0.8213312 -5.3734703 -2.467507 0.95164275 0.88014036 -7.5367393 0.3277247 5.068624 0.012493905 8.063076 3.3292415 0.26936534 5.8010426 2.80467 -2.3564198 0.6971333 0.956732 0.35520133 6.538967
sweden 2.2732277 -0.8728879 -2.6931765 -2.2200837 2.8916109 -0.99550974 -7.1508946 -1.1699934 5.6769333 0.038492918 6.8315744 3.0905077 -0.28235474 5.36487 5.105913 -4.959102 0.4693229 3.5087967 0.09260041 5.3530135
norwegian -1.1497219 -7.1266184 -4.9902167 -1.3124826 3.5355647 0.5203457 -4.4419193 -2.3752663 4.5016904 -3.0485423 2.6266336 5.221522 2.709926 3.2875712 6.290489 -1.9974114 -4.0467777 -0.48713267 1.0392547 6.640423
moscow 5.813413 0.19208647 -2.4538968 3.512783 -0.026806753 3.2918332 0.60837865 5.682771 1.1509345 -1.3451777 3.9539988 -5.4427953 1.6097946 3.6777914 4.681912 -2.9384708 2.7970212 0.16098428 -0.14042284 11.941194
norway 1.4991173 -1.6710603 -4.8075337 0.20998424 2.7080452 -1.1084323 -6.160281 -3.8834665 4.062954 -0.046672937 6.1259713 3.478125 -0.21124849 5.9991364 3.9196086 -6.8578463 -0.5763172 1.3955381 1.1620162 5.5448723
switzerland 5.1008077 1.5084718 -1.7136796 -2.5501769 0.424779 3.0160434 -8.020338 -1.9385538 2.9988263 -2.044127 7.167532 2.1771517 -1.3588414 4.197988 4.274937 -4.3751936 2.5154443 1.829068 -1.5393503 7.143563
greece 7.3345866 -0.17229117 -3.883202 0.043675236 0.91968864 4.9039025 -2.6077175 1.5000402 6.2611094 4.4360437 7.510533 -1.2137628 -0.5513278 4.516579 -0.8326879 -3.4289985 1.9787921 3.0683875 -1.2070314 4.880753
swiss 4.5825944 -4.244145 -2.2340796 -3.1863854 1.1354383 3.0315127 -5.317456 -2.555203 1.4087851 -0.9555755 2.9783344 1.9502265 0.90738136 5.030296 6.2763047 2.1695626 -2.6480122 -0.050865397 -1.7815917 4.2775917
austria 4.5191436 0.25427467 -0.2923673 -0.37638322 2.29127 1.0651371 -7.280593 -0.57813805 5.0106626 1.2406484 7.6019263 -0.23016678 0.43909925 7.524284 3.723175 -2.673499 0.9425096 4.3147035 -0.3812983 6.819166
danish -0.12035019 -5.5406904 -3.8275158 -2.6709573 2.3625689 1.4805422 -4.138221 -0.00053318 5.416702 -2.056001 3.7624686 4.5029593 3.3472846 5.9956284 5.117028 -0.8306416 -2.9563127 0.8170498 0.50136304 4.0453734
belgium 5.292709 -2.2534614 -4.996202 -2.7307603 0.26008907 1.4353912 -6.852132 0.9898206 4.5766644 0.2417721 6.8081293 1.1856136 0.8874728 6.9788237 3.00065 -3.1639612 1.7508539 -0.030318305 0.29907304 5.1712174
denmark 1.0954808 -0.07249944 -3.8463042 -1.3949187 1.6575791 0.3259914 -6.903922 -1.2148734 4.8350434 0.22519407 7.123173 3.9876242 0.48367903 6.633353 3.4728172 -4.255453 1.1456946 2.655299 -0.33378538 4.7198715
czech 7.6793733 -7.6163025 -2.4038422 -3.0843623 2.872954 2.4800231 -6.882032 1.1297323 4.788471 0.24788693 1.8228503 2.3963778 2.8074865 1.0813484 5.0033264 -3.4470565 -2.1175206 4.9489594 -1.9256307 5.500487
austrian 3.806645 -5.921444 0.21825251 0.7624416 3.5290008 2.9740722 -4.584591 0.3275048 3.771271 0.734356 5.038709 -1.150705 3.2895832 7.5786905 4.0091524 2.187121 -3.2033217 0.6221011 0.050509807 6.167679
vienna 4.7808537 1.0122724 1.7937701 2.8367512 -0.18728283 3.6214194 -3.4259427 3.3857791 3.3928447 -6.0096455 6.0725226 -0.08157789 2.1357577 7.5457273 4.5431714 -2.7342436 1.638282 0.87395006 -2.5898237 9.278347
tokyo 5.0919404 -2.2459948 -7.052711 -3.8975818 -1.5828593 -0.024697827 0.77176875 4.4031134 -3.2913134 -4.28127 3.8946357 1.1545852 2.7101526 -1.1108776 0.6503262 -6.123889 6.198305 -1.7324969 0.6896887 10.742422
hungarian 4.516938 -8.757504 0.22726154 -0.6448412 4.5906844 4.33013 -3.5565398 1.6842387 5.6157684 -0.31774095 2.343842 0.5032352 0.7733976 5.2126184 4.961693 -1.4643952 -3.0437763 3.2575946 -0.9339578 2.6931162
hungary 4.9312143 -3.620889 -0.46723992 0.028425155 4.007972 1.2940186 -6.5433736 0.07302122 5.202408 2.9674423 7.2347054 -0.03661752 -1.2289013 7.3292193 3.1083221 -3.4555326 0.96750623 3.845547 -2.5419738 4.335256
finland 4.110108 -1.5100272 -4.3698483 -1.5928524 2.1073728 -0.099467196 -6.741844 -1.8723595 5.326936 1.9309932 4.6798744 2.2580116 -0.21948308 3.1277616 4.8460584 -6.247235 0.17191541 3.4801652 2.6153116 6.9638543
belgian 4.304783 -7.451564 -3.0675335 -3.8304863 2.074344 2.2532895 -5.003698 2.3869228 2.3257172 0.24163635 4.6359797 1.1288748 2.2859025 5.534789 3.6717713 2.646641 -2.4792495 -1.4032135 -0.3402511 3.3129733
finnish 2.1239436 -6.914187 -3.0687428 -3.357574 3.4951174 1.6535375 -3.7215197 -0.088646285 6.6392403 -0.35351756 1.5073738 2.2122145 2.8459814 1.4544657 6.3693533 -3.2043455 -3.799876 2.1147532 3.128365 5.4020557
milan 6.281922 1.1889328 1.6044006 -2.2926593 -1.8134139 5.346985 -5.415911 6.118992 -1.3644574 -1.5371598 4.9045367 -5.682696 -0.38606852 6.4116044 6.1437187 -3.1023424 2.546827 -0.83379716 -1.9492501 1.7302645
romania 6.8040366 -2.0882094 -0.25925916 0.19792004 2.3393106 1.4874864 -6.065757 1.3834903 4.236752 3.727721 4.6296153 -1.5299656 -2.909765 3.4539557 3.121559 -5.2812815 -0.14204933 3.9088867 -1.1451626 5.2675185
romanian 6.4407425 -8.032659 1.3292195 0.5311383 3.326425 4.7918696 -2.6356318 3.327826 6.340709 0.17412505 0.76638925 -1.151118 -0.44705534 3.246923 4.2451797 -1.4740494 -3.128776 2.958436 -0.75193685 4.1330185
athens 5.868238 1.6907206 -3.1991107 2.7012916 0.99503344 4.8589563 -1.8097004 2.374769 2.235553 0.7199494 6.8507304 -3.040831 1.8146405 2.789477 1.4680362 -0.9428331 4.9988275 1.7692052 -3.6705275 4.5684805
munich 4.2516475 0.82783633 1.0220246 0.67455286 -0.8626605 2.1647847 -4.6186843 2.4996753 0.89225274 -5.4388604 5.4194303 -1.4375892 3.5834634 6.6316676 5.2244105 -2.9703608 2.908613 -0.9731004 1.0928639 9.332658
barcelona 9.27591 -1.4562718 -1.5366242 -3.0345025 -1.2942514 3.5188446 -6.98064 4.00958 -0.8120694 -1.4141903 5.2314034 -2.7001348 -2.7370076 2.6513805 4.1541944 -1.6129586 5.247521 -2.685234 -3.8336017 1.7265353
venice 5.616914 3.7295284 -2.2304647 -2.0092714 -3.8745432 6.3267665 -0.61536545 5.755704 3.0903766 -0.59307593 7.381938 -2.1306956 2.1391098 6.948623 1.016194 -2.6441505 1.8968234 -1.3995434 -5.6628838 1.4928527
amsterdam 3.7458084 1.5530089 -3.0598645 -2.0266247 -1.6629589 2.9897454 -4.691996 2.0336833 -0.5281682 -6.4626393 6.931953 2.5579352 2.9608333 5.524772 3.063388 -2.9559531 0.46016553 -0.8049053 -2.7439497 6.4402933
prague 4.974194 -1.1729776 0.24205384 1.7254577 1.2073607 3.7598476 -3.9219127 3.7157633 1.0288688 -3.4613092 5.211871 -1.3484602 3.473872 5.227483 4.6491003 -5.7447352 1.9919343 1.6300045 -1.7464874 7.194466
hamburg 3.2598557 0.045397516 -0.626973 1.7766773 0.23024999 -0.17034708 -5.8164973 -0.75146526 -0.12594675 -5.904436 5.9931746 0.5125163 3.1489146 6.747577 3.2288046 -4.767057 -0.3752848 -1.6546651 -0.04570926 7.859908
stockholm 2.0768995 0.13592768 -3.0299618 -1.7098318 -0.29173127 1.6947703 -5.073503 -0.67360514 0.16832186 -4.794566 4.0192423 2.7871306 2.4938502 4.9200807 6.596234 -6.7413454 1.5821875 1.3282368 -2.153683 7.451261
copenhagen 2.0823689 0.36594108 -2.5760686 -0.37329054 -0.89974004 3.054192 -5.3931956 -0.6249475 -0.34736997 -4.45684 5.256587 3.5016432 2.7764585 6.795282 4.837508 -5.534875 2.2583191 -0.51669204 -0.834792 6.779068
brussels 5.197297 -1.2364839 -3.0209122 -0.3139157 -2.1099968 4.0814576 -4.4224753 3.924491 0.43297806 -3.7327645 4.467519 1.5223029 0.16616835 7.9039774 3.5720305 -2.416774 1.1495295 -0.7165483 -2.8274271 6.926888
lithuania 7.539361 -0.12211137 -1.4976758 1.8381761 2.204664 1.46494 -3.9642942 0.4959983 4.511896 3.9933276 5.571586 -1.1503658 -1.9745697 6.0985847 4.297825 -3.5040739 -0.07124942 6.541184 -2.9989734 7.297506
oslo 2.1346178 -1.7201489 -2.428133 0.8516364 -0.064371526 0.7048095 -5.499751 -1.3092035 -1.5439981 -5.398016 2.52752 3.2241368 -0.13689783 5.6910424 6.1458416 -8.34514 0.6410412 0.562785 -0.655509 8.447107
naples 4.988549 1.9720554 -1.4779822 -0.47527042 -1.257548 5.554156 -1.532091 1.3048348 1.2751629 -0.48463374 9.230913 -4.6867857 0.4623557 7.853021 0.8772807 -1.248789 1.1947672 -3.9747455 -6.3920193 2.3832006
belgrade 8.188804 -2.3979445 -2.0345743 1.8543956 1.8391191 3.616843 -1.7530926 5.1721916 -1.7722102 -1.3946307 2.9259553 -4.7596655 0.5595405 2.4677625 4.328741 -7.0253677 2.154115 3.4317641 0.8114846 6.253527
frankfurt 5.7240753 -0.6008102 1.7637773 2.0135684 -1.7034035 1.7190222 -5.8614326 2.8626542 -1.8086094 -4.0682673 3.8017745 0.79370093 2.4625564 6.5346766 4.146916 -4.609154 0.97404575 -2.075618 1.3703873 7.351829
iceland 2.0176628 -2.68433 -3.4306371 -1.6229708 1.8187419 -0.9756163 -5.326438 -2.415495 4.567268 1.4246336 5.4003105 3.9479208 -0.7614473 1.4045612 -0.30591276 -5.307724 1.6902424 -0.33311948 0.41989592 4.2315736
lithuanian 6.523461 -4.545024 -1.8146259 2.2182825 3.7103374 3.7271447 -0.8276101 1.1914057 6.820321 0.28578097 1.9906777 -0.87686354 0.24118795 4.1774783 6.546382 -1.2585388 -3.6659293 6.0194936 -2.4724605 6.348405
luxembourg 4.5258613 -2.8161488 -3.103875 -1.1062384 -0.35671237 1.4885645 -7.526221 1.4156518 0.16537793 0.74800014 4.135627 2.3198211 -0.7727477 7.533487 3.848744 -1.9842381 0.28924167 1.5460215 -3.0719604 3.6078675
slovakia 8.006155 -1.0482779 -1.663979 -0.39335686 0.8497433 0.88055235 -8.304206 -1.0762094 3.1435306 4.8837714 2.9658642 1.4983548 -0.5624257 1.336381 3.451012 -7.0549393 0.64716005 6.0249987 -0.85322094 4.427799
estonia 5.241626 -1.9445184 -3.379062 0.47541213 1.3755666 0.51631874 -5.4441786 -1.3753163 4.8696256 4.0394883 3.4450562 0.431259 -1.0833358 4.0480437 4.463085 -5.505374 -0.4763914 2.970399 -0.54408246 6.097512
budapest 4.4659243 -2.5994713 -0.53990275 -0.08115723 0.35098848 3.4778726 -4.6347322 2.0151327 1.1922176 -2.6232839 2.8679302 -1.1238436 1.9508308 4.9615874 6.067405 -5.9256105 2.8769832 0.71292 -1.8433667 7.0178413
lisbon 5.706256 -1.479494 -2.7457588 -0.42731872 -1.895119 2.966501 -4.7357717 2.0943975 -0.4809944 0.074943766 5.291478 -1.3572316 -2.896693 5.030626 -0.6288785 -1.6676608 2.9485598 -3.7211452 -5.7974896 3.0772212
leipzig 3.9881756 -1.5263543 4.042887 3.9168496 0.4229393 1.4216497 -5.432127 1.4818307 3.262501 -6.8843102 4.9513454 1.1516402 4.083511 7.025635 3.606811 -4.4694595 2.2788236 -1.6225561 1.5553088 8.044962
czechoslovakia 6.247994 -2.4851215 0.5370784 -0.20989498 3.5001426 -0.07015109 -4.5343757 2.9164069 5.804402 2.0327003 7.0159802 -2.5044708 -1.3996534 5.31113 3.255275 -3.8431015 -1.9332438 2.7296205 1.3423091 7.8674984
estonian 3.7576268 -7.1524415 -3.2757118 -0.81119394 2.007163 2.9436042 -2.224491 1.4179935 5.4924016 0.6456685 -0.6172967 0.7429363 2.1939042 2.0236866 6.4126005 -2.7863739 -3.207218 2.083597 -0.47516477 5.4075346
helsinki 4.3893757 -0.46541062 -3.621404 -0.5924933 -1.1172814 1.4623394 -5.056861 0.19620626 0.42127198 -2.09261 1.8245286 1.2815217 2.2210014 3.3244002 6.205933 -6.5559683 2.035511 1.7627872 0.46271065 9.436672
kiev 5.596795 -0.47320098 -1.2688301 4.65886 1.2889647 4.7822437 0.45224693 2.9189668 0.24635555 0.49775514 3.4163892 -6.3206034 1.7663865 5.45991 4.180234 -4.9594254 0.70796114 2.7076354 -1.3513573 8.827454
cologne 4.6727767 -0.59550613 2.0385406 2.2662747 -0.29436848 2.3779585 -5.025504 0.7613948 -0.017585343 -5.3968415 4.671947 -0.22026323 3.760597 7.7395263 2.513831 -3.6129348 0.46748605 0.123963505 -1.1367084 5.7712574
nordic 6.8874836 -2.590047 -4.800082 -3.1543355 -1.0450175 4.022191 -4.074779 -1.7186061 5.1265054 1.8354939 1.1246353 6.1700654 2.6832187 0.7278803 3.5805523 -1.0403768 1.0747411 3.4738111 1.4188485 5.183895
latvia 6.2646103 -2.063977 -2.4578738 0.56190145 1.7656358 0.86193204 -6.0151687 -0.40130165 4.524212 3.4307528 3.085089 -0.9562848 -1.6516899 3.5121417 5.0386367 -4.6301365 0.17359458 4.037381 -0.38363928 6.846285
slovak 5.7112594 -6.3581057 -0.52232057 -0.35162088 2.6929579 3.5473332 -4.688918 1.5372986 3.037208 0.92721313 -0.6098606 0.89450604 0.27870715 0.8216813 6.0399137 -3.5218647 -3.4649587 5.2916775 -1.3457187 4.2491317
antwerp 3.9380984 0.099274 -2.706037 -0.9324685 -0.023184825 4.842863 -3.5418131 1.2500062 0.8498984 -3.512472 9.093825 0.5845226 4.0496345 10.024123 4.089692 -1.367171 1.2635298 -1.9659765 -1.3859833 3.9436152
dresden 3.149173 0.2465615 2.160013 1.5555642 -0.41655862 2.4808176 -1.88069 0.44326386 -0.40941265 -5.748608 5.0959377 -1.0397633 4.992893 7.349609 2.544554 -4.2966204 0.6223981 -0.9632281 0.2462328 6.583071
basel 5.6151414 1.0182352 2.0162652 0.6804216 -0.60893095 3.4965553 -7.3084645 0.48172396 -0.024955163 -2.75341 5.5040116 0.66661584 1.4666145 5.9866242 4.653128 -0.95463204 2.6959467 0.8598533 -2.069781 6.591442
turin 5.9110017 2.1937795 0.43629164 -2.044488 -3.5428975 6.318217 -2.940748 2.28976 0.6571746 0.09219658 4.880972 -3.2452395 2.4502332 6.0256467 4.4204097 -2.360735 3.797589 -2.7065287 -3.723238 2.8809662
bologna 6.0302095 2.857775 3.8877857 0.35816392 -2.400542 7.0952206 -5.259247 2.3085413 1.7117931 -1.3288257 4.371968 -3.5186954 0.20774087 5.5038133 6.3548393 -0.5353031 3.2225153 -1.4421818 -3.2409031 3.2362099
bucharest 6.3708324 -2.9934826 1.2142894 2.291282 0.5230837 5.0270314 -3.9208364 4.0944223 0.98069566 -1.8513031 2.016031 -3.5453942 -1.9261373 4.5339613 4.8623614 -5.476246 1.1964854 0.6323567 -2.2474792 6.7669435
bavarian 3.6707957 -4.058544 -0.95272 4.526378 2.3141403 3.1626413 -4.771128 -1.2098563 0.08043095 -0.07068657 3.7480142 1.6685239 3.9076297 9.276986 3.5834305 0.058571156 -2.0208387 2.3993473 -0.53590846 4.562464
stuttgart 4.39544 -0.93956095 1.7370594 1.3564225 -0.54833 1.1914476 -7.2926965 0.25859654 -1.0272933 -4.0906487 4.0113325 -0.087190814 4.103327 6.004178 5.115297 -3.8895917 2.8310392 -1.6775453 1.3317119 7.3540397
flemish 4.7726073 -4.396909 -0.79823095 -0.9312033 0.99838245 6.957014 -4.4617896 1.7263128 2.989195 -2.334023 3.7532585 3.1763582 2.9669273 7.3919716 2.0266867 0.5941547 -6.234347 2.2854252 -0.17628516 -2.1122468
genoa 5.54613 2.0583467 -1.1068218 -1.8810519 -0.8529518 4.1317234 -4.408549 1.4101562 -0.92745113 1.4717773 8.874061 -6.5045524 -0.75919086 7.538322 1.5085912 -1.079179 0.32660103 -3.486823 -3.3147655 1.4117393
latvian 4.940002 -6.7858667 -1.4528283 -0.3788418 3.5522985 2.9208272 -3.4617758 1.3994586 5.3697095 1.0884327 0.42569447 0.42006776 0.6720293 2.351901 7.68029 -2.3315568 -1.4500666 3.757387 0.64091927 4.9546413
osaka 4.060719 -3.687167 -5.085202 -4.9016542 0.15368493 1.2764797 -3.0108657 2.6073606 -3.6207955 -2.006729 4.2443542 -0.21273242 1.4048641 0.12539908 1.7542835 -6.1801357 5.745354 -0.8026849 1.9256887 9.020732
leningrad 5.54813 -0.6033286 -1.540346 5.006206 1.3620602 5.832761 1.8175217 1.4590676 2.3435628 -1.1560432 4.4560604 -5.715931 4.7232256 3.5465863 5.128916 -4.23964 0.511515 -1.3652198 1.7736889 10.582184
rotterdam 2.7192843 0.39717293 -3.2850568 -3.261573 -1.4740158 2.5952582 -6.7775702 1.476611 -2.1705906 -2.509457 6.6115375 1.13053 3.5724313 5.8236303 2.848703 -3.3234408 3.0524318 -1.0400175 -0.64582634 6.477724
zurich 2.7314796 0.9486196 1.2850494 -0.60324585 -1.9416125 3.0776725 -6.558066 -0.7708518 -1.3576727 -4.6643934 3.519348 1.566304 1.6306952 4.1339483 4.6836944 -2.2170022 1.8219924 -1.0260179 -2.3497806 8.841006
bordeaux 3.9737918 -2.9060872 -1.5212368 -3.0605984 -0.22730838 4.0914984 -6.2088146 -0.31686568 -0.46855977 -0.33031353 7.3336573 1.3528237 1.4751952 6.7593355 1.9337198 -0.51351035 3.4416988 -4.3197737 -2.6795983 0.8897503
slovenian 6.4208255 -6.6143665 -0.57004774 -1.4536318 2.7968693 4.3197536 -5.0516067 3.3212738 2.1660168 1.9165709 -0.48662677 -1.09005 0.7493106 0.1885621 6.564733 -4.0488296 -1.2547615 4.847545 -0.04191517 2.001179
baku 4.035942 -0.08825398 -3.428683 0.786698 -0.70781136 5.2053413 -1.7998335 3.723571 -0.00739559 3.454117 1.8389995 -5.0583873 -0.90642333 2.7075179 3.1311827 -6.572983 2.6388118 2.421252 0.8531167 8.380126
kyoto 3.6427176 -5.5447636 -2.5472555 -2.0541282 -0.10245002 4.3695655 -0.4098292 1.3888574 -0.5470037 -1.1310685 2.9445634 3.1038852 -0.16686565 3.6079044 -1.2674738 -4.396347 4.939901 0.5099971 0.1423201 10.344429
strasbourg 5.210499 -3.1929076 1.6565998 2.394054 0.20995949 3.602445 -5.230648 1.2244292 0.5910384 -2.5097153 4.645185 -0.64045364 1.7771062 8.1744995 3.3664925 -0.6367032 3.1425927 -1.6950865 -2.8652577 5.629382
sarajevo 6.997761 -2.9065895 -1.8571202 0.42966574 1.2877858 3.911045 -1.0433418 3.9372056 0.14573756 -2.4134593 2.1123188 -6.2579136 -1.8271904 2.0002747 3.2789228 -7.211716 2.4150827 1.6221831 0.61597323 6.128624
riga 5.6560035 -1.0950705 -1.9763502 1.3801126 1.5837612 1.9529347 -3.7961905 0.7905728 -0.3205487 0.21318616 5.025265 -3.3700855 1.732846 5.6245046 5.3534937 -5.5256386 0.7588907 0.9296546 -0.48991212 7.4872637
toulouse 5.0620956 -4.216035 -0.13800566 0.27459314 0.5641214 4.165188 -5.6957874 1.9581859 -0.9386548 -0.86548775 6.0768294 -1.3159028 0.4188612 7.392023 2.309983 0.66136205 5.1167707 -3.8813322 -3.4411545 0.7785425
salzburg 4.9725604 0.78694516 1.4756452 0.5058781 0.08919324 2.9729283 -6.098733 2.0163717 -0.56854427 -2.7467036 5.189677 -0.63216996 5.2706704 6.3085303 4.33114 -3.4665413 3.0369065 3.5747168 -2.2288663 5.5848265
ping -0.8056073 -7.266726 0.06169581 -4.109131 4.5007668 1.0811685 -4.1200175 -1.9470626 -7.892638 -2.2915635 2.455193 4.6522365 -0.19032332 1.2883891 2.906155 -3.6372201 2.9639678 3.2107804 0.16079225 5.072865
czechoslovak 5.31151 -6.9500794 -1.6901402 0.76538324 2.5285327 -0.34974068 -2.417117 2.3727436 4.199835 1.0570475 1.4625071 -2.14767 1.5055562 4.827396 4.6374106 -0.7441378 -2.9512632 1.3144653 0.86013734 7.214643
sparta 4.1296 0.5180849 -0.14185925 1.2554436 3.6904101 2.3465023 -4.719204 1.2635562 0.21791764 3.1025386 8.868852 -3.823965 2.4152303 4.2205133 0.70022094 0.51671284 3.0695016 2.8748097 -1.6845785 1.9786677
bonn 3.0072172 -1.3196987 2.4407136 4.0442457 -0.37050444 2.7345915 -4.783598 0.14623596 1.5769506 -4.020669 2.7944155 0.51565236 2.1273189 5.52464 3.6855664 -3.341408 0.62046134 -0.53106445 -1.7432272 10.46637
verona 4.9995947 2.6339495 1.1234612 -0.07341626 -0.63437545 3.959873 -4.4048066 2.8942332 -1.321699 -0.39149898 5.7161674 -5.910572 1.7261826 5.416187 3.0983791 -2.7469435 1.2596226 0.08871047 -3.2873847 -1.9860593
weimar 5.0962157 -2.659109 3.275206 3.3665555 0.8712945 3.0928519 -5.101244 3.1880882 6.4668975 -4.301743 4.1653433 -0.76100284 1.5338968 7.5806265 0.8544578 -1.4897463 -3.6878462 1.9968626 -1.5454042 6.940816
ankara 2.7846513 -4.4534345 -1.9857937 2.7839105 1.0228444 3.9249804 -2.118664 1.571969 -1.3763839 -0.020162212 0.5241551 -2.6187613 -3.5017254 2.1784146 3.1885297 -8.333468 2.2721767 -0.0676257 -0.49384764 8.844256
tallinn 3.9332051 -2.004023 -4.1249905 -0.13854045 -0.43290702 3.1821282 -3.618833 -0.2795623 -0.6686677 0.5553265 1.6061132 -0.69949716 3.2411344 4.2659197 6.886107 -7.981171 2.5278084 0.3278875 -0.38485983 6.5866323
gothenburg 1.6941984 -0.6747573 -2.6859632 -2.0204911 0.13505821 1.4440019 -6.315662 -1.4481958 -0.12719935 -3.4443018 3.9926312 2.0391877 3.475026 4.130428 5.7334323 -6.9680095 1.6526607 0.22871318 0.17275795 5.5494685
thessaloniki 6.8558927 -1.0638179 -2.1170053 2.3622127 -0.081176095 7.4501357 -3.6500266 2.6708803 0.43004978 1.2681485 3.678999 -4.5436964 0.94600505 3.529601 1.4966938 -5.1390867 2.8030238 1.9792798 -1.3378869 5.6656504
yokohama 3.0785966 -2.5709987 -6.3944907 -4.685286 -0.69474864 -1.1283909 -2.7151515 1.80019 -3.5925038 -1.1342925 4.296773 -1.2738019 2.903659 0.022385024 2.2514498 -5.05957 4.5130405 -3.6893706 0.63720745 7.857932
tbilisi 3.6949954 0.4074835 -2.6453433 5.0136995 1.5865357 5.6290064 -1.8313771 3.9644673 -0.0713186 1.7324013 3.9037442 -5.437159 0.6974273 1.7809913 2.970341 -4.4551477 0.96532243 2.4108195 -1.8342543 7.7978816
minsk 6.8084197 -1.2311691 -2.119607 1.803186 1.208736 1.6110371 -1.478853 1.6717547 0.09139887 1.1205088 2.3721821 -5.750311 0.89232695 3.1990986 4.957079 -5.6529846 0.58628947 2.778292 0.5489747 9.419931
siena 5.377654 4.6988235 2.7904606 0.9938905 -1.4364215 5.8525643 -4.610559 2.1147065 0.27942377 0.081287034 5.093903 -4.9711947 0.95341253 3.8286731 5.3660545 0.75848186 3.5975037 -0.0975351 -4.8769073 -1.184464
hellenic 5.1231637 -3.866289 -5.1997623 3.407271 -0.3474136 3.3362622 -2.3523922 2.0897412 3.2190852 2.9346356 1.4497515 1.4952202 2.8055124 4.045122 2.2003882 1.031545 -1.3130935 0.64141834 -0.8230344 5.3205304
lille 4.7206607 -4.6761513 -0.38630453 -0.052841876 -0.17194922 4.610826 -5.9795756 1.8101372 -2.4158518 -2.3876934 4.8017287 -1.4319422 1.7777311 6.8915715 3.4298425 -1.9165359 4.8555193 -5.143258 -0.41149992 2.9885747
lausanne 4.657113 -1.5222431 0.47836134 -0.120485574 -1.4763813 3.2972696 -7.0911326 0.55547285 -0.36320522 -2.0929258 3.3477235 0.77979004 0.7256802 4.9592752 4.264185 -1.3803129 3.7990808 -0.88094896 -4.7479863 7.7022047
bratislava 6.1058207 -1.4772912 -0.46289134 -0.28442687 0.17605107 3.5425868 -6.6108146 0.19235557 -1.6688908 0.28833035 1.7319318 -0.88864225 1.2407713 3.4249005 6.1165557 -6.879681 2.2656012 3.1663842 -0.90359175 5.4844623
lviv 6.584353 -0.39172557 -0.50222844 5.1943383 1.1754975 5.4440546 -2.4621162 0.77276766 0.34219372 -0.9015224 2.0545757 -4.788688 0.8852839 3.2005923 6.3629365 -5.2549677 -0.9863523 2.2567344 -0.8509407 8.615721
ghent 3.6465914 -0.6620186 -0.5280264 0.93032956 -0.37346032 4.4773393 -4.9325595 0.62200207 0.89794725 -2.9048994 6.5742054 0.20685512 3.0811455 7.2959943 2.1934364 -0.071750894 2.2755637 -1.9826685 -3.406407 4.2761335
trieste 5.8060007 -0.3235298 -0.87142026 -0.46725097 -1.341852 5.3146014 -3.118519 0.15641549 0.059644442 1.7828952 5.662926 -4.7058144 1.407973 6.085252 1.8958938 -4.5027156 -0.8431395 -3.7600527 -1.3481021 5.361135
yerevan 5.2550683 0.6038827 -2.8881311 3.9717116 -0.88785744 8.095631 -1.8202912 4.1965685 -0.40649807 0.751445 1.1712133 -3.666434 0.08457522 0.98538977 3.4267416 -6.717855 0.98979384 3.302883 -2.3664753 7.994856
pisa 5.5482874 1.1674151 2.8571699 1.6763599 -1.6944361 6.8432474 -3.6648045 0.16168319 1.5597379 1.5846903 5.024489 -3.9971993 0.24299781 6.676844 2.6676934 0.117071874 3.0243757 -2.7823153 -4.1044426 2.1270478
nantes 4.2317157 -3.8783584 -1.4595089 -1.8059088 -0.6559007 3.7198114 -5.0990667 1.0897753 -0.73700327 -1.0483644 6.2150774 -1.4020351 -0.18408537 8.864304 1.2911407 -0.67062587 3.2050655 -4.608496 -2.9993467 2.0493789
kyiv 5.697476 -0.3318321 -0.085158005 1.9765065 -0.74099237 3.7232492 -4.0956607 4.1649857 -0.054795012 0.731195 0.18352285 -5.0599213 0.6094203 1.814501 6.3500724 -2.2956705 1.5954043 2.5246167 0.80841887 8.810013
aarhus 3.7060456 -0.09776478 -2.0855153 0.9034358 -1.2585982 5.5345645 -7.9173913 -3.3640804 -2.970163 -2.869739 2.3806167 3.5740585 2.671838 4.7385907 5.905147 -5.9754143 0.93057996 0.33207038 0.12396608 4.161595
liechtenstein 1.7865192 -0.75199807 -1.5889605 -2.1755426 0.2710893 0.7406769 -6.6078176 -1.5384538 1.9826065 3.6054356 2.3863504 0.94160646 -0.96094155 7.064828 6.147143 -0.30912042 -0.4287001 5.1726346 -4.2535944 3.522475
rouen 3.3443792 -3.7298183 -0.7245735 0.9898963 -0.44245148 3.900357 -3.1981926 0.86272615 -1.1426316 -3.2739193 6.1743665 -0.8289508 2.0135386 9.426788 0.9483037 0.237801 4.113186 -5.6387115 -3.3881958 0.15648866
nagoya 4.7710943 -3.7186446 -5.2959986 -2.7883515 -1.0463934 1.449421 -2.950251 1.0424595 -4.426109 -1.3075844 2.3841448 -0.43360916 2.3538034 0.3757788 1.4508393 -7.0944724 4.8354874 -2.092001 3.5316694 7.557955
groningen 3.5103326 -1.3124907 0.417072 -0.52995926 1.5630109 3.5722094 -9.168667 -2.2660444 -0.6525311 -2.2405322 7.089793 1.539764 1.7591121 5.1248536 2.7389467 -2.0612407 2.2045748 -0.21341063 -0.5560352 5.636579
lyceum 0.60166603 1.9653703 -0.978152 3.5277255 -1.6744202 6.9156837 -3.7140265 4.3588305 0.97455853 -4.937657 2.1417975 0.106390044 3.1397364 2.5069244 6.254406 -3.5651603 2.8075585 -0.9445416 -1.8763409 4.187713
graz 4.4263263 -0.4611503 3.142778 0.34358108 0.65140307 3.3431845 -6.832504 -0.56597567 0.5038531 -2.467664 4.6576405 -1.0102036 4.179276 4.8725705 6.0344286 -2.8680658 2.107895 0.46872494 -0.026066711 7.92872
brno 5.688489 -3.0909152 0.6399751 0.18926044 0.8454092 3.0711646 -5.753219 0.7657073 -0.688467 -0.7199765 2.8371775 -0.12720434 3.763131 4.2357078 6.3744006 -5.7645187 2.8046112 0.68577677 -0.2664793 5.4941244
brescia 5.5439653 1.4200282 2.331233 -0.9664826 -1.0225127 5.0527573 -5.2755594 1.7459533 -1.0588903 0.4264028 4.851543 -6.872842 -0.073338315 5.7089214 4.983896 -1.8164682 1.189763 -2.1135328 -2.3588767 -1.2472633
jutland 1.7655939 -3.0330918 -4.1398764 2.0195332 3.1508048 1.358109 -2.9863958 -3.7838657 1.9388821 2.042372 7.5355115 0.5015994 4.3410263 6.8486695 -0.6045104 -5.3610787 0.4101886 -1.4045639 1.5291824 1.1064197
modena 3.997036 1.8601482 2.3047364 -1.7221771 -1.0082572 5.092713 -4.9385157 1.0036026 -0.6857763 0.78220534 5.5632577 -4.102138 0.596818 6.6363845 5.4380307 -0.4095515 1.461334 -1.7058352 -3.5698328 -0.7668633
brabant 2.9552047 -4.0644054 -1.7777451 1.2593627 3.410184 3.7331877 -7.655656 -1.5343822 0.17990339 0.55145323 8.655658 2.610553 3.190659 8.565626 0.5573081 -1.910205 -2.2374783 0.6535988 -3.8028145 -0.05574094
kharkiv 5.3951383 -0.7506784 -1.062711 3.3732424 0.17700098 4.813991 -2.1877108 1.0975358 -0.6714784 1.1227465 1.2435377 -5.0814695 0.65794826 2.6680064 6.4713497 -4.362019 -0.0894047 0.54889375 1.4996021 9.619629
leuven 4.813982 -2.626094 3.2991214 2.1603436 2.3233802 4.258553 -6.8183575 -0.054276098 1.0445124 -4.9253116 5.701917 1.3254343 2.9414139 4.8624687 4.6663003 -1.199574 2.9091306 0.8140431 -4.155841 6.420278
haarlem 3.9059632 1.6030514 -1.6326088 -1.882528 0.5831734 4.0926094 -4.5823617 -1.6466693 0.030322932 -5.9916635 8.387816 1.4073174 4.1560426 8.392599 5.598642 -1.1653806 -0.7611307 0.5092423 -3.1968124 2.353583
lucerne 2.8459358 0.32831398 -0.4521525 -1.0006557 -0.3618877 2.8096855 -6.4109917 -3.2547283 -3.0302992 -1.4827487 4.29503 1.7984227 3.289212 5.0271277 3.3746433 -3.6142547 2.7175446 0.95358884 -1.6800616 3.7068436
turku 2.1600912 -1.1173908 -2.4176989 0.3662231 -0.33590853 2.9808397 -5.6759233 -3.2307189 -0.16714974 -1.0758351 3.1841626 1.372056 3.3172822 6.298405 5.261786 -6.92618 1.7697026 0.028433634 0.071340926 6.7768846
fukuoka 3.4434137 -3.8863027 -6.3337855 -4.980685 0.611911 0.7613811 -4.073728 -0.12917292 -2.4170067 -0.22950134 3.469175 -0.7443567 2.5336325 -3.0402248 1.7721999 -6.138332 5.0526466 -1.7281575 1.1522149 8.241697
darmstadt 3.1687527 -0.91372216 3.329979 2.0023596 -0.257067 3.381266 -5.4214497 -0.9943701 0.55038077 -4.635712 3.7331243 0.11178633 4.18427 5.649119 4.4618974 -3.8545687 1.727565 -1.929365 0.7322155 7.316625
mantua 3.6275058 2.133716 2.3611326 2.1720703 -0.08793036 5.3705254 -2.1958003 0.56774825 -0.4522535 -0.7170903 6.2923026 -5.1595664 0.73796105 7.876877 2.312449 -0.002177734 1.2363303 -0.78584903 -5.3149076 -0.6821463
linz 3.904613 0.44291535 2.2168856 -0.6863801 0.509015 1.4195744 -5.0364976 0.45126432 -1.1308877 -2.904408 4.2396126 -1.2441994 5.135734 4.9566655 5.136505 -2.6926048 2.4401157 2.3026798 -0.20268202 6.48662
tashkent 2.7314563 -1.3601195 -3.5479941 1.5993606 1.1750056 4.3675065 -1.5537993 1.5159913 1.0070697 3.7074614 2.9203482 -3.9192946 -1.7305423 1.9439762 2.5741735 -6.2518373 3.6263778 1.8462101 0.55558366 9.454926
avignon 4.0510526 -0.8380738 1.8044289 1.9636481 -0.90409935 4.0737877 -3.2006416 2.3956788 0.90834635 -2.0994878 5.634461 -2.074857 0.6052558 9.67149 0.3862067 -0.2750556 4.001097 -1.099374 -6.1623673 0.40268636
rennes 4.6562395 -4.306529 0.2666506 0.0132923145 -0.25916356 4.1567883 -5.618578 1.8421378 -1.5796828 -1.9063721 4.577074 -1.5061234 0.4466603 6.776418 2.8384273 -0.7995699 4.9797096 -4.5903945 -2.528259 1.8124048
maastricht 4.1682224 -1.9542124 0.6860083 1.3203549 -0.49758434 3.1503854 -6.9448476 0.033632472 0.218722 -0.7127457 3.5922873 0.80389637 1.4953146 7.0129175 1.6754144 -0.38631508 1.1394697 0.731791 -1.4190115 5.328929
perugia 5.2263436 2.9015112 2.5801907 1.0539674 -1.2863314 5.951549 -5.0900702 1.7092111 0.6324424 1.0030819 4.926577 -5.9367757 -0.37863788 5.1985793 4.6720424 -0.91262025 2.148403 -1.039574 -4.1351795 0.87976307
chiba 1.746976 -4.826215 -5.6384563 -4.1088476 1.9932879 1.3933066 -1.5853901 0.14140102 -3.0699558 -0.6471083 3.1737752 -1.9369454 2.604795 -3.2799437 1.4339842 -7.1748834 2.8324652 -1.7761197 1.7762597 8.301828
kassel 3.6185963 -0.29403803 2.3403442 1.817121 -0.6022808 1.9172227 -5.6314516 -1.6384801 -0.567136 -3.697569 3.7496884 -0.4365923 5.0751514 5.998757 3.1086502 -3.4920864 0.958924 -1.1936259 -0.18177009 6.616591
bruges 2.4390283 -0.29466066 -1.2087327 -0.24577479 -0.68250525 5.134655 -3.5641828 1.4030666 1.1500826 -2.5794594 6.366489 -0.39292294 3.0835724 9.039705 2.1916366 -1.2287441 0.8755873 -1.4011873 -2.6257498 1.733614
nicosia 4.3775597 0.3758525 -3.729551 1.397572 -0.47664565 4.8644266 -3.5152884 1.9467767 -2.1981058 2.4431915 2.2497656 -4.800811 -1.7018558 4.2103505 3.2304072 -5.208004 1.9430032 2.4369924 -1.8714451 2.9582899
wiesbaden 2.8663096 -1.2500182 1.2845771 2.8797219 -0.08176616 1.6509229 -4.7149835 -0.9098593 -1.2511098 -3.84294 3.1519692 -1.2662138 3.831861 6.419503 3.5947812 -5.9594684 0.9504269 -1.3855294 0.95262027 6.4706793
sapporo 3.9360151 -0.550309 -5.2314916 -3.7057362 -1.7364433 0.47243047 -3.688766 -0.56799483 -2.421151 -0.33799538 2.488382 0.6160465 2.9836452 -1.051909 2.4836452 -7.7427645 5.480978 -0.9506567 1.8387423 6.735269
rhineland 5.521842 -1.3517749 0.37513116 4.502352 2.0487535 2.5536208 -4.02862 -1.0870185 2.8784842 1.5076647 6.401063 -1.206299 1.8817258 6.8038063 -1.5182478 -1.0715595 -3.3063698 0.861823 1.2047395 3.9074612
vicenza 5.974658 2.4983375 1.8894595 -1.568209 -1.4128839 4.0485373 -6.742575 1.6016982 -1.2749528 2.378371 5.5082183 -6.731947 -0.40862337 6.171917 5.560987 -1.7704452 0.0031096577 -1.7827699 -1.8132366 -0.8564312
dubrovnik 6.973223 -2.5945594 -1.359215 0.5061476 1.17417 5.0416474 -1.3620554 0.7205351 0.5406135 0.23763314 3.7768917 -4.169462 -0.6108867 5.227088 1.3785596 -5.7980013 0.53424037 1.5432025 -1.8086579 2.8551018
delft 1.9507984 -0.92541236 0.22534554 -0.5691846 -0.83089775 5.4438214 -3.3106885 -2.1625915 -1.1520332 -3.2611268 4.4640994 3.4962082 4.9026904 5.654846 3.8263068 -0.6191437 0.82851183 -1.4438843 -1.0738155 7.2593036
piraeus 5.4494286 -0.33918408 -4.333007 -1.4536655 -0.6407331 3.5329845 -3.577162 1.1357743 -2.2147496 4.0844316 6.0203767 -3.897783 1.8752016 6.1805506 1.4979079 -4.129717 1.6801682 -0.8627137 0.11037169 3.692082
livorno 4.300536 1.6827259 -0.6349329 -2.132068 -1.6501621 4.465703 -4.244855 0.9194625 -0.44525075 0.7348131 6.146294 -5.9883423 0.78768224 6.2633443 3.9154227 -2.5714004 0.8031201 -4.075631 -1.8531427 1.7912487
astana 5.5573072 -1.2763284 -2.601032 -1.2502174 -0.93274003 0.54647624 -4.0740595 3.693102 -2.4691498 4.5239744 0.90091634 -3.3763826 -2.1709316 1.6177707 3.8055294 -2.3622587 3.9965427 2.6388404 0.09285357 7.4655747
tampere 2.946117 0.8038808 -2.520423 0.07504617 -0.21171829 0.9798569 -5.1929317 0.8210626 -0.42415854 0.2869932 1.4252107 -0.7176529 2.6663735 2.0533946 6.728001 -7.237355 0.45829976 2.6159136 2.4847038 6.3534718
petrograd 2.9300334 -0.8368189 -0.23558274 4.8414245 1.4417118 1.748129 2.4502194 4.221088 1.7512001 -1.9198029 3.4389231 -6.370893 0.31653973 6.130136 2.4846985 -2.4852858 -2.2855449 0.9269282 0.78103375 9.421015
valletta 3.4635906 0.82580155 -4.501329 0.047175355 -2.3237538 3.6381836 -1.2907897 3.6752858 -2.0363111 2.8007002 3.0459745 -4.63606 1.7017453 6.5810933 3.5503008 -1.7962509 1.8510582 -1.008526 -3.4523342 0.030925022
walloon 4.667817 -7.230629 -1.2764801 0.66237164 1.871902 5.1792774 -5.471909 -0.6072293 0.82537025 -0.4988318 2.5662959 1.9616048 0.59795177 6.69549 0.52418655 -1.7860479 -4.3666363 0.50015885 -1.3061135 -0.31809357
pristina 6.1105113 -2.420911 -1.1917555 2.7090964 -0.34769824 5.375369 -2.225628 0.5924599 -0.67972696 -0.9838031 -0.25080422 -3.18769 -4.962176 2.028567 1.8919853 -6.5523148 1.6859981 1.4143388 0.63902134 5.7590384
odense 1.1656389 0.08912358 -1.7761198 -1.828486 0.58390737 1.7583115 -8.120281 -1.9649569 -1.7080692 -1.9008855 3.7782743 1.0705992 2.9323826 4.064943 7.306996 -5.4575257 1.8744346 0.79775214 0.5309883 3.350335
gotland 4.131874 -2.5761168 -4.2005405 -0.19466639 1.8417993 0.9777739 -1.4766992 -6.641083 1.7180237 1.8745261 5.3617754 3.571135 4.3606625 6.9003954 1.9996771 -5.6962667 -1.7174929 1.0149727 -1.5625306 0.8509173
fontainebleau 2.5765467 1.0347786 -1.227353 -0.663395 -2.8590746 4.1113696 -2.734034 -0.40367448 -0.58092165 -2.206148 3.725597 -0.5321004 1.9643358 6.316539 1.8802563 -0.54004204 4.0069056 -2.231785 -4.4128394 2.460444
adana 2.972197 -3.510787 -2.214008 1.6581675 1.2117834 4.7690635 -2.7331283 -1.0475994 -1.7557302 1.8324965 1.1026543 -3.7954307 -2.73654 2.2301064 1.7806004 -8.767828 2.2473426 0.031072684 -0.012984036 3.3500829
patras 5.0761433 -1.1658344 -2.2124388 2.1655507 0.35759905 6.677734 -3.9319096 1.4817822 -0.8334633 2.915785 4.643397 -3.386667 2.1873252 4.228712 1.4967883 -4.278956 1.9768836 0.115604475 -2.2294486 2.1538446
mostar 6.6005864 -3.6575549 -0.2351187 3.4639626 2.9970188 3.9634597 -2.2260911 1.0019481 -1.8465636 -0.55007976 1.5364233 -6.8445764 -2.5210953 1.5082376 3.8549879 -6.774194 2.3166583 0.9424176 1.7912695 4.021288
roskilde 2.273513 -0.11031208 -1.5389408 -0.8069058 -0.5665917 2.5255084 -5.947315 -1.363063 -1.3082117 -2.4451203 4.14722 1.8651872 4.2273965 6.1964903 1.2053927 -5.7058516 1.6639384 2.8862324 -2.563676 2.7925436
christiania -1.5598032 -1.397629 -1.0394944 1.2356315 1.3972965 3.059186 -3.3995738 -2.2280998 0.5658883 -6.025829 4.332529 2.1817286 0.75019485 8.042265 6.984547 -5.0025764 -1.986377 -0.82524294 -1.9000037 6.0949802
karelia 5.3303 -1.917335 -2.094275 3.3565204 3.1393578 2.6668277 -2.9529815 -2.6034372 2.6462693 3.7574704 5.2235765 -1.0328674 2.9149058 2.615325 0.49829257 -7.0061817 -3.5046659 2.586215 0.9048635 5.745162
davos 3.023809 -0.2942708 -0.76023155 -2.8191648 -1.2254696 3.0413363 -3.9691784 3.7109816 -1.338785 1.5715114 2.678626 -1.0971817 -1.1784475 0.55072576 1.0237554 0.17447704 2.7036524 1.0669124 -2.6934493 6.6436515
kirov 2.689025 -0.99700546 -1.1422015 0.7476555 0.17169909 3.9816322 1.5416123 0.0034280093 -1.063679 1.9997463 0.9625372 -5.874844 3.9902422 2.5282722 5.060259 -4.5943108 -1.7081574 -0.48275417 0.66212577 5.347783
perpignan 4.7414513 -3.8988054 -1.9119228 -0.98721015 0.08219438 2.6919456 -5.6132083 1.6487188 -0.8445563 -0.45741618 4.6624594 -2.672798 1.1121755 4.3732986 1.0281639 -1.0988587 3.820435 -3.3134527 -3.0815141 1.1063446
yekaterinburg 3.914184 0.82580745 -2.2439048 0.5137658 -0.54824746 3.8128393 -1.1420842 0.49728686 -0.98510855 2.157039 2.3494093 -5.2639985 1.6925464 1.6325811 3.8866227 -4.5910163 0.29892614 0.019613314 0.68468785 7.0317745
liege 0.41498625 -2.6200569 0.26697165 -1.5824287 1.2226001 1.1464287 -3.8033142 0.8841083 -0.17218111 0.5642098 4.523275 1.0641228 2.5511005 7.7980947 1.2216139 0.27925634 1.0996549 1.4631838 -1.4029648 0.6759548
trianon 6.281603 -1.2906009 0.48971793 -1.0267807 -1.8045199 1.9322245 -6.159456 0.44042078 -0.7451081 2.052102 4.3948927 1.5003073 1.4077541 7.47878 -0.45291615 -1.9204901 -1.910541 1.6324319 -6.8274803 1.0061188
tilburg 2.7901905 0.10169098 -0.2244253 -1.8464774 0.015499799 2.9371552 -7.3376303 -1.1349149 -0.847032 -1.5549121 4.586404 0.6447143 3.7373674 1.818721 3.58805 -2.575677 1.7396473 0.005953571 -1.3143051 5.2155895
vitebsk 4.9563065 -2.2209117 -1.573775 3.273419 2.4470222 3.948396 -0.76837325 0.09694825 -0.691394 1.9382969 2.9821868 -5.914216 2.8529894 2.7528603 2.4313018 -6.1017947 -0.2536576 1.5799809 0.2439489 5.0136805
padova 4.7438045 1.8611245 3.7307925 -1.7344109 -2.1549423 3.5328498 -6.8551474 2.3830037 -0.9713735 1.177897 2.7107246 -4.633182 0.92142546 2.1701891 5.943605 -1.7662038 2.195131 -1.9258009 -0.49723962 1.2322026
dordrecht 1.2900525 -0.8472878 0.3029175 -0.79086715 1.0600009 1.7993525 -5.7770433 -0.6125211 -0.6468375 -3.1205404 6.096562 0.014830811 3.6399627 5.820165 2.1225154 -2.254532 0.051681284 -0.48347208 -1.6693244 2.9751627
izmir 1.9995079 -2.831809 -3.4997666 0.7235549 1.2976583 3.2063644 -2.0494502 -1.16093 -0.02597401 1.0958523 1.3866401 -2.6397405 -0.8067856 1.3643336 2.779588 -7.821605 1.6730038 0.74048424 -0.824203 5.5808096
oulu 2.705595 -1.5858182 -2.2339232 -0.0075309128 0.55329305 2.4209142 -6.270465 -2.3228774 -1.932712 -0.2806118 1.4168663 0.86980754 1.5037493 1.2638869 4.9834337 -7.6512876 1.1660273 1.2131277 1.5116241 5.545501
czechoslovakian 1.9069959 -4.822544 -1.0168208 -2.361744 2.504724 0.44702616 -1.1473683 0.65878093 2.1845417 1.2012454 1.7379973 -1.3537309 1.3780605 2.3336778 4.158501 -0.70930076 -2.99758 0.7488359 0.28896034 4.557169
tuzla 4.4162345 -2.5925558 -2.0429873 0.88942987 1.8781692 3.7124717 -1.50147 -0.5926055 -2.3408895 1.1898342 2.049447 -5.8595476 -1.5562146 1.8313483 3.1592524 -7.10539 0.7379478 0.34410757 1.8461101 5.497046
szeged 3.0256488 -3.1460958 0.86654025 0.1421722 2.0483406 3.8369112 -5.048547 -1.2490034 0.67382866 0.25472873 2.8485081 -0.7047937 1.3643906 3.6177402 4.982591 -3.5151086 2.08463 1.0899559 -0.65481156 5.3711286
komsomol 2.9743664 -2.6989362 -1.5118307 3.6126525 1.7370721 3.4044752 2.0327663 3.1364837 1.934909 -0.5914941 -0.13918743 -4.606992 0.14659233 2.4249346 5.994401 -1.768271 -3.1208599 1.5690545 1.4435009 7.582864
kragujevac 4.7433715 -2.9544601 -1.126342 0.31474623 2.3023746 3.2751138 -2.937786 0.52847576 -0.8086853 -0.34954622 1.4207444 -5.1782284 -0.7450221 1.4988868 4.626506 -5.9704213 0.41009098 1.9194698 2.2022815 3.8413255
conservatories 3.8567514 2.8740354 -1.7036669 0.5801222 -2.550639 8.050648 -2.7469819 -0.75021094 2.5638077 -3.6399906 -0.17285776 1.1494236 2.78805 0.58184266 5.9661274 -3.4428008 0.28883937 1.8488623 2.537338 2.7588637
hilversum 2.0671182 -0.3692572 -1.1018773 -2.2563848 -0.81763303 2.8455486 -4.947714 2.0134494 -1.3153163 -3.2190917 2.76082 0.5839593 2.2299352 2.086952 3.4301922 -6.095771 0.1435182 0.4499317 -0.035857275 3.9527473
vaasa 1.1734525 -1.3539525 -1.4721777 -0.63516986 1.0415515 0.6600566 -4.8174586 -2.2303116 -0.99047595 0.21984147 2.1220467 0.57269466 1.0807084 2.8946412 3.7222228 -5.7603455 -0.05145641 1.1653813 0.99404037 3.9106398
hasselt 2.8990576 -0.90977573 -0.024292557 -1.5737964 0.0220151 2.6723115 -6.0879297 -0.35161337 -2.198135 -0.097868614 3.9097323 -0.19703658 2.7799895 4.11548 3.7966542 -3.5943239 1.3081117 0.32449105 -1.364659 3.1910787
vaduz 1.6593851 0.5351098 0.5283793 -1.1623238 0.4497169 0.74546546 -6.4571066 -0.13981448 -0.98913413 2.151722 2.825376 -0.92562294 0.04024997 4.588984 6.0246997 -1.2651016 0.78791744 2.786989 -1.7992581 1.4955207
apeldoorn 2.3471737 -1.5337209 -1.4248608 -2.32501 0.52020085 2.4075289 -5.546653 -0.86610436 -2.9253924 -1.2369537 3.1172237 -1.2802924 2.2303813 3.8035035 4.6043386 -3.041012 1.6649166 0.6513242 0.4482178 3.6482813
zhytomyr 3.4139028 -0.7045598 -0.27228826 3.658111 1.1451745 3.8341093 -1.4189785 -0.76795393 -0.19935207 1.746559 1.3373532 -4.402607 0.46561828 1.6251858 3.0800614 -5.2078724 -1.174289 0.7588663 0.027221408 4.4104333
cherkasy 3.5160458 -1.0258148 -0.5965648 2.389319 0.6554656 3.020372 -1.7129345 -0.86388856 -1.2828457 2.7105186 0.77287585 -3.806343 -0.15664798 1.4256747 3.4360158 -4.1050415 -1.1291287 0.44606453 0.32749864 3.4306345
gdansk 2.20273 -0.40434268 -0.68503946 0.018237088 -0.264621 1.0196549 -2.3739114 -1.010798 -0.6658188 0.42219436 0.9732767 -0.8847948 2.64506 2.5961905 2.9374678 -3.0915804 -0.5005798 1.1257029 -0.92237693 4.1509953