Centroid_84 1.2694316189764103 2.2434241582256407 -1.9225297003230755 -0.27787278084102557 -1.1458018706358972 -1.9530556629487172 4.7770339537435875 -3.252520953133332 -4.875060861230769 -0.0755833830984615 2.0847493299897435 -0.37007164003435894 1.3158078733292309 4.122700157164101 -0.007600314669230814 -0.46636207964307674 1.1747484019266659 -0.886239676049744 5.160379509282049 -1.4992559703584616
small 3.954388 0.6332457 -3.9969976 0.13663435 0.3353038 2.8733752 1.9042581 -8.870543 -3.0711386 -2.1225886 1.0083702 1.1325456 0.37115902 1.6139804 -1.3681936 -0.15759973 -1.4776556 1.4871358 5.1451516 -4.314614
large 6.542857 2.8695567 -3.5526538 0.42248914 -1.7167721 1.9109201 2.2508698 -8.306286 -0.70842594 -0.053971596 0.87029207 1.3190887 -0.7312426 3.3418314 -2.1721902 0.66199625 -1.5880076 2.2787964 6.411969 -3.6609123
ground 2.8437407 5.2870164 -4.317652 3.7869418 0.93552655 -1.160418 3.581122 -2.9333239 -5.4634686 4.046837 5.029891 -1.092356 -1.153031 3.1369617 0.12494752 1.353798 5.979566 1.0644271 9.071664 -2.2598193
train 0.38206998 -0.7882737 -4.2990813 1.2829431 1.4086051 -3.9422374 3.7214353 -0.96440524 -8.242127 -6.089972 4.038889 0.32052577 -3.4423866 4.348166 0.07103251 -3.239322 5.6711082 -3.8543062 9.707118 2.306779
inside 4.279499 2.4943657 -1.2443883 -0.752028 -0.01702005 -1.9208741 7.5041633 -2.545871 -7.6295886 -2.2552369 1.0987055 -1.8779628 1.2681838 1.7865273 -1.9496746 0.8716606 3.1852636 4.8272567 3.5051804 -0.7960687
feet 0.13949974 8.074804 -2.4555895 2.5489738 -2.3047168 -4.3277464 7.201475 -8.401186 -4.3264446 2.4464483 1.2503911 -0.9500326 2.5898054 2.2103786 -1.0524602 -3.020789 10.90197 1.7475896 5.9395227 -6.818739
onto 3.9311783 2.2295792 0.12723237 -0.15578155 1.2812634 -6.3682466 4.6574144 -0.9892812 -9.819621 -1.1697351 3.953578 0.2004041 1.2903183 1.885554 -2.513513 0.87790275 3.8807762 2.743011 6.6192603 -1.3122258
foot 0.8771873 2.5713553 -2.3288455 2.3565726 1.8503227 -2.050155 5.624531 -3.928456 -5.741084 2.109931 4.0822587 -2.6360714 3.8602843 3.0823083 0.72892886 -0.53628063 7.189228 0.100603394 5.064174 -3.7962606
repair 2.094648 5.4518237 1.4386628 0.9011306 -4.9489856 -0.53719723 3.9274635 -6.284068 -5.950907 -3.4076958 1.4887835 -4.6553035 -1.5475088 8.027032 0.13832165 4.9492545 -0.044989534 -6.194535 7.187384 3.3463914
deck 3.2189336 2.891891 -2.707792 0.026713572 -1.851166 -7.0810003 8.711667 -2.7357655 -7.5979404 3.0425136 2.124601 1.3987145 3.881548 6.879026 2.985937 0.27706835 5.765869 -1.2005211 9.528308 -3.53647
stops 0.96405256 0.08877396 0.30342838 0.0500683 1.1211593 -3.8008957 3.919584 -2.2721505 -7.5404596 -3.9923544 0.7078479 -1.8335296 -2.6802475 0.15260947 -1.7434198 -3.1247244 5.3260145 -0.40013003 6.6822233 -2.7327454
pit 1.5871192 4.5754886 0.66746384 -1.9163301 0.023797642 -4.1580777 4.1703496 -1.9518144 -9.57855 0.2564352 5.707486 -2.4690268 1.197954 3.225716 -1.0230958 0.3091918 4.1667614 -1.9205967 6.2802324 -5.2890873
empty 3.0637858 2.7876093 1.5636289 -1.8842716 -0.79886734 -2.954839 5.145613 -4.490716 -6.491669 -3.1423068 1.4721326 -1.084636 -0.5921759 5.8521447 -2.439327 0.6625073 3.6065207 4.018432 3.3067305 -3.8226519
stored 3.237585 2.391487 -0.07249861 -4.585406 -6.041774 -3.5817814 4.6872544 -10.678293 -4.5784445 -2.0812235 -3.823666 1.7021517 1.7979325 6.9108806 -2.4421825 -0.34250185 -0.08718784 3.519988 1.8588638 3.5717938
shelter 1.4444294 6.816576 -5.3246946 1.5916032 -0.52503836 2.4484406 9.185227 -4.4115415 -6.982091 -1.7871814 5.387895 -1.5298885 -5.1389737 2.8639743 -2.097457 -0.3515721 1.690045 0.7012466 2.651975 1.6747907
quarters 2.460332 3.867323 -4.5902114 4.2564635 1.0070524 0.45933688 6.030048 -4.2437735 -1.7371631 -2.6990151 3.086636 -3.1112342 -3.0242734 6.433052 4.4128003 -2.213441 2.6454668 0.0007430237 2.96722 -2.915003
shed -1.8886486 4.4165235 -0.8291742 0.2262901 -1.5654967 -0.50811136 5.2297316 -4.0017295 -5.937084 -4.5538716 2.239067 1.1797397 1.4669653 5.7949934 -2.4401753 -1.6094607 0.038488686 0.9819023 7.8284683 -2.5032947
cabin -0.70359254 4.120136 -2.4185882 0.8109117 -0.26095632 -3.3846374 8.716198 -5.519827 -9.509604 -4.222864 3.9265347 0.9790252 1.531188 3.6538699 1.6396705 0.33553803 2.1255455 -3.799483 3.542363 -4.085954
log 3.752402 1.8677975 0.18005033 0.7108526 -1.6811353 -4.57747 5.5276217 -6.7310596 -6.6915913 -4.250928 0.9432188 3.9470332 1.3330235 3.4399192 -0.596862 1.9160553 1.354937 -1.5462744 1.1596948 -5.4950733
trunk 0.5378005 1.2853777 -1.6072384 1.7911937 0.9790636 -2.6224122 4.070161 -4.89676 -8.96862 4.0168524 1.8505393 3.4656715 1.405579 2.4806366 -0.8623437 -2.6269865 2.6504304 2.7687488 4.9411507 -3.4695847
shells 1.937838 3.1776125 -0.0455181 -2.581388 0.57754207 -4.3371673 9.400926 -8.666816 1.4157634 7.0164747 4.8126974 -0.68676853 4.7137933 4.5049567 -0.38965836 -3.111292 -2.4644604 -0.6752959 7.406697 -1.8692243
floating 2.7315016 1.6940439 -2.2413776 -3.5569944 -2.4471152 -0.643002 5.271954 -6.1843905 -6.297375 0.888312 2.6760607 2.4025486 4.0004992 2.8913887 -4.45968 1.1521591 2.5467842 0.028140254 4.084348 0.60580814
carriage -1.2510835 1.4194361 -3.3273106 0.24989012 -1.043119 -3.6040545 4.922595 -1.5535061 -7.4435 -3.0538878 2.611893 2.3227425 -0.8074166 9.014699 1.3411515 -0.94697607 0.21753769 -1.777031 7.5482097 -3.3616204
wagon 0.5594842 -0.5054977 -5.535555 -1.7915864 1.3536903 -5.3604646 3.962684 -2.6567993 -8.993325 -4.8988194 5.8882813 2.9725661 1.6530845 4.8366494 -0.36917832 -1.0905328 -1.5698464 -4.166732 7.3217397 -4.665579
atop 3.836879 2.187748 -3.481544 2.2149317 0.012692631 -3.979475 3.9859118 -1.986 -6.2001925 0.3082265 1.653462 1.2193468 6.7933717 0.53636813 -0.5363743 -2.6592789 4.749889 3.4564867 1.7222027 -3.3936396
underneath 2.1974967 2.864244 -0.16722116 0.6251347 -0.11910895 -2.2051768 5.918726 -3.2218351 -8.449661 0.25925615 1.5097139 0.08267539 4.9994745 2.0706933 -3.019631 -0.67319155 2.7558832 4.8437567 4.109986 -2.8887582
fence 3.4283686 6.423751 -2.5710392 4.127757 -0.15690821 -4.2427974 8.106664 -1.2808727 -9.006465 2.5380821 3.7623594 -1.7842733 -0.4262515 4.075465 -1.4912394 1.3756336 1.7371227 2.6831186 5.468017 -4.8864303
repaired 1.0617546 3.238183 -0.612958 0.68274283 -3.9438004 -2.8597057 3.041292 -4.7295337 -3.559578 -1.5473684 2.2815504 -6.283674 3.2372658 11.434083 -2.935791 0.61741096 0.518415 -3.4443436 4.3604593 0.6412109
locks -1.3592285 3.9757254 0.59329516 0.9456938 -2.042423 -2.9121623 4.966378 -3.3402998 -10.332828 0.7331887 1.3045849 0.4530134 0.44630682 5.602302 -0.5309714 1.118386 3.0855424 -1.0939974 5.570719 -3.3590567
stairs 2.5203953 4.2202153 0.03297046 2.0442379 -0.25328946 -0.4918082 9.031491 0.948661 -10.139318 -1.3562328 2.8595502 -2.9742942 1.1854659 4.405683 0.5314934 -2.0747442 8.450233 1.9755585 5.800357 -4.5238843
wagons 0.7508362 1.0063127 -4.563946 -0.5660525 1.0612025 -5.3689346 4.067386 -6.0902166 -5.360503 -1.7556849 6.0136013 2.2396276 -0.986384 9.747573 1.1406701 -3.679848 -2.0031464 -3.3793721 11.587317 -4.3399124
elevator 0.12463695 4.4090624 0.79113746 0.115439676 -1.8461992 -3.4631867 5.329465 -1.4109123 -11.232925 -3.3990388 1.5379848 0.5210261 1.0279757 3.7742102 1.1386206 0.17731324 1.143168 -0.6558935 6.6125107 -0.81347096
hut 0.28155217 2.738605 -4.2196736 -0.7641531 0.52436095 2.666689 5.4614134 -4.301681 -7.967512 -2.0218377 5.294856 1.1169944 3.0856838 4.1879544 0.8440889 -3.3403816 1.915105 -0.07380867 0.90157175 -2.1199112
shelters 5.7472367 7.358448 -7.1607184 1.9771243 -3.542525 1.085428 8.755043 -5.9807153 -5.0547953 -1.4707562 1.5819961 -3.2019846 -4.3225093 2.809899 -0.74392045 -1.3081406 -0.7319251 -0.1682023 4.9930625 1.2795293
ramp 3.3969228 2.1945515 -1.826405 1.7921863 -2.521148 -2.9679224 5.2304173 -1.1801901 -12.351756 1.4415606 1.0012202 1.4736292 0.8396169 1.9548237 -0.7707343 -0.86554086 5.8577676 -2.2208626 7.4988365 -1.434773
mast -0.79944104 0.82706505 0.15683329 1.8240287 -0.90099674 -4.6331635 5.801154 -3.567526 -4.145776 2.1613343 0.5300102 1.6070745 5.2301855 3.3314393 1.3875325 -4.7083197 3.8210344 -2.65078 6.207345 0.07442885
bunker 0.6028185 2.1186275 -1.8048003 2.3651605 -0.42125282 -2.7549922 8.008348 -1.1002779 -6.1328816 -0.075756215 3.833731 -3.6548684 3.461934 3.4045508 -1.432727 -1.0205652 -1.87805 -4.2772183 2.0948985 0.7861197
logs 2.996304 6.6227603 -1.1506858 -0.3509803 -2.032645 -4.977991 7.7873487 -7.990721 -5.144646 -0.5862572 4.04038 3.6385562 -0.71390206 3.3101149 -2.4169862 0.60772634 -0.67899776 -0.5474794 4.362674 -3.4076715
pile 2.617948 6.4572616 1.7426399 -2.945883 -1.0807129 -3.7150526 5.3998966 -3.2742047 -4.9607224 0.84273344 4.578922 0.058866844 2.7082787 4.7653084 -1.3005202 1.426562 1.3880987 3.9078515 3.6652436 -4.6689134
cart 1.0043745 1.0880045 -3.8680553 -4.9738197 0.11374808 -2.784944 3.6382732 -1.4476025 -7.8219295 -0.7873305 4.217322 2.0697014 -1.1738342 3.0922058 1.9441997 1.6009679 3.8619237 -1.419702 4.16359 -4.354456
float 1.2404641 2.4065897 -1.8948132 -4.133442 -0.8112576 -2.6457357 3.3555439 -3.6505303 -6.0165257 0.9543305 2.7470753 1.8617212 1.4821857 2.284178 -2.682799 0.48361698 3.8493042 3.1542094 5.2318344 0.5439189
occupants 1.4343235 3.4360054 -2.219501 0.22971031 -1.3276545 -0.23440744 7.581937 -3.994006 -3.073025 -0.0019711142 2.1214168 -3.1917412 -4.232882 6.3946333 0.25685975 -0.025177082 0.14994213 -1.5581894 3.602335 -2.6326823
lining 1.4513401 4.81146 -0.87698644 1.4664003 -0.50053215 -1.642044 2.1476307 -4.144997 -5.052324 1.25275 -0.29129428 -1.868585 3.6148028 1.782707 0.66394717 0.5610674 0.68005323 5.6690636 5.0937324 -2.5750341
sails -1.7980537 2.8540366 -2.594345 -1.595005 -0.7612681 -3.2797632 6.4792504 -3.861689 -1.0258224 2.095562 6.022214 3.3853395 5.072218 7.3671317 -0.7188823 -0.5659214 4.1020956 -2.6686072 7.8660507 -3.6383271
lifts 1.6357323 1.5565469 -2.5886867 -2.438142 -1.4414587 0.75198615 4.4342437 -3.0869749 -8.778439 1.1958694 -0.8657006 -0.18981111 1.2338471 2.5628386 3.3563793 -1.4149987 6.7504563 2.2217777 8.8278055 -1.2467967
decks 4.4887724 2.4629886 -2.52531 -2.5642405 -1.8657811 -4.438427 7.2289314 -2.5847876 -2.9874074 1.1050795 1.9502605 1.3971587 2.386785 6.3340836 2.929281 -0.39317173 2.8225052 -0.10199886 8.82132 -3.7554607
cabins 3.793803 5.292022 -7.2635655 -0.49595422 -3.2037172 -0.020423591 6.750051 -7.9189725 -7.23218 -3.821952 1.3810701 0.67014265 -0.087507896 5.315981 4.5869384 -2.2759235 0.91615415 -1.9706748 4.9057746 -4.5525503
hangar 4.5192103 3.2184243 -4.29363 0.52781445 -4.894498 -2.7969954 6.3760242 -2.9796166 -7.9150543 0.9456965 1.2433455 -1.7095144 4.335245 5.1118627 4.0200605 -2.2389326 1.852322 -6.922876 4.5577307 2.460203
installing 2.0999873 1.6134355 -0.16050689 -0.59903693 -4.3196335 -1.3420296 1.91723 -1.1479077 -6.826965 -0.11015545 -2.7601204 -0.67731875 0.4635236 4.8503013 -0.27377376 2.6805246 -1.8256788 0.4544472 6.2356324 2.641454
cranes -0.17633894 2.5689402 -4.592977 -2.5754225 -1.1896992 -1.2983218 6.008817 -5.1635857 -1.9873011 0.74997836 3.2369297 1.9898405 2.7749996 2.3897617 1.3408068 0.04925235 -0.19010526 -3.5078359 6.014912 -2.0281153
stall -2.8677492 1.878599 0.4075185 -1.4706156 -0.34760502 -2.0013843 3.2503662 -0.75088227 -5.242685 -0.8644884 1.4943265 -0.17364693 -1.7282286 4.4911118 -0.4402242 0.61648816 3.7585752 0.80470943 6.050609 -0.5881939
elevators 3.3199205 4.731921 -1.2648904 2.38143 -3.2816725 -2.781358 3.233437 -2.9073915 -8.044737 -1.1337259 -0.7409042 0.6468088 0.38442558 5.2172384 3.0572977 -2.8602068 -0.28185272 0.08684913 10.591552 -2.2388473
tents 4.573278 5.54511 -7.3322587 -0.13317765 -0.4499729 1.272116 8.831317 -5.0041065 -3.6148312 -3.5008044 4.0486884 -3.2251496 -1.3067822 5.293504 1.9123288 -2.9218278 0.26284155 2.1493468 5.530407 0.40229222
anchors 1.7337276 2.7204256 -2.1345263 0.25544867 -2.3167274 -5.104039 5.1022816 -0.36334577 -4.8583336 -1.67581 -1.9808394 -1.1243024 -0.31834653 -2.25879 1.7897494 -2.6529028 -1.0484033 -2.563929 3.9759548 -2.6833785
fences 3.560919 6.390767 -3.4325159 1.7754775 -1.2371753 -1.4696071 6.530581 -3.022879 -6.412688 0.77508116 2.8376584 -2.13609 -0.8778499 3.308675 -0.13961561 2.2613611 1.4276232 0.9946757 7.178276 -5.4805474
sheds -0.64524937 4.8067646 -3.6956317 0.42824093 -3.1456945 1.9428183 5.42282 -5.3645644 -3.880639 -2.7149954 0.27728748 0.19412436 2.6116102 5.0222054 -1.1560134 -1.5476214 -1.0919461 0.33633298 7.9114017 -3.2713835
depots 1.739632 1.8944818 -6.8937054 3.2528114 -2.4563885 -2.1059823 1.0347911 -5.67716 -4.4642787 1.0417691 0.9115148 -0.32826343 -1.9280574 7.5358047 2.3420782 -4.073385 -2.7839239 -3.8515851 7.7758675 1.4705646
baggage 0.13477616 -0.43333617 -3.9504805 -1.2172842 -0.5893703 -3.665874 7.4381967 -2.9984548 -5.4772115 -1.027951 0.74432826 -0.2767452 -4.2151046 6.8221636 -0.056975912 -0.12230848 2.030217 -0.5100892 4.8328886 0.18162775
roadside 1.6928873 2.9759645 -5.6590805 -1.4250002 -2.5102582 0.59877634 5.81907 -3.6299667 -6.5386086 -0.96631145 0.56228817 -0.048054304 -2.3125954 0.91863793 -2.869475 -1.7327983 -0.42216837 0.43181252 1.7252809 -3.0665846
pedestrians 4.921428 0.3780542 -5.034626 0.8265134 -1.6622736 -0.15484671 5.106401 -3.239653 -9.486801 -1.0062172 -0.03015555 0.1704833 -6.9949274 2.7666452 -3.2221034 3.3171928 5.1660914 -0.59921813 8.020427 -4.7684097
paddle -1.2717503 -0.2548746 -4.9135756 -3.1466014 0.63457495 -2.2608218 3.5979471 -3.4891858 -6.1462665 0.2507324 4.3389325 4.6796174 3.6934474 2.6487875 0.34522757 2.5090377 4.244597 -1.3999693 6.8090353 -1.4549073
raft 0.61892754 2.6483605 -1.4753782 -3.236314 0.35397246 -1.3529118 6.472708 -2.2148151 -3.8092773 -0.75585943 7.102367 -0.26446548 2.0044806 1.0079904 -2.6719131 1.4120537 2.5380259 -3.7094424 2.1468036 -0.5490366
repairing 1.3837656 3.8109336 0.065936044 -0.8832254 -3.3283067 1.771683 3.7166886 -4.241234 -4.6317496 -3.090024 2.568844 -3.8765893 -0.18950227 6.9084015 -0.96470505 4.0952024 -1.158534 -4.402958 5.833149 0.92376095
floats 2.9983296 2.0359626 -3.8890946 -3.3533092 -0.8851944 0.6135503 6.329462 -2.2209125 -4.656915 -0.07153189 1.9996033 0.83603907 3.763869 1.806482 0.52537495 -2.2527013 3.5305178 2.2882562 6.877074 -1.2024324
piles 3.3809688 7.4117064 1.886325 -1.859081 -2.2230463 -1.3730923 5.949221 -5.3177295 -4.466746 2.6990438 4.7467065 -1.0738776 1.9100162 4.8936462 -1.5523452 -1.091549 -0.32958952 1.1378587 3.937513 -4.8678246
makeshift 2.971615 2.3137605 -3.2006116 -0.5502478 -0.05651118 0.18827014 7.0361943 -1.9428705 -6.2275496 -4.6712685 2.2359364 -4.382635 1.1738032 3.747527 1.430022 0.07321492 0.18094599 0.48613483 4.047671 0.3950916
motorized 4.771293 -2.9954658 -4.3971095 -0.32935533 -0.60195774 -0.90508586 3.4397748 -3.6907673 -4.880332 2.1192002 0.5148208 0.12588148 1.8130788 4.3755646 2.324646 0.46117735 0.052236352 -3.039845 8.180995 1.033792
salvaged 1.0280755 3.4595468 -2.733133 -2.8692803 -4.380697 -3.25112 2.8643184 -5.0216656 -2.0154464 -1.2032669 2.60254 -3.0987756 6.190006 8.503793 -2.0108721 1.2986618 -2.0680804 -2.6849835 1.9059167 -0.34541142
bunkers 4.9664154 2.036547 -3.2619846 1.3337785 -1.5364937 -0.5375722 7.945906 -3.0861456 -4.353213 2.409852 2.776441 -4.9972315 1.6627773 5.585 -1.0446272 -1.5333046 -2.5713797 -3.333347 7.068902 -1.8396982
sunken 3.228436 2.920942 -3.8172174 -0.40542072 -2.395536 0.54978895 6.443352 -5.358114 -4.5930862 1.4322404 3.1016393 -1.5037113 5.171477 3.3641186 -3.8427706 0.92346203 1.8879548 -0.7446946 0.4246306 -1.8700695
horsedrawn -0.22276714 -0.7449762 -6.1179256 -0.9273275 -0.7892904 -0.76908803 2.2614722 -3.3504157 -5.1147356 -6.283621 4.0647 2.154993 0.95416296 8.807256 -0.2185973 -1.1748263 -0.43731946 -3.904373 8.475545 -3.57165
cutters -1.415128 2.2110443 -5.826959 0.2995563 0.21069656 -5.353543 4.9745793 -4.286367 -1.3517892 1.4322675 3.026879 2.8734927 1.8504155 2.939416 2.631124 3.1045032 -2.5127673 -2.885375 6.6953607 -0.721839
carts 0.65660036 1.2153003 -6.8846254 -4.017602 0.406158 -0.45473376 5.2574363 -4.5215883 -6.542722 -2.5588372 4.149558 2.5217216 -2.132791 5.747931 1.1287794 -0.81109285 0.3872895 0.19168308 7.6676683 -3.2674258
wheeled 1.2968166 -3.0355346 -2.9669878 -2.9312575 0.015721543 -1.3592286 5.5542464 -3.3443239 -4.9618564 0.7936989 0.6404754 -0.5161308 2.2571611 4.6660233 1.2914505 0.8813966 -0.007843566 -2.6217363 8.411285 -2.8941686
hauling -2.9513876 0.94500947 -5.133031 -2.5136602 -0.44409242 -2.7194233 0.24435998 -7.2946563 -4.8842897 -2.7274806 2.4311585 -0.48238 1.0700347 3.821995 -0.94779325 0.90443414 -1.5438892 -3.5693805 8.910824 -1.1013467
mains -3.0848799 1.586066 1.0442923 1.2511843 -2.4558318 -0.7599397 0.23271586 -3.415432 -6.534345 0.22717464 0.009624818 3.359996 -0.20697273 4.4875054 -1.6828415 -3.332875 -0.46642366 -1.8251855 5.7197914 -1.6528693
racks 2.4979434 2.4229567 -2.1569157 -3.420431 -3.3148239 -4.218189 6.3448663 -3.9755964 -7.0647206 -0.021845037 -2.118422 1.8678086 1.1586485 4.197248 4.0276585 -1.5976632 1.5120311 1.5547314 8.523006 -0.9380347
apron 2.4521694 2.8358533 -2.0473113 0.099203736 -0.9131895 -2.82303 6.0829315 -0.89496356 -7.8300586 1.7726268 1.3416641 -0.59284604 1.813691 3.1600127 2.045456 -0.97863746 3.2411785 1.1700002 5.921011 -1.3498423
outfitted -0.0031408116 -0.9884841 -5.064684 -2.557785 -2.6419582 -2.4226453 3.8424377 -3.7394903 -4.0409894 -0.8759134 -2.539467 -1.4204379 6.947311 2.7924614 1.8545743 2.4174068 -2.08824 -1.2342846 5.2970386 1.577824
inflatable 1.0958712 2.2589934 -3.9098065 -4.082077 -0.8699256 0.24400172 7.312157 -4.4982085 -4.8655367 0.34687898 1.3363866 0.9201941 5.4781566 0.569625 3.0761867 2.287992 2.2279756 0.8806282 7.214087 1.5648309
fenced 3.2957737 4.656288 -5.5148067 1.6861006 -2.2421083 0.9207527 3.280913 -6.486131 -6.7721868 1.4836274 0.36113054 -2.409211 -0.18803486 3.2536914 -0.70187527 2.1364095 0.68291783 2.2978423 1.5521044 -2.7487772
unattended 2.4495387 -1.0242501 -0.23764691 0.17057766 -1.6580381 -1.8540663 3.2376986 -3.2866461 -4.8190713 -4.6885543 -0.10304251 0.09659735 -0.33510908 2.6638865 -3.2111888 -3.866586 2.7544055 -0.09442413 3.876441 3.2433362
ladders 4.713758 1.3458158 -2.3669763 -2.1824358 -0.26137492 -1.977116 6.666346 -2.7162223 -5.7465506 1.5802124 1.456661 -0.522831 2.0518298 3.0073984 1.3619933 2.9075756 3.3169053 2.0038297 6.257898 -3.1460757
unoccupied 5.261092 1.6082854 -1.5681535 1.8478802 -0.8511136 -1.2317461 0.30942503 -6.066479 -3.2236981 -1.3312149 3.0494533 -3.354437 -1.4316287 6.7629585 -1.8503635 -0.20445628 -0.38878894 -0.9252775 1.0260421 -1.8433673
chute -0.8362285 2.069503 -0.45853764 -0.7149309 0.0877262 -3.1309514 3.971794 -1.7611876 -8.266563 1.0563782 4.013391 0.963952 2.4939344 1.6303314 -0.078597434 0.018887848 3.5978506 -2.378599 2.9328947 -1.8314602
oxen 0.5003766 1.7508677 -4.6582403 -2.7989423 3.5050147 -0.8467103 4.3371224 -6.907155 -1.436172 -0.2936291 7.0824986 -0.12577952 0.22425649 5.8392205 1.3812083 1.75131 1.2568002 1.8334353 3.5946908 -5.0817394
lorry -4.4714823 -0.4822945 -2.3994486 -3.6270034 0.8284323 -2.442104 4.45306 -1.3563236 -6.7511616 -0.8267566 3.7033722 -1.5922312 -3.1259003 5.573976 1.4543984 -2.3873026 0.95030856 -4.9054546 6.635495 -2.6540432
driveway 1.931236 5.228018 -2.097684 3.8217256 -1.3226 -1.2857188 5.97203 -0.22736783 -11.201105 -2.240427 2.5437331 -0.42659396 -1.0385035 2.7420027 -0.8782044 0.3097297 2.7822828 -0.10040102 2.5208285 -7.491807
rafts 2.1299 2.6508098 -2.3187242 -3.0660968 0.5687087 -0.16542022 6.0039625 -7.7692614 -3.0041506 -0.031766556 7.176123 -0.55468184 1.6318367 3.249488 -1.623892 -0.75412273 0.9315624 -3.7620325 4.293222 0.0012777051
sleepers 0.30486163 4.0992637 -0.8709798 1.2402229 -1.7803818 -2.9061124 3.8177776 -1.7932153 -3.197873 -1.6769223 2.1340587 1.625816 1.8459215 5.339235 -2.059816 -2.8028872 -0.4203392 0.4363624 7.697522 -3.2389686
unusable 2.045528 1.580356 1.5438654 -1.7742794 -2.7679858 -1.7619267 3.741561 -3.3365996 -2.3668127 0.7204824 1.9506985 -0.038254242 -2.2748911 5.979454 -4.7205877 -0.20657034 -0.8433004 -1.8437176 5.4260187 -1.2781549
gondola 2.708213 0.014424504 -2.2243505 -3.1962893 -1.9364023 0.6032062 3.1003575 -1.2543348 -8.782163 1.8582141 2.4925647 0.56623805 2.4917343 4.758398 1.2061434 -4.160705 5.7194533 -1.6014551 5.4623756 -0.04399226
conning -1.2230617 -0.21685524 -2.4595916 0.06936737 -3.2652178 -2.8763518 7.1686063 -2.76698 -5.846602 2.988855 -0.8045186 -3.9336054 5.9824595 8.474654 -1.5859314 0.6750635 1.9015737 -2.071735 4.863659 -2.9760513
hatches -0.5590225 2.179703 0.11826527 -4.462046 -0.71437836 -2.1001947 7.729205 -4.909847 -6.707272 0.49254107 1.6820406 -1.96739 0.99788177 2.8327653 -0.3011048 0.9438675 4.099561 0.46028808 2.8721993 -0.721458
stockade 2.6367905 2.6362891 -5.218814 5.469623 0.25213936 -2.1809294 6.7741804 -1.3366154 -4.1581063 -0.2958522 4.593736 -3.4344208 0.8079793 4.5807247 -2.1665967 -0.80626035 -2.6514864 -2.3619661 -0.5575643 -2.4269073
rigs -0.34364083 2.8492718 -3.1079037 -3.9967883 -2.5751843 -1.7972038 4.3399296 -3.91981 -3.2306442 2.1261055 2.4609509 1.345029 1.4793957 1.7570713 0.08347805 0.2696193 -1.5101599 -4.0217257 8.089209 0.23736525
shovel -1.4456578 3.6204796 -0.35839188 -2.6003094 1.4516687 -5.177416 5.4583745 -2.165946 -6.1188564 -1.8950757 5.6323743 0.6096205 3.0622404 2.7283158 -0.17558517 2.8966227 -0.24886192 0.7825663 4.2363863 -1.9791838
reassembled 3.041278 1.3460941 -2.0454655 0.23670925 -2.2489104 -3.0572064 2.0117493 -2.870309 -3.3583088 -2.3237033 1.1070755 -3.032177 5.2252426 5.6740036 -0.81539273 -0.31093866 -0.55063707 -0.57834697 1.0805006 0.93625444
cramped 0.19172247 2.83402 -1.0042373 0.25788388 -1.151108 3.3582659 3.1104476 -4.309585 -3.5168235 -5.1980734 0.84886086 -3.8751426 -0.54438996 5.105938 -2.0509648 1.5584749 0.866534 0.42612746 7.8694406 -2.721296
mooring -0.41996422 1.9928963 -3.3835926 -0.5396341 -2.625778 -3.0387325 3.9478912 -5.418673 -6.0450077 1.553946 2.135318 0.39733186 2.3998523 3.7952342 -2.5951123 -0.06841702 3.0167038 -4.006968 5.6453776 0.77223974
silos 4.070275 3.4147716 -0.6716581 -0.86950034 -3.4355795 -0.17027791 2.6388242 -4.2791424 -3.9900024 2.938269 2.0059958 -0.39872888 0.6945773 4.9309278 -0.4941553 -2.5022328 -4.426963 -1.9873163 3.4327972 -0.16041934
disassembled 4.660609 2.8784523 -0.26992613 -1.3636767 -3.1544216 -3.555221 3.8981423 -4.2714114 -4.1858582 -1.7987881 2.4434562 -1.9649955 4.3576984 6.933237 -0.2403697 -0.5277239 -1.4962513 -1.5843574 2.41253 1.6805552
scaffolding 3.9575403 5.480189 3.0912771 1.26265 -2.503355 1.2290505 5.758569 -0.9134721 -4.85451 -0.68017435 2.197703 -1.387426 1.0169582 5.34531 1.9442464 1.2604107 1.0966129 0.28609562 5.1744866 0.28032365
firemen 0.22430076 1.9753456 -4.631295 1.8809203 0.9261093 -2.2367253 5.844563 -0.6530209 -3.0427296 -4.7242494 2.472888 -4.4197063 -1.4455612 5.165157 3.2516382 2.2046597 -2.1728857 -1.6000332 5.6441116 0.49280933
undamaged 2.6245136 1.5990727 0.39218503 -0.062458474 -1.4668769 -1.8617485 4.091424 -5.4189467 -1.2481422 -0.040872112 3.4581904 -4.243872 1.9732989 6.9299054 -3.4376879 -1.0557528 0.3342574 -3.1666744 4.053059 -0.53314584
alight -1.1638031 1.4016436 -2.7448795 -1.6930194 -1.1723624 -2.223969 6.113222 -0.73822683 -6.083008 -2.1055298 1.2762005 -2.4896045 -0.7230777 7.585074 -1.9572299 -0.4346632 3.7347684 2.410621 4.2565255 -1.3853742
watertight 1.4498551 4.1502805 0.8883251 0.92554915 -2.311096 -3.278174 5.9757915 -5.92062 -4.2368956 4.3401465 1.5693688 -0.85305095 1.4098614 9.074319 2.9966326 1.0882834 1.8846623 -0.81842625 7.281309 -1.5806614
lorries -0.62836254 -0.89517635 -4.2247896 -2.9063795 -0.7941606 -2.5101855 4.2047305 -2.2229123 -3.2311394 0.3130341 3.056777 -0.5844102 -3.412195 8.545274 0.51405203 -4.1268835 -0.9531735 -4.101148 8.696879 -1.6382928
retrofitted 1.6250492 -0.5251266 -0.9542026 -1.9318902 -4.2649007 -2.860315 0.96375525 -3.264494 -4.2551484 -0.20788798 -3.1683002 -0.47396436 3.9023876 4.49362 1.5574472 -0.08777686 -2.2785296 -2.9332385 7.7778916 0.30656788
bulkhead 2.7845056 1.7693695 2.6168828 1.5905678 -0.03590434 -4.250312 7.0229225 -0.89728373 -7.0158825 4.1826973 3.9034462 -1.6966312 2.7298136 6.2439146 -0.16343264 -0.19289505 1.7582889 -1.3165445 7.914139 -1.0253137
abreast 2.5123324 -1.2608873 -2.0976222 1.8971455 -0.30514655 -1.0634218 2.5098639 -1.4908998 -1.5506501 -2.3240278 0.35818347 -0.74445766 -0.01102939 5.1801696 0.091315374 1.252176 2.3136976 -0.86999035 7.1542106 -1.4144931
ablaze 2.2633786 1.8816702 -2.5917077 -2.095651 -2.110007 -1.8698716 7.3285365 0.12756167 -3.8983097 -1.5158556 2.2374086 -4.9135723 0.7200534 6.2043977 -2.8827343 -1.1493038 1.2309072 0.040935718 1.4669405 -1.472021
hoses -0.77519697 4.100238 -0.7042417 -1.7077152 -0.32561758 -2.8052142 6.52764 -4.1292405 -5.8719587 1.5921881 2.9133532 -0.5077962 0.31558055 3.704061 0.46715835 -0.21527492 -1.3278216 0.9618326 9.745151 1.7494981
forecastle -1.3822095 1.9485778 -1.9744524 1.869192 -0.36304826 -3.7581015 6.2736635 -3.4398358 -2.0872052 2.4544451 3.6004705 -1.244597 3.8390234 6.9741807 1.9268214 -2.7297611 4.545185 -3.3920715 7.0043306 -3.3834567
paces 0.5078596 0.36946225 -0.71932256 1.9880631 0.7303094 -1.1174164 4.727136 -1.4384811 -1.2600118 -1.7073013 0.91332847 -1.5667785 0.49659425 2.395912 -0.5500478 -1.1912162 5.4796286 -0.03585706 3.8019931 -4.356892
oars -0.79973626 -0.20650348 -3.7085776 -1.4042029 1.9755362 -1.6093822 6.548791 -4.1187205 -0.2800265 2.229813 5.123042 2.1700182 3.0363522 6.6178594 2.0578036 0.98104185 5.375287 -0.8325725 7.7684183 -2.9388552
rooftops 4.1232986 3.5819037 -3.639329 0.10180156 -1.4641669 0.8740286 5.694744 -0.94803816 -5.023817 -2.5023375 1.2923225 -2.9158049 -0.48808092 0.5863563 -2.5202441 -1.1569259 1.3130621 1.7436973 3.3627136 -1.7574794
sprinkler 0.3231763 4.7899804 0.6540334 0.81147254 -3.8790922 -1.6790638 3.8103702 -2.6665673 -7.4520473 1.9934609 -1.2502288 0.3151941 0.9756673 1.8706717 -0.49888587 2.5546796 -0.70614773 0.7437648 7.5074153 3.6723757
gantry -1.006831 2.3869274 -0.50047916 0.7203771 -3.1006777 -3.2205045 4.841663 -0.5202044 -7.2238464 -0.95740336 -0.10461267 1.7746319 3.0107915 1.741733 0.36191243 -1.6042322 1.3321804 -3.9416976 5.595362 -2.2206943
dugouts 5.3810534 4.863323 -3.66435 2.026349 -1.6174965 -0.40655118 3.381848 -1.9817213 -3.880014 -0.4465285 2.7109735 -4.967999 2.68947 3.1707804 -0.3689107 1.4165308 -0.044021785 -0.22764134 7.492087 -2.764853
casemate 3.8091166 -1.2032325 -0.47496915 3.2060354 -1.2602391 -2.1694882 4.9918776 -2.6366448 -3.4506688 4.318868 1.9762751 -0.8633546 5.007317 7.7108235 1.0250388 -1.3486347 -1.3898286 -4.2021904 3.8461185 -2.249263
grate -1.4659816 4.5421896 1.7871685 0.10177675 -0.8026969 -1.723129 3.242923 -2.7898421 -5.37995 0.042120848 2.2625434 0.42929924 1.8548908 4.074265 -0.2997426 -1.3098342 0.17715706 1.5722014 6.0530148 -2.0029843
pillboxes 4.5711255 -0.28613985 -3.2749486 3.420954 -0.38576558 -0.6885663 7.0818014 -2.0140338 -1.9314721 3.76432 2.4810476 -4.0447316 1.85045 6.451053 -1.539705 -1.0621643 -1.9547412 -2.8786201 7.9505444 -4.192143
helipad 1.6869833 1.9531689 -3.8930678 0.20370185 -4.220524 0.5104824 5.0535035 -3.3746846 -7.511229 1.8054365 -1.8501197 0.0094795255 0.052775703 2.5690598 2.6759005 -2.4990053 4.3653803 -2.7125793 2.2110443 1.3144017
hearse -0.30269834 1.4018701 -2.7174754 -0.53607136 0.4579838 -3.2105935 6.9750957 0.6896831 -4.7822075 -4.577745 2.973498 -1.2476394 1.6773078 5.4281664 1.4930536 -1.5079796 1.5943009 0.5116594 1.1270828 -2.59517
bulldozers 2.8560262 1.8475956 -2.9598336 -0.68064755 -0.20509294 -1.2952312 5.661807 -2.2729232 -3.7403133 0.38661498 3.7579381 -3.3821585 -1.1230184 4.5695286 -0.634718 -1.0142033 -3.495776 -2.2109826 5.481012 0.12813862
chutes 1.6240656 2.9458308 -1.1171371 -1.5188924 -1.836237 -3.175117 4.6464276 -4.2001038 -6.219065 2.5369856 2.2145593 0.8968358 1.8299348 2.781151 0.30938908 -0.60655874 3.1325824 -2.0014093 4.5616007 -2.386678
bores -0.713766 2.77052 0.7164826 -0.45595494 -1.4160826 -1.1567413 2.7872326 -3.9097555 -1.6431651 0.9529897 1.3798565 0.72251457 1.1283607 1.7288829 -1.857369 -1.5280536 1.248565 -1.4717 5.6908865 -4.3043513
taxiways 7.554147 2.126687 -1.7509168 2.420434 -5.8348413 -0.98249847 5.126366 -3.9426382 -5.9642024 3.3345945 -1.7522608 -2.7536902 0.38798958 3.928814 0.45697838 -1.893042 1.7834646 -5.8503265 6.782353 -1.803973
berthing 0.58591026 0.6927115 -4.3067694 -0.1405571 -3.6759298 -0.93601125 4.1018944 -5.8974824 -5.3231983 1.9921521 -0.50535506 -0.19310093 0.34117422 4.0136623 0.17534985 0.69053096 2.3534362 -4.7840624 4.6104717 3.0574105
shovels 1.0745155 3.8023179 -0.4032437 -2.948963 0.19563673 -3.4493275 5.825348 -4.17122 -3.5085394 -2.317907 4.987675 -0.0069603017 3.6838405 4.581268 1.4589803 2.3038337 -2.108778 -0.37050152 6.005871 -1.4941965
stabling -0.7312903 1.2027445 -4.882832 1.4562881 -2.299644 0.2047719 1.0796096 -5.0677567 -5.471027 -3.1428561 -0.11522775 1.2935803 -0.0024153178 6.3076253 1.8128643 -0.092195265 1.3749835 -2.3796465 7.1352296 -3.437415
waterwheel -1.1895628 4.4733906 1.2751064 0.33196187 -2.4074523 0.058038056 2.488638 -4.1059465 -4.397762 0.9222736 4.8533106 4.0384746 4.070318 7.0739474 -0.04617782 -1.4024501 1.416059 -3.286126 5.470311 -4.460485
sawn 0.6021899 4.8713665 -0.50445855 0.5102177 -1.2026641 -2.1145153 2.8154485 -4.424492 -3.0379255 1.1425394 1.8359407 0.11927643 2.9892783 5.0493903 0.87474275 0.8015784 -2.457174 2.3688226 4.465011 -5.4808426
pallets 0.73870915 2.0696986 -1.1609126 -1.3386626 -1.5172279 -3.9770553 5.07728 -4.799318 -3.4381096 1.8977575 0.52329475 2.2251046 0.81688046 5.251551 2.6353111 -0.8499103 -0.6190526 0.37631917 6.196516 0.34835246
catapults 1.9268274 -1.7333585 -0.37759566 -1.8781015 -0.30514848 -1.1757026 6.2026105 -1.5462172 -1.0694034 2.4305346 2.545543 -2.0108764 3.7802901 6.6880965 -0.9714823 -0.05105208 0.43283904 -1.9798948 6.2887473 -0.21049008
latrines 0.62257683 4.9305744 -2.0531223 0.713174 -2.2384498 3.991352 7.171505 -7.0897384 -5.3714733 -0.2211834 0.6455284 -1.8069593 -3.0488021 4.6522875 0.2571558 -0.6859906 -0.58628637 0.386725 4.2997346 0.10443169
trapdoor 2.0779696 2.072629 1.7860986 -0.69212794 0.5940646 -3.2174428 7.6977706 -2.1336265 -4.6356206 -0.5470109 2.736217 0.53800744 1.4752926 1.971714 0.30899543 1.2352866 1.6740538 0.760075 1.8961222 -2.4674795
quarterdeck -1.1843269 -0.38445523 -1.7113829 0.481278 -0.3961997 -4.0784435 5.616561 -1.3898029 -1.3656194 1.1101667 1.9929132 -0.83903754 2.9806666 6.4190087 2.1432176 -0.7105964 1.3904133 -2.8164623 4.1225114 -1.1257272
pontoons 1.6722262 1.924369 -1.6593926 0.50001025 -1.19536 -2.6588254 4.8013206 -3.4100246 -4.5554914 1.9653759 4.259596 0.0036581445 2.4313505 5.5257154 0.27063432 -0.9750465 1.1454326 -4.20283 6.809527 0.34181964
planking 0.71768403 5.2523327 0.077352196 1.8673223 -1.9916835 -2.914964 4.5301557 -2.783165 -3.6189468 2.853831 2.9883091 1.3181009 4.5744495 5.6060543 0.40683028 0.2936837 -0.5946723 0.0024940306 6.618226 -3.8424861
fantail -2.0849702 1.5357689 -3.6272395 -0.38014638 0.45518908 -5.076959 5.3165183 -4.164512 -0.40411967 2.9188316 3.2698565 3.1625369 4.4678936 2.1441417 1.3799886 -0.85119504 0.3336234 -1.8685969 4.5413766 -3.7255852
aprons 3.3614492 2.7923672 -3.0552826 -0.34582186 -1.4656196 -0.18115312 5.4153366 -2.8517888 -2.9824042 0.12165669 0.5534052 0.43072146 2.6149237 2.253002 1.3289546 -0.50728226 -0.0067109293 1.6572429 5.059665 -2.1736405
boxcar -0.09230695 1.0215542 -0.58854413 -1.4678515 0.14809565 -3.8434002 4.1432524 -2.9784682 -3.9918242 -4.638223 2.8318892 -0.07087715 2.5491714 -0.019521683 0.3866447 -2.2749891 -0.9887087 -3.4887958 1.5198905 0.3718491
sleds 1.6420875 0.77047616 -4.073903 -3.880819 0.78890675 -1.7288294 3.8659084 -4.110958 -2.1736655 0.4294712 5.364226 1.7070283 2.0357943 2.561114 1.5704639 1.1090678 3.1405678 -2.0727706 6.511366 0.3321562
caboose 2.0949576 1.442388 -2.6895962 0.74142456 -0.65644944 -3.6486025 3.8056042 -1.1052654 -6.4113197 -4.772295 2.5870543 1.2967647 2.837507 2.5244453 0.36069363 -0.74468815 -0.7458905 -2.106004 3.047817 -2.2291949
caisson 0.35590076 2.9318237 0.35108247 2.6993752 -1.5691041 -2.191004 4.3731346 -3.1673923 -3.6874676 2.1109056 2.9435582 0.09062469 3.1467838 6.810018 -1.0180621 -0.10370132 2.2977512 -1.0851943 5.071844 0.26905507
operable 2.1356673 0.2439197 0.13806197 0.26896304 -2.8549626 -2.5139177 1.5095985 -4.2752266 -3.0337555 0.17275697 -1.6975808 -0.025808707 1.4878283 4.701829 -0.0775384 -0.20538415 -0.12243941 -1.5568225 5.4865375 -0.31843525
storeroom 0.3836173 3.594849 -1.3969406 0.7104556 -1.1258442 0.18743388 6.481508 -2.2251523 -5.0521717 -3.3365269 1.9518112 -0.7058843 0.501552 5.4376125 2.214661 -1.549629 -0.004723272 0.7536913 0.40412056 -0.07076206
cannonballs 0.89034384 1.9985917 -1.1993549 -1.1421723 0.35893145 -2.662249 6.3107443 -2.5165005 -0.33373633 1.7858474 4.4290805 -3.024471 4.102385 5.53362 -0.8197215 -0.73926884 -0.6786366 -1.0059792 4.1146216 -2.8484404
egress 2.5622926 0.46914098 0.5721047 0.50466466 -2.0484922 -1.4721432 4.2770257 -2.1622696 -7.1869 2.6160407 -1.062471 -0.031581495 -1.7733777 2.3049212 -1.688579 1.5670772 2.7378883 0.5996117 4.4270463 2.7760372
pillbox 2.4893725 0.013053435 -2.8374753 1.7232491 0.11613861 -2.4414434 6.8819585 0.37516126 -1.6974597 2.1719344 2.7392867 -1.5407125 3.8519106 5.433893 0.3473141 0.0046819486 -0.17415802 -1.0612727 4.8659086 -2.4005
flatbed -0.16521451 0.49941856 -1.3297309 -3.1730945 -1.9605955 -3.9951653 4.574535 -1.2755083 -5.7250614 -2.5101569 0.15164627 2.2318542 2.093338 2.414005 1.283992 -1.5539302 -1.5617985 -1.6916298 5.3231177 -0.9198216
afire 1.7664346 0.8737334 -1.0955415 -1.7205039 -0.8352751 -3.2785065 6.0024037 -0.34143883 -3.0997162 -0.7233528 2.9289544 -3.444056 2.3643832 4.3888264 -1.7578096 -0.9337914 1.6624583 -1.273099 1.5326257 -1.5148472
sandbags 2.3431807 4.391081 -1.4357674 0.26656482 -1.1530293 -3.2772338 5.645824 -3.6503735 -3.7030466 2.1227946 3.315753 -2.5214064 -0.48464563 5.231429 -0.5540878 0.78025246 0.36789864 -0.08502443 4.98071 0.23278798
stowage 0.16468959 0.017339047 -0.4333198 -1.1576089 -3.063456 -2.3615675 5.392939 -4.3132734 -4.312404 4.0082684 -2.000559 0.24171226 0.8439423 5.2467365 1.8560365 0.16207223 1.1739742 -2.1789765 7.449936 1.0221299
boxcars 0.19623795 1.3002865 -1.9917595 -0.51054037 -0.33581212 -4.1472497 3.851922 -4.070238 -2.4656515 -2.4259942 3.0769176 1.1373978 1.0939939 3.6214883 2.453777 -4.1540856 -1.3349264 -4.265758 5.202809 0.12421309
mainmast -1.4402465 -0.029141022 -1.333029 0.5379781 0.39002162 -5.095172 5.5893292 -2.4116032 -2.672049 3.055252 3.887287 -1.3251417 3.9538257 5.884514 -0.46978337 -1.0060986 3.8399403 -3.5514972 5.3224297 -2.1534443
sprinklers 0.454909 4.559399 0.21696198 -0.41691735 -3.0020032 -0.62447596 4.548991 -2.1613262 -5.3793397 0.4480674 -0.12038873 -0.009704538 -1.5992714 2.93432 0.12983832 0.39818698 1.0365887 1.2126572 5.071791 1.5243108
bunks 0.15904708 2.0580819 -2.3594244 -0.6582234 -0.2772625 -1.8523546 6.586543 -3.9354298 -5.0371504 -1.5038455 -0.18942985 -2.6737807 0.16314507 4.7001863 4.797795 -2.0228224 2.3954666 1.1024756 6.8574924 -1.8203436
smokestack 0.56126136 3.9156666 -0.16297406 -0.14639887 -1.7535752 -3.1757426 2.5703511 -2.012917 -3.0800276 -0.19965187 2.7567022 0.4584804 4.5253754 2.6066575 -1.6527914 -1.563323 -1.4489319 -0.97002 4.1870894 -2.4396238
trestles 3.3332229 4.4424977 -0.88290375 2.8017242 -2.450827 -2.6608202 2.1322227 -2.3038363 -5.035571 -0.13636105 2.2069457 0.3146102 2.2618108 2.4261343 -0.9082355 -0.6149371 -0.20603976 -2.1789064 5.608614 -4.4611707
hoists -0.5284976 0.9794085 -1.3200539 -0.72505295 -1.246527 -1.4771873 3.783566 -2.6512156 -4.4764657 0.5763095 1.0704571 1.6148341 2.6913192 3.9557292 1.6501553 0.22327225 -0.27601358 -1.2909938 7.192034 -0.5561983
manhole 1.6982247 4.1799273 0.87595564 -1.0136557 -2.3322906 -3.1211886 5.3734064 -0.051463246 -5.215598 0.46299523 2.0512733 1.1312138 0.6920892 1.6053534 -2.2184942 -2.4252768 1.5978367 0.68757415 2.7996817 -1.5905356
floorboards 0.2660964 5.1467195 0.96318007 -0.38444686 -0.8720638 -1.0335454 5.743716 -1.7199843 -4.552098 -1.3854618 2.7844293 -0.70438236 2.093319 3.8803737 -0.043047104 -0.4559204 0.099349044 2.4560053 2.5495813 -3.3160214
footlong 1.8466384 3.5191402 -1.9931741 -0.9058449 -2.4380705 -2.4341657 3.5064187 -2.0836718 -4.740143 0.43084922 1.193814 1.0645716 3.5809827 1.5795311 0.2637756 -0.52016485 1.3702241 0.03587017 1.9560884 -0.83386874
plows -0.041964766 2.941668 -1.6534618 -2.1768963 0.12798788 -0.23442985 2.2392378 -4.778694 -3.0207434 -0.70905584 4.0599914 0.77284974 1.6475378 2.9248912 0.28276357 1.9771819 -1.6367525 -0.63465196 5.5251756 -0.41279763
gondolas 2.253186 0.89620847 -2.8416672 -1.9838349 -2.015394 -0.2579278 3.0606072 -2.056491 -4.7067504 -0.22752568 0.5826841 0.6175223 1.2898248 4.2435603 2.1296256 -2.6583796 2.2631679 -0.7185943 4.812677 -1.7596896
wheelhouse -0.92056406 0.91822237 -1.0914003 0.2842896 -0.86293435 -2.6518314 3.5871434 -0.56317997 -3.5948932 -1.2632642 1.3895787 0.48344633 2.8193731 3.5743437 -0.42123336 -0.6937799 0.66391104 -1.2443182 4.507809 -1.8795433
latrine -0.035136152 3.2545142 -1.2598144 0.6107577 -1.1524959 1.6199075 6.1784625 -4.6152196 -5.112383 0.15077189 0.5469675 -0.024062868 -1.066701 3.5104206 0.11752738 -1.2972119 0.81086224 1.9361608 2.5347075 -0.103127785
extinguishers -0.26001874 2.8085313 -0.43612587 -2.4271395 -2.502133 -2.494555 6.0555763 -2.5886502 -3.3433692 1.7131509 0.04850494 -0.7002291 1.3510225 3.2810116 0.91439843 -0.5218672 -1.8397447 0.20890883 5.8444805 2.8835335
glacis 3.100114 1.3623294 -1.0577449 3.8123145 -0.32597947 -1.4273574 1.9063166 -0.9697962 -3.8055348 5.1924047 2.5719135 -1.4816723 3.3254514 4.327663 -0.09237193 -0.34695318 0.7171944 -0.40887067 4.7632537 -2.2620275
rowboat -1.7395633 1.1797037 -3.2021098 -2.037038 0.7817233 -1.2926134 4.353931 -1.8072792 -3.9011354 -1.2273835 4.9107223 -0.42669526 1.1554265 1.8567016 -1.312313 -0.54029244 2.7053638 -2.3841262 1.1669155 -0.5260378
semitrailer 0.4211201 -0.82894623 -1.7946291 -2.5686913 -0.7411528 -4.1799765 2.713033 -2.2889023 -5.145705 0.26858807 1.3100425 0.844655 -0.6286189 2.7991426 0.87284 -1.1781812 0.4392152 -3.0248253 5.5878773 -1.4452405
bowsprit -1.3279203 -0.06730395 -1.2811216 -0.24752504 0.6921236 -3.1591744 4.9410353 -2.6687443 -1.944486 3.2424557 4.0111623 0.2556614 3.4369683 5.464256 -0.032155596 -0.66159207 2.9352064 -2.94313 5.140375 -3.1799164
sledges -0.4104253 0.3696586 -2.3872373 -2.6699905 1.2282538 -1.3792725 3.8300185 -3.0070145 -1.525238 -1.0802923 4.3389726 -0.6452037 2.2694128 2.2894943 -0.7263354 0.2844078 1.2370777 -1.4909469 4.1558995 -0.94033474
topside 0.2563233 1.0622656 -0.384409 0.039049856 -0.60789126 -2.4178677 4.019074 -3.163141 -2.790023 1.453689 1.1652128 -0.8050955 1.3025851 1.9376091 -0.46797734 0.42738876 1.7326825 -1.8152165 4.820186 0.7918545
guardrail 1.2320039 1.0078537 1.0674003 0.53177744 -0.21314657 -4.709834 2.7088573 0.069973685 -5.553205 1.850087 2.4471898 -1.2152226 0.4455108 1.6997839 -1.396321 0.46099237 2.5670834 -2.1697433 4.550117 -2.11144
stagecoaches 0.23104924 0.43608415 -4.3565526 1.4403932 0.14128727 -2.7896988 1.8602571 -2.4156263 -3.3046548 -3.7331731 3.0053468 0.48050997 -1.525904 2.5926151 -1.1330659 -1.068691 -0.5975261 -3.7105842 3.407497 -1.6267264
gangway 0.7317418 0.26886803 -1.7729306 1.3484001 -0.8298597 -1.8541651 3.0369062 -0.60423064 -4.8755918 -0.9108213 0.58095455 0.6798282 1.5859126 4.555041 0.59340084 -1.4032782 1.7243832 -0.44303092 5.9654465 -2.0295274
tows -0.09022605 0.4009106 -2.954709 -2.191605 -0.45252994 -1.3412362 3.867376 -3.4745646 -3.9506156 1.260439 2.0000033 0.10570116 1.9517893 1.1622547 0.5850961 -1.1936089 2.4603791 -2.6262763 4.540703 -0.6060694
alighting -1.3667791 -0.8994139 -2.9682822 1.2169861 0.13975343 0.2536696 3.1876004 -3.1288736 -5.0613704 -2.6750789 -0.5423236 -0.013992825 -1.2105048 2.5624619 -0.43931457 -1.0483357 3.6235394 0.09236371 4.1458044 -0.44158787
chairlifts 3.0056622 1.8379748 -3.9067373 -1.7781556 -1.8960246 -0.8192024 2.1239457 -2.014701 -5.5386395 0.73702645 0.8276679 1.385685 2.2625594 0.9320064 4.556237 -3.929567 4.0604506 -1.5400934 5.482752 -2.1744654
mizzen -2.2893846 -1.0418247 -1.1067826 -0.50192976 0.44226682 -2.830081 4.9329453 -2.2612073 -2.6483083 2.1323617 2.8466914 -0.30086285 3.9546635 4.9732895 -0.0041533085 -1.599977 4.152626 -2.9415696 5.078727 -2.933104
hydrants 0.5544237 3.5604947 -1.9736235 0.2885602 -2.5944116 -1.4969136 3.8859038 -3.1292531 -4.982726 0.63829184 0.181792 -0.37734896 -0.23216467 2.6632712 -0.36494768 -0.8685801 -0.7365687 0.604066 4.4806848 1.0843225
hydrant -0.13239488 2.4036388 -0.9987448 -0.59017664 -1.584695 -2.0718668 4.5000415 -2.1544857 -5.4059153 0.92735404 0.1630997 0.05103584 0.65835744 1.451206 -0.46981665 -0.13784271 0.16049184 0.9268131 3.6374822 0.7956187
rearmost 0.6896357 -2.2607532 0.058570527 1.3650132 1.3098403 -2.3180404 2.6348896 -2.29569 -3.842017 1.4777465 1.4765843 -1.0958852 3.1028192 3.4534128 0.23335329 -0.61221224 1.631192 -1.398651 5.423001 -1.2522417
tarpaulin 0.6898898 2.9245193 -1.8680528 -0.7197044 -0.94281685 -2.338248 4.5118074 -1.5398943 -2.458034 0.47174257 1.9570308 0.11733226 1.807745 3.1061373 -0.30774614 -0.5654045 0.5990888 1.6205324 3.0284646 -1.0557532
windlass -1.1626468 1.2595047 -1.1011378 0.37867716 -0.6428445 -2.6740701 3.6633425 -2.5246203 -2.693201 0.061920248 2.6792393 1.4072889 2.2646124 3.2562964 -0.4418615 -0.8712551 0.8675064 -2.6258624 4.4201603 1.0017995
skidded -0.8775826 0.53177094 -0.8979537 -1.2444609 -0.15573093 -2.392784 0.96619266 -2.0890927 -6.3604484 0.95229346 1.9222239 -3.036109 1.323996 0.67268 -0.9626315 -0.6620382 3.19884 -3.1458862 4.277473 -2.1572106
truckloads 0.5652246 3.3529947 -1.4291627 -2.5187342 -1.6645931 -1.7472079 3.538447 -3.7899408 -1.179459 0.17697997 1.5401249 -1.2126228 -1.9702322 2.8759549 0.24196757 -2.6770988 -0.79897165 -0.04488406 1.8416172 0.9715972
waggons -1.7622545 0.4203351 -1.0995106 0.05280352 0.24225734 -1.5763845 1.7283611 -3.2063394 -3.1061296 -1.2728257 2.4229305 0.56810385 0.2064527 5.3316293 -0.39162734 -2.4108157 0.76260203 -1.2001027 5.2877374 -2.1574998
portholes 1.3094294 1.5715644 -0.8516421 -0.08415975 -1.0967466 -1.7711946 4.2003355 -1.6924157 -2.8912797 0.9367521 0.9368869 -0.4692024 2.6823597 3.1955452 0.3990539 -0.102442466 1.4827926 0.19405296 3.9564295 -1.4913937
revetments 3.6026707 1.250719 -1.3044422 1.0981989 -2.1487708 0.71017635 3.5125072 -2.542767 -2.7028146 2.3747332 1.023251 -0.98786974 2.1238713 2.4703164 -0.21675476 -0.117309794 -0.7122895 -2.8525245 3.7932105 -1.6388156
cofferdam 1.3672452 3.5113518 1.8659718 1.521514 -2.5941193 -1.1743813 1.7256533 -2.0937498 -3.4738984 1.958344 2.7068205 -0.11058363 1.1724356 4.368113 -1.497211 -0.74249804 0.5141405 -1.6783911 2.778581 0.7890267