Centroid_35 1.2000994345086708 -2.5272091363815035 0.29780990462427737 1.999093443745665 2.427490078982659 2.4297438509075135 0.4633126204841621 0.6883158184635837 4.090958489612718 3.728170250982659 5.787123482751447 -0.039153557719075104 -0.470497626514451 7.872387408092486 -2.131648066705203 0.028911609716762952 -0.5655257195895956 2.047199802959538 -2.9736083445664763 -1.8957874642352595
french 5.771145 -8.979785 -3.1751072 -0.72366107 2.540287 3.8435845 -0.105227515 3.1026645 4.525892 -1.5277708 6.89206 2.567365 0.81367135 7.4418893 -0.96529806 3.133779 -1.6892985 -4.4892545 0.14638394 1.399209
king -4.72749 -2.751182 -0.96762997 0.57363117 3.740884 -2.598137 2.565107 7.3164434 1.8042057 3.5812497 8.29499 2.0541794 0.76796466 10.433961 -2.6539156 1.159289 2.0000606 4.1858487 -7.7361593 -2.6083539
roman 6.982946 -1.8138748 -0.2255646 7.5435762 1.9230969 6.247934 0.6848233 -0.8718751 5.421426 1.1160342 5.8690734 -0.28014347 2.4782696 9.004811 -2.4422169 2.3174152 -0.069484346 3.4799678 -6.2147546 -3.1322632
empire 2.4813538 -0.81557035 -4.2770877 4.016534 0.5724021 2.9046369 0.2594669 5.3809066 6.7486906 7.516184 8.666005 2.2915654 -0.028389553 10.513321 -4.286452 -1.5731112 -1.6094888 1.1738591 0.87995434 1.2114903
greek 7.138303 -4.8104725 -0.7002029 2.3243005 2.7029998 7.4225235 1.373712 0.9401463 6.786561 0.9626242 3.7514064 2.7641797 5.0921755 4.0346007 -0.5843182 -0.21337707 -1.0346564 5.5012836 -3.0130742 -0.54012686
rule 2.6750653 -2.601575 2.4777446 4.722119 2.4482725 -0.8326869 -0.57827336 2.7903862 5.759081 7.3809342 3.5897827 1.6802794 -7.177791 8.870897 -2.474747 2.892434 0.89688027 4.321976 1.0619749 -0.122912034
emperor -4.4107633 -4.9151516 4.1557064 1.2948282 5.0292635 0.8161437 4.3827863 5.7200136 7.5252566 6.323414 11.613911 0.97782815 -2.480213 17.158846 -4.5795417 0.73256415 4.9428043 4.875339 -5.009103 5.2549963
probably 1.5944818 0.5643023 2.9044955 1.0489068 1.7050626 2.019881 2.6379628 -3.3506837 5.1025615 -0.51940244 6.458852 2.2309654 0.5515023 6.174469 -4.2489834 -0.6655262 0.952913 0.38956583 0.13913454 -5.400385
lands 1.3242499 4.160442 -3.2579846 4.894472 1.2402761 2.4585195 0.24019843 -3.9808664 -1.7659775 7.412701 9.208863 3.219757 -7.7794814 10.059936 -3.217148 0.7154137 -3.682549 1.2344611 -3.8765957 -4.1941247
count 0.99038893 -2.4514341 5.0011487 -2.7523732 1.8233701 -2.8604586 -1.3287917 -2.1885648 3.0118718 2.5835004 3.0330353 -3.0360658 -1.2056471 9.8146925 3.1045475 2.2008345 3.5794559 1.9489849 -4.9099827 -3.8387368
throne -4.4294944 -2.353793 3.7506952 0.87929606 6.2752843 0.34262365 2.8849885 6.5829225 4.281329 9.086661 11.706446 -0.5026196 -4.5849266 16.478952 -0.9881109 0.5017237 6.0787697 7.162113 -4.4089193 -2.6572707
lords -1.8728242 -0.6596415 -1.5983626 5.096682 2.7243683 -2.715553 2.1771631 4.5986958 1.938114 0.4033556 2.8218813 1.2025421 -5.1765265 12.163868 1.0762461 2.9152532 -0.36943135 6.7187147 -2.0030577 -6.776821
succession 0.21451098 -2.4074857 2.7860072 3.5246572 2.4259431 -0.014106596 -1.5016441 0.8201747 5.4531665 3.6020398 4.051687 -1.568129 -3.531374 9.48286 -1.1214769 3.0574615 1.7845957 0.5506675 0.5344088 -3.484788
ruler -3.498268 -5.258745 0.21792576 0.93024325 4.0153866 4.5514846 2.3933275 4.5467253 4.8945146 12.129795 7.0013456 0.8193937 -4.434678 11.37283 -4.943724 -2.6308305 2.5597541 6.0247636 -5.5990653 -1.8928059
byzantine 7.0069723 -3.9279346 1.7362839 5.8173585 1.4633422 7.235868 2.2696464 0.8653548 7.7259564 5.273033 6.333888 -1.6786664 3.438482 11.71237 -5.4366755 -0.059289247 -1.6226348 3.251722 -2.1776419 -0.857459
conquest 3.9661193 -2.2732897 -1.7475375 3.3170643 -0.0469667 4.043722 -0.82396036 3.8350961 7.665763 7.0391974 8.317999 -2.001973 -1.5118445 8.826973 -9.263808 -2.5083454 -0.8814972 -1.7531726 -2.5114243 -2.8556318
heir -9.737713 -1.6195079 3.9882095 -1.5141788 4.3125143 2.121084 -0.26355395 0.48967314 5.2808414 5.7933316 7.917262 1.0029491 -5.0014963 12.690005 1.2343267 3.5500357 2.66192 2.6214087 -6.21843 -6.4638762
rulers 1.6758763 -4.319884 -2.2879605 2.8638277 2.577342 6.615136 2.8353665 2.624475 7.5104713 9.125648 4.844704 2.263952 -7.626955 12.183355 -2.8760316 -2.6658359 -0.5510705 5.949388 -1.7478001 -3.7852774
princes -0.5179866 -1.5637972 -3.2597725 1.1810995 2.5573902 2.9338193 1.3637203 3.2348475 1.1676929 1.5055697 4.9814177 -0.15670195 -1.6006715 10.827965 0.6882383 -0.3512587 0.9164533 5.3680463 -2.0538623 -3.3679035
empress -7.0862765 -1.688618 -0.481768 -4.7027693 2.4532647 3.2483752 2.9176617 2.7424674 3.0515938 2.1647007 9.390639 0.5811009 -1.3750908 11.936886 -1.6825492 -0.6199544 4.7299156 3.453571 -5.845429 3.838855
romans 6.5601625 -0.52329844 2.2307498 3.0790288 3.8760192 3.073769 4.219865 0.0021788732 4.278257 3.8019965 11.662935 0.089714445 -0.8202548 10.048487 -6.266277 0.730585 0.054917354 2.400671 -1.9528362 -3.8561842
monarchy 2.6027117 -2.1428692 2.2041652 5.6118894 1.4134761 2.9028206 -3.1381805 7.8575144 7.036029 8.15864 5.742197 1.4599533 -5.950773 12.81224 -2.4037607 1.8772306 -3.863853 5.396746 -1.4413643 0.62400854
prussian 1.8535457 -5.370818 0.6269752 8.1302595 4.536532 1.7154866 -1.8854738 -1.8553653 3.1569335 0.7945304 6.114797 -0.35647342 2.556447 12.860321 0.99655807 2.1790667 -4.3459487 0.40706193 1.1230168 6.2202935
monarch -2.0653594 -1.9291558 -2.4232535 0.8869547 2.3484204 -0.33545157 1.5844963 3.4496713 4.203598 6.462394 4.798258 4.8625946 -2.843341 9.324471 0.37703502 3.0355628 1.1803362 5.959548 -3.690069 -0.93675035
emperors 0.34978896 -3.7655408 -0.34433442 0.015018937 2.831685 2.380471 3.6023176 2.7597563 7.9761224 3.7556322 5.078773 -0.0439463 -1.3299087 12.331715 -0.25397798 0.7080518 3.4893186 5.6760964 -1.7275941 -0.78939116
scots -3.2017155 -1.9775074 -4.107346 6.7252746 4.7516675 0.24226022 2.071637 1.9916236 5.772097 -0.06336302 6.548005 3.6174207 0.8758342 7.9505696 -1.1445166 2.4057899 -1.0867786 1.4180667 1.8625818 -6.513631
qing 0.5253008 -9.425585 -2.9102466 0.7231144 4.4773617 3.1921878 0.7908627 0.990942 5.179738 0.8851424 7.391975 4.127829 -3.7967455 10.674894 -7.297592 -1.8070056 0.77780825 2.2025857 1.787551 4.631423
inheritance -1.6543567 1.6259122 6.5400405 -0.6980623 1.6986032 3.4629405 0.29608613 -4.6306376 3.8566263 0.86651474 5.393253 3.4338465 -7.790035 7.582987 1.3296238 5.3436127 -0.37253422 1.1688149 -4.689958 -4.18606
ancestor -1.0328859 -3.6050475 1.865021 0.4119734 4.433617 4.137458 4.362735 -4.3660073 6.3503776 3.5686326 5.161517 4.905915 0.34135172 2.6956298 -1.1680671 -1.3919153 -1.6469105 1.2638676 -5.6357183 -7.412136
constantine -1.2473967 -1.3837519 3.139399 2.7030613 2.3713768 1.7314874 1.8492485 4.9916067 4.665329 4.2605424 6.5570016 -3.028421 2.1090386 8.376482 -1.2093309 1.3339431 1.1301272 1.365674 -6.3693686 -1.8250363
possessions 1.5293019 4.3569803 -1.5575367 -0.08837445 1.647367 0.98329467 1.3061994 -1.6029102 2.9472675 3.7134295 9.0542145 -0.9982249 -5.2897305 9.931893 1.0137516 0.83306694 -0.26236475 1.6848791 -1.6524236 -3.5382488
flanders 2.7064984 -3.7088232 -3.1430762 -0.19432217 2.4337256 1.7632666 -4.5131674 1.2689438 2.7485204 -0.79784334 8.07801 0.45035708 1.9923719 7.620706 -0.442989 -0.49964964 0.5961812 -2.0868611 -0.82310635 -1.5645963
consort -7.3014293 -2.4242058 -0.23868567 -2.9154737 3.3984475 4.9054303 1.6889396 2.1407347 4.0065546 2.0130036 5.5398607 1.949908 2.9560773 7.95659 1.8744054 -2.4381917 5.6862054 7.09501 -5.2159863 0.036994915
germanic 6.631332 -6.8612947 2.2448165 4.368995 5.666962 5.9538627 0.26565224 -3.2794547 7.550517 1.2492615 6.5989933 4.6505036 3.924023 4.565447 -6.0620356 -1.573737 -4.5632095 4.874169 -0.7806858 -3.2223692
heirs -3.732488 2.1648798 2.6983368 -0.48373035 2.0372295 -0.22530763 0.48535857 -2.6281955 4.4408655 0.9847737 6.053033 1.0602968 -5.821511 11.367825 3.8572817 3.6108737 -0.54740995 2.089979 -6.899325 -5.9113483
bohemia 2.815547 -1.3246688 0.99354476 1.5121307 4.0260997 2.2083719 -5.7799506 -1.0912592 2.413902 0.55810916 9.166345 0.31819123 2.4124649 8.836122 -0.07784362 -2.830782 -2.6485338 4.072999 -3.914926 1.9267528
monarchs 3.052378 1.3216584 -3.1697323 3.102117 2.5856633 0.43401495 -2.2064064 3.290574 5.991307 3.5048854 6.1623106 1.1453329 -1.6376841 6.6808953 3.0697148 2.8564591 0.966881 4.6275487 -2.7988281 -3.8210354
habsburg 4.122549 -4.1981535 0.49936163 2.8421571 3.965698 3.2472963 -4.990506 -0.27755314 3.6223004 3.6754055 8.053065 -2.476792 -0.07845078 14.834533 0.8290274 1.8975099 -4.7645836 4.691644 -3.4387233 0.7550413
empires 6.0951633 -1.7338918 -2.1705709 0.78560245 -0.2788338 3.4699955 0.64881885 3.2681909 7.205658 7.91678 5.5781784 1.084764 -1.6270392 5.9792356 -5.3954997 -0.70130473 -1.7204213 1.0819645 2.5736034 -0.7474302
persia -0.12668796 -2.580459 -1.6606188 1.7266316 1.4564588 5.1844044 2.3640997 2.9596841 6.5265903 5.732651 7.200265 -0.41849405 -0.70908016 7.028847 -7.364865 -4.5607224 -0.06953946 1.5266703 -1.0521879 2.883962
napoleonic 6.542219 -3.8735352 -3.7594125 3.066686 -0.8748413 1.6423249 -0.6698016 2.5401464 8.270123 2.042569 7.1193147 -2.543879 2.8208168 11.004632 -3.483787 3.4694052 -3.8910277 -5.2128897 0.13127322 -0.82846713
nobleman -4.5932016 -4.4380717 -0.3178562 0.18999808 5.3013077 7.7549024 1.2061568 2.4740608 4.955321 4.9196224 7.0945177 -1.1360798 0.7622873 9.720695 5.279505 -0.9422718 -3.6200237 1.8300667 -6.081786 -5.081025
aristocratic -0.13041145 -3.543095 -1.1751871 0.24395333 4.4164205 11.020033 0.26979628 0.3252769 4.89647 -0.32940847 4.755066 0.010103527 -2.8904164 6.912613 2.4358501 3.139285 -3.53153 3.9930577 -1.3945497 -5.844463
assyrian 4.8011928 -3.3894122 -1.4861003 4.59472 1.891241 3.5605285 3.767052 -0.020036183 5.927128 2.0468094 2.979165 -0.8500994 -0.73713535 5.259104 -6.563438 -5.9597383 -4.014441 5.570493 -4.8292933 -0.6484765
protectorate -1.6224475 -3.049528 -4.7187285 5.4111114 1.92553 -0.567383 -3.1393917 2.9144068 4.999641 9.105341 6.5241127 1.7967417 -4.985481 9.288441 -3.4162998 -2.7040823 -4.3913565 0.44499272 -1.6546787 3.368454
transylvania 4.5233192 -2.1803706 1.5894489 4.060241 4.15282 2.3059115 -3.5620959 -0.4773585 2.1226757 1.6553416 6.2246194 -0.70283204 -0.56589586 6.046574 1.4254067 -3.4307218 -2.0608478 3.4391844 -4.5963626 1.4783257
dynasties 1.2386765 -4.8079386 -2.6534958 2.1874194 1.8744504 4.294287 0.6189724 0.2782444 13.031057 6.109685 3.1701353 3.770421 -2.406172 9.2620125 -1.8916589 -9.236921 0.107708216 3.9497662 1.347979 -4.4809666
princely -2.4034462 -7.2328806 -5.516211 5.218272 3.686556 4.852849 -2.8068697 -3.8217885 3.1006908 5.566352 2.3061721 6.538409 -6.9475584 11.042858 1.5585392 -0.42269805 2.0177515 4.3222213 -6.701226 -0.18076833
sardinia 6.2392554 -1.7703606 -2.139264 -1.5710654 0.4146097 3.547151 -3.466603 -1.9540169 2.5900145 5.837514 8.334676 -1.743439 0.6181258 5.94033 -2.3086064 -2.3129864 -0.9362843 -1.8911961 -5.3109713 0.3208606
carthage 5.375371 0.7923059 -0.80341566 6.3535576 2.194051 1.5078982 0.9226437 0.85105836 1.7827379 1.9118444 8.299062 -2.719342 -0.21973975 4.535787 -4.1442504 1.7972218 0.683625 -0.3681927 -5.7180223 0.14555544
coinage 0.25638008 3.2059684 1.092261 0.5225453 -3.8355868 -2.1357095 0.45200276 0.7279984 9.488496 8.064722 4.1795144 8.92448 -0.11197741 12.517286 -3.18624 -0.1604267 -4.0070252 4.216446 0.11854462 -1.0157162
lordship -2.1466823 0.049800046 1.9167613 4.533154 1.9515512 1.7053664 -4.1802025 -0.75511605 0.43169558 5.3591514 8.559535 3.222337 -4.6651893 15.121588 -0.6540039 -0.43012777 -0.45873433 0.52771467 -5.8299885 -8.520552
vassal -1.9925525 -7.3890285 0.56947136 1.5308616 5.3046055 2.0843084 -2.3969598 0.5755314 3.225838 8.726085 8.169582 1.9353725 -5.391168 12.030403 -4.447822 -0.36082122 -0.111465074 3.7806478 -5.6248374 0.34082547
moors 0.73847216 1.9168819 -3.6873424 2.809995 1.0953187 3.65167 -1.7615486 0.7622597 -0.28758377 2.3284314 6.8320055 -1.1151872 -1.3937985 3.7816713 -4.386763 -0.9294256 0.29179823 -0.258604 -1.2387987 -6.9039955
mesopotamia 2.9130776 -1.502551 -1.125443 6.054061 0.73402774 3.9853463 2.6577265 -1.5583715 6.485666 6.262425 5.824287 0.67358106 0.9136206 5.7116456 -7.991022 -6.151779 -0.81341606 0.16765046 -0.48586604 1.772579
frankish 4.6052394 -4.66913 1.1920217 4.308797 4.062401 3.3953285 -2.4606476 -1.6192583 4.3733597 2.9988234 8.825767 0.43956736 0.95113903 11.798554 -4.713707 1.4493508 -1.8590705 2.7072847 -4.2763515 -3.5061386
athenian 4.642535 -3.211922 -1.5629641 3.1840098 2.5460494 4.912377 2.1643755 1.5576755 6.632756 3.2437332 5.41532 -1.9500283 1.6392841 6.1419806 -1.7015308 6.5402656 1.1630918 1.8312395 -3.5369873 -1.4371834
crusader 2.9400527 -4.1877904 -1.829795 2.409176 1.5247314 -0.3209726 2.4311109 1.398265 2.4073062 1.9113834 4.623329 -0.88712984 2.069998 5.06843 -4.7126927 1.7753574 -1.8349077 -1.3212861 -3.0770116 -0.76967895
danes -1.0212407 -0.38199943 -1.5127318 1.7915342 4.56297 -0.659754 -0.00082098524 0.9543291 3.6497056 0.15825896 9.038026 -1.2416159 -0.18970777 6.4911275 -2.0303853 -0.2876174 0.7605966 0.45069954 0.4032128 -2.2438765
napoleons 3.107256 -5.1265717 0.4579587 0.6606974 1.2946414 1.1074685 0.5806704 3.0246756 2.210023 1.8257282 5.9240046 -4.9999814 1.4929298 9.820031 -3.7140892 3.3790302 0.42616937 -2.2242413 -1.9133759 1.8284261
gaul 6.0790887 -2.5087855 0.8279179 3.598208 3.9107294 2.4504304 -0.21260016 -0.46854687 4.77552 4.343839 10.022487 -1.0608965 1.0797433 7.681518 -4.630877 0.84525514 -0.27229097 0.66573393 -4.313847 -3.370794
chieftain -2.694218 -6.387582 -3.947729 0.59859747 5.8920655 2.2676818 4.1784863 1.5444646 1.0119555 4.954759 5.6199775 0.5383765 -2.426991 5.275523 -1.1073967 -3.453228 -1.937665 1.3974881 -3.8899693 -5.379186
charlemagne 2.572228 -2.0931 3.530584 1.6540722 1.6187398 3.6332915 0.25462636 1.6260622 3.7739885 0.7433561 7.3229046 0.72700804 1.3953098 10.477358 -1.2830123 0.9919496 1.4620066 1.1453625 -5.6466827 -1.3708196
conqueror -2.6645975 -3.6815076 -0.56168836 -0.39500678 1.559826 0.12901999 2.7339716 3.6441584 3.7683547 4.897588 7.251265 1.0994087 1.9218457 7.6684675 -4.974976 0.93031496 0.20342258 -2.1874986 -4.9163985 -4.319939
conquests 1.9681116 -1.4163125 0.015116349 2.204302 0.8221965 4.599754 0.9457289 4.3256755 8.208637 7.332453 6.70031 -1.6684965 -2.7066178 6.3237247 -6.3080893 -1.9667679 0.31326857 -0.1510132 0.32606387 -1.8605317
hitherto 1.846701 -0.12845458 2.0435371 1.9580355 0.41962472 3.276186 1.3899267 -0.08167905 4.5673723 1.0007076 4.136116 3.4608676 -2.6581025 5.2220798 -2.9896538 1.085273 -0.87977356 0.15469438 1.63628 -1.8443787
teutonic 7.1464734 -2.3460512 0.29081008 2.8826702 4.4331574 1.5670474 -0.26977715 -0.9785265 1.0381141 3.7593548 9.465264 -2.0367038 4.223575 12.287164 0.86733544 4.519178 -2.013696 5.6128626 -3.7763762 2.3148699
saxons 1.9941688 -2.745083 -0.78418636 4.8798413 6.08884 0.03572284 -1.72892 0.9165524 3.6899343 1.7817136 9.918746 -0.93336964 1.2508194 8.228885 -4.549337 0.030173048 -0.5194994 2.2891757 0.43281862 -5.693497
henceforth 1.0085193 -2.4135418 0.52278525 1.3941572 2.2855759 0.047206882 0.7304539 0.9692164 1.1702116 -0.3743193 4.04018 3.0123525 -3.6333401 7.1502204 -0.46749908 1.9082819 0.7829122 2.4365356 -0.64808255 1.6277512
ravenna 5.4192867 2.076908 1.6793834 2.539277 -0.137409 3.9977026 -1.7308985 0.2214978 -0.40834096 2.4947162 6.4026055 -4.4820104 1.6548389 6.2531943 0.11738634 -0.1799037 1.0800657 -0.24295346 -5.328738 -0.83469456
tiberius 0.9212756 -1.2555212 5.116171 1.6063478 2.9483297 -0.54689956 2.9562368 -0.11072566 6.021876 3.717348 7.0046573 -3.1255906 -0.8085736 8.708385 -2.5919275 3.4150064 0.72126174 1.5091238 -6.9949985 -2.9210167
envoys 0.26235238 -2.9147682 -0.96439403 1.3197362 3.2481446 -0.58004993 4.645589 4.1127915 4.4715304 3.5031877 6.567541 -1.0710094 -5.2502666 10.980865 -0.42533943 -2.1082354 1.7110021 3.7328744 -3.824051 4.601233
anjou -0.12264379 -2.7373343 0.8342108 0.9512244 2.7585452 2.321472 -3.9863276 0.9624324 0.3462199 3.1067286 9.88437 0.0038612036 -0.13333592 11.734298 -0.15758753 3.2565677 -0.69811624 -1.1640252 -7.810235 -4.217167
chieftains -0.1780858 -3.9168525 -3.4022765 1.8683901 5.4075522 1.9794888 2.076727 2.2157214 2.7324722 3.579918 4.8035297 -0.18782316 -4.854644 6.1890364 0.9411427 -3.9567945 -2.0966375 3.6920319 -1.0223689 -6.296808
kingship -1.0598158 -4.078316 3.2942927 3.503416 4.6474338 2.7623727 0.509575 2.4666402 6.144103 6.291631 6.784768 3.655737 -4.9221354 9.503818 -3.6077144 1.096123 3.4652267 4.337207 -3.6181066 -4.787619
crusades 4.0455837 0.2799096 -0.42167714 3.849114 0.6578079 3.5083325 2.09951 4.5129046 6.3196836 1.00841 5.391323 -2.3166146 0.53137636 4.794043 -4.1417084 0.074248575 -0.6199746 1.4633411 -1.8488729 -1.8508965
castilian 6.5566216 -6.947227 0.06388979 -0.33337292 2.6040373 4.287252 -0.083135605 0.3303977 3.6134267 2.1112323 4.889124 -0.5006888 -2.7841763 6.6947055 -2.5089393 2.445862 -1.6153032 -0.35488704 -4.484032 -4.203284
byzantium 3.3143363 -1.4312757 2.103589 2.8160303 1.3984911 4.6523356 0.7270996 1.7945675 5.606897 4.1186953 7.466799 -0.70852554 1.3711015 7.178106 -6.1870155 -0.9261263 -0.08187474 1.65969 -3.1814172 0.033750124
dominions 0.023785103 -0.33216575 -3.925911 3.0758095 0.7183959 0.7217677 -0.48946503 2.020248 4.741915 6.020032 5.2836914 2.7938354 -3.6533644 9.512882 -1.8445188 1.008486 -1.5754807 2.845338 -0.30103904 0.23429433
carolingian 5.6049485 -2.5136564 3.4009655 3.0046966 -0.18195872 5.6349072 -3.1529894 -0.45578584 6.199543 1.2358725 4.9655113 2.2701724 3.1174436 11.2140875 -2.978505 0.6769129 -1.3579057 2.5584514 -1.7825128 -4.291674
principalities 3.9814146 -0.464887 -0.70324177 4.782803 3.211111 3.302856 -1.080529 0.10959482 6.137877 10.43231 5.319066 -0.81897444 -3.3700094 9.783235 1.1406397 -5.292402 -5.0300503 6.217671 0.7038574 -2.0424628
patrician 1.5163192 -1.7497729 0.774982 2.532181 3.5760186 5.122867 -1.1960125 -1.8580166 4.365038 0.8597558 4.3889623 -1.3439873 0.03954069 7.7880387 4.9087715 3.3813624 -2.0711687 2.764781 -5.6428113 -4.9507227
suzerainty -1.5191292 -3.0288556 2.0307634 3.2154825 3.7409031 3.2049959 -1.6329938 3.0807424 5.633945 9.738301 9.237118 2.1097057 -6.6122146 12.798541 -3.391779 -1.3530521 0.7410676 3.796085 -3.0940561 1.5033699
goths 5.4643726 -1.2958921 2.5704384 2.1376708 4.5887704 0.84570056 2.4387307 0.49635008 4.5693564 2.5307243 9.553385 -3.1357405 0.32485127 6.1259294 -6.5641913 -1.722428 -2.258251 3.176888 -1.7715707 -3.6577811
parthian 2.723018 -5.165237 0.12531377 1.951645 1.4624321 3.040359 2.7462223 0.6399267 5.77404 6.756442 4.68386 -0.4190141 1.8096367 8.656852 -6.486554 -2.0395124 -1.2933211 2.0140142 -1.8852448 -2.3894455
assyria 3.261779 -2.2553952 1.786389 2.6526892 1.3702407 1.7506701 1.9072602 0.3331847 5.7066464 5.907214 7.431175 1.1772223 -1.022842 7.481047 -9.831143 -4.5325017 -2.4660153 2.9170566 -4.282157 -1.1342046
pretender -2.719789 -2.924193 0.2841261 -2.2570062 3.508737 -0.4628841 1.9937944 5.641716 3.4782667 3.0649545 6.1537385 -2.887103 1.091868 6.7596273 -1.6123813 0.21069264 -1.68478 2.7056165 -2.72668 -4.4266276
cretan 4.510821 -3.534429 -2.2972395 -0.27470756 2.2190387 6.3665586 1.3606304 -0.12361349 3.8769746 2.5351453 4.4334974 -2.592518 3.1427846 4.298162 -0.73172724 -0.15357699 -1.4768466 2.1227684 -1.2549781 -0.16188112
sovereigns -0.9953838 -0.5950751 -3.8746095 0.66106206 0.0705669 0.2705957 1.8354001 1.478355 5.137975 4.137384 1.9610469 2.8906863 -2.4371161 10.03134 1.9222797 2.2776537 1.0256095 5.100126 -1.7851841 -2.065277
consulship 2.3469737 -2.418762 9.228192 5.014547 5.2808385 -5.787293 -1.7955993 -2.8145916 14.190156 6.4713063 7.998903 -2.735242 -0.9622968 9.10987 2.0442867 3.5530057 6.825625 1.1859142 -11.932105 -2.440089
sasanian 1.2153705 -4.9088907 0.2960575 3.1683056 1.172029 5.7726607 1.9467474 1.3579876 6.171883 7.4432607 4.29721 -1.5518122 0.019135877 9.535385 -5.2239127 -2.7659461 -1.5441697 1.5875237 -0.8421058 -1.3632802
illyrian 7.4192915 -5.8142385 -0.045994744 2.3570597 3.7053063 5.09364 0.39953595 -1.9500282 5.593851 5.1882544 5.8678465 -0.585488 1.8060851 5.2951617 -3.9429815 -0.5485694 -3.4128716 3.0083292 -3.6689541 -2.7369826
achaemenid 3.0528207 -3.2729552 -0.65323555 1.9570174 -0.50857526 5.292003 1.3242264 0.1407047 7.1937037 7.31264 4.304723 2.075847 2.4815116 8.311779 -6.186967 -2.7162793 -1.6207118 2.7654455 -2.3251817 -1.5807676
tacitus 1.3089834 -3.1178014 5.548233 3.4086611 1.6706465 1.321994 4.1040344 -1.1861262 9.030463 2.5054991 5.2185144 1.8956578 0.26544267 5.822545 -6.9550896 0.61898166 -1.7416936 0.08661964 -8.29772 -5.3680534
celts 6.1287565 -0.31799597 -0.49646154 2.4244773 3.4627657 3.6369126 0.021528443 -0.8735153 5.30181 2.0184078 8.116811 1.0416125 2.9713306 2.955281 -3.822967 -1.2562988 -2.0396037 3.0461018 -1.0424565 -5.157806
thracian 5.5733867 -4.154009 -0.27850032 1.5572065 3.4563968 6.483355 4.0578213 -2.124362 3.9660823 6.479031 5.980877 -0.89295864 3.77262 3.70719 -4.1462755 -1.0772034 -2.0720847 3.450288 -4.525833 -3.2273667
peloponnese 6.6341825 -2.6711469 -2.0805602 2.7419777 2.585554 5.907964 -0.6018756 -1.0259931 1.0846133 7.0016 7.974945 -3.9783554 0.60727924 5.7626534 -4.281364 -3.5602748 0.56101227 0.7264566 -1.9061011 0.35506335
sassanid 2.0700352 -4.0642595 -0.005946045 3.5765588 0.86138284 5.1389766 2.5254822 1.3214911 5.5563917 6.785941 4.277734 -2.3097653 0.7365718 8.486101 -6.7965627 -2.9536958 -0.56279826 1.8822571 -0.68435454 -0.9371625
noblewoman -5.333572 -0.8018371 0.25177157 -2.304046 4.7784343 8.834859 1.743884 1.2465991 6.38856 3.468342 8.34623 -1.4109683 1.4148097 6.75252 4.5570197 -3.870666 -1.3961174 3.8872535 -7.7142715 -5.3369365
sardinian 4.781023 -5.0369 -0.39705482 -1.3386824 1.9159287 5.149232 -0.86156243 -0.49596894 3.1761115 3.6822414 2.9310875 -0.41937408 0.41743588 3.9329982 0.35984644 -0.8257315 -3.724914 0.48749202 -2.2416103 -2.7636633
arles 4.260773 -0.23733614 1.7874739 0.62682384 -0.9446266 4.535805 -1.9728787 0.6209966 -0.29613823 -1.1401545 5.7170234 -0.57343197 2.0445266 7.4048185 -1.3482248 -0.62706286 2.8925939 0.12836738 -6.929012 -0.30291152
usurped -2.7146113 -5.6129246 -0.6415556 -0.94009817 1.5395266 1.7842928 -0.858601 -0.36869255 0.23465681 4.2005053 -0.017506484 -3.4055269 0.24051704 6.3881965 -4.3244967 3.1855922 -2.383012 4.1267033 -3.312395 -1.8300089
seleucid 3.1298587 -3.7623909 0.77843386 3.2903526 2.3410056 3.1514542 0.12384972 -0.16932453 6.6687193 7.0869308 7.433856 -1.5037978 1.4415588 7.7563977 -6.87398 0.027552102 -1.5179484 1.7416905 -3.925878 -0.43672174
hohenzollern -0.53302246 -2.8179696 0.54761636 2.305174 2.984235 -0.55642456 -1.6299056 -1.9108552 0.06519345 1.2137672 4.559202 -1.5698111 3.0619779 12.921092 2.7672598 0.40318343 -3.4708197 4.110659 -2.5648117 0.8677662
diocletian 3.960183 -1.2488674 3.7008114 5.366815 0.4377692 2.7534652 1.0849553 -0.3537299 4.4776587 4.102125 4.588915 -3.3267498 -0.11793972 11.4453535 -3.2049096 -0.1535619 1.0558022 1.8198254 -3.9303133 -1.2028713
chroniclers -0.23652978 -1.7577479 2.5157034 2.5103908 0.35039094 4.561793 3.9963858 3.0006213 9.777302 2.7596269 4.065744 0.542008 -2.063363 6.1618075 -4.59803 -2.2099087 -1.2382662 -0.6235397 -3.568299 -6.168661
wenceslaus -1.4192523 0.8654165 5.4113126 1.0724564 2.998392 0.03747953 -1.6543638 -0.19208787 3.0828717 2.9483256 7.36224 -2.8532891 1.3534493 11.393495 3.4527688 0.16417591 -1.4890739 4.383569 -6.055318 0.108792506
dukedom -4.3877997 0.92080706 0.85470504 2.0737267 1.8275008 -1.6521623 -4.7563624 -1.0289038 3.3951182 4.868358 7.637957 1.6756805 -2.4984438 11.570805 2.312979 0.54192936 2.4741168 -0.28576237 -5.4805894 -5.237237
monarchies 4.621125 -2.1002798 -0.9244684 3.56713 1.4049811 2.2380004 -1.7927386 1.8498931 8.871457 8.232216 3.1753442 4.029083 -3.1149333 7.121453 0.33692956 0.5705701 -2.647789 5.6393595 -0.50063545 -0.80374724
sergius 0.3524164 0.4769201 5.595138 5.4647946 1.6812352 4.805635 3.834326 3.561044 2.316978 1.8472233 4.5092893 -5.486394 2.3544476 6.8907514 0.3240523 0.34181476 1.0552135 2.364946 -6.210773 0.8477173
thereupon -2.5150437 -0.6806011 1.7616155 2.8215177 3.1136742 -1.7095004 3.1347978 1.2329127 -0.011020577 -0.3325026 5.1019506 -0.11079331 -2.3497796 7.4372196 -0.71783215 0.8328423 1.43303 2.0424006 -2.6694014 1.7969604
feudalism 2.7454834 -1.4951138 2.4065514 3.264535 0.6222335 5.422693 -3.1438453 1.6172916 5.4507895 4.2945223 4.446113 2.476984 -2.9834495 6.627145 -4.5324407 2.411675 -4.556033 1.9544463 0.70619464 -2.1840026
hanoverian -1.8672785 -3.1165 -2.30489 3.7643638 3.658686 -0.012408102 -1.8078895 -0.81190753 2.9174168 1.1159953 5.409094 0.9066856 3.0991278 9.90768 1.4343588 2.6926544 -2.2565112 1.4937289 0.5700161 0.9976356
interregnum -1.9784508 -1.0679944 1.6934602 4.417224 -0.002164221 0.36520645 -2.1872067 3.0016727 7.4749355 1.1752743 2.5300143 -2.9437315 -1.5220122 9.646993 -1.7229797 -0.02239029 -0.16537355 0.011614812 -1.5335183 -2.2376041
reconquest 3.413577 -2.3837748 -0.4036956 3.561807 0.86116797 3.748127 -2.5909529 2.5655923 4.6218038 5.8763585 5.965499 -5.223566 -0.60430384 6.553463 -5.700037 -0.7420743 -0.861554 -0.40305355 -3.012473 0.5185432
visigothic 6.450503 -3.9753609 1.8477564 3.059254 1.5070981 3.3546057 -2.5859697 -1.0032583 4.0516415 3.0230684 5.5397735 -0.58140105 0.31969768 8.3709 -4.48746 0.5948822 -1.8612263 2.1961133 -6.5930467 -3.7022352
usurper -1.273053 -3.929029 3.2678573 0.44126555 4.5220146 0.6771005 3.7628567 2.7057266 2.865849 6.3624115 7.3553896 -2.7062008 -1.4626747 7.5521293 -4.525134 1.367101 -0.5251894 2.4724443 -5.253242 -2.7831728
pictish 1.7650925 -2.7402415 -1.6992955 3.3804069 1.4243712 2.542238 1.2738107 -2.2300704 4.423551 1.8457373 3.910253 4.9057374 4.193379 5.7316 -4.9949727 0.32554024 -2.3481421 2.6995788 -2.6182857 -9.958193
tsars -0.8139293 -1.3342198 -0.6965 -0.6125346 1.0325665 3.9994256 2.9884012 2.8764167 3.420512 1.6670625 3.089254 -3.65256 0.25599965 8.957429 1.4716074 1.385402 -0.989112 4.043694 -2.3912013 2.816179
imperium 5.3696513 -3.2507942 0.9905565 0.03362052 -0.15905903 -1.359827 2.107774 2.868134 2.946027 4.3065963 2.3161607 2.3624086 1.3756851 4.596403 -2.4100192 4.1117067 0.33020255 2.193332 -3.9379585 -0.0033887937
subjugation 1.5702349 -2.2905426 -0.2246545 2.2172198 2.2126856 4.3472238 1.1129879 0.99507374 4.567771 5.3566995 3.5580723 -2.451129 -3.3031144 3.222953 -5.711434 2.1021464 -0.4695238 3.1934607 -0.33126685 -0.4106152
praetor 2.6074014 -4.4119596 3.0825143 5.500698 2.2869663 -2.9073741 1.711637 -1.0268639 6.482964 5.3302 2.1169364 -2.0181744 -1.913206 7.4194145 1.4673882 3.4929054 1.2386901 -0.8095783 -8.47617 -2.2920973
batavian 2.7395039 -5.7980013 -2.3991377 1.1090633 2.1226962 -1.756067 -1.4804531 0.2766051 2.581896 1.7893896 5.7819552 -0.53942925 1.2411367 8.231481 -3.4977403 1.3508904 -3.7924294 -0.86137193 -2.518953 3.6913443
susa 2.0305233 -1.2688996 0.8686297 0.6479478 0.030422475 5.4803843 1.1535667 -0.19813325 0.07632536 3.9248629 5.2350664 -2.6469495 1.4615711 5.5090284 -3.7951884 -5.4810586 1.3624517 -0.83682084 -4.633637 -0.70548445
merovingian 3.242317 -2.481506 1.0966715 0.99198794 0.21606815 4.3160315 -1.1480165 -1.3606247 3.7040489 0.98046756 4.6068993 0.98600245 2.510542 9.0864725 -3.1676173 0.5893657 -1.3591651 2.186297 -4.6802254 -4.1709
scythian 2.7052007 -3.2625391 -1.050209 0.9843255 3.2985048 4.920631 4.3236117 -1.9073929 4.485323 3.8807914 4.892006 0.59169513 3.821337 3.348957 -3.471965 -0.3583238 -2.1890352 3.5990636 -2.2771235 -2.2936938
lordships 0.009148817 0.16788341 0.30728927 3.485633 0.96748304 1.9446312 -2.143449 -0.91291684 2.115695 3.1537015 4.6619782 2.6623094 -3.639829 11.279312 0.8873546 0.104286395 -1.6867082 1.5711 -2.4807339 -6.437789
kinsmen -1.1491534 -2.1069493 -1.9356986 1.5745293 4.4167533 2.5453303 2.1990767 0.37365597 1.692303 1.825666 4.813665 -1.4270452 -2.9848895 5.239561 0.5255392 0.22489241 -0.5745392 2.3753624 -2.3756542 -4.859614
overlordship -2.148302 -1.9668679 1.9144989 3.556671 3.7005363 0.71986204 -3.3407419 1.4938109 5.007679 6.3510723 8.043426 2.3114147 -4.1839 11.24309 -3.1347716 -0.034895763 -0.36358672 3.0385005 -1.9839547 -2.5372841
abyssinia -0.7579907 -2.661742 -2.5653944 0.95155054 1.1685195 1.6075351 1.4279228 1.0595984 4.8569207 3.040498 5.1056757 -1.8267517 -0.42197126 3.8006473 -5.3549447 -2.461615 -1.8713042 -1.3425045 -2.7615252 2.8817327
picts 0.59807074 -3.6253493 -1.3365146 3.4780889 3.9301677 1.2156374 1.3643234 0.24049814 4.819522 2.47918 7.1469164 1.3233083 1.182649 5.766889 -7.034955 0.20475765 -1.4196495 1.5259409 -3.215947 -8.478463
hospitaller 2.8194525 -0.19230305 -2.8865452 4.1409802 1.1072788 2.9255784 0.90902764 0.2690627 0.38189146 3.5255299 5.651699 -2.9841588 3.992424 10.900945 3.466964 3.9708018 -1.3596225 1.9235295 -6.5874815 -1.5707995
etruscans 6.5926094 -0.86425835 1.776535 0.8747656 1.8434108 4.6377783 2.0393488 -0.9820455 4.046771 3.5943232 7.81881 -0.099241026 0.6668971 5.011379 -3.953025 -0.023298599 -1.2413542 1.0948043 -2.821006 -2.6858807
fealty -3.2115786 -2.053279 1.2326574 0.22039194 2.8579314 -1.266269 0.17647949 3.9356387 0.89198476 1.391515 5.2445855 1.1555132 -3.150537 11.217916 -1.4068888 2.5218112 0.7791664 6.6124287 -4.9636316 -0.7963758
piedmontese 4.708264 -3.298365 0.9226066 0.62113005 2.3006155 4.753657 -1.5323575 0.4510993 0.99472815 3.6946776 5.311855 -3.5834997 -0.013797996 5.872589 1.0945427 0.6354545 -2.4035518 -1.4965446 -0.93173856 -1.4326664
gaulish 4.003195 -4.943236 0.9681361 0.8313488 3.1542413 3.4663372 2.2795272 -2.332949 2.7847335 3.644256 5.0479026 3.4457083 2.632463 4.4843593 -4.060852 -1.1781341 -2.683705 2.9933848 -4.4089727 -5.3337026
parthia 0.40669385 -2.6722116 0.61803716 0.83443564 1.7609719 1.0254873 0.22639139 1.2671595 4.130852 6.530867 7.0342183 -1.084002 0.29810277 6.849443 -6.364638 -0.4320457 0.3156882 0.93021256 -3.193424 0.3378503
parthians 2.6096053 -3.1616802 1.5736198 2.230376 3.1147377 1.3203261 2.229529 1.5333213 4.33552 6.680378 7.11778 -2.7489839 -0.704249 6.805125 -6.2423444 -0.339164 -0.04332299 1.4747267 -0.62744004 -0.97602916
satrap -3.420264 -3.1533067 0.5549508 2.627462 3.228458 2.0277765 1.7812493 0.9358215 5.3369246 9.31629 7.4052653 -0.16168629 0.5003056 7.582969 -4.6758914 -1.9788713 -0.110149965 1.1726382 -5.2526474 0.15197246
babylonians 3.5460548 -2.6258998 2.6596591 1.3507187 1.5001578 1.8773087 3.0129464 -1.8199013 5.063474 2.5017126 4.375138 0.88032717 1.2831806 4.780852 -6.203644 -1.4536499 0.036619056 2.5961246 -2.7780483 -0.3669607
canute -3.1865633 -0.62645215 1.1969781 -0.2799165 3.3680542 0.5299492 -0.96367574 -0.5882488 2.3800771 1.9731431 7.941182 -0.1879257 2.8649006 8.354109 -0.6122755 -0.83240145 0.32449254 2.6508482 -4.2367196 -1.5217296
knightly 1.0581242 -3.4565523 -0.7729881 0.6952937 2.4465404 4.8396564 1.6431307 -1.0677145 3.2252152 1.08862 2.5829616 0.6171415 1.7759452 6.1453805 2.0140905 4.248993 1.4006478 2.7093675 -2.3989282 -2.5023491
artaxerxes -2.1104171 -1.640784 2.3848484 0.23494294 1.1409084 1.2869879 4.129266 1.399364 5.3030524 4.8602986 5.7530227 -1.1715546 2.1594417 6.9756308 -3.842731 -0.3839133 0.9090465 0.9557547 -5.2502136 -0.05923176
gascon 1.0171722 -6.0411563 0.35320273 -0.28040072 3.2074645 2.6980422 -0.2446634 -0.4410239 0.8241863 1.3586469 3.465507 1.2564671 -0.6661108 4.5729265 0.08490031 0.6632918 -1.8911408 -0.7156324 -3.2096596 -4.4263415
frisians 2.0446682 -2.2206182 1.0214467 2.8830025 4.592558 1.1454083 -0.8918282 -2.167055 2.622505 1.2585043 7.955712 -0.6624112 0.037707105 6.959155 -3.729912 -0.7957229 -2.526639 1.9676648 -1.1756217 -1.9386847
ctesiphon 1.1037492 -1.9471163 0.28535464 3.7599695 1.5102353 2.2504923 1.9184573 1.4334882 0.33565593 6.180985 5.555032 -3.9281936 -0.8434535 7.5638885 -5.965552 -4.150775 0.6969767 1.1619251 -1.9571998 0.4743336
cnut -4.4961534 -1.5292648 0.7863239 0.68483835 3.2819314 0.019997533 -0.632291 0.6308124 4.1010513 1.8156825 7.88144 -0.8842679 0.9898403 9.008574 -2.7582028 0.2748774 0.57293355 1.2779305 -2.3277283 -2.6061332
bretons 2.48653 -2.9647553 -0.4278012 -0.103253834 1.6565869 3.1935287 0.056087688 2.32983 2.6339967 0.54303485 5.150175 0.45499712 1.0860853 4.0736265 -1.9543082 0.15228549 -1.5688399 -0.23276263 -2.867592 -3.0503867
serf -1.5533868 -1.2126458 0.9476987 -0.8352544 3.0428555 4.1100874 1.1881248 -1.0251089 1.869428 -0.42822817 4.414534 -0.20063713 -0.9914727 5.499221 1.3470834 0.81246334 -1.9175564 2.079333 -1.2923977 -0.9611636
yorkist -2.662387 -2.7444856 -0.91236794 3.6121273 3.4934406 -0.8345317 -0.23966615 3.08755 2.0338857 2.1150017 4.882151 -4.46335 0.7686931 7.5151496 -2.6759021 3.7958472 -1.9477986 0.64312667 0.07940546 -4.5905633
lydian 2.658681 -4.0833664 3.4851305 -0.056602295 1.4874899 3.08396 0.21587534 0.041305978 3.0374074 2.6740816 2.908305 2.8653202 4.869547 3.1333456 -3.4991872 -1.951394 0.33354598 2.3391094 -0.44193774 -3.4393084
kandyan 0.6517253 -4.8918295 -4.8770404 1.05021 1.4846202 3.875976 0.63629055 0.83383846 3.3812008 2.736966 2.3850286 1.3770757 -1.7226174 6.0579495 -1.9190223 -0.25048822 0.4196447 1.9730992 -1.6463792 -1.6964456
armagnac 0.7692166 -2.9960246 1.3189939 -1.5458199 1.9381695 1.5372769 -1.9414797 -0.9022052 -0.85644346 3.0546348 5.8084035 -0.78733474 0.6828053 7.3887115 1.5151485 1.3138705 -1.258416 -1.6836005 -4.4180603 -3.5937624
vassalage 0.34639746 -2.8284163 2.2152727 0.6133984 2.994321 1.0102915 -1.291361 0.9966391 2.4827137 5.565681 5.5029225 -0.111677065 -3.175992 8.284828 -2.1231928 0.8647194 -0.49953008 3.6558309 -2.5697756 -0.28376302
rulership 1.2865934 -2.7786658 0.9421551 1.0519899 2.071782 2.7788327 1.1415443 0.6113089 2.6989079 4.3164496 3.8441987 1.9451447 -0.97770196 5.11714 -2.8000858 0.69170296 2.1561658 3.5820072 -3.0679038 -0.6631881
galba 0.15921852 -2.2864385 2.6446776 0.91758025 3.6475677 -0.49977273 2.195772 -1.8457772 4.2518992 4.5906353 5.456338 -2.0260053 -0.36167082 4.7579956 -0.732495 1.2084589 -0.54829365 0.22279705 -4.3755965 -2.7954803
norsemen 1.7897484 -1.610036 -2.6911356 0.72436255 2.64112 0.35439447 0.2566586 -0.7004364 3.339743 0.63424873 6.2888002 0.17292723 0.8842356 3.0415325 -2.8689694 -1.2444922 -1.2702847 -0.38175446 -1.7641977 -2.9782052
flavian 1.6930438 -1.6269487 2.052006 3.0227754 0.32085732 3.0065243 0.7302319 0.34324932 2.6654532 1.2799299 2.0697436 -2.118411 1.0857042 6.9442153 -1.6854302 0.29513404 0.6547071 1.5954479 -4.024965 -2.1947665
sassanian 1.8677891 -3.304769 -0.3790761 1.966497 0.6949754 4.339268 1.7246623 -0.3809404 3.6152432 4.530624 2.5451677 -0.36479202 1.7153952 5.8338394 -3.5364254 -2.709454 -1.433477 2.0363944 -1.0744786 -1.750166
seleucids 1.7134359 -2.0249536 1.1416907 1.8126048 1.811367 1.4992678 0.13095643 0.84308356 4.153721 5.5766335 5.5924697 -1.039148 -0.25517455 5.405114 -4.05477 -0.7289689 -0.7281046 1.2709546 -2.114297 -0.48657787
capetian -0.5463112 -4.05288 -0.16301663 1.388927 2.767625 2.284147 -2.5334423 -0.15735102 0.7581135 2.018664 3.6893961 0.34481826 1.1716515 8.547245 0.9509655 1.0432849 -1.8603215 2.4852886 -3.0181634 -3.5010798
appanage -1.417924 -1.6738558 1.5790007 0.94544154 3.0949807 1.5660288 -2.6985962 -0.71763456 1.584916 4.582587 5.7626786 0.24585445 -1.583978 8.493182 2.1025567 -1.6437113 0.17813477 2.1366181 -3.7668424 -0.8789767
vitellius -0.14864378 -2.6694589 2.98551 1.2152506 2.706491 -1.5282305 2.8350995 -0.18449135 2.9463422 3.0007079 4.047226 -3.1814072 0.3642905 5.742158 -1.2735842 0.8974789 0.39830792 0.5256098 -4.2368336 -1.0501763
rurik -0.691582 -3.4597437 0.44656575 0.41211024 3.1751976 1.6330335 1.1675928 -0.19245899 2.0287535 3.3300138 4.649308 -1.7602022 2.5866144 6.740032 0.5315098 -2.2256062 -1.2221472 1.3454877 -0.853189 1.1853889
feudatories -1.5745078 -3.9945574 -1.7266324 1.3992699 2.4090972 2.9105961 0.9604642 0.84008926 3.5779264 5.7609873 3.2120206 -1.0411533 -3.6421127 6.980803 -0.9245391 -3.499681 0.8173829 0.8387216 -0.2621614 -3.8420844
achaeans 2.542692 -1.6451329 0.14196223 0.97709906 3.3753335 1.617955 2.8062873 -0.083090544 2.0938559 3.7582488 7.023318 -2.8412292 1.3246202 3.7470362 -3.4620478 1.8305259 1.3609282 1.4157765 -3.8612065 -0.7894887
satraps -0.18172419 -3.0899541 -1.8661543 2.956494 1.7436538 2.656114 1.2257588 0.8291127 4.3913636 6.3198376 3.8885396 1.1598047 -0.7157716 5.905144 -3.3273013 -2.4540942 -0.35545504 1.6100576 -1.4686537 -1.9907844
chieftainship -2.0598686 -4.1571245 -0.9568932 3.2448878 4.303141 1.318215 -0.24283494 -0.62025833 1.9231436 3.1037736 3.9425573 0.49365547 -4.2035284 4.5136423 -0.85346043 -1.2642343 -1.2434493 0.3972527 -4.1750965 -2.9421093
sarmatian 3.084679 -2.92887 0.51979077 2.1524453 2.7971663 3.1175804 1.2881504 -2.1214173 3.854107 3.3799593 3.9767761 0.27106896 2.4308395 2.5003061 -2.7493742 -1.8047377 -2.8732543 1.6881462 -1.7408864 -2.1348069
agnatic -1.7730472 -4.053575 2.428112 1.8761175 4.0479217 1.3149197 -1.3251749 -3.3978932 3.4890234 3.2994125 1.958721 1.8654734 -1.5286623 6.44128 3.1057043 1.9247454 0.5799033 3.5237956 -1.7972914 -2.7545087
solomonic 1.3684922 -3.1591845 -0.06075066 2.2356133 2.2593215 2.3274522 1.0927982 0.2099305 2.4805944 2.6173446 2.048893 0.4268843 2.4305878 3.7183194 -1.2289892 -2.0018477 -1.4242232 3.7095675 -2.2592547 -2.1914606
cathar 3.881368 -1.6437552 2.37342 2.0879524 1.6148732 4.5180235 1.3086114 0.34627488 1.3070536 -0.31534144 2.88031 -2.3448932 0.17850712 3.8006487 -1.3287687 -0.10164155 -1.0817457 2.2639325 -4.471787 -2.5381281
dynasts -0.8347002 -2.0996764 0.7735537 0.24482933 2.795665 1.6079797 0.014005158 -0.8056509 3.8511944 2.261851 3.169759 0.8310796 -1.5087633 5.460618 1.3714 0.18576273 -0.4165416 2.8969345 -2.3971374 -2.257794