Centroid_161 -1.6994922655126048 0.6454020556946776 -0.6706791922268909 -3.594366150056019 1.0142150944131643 -1.3396400553557424 4.144770761120443 2.3444944796577034 -2.0262979237495786 -3.2556846706162474 2.2909315144252105 0.4917939355977595 0.48678578702240866 -3.1462772287198866 -0.5639990163504205 0.5835008690392159 0.6010742174117645 0.7527688480896356 -0.049619485334873974 -2.7693237446750705
girl -3.445743 2.0163822 -2.2986436 -5.648587 5.206313 1.2123567 8.972006 4.4935493 -0.7520236 -7.16301 7.0622997 0.9648232 -2.803784 -6.2884192 -0.004566086 -1.8552374 4.925517 4.569197 -0.2663155 -3.4225502
boy -2.6580687 0.81497216 -2.8395393 -3.3981097 5.777663 -1.1235371 7.8698864 3.779342 -1.2796577 -6.677476 7.2269225 0.6813505 -0.11944462 -4.4969974 0.9025388 0.66878253 3.2429864 2.6405857 0.43258083 -2.767848
watch 1.3101081 1.0835465 -4.9130774 -3.1372008 -0.84599257 -4.692568 6.9806056 2.8644137 -2.1754222 -4.221748 0.48587412 0.7191538 -3.2900405 -1.3855441 -1.9299184 3.8036456 2.9245763 2.3237424 2.1554413 0.610316
kids 1.4099184 3.3993812 -3.4361668 -5.067765 1.2661638 -1.4854491 4.484099 2.5941865 -3.5297284 -10.033094 2.0858655 2.1017299 -6.293522 -8.552227 1.0373043 0.81479514 3.346847 3.2798543 2.8746648 -1.3232186
favorite 0.62831014 -0.67489505 -2.5335693 -5.463563 1.8686571 -1.3483616 0.71693134 3.7989366 2.291601 -6.7187924 1.7965856 1.8229628 0.2762225 -4.790332 0.15705082 3.8801584 3.1024067 4.0874662 -0.61316013 -5.5890694
angel 1.3715484 2.4353898 1.266342 -3.7147493 0.6015582 -1.8436248 6.835169 5.1515775 -3.0713685 -3.490152 4.164587 -1.0688931 2.1251206 -3.8284268 -2.1984117 0.7060978 2.5801764 2.5320227 -4.9275093 -1.3264965
chase -2.816042 1.2419684 -2.9626236 -1.7611551 0.8785974 -5.3122187 4.0538306 1.5346792 -6.1344295 -1.4139392 4.6978374 -0.67631775 -0.80886954 -0.9875695 -0.4234972 4.6890574 4.3693357 -5.3764915 0.9429283 -4.930378
ghost 1.2566915 0.75056994 -2.9984798 -2.7533991 0.9984457 -0.9395615 8.650036 1.7841593 -3.53695 -5.6179824 4.8355985 0.33271208 2.7206113 -2.4796727 -5.8779216 0.82586855 1.7122319 0.97095335 -2.1691396 -4.6614447
kiss -1.665591 1.9145349 3.3645515 -6.315808 2.4529595 -4.550014 4.8955226 5.940119 -3.0913575 -6.681487 4.107963 -0.90808684 -1.1431761 -3.8491535 -2.1574984 -2.5028548 4.6767273 5.1946793 0.5654171 -3.1980374
mad -0.857401 -1.9805956 -0.5485937 -6.5307007 2.6917684 -2.2576873 6.6427073 3.3168755 -0.7599275 -4.570791 4.2892923 -0.65345204 2.2415996 -5.200686 -3.7755022 2.7979186 0.015654292 0.3044204 -0.26447836 -1.4317024
kid -1.0039574 0.90690947 -1.058444 -6.7975254 3.7671242 -4.1585135 4.5920925 5.2601314 -3.9532952 -4.262452 5.773434 0.3283025 1.5786948 -8.895113 -1.9289211 0.6810554 0.06958914 2.239519 0.66945386 -2.948525
wonder 0.6392794 1.4734156 -0.6684059 -5.160297 1.630674 -3.0981252 4.5931964 4.610479 1.9320133 -5.933729 4.84805 1.770429 1.9131472 -5.3346486 -4.164552 4.293604 3.4158382 3.6116228 -0.46850243 -3.3607786
teen 0.9149904 1.2442588 -3.5043561 -3.808833 1.6381232 -1.4532751 3.6986997 5.097574 2.5053213 -6.297601 1.7345729 0.2322508 -2.000186 -12.773284 -0.395073 1.2999878 2.937215 1.2898893 -1.0331303 -1.0403353
paradise 1.8095667 4.1501207 -3.6271186 -2.6784573 -0.97557485 -0.4299724 3.5889182 3.2266383 -1.8692056 -2.3840609 5.264531 2.698991 1.7640598 -4.064279 -5.4324813 -1.9899596 3.355282 2.4877264 -3.7478297 -3.6222746
crazy -1.2633142 0.014434076 -0.8906898 -7.3904967 3.2440958 -4.1599092 4.3549685 4.0460777 -1.822042 -5.8647537 4.9404435 0.6691969 -0.031461373 -5.3587723 -4.0885053 0.5988515 2.080113 3.9527454 2.3105502 -4.431007
lucky -2.157687 0.2996783 -0.8614997 -7.735635 2.1236866 -4.6463604 2.4101553 2.9640465 -1.3053988 -3.6339598 3.7305863 0.33735684 -1.5309631 -2.2098281 -0.50207394 1.4359776 4.0602508 2.852677 0.61632615 -4.63412
dirty -1.2771541 2.4205272 -1.5258653 -5.576455 1.231032 -3.6864545 5.4549565 2.7238266 -0.7695556 -4.489908 1.9879355 -1.4130322 -0.059915785 -3.3286126 -3.88972 0.70552 -3.0110013 5.245046 3.4500492 -3.8976738
belle -0.77375364 1.8009329 -2.5909393 -3.64175 -0.49353883 0.7798936 -0.27503526 2.1385605 -6.445677 -5.2945943 6.8329787 2.4571748 2.9588397 -0.5046282 -1.5148234 -0.23591527 3.5839605 -3.226949 -5.0678506 -4.3448706
woody -2.5562134 6.1968946 1.7856543 -2.1854818 0.87167066 -1.4608501 3.1455922 -3.0370317 -3.1439025 -4.4803123 2.7732751 1.0666293 4.329793 -8.347819 0.27344817 0.024225334 -1.4224108 0.6556761 0.5397911 -6.174389
whos -2.8052378 0.49065575 -1.5445713 -3.3549588 2.104117 -2.1006613 3.468935 4.9240184 1.218647 -6.5173044 2.6836095 3.63746 -1.8376826 -4.5349126 -0.8255917 2.0988338 1.2215571 2.881926 -0.39519235 -2.6882951
dear -5.357544 -0.21677731 1.3797432 -2.2925954 1.8810173 -1.5745102 3.5358188 4.155112 1.0624462 -7.7219625 2.399597 2.1614807 0.7322226 -1.5533866 -3.9938955 -0.118351154 3.803754 4.4661217 -4.288562 -2.7249398
doll -1.0177128 3.655806 -0.067567825 -8.321525 0.8152193 -1.0257052 9.091716 3.3442166 -2.055722 -4.4944324 5.543306 3.295707 2.408285 -1.1815659 1.7363187 -0.102042325 -0.34484515 3.63875 -0.14594157 -2.415712
dad -4.879538 1.527841 -0.2504373 -4.838717 3.4003856 -1.1671468 4.730244 3.9130697 -2.2234442 -7.02537 4.870811 0.8395528 -4.514155 -6.123803 -0.07591081 0.7003 3.3961782 0.41958287 0.7792934 -3.2952998
cowboy 0.8040319 1.6970832 -4.259154 -2.7730465 2.660737 -1.8296683 4.313807 3.8582637 -2.2497418 -5.490652 4.2012124 2.0263767 3.7347057 -7.7311645 -0.39607546 1.4851838 -1.6132119 2.3123593 0.8136938 -4.8398314
piper -2.7253788 -1.9578464 -1.4317747 -2.7469027 2.7693987 -4.2585926 5.1329837 0.69013727 -2.8741498 -3.3318639 4.0376325 1.9744523 2.6876304 -1.6101505 2.1447115 1.262593 -0.37399834 -3.998408 -0.8363209 -3.0362492
daisy -5.2022243 2.0730548 -1.1452804 -3.9280024 1.6683052 -1.0354295 3.3362865 -0.022308353 -3.480569 -3.5090418 3.3669684 1.9181062 0.9137603 -4.463107 0.21051776 0.38384822 -0.5927558 0.3813886 -2.3763325 -4.1857777
cop -1.1520697 -1.9287446 -0.22879678 -4.0493336 0.8614161 -1.2367405 5.773862 5.117174 -5.37666 0.36732057 0.45932943 -2.5249445 -3.4948654 -4.5395555 -1.9768935 1.3382463 0.6707247 -0.8900179 0.13498256 -2.9215765
thief -3.2849295 -0.2657258 -1.2657872 -6.772326 1.1250293 -0.41011322 10.072296 3.8536882 -3.2309604 -0.9936574 3.9746423 0.15550569 -1.0368966 -0.17437129 -1.0699122 2.5472324 1.0366945 0.41426244 -2.1070125 -4.1134133
walkers 0.36050272 1.2348402 -3.6659017 0.13601589 1.0969112 -1.2181594 3.3451703 -0.4069506 -3.7869368 -3.5441206 3.1196926 0.9973912 -1.1084498 -1.052691 -1.7289399 3.8454785 2.2996747 -0.85845745 2.659656 -4.7632523
butcher -5.500243 1.4134166 -2.355392 -3.1573563 3.0232728 -1.7783598 2.632086 1.7265403 -3.0973969 -3.6294293 4.159529 -1.88513 -0.19517662 0.7983126 2.7989123 0.011426631 -3.7968607 0.9308369 0.23942062 -2.7344778
bunch 0.2956577 1.2966052 -1.0205784 -4.6325493 2.9365675 -2.1461103 3.584002 0.3650001 -1.6850431 -4.456843 3.7116537 0.62988514 -1.0625029 -4.4452524 -0.78334796 1.4453622 0.67542464 2.461515 2.2864978 -6.292479
buzz 0.09027676 1.7644482 1.3628047 -3.7306936 0.4068481 -6.2931933 2.5831897 3.406886 -3.0991423 -4.2613263 1.9940097 2.6205854 -1.29753 -7.7228622 -1.4627432 1.0205743 0.88189846 -0.6287364 3.2400908 -0.31151727
jacks -2.4683838 1.4257731 -0.067062035 -3.4291296 1.8230911 -3.546556 5.3073997 -0.12666878 -5.1716366 -3.998996 2.7284756 0.36178568 -0.22471946 -1.2832974 -0.21998625 3.252239 0.7589538 1.1159945 2.0271647 -3.0756054
mom -3.2344294 0.035790086 0.6880311 -5.8102736 3.1598697 -0.43102005 3.940662 2.1688144 -2.9490206 -6.666682 2.7347386 0.5728292 -5.7822347 -5.338722 0.29639962 -1.2767936 3.3219907 3.087518 -1.2205722 -0.4459743
blonde -5.010031 2.708393 -0.58751947 -7.045786 2.3891165 -1.0380541 5.8645954 2.0794034 -0.061721597 -2.938102 3.9154272 1.853374 4.2818947 -4.2798758 0.35417396 0.18270296 0.5121003 5.0705605 0.86986864 -4.5833197
bunny -2.9891658 1.3844285 -2.1014986 -6.3340974 1.2505692 -3.6979008 6.510016 2.3773599 -4.1143894 -4.5681705 2.6446621 1.7613662 2.078879 -5.088824 -0.0446783 0.45199865 -0.067718305 1.4059213 -0.6413799 -6.214828
fancy -1.8778883 1.682357 -3.0294998 -4.339948 1.1680105 0.11913323 5.5866165 1.6879983 -1.059276 -5.282775 2.9671922 3.6023738 0.57190114 0.30996245 -0.38688132 2.7370374 1.2762134 4.821529 2.719738 -3.5965092
magician -3.178554 -0.9761277 0.47985727 -4.754733 2.1050138 3.4993103 7.911079 6.4564834 0.0024561984 -2.7191582 4.3110185 2.1070611 3.8306196 -1.9984637 2.403694 3.8311074 1.3515321 0.55240715 -0.94957364 -1.3597918
gangster -3.5869522 -0.6529974 -1.6030356 -5.4133058 1.8418561 1.7938349 6.3673725 8.0104685 -2.788326 -1.0656602 3.101003 -3.0896084 -2.9851503 -3.9552228 -1.3462374 -0.19339325 -4.425347 -0.016803533 -0.14108396 -4.512229
runaway -0.99610233 1.2640282 -2.282221 -4.557943 1.4628326 -2.4697874 2.189735 -1.0397276 -0.67634946 -2.762054 4.235178 -2.0365486 -1.9515982 -2.2713735 -4.3163214 1.0038036 0.20506954 0.23489784 1.6650195 -1.7079922
merry -3.7363117 0.6915353 -3.1793907 -4.154276 0.9881771 -0.7493559 3.1615946 3.7456686 -0.71209073 -7.6977625 3.370577 0.2892933 2.999026 1.9519806 -1.0314082 -1.5427413 2.3286624 3.5499058 -2.9295566 -6.803716
mister -0.10112783 -0.77086985 -1.442732 -5.8407774 0.6996162 -3.335543 5.393478 5.729265 -2.5579898 -1.3685797 2.696286 1.2032578 1.6645808 -5.4730673 -1.9558765 2.71861 1.1632868 1.4064977 -3.8640165 -1.5027823
toms -2.9591024 -0.012024753 -0.46994054 -2.323519 1.9457481 -1.4168202 4.542789 -0.9260499 -5.9913535 -6.109848 2.9417336 0.8846808 1.1702687 -1.1531845 -0.74802756 3.1679003 1.250301 -0.6380275 0.359035 -3.4082828
freak 0.001421809 1.7443628 2.9847841 -3.6179128 1.1985859 -2.8427813 5.227917 2.9655395 -1.8427912 -4.5471587 2.8016975 -2.5637608 2.1048265 -6.4908657 -5.871479 0.2911829 2.4936235 2.3083405 -1.668223 -3.2329843
wonderland -1.5452117 4.9485803 -2.9215925 -5.6693263 -3.942842 -1.1421022 4.124957 3.6531363 -2.466909 -5.013626 2.9089499 4.111234 3.6436195 -4.53804 -3.5701513 -1.9563049 3.0504227 -0.20087156 -2.7598767 -4.084505
polly -7.322208 2.1341522 -0.9544664 -2.4269187 1.4388546 -0.828797 4.246399 0.917903 -2.4578032 -6.4364915 3.7938602 0.8682589 0.62632334 -2.1507413 -0.09512892 1.4295732 1.1843402 -1.8391795 -1.9044858 -4.525194
dusty -2.182108 3.5641248 0.014244537 -0.9700395 2.4623613 -3.5219789 1.3996994 0.54128057 -3.513518 -3.6030223 4.457513 -1.0243087 3.6509922 -5.3321714 -2.1474369 -0.2576024 -0.05297806 1.0724392 2.473097 -3.2462587
phoebe -6.0268245 2.2947962 0.76863056 -1.7543432 1.3255105 -1.0858318 4.9949603 -0.1001928 -2.7984588 -5.7503705 4.39634 -0.39611328 0.7648965 -2.707458 -1.2160096 1.9524195 2.8345556 -2.7763135 -3.1776621 -3.0438828
monty -4.319544 -1.7036853 -2.6684523 -3.452879 1.1888705 -2.4196064 7.75641 4.5253086 -2.8104777 -4.2320123 0.20431376 4.392415 3.3941944 -4.3312583 1.4860511 1.8596519 0.70369846 0.10302434 -0.35811713 -5.538285
chick -2.520463 2.1783943 2.4416127 -3.0199413 3.6783412 -3.2095256 3.0340688 -1.6704901 0.06674146 -4.790485 3.5658512 1.2050551 1.5227815 -7.404824 1.3250841 -0.14518876 0.74295336 0.51579815 1.2832975 -3.6639888
buster -3.5868845 1.1240312 -0.060384955 -3.8759212 0.9852665 -4.475016 5.5125666 2.6115546 -2.8364384 -2.2065752 2.0576851 -1.5480672 3.8045974 -4.2685957 1.0651352 1.9569459 -1.0733962 -2.763903 2.2554846 -4.835812
cinderella -1.6486236 1.7176911 -2.3164237 -6.533609 -0.8045476 0.8288705 3.909018 5.625614 -1.322594 -4.3670735 3.6448925 0.813191 4.2801147 -1.4805411 -0.87250763 -0.83614653 3.7915568 1.5275995 -0.17152232 -5.2462525
shady 0.07916916 3.3637354 -2.273229 -1.7556455 0.6774849 1.1510614 1.6579355 -1.1636355 -4.816753 -3.2414572 2.7448912 0.27781513 -1.4683913 -4.276909 -2.7756438 1.9900837 -1.5942491 2.2388134 -0.5803974 -4.517796
fabulous 0.2585772 1.1456873 -2.4215426 -5.0908747 0.633891 -1.2429177 2.165302 4.558835 0.4652164 -3.853177 2.9892538 0.68662864 2.4610207 -4.1122084 -2.1560671 2.4719033 0.52666163 2.9518735 0.2797084 -4.9479256
joes -0.10094181 1.5887899 -1.6200409 -4.4694047 1.5772709 -3.0528533 4.6463594 1.4971408 -5.222737 -4.9835825 3.2575188 -1.7793548 -1.1100148 -2.499487 -0.24929525 2.2170162 -0.77867794 1.1465076 -0.28800073 -2.7162325
daphne -4.815758 1.0990536 0.015426775 -3.0604248 0.8366559 1.4244283 4.3617344 0.5161843 -2.3417726 -3.6496353 3.6004686 1.6475526 1.8199685 -2.6173017 0.74348783 1.3652867 3.4133348 -2.0585213 -4.5969424 -2.8824492
couch -2.7829947 3.394178 1.0065417 -0.7658097 1.3788729 -2.54902 6.514975 0.69466954 -4.527021 -4.7512007 1.700707 0.38178477 0.44414797 -1.6302305 1.9335798 -0.34692234 2.7626653 2.4133644 0.34228584 -2.2758417
jasmine -5.7349796 1.5809155 -0.6765201 -5.979505 1.5735958 0.6349218 3.9550803 1.481184 -2.6561358 -0.48864815 2.690621 0.8812334 -0.65224934 -4.3928595 0.17404045 -1.6311537 2.0909512 2.3828204 -2.2169375 -1.5952388
genie -2.1365662 -0.6858481 0.85990477 -5.162487 -1.4435614 -2.7199016 7.0334187 4.655484 1.1838374 -0.5328312 -0.13095412 3.6130524 1.0115255 -1.2779106 1.4327025 -0.8805455 4.3852463 0.36352232 -0.815981 -0.43473354
jonah -3.6685596 -0.20756584 2.555099 0.58770144 1.9523257 -1.8541112 6.1331744 3.0191634 -2.591716 -2.4197524 1.4138566 -0.79999 2.5598202 -4.324965 -2.4816887 0.9059523 -0.49534994 0.6303076 -4.271285 -1.5649227
nasty -2.3543205 0.2599695 1.3171309 -5.1311736 3.179587 -3.1723933 3.7284477 2.9392648 -0.83180046 -2.7957375 2.5956428 -1.5511172 -1.4866424 -5.0399203 -4.04922 1.0112547 -0.8833162 4.2502933 2.2753892 -4.4221616
tarzan -0.8315547 -1.3455514 -2.647607 -6.9845014 0.749638 -0.95855856 6.8571806 3.9263995 0.6557233 -0.49668592 5.0543475 0.56167924 1.5756543 -4.264934 -3.7203004 1.1126448 0.46509415 -2.3537765 -2.4144423 -5.288502
dumb -4.0812025 -0.5223642 -0.5800882 -2.203616 2.378417 -1.2120228 5.550995 1.6623573 -0.83698463 -6.741675 0.764897 3.3327744 -1.9611565 -3.761016 -2.9890673 1.7834885 0.6379785 3.564715 3.3234167 -2.3489463
mermaid -2.1278956 1.600041 -3.835066 -5.705277 -0.6718595 1.6161162 5.521097 2.15076 -2.0617287 -2.699381 5.448708 2.3207717 5.444014 -1.2222551 -3.7617652 -1.668362 3.4299517 0.18011189 -0.62377346 -2.9449987
bender -1.1588218 -0.7495906 3.297413 -1.256963 1.977785 -1.2372888 3.774695 2.105845 -3.0807993 -3.2701952 1.7067103 -0.5934749 1.1349291 -2.980891 2.121964 2.295049 0.20951156 -1.1224027 -0.6831222 1.2614608
lulu -3.490188 1.5491475 1.4252887 -4.630787 -0.015916266 0.40990776 2.5086448 3.4927893 -3.0301042 -4.743759 2.6945043 -0.6455353 0.6199461 -2.5893304 -0.31091097 -2.1457798 0.45866963 0.10278131 -3.082384 -1.7266372
lad -4.1940565 -0.38361815 -0.8443831 -2.4806569 3.2005107 0.10200285 3.096173 2.3543255 0.66794515 -2.081099 4.803434 1.7437811 1.8937562 -0.06742817 -0.5987898 0.28634027 2.6853876 0.6118236 2.3625505 -5.8640704
cassandra -3.1964247 0.008351559 1.7685548 -3.2763145 0.9554776 -0.6084827 5.4424148 2.999621 -2.2655144 -2.5294669 2.6388347 -0.86520165 0.9342977 -3.0137913 -0.67005235 2.1433146 1.5957857 -1.0790677 -5.0688477 -2.382203
sidekick -2.6521964 -2.3233776 0.01561206 -5.015147 2.6814537 -1.696802 7.9641256 5.90651 -3.950775 -1.4001324 2.0492415 0.1915141 1.2333592 -6.682797 1.2319515 3.2301097 -1.3364056 -1.7847645 0.47056434 -4.9107122
sly -3.3260388 1.8609939 2.5263445 -3.9406853 1.6387855 -0.099154875 3.4804988 3.3242948 -1.5979098 -4.6778564 2.532158 0.34073028 3.3855066 -2.6943128 -2.251172 1.0878344 -4.136911 3.8912034 0.6002648 -7.43137
mimi -3.7458854 1.5092424 2.105313 -4.794974 0.5921809 1.0682664 1.7087858 3.4101217 -1.7596164 -4.9695992 2.705968 -1.63561 0.116734065 -4.2195644 0.53883535 -1.0323434 0.5541186 -0.295479 -3.8252718 -0.80817765
waitress -4.1041102 3.1757722 -1.5334352 -5.5435247 2.0185754 2.1182513 4.6986146 1.8870662 -7.243791 -8.97227 4.4198422 -1.1206956 -3.3516092 -3.755703 3.801354 -0.62555456 0.4060899 -0.108624086 -0.2122313 -1.8302149
puppy -2.3317807 3.320179 -1.1620461 -5.987997 2.285252 -3.4725559 5.017342 0.44892877 -1.5151641 -3.8268604 4.8599143 3.4233983 -0.98575413 -4.1027455 0.36430538 1.0574822 0.2368097 2.9868252 1.6764685 -2.4432383
thrill -0.29172525 2.8036127 -0.3973305 -6.3565354 -0.34429166 -1.3710004 2.8962164 3.3886912 -1.0416018 -3.8882055 4.202922 2.2925482 -0.8596884 -4.0179505 -3.9549751 2.3569825 4.1293216 1.9005165 3.295794 -2.462805
stooges -0.73895764 2.544833 -0.7014145 -4.7411456 0.7519391 -4.682591 7.054634 5.341194 0.07052798 -5.127912 1.2889 -3.7498164 1.1079853 -2.7299035 2.0961263 -2.5434341 -2.30901 1.7569144 4.271735 -5.464543
bobs -1.5370266 1.3837482 -0.8656329 -4.562509 0.639339 -4.258103 3.599074 0.2703212 -4.333896 -5.3147125 1.8439488 1.5788125 -1.6200987 -3.6594505 -1.0490155 2.0778503 1.881291 0.59656745 -0.031772897 -4.6310663
misty -1.9069593 0.29759738 -1.4721104 -2.0700567 2.1540046 -0.8382195 4.6421275 0.7542326 -2.2700043 -2.3477437 4.439528 -0.2781175 4.588556 -4.623476 -4.6622367 0.610995 3.1827471 0.23710573 -0.3019059 -2.5274
jokingly -1.9328406 -1.3858048 3.26962 -1.5389924 3.3930235 -4.1025667 4.6063666 5.053011 -0.7442045 -4.900767 3.2563872 2.9235744 -2.6894407 -1.9516951 -1.2625058 1.7920454 0.25486866 1.6401297 -0.3920945 -2.2648897
boo -2.3144403 -0.5919043 -1.207744 -5.1840453 3.2191203 -3.8727188 3.456174 3.7359428 -5.4346957 -2.4653332 2.817091 0.91336745 0.5775513 -5.577427 -0.8554894 -1.334809 0.23580551 4.334244 -1.4013329 -2.2203794
geek -1.2048187 -1.1128345 2.3252373 -6.0243173 -0.18211906 -0.91004515 2.016846 6.652437 -3.0093641 -4.537341 1.0336455 6.599361 1.1804231 -7.206367 -1.1187574 2.0704367 1.7755852 1.7359729 -1.7817498 -1.5405016
waiter -4.3557897 0.6748696 -1.8014324 -4.511214 2.0554717 1.9554759 4.845874 2.932822 -6.0133047 -7.2475023 3.2555575 -0.33865294 -2.5837533 0.7362076 4.3193855 -0.20355934 -0.7664485 0.5307981 1.2097558 -0.7393747
scoop -2.5139027 0.5356957 -0.4881939 -3.187323 0.14729671 -4.6999803 4.011019 1.200472 -3.9240608 -0.53579074 0.13294792 2.1823783 1.2078111 -2.3364398 -0.07253822 1.1048883 0.44980115 0.668669 3.6748395 -1.4682692
dicks -1.2402791 1.6822658 -1.1204171 -4.031061 -2.0113938 -3.1174386 2.0925634 1.8942946 -2.3171203 -4.713249 1.2500619 2.539397 -0.5425576 -0.09036886 0.867285 2.275801 -0.4115337 -2.2832043 -0.44100964 -3.7557073
catchphrase -1.4202857 -2.0852783 1.022638 -3.8048096 2.8493805 -3.2121496 4.683394 6.1333747 -1.0751404 -4.236924 2.6235502 5.1002088 -3.2481482 -3.3667111 -2.8990471 -0.77235484 0.25140685 3.2009091 2.253755 -4.97095
smokey -1.2991333 2.5410378 -0.6656507 -2.114382 1.5839458 -4.1543403 2.5196521 1.4842227 -3.3125327 -4.2915535 2.6607983 0.91407305 4.013684 -6.1861663 -0.533791 -0.09742784 -2.023721 1.6855175 -1.1526437 -6.2407537
pip -1.6876334 -0.28851482 2.5677 -3.0282474 0.83432764 -2.5117652 3.616751 0.20019 -3.0941243 -1.5802063 0.7155237 1.7720748 -0.15901919 -1.7627418 1.3480638 1.9672375 1.30981 -0.12226709 -0.35028145 -2.778591
naughty -1.9938177 0.3606943 -0.7527733 -7.0967298 1.5703962 -0.04248217 4.0556927 2.586719 -1.0648658 -5.0451283 2.6131337 1.7783859 0.35416555 -5.4809513 -1.7331936 0.42039475 0.59057516 3.5142398 -0.17149176 -3.3448114
bartender -3.3551998 2.249328 -1.6013498 -3.8825867 2.0599875 -0.46634427 5.0899105 2.9798641 -5.884003 -7.045636 3.3846362 -0.58537066 -1.5690113 -3.5899923 3.2522576 1.5718637 -1.242731 0.26641545 -0.00087186915 -1.9420183
getaway -1.0884765 0.82923293 -3.1321678 -6.696505 -0.9951385 -3.163613 4.509492 1.9361509 -5.8263493 -2.8682933 2.6180658 -2.5552444 -2.6083894 -0.2639358 -1.4138839 0.566972 2.2518926 -2.311893 1.9963949 -2.60487
dude -0.17392334 0.16827619 -1.0032052 -4.801896 2.4609046 -3.8549323 2.2170691 1.5178342 -4.9490476 -5.505071 3.8886752 1.9423817 -0.9679912 -5.2688327 -2.6626701 0.5114624 0.17259428 1.7803065 -0.16786091 -4.6031375
dandy -0.9682738 1.7345814 -1.518994 -3.504144 0.4579247 -2.3898277 3.7309728 5.0270877 -0.95180345 -3.9992523 3.7086282 1.2156873 3.3516238 -1.7294568 0.31569 0.663973 -1.97315 0.12772569 0.16253063 -5.813261
ripper -2.8975296 0.46321675 0.31104872 -0.9130992 -0.32610065 -4.463676 8.140145 4.2907615 -0.97167814 -2.100311 0.5753246 -1.2490783 1.0944604 -1.4896436 -2.7020304 1.7470199 -3.5561194 -1.6240809 -1.043048 -5.7577143
drakes -1.0408134 0.900507 -0.83385783 -1.9989419 0.21230666 -3.45379 1.6745795 0.84143794 -0.19641605 -2.6981852 3.079072 1.0791754 1.7689046 -1.6156234 -3.8426707 1.0563812 0.2391221 -0.37336135 -0.55245197 -2.8458974
girlfriends -1.7833979 1.4503183 -0.23748823 -4.5529647 2.2745416 -0.6682944 5.9664035 2.2203326 -1.5180966 -6.988916 1.9074106 -3.8707817 -4.519869 -3.273098 1.7573354 0.3754115 0.84508425 1.5201542 -0.3573151 -5.2245517
barbie -0.70069504 -0.04210863 -0.9933276 -8.894357 0.33073118 -1.3917391 5.6959143 3.716646 -0.8899418 -3.1405408 2.1401205 1.377946 0.6472292 -2.8152452 1.1662395 0.23453915 -2.5896912 2.7965884 -1.804436 -0.75722116
celeste -1.4502045 0.63580835 2.2665737 -2.6773374 0.677312 -0.35925305 1.263885 0.90614563 -2.8597186 -3.247143 1.975101 -0.15635803 1.5656774 -3.7238245 1.8706287 -0.9982332 1.4279587 -1.3051853 -5.492533 -2.208681
valet -3.202267 -0.50727427 -1.0865979 -3.794669 1.2843788 -0.6336544 4.840551 4.586391 -4.8259397 -2.551234 2.9836776 -0.9700155 -0.04171758 1.9934831 3.6937094 3.0959773 0.83004504 -0.6107242 -1.9624939 -2.1674747
spade -2.3743465 1.4841063 0.15226714 -2.3542557 1.29599 -3.5549347 4.8851137 0.7509188 -5.0496674 -2.100245 2.4918609 2.7256508 1.7488147 -0.03881612 0.94448936 2.1448984 -0.5968928 1.6407872 1.1411928 -3.8784761
tramp -3.338768 1.3261065 -3.1142383 -4.3720503 1.0421749 -1.0309411 5.0604963 1.5924025 -1.1977726 -5.164028 5.2718186 1.2978046 1.769344 0.034958977 -2.5193896 -0.92971677 -0.08710267 0.12790254 0.4835832 -3.0398433
stalker -1.8202003 -0.6555618 0.62771386 -3.0649183 1.1729714 -2.3987925 8.947866 4.4829397 -2.262196 -1.6453459 2.2684512 -2.187306 -0.9116265 -3.141606 -2.000485 1.5292363 1.5992203 -1.5684216 -0.054617755 -1.4082212
scarecrow -1.6848897 1.4354893 -1.9121512 -3.8342254 0.35719168 -1.981739 7.3154993 3.2565994 -3.440454 -1.5338244 3.7163072 0.7370384 3.178011 -2.4481714 -3.1890078 1.3879571 0.75032365 1.6075904 -2.155318 -2.2171233
pimp -1.4724498 0.064274944 1.0928668 -6.24022 2.8623435 -1.8370059 4.85432 2.472777 -3.1515846 -2.7791219 2.7950726 -0.3562016 -2.5000026 -4.427843 0.5487602 -1.2832431 -1.234506 2.6370945 -1.4085004 -3.304248
goofy -1.5968266 -0.8287175 0.24468261 -5.745095 1.7722063 -0.52768135 6.4131947 3.3704808 -3.3953872 -3.2972884 2.5073278 2.321083 0.36432505 -5.8903284 -3.1264195 3.9693766 1.2881457 0.9233695 3.4848104 -6.860826
clowns 2.1967735 1.4836669 -2.505421 -3.7468996 1.8471588 0.44434142 7.2264447 3.9058583 -0.5158759 -5.3317018 3.0173361 -1.5160078 1.568674 -2.4973202 0.96824527 0.306008 -0.53755254 3.7307432 1.2650948 -3.9027677
shaggy -1.0410384 -0.27578965 -0.95995855 -3.72153 4.2409406 -2.4684405 5.854151 1.3377122 -2.871379 -0.8234576 3.6123383 0.44064057 2.5733058 -6.2319455 -1.0948428 -0.12735316 -1.1845526 3.6224015 1.317124 -4.988485
daffy -2.3158164 0.6238062 -1.0562617 -6.102677 1.3278581 -4.238119 7.717918 1.5993032 -6.184154 -1.5397829 3.2754717 1.2458662 -1.1370121 -3.776323 -2.8206477 2.8268197 2.037007 0.66597307 2.449689 -6.6141906
kitten -1.7610133 1.9153391 1.053596 -6.7735944 2.1664155 -3.7254663 7.1866474 0.9267324 -1.3201761 -1.8856301 5.0495305 2.4243212 1.8970859 -3.9703934 0.040771946 -0.9196707 2.3066998 2.27938 0.15239798 0.6835385
millie -5.4706464 1.7065972 0.6112532 -2.929477 1.598275 0.51943517 3.9168878 1.5798362 -2.7450094 -6.6089396 3.03013 0.22914274 0.6203316 -3.294184 0.65305233 0.8179664 1.1600498 -0.88789624 -0.35881957 -4.367141
granny -4.4635997 0.7666876 -1.8228025 -3.4883742 2.703292 -0.5829754 6.075245 -0.03623315 -3.7937775 -4.4020305 3.9594216 2.5616016 -0.10231504 -3.215004 -1.9172701 2.2351112 2.0605528 1.933538 -1.3615143 -3.5831783
harlequin -0.41344997 -0.07989993 -2.4666584 -4.946494 0.4118265 0.3855286 2.8220727 1.7703329 0.65589184 -2.270679 3.4238617 3.7792056 3.4743772 -1.3188063 1.0134497 0.82934904 -1.4148343 0.043902885 -0.26589713 -3.9211292
cosmo -1.608834 -1.3760837 0.51706284 -3.8284707 0.017684009 -0.9707702 1.6331128 3.4061565 -2.6952238 -1.2880121 1.5307977 1.3983821 2.900116 -1.2863079 0.55484694 1.263088 0.6731869 -0.8954526 -2.1449482 -1.6082035
jeeves -5.3705516 -1.0151998 -1.0432017 -0.93254423 0.13452823 -1.5972303 6.757774 3.132171 -3.368222 -6.9782047 1.6189793 6.5114627 -2.197911 2.5264716 -1.3076553 2.9207013 5.14969 -0.82526416 0.101855315 -7.125944
mikes -1.8562737 1.057371 1.1928347 -3.8634963 1.1492974 -1.8449988 3.389904 1.3516433 -3.7307112 -5.630111 1.4437169 -1.7539798 -1.6100003 -2.8141646 0.34726337 2.3506927 1.8503522 1.2630359 -0.268386 -1.327785
gamblers 2.1503172 3.0227268 -2.1249216 -4.508245 0.6690518 -1.8719256 2.1627142 1.112108 -0.976169 -2.1406348 2.7641466 -1.0804324 -4.6696935 -2.9519775 0.99493307 5.7550955 -1.5299987 1.7424653 0.17054172 -4.566056
pals 0.72801286 -3.0934856 -2.380308 -1.7707483 1.9929886 -2.9325068 2.784265 2.8251772 -2.9733734 -4.46487 0.14874005 -0.4279877 -0.10681877 -0.95177025 1.3814346 0.28642198 0.3074233 0.2113152 1.000091 -2.840969
muppet 0.57772213 1.6081043 -2.4941783 -6.310619 -1.7014124 -0.3073975 7.289674 3.339423 -2.2224412 -6.4252496 -0.18499206 -0.012157437 1.3246362 -7.5450106 0.14518836 -0.9467734 -0.04891419 -0.43076965 -0.049537834 -5.362732
goodnight -4.0538588 2.0075011 -0.121571444 -3.2247114 0.9905534 -3.3954258 1.8082163 1.7932801 -1.4263402 -7.481773 2.9218028 1.1920496 1.9478132 -4.2123194 -2.8822064 -2.736716 2.8800905 2.1505458 -3.0551147 -1.873829
liars -1.0701367 0.9408341 -0.014005578 -3.0033643 1.1303082 -2.7517056 4.9263735 3.3414192 0.4505687 -5.083881 2.2229054 -0.3296964 -1.4187996 -3.6778138 -4.794382 1.6795821 0.61124927 2.823023 -1.0105191 -4.9745917
freaks 2.1202328 1.2317367 0.4880772 -5.054713 0.5510747 -1.1546539 5.6184955 4.6164784 -1.830463 -3.546656 1.9893042 -1.0664986 0.5523928 -5.2047067 -1.9222755 0.70773774 -0.28480506 3.0336015 0.31371716 -2.5853055
chopper -0.33608577 -0.3164536 -1.900657 -4.306541 0.81053627 -4.6741652 5.112803 1.4761955 -5.1738267 -1.2310587 2.864895 1.5183599 0.5162733 -2.7518911 -0.409861 1.3933808 -0.75688803 -2.330333 4.248493 -1.3897636
buddies -0.989783 1.8758775 -3.9102325 -4.521959 0.82187563 -0.45902076 4.1174192 2.6974285 -2.9111614 -4.6646748 1.9301674 -1.2675064 -1.2054638 -5.497319 0.7188188 2.1842358 2.4078147 1.0478624 1.4751157 -0.85999846
pooh -1.0426722 1.0252751 -4.0095735 -5.4463806 -0.977268 -2.6590726 5.942518 2.0066586 -3.7229671 -4.778734 1.2648408 3.392785 -0.5535742 -5.853376 -2.6526504 -1.634779 1.1798874 0.41554868 -3.7231321 -7.547878
stripper -2.4042587 1.8737679 0.52115446 -5.3959136 2.4742882 -0.9762522 5.29492 2.6165054 -3.134871 -4.651861 2.8617525 -0.42103326 -1.5790515 -4.0348306 3.5519025 0.10534242 0.65229356 1.524137 2.421513 -1.2331386
lads -2.4143195 0.007889659 -3.4315119 -0.40022254 3.386607 -0.9591118 2.2590303 2.2873983 0.8160957 -5.755022 2.884791 -1.2954826 0.46274623 0.4135175 -0.27855843 -0.6563207 1.3399658 3.1991737 3.7518137 -5.0193663
burtons -3.2217422 1.5952932 1.0658873 -2.352472 -1.8863987 -1.2926587 2.1409564 3.4471087 -0.29168236 -3.7302032 0.6437763 0.6490286 2.1250193 -1.7528584 -1.6635332 2.0857315 0.32826576 -1.8832151 -0.43736178 -4.8964033
pinky -2.9790387 0.55454904 1.5425143 -3.5639205 1.9334927 -1.4251698 6.235945 2.0159936 -4.236587 -2.2731216 0.8053873 -1.2884663 -0.39197028 -6.3305445 0.45958725 0.22988784 2.2579393 0.6775733 0.42618185 -2.6138043
grandma -3.2177575 1.0933107 0.35085368 -4.353286 2.3318768 0.50880194 4.826456 0.6527242 -3.7081726 -5.806717 4.048807 1.2052932 -0.44393918 -3.316611 0.12281985 -0.31346282 2.585439 1.2892061 -3.3404183 -3.6133227
muppets 1.7950935 3.326225 -0.76203936 -5.359163 -2.2288103 -1.6097513 6.063189 6.895072 -4.025058 -6.6493115 1.4894454 0.66112334 -1.4195008 -4.8945665 0.9123176 0.1471966 -0.30424422 0.09097143 0.26683903 -2.5539057
standin -2.8748252 -1.1676781 -0.24863373 -1.1781777 1.0310298 -1.8210379 2.679244 4.6106763 -1.7829721 -3.126948 -0.054194454 -1.8110944 1.1080816 -1.6339498 2.1482482 0.751549 1.3645098 -1.3885171 2.2412953 -3.0594146
moms -0.7731466 1.7357012 -2.3029306 -4.9820395 0.4023156 -1.2227292 2.9517586 1.412944 -1.8763154 -6.760424 0.3604733 0.88062614 -3.9674034 -6.0792456 0.31272492 0.77720344 1.6837015 2.4330242 0.2774726 -0.66524667
runaways 2.2563033 1.2788424 -1.0125232 -3.2947996 1.4039699 -1.938564 4.992508 2.2794876 0.05198965 -4.267273 4.3332777 -3.171425 -1.8159419 -2.7871354 -2.397388 1.0186878 -1.5517924 0.047277227 -0.9362869 -1.4919307
maniac 1.5380633 1.0118747 -0.14624245 -4.3262854 0.013479707 -1.4240388 7.001511 4.75057 -2.639213 -1.9108069 2.3599677 -2.1033425 0.94068044 -4.056099 -1.5690769 0.8420468 -0.6493653 0.20658903 -0.39403927 -2.4545286
fey -1.2020705 -0.5681321 2.2490602 -3.915937 0.8928293 -1.1581726 3.9978096 5.1144896 -1.8364843 -3.992268 1.2381403 -0.48942754 -0.7682554 -4.8097954 -0.11076836 0.57951385 1.1094904 0.29648006 -2.7057614 -2.6213398
grandpa -4.204911 0.19382274 -0.3313585 -4.80183 2.573417 -1.1031219 6.542846 1.8977158 -3.6977596 -5.4951143 3.7002816 0.19648126 -0.3427543 -3.539333 -0.40490735 0.64236104 1.5403627 0.41871926 -1.96436 -4.378906
porky -2.8302014 1.1010145 -1.4432226 -6.3298936 1.6342847 -3.3257 6.980709 0.9248235 -5.950041 -2.0158942 3.8840244 0.7243459 -0.58824074 -2.977812 -2.519611 1.1958221 -0.46085578 1.2626536 1.9878638 -5.2744017
dahlia -1.8191445 2.3483343 -1.5016915 -3.851006 1.0400901 -2.3282201 6.126209 0.94856924 -0.43236384 -0.6604852 3.2057521 0.38414922 1.8336445 -3.151915 -0.4842601 0.37364253 0.24711831 2.2036905 -3.9977221 -3.4188488
barks -1.0819207 1.2215773 1.067236 -3.9119046 0.7783853 -1.2075936 6.5124807 -0.02512839 0.8995898 -4.430275 3.695126 3.211403 3.245142 -2.646067 -0.6172341 1.0638055 -0.7339932 -1.0766786 -0.73661023 -3.2177584
hustler -1.2220571 0.83499837 -0.6358276 -4.294956 -0.20992422 -2.9572232 2.8322752 2.948138 -1.1049838 -3.705625 0.90038294 1.4703262 -0.23790658 -5.066287 0.3821092 1.5731425 -2.2177408 -1.0188682 -0.2852256 -2.2524028
tuxedo 0.64993334 1.4060147 -4.245293 -0.8857002 1.1547425 -2.153423 3.650767 2.4380324 -4.8371353 -4.2891216 2.1868155 3.0937924 2.9154875 -1.153317 1.6774577 1.2714422 -0.78973466 3.7355974 0.6995792 -2.1505704
toon 1.407661 -2.1409588 -1.6312207 -5.128763 -0.6646729 -2.3777187 1.9966936 2.979771 -3.1328928 -1.876332 1.9554307 1.6967406 2.481997 -4.1272755 -1.4155501 -1.8490816 -1.7173661 -3.6950102 0.33676815 -2.1318324
nerd -0.052617554 -1.6139026 0.018619137 -4.071845 1.8595341 -0.2786034 4.03286 3.4002872 -1.5173122 -4.4319296 0.8276785 2.7153351 -0.5393156 -7.9141183 -1.2755461 3.275886 -0.6321542 1.2788138 0.6421312 -1.7261977
houdini -1.4506596 2.85206 0.21493472 -3.8023877 -1.612733 -0.95442784 7.1156435 4.5594816 -0.07883173 -5.048355 3.257263 0.8430309 3.1117 -0.21834865 1.2436392 3.2680304 -0.39644012 -1.6457789 -1.9619427 -0.37766847
cleaver -4.5784364 1.3655877 -0.11171902 0.4776686 2.813828 -2.5291076 4.5773125 1.4334569 -3.0066054 -1.71438 2.2094119 -0.4792609 0.5243116 -1.8538173 0.7561766 0.4474079 -3.0211537 1.2474009 0.06297511 -2.60371
mockingbird 0.23899758 -0.17056373 -1.0429684 -2.566436 1.7634224 -3.6352491 6.437417 1.6786854 -1.4110631 -2.7165768 3.8652763 0.5286919 2.0266166 -5.1676154 -3.0488656 1.6517098 -0.08461566 -1.1649292 -3.0999653 -2.1950197
sideshow 0.6991665 2.3207536 -2.2412114 -4.241763 -0.5682693 -0.6441208 4.547334 3.6780233 -1.5067917 -4.405066 1.6498079 -0.08312333 0.28005722 -3.6494396 -0.07043967 1.2256379 -0.23714928 1.297996 0.5112421 -3.5396824
pixie -1.6895864 1.7898749 -0.086425215 -4.079566 1.6453911 -2.9625924 4.669117 1.9214635 -2.6439922 -1.3540847 3.2557402 1.9723461 3.8942966 -4.58736 -0.7696497 1.5928553 1.5972371 3.0547137 -0.23601584 -1.8740789
sleigh -1.2339098 1.8881526 -1.9340456 -3.8588054 1.2662677 -1.2189473 5.47519 -0.34923553 -5.649215 -5.742891 5.273591 0.10520963 3.5564685 0.97042954 0.82541776 -0.8976876 4.016792 -0.56065077 1.4782394 -1.9128267
huck -1.1208328 0.03046407 1.7404107 -2.62821 2.240611 -2.543759 1.9675385 2.2710042 -2.7780292 -2.0008805 3.63988 -1.9375535 -0.6623397 -2.546157 0.5305796 2.9262495 0.96394205 -0.5969824 -2.9737828 -1.3008991
cowards -2.4979322 -3.1975524 0.81907046 -2.441799 2.3041923 0.25620586 3.3763244 4.3114443 0.54350287 -3.3063853 3.0860322 -0.2850611 2.0999255 0.20728722 -2.1686604 -0.6872875 0.11031073 -0.9177609 1.1783696 -3.6891546
wacky 0.4876081 -0.7298295 -2.241848 -5.9333563 -0.5482739 -0.26692238 4.3732433 2.7380908 -1.8571017 -3.9599972 0.14366685 1.9718102 0.29269943 -5.3455634 -3.195934 3.680475 -0.020905258 1.0444057 2.3333142 -6.156064
lookalike -3.1262236 -0.71584964 0.77160394 -5.0133886 1.4679421 -1.0554327 5.5903306 2.0686102 -2.6047432 -1.2720907 1.5276909 0.8567932 -1.3621005 -1.8283098 1.17891 1.237311 0.848886 0.060523786 -0.8132616 -3.830212
poke -1.6798182 0.0006599183 0.023416318 -3.6465578 1.2117432 -0.8297728 3.2249093 1.9900255 -3.4672835 -3.0122375 0.0006016358 1.6599206 -0.07886261 -2.1592305 -2.15552 3.1449335 -0.23000579 5.4973445 3.4421122 -3.4279027
peep -1.277146 0.06431594 -0.56384015 -2.2279692 1.1507293 -1.5673158 4.6669073 1.8549856 -2.5638947 -5.50815 0.6791927 1.1182959 0.88084376 -2.8259828 -1.4055129 -2.4714556 1.4518299 2.711208 2.005018 -2.5925047
mickeys 0.4457424 1.1537083 -3.2280054 -5.7565784 -1.5973945 -2.3143995 5.7205997 3.9657712 -4.5265093 -4.2300005 1.0613332 -1.4886258 1.584148 -1.0606525 -2.0135558 0.7664583 1.3260115 2.2123103 -1.3734114 -3.996997
misadventures -0.52079684 0.7048461 -1.1800591 -3.9123948 -0.50041234 2.038519 7.0936356 3.002662 0.1356122 -3.0623071 1.7644064 -1.4186234 -1.1371679 -4.5451016 -1.3713562 1.1269989 1.1867454 -3.316951 -0.17051925 -5.6686335
butters -3.2177162 1.6927618 0.670246 -2.13915 1.3700113 -1.6036296 3.943539 1.5950112 -4.7368584 -3.427701 2.2118406 1.3211538 -1.840908 -2.8583384 -0.4874278 2.4660277 0.42772496 1.3168528 -0.35959044 -1.5196502
hutch -2.2911677 1.7366666 -1.4952714 -4.533959 0.6505272 -4.352276 5.426741 1.4975172 -3.9252138 -2.5825813 2.1120856 0.11374168 -0.7722217 -4.6881137 2.0784106 0.9817696 -0.6318409 -1.9244524 -0.7470711 -3.6226263
snowman -1.6108228 3.7636147 -0.6456106 -4.6512785 -0.5622946 -0.74532855 6.693625 2.697608 -2.5896513 -2.247442 4.7514143 1.3269014 3.289772 -2.8253105 -2.1937501 -0.06814254 2.770934 0.9479801 -1.0490091 -0.7416191
schoolgirl -3.8669152 0.18969181 -1.8625877 -1.7634411 2.5135462 2.2735698 5.2029157 2.879304 0.61548305 -2.8678756 2.1743512 -2.0253572 -0.7407123 -3.4258692 0.8615743 -1.1603272 3.0234468 0.67701936 -0.29100218 -2.424759
drifter -2.937475 0.7599864 -0.74936455 -2.9961941 1.7032969 -1.0532126 4.8729324 1.4382533 -1.8658967 -2.057551 4.8776464 -0.3562457 0.74424624 -3.1148207 -2.1844263 -0.28034088 0.021255534 -2.6642869 0.8181776 -1.7663659
hobo 0.1018559 0.76895756 -3.0252006 -2.7363405 1.0260172 -1.3211808 4.487934 0.8898567 -1.2720467 -5.356901 2.4881668 0.8109933 1.7206858 -3.3592107 -0.96405065 -0.667603 -1.1672187 0.6168891 0.32469994 -1.6565377
frosty -2.909453 2.5545561 -0.46449897 -2.198798 0.9050252 -1.0612434 2.1528707 1.119357 -1.572124 -1.6667393 2.7824605 -0.4525163 1.483808 -4.404265 -2.7880769 0.3454924 2.606158 1.444401 0.84145653 -1.3169858
snoopy 0.5894248 1.8427851 -2.5729058 -5.272434 0.08917427 -2.829302 5.882108 1.273507 -3.4025137 -4.921952 3.2838376 1.8288585 1.9662707 -3.1576324 -0.4944974 1.444972 2.6298535 1.5628359 -0.78373456 -1.6179872
chats 1.2721908 -0.93588156 -1.2851447 -2.355874 -0.81813705 -0.8017807 5.6089478 0.49971324 -2.7272203 -5.2559395 -2.7903547 2.752117 -2.8684022 -4.3889127 0.7526009 -0.13376689 0.26368684 1.6761374 -1.6651107 -0.057678275
cheats -1.944429 -0.60997075 1.3015544 -6.1453195 1.0105146 -1.0670197 3.3441443 0.81451905 -2.6568666 -2.2011166 -0.27635518 -0.90065193 -4.387837 -2.2132776 -0.114169635 3.9122818 1.6615378 2.7858708 -0.0953902 -3.7801447
mannequin -0.17657934 2.7175627 1.2713541 -4.73379 0.37662852 -1.1217756 7.449314 2.643687 -3.976548 -3.8707418 3.0962517 0.6134835 3.1356144 -0.52646935 1.5087905 0.5667891 1.4512507 2.75458 1.3844821 0.37977588
jinx -0.6826027 0.10872822 0.31370658 -4.6641245 1.5545377 -3.3692994 4.1079755 2.604159 -1.5595695 -2.2259545 3.6082535 -0.27300912 1.6043884 -3.7876914 -1.014099 1.6972991 1.9280211 -0.20267218 -0.48463216 -1.052685
storybook 1.1626769 1.7923878 -2.2042847 -4.546514 -3.6310966 0.6721177 4.9998665 2.4052112 -0.4162717 -4.6402855 0.60162264 4.174852 2.498342 -2.4162273 -2.6517484 -0.3338442 1.3351173 -0.21596456 -1.3828981 -3.723187
caper -1.8538059 1.5578136 -3.0421758 -5.025891 -0.88031656 -0.89299345 5.7514024 2.8697543 -0.9717991 0.9989581 2.2579656 1.1071897 0.23434272 -4.185403 -3.0723941 0.19669214 -0.47536734 -0.70752543 -0.23719844 -3.843709
puss -2.3072944 -1.6048762 -2.3783193 -8.944009 1.9287138 -2.126838 6.020652 2.920087 -2.5861647 -1.7331617 4.408458 2.4642832 3.2993217 -2.5929809 0.14001276 -0.5845249 -0.14176342 0.2538061 1.4357039 -4.432771
goodies -1.8784987 0.10188774 -2.8902543 -5.633034 -0.10826336 -3.1670127 3.4353452 3.0572572 -1.3021858 -4.031099 0.49877968 1.9744526 -1.4545494 -0.9501328 -1.4658374 -0.4029256 1.0785174 3.7546396 1.2660862 -3.3262281
brownie -3.4617553 0.88390225 -2.359808 -2.5229015 1.4248009 -3.0827146 4.078545 -0.07089493 -1.4660223 -3.7250972 1.4011917 3.3784244 2.875031 -2.0170953 2.1670852 1.7473626 0.19526704 1.9296453 0.7191184 -2.5369503
paparazzi 0.6036841 0.98570853 -0.82210046 -5.179145 -0.5214755 -1.1114279 5.906085 4.208962 -1.0381031 -3.951753 1.6591438 -1.5602766 -2.8405912 -2.3604994 -1.3854153 0.6268275 0.4729413 0.7726762 0.89958483 0.005918476
whod -2.607746 0.29781422 0.29947153 -1.7858541 3.8817003 -2.1425478 2.8524115 2.0492473 -0.12705202 -5.3019576 4.3340755 -1.4595009 -1.7128075 -1.8504534 1.0000726 1.4939885 -0.1334902 0.488618 0.9017024 -1.3770008
searchers 0.43412066 1.525629 0.18614484 -1.8216926 0.23537508 -3.470468 4.515765 -0.04240293 -0.4230256 -3.4708188 2.7085004 1.0439676 0.25273958 -2.2885687 -1.8678097 0.2284451 -0.5849068 -1.1280322 1.0642432 -1.3337212
piggy -1.8857167 0.54262394 -2.4507132 -6.359356 0.66931367 -2.9269903 3.3949997 1.60768 -5.261084 -1.9151005 3.33883 2.9780798 -0.76576394 -2.1247103 -2.0728123 1.3321561 0.8917249 2.2666125 -1.9944842 -2.8589485
chubby -3.001247 -0.5065404 0.6416175 -3.668518 4.4498878 -2.798418 2.691955 0.8972592 -2.3188152 -3.0943477 2.99657 2.5138927 3.312843 -5.2550607 2.0590858 1.1560297 -0.56986815 2.7667778 2.0629272 -5.186206
biff -2.4813125 -0.18400317 -0.69851816 -1.7859367 1.9198246 -2.8058019 3.4778166 3.188404 -3.118904 -3.411015 1.830126 -1.967225 0.9543453 -4.1884756 0.44737485 0.35139835 -0.78106725 -0.742744 -0.5425825 -1.8712051
bewitched -2.8546104 -0.07832917 -0.9974437 -4.17324 0.6401981 -0.118709624 5.7322855 1.8716012 -0.116695456 -4.24584 2.101513 -1.3716809 0.7965358 -3.252928 -2.5176833 -0.27442628 1.800448 -0.4807406 -2.2975438 -5.1582847
impersonator -2.0162094 0.06927749 -0.6965524 -3.7034338 3.0835145 0.104994275 4.0477614 4.800979 -0.24837735 -4.0873475 2.1662378 -0.6735513 0.13132307 -4.9733114 3.3273394 -0.28261232 -0.11271266 2.5774744 -1.3722597 -3.876216
dollhouse 1.047019 3.2321053 0.82861465 -4.482345 -2.1491852 -1.0303742 6.199417 3.7685533 -3.354094 -4.1741333 2.964572 -0.32943675 0.7911129 -0.91222984 -0.9452057 1.3543361 1.6543661 -0.624286 -1.4737247 -1.1978762
handyman -3.0859342 2.059902 -2.1938608 -3.393404 -0.2569376 0.54763144 3.9819975 1.5075678 -4.08139 -4.798737 1.7211993 -0.45128492 -2.0183067 -2.1209226 3.1118824 3.714113 -0.23454413 -2.7495806 0.18167977 -2.6563337
bombshell -1.3534766 0.9531233 1.3665409 -4.46985 1.024502 -2.9887323 4.377934 4.599199 -1.1602008 -3.1341078 3.0011394 -0.34724304 0.31613925 -3.893292 -1.5721365 1.1215135 0.49664402 0.3036127 0.9874688 -1.5441523
geeks 1.8550911 -0.5489308 -0.018378671 -4.1422253 -0.19929938 -1.2558832 3.07991 4.7235084 -1.0835984 -3.5480826 -0.20294765 1.3130517 -0.25852078 -6.5351787 -1.3066354 2.0415993 0.7869647 1.8909646 -0.45527843 -0.7890917
crazed -0.8661249 -0.5632934 0.3544077 -3.4337656 2.6691241 0.91456604 6.9156423 2.1568096 -2.496578 -1.9358977 3.3517444 -2.9108748 0.2504216 -3.637407 -3.4083056 2.4469085 -0.9350425 1.2494442 0.059744645 -1.7233739
hardboiled -2.049506 0.007853425 -1.0429602 -3.7933574 -0.2433374 2.1896586 6.7034326 0.95821375 0.91150117 -1.9503921 0.47154194 3.0319557 1.31347 -4.7513385 -1.8032299 1.9503368 -2.0961728 0.11152672 0.0034937912 -4.897273
sparky -0.3615856 1.3789326 0.23177536 -2.1789238 1.1801767 -4.2364836 3.3598602 2.301936 -3.0375853 -2.860283 2.9146361 0.11882774 2.721456 -4.636792 1.1012629 3.427048 -0.074474685 -1.385382 0.3444963 -2.960752
hatter -3.454112 1.4278932 -1.1982309 -2.4769816 1.705539 -1.4082159 4.5036564 2.668871 -1.6920066 -2.2238524 4.985415 0.8123935 1.2204499 -1.8326783 -0.5819811 1.2114955 -0.8878608 -0.3458601 -1.9483291 -1.7641588
petticoat -1.325592 -0.9649798 -3.1652908 2.1888516 0.5425376 -2.0367696 3.7524083 1.5519965 -4.7213793 -4.781909 0.08280503 0.7417302 1.7490474 -1.1677394 -3.0253353 -1.4657365 -0.780065 -1.4316876 2.5286112 -6.3582954
goody -4.9416714 1.9423062 -0.4043517 -3.8004277 0.40241233 -2.4497354 2.9087994 2.189452 -2.0177772 -2.747278 1.0746367 1.3072048 -0.54598784 -2.2607236 1.0322195 0.31943613 -0.006205945 1.6195714 -1.4630325 -2.998813
photoshoot -1.3399942 2.6437047 -0.19856949 -6.6259756 -1.5471873 -2.2069867 4.796643 5.3395567 0.16019122 -3.9095798 0.7097078 -0.13153704 -0.2622843 -2.0028498 1.9960133 -1.691156 3.2760556 2.4669762 0.11022249 0.5091427
wannabe -1.9157991 -1.9439503 -0.87531704 -6.1362658 2.3611848 -1.0091832 1.4788883 4.1696143 -0.65198106 -2.9504492 1.7360134 0.78736776 -0.3803204 -4.7672424 -0.8382115 -0.43937457 0.08700643 2.8176098 0.8577527 -3.046994
smack -2.4277525 0.55186945 -2.0349305 -2.5381308 1.6956235 -3.188538 2.7553344 1.3060353 -2.3726304 -2.4360566 2.442842 1.5361516 -0.044109978 -1.6312405 -2.3574684 -0.8012854 0.35825074 2.7450805 1.7394075 -1.2177486
blondes -1.9296335 1.4059464 -2.397566 -4.6752768 2.9214847 -1.7744088 2.4955246 2.8838482 1.2166358 -3.4744322 3.6733637 1.574356 -0.3703202 -3.4679792 -0.018589446 -1.1142919 0.24546367 4.6553893 1.6714418 -4.7539644
grumpy -4.1041846 -0.17208894 -1.7044799 -3.771748 2.4379401 0.90328145 5.281849 1.7632043 -0.93009585 -4.840059 2.3385715 -0.323724 -1.0382987 -3.4474707 -1.2044767 0.88943326 0.028083913 1.4558821 0.5088108 -5.781937
sleazy -1.8540877 0.98050076 0.102353595 -4.8402085 1.1831471 0.9657496 2.9818888 4.1773615 -3.4578085 -3.8088074 2.1391907 -0.35290566 -1.9106688 -3.771447 -1.771687 1.4754623 -2.4047756 2.5498235 0.9884384 -3.3001435
matchmaker -2.7661238 -0.77718806 -0.72596943 -4.9745417 1.0528318 0.28233927 1.7930272 4.035954 -1.848666 -3.4726758 1.5344743 0.09960343 -2.604849 -2.2802129 2.3997037 1.9299564 1.5244054 0.5401661 -1.5557666 -0.7583765
auntie -4.4068813 1.086324 -1.202602 -4.8014135 0.5450584 1.8898066 3.0897079 2.104211 -3.9296715 -4.6666427 2.2339416 1.4254736 -0.82808286 -2.4574952 -0.20712008 -1.7902656 2.1070607 1.437294 -3.59836 -4.1338634
brunette -3.781709 1.4551766 0.03638055 -3.0347052 2.6883078 0.4564843 3.6459205 1.6885333 -0.016659664 -2.4359083 3.6985178 1.2992309 2.0198839 -3.502976 0.9646168 1.1410196 1.6623479 1.6650159 0.64643854 -4.9281316
sissy -4.394406 0.7371127 1.4241889 -3.2537272 2.798117 0.37139618 4.116679 2.0611792 -2.9592588 -3.2742589 1.4040395 0.49430975 -0.6870701 -6.1741734 1.4450091 0.76991713 1.7862871 2.2741146 -0.5358739 -3.556475
queenie -5.0813866 1.6780374 -0.021467607 -2.6261544 1.5108528 -0.03192956 3.5330372 1.7283725 -2.5769496 -3.8433437 3.1432593 -0.30748698 0.44065338 -2.763959 -0.40334004 0.72740835 2.1167545 0.7569053 -1.1539468 -2.881484
seedy 0.31855562 2.5618777 -3.5419881 -2.7064316 0.06425783 3.5661004 3.4611948 1.9052906 -5.316637 -4.522922 2.2023056 -1.7271523 -1.4566013 -2.3013537 -2.5147913 0.605831 -1.5957353 2.4444523 0.9828603 -3.9330668
mommy -0.569796 0.4019213 1.2233666 -4.783761 1.1669886 -1.2966429 4.35143 2.357488 -1.4816628 -4.4296436 1.6703684 0.4529268 -2.4276493 -5.3831263 -2.1471376 -1.0396833 2.7885396 2.6116178 -2.558647 -1.631308
tickle -3.367238 0.6718945 0.42569858 -2.2467577 1.4613373 -1.4580549 3.8582897 0.6475151 -1.8133941 -3.0786934 1.7262146 1.3894025 1.1613911 -2.6978824 -2.345352 -0.40519166 0.6782545 2.2041492 1.5903927 -2.928029
dragnet -0.13347675 -0.81066513 -1.474709 -0.88773894 -1.7176938 -3.335862 5.0938725 4.192919 -1.2017769 -1.9802693 -1.296155 -1.7986859 -0.5697218 -4.009685 -2.1936462 0.15161406 -0.9204025 -3.4476738 0.020250132 -3.0524566
lodger -4.2181892 1.6802287 0.650462 -0.8450636 0.5448824 -0.5806239 3.6451752 1.1878873 -1.4126471 -4.6659374 2.2500381 -0.8000935 -0.12628767 0.84924924 0.406623 -0.46026498 0.40184864 -1.2801979 0.44932592 -3.5879605
nerds 1.181769 -1.2237318 -0.29707593 -4.95919 0.71783215 -2.048721 3.027981 5.261227 -1.4297614 -2.2974374 0.45910186 0.21243685 0.13901761 -5.271766 -1.7567458 1.9617566 0.17339012 2.6760402 0.5674376 -1.8419482
coachman -4.191447 0.12366474 -1.7240256 -1.3790103 2.7082603 -1.7899969 4.124947 2.493585 -2.3190067 -1.9966555 3.792803 -0.4260319 0.50734097 2.0322452 2.6008925 2.1176918 1.2174572 0.42984936 -0.20584221 -1.977871
veronicas -2.1478229 2.029001 1.2284689 -3.0936177 0.08263041 -1.6373513 2.9999416 2.4357119 -1.1234047 -4.459688 0.95322424 -1.1247116 -0.72430193 -3.5688896 -1.1041958 -0.69447494 1.2862879 1.9945469 -1.1788915 -1.3427422
doorman -1.6880214 -0.041247655 -1.7353355 -3.0674431 1.2258005 0.2028938 3.3189332 2.8661952 -4.831748 -4.200814 3.1971622 -2.6867888 0.39770642 1.1883423 2.5873895 0.23124108 -0.08036405 -1.0007957 0.10026852 0.54174095
spooks -2.0343666 -0.9084216 -1.3477821 -2.2149212 -0.56546324 -1.9042321 5.5800533 4.104041 0.70041406 -1.7503108 0.15217286 -1.1192875 0.08962159 -2.5105581 -3.3064256 0.6034899 0.76678425 -1.0295719 0.7703441 -3.0553372
backseat -1.1653618 -1.3769715 -0.37138715 -4.456524 1.8678335 -2.496767 4.057961 2.1330526 -4.7054605 -3.9430852 2.0015495 -0.90218174 -1.2752353 -0.4858397 0.3249574 0.50707483 3.2083795 0.18929334 2.7207677 -2.4119947
booze -2.626385 2.328641 -2.1155798 -4.366197 0.8900646 -2.4961946 2.8926136 0.64060694 -2.5385046 -3.473782 3.0379698 -1.0867367 -2.289853 -1.1052314 -2.823978 0.20679085 -1.3137134 1.9183401 1.4734405 -1.0406784
rugrats 0.6877913 0.6386612 -0.8228518 -6.5671153 -1.8901252 -2.5013006 3.8644261 3.5478668 -0.7436215 -3.9626539 0.64889395 0.9620035 -2.1707006 -6.0804563 -1.3743492 -2.6287315 1.5078384 -1.2024695 -1.7579982 -2.7810395
yank -2.9153216 -2.3163216 -2.810457 -0.46364197 1.4517906 -3.3822806 4.507513 2.995435 1.5850811 -2.740602 0.5021594 -0.67577976 3.722446 -2.7384655 -1.3317991 0.8985568 -1.3104244 -1.2010645 1.5389773 -0.38520205
aldrin -2.4821367 -0.38982555 2.1438272 -2.2902272 0.28218785 -5.5119047 4.9873757 0.6031968 -2.7681348 -3.0962985 0.76525724 0.88425916 3.847433 -6.2118974 -0.31339142 1.3854151 2.2729266 -2.9004781 -0.28348392 4.7059603
sleuth -1.9050698 -0.8310661 -1.7052205 -2.3630435 -0.73249424 1.3152908 4.9488935 4.4966297 0.5971943 -1.6376723 0.79742116 2.0286367 1.6058251 -3.3578842 0.90816575 2.460224 1.4499289 -3.1893704 -0.86733526 -3.996379
jackass -0.1420101 0.97931 -1.5003843 -3.7981918 -0.6777052 -3.9580004 4.1048117 3.6930058 -1.0297434 -1.6851925 0.04573987 -0.98937804 -1.0774525 -4.958155 -1.040004 -1.7972634 -1.0963821 -0.24927337 1.2743793 -3.913393
foghorn -0.95151716 0.21523541 -1.1341282 -2.6966934 1.6596631 -2.666122 6.8690677 -0.17304678 -4.568476 -2.8039222 4.57573 1.368222 3.3584504 -1.1386031 -2.928473 -0.5715798 1.0957749 -0.42278537 3.0487294 -1.3382206
bardot -3.6302822 -0.25399658 0.849603 -8.22915 0.35431066 1.6008085 3.0731604 4.928111 1.2357987 -1.5663409 2.847446 -0.20802717 0.8682735 -1.796619 2.7014568 -2.5601525 0.69556373 0.18061993 -2.2710347 0.16648333
kens -1.9078853 -1.4372693 1.4217594 -2.88608 1.5069019 -0.25195006 3.0695372 1.6434729 -2.6876347 -4.0491824 1.5031757 -1.0335698 0.042189647 -1.462722 -0.14048055 0.80424076 1.3003719 -0.0727054 -0.60905653 -0.033316135
dainty -2.9535747 1.1778214 -0.7486349 -3.8323534 0.9923518 0.22196102 3.582202 0.8745606 0.7990578 -1.6049688 3.0702808 3.0619617 2.8154802 -1.1585029 -0.18795079 0.010765286 0.58320665 1.9542981 0.8626681 -1.7154458
poodle -2.4820018 0.046042327 -2.1299677 -4.0411243 2.853419 -1.3793709 5.7384615 -0.0030079742 -1.2484586 -1.8574222 3.5352244 3.622721 1.7484539 -1.9801649 2.026461 0.6395484 0.09475345 2.0868719 0.30730578 -2.2001343
whisperer -1.368063 0.014327246 -2.9354935 -2.5667963 -0.71433306 -0.97732353 7.0768538 2.4888847 -1.2396953 -1.6936871 0.94928753 0.07126259 1.9048342 -6.2062235 -3.1978068 0.21420035 1.4481744 -2.0962996 -2.537427 -4.241408
showgirl -2.223717 1.4813997 -1.0297391 -5.6426053 0.3307315 2.1691248 1.6057051 3.741153 -1.6748934 -4.481067 2.9428267 -1.448314 0.46344444 -3.502005 2.5095093 -0.99726933 0.215756 -0.3903461 -1.9185419 -2.5855498
kiddie 1.0944773 1.1983777 -4.1991606 -3.7015176 -1.4138 -0.7745387 2.2852619 1.028419 -4.1042933 -3.232857 0.42260578 2.1911616 0.97359955 -3.1381884 0.99564767 -0.03116187 1.9442616 -0.11601722 1.9164128 -3.1644523
barmaid -5.9272165 2.2549226 -1.561776 -2.3021524 1.917793 1.5672702 2.2953787 2.4699621 -3.8088071 -5.832268 3.906234 -1.2513798 -1.7030597 -0.8633794 1.5017248 0.42953986 0.93422943 -0.13495225 -0.38774684 -4.1751895
whiz -0.715971 -1.1792562 -1.7367873 -3.5236986 1.2079563 -2.3640213 2.3536806 2.5685039 -2.0665317 -5.4665027 0.991093 2.7740288 0.5523179 -6.7021947 0.79165804 2.3047078 -0.7797162 -1.1404748 0.69440025 -0.3955294
firecracker -0.92880875 1.6423888 -0.23907487 -4.2579155 -0.5899386 -3.6674395 2.401232 2.0759556 -2.021104 -0.35987514 1.7600498 0.9773493 1.1184226 -2.0059896 -0.4205281 -1.3308921 2.2818491 0.3488268 1.8363602 -1.249649
tig -1.1573479 -1.4057868 2.613201 -3.0899937 2.64443 -2.9556324 4.0353274 0.25890586 -4.6136236 -0.9794171 1.5905302 -1.3742055 0.029539445 -1.2837026 1.9305838 0.070564255 -0.20626612 0.35411754 -0.5439826 -1.4981743
shivers -2.5270174 1.5391387 1.6940324 0.32113802 1.9758965 -3.269516 2.6706033 1.6556147 -0.6702547 -1.4538774 1.9596922 -0.8953746 1.1752698 -3.5267632 -0.6521765 1.4959141 0.5770985 0.68956286 0.15717606 -0.73742604
trixie -3.2725956 0.52193904 -0.30584675 -4.348862 1.014506 -1.3609974 3.9559207 1.4743981 -3.1646683 -4.5825763 2.286347 -0.39710817 -0.59181076 -3.5670695 0.5310862 0.45740783 0.43968272 -1.2424463 -1.6910397 -2.8217518
grunt -0.30792367 -1.8404664 0.33490476 -3.2415555 2.8808029 -2.1882875 4.5277896 0.075841844 -1.1575255 -1.7145014 2.4443643 1.5671469 2.2171173 -3.5270805 -0.93804395 0.950339 -0.11774765 0.955129 1.9007741 -1.0208416
ventriloquist -2.8513956 -0.38676706 -0.38187745 -3.3971303 1.4058198 0.3374567 4.760198 4.788041 -0.5789324 -3.9573638 1.625637 0.7096046 2.3136802 -3.0107048 2.6820583 0.52542275 -0.79769284 -0.011864312 0.6820491 -2.4132028
dumbo 0.5697875 1.3903779 -2.4455361 -2.7703264 -2.4127612 -0.6838104 3.4745328 1.7329776 -3.860476 -2.247405 1.2985525 1.2083071 2.996215 -2.485281 -1.3401016 -1.3848877 0.63245213 -2.3224533 0.6565117 -0.27427498
hideaway 0.31175604 2.638955 -2.412444 -2.6463366 -0.16231646 -0.6843486 2.4077437 1.1267102 -4.400866 -2.8281069 3.3235395 -0.25189042 0.5124537 -1.5981898 -1.573488 -2.3788905 -0.48198366 0.9855978 -0.6640531 -1.9628087
lugosi -1.9863 -0.022732625 3.7767446 -5.4372134 -0.19895816 1.3312837 4.732111 5.4603124 -2.3741424 0.27641535 2.713477 -2.2031796 2.1783803 -2.6824965 -0.04049827 -4.226208 -0.5810446 -2.4388292 -1.3488092 -4.122793
oddball 0.43241093 -0.43361005 1.0521619 -3.635871 0.46650526 1.0251838 4.5210724 2.3353343 -0.16492508 -3.356137 0.8901682 0.7805464 0.75273585 -3.9162436 -1.7909174 1.8781455 0.31391126 0.5581903 2.6726727 -3.6799133
bunnies 0.1754428 2.883498 -2.568928 -4.731153 0.4062892 -1.8955394 5.472311 -0.3354167 -0.8617189 -3.0257485 2.6660743 1.9793633 1.5545824 -4.1210065 0.10917389 1.1752032 0.82275033 1.9938782 -0.1670833 -3.303017
chimp -0.14999765 0.80552095 -0.27227998 -3.1576962 0.6354291 -1.337274 6.2920504 0.34861264 -2.372013 -1.902315 2.441929 0.7809063 0.40809682 -4.580294 -0.5503484 1.9587562 0.6810389 -1.3757261 -1.2007021 0.08891822
mentalist -1.9594194 -0.87838495 -0.42537752 -1.7790759 -0.058344327 -0.025591664 4.754652 3.6956306 0.4991326 -1.8750738 -1.157466 -1.1211369 1.4210062 -4.872801 0.7586519 1.4763987 1.2797558 -1.0116745 -0.9936104 -1.8784399
caveman 0.84005255 0.13153905 -0.1115508 -3.475459 1.4998058 -0.5057493 5.6423206 1.9053566 -0.68426615 -1.8779237 3.0710146 0.9452923 2.3348532 -4.693497 -1.2969573 1.172529 0.62246907 0.45861605 -0.24758705 -3.2450185
spook -1.1427052 -0.5414871 -1.1032254 -1.6752766 0.9862721 -0.7712298 4.872643 1.3309654 -1.7478223 -3.3846292 1.487756 0.9603002 1.1673545 -1.5654631 -1.2841176 0.7829396 0.48711815 0.33599243 -0.32566798 -2.362768
gunslinger 0.7992292 -1.3230634 -0.91066355 -2.6195605 2.025608 -1.328017 5.4332805 3.501256 -1.7430735 -1.0203433 3.4393182 -0.9557565 2.378693 -3.890567 -2.0467718 1.2152483 -0.19131601 -0.5080076 -0.80108714 -3.1906114
galore -2.2978337 1.765775 -1.9626915 -5.0486636 -0.65630126 -1.3971364 2.352544 1.9073263 -1.747283 -2.5855722 1.0169847 1.0941819 1.4577372 -2.30323 -2.128416 -0.8427145 -1.8909581 2.6132421 0.8252274 -3.188263
duckling -2.322184 0.6926475 -0.27772596 -4.5609274 1.3472605 0.4141073 4.858317 1.7632912 -1.4259487 -1.9634143 2.927319 2.1553028 0.7914572 -4.2226353 -2.4394157 0.06555071 1.1483312 2.044374 0.3791287 -4.0207005
tramps 0.38281107 2.0718963 -3.3686478 -1.8783431 1.3787544 -0.8646728 3.8909667 0.22918256 -1.2336819 -4.5155067 2.4733372 -1.3313557 0.11690618 -1.4225045 -0.70055234 -1.1720523 -1.6779325 2.5704594 0.55973804 -3.179241
skeeter -3.6542802 0.6223884 0.31888238 -2.1075814 1.9118675 -2.8251138 2.5652823 0.25139707 -2.0891109 -2.2234643 2.2639818 0.3359169 1.8920271 -4.383865 1.4468615 0.5340044 -0.59105724 -1.5821275 -0.31173873 -1.75952
noddy -2.7563968 -0.0033941823 -1.987331 -3.5647914 1.5136007 -3.904147 3.3847852 0.78607696 0.6882958 -2.5014246 1.9876878 4.8189273 2.0072663 -1.8094535 1.6914241 0.77612865 -0.025265478 1.5908109 0.4194818 -4.8667626
serling -1.8747838 -0.27254546 2.1959326 -1.3741372 -0.87496626 -3.290538 4.385497 4.398728 -1.0523304 -1.8478935 -0.123403646 1.6726146 3.1795266 -4.2459316 -0.72186524 0.2879922 1.2034308 -2.780795 2.0322087 -2.285822
gigolo -1.9000275 0.66343284 0.51966095 -5.6955705 1.546826 0.38814375 2.6866453 3.1201093 -0.5205818 -3.3092077 3.9302645 0.6110897 0.7769285 -3.103242 0.6120989 -1.681807 0.18475582 0.90530264 -0.7735568 -1.4360374
barnyard -0.23222221 1.9281148 -2.7066905 -3.5308137 0.99481976 -0.29724026 4.3995967 -0.44013762 -2.9415996 -2.6176658 2.9609325 0.47233573 2.0896232 -3.7524745 -1.1067667 0.035160214 -1.1762182 1.5747355 1.0212322 -3.5595624
jocks 0.10275346 -0.5099252 -1.0702169 -0.4485875 2.6000354 -2.0534718 2.3912914 2.1339989 -2.485793 -4.8276734 1.1423277 -1.3153541 -1.5882182 -3.7549582 -0.41471675 0.37329474 -0.10802926 1.4678758 3.1224277 -1.564858
gunfighter -1.7681161 -0.43018365 -2.6990492 -0.26424468 2.736882 -0.6539615 4.5522733 2.966106 -1.0569607 -1.693991 3.6757293 -1.5093713 1.9415704 -4.2325583 -1.0504735 1.7042462 -1.4883968 -1.6000664 -0.31510207 -4.4603114
showtimes -0.55291146 -0.26632857 -1.781716 -2.8626149 -1.4249817 -1.9290764 2.3396013 4.2194605 -0.22838038 -0.95121557 -1.8191457 -1.2616025 -0.33230802 -6.6486917 -0.24168915 -1.1542206 1.3726088 -1.4508541 -1.505108 -3.2889292
mammy -2.0008025 0.37348935 -0.74795973 -1.1540443 2.5950305 0.12084227 5.782663 1.8732208 -0.7715963 -2.8214018 2.2914917 2.0822842 -0.6452715 -3.5206907 -0.86206037 0.14439297 0.37478584 2.970539 -0.6149681 -4.704371
wimpy -2.541877 -0.19455343 -2.593172 -3.0980713 1.0985433 -2.7040174 3.2330317 1.6692382 -1.6637346 -3.4013 1.8433529 1.2783847 0.9236367 -2.7556548 -1.5521413 -0.5915816 -1.536593 1.039026 -0.56264114 -3.1455836
beanstalk -3.0317812 1.5755163 -2.5112143 -4.1086516 -0.053035006 -0.17941411 4.012736 3.485563 -3.798994 -1.0515629 3.3356967 1.4005047 3.7035034 -2.5764482 0.30492818 -0.20003922 1.9448396 -0.4171554 1.017591 -4.4493337
minder -4.578575 -0.87653184 -2.5159242 -2.83086 -0.4250435 -0.4923827 3.5753746 2.9029863 -1.4643939 -2.2996376 -0.29222727 -0.6425053 0.949943 -1.5255114 0.6404172 0.5842099 0.3699346 -2.3959103 0.57559586 -2.9419167
dapper -2.0074835 -0.5650982 -1.4906528 -2.6351047 1.8722326 -0.2950218 2.4194226 3.3189628 -1.876395 -2.947951 2.0887756 1.66677 1.9413682 -2.475354 1.7244097 1.8466264 0.284125 1.2588128 0.15232493 -3.076737
aunty -4.3761168 0.37034857 0.15868644 -3.8552103 0.9044533 1.5546681 1.6179825 4.2663784 -2.9609878 -3.8475752 1.8058859 0.26761344 -1.2362938 -4.1599455 -0.7256407 -3.3952522 1.5001694 1.1767997 -0.40693507 -1.9610249
threesome -0.34182304 0.4730021 2.1891947 -2.936923 1.839493 -0.069115385 3.7319264 3.1515439 -1.71218 -3.5931528 2.4536757 -1.7792264 -1.5760999 -2.890462 0.10865892 -0.16530827 2.2129853 1.0906079 0.43281743 -1.7038451
slacker -2.0390615 -0.78324056 0.4724273 -3.1086621 1.8445092 0.42262003 2.3689852 2.2231572 -1.7723082 -3.6215608 1.5731319 1.1402692 -0.99573517 -5.01967 -0.822883 1.2952214 -0.54746926 -0.018478813 1.7101485 -1.883049
cowgirl -0.47253677 1.418711 -3.200359 -2.89401 1.6847978 -1.2662599 2.6272118 2.456313 -2.127069 -2.1062646 2.7612271 1.6921427 2.569844 -4.90447 1.5483786 0.7639676 1.0051644 2.9124594 -1.4727156 -2.1339574
dodgy -2.3065982 0.24885118 1.4009752 -4.022574 0.23235828 -0.73776317 2.6135044 1.9207969 -1.8233081 -3.3350942 1.0290926 -0.22425191 -2.3226027 -0.70958865 -2.1304312 2.215044 -2.8887749 0.84451246 1.9292096 -2.5614288
piglet -0.9960006 0.5212674 -0.56646115 -4.699921 1.8657123 -1.5178406 4.9419374 0.099905424 -2.321229 -0.9978445 3.9268558 1.5847068 -1.7682673 -1.5815607 -0.5463468 -0.02355955 2.382549 1.5867473 -1.3562341 -2.8754542
willies -2.1847935 1.1932176 -0.6704377 -2.979448 1.2062964 -0.84502035 2.6148102 0.5724756 -2.5116029 -4.21895 2.093916 -1.2197282 0.9126469 -1.4744817 -1.0380387 0.6470342 0.82141125 2.0640268 -0.3802012 -2.1656969
streetwise -2.0938475 -0.11667492 -0.18548355 -2.2825391 2.0544376 1.2535229 2.7985916 2.9783704 -0.8829863 -3.1542225 2.3960948 0.5532613 -0.07101639 -4.089873 -0.8799697 1.44226 -1.5193264 0.686542 1.3925704 -3.032769
romancing -2.0752769 0.23835616 0.6934843 -4.4136686 -0.9057122 1.2522707 2.7081616 3.0714834 -0.73947823 -2.2952094 1.2339877 -0.12413246 1.7081058 -2.0718758 -2.734528 -0.02232852 1.463025 0.39854684 -0.2289313 -3.26676
macgyver -1.0321841 -1.6585747 -0.87735426 -2.5906868 -0.3695963 -2.3383617 4.876422 3.5557532 -1.1484443 -1.6149578 -0.09919684 -0.6409696 0.6855744 -4.729396 -0.26106095 0.85315704 0.45693448 -3.3918672 -0.656834 -2.023315
stooge -2.4280195 -0.6066028 0.19205956 -2.2317002 0.9960987 -2.0509574 4.242179 4.258483 0.9611328 -2.4265947 0.41521114 -0.85641575 -0.2958602 -1.2824217 0.40339333 -0.69140285 -0.68681645 0.6739018 2.1220608 -3.2103946
groundhog -0.99239016 1.5464089 -2.1700094 -1.0796043 -1.1012411 -1.9470245 2.5422635 0.09486333 -0.6474413 -3.0985727 0.029166037 0.21806996 0.24079251 -4.3298197 -3.4166768 -1.0921646 3.056845 0.55153424 -1.4630133 -1.8423105
prankster -1.0478007 0.12653928 0.53731334 -2.2136922 1.5490527 -0.013733075 4.349039 3.4575155 -0.8981078 -2.6905136 2.160254 0.0059977314 -0.25143117 -3.3138626 -0.860472 1.8883963 -0.9531307 0.84856087 -0.1730159 -2.8256207
repairman -3.1145613 0.11763726 -0.7496699 -2.912615 0.29399273 -0.99477464 3.8651109 0.37205175 -4.1516514 -6.2805233 1.6978192 0.43345726 0.9995299 -0.9689211 2.0160148 1.0136538 -1.9205078 -3.8198984 2.8317342 1.4677749
squeak -1.7102873 0.05473688 1.1952913 -2.424496 1.3656219 -2.2222524 4.3645716 0.44297084 -3.1181202 -1.8042127 1.6466706 2.8705862 1.0628148 -2.390388 -0.65233094 0.51183164 -0.22556087 0.4818514 2.4257205 -2.4915872
grinch -1.4376912 1.8998998 0.00857229 -4.6724405 -0.746307 -2.8632324 7.149156 3.709415 -2.568598 -3.0389576 2.1834726 1.5079398 -0.41270524 -2.5084584 -0.38197482 -2.101163 2.9124682 0.72271734 -2.9048605 -2.462055
roadkill 0.86564976 1.9480591 -1.566794 -3.0538688 -0.0151427295 -3.0852928 3.0319448 -0.32230523 -2.0493872 0.37797976 1.3073256 -0.2024206 -1.4996352 -3.9432044 -1.3963255 1.3846917 -0.48382288 0.7062414 -0.33508685 -2.2455125
peeping -2.3341057 0.7337159 0.08037758 -2.1155267 1.1804037 -1.4685631 5.186272 1.0074272 -2.4294677 -1.6076285 0.607527 -0.44455847 0.9590663 -3.607257 -1.156498 -0.23635864 0.90621495 1.4309132 0.17831653 -3.2518556
kickass -0.57504314 -0.65428466 0.028413635 -4.2011666 -0.7218192 -1.0956757 3.935602 5.318916 -0.09973564 -1.0150256 0.8088726 -0.18180159 0.5495043 -3.5627735 -2.8254604 1.5994732 0.41817564 0.08397856 0.20451929 -2.911855
goosebumps 0.28844076 0.33399716 0.9530703 -3.9314022 -2.0596812 -2.9919086 3.8270633 2.9953737 0.4161752 -1.3536129 0.2794234 2.443607 0.4925336 -3.0599196 -3.2707684 -0.87241215 2.161284 0.20947586 -0.7291284 -3.461943
bridesmaids -3.1413467 1.3307122 -1.5943749 -2.9803555 0.6824874 0.0071077705 4.0327516 2.563991 -0.65442115 -3.4340172 0.5626515 -1.1915249 -0.24305613 -0.05429536 2.5414386 -0.8118443 3.2474594 3.535407 -1.060151 -3.4050999
charmer -2.7103312 0.0017742632 -1.3012524 -4.002002 2.0650027 1.2349732 3.920252 2.414056 -0.63373464 0.03662793 3.584865 2.206567 1.4493524 -3.7651055 -1.677268 0.10409789 0.9524646 2.3094072 0.35001653 -3.301032
ringmaster -0.33877397 -0.13491048 -1.7030596 -3.5500302 1.364746 -0.38509887 5.220418 3.859088 -1.7933537 -2.7843907 3.0663557 -0.9270712 1.9798993 -1.7621906 1.0047344 1.4100115 0.4030721 0.557467 0.0039851414 -1.0792181
saucy -2.7773795 -0.09989136 -0.7603687 -4.384752 1.0072181 -0.10791879 2.4815319 2.1099813 -0.39338565 -2.624869 2.1222477 2.1486664 1.2173631 -2.2823105 -1.7294079 -0.3766767 -0.07695184 1.6680045 0.7629931 -4.3691034
tingle -2.8790567 0.064375214 -1.1904569 -0.625098 0.30883622 -2.4213946 2.0590491 0.9652118 -2.1904037 -0.9586874 1.1253116 2.0547943 -0.0676001 -3.0849285 -1.4327296 1.707721 2.9244888 -1.0982071 -0.65798753 -2.1105778
howdy -2.2466674 0.21987666 -2.1695893 -2.443135 0.33764562 -3.423798 3.4258523 3.4807644 -2.6604333 -4.1003284 0.40127617 -0.15151626 1.6583887 -3.8676107 1.329126 -0.16859786 -0.46289346 -1.0317526 0.8435752 -2.6678426
madcap -1.1528363 0.16982237 0.46014887 -3.2214305 -0.19489273 1.3533632 3.1156476 3.3152666 -1.376559 -2.8644066 1.575477 0.2768635 0.85281 -2.6516287 -3.0558636 1.0026016 0.63997346 0.108668216 0.86845154 -3.3205788
gumball 0.39282098 -0.11867812 -2.7330647 -5.685745 -0.77892286 -1.3222159 3.15206 4.1316695 -1.6840514 -0.52373487 2.0269766 1.1186149 0.9429779 -2.7947292 -1.2073497 1.4305865 1.4681169 0.34566838 0.909569 -1.9518675
lupino -5.5564494 1.5547067 1.0035143 -2.8458343 -0.72873116 2.3067503 2.0140948 2.8906262 -2.0457788 -2.3290737 2.569227 0.42783093 1.329972 -3.0988097 0.8821294 -2.055168 0.6033758 -3.894377 -0.8795231 -3.2459815
ducky -2.4854298 0.8161018 0.17532542 -1.1340388 2.1252494 -2.5204456 3.7762709 -0.044264883 -2.6207645 -2.378239 1.4687788 -0.5499021 1.2722745 -3.9304287 1.303017 1.4852964 1.1113167 0.10630235 0.34299543 -2.0395913
momma -0.90058917 -0.21457028 1.0016226 -3.7657454 2.3919895 -2.6092966 2.9569693 1.5474396 -2.4385726 -3.4357734 3.1133184 0.67314214 -0.18184009 -2.9702744 -0.7997936 -1.6782362 2.3915079 2.637671 -1.262237 -0.91395354
lusty -2.4215531 0.7177914 -1.528181 -1.5649812 1.0684468 1.3926404 3.039032 1.7924562 -0.5208259 -3.0664701 1.9564015 -0.19072385 1.5475174 -1.8523597 -1.2124739 0.72596097 -0.3048077 1.4039559 0.55498224 -2.384521
sweatshirt -2.0342486 -0.0048633404 -1.824903 -0.2782201 2.6117628 -4.9436493 2.8161454 1.8174056 -1.62666 -3.6927776 1.4409127 1.8633738 3.8153 -1.1276199 1.310067 0.73189276 -0.73702276 3.1695652 -0.6870068 -3.8150015
pickpocket -2.8001788 -0.5237006 -0.7955571 -3.393096 1.2317288 1.6750131 5.3541417 2.967976 -2.5169113 -1.9625498 2.2781358 -0.60771036 -1.2143902 -1.37185 0.8931172 1.3758032 0.572688 -0.5553602 -0.8809363 -1.7254454
shirtless -1.0315182 1.5482354 -0.8687427 -2.6743371 1.7051662 -0.8289849 6.427046 2.2361684 -1.3811588 -2.1992323 1.1124377 -1.7293706 0.9777112 -3.3208501 0.8309591 0.35127732 1.4763249 3.6633775 2.5097697 -1.7259347
toons 1.2900804 -0.12293165 -1.0119702 -5.206551 -1.6524632 -2.5861268 3.9552298 2.3866906 -1.9477936 -1.3379685 0.2069535 1.2458043 0.65316814 -3.7677612 -1.5003744 -1.7212034 -0.22966695 -0.75788903 0.117514536 -2.436159
bridesmaid -4.666611 1.1889302 -0.94318944 -2.6548753 0.7413774 -0.0037588396 1.9972783 2.8713536 -1.2983588 -3.2337594 1.1994889 -0.72791374 0.66720754 -0.38758552 2.6410031 0.20983382 3.012962 2.3976693 -2.287379 -2.058407
meow -0.11252918 -0.48583347 -1.8786793 -5.09674 0.8267396 -1.542038 4.007125 1.4818035 -1.2416834 -1.4171513 1.3174195 2.5351136 1.5015539 -4.836257 -0.46874782 -1.2122767 -0.035479352 2.495255 -0.751986 0.069619715
hunk -0.8406035 0.7631188 0.31194377 -3.1089656 0.9765121 -1.2677652 2.1292455 2.123326 -2.5230873 -1.1342691 1.9694065 1.7810926 -0.048017785 -3.3300424 -0.24518415 0.15917379 1.2570525 1.2447109 0.67702323 -2.5817058
goldilocks 0.65437025 1.2074423 -0.9945278 -2.7561615 0.91054934 -0.7602849 4.3867335 0.4607922 -0.73123014 -0.9794399 3.0028863 0.6748036 0.9840869 -1.4842597 -0.46450666 -0.3443824 2.3344636 1.8883674 -1.4053189 -3.6041172
snitch -0.827379 -0.18456419 0.41495883 -2.0730803 1.6388109 -3.6182466 4.362134 1.4626423 -1.9158251 -0.3760695 0.9754127 -0.79719025 -2.0053244 -2.3541281 -0.76550084 2.4552798 1.498811 2.1762514 -0.60800993 -1.0993466
shifty -1.3862959 0.0030485482 0.10144646 -2.8353791 1.2819184 -1.3167503 2.1567068 1.9535973 -1.1383208 -1.8787308 2.234608 0.61347425 0.887308 -2.1153789 -1.4277034 1.7976269 -2.019847 1.0264875 1.0286728 -2.1162028
stinky -2.5242975 0.72597736 -1.0812169 -5.1012764 1.9894221 -1.2726306 3.264432 -0.34014642 -2.4145584 -1.1431241 3.247989 2.089953 0.8763863 -3.5250227 -1.1109858 -0.36026105 -1.0455832 1.8006052 0.638376 -2.4021332
mums -2.5439403 0.1935052 -1.548928 -2.7346528 1.1770979 -0.058334008 2.2654195 0.83189744 -0.8472595 -4.2050624 0.8502249 0.6417895 -1.7691653 -2.2556927 -0.46686023 -1.278662 0.7233216 2.5546355 0.3959776 -0.6851649
pranksters -0.35912618 1.092359 -1.2030554 -2.1393545 0.6582082 -0.097472586 3.7368124 2.7775362 -1.2995675 -4.76608 1.6178265 -0.61324483 -0.52771604 -2.5344775 -0.5484114 -0.9823751 -1.1687437 1.4159175 -0.5215926 -0.7798935
bookie -3.062522 0.48815486 -0.7537518 -3.2320359 1.0586442 -1.4272257 2.8068194 2.8830733 -2.4952521 -1.2293643 2.2081277 -1.3143678 -3.2611268 -1.4699786 0.8727041 1.5178648 -0.5750686 -0.9095189 -1.1844559 -2.3653328
flay -1.2820147 0.46791863 -1.4746253 -4.8758097 2.0270965 -2.7549257 2.4109643 2.3911111 -3.1544573 -1.7318006 2.8603218 -0.38658732 -0.44926366 -3.9722018 2.2135928 0.06976034 1.1959354 1.1934894 -1.6678138 -1.2331219
kipper -2.723281 0.21961887 -0.053544547 -1.9715465 1.2789648 -1.6308725 2.61135 0.53919625 -1.3343285 -2.0983849 1.847173 0.5423959 1.2570139 -1.881686 0.7464897 0.34456655 -0.4928731 -0.62826544 0.48425275 -2.2070854
wisecracking -3.423286 -0.3984123 -0.6017118 -1.6593369 2.14346 1.7272701 4.5361543 3.3940785 -1.9455905 -2.4915931 1.5930579 -0.085797176 0.59581625 -4.8817983 -0.39556098 2.5169764 -1.0868807 0.103696905 1.3379252 -3.4667792
hotshot -1.3597064 -0.9814784 -0.5008918 -2.2448437 1.256263 -1.5857683 3.117921 1.3721805 -1.5168191 -1.4583479 1.1896132 -0.08058302 0.12686615 -3.8031127 -0.0015548061 1.879167 0.33802533 -1.2742586 0.8525396 0.28897747
lawnmower -1.239329 1.2476941 -0.9921532 -4.162531 -0.10373001 -1.2581893 3.5226398 0.89931 -3.140072 -1.7127894 2.840537 0.42829636 1.791433 0.12059409 -0.12820724 1.5786324 -0.046366837 -0.5088098 2.6452 -1.9094182
lolly -1.6264476 1.6515832 0.044419985 -3.6785035 1.8574206 -1.4983791 2.083829 1.0217463 -2.9745061 -3.3491557 3.3430328 0.9628607 0.45318615 -3.397099 1.2005172 -0.40052906 -0.046649296 1.476228 -1.7563374 -2.133672
critters 1.7983887 1.1725652 -0.9160409 -3.330727 0.12961808 -1.4155492 4.318204 1.1901845 -1.3236877 -0.58191013 2.3149602 0.23913175 1.3484192 -3.4147186 -1.8140055 0.12084453 -1.39918 0.6981256 -0.30172446 -3.4326084
cinderellas -1.5207443 0.6109429 -1.0428941 -4.2862825 0.5295541 1.8543317 3.1429021 1.8439753 -1.468185 -1.9674783 2.4583566 -0.78801906 1.7147579 -0.35899436 -0.4579965 0.5445243 2.3350499 2.4403083 -1.0622957 -3.2600477
mouses -0.044939883 0.35659632 1.4351778 -3.0674157 0.848272 -0.79789037 3.549934 0.11569267 -1.691049 -1.1293567 1.7603599 0.6794427 1.2076936 -2.622136 -1.6578937 1.9592335 0.8610773 1.1231694 1.2357571 -2.8115003
frisky -1.413286 0.16711007 -1.2780557 -3.380034 0.83043504 -2.0651803 2.9489563 1.2704506 -1.178994 -1.7022961 1.870894 2.0190363 1.2435961 -3.213815 -1.2205194 0.38490993 0.7953093 0.37831575 0.87203574 -2.8282604
droopy -0.85035014 -0.28639403 0.06872126 -2.4273753 1.4184123 -1.1439548 6.131928 1.3340102 -1.8024142 -1.8581378 1.3599403 0.32164484 1.5039457 -3.184624 0.3770446 0.47656065 0.44678983 0.2708177 2.0299106 -3.716052
groundskeeper -2.357979 1.5079268 -0.44985563 0.224225 2.0374656 -0.2061074 3.2644923 0.5750238 -3.4296834 -3.4877648 2.781653 -1.9391748 0.10499655 -2.0370924 2.1303456 2.5789623 1.2893895 -1.254683 -1.1146808 -1.9734372
hellraiser -0.7490977 1.534549 1.0910269 -3.8423233 -1.8251125 -1.8972293 2.9125836 3.947341 0.6177589 -1.2554464 1.1551734 0.24304637 2.2559686 -3.012071 -2.5686355 -0.17062329 -1.1999452 -0.52898824 -0.44238332 -2.6939163
goof -0.27560863 -2.6386125 -1.4615462 -2.9194496 1.3647202 -1.8858196 4.315328 1.3006932 -1.0726506 -1.7925771 0.5907652 -1.4227427 1.2727407 -2.3869987 -1.089691 1.1856831 -0.21374777 -1.1916908 2.4312806 -2.6242256
kesey -2.0027635 0.57948786 0.4898221 -0.88606966 0.5067347 -1.3447951 2.3978965 2.4272726 -1.4872985 -3.7274451 1.7612668 0.8776726 1.1437109 -4.1371183 0.22973941 -0.20246749 -1.4274647 -1.3956133 -2.0981717 -0.36191505
girlie -0.848464 -0.18160343 -0.28436327 -4.065497 -0.52343565 -0.13125762 2.1414876 2.1437974 -0.49161208 -3.3042088 0.38612688 0.5015605 0.11705438 -3.3727024 -1.4044442 -0.5366116 0.2279569 1.067861 -0.013977975 -1.5944674
babysitters -0.593911 0.43879482 -1.8593192 -4.2217693 0.8852587 0.20899926 1.6304765 0.7286671 -0.8555443 -4.655645 1.621346 -1.1911556 -0.7113544 -3.906881 0.9863252 0.073969245 1.0125394 0.1203247 -0.58574826 -1.6726037
dominatrix -0.7831316 0.40790793 0.17648329 -3.2485416 1.6102018 1.1133277 4.3930807 3.2129574 -0.5705106 -2.302938 1.8111302 0.18593298 -0.13719445 -2.3838067 1.8046509 1.1990656 -0.115356684 2.4128566 0.24546075 -1.6243907
drowsy -1.473164 1.0913055 2.7448242 -2.721368 1.1439877 0.5880343 3.8056886 -0.32949337 -3.0725298 -4.0825596 0.9963797 -0.7229486 0.051957346 -3.5956123 0.6868021 -1.1797538 2.146225 0.25865117 1.6791664 -0.6742223
barroom 0.56643707 1.299783 -0.8342054 -1.3958024 0.7767894 -0.6123767 3.5186074 1.7921549 -2.0883715 -2.3327918 1.3606868 -2.8633122 1.5406334 -1.3373818 -1.2376182 -0.24805035 0.07569725 2.2245584 0.4541078 -4.306951
groupie -1.6713815 1.1715847 0.9547328 -3.1447463 1.6071955 0.056885015 2.1674907 2.1041067 -0.64102364 -3.0760944 2.6020014 0.05604337 1.0276071 -3.5100226 -0.49504924 -0.53830117 0.47464055 2.3243105 -0.6475866 -2.1357388
hoppy -2.7826297 0.99618435 -0.6280499 -2.086138 1.1301744 -0.8903598 2.2122757 1.1297003 -1.4865458 -1.1846378 2.4439201 2.0486624 1.2512631 -2.236891 -0.27937567 0.8438846 -0.59389555 0.71733934 -0.22386324 -1.8453254
goodfellas -0.4703148 0.49306473 -0.2923154 -3.5508473 -1.2978466 -0.2022796 2.8583455 4.432355 -1.0117842 -1.3928037 0.99872154 -1.3904939 1.1848056 -2.649226 -1.4005548 -0.5844099 -0.29143673 -0.8900596 -1.5357434 -3.952229
hunky -1.57626 0.16977897 -0.19368371 -3.7070374 1.5683355 0.17480242 1.8844415 1.9875953 -1.411779 -1.9822732 3.3275425 0.4504569 2.7172387 -3.290258 -2.2204397 -0.07112882 -1.1988289 1.1804336 0.5148101 -2.9849913
girly -1.6063972 -0.21983342 0.45605263 -3.580839 1.2686507 0.9767659 3.3623767 2.0371363 -1.0345097 -3.151766 1.028958 1.2791592 -0.7704298 -3.3249962 -1.2214 0.014049597 0.5242119 3.005426 0.5321389 -2.7777338
brer -0.8233656 -0.4616784 -1.359156 -2.988794 1.7899376 -1.1928434 4.646085 0.7071446 -1.7833341 -0.7636095 4.0334105 2.571169 0.8789885 -5.142779 -3.4809678 0.28474852 -0.8032903 0.113884255 -1.7682898 -4.7220545
littlest -0.68795216 -0.59795374 -2.1413789 -4.7061534 0.27362722 -1.0584291 3.836734 1.246232 -1.5144317 -2.9688895 0.8652988 0.89161694 1.8718778 -3.5975244 -0.7645778 -0.6229415 -1.1516712 0.81413674 -0.6380362 -2.4368901
pooch -0.72911817 0.039188653 -1.0104777 -2.7425933 1.4834905 -1.6694233 3.851248 0.7070142 -2.8565948 -1.2642534 1.9419565 -0.7840425 0.32325745 -2.449142 0.13879089 0.6506522 2.2884393 0.4861085 0.6606613 -2.1737962
zippy -1.0375037 0.6065358 -0.27690545 -1.9920903 0.3635904 -1.6003324 2.2282138 2.4873035 -1.2556092 -2.219003 1.1174213 1.4507011 0.75697076 -3.3998382 -0.99917454 -0.18872757 -0.95928055 0.9207171 0.06622287 -3.0603015
spunky -2.0918167 -0.43151647 0.3710938 -3.4053755 1.902126 1.4247535 2.4405053 1.9602935 -1.1436967 -1.8286575 2.2700338 1.6378781 -0.083790645 -4.427518 -1.5782403 0.39712602 0.9458169 1.155442 1.8341923 -3.1511683
lemony -1.5889068 -0.013471412 2.0184054 -2.8974524 -1.7025911 0.6223117 5.8815756 1.3415772 -0.6661996 -1.4524231 -1.0271242 1.0959696 0.9282608 -1.4895282 -1.4393814 0.030192118 2.0786943 0.10513954 -2.8916538 -4.6799707
chuckles -1.9600263 0.27116618 0.38690263 -2.3648243 1.058364 -1.4776771 4.51202 1.1124033 -1.1493806 -1.7921387 1.6913446 0.3214348 -0.8571888 -2.0127475 -2.022592 0.74273 0.5969832 0.6669983 0.95520717 -2.2411125
dotty -3.6991572 1.0839169 1.0361454 -2.316183 0.9169402 -0.06601545 2.7636898 1.0787367 -1.5615064 -3.6367967 1.7324711 -0.41000587 0.34056368 -2.5996795 0.33932653 0.22750948 0.27816567 -0.06644217 -0.8282207 -2.267907
rickles -2.4813237 0.31415087 0.81217796 -1.8160553 0.24542011 -1.3901333 1.7383692 3.6360946 -1.0893503 -2.1006398 0.47859663 -1.5436434 0.13776647 -3.9903946 0.39449397 -0.36819553 -0.027105106 -0.59706783 -0.55440843 -2.1514173
blooper 0.05121938 0.37242582 0.47796646 -3.1885104 -1.8543745 -3.9229941 4.1081533 2.4223306 -0.5477583 -1.347193 -0.8452891 0.24085219 1.4736655 -2.8293161 -0.565255 -0.8703807 1.757853 -0.88169944 1.3648083 -2.5979352
sleepover -0.90822285 0.8242187 -1.113976 -2.5173151 -0.007858608 -0.0023752109 2.0181751 2.000751 -2.1668324 -3.880408 0.014093192 -1.9855868 -0.65568155 -2.6719496 0.42796585 0.13829514 2.346653 1.7700276 -0.51319426 -1.7073103
capn -0.9748113 0.9963765 -0.069568805 -3.3955057 1.3177215 -2.211122 0.65585464 1.4356546 -2.393339 -2.0377383 3.068447 1.6114916 1.2268125 -4.689554 -0.7135176 1.5745622 -1.577362 0.04442181 -0.01607306 -2.1587784
dumber -4.1573105 -0.017289048 -0.17466645 -3.0723457 0.64497006 -1.6807786 3.6282096 2.1831932 -0.963808 -3.2213483 0.062736265 0.80244666 -1.2303743 -3.7795172 -2.6030066 -0.74985135 0.7618864 1.5846628 2.2491775 -2.3497264
stakeout -1.0159624 0.07635374 -0.05630087 -2.0788293 -0.51146954 -1.5727881 4.1525702 1.7495197 -3.3281348 -1.8146831 0.19759017 -1.8593414 -0.30998793 -1.6628919 -0.7694797 0.9909724 1.1929725 -1.1959761 -0.21780089 -1.1472131
cuddly -1.3447382 1.2739983 -0.93284607 -4.0076385 0.5270572 -0.13747638 3.620528 1.3273013 -0.890549 -1.8270593 2.3633332 2.6988564 0.57517517 -1.9955026 -0.84995 0.94137555 -0.27532318 2.2364976 1.5776284 -2.8839374
flatmate -3.9617646 1.0852572 1.2814913 -1.6321163 1.1779947 0.060532145 2.0267582 2.9831786 -2.3039052 -2.8940883 1.6795757 -1.1832197 -0.72421604 -1.7360944 1.7158926 0.4245712 0.29879612 -0.054005302 -0.4069703 -1.9662122
frenchy -1.1539048 -0.18290293 -0.3943762 -1.8839393 2.3067656 -0.9399415 1.6422303 2.7002707 -2.9845588 -1.8594104 3.7184677 -1.1666403 0.8541706 -2.0729496 1.325992 1.3144935 -0.0546941 -0.097710006 -1.968349 -1.0688701
giggle -1.0923568 0.61868703 0.2175709 -2.524811 0.66034496 -0.7809868 2.9800544 1.7631592 -1.4414933 -2.333186 0.99998146 0.8781189 0.28971887 -2.686432 -1.8675146 -0.117600724 1.4565043 2.509577 2.0716336 -1.686818
boobs -0.82934767 1.2782431 -0.08020797 -2.9917207 0.067101516 -1.0159974 3.000148 1.4448496 -0.9725842 -1.427225 0.8153908 0.71950734 0.11738054 -2.767776 -1.194899 0.4900048 1.0437601 2.61301 0.21369472 -2.1688962
cubby -2.333557 1.2624124 0.54575735 -2.9371474 0.3330569 -1.2515714 2.3312986 0.7295008 -3.2853959 -2.108461 1.8546425 2.009608 0.8376008 -2.140945 0.6093998 -0.10581392 -1.2915684 0.055690996 -1.0679848 -1.504931
doggie -0.5242499 -0.04303747 -0.69592303 -3.5669162 1.3333653 -1.0895395 2.4529119 0.88886636 -3.8541226 -2.1694217 1.6158494 0.4587401 1.0432316 -2.4723942 0.4772525 -0.5700216 0.8359664 1.6927992 -0.024549935 -1.6660678
bitty -2.8178098 1.1881984 -0.7184873 -2.746681 1.3552796 -1.3332618 1.628558 0.7060441 -2.7884297 -1.7264405 1.9496542 1.2838047 1.2195878 -3.2616265 -0.86808926 -1.5173438 0.39711845 2.5995688 -0.6814871 -2.4965522
tyke -2.2295675 0.4984366 -0.076101065 -1.4745265 2.0963893 -1.2271056 3.7381673 0.23135164 -2.301369 -1.0890435 2.004941 -0.55366087 0.26062888 -2.232371 0.24766523 0.24235813 0.72568005 0.7995201 1.4441202 -2.460445
sweetie -2.156093 0.05619032 -0.3173981 -3.246022 1.211752 -0.46101308 2.0414715 1.1986833 -1.9981709 -1.5359554 1.7879245 1.671416 0.32408592 -3.020548 -0.19467786 -1.7496234 0.35615778 1.4365698 -1.1920618 -1.8368579
fatso -0.9773934 -0.31466573 0.24589978 -2.8830764 1.1887139 -2.0811536 2.9019053 2.001646 -1.843877 -1.7437311 1.400578 0.74890995 0.19271362 -2.4359615 0.5868192 -1.0360612 -0.33112994 0.979101 -0.7517006 -1.891215
bellboy -2.3502192 0.333105 -1.1004989 -2.566468 0.38993686 -0.27572212 2.9172368 2.1736178 -2.468354 -3.0469484 1.7381461 -0.31969675 -0.15637156 -0.67464745 0.57787865 0.4565339 -0.054698877 -0.45889658 -0.34171095 -0.6741494