Centroid_11 0.3036060355841155 -0.30892338530505414 -0.3550297812480146 -0.6204086823212994 0.0786359668122744 -0.42605480323465716 -1.0936641987761728 -0.10372976131768946 0.7020622970880865 -1.7701504642296015 1.1609380900931414 -3.5825406066425978 -0.5628856804729246 0.6220308358303245 -4.006212579492421 2.945280203660651 1.6937466452238261 0.2911422690425992 3.5355871701996384 -0.5286075281068595
began 2.5457957 0.57662344 -3.9578729 0.61167747 -1.5820265 -1.0837152 -4.971173 0.8151638 1.4380529 -9.826659 1.9163504 -4.269497 1.1978168 -0.38217852 -2.9396536 3.9360194 0.005191447 -3.804386 5.7249327 4.4879756
left -0.9066347 -0.37784982 -1.3536781 1.575964 3.1380746 -3.8231175 -2.854099 -0.50642276 -2.3955266 -4.441527 2.2059994 -8.641592 1.1097113 3.022839 -1.4470397 3.3995779 2.566247 2.082259 3.4600866 -0.34753898
started 0.7371104 -0.975606 -4.1245694 -2.2537553 -1.1746539 0.037785828 -6.6073318 0.835399 0.29716477 -8.094762 0.35548276 -4.6893444 1.7882533 -0.9156299 -0.5738651 1.9040956 1.8951102 -2.182816 5.2705026 3.2975724
came -0.44089988 -2.1787012 -3.9983392 0.025558094 0.7416334 -2.8940604 -5.1972914 1.0766158 2.8353112 -3.7716062 0.60713106 -5.47579 1.597305 2.8400054 -4.915286 3.687185 2.2808683 2.4859939 2.8476026 -0.91095304
continued 2.6755404 -0.459681 -2.4987142 2.2405596 0.46342382 -1.2656417 -3.888458 0.16676706 2.8803656 -7.6305933 3.1878843 -3.1706471 -1.5666157 2.8780642 -3.1323223 5.097526 0.375065 -2.4636657 6.1960106 2.4778707
making 2.1399162 0.6825279 -1.9516628 -3.6630085 -1.2364897 -2.0208435 -2.4454553 -0.14822927 2.2865372 -3.4107347 0.04948043 -0.1261841 -2.1452966 0.7062336 -3.0089087 5.1114116 2.7972531 2.8238437 6.7966537 -2.070833
despite 0.8194571 0.3593934 0.24602354 -0.3026236 0.7328077 -2.1415622 -2.3825035 1.367228 4.379729 -0.9694308 1.5062153 -4.428663 -5.0852985 1.3512506 -4.33751 6.8747497 2.5222855 1.239455 6.320267 -2.5941944
followed 1.2423912 -2.5853758 -2.260388 -0.8221963 -1.3901284 -3.7562132 -3.1660218 -0.05631363 3.062733 -4.161235 -2.3549163 -4.46449 3.7488828 1.780028 -3.7921188 1.1571091 2.4388046 1.1107152 2.1551769 -0.7313329
remained 1.8574064 -0.92469895 -3.666605 4.567644 0.6024151 -2.7148135 -3.9430568 -1.9628239 3.1378295 -4.1004376 2.1596045 -4.834131 -0.6635227 6.6404834 -2.029207 2.3686771 -0.7416972 -1.950821 3.937645 -0.3923414
close 1.5671259 -1.5096493 -0.42105827 1.6018392 2.7750595 1.7161754 -0.36572528 -2.5778344 -2.6346812 -2.299787 3.4973893 -2.214233 -2.0749729 1.6754093 -3.107704 2.906353 2.7186823 -0.10890564 2.5717778 -1.8506479
saw 1.0996727 -0.8177377 -3.129889 -0.42817637 -0.290657 -3.2426133 -4.0224805 2.8415082 2.6213968 -3.417103 0.7238576 -5.3447337 0.67972445 1.9267454 -4.773796 5.313517 2.4580312 1.1140066 6.0775065 -1.947073
taking 0.5230955 -2.5823953 -3.3570943 -1.6596291 -0.22563666 -1.860731 -2.0948932 -1.4954007 -0.4433178 -4.3379745 -1.7951031 -6.068625 -0.89483476 2.7085865 -3.8085887 7.2150965 5.319504 2.3074107 3.9867353 0.23708604
towards 2.387163 -1.393447 1.2367226 5.113344 2.934452 4.156538 -0.9768929 1.4739445 -2.339354 0.52788496 3.7704391 -2.681182 -2.9605484 0.017861992 -7.102849 2.1193295 3.51137 1.0136238 7.818141 0.03276885
becoming -0.39406013 -1.9584992 -3.0693996 1.1689273 2.6247969 -0.14960496 -4.1607127 1.5508702 3.5971987 -3.2566311 2.1716988 -0.60656756 -1.4397311 -0.4357241 0.34511465 3.9055252 -0.14085366 0.22047654 4.518306 0.66137856
fall 2.6878054 2.0177069 -0.641015 0.7073045 0.9865589 -2.7363026 -0.52969843 0.31645957 0.73381543 -3.0479183 4.0542355 -3.660536 -0.41084594 0.16082427 -3.9988499 0.4172943 4.8684196 1.2066134 2.5816586 1.2704135
turned -0.8701592 -0.96194154 -3.037747 -1.398631 0.9186498 -1.4625564 -1.7674528 0.3670921 -1.0778333 -4.6765327 1.226635 -6.444902 1.3002526 1.583038 -4.155175 5.889516 0.57610285 1.1993542 4.3368196 0.013321709
moving 1.6765512 1.1888665 -2.8544679 1.7750077 0.55971426 -0.30504718 -3.7880094 -1.3206769 -3.1568928 -4.3570547 2.6802025 -3.0161054 1.9257512 -0.5757522 -3.799594 1.8763175 2.8928266 -0.12887698 7.533186 1.2232664
reach 2.8319287 -1.1176357 -3.501246 -2.0472624 1.3650999 -3.1899676 -3.5288696 -5.7360954 -1.5757105 0.836157 1.4766849 -2.0264802 -2.5278397 0.19371049 -5.275211 3.535401 8.321159 3.6793735 6.246679 0.39584333
coming 1.3078208 -0.47516343 -2.3351483 -0.84357065 1.6196432 -2.8342524 -3.7406368 0.55485857 1.0234312 -3.548193 2.3222165 -5.385661 -0.746354 0.3659714 -5.207676 2.374091 5.370442 2.8445704 4.0901585 -1.6779752
kept 0.114842616 0.60405064 -3.1972 -1.6146632 -0.5515395 -1.8489093 1.001536 -3.731908 0.6477207 -5.19816 -0.34617653 -4.0406117 0.35600117 5.2973194 -2.9139686 5.146983 2.0263274 3.757199 3.209033 -0.623546
returning -1.2650914 0.8473898 -6.401328 0.724036 1.4343129 -3.4167633 -3.6610477 1.0203607 1.2998211 -4.842595 4.890142 -6.6957874 0.23272943 1.4222882 -1.8037847 2.4055011 4.6622977 -1.8155854 1.8684705 4.0824494
begin 4.9481807 0.285834 0.44146392 -0.42156386 -0.29814076 -4.2691216 -0.2200878 -1.2487862 -1.5772558 -7.1796904 1.6706269 -3.9150906 -1.7344532 1.141756 -4.5639024 4.5364585 5.578865 0.78217506 4.438524 3.9460783
ending 3.6078846 -2.5361092 0.9633413 -0.91317344 -0.08781666 -5.7554927 -2.168981 2.5428975 2.0031457 -2.0478098 0.29133445 -4.0597687 -0.45325434 0.5037472 -6.0901527 0.101812795 6.1423464 1.2705258 2.6687956 -2.2187972
proved -1.2159841 -2.116489 2.302903 -2.1494875 -0.75790185 -0.931409 -3.3413854 0.40376103 5.0002365 0.3100468 0.93120193 -3.051871 -0.6676599 4.1352973 -5.5723295 8.046261 0.2196471 -2.2068846 8.247191 -3.2967718
passing 0.25543576 -0.591007 -1.0788137 4.25222 0.8574186 -2.719645 -0.7041539 -3.8204367 -3.64547 -2.0672128 -0.1177316 -1.3318406 -1.1477741 0.5312313 -3.786025 3.735982 4.8047647 -0.32170272 3.185003 -2.042798
toward 3.2421322 -0.5098384 1.8431557 5.8253307 2.9986072 2.5782385 0.18137695 1.0425959 -2.4204245 -0.69265133 3.8159046 -2.36568 -2.337689 -2.366469 -7.817514 4.251152 1.9777825 0.87390995 6.6922565 1.4327692
apart 3.0497408 -0.23994622 -0.34344673 -0.27977136 0.7861586 1.4152414 1.6755911 -2.2543888 0.8906257 -2.8433907 1.5388656 -0.88246864 -0.8025204 2.2621021 -2.3647254 -0.07439583 3.1157305 1.872566 5.0543604 -3.3096938
whilst -1.5367498 0.3910214 -1.6959515 0.574674 1.8475031 -0.11082624 0.15783818 1.1015992 -0.64910805 -2.1774206 3.080971 -0.74537295 -1.4307762 2.711804 0.6711362 1.2843046 2.87826 -0.022439182 5.3395305 -1.534826
experienced 0.41789952 -0.11860033 -2.1237094 -0.16553546 -0.07109286 2.413465 -3.382958 -2.8981347 5.2098875 -2.8495455 -0.20895319 -6.596864 -2.017838 -2.429227 -4.1520414 5.069745 0.65789795 -1.9578898 7.563894 -0.49268028
stopped -0.40891463 -0.5115876 -2.3267686 -1.814428 0.37016064 -5.2506638 -0.006043248 -0.8010737 -2.2220156 -4.2527533 1.9642246 -7.1217647 -1.3553109 3.180209 -4.28428 2.1703062 2.411359 -1.1077839 4.738414 2.3894663
continuing 2.674553 -0.12850645 -0.8256616 3.0370774 -0.8078908 0.58281916 -2.7451527 0.043830406 0.5045924 -4.898339 1.0451037 -1.4084902 -2.452557 -0.04426266 -4.4170594 4.4047437 1.4218562 -1.8293489 4.497614 2.2190382
entering 1.0073258 -0.21067733 -3.8847992 2.013272 0.8544349 -2.7471051 -2.4297974 -3.085787 -2.431632 -2.25558 0.37586167 -3.3343792 -1.9137789 1.3355091 -2.6941237 3.2982955 3.7415667 1.9547564 2.980407 2.3986998
huge 2.8763442 2.8888729 -1.6429273 -4.3975916 -1.86864 0.84127665 -0.03871496 0.007093977 -0.344896 -0.04293611 3.0577567 -1.1021932 -2.444312 1.4611993 -5.157269 1.3082676 1.5156075 1.6051717 5.9958496 -3.3862965
rising -0.16952376 0.20099133 -2.9232616 1.7165116 0.19716209 -1.3933148 -2.1645443 0.13908423 2.613354 0.92954504 1.2249075 -1.2687118 0.49322614 -1.2682098 -6.0646906 1.5488737 2.888024 1.1404111 5.030017 -1.395818
bringing 1.6491071 0.3413405 -3.8512802 -1.7157625 -1.0476258 0.5935977 -1.7094947 -0.21308258 0.48906612 -3.530754 -0.5942302 -3.9381638 -1.2054489 0.5451997 -3.7389324 4.953364 0.08143481 2.7340672 4.5468817 0.24555303
turning 1.4045225 -0.6787054 -0.41032106 0.61295545 1.5383359 -0.6604677 -0.9890212 0.7363446 -2.892069 -2.050084 2.409789 -2.7302477 0.84108305 -1.280751 -6.136292 4.623491 3.5129592 1.2397006 6.458442 -1.7230978
begun 3.0018392 0.6719955 -1.0267179 0.75235635 -2.9865375 0.44329923 -2.7544143 -0.29163626 1.8707187 -6.2915893 0.8981666 -3.381249 1.1549138 3.3957107 -4.974294 3.3729863 -0.891383 -1.9988705 3.1330655 2.638466
friendly 1.6926568 -0.90391743 -4.8383913 -3.6441047 1.8904954 0.8483885 -5.3023753 3.463092 0.5720029 2.2341282 3.3941572 -4.2459307 -3.6404786 0.011554439 -0.9079726 2.9563138 2.1113338 3.6925254 3.8269327 0.49428782
frequent 1.4799037 -0.7256407 -1.3801624 0.09519449 -0.6760429 1.910149 1.8075929 -1.7968725 2.2545784 -5.8881207 -1.6414125 -2.1801069 -2.6782851 -2.797894 -3.5395503 2.0149906 -0.53219515 -1.5373968 4.586721 -2.1833308
breaking 1.3354157 1.5785066 -0.08576969 -1.5536519 0.3095294 -4.8106723 0.936306 0.95313215 -0.20871453 -1.2416682 0.5941834 -4.382495 0.2368146 -0.41060373 -3.5049243 4.0403714 3.567743 3.4496899 4.9777603 -1.1688966
survive 3.2537754 2.0937912 -1.0604584 -3.2721305 -0.13075452 1.8208497 2.706441 -6.7403493 2.9362805 -3.9548266 3.8316858 -3.228704 -0.12294782 3.6091092 -4.73454 4.4557834 2.0230658 1.577741 3.2842822 -2.3236034
repeated 2.3348062 -2.4225776 2.2043853 -0.5280609 -1.0190164 -3.6925385 1.0475897 -0.40235668 4.574161 -2.0772505 -3.560066 -4.659961 -0.07427936 1.2712905 -4.7448826 3.0819547 3.7850764 2.4434507 3.90369 -1.9970276
thanks -0.011902397 0.07956842 0.6974593 -3.142462 -0.6653986 2.2747743 -2.66513 2.0556805 0.32438302 -1.9031396 1.3179132 -2.2041116 -1.0086505 1.5074358 -2.1954274 5.0714064 2.2443812 1.4729007 2.4369996 -0.35215265
looked -0.89476746 0.1804988 0.09794392 -1.2940959 1.5373119 0.17382187 0.9468213 0.2170764 0.8904972 -4.1142206 1.7214082 -2.3314776 -0.807257 1.1555879 -4.130839 6.79808 2.002835 3.1533263 5.3316135 -3.3553364
approached -3.4690359 -3.082847 -2.8812141 -1.0526756 0.40678862 -2.3568702 -1.2264807 1.9956197 -2.4967892 -5.0018024 -0.70502454 -5.666985 1.8558387 0.54479825 -3.5835905 4.6703515 -1.1547863 -1.1348826 1.7163028 1.3337737
recalled -4.8382955 -0.32581943 -1.2220762 -0.04684496 1.319708 -4.924135 -2.1484337 3.0598333 3.0465913 -7.448125 1.0343161 -7.6297517 2.3064628 1.0490887 -2.2129521 4.627632 0.67924494 -0.45086887 2.0821323 0.61320186
pushed 0.6895184 -2.0580866 -1.607759 0.87049645 1.2226485 -4.192885 -3.6378517 -0.73962724 -2.9957135 -1.1313176 -0.41812563 -8.401839 1.4443592 2.0103154 -7.151561 4.9730673 0.17768772 3.4395359 5.853137 0.1839166
putting 0.069914006 -0.41631305 -0.65340805 -2.6580017 0.31174058 -2.511822 -0.80351514 -0.276958 -1.3768158 -3.121777 -0.99479204 -4.6472464 -1.0476037 1.4462612 -4.075015 6.807148 2.3278215 4.7522807 5.682878 -0.890495
wake 0.6906556 2.202361 -2.3330953 2.4000394 0.13259237 -3.0725458 0.6614503 2.3929043 0.33658418 -1.1929277 2.6836717 -4.92438 -1.9490004 -2.549939 -6.0837507 3.0475788 1.5947839 -0.15117843 -0.08944899 1.7747589
sustained -1.0696895 2.1259375 -0.38982326 0.7274349 -1.5679158 -1.8640786 -1.3409398 -3.4148207 3.0067396 1.8525664 -0.5156793 -9.906057 0.11598508 -0.033859584 -3.6988146 3.9352527 4.038007 -3.061484 6.9023323 -0.0051210616
intense 2.5652418 1.9974186 2.287195 0.6630674 0.13593334 2.5683482 1.5610459 1.3895826 4.0055904 -0.593255 2.4680498 -4.715247 -1.018201 -3.7543905 -6.7016773 2.461467 2.0304291 0.0874659 7.882318 0.6325974
realized 0.2362432 -1.9018488 2.401845 -2.6153414 -0.24033104 0.96081674 -1.0051438 -0.8402849 0.12755628 -5.8273683 0.80816686 -3.3395774 0.031076124 2.7616284 -6.012019 7.0754085 0.9345057 1.1912377 3.765071 1.4113872
heading 1.4774828 -2.6331878 -3.3577175 3.3169484 1.6996619 -2.6365225 -1.9033755 -0.114594586 -5.158156 -1.2491102 2.4310606 -2.8941433 0.65368104 -1.0411559 -5.7205114 1.3981868 4.5433197 -1.8986596 3.0936978 0.07839507
travelling -1.0368845 -0.7880557 -7.143661 -1.2688429 0.6155703 1.7312217 -0.30685374 -2.524658 -1.0422622 -5.3652225 3.8663268 -1.2148831 -0.44049776 2.8159757 -3.7797933 -0.12159144 4.257362 -1.1847386 4.408372 1.4863017
unfortunately -0.06310268 0.85002947 0.9573774 -3.045449 0.48937267 -1.2714471 0.62187755 -0.29032028 -0.10390807 -2.2026713 3.6785543 -2.4164662 -1.867174 2.6284616 -3.3040285 4.0019956 3.5713809 -0.0057365005 3.4629061 -1.4427694
struggled -0.04698817 1.971913 -0.5487376 -0.8684867 2.2940633 -1.7532682 -6.7340884 -0.59769624 1.5765793 -3.8964963 3.9132817 -7.0807114 -3.107837 -0.5978792 -1.2204924 8.47938 3.2220888 -0.598376 8.235323 -2.0010526
shortlived 2.3017447 -1.8087941 -1.355714 -0.54856384 0.5014404 -2.2783566 -2.9726999 4.1719823 1.8351057 -2.4575448 2.7381783 -1.2748746 0.562688 -1.0489007 -2.9703665 0.23464647 -3.6033762 -1.9370577 2.0413442 -1.1485468
guided 2.5726867 -3.2271957 -3.738464 0.071689084 -1.0158594 1.0309135 -0.53588784 -1.0419152 -1.073246 -2.8050284 -2.6142228 -2.4294505 4.082018 -0.98198515 -0.5325268 5.786049 2.622861 -0.5723704 2.8664222 2.457576
lasting 3.0583398 1.2685325 0.92760754 0.009954141 -2.1542063 0.5555777 -2.4306457 -0.34344754 7.6340413 -3.565305 0.8432138 -3.879529 -0.9894936 0.9025125 -4.8541555 1.7004784 5.1644917 -0.53585327 4.19491 -0.28820896
spite -0.45453838 -0.26122198 0.9776113 -0.09850762 0.095075585 1.4032848 -1.4210044 0.6377697 4.048241 -0.57457364 0.73149323 -3.9691365 -3.5072196 2.4856598 -4.708155 5.3756623 1.3382163 1.36895 3.9351792 -1.9487752
witnessed -0.7800258 -0.27946025 -3.7516086 0.102795444 -1.4665338 1.2966087 1.0700278 -0.13674442 3.9453673 -2.7821949 -1.0600412 -8.624939 -0.15538633 1.5052648 -5.794693 2.3808358 1.2637404 0.31092688 -0.79171836 -1.0283629
busy 0.43780512 0.315519 -2.845423 -0.7607915 -0.41994154 1.5339804 0.24682884 -0.4480449 -3.6546612 -8.291308 1.7948549 -2.2629092 -3.156133 1.0497134 -4.140292 0.65306985 2.5310993 -1.5823325 6.351624 -1.6036854
bigger 3.6104267 -0.5933178 -0.6398718 -4.5929112 0.6795229 -0.120605916 -1.4339724 -1.4352294 -1.8563081 -3.5494313 2.601269 1.0049933 -2.2683115 0.8490231 -3.816942 2.7704859 1.8637726 2.4452472 7.70756 -4.1295567
interrupted 0.0014308468 -1.3858885 -1.1678845 0.70917463 0.24329357 -1.3807765 1.1474788 0.20364596 1.1370591 -5.1280866 -0.58580536 -8.258179 2.6778808 0.14603281 -4.709828 3.2794425 3.6610427 0.22166286 3.3536384 1.9643915
strongest 4.4995294 -3.8805034 -1.2377106 -0.9558979 2.9612632 -1.4638522 -3.5525959 0.51614827 5.84892 1.6902719 1.7158715 -0.26609427 -0.9532314 -3.1219969 -3.6400743 4.378923 2.4587326 2.643591 3.467313 -3.1973982
dropping 0.4340567 -0.45738947 -0.6185155 -1.3399473 1.0282563 -6.303298 -1.6261277 -2.4132707 -0.79939014 -0.74083436 -0.14796795 -4.246985 0.01179512 -0.10887607 -2.1661232 1.3263211 4.6622453 1.5153444 6.0127907 -0.6881521
struggling -0.8130983 1.7324075 -0.93252754 -2.76375 2.2632828 1.6298515 -3.1777046 -0.047160525 -0.58089757 -5.658422 4.3582697 -5.197229 -4.8624496 -1.4740963 -1.4739457 6.963127 1.5082471 -0.40418625 5.6191955 -1.4177605
approaching 0.7467254 -2.4636698 -1.2726932 0.99900794 1.7968053 -2.4860306 2.0313818 -2.4814112 -1.6727805 -0.6361348 2.791129 -4.2106876 0.04078684 1.5075531 -7.658555 2.2567203 4.7135296 -1.2757822 5.2776055 0.11648955
progressed 2.2533214 -1.9626532 -2.0598433 -0.08050057 0.01918984 0.0863231 -6.317373 0.119588755 3.5510666 -2.995979 0.5704895 -4.7261057 1.8831085 0.8352554 -2.207109 4.006048 4.201768 -1.0222632 8.169041 -0.85874605
ensuing 2.6882918 -0.8745764 -0.3571115 1.8392442 1.5705589 -4.50582 0.7302542 0.51606804 1.1299193 -1.3034344 3.2832646 -9.10769 -2.6931052 1.8616817 -4.568946 4.541417 1.5624219 -2.9682157 1.549559 -1.7948543
anticipated 1.7259051 -0.061569594 0.39667138 -1.1134099 -3.2710752 -2.6382215 -3.783089 0.33613324 3.0146375 -1.8081967 -1.1330994 -2.724627 -1.1729562 1.6944907 -6.3676186 4.643887 1.0649171 -0.71375924 5.449773 0.6905743
pushing 0.90411586 -1.4755203 -0.33677495 0.13191253 2.259608 -1.7976302 -0.7254716 -0.068973824 -4.191658 -0.7663049 0.2057994 -4.511241 -0.55106354 -0.34771025 -5.207035 5.327353 0.26337928 4.112202 7.483076 -0.38919792
cope -2.905713 1.0641093 2.1746972 -0.9271573 1.2234066 1.7197101 -0.33123016 -2.8531203 -0.38982362 -2.73297 2.568074 -2.8448071 -3.1222398 0.067893796 -2.2226102 6.26103 1.0760484 -2.0615735 5.4944944 -0.91037166
emerge 4.3827195 0.17768297 -0.20679568 -1.0393238 1.3697712 1.3786724 0.122799255 -2.8129246 2.8075674 -2.6898966 1.7818075 -3.299012 0.83293355 -2.1156027 -4.492317 2.913328 0.9789512 3.194369 5.048809 -0.15219662
experiencing -0.067763574 2.6822934 0.6473094 -0.71429497 -1.8155795 3.7145338 -2.5011694 -3.284523 3.1821632 -3.074651 -0.8637748 -6.9101295 -4.1664023 -4.718351 -7.328831 3.2243311 1.8567953 -0.1481219 5.425053 0.35832888
concluding 0.9514847 -0.39240342 2.590622 -0.46384636 -2.5186176 -3.0266893 0.080537446 2.299276 3.797715 -2.4019682 -2.5094597 -1.3839381 0.15015689 -0.31443435 -6.379173 3.3247817 3.580928 2.453587 0.9709506 -0.77432823
realised -3.0411584 -1.9604533 0.88501614 -2.05876 -0.4220402 1.4009728 -1.6973636 0.021293037 0.809642 -4.258292 0.74879724 -3.0975566 -0.2549176 5.609621 -5.5768905 5.2574577 1.0943936 0.854193 5.3949294 -0.5835342
culminating 3.7362094 -0.705721 -1.9592817 0.5509234 -2.840667 -0.5179241 -2.746017 2.335386 2.8834815 -0.7160529 -2.1479201 -5.661432 2.416652 0.22455141 -4.007591 2.658929 3.4861279 0.7601603 2.060487 0.13085824
dominate 4.553968 -1.9303019 -2.5074723 -0.8278812 1.8975905 3.2735653 -4.4424586 -1.443754 1.3359011 -0.3162927 3.122951 -0.41945174 -0.8966035 -0.4647495 -4.649012 5.016053 -0.50674385 2.3835099 6.215468 -1.9799259
midst 1.1533703 1.7028145 -1.8175436 0.7463051 -0.2517524 0.6094086 0.6184373 2.2624807 1.1628891 -1.2508754 3.040805 -5.854839 -1.4318784 -0.35290635 -6.78179 2.6262565 0.4656931 0.40249693 0.80369467 0.17774819
tremendous 0.2420685 2.457175 1.1945599 -1.752687 -1.1534122 2.3523686 -2.1383588 1.6083834 3.1117465 -0.2035729 3.139976 -0.77381456 -3.069889 -1.4699229 -5.3672256 5.800478 2.9743764 -0.5424508 6.4978294 0.015379552
exhausted -0.5033397 0.67506915 -0.05026544 -1.3236488 1.7612885 -2.421249 1.0752969 -4.266783 -0.22881982 -1.1527693 4.6809506 -5.4298882 -2.0905833 4.964728 -5.1697493 4.083006 2.0124598 -0.025299327 5.301259 0.78984463
contention 2.5427372 0.2375898 2.135797 2.0472891 0.8715359 -4.0239553 -2.3353374 1.3731335 3.2404118 2.9273715 1.8874211 -1.975034 -2.8649087 1.5173886 -2.3830073 5.9039154 4.048034 1.209507 1.3623809 -3.4328861
slowed 1.148301 -0.44461834 1.4205363 -1.1103133 -1.367381 -2.3208234 -4.4776797 -3.0046847 0.609954 -1.0815394 1.0244448 -6.9417987 -0.05971559 0.8870629 -7.705931 2.2883344 1.5998027 -3.8253076 10.500873 0.25903067
destined 0.389873 -1.1697731 -2.3371682 -2.6005416 0.94119745 1.1412925 -0.20823483 -2.4829953 1.0673473 -2.2584062 3.8943865 -1.4334273 0.11717552 3.7850726 -4.403068 2.8927643 1.1018608 1.1969903 1.1607144 1.8179172
sweeping 3.6599073 0.7755373 -0.95546997 3.1263866 -0.8209329 -1.2070758 -0.40194282 1.2105165 -1.1784694 0.86137223 0.6267825 -1.6076545 1.252479 0.040585853 -5.0295844 3.54272 1.2479113 1.0559895 5.205857 -1.267626
amidst 1.0379405 2.721488 -2.2371626 0.7493875 -1.6704924 1.7679709 0.13762698 2.4001834 0.43093535 -0.12266053 0.54488826 -6.633263 -2.4499824 -0.4030971 -7.39594 1.4788411 -0.39760193 2.1335235 2.9085014 -1.3510492
grounded -0.4094399 -1.546006 0.52740014 -0.11939034 -0.90760297 -0.4202744 1.1482041 -2.3170195 -0.12791398 -0.15829742 0.0019685498 -2.340087 2.7499144 -0.10771828 -5.912381 4.8927217 1.6086342 -2.0263684 3.583999 0.8531297
stepping -1.0218338 0.717241 0.49894917 0.6143112 -0.3441295 -2.650205 -0.1608027 3.1427877 -3.552844 -2.366874 -1.1006584 -2.918568 1.0361497 1.3743824 -1.0841414 4.161886 1.1828411 2.8888102 3.6071 -1.0130768
ironically 0.24272422 -0.17004855 0.3715092 0.22504745 1.1733873 -1.8511589 -0.11274114 2.909686 1.4287169 -2.2355409 2.6991007 -1.2080394 -1.7684041 1.1866364 -2.5844293 3.464846 -0.3701634 0.27040976 1.7347873 -2.5330546
endured -0.5511972 1.3221687 -1.9256445 0.29912618 -0.047137287 1.1294019 -1.8526379 -1.4978536 6.2699046 -2.2035441 0.45590296 -10.704388 -0.44216022 -0.2950291 -5.453706 4.0167284 1.5387698 -0.014858012 3.2546673 -2.8401814
dominating 3.7270846 -1.8900205 -1.7771372 -0.5607263 1.119601 2.281839 -4.3519397 0.22914444 0.6085073 2.03515 0.80256194 -2.401279 1.3048584 -1.7198381 -2.6270616 4.213668 1.5075537 2.231371 4.5906444 -4.080086
faded 1.104719 0.20185733 -0.687325 -1.2272146 -0.07647617 0.0737209 -3.0681524 0.79854375 3.0352404 -3.28783 1.6370062 -4.598295 3.3536358 1.36767 -6.9510946 1.8529443 0.8891984 3.1184726 5.65816 -3.8068576
overwhelmed -0.64339346 -1.9773358 -0.9519428 -1.0740869 1.844889 0.43459904 2.0153034 -1.5816207 -0.9562483 -1.6418451 1.3280704 -8.076712 -0.76119405 0.9250635 -6.824328 4.396349 0.68589467 1.1110648 3.879433 -0.50604177
abandoning 0.66669065 -2.2452662 0.4390379 -0.07727945 1.5187267 0.98826164 -0.13847558 0.036470536 -0.49195996 -3.014439 2.4132564 -4.145368 -2.0059228 3.287906 -5.3859515 4.882772 -1.1027801 0.9359861 2.5159862 0.7083392
verge -0.033302754 1.780838 1.5016272 -1.6422122 0.04012556 -1.7287453 -0.67308694 2.6708913 0.9190107 -0.3139034 3.9243274 -3.5704381 -2.3931394 0.64791274 -4.9294515 2.4818842 -0.43304226 -0.5765034 1.7132155 -1.1341609
turbulent 1.1014826 -0.44914746 2.4030333 1.3744226 0.1733269 3.7901022 -3.09769 -0.6202576 3.95663 0.1420879 3.427553 -2.5445008 -0.2735796 -0.25746465 -7.3207707 1.3340772 1.1986036 -1.9985727 3.6971846 -1.4520625
sporadic 4.98974 -0.6412806 0.11916936 0.21163028 0.09829917 -0.046672236 0.4532038 -1.5260985 4.554687 -1.7586572 1.1454021 -4.9652348 -3.011172 -1.6179632 -3.8889265 -1.1184734 -0.96385014 -2.6477532 5.8433332 -2.4974284
attaining -2.1890259 -2.7712698 -0.47529206 1.3719417 0.48699534 1.3244364 -4.5706277 -3.0546038 5.7511196 1.3999586 -2.1950624 -1.4874905 -0.17511286 -0.3645244 -1.6415734 5.105316 6.4868994 1.8667637 3.0867867 2.8161032
rested -1.6929301 -1.1250613 -2.706528 1.5338795 0.34307608 -1.4343202 -0.5324749 -1.7991816 0.29075283 1.4472232 -1.5477135 -6.26923 1.9826099 4.457789 -3.1879795 4.4113774 2.7266538 3.4923 2.5775652 -2.1010172
vanished 0.91823596 0.008924551 -1.2063253 -1.2057356 -0.3945032 0.5832474 2.4593081 -2.652811 1.2281028 -3.6986158 2.5052052 -3.345354 1.109738 2.9284532 -7.1350946 0.26659143 0.31785664 0.74915767 -0.39866668 -2.5647793
intervening 3.9320853 -1.4931792 1.0454915 2.0164845 0.29216304 -0.7760123 0.03165283 -3.509176 2.595793 -2.5189085 1.0671204 -2.6693912 -2.255008 3.1977026 -4.125325 2.1769693 1.3115404 -0.79164463 2.0299027 -1.5682606
wasted -1.7374259 1.4119008 1.7409332 -4.416 -0.8114105 -1.389805 -1.4924562 -1.0790285 0.7889049 -3.217947 0.87901396 -2.819918 -2.7033167 1.1284652 -5.2031207 3.7236416 1.7497327 2.299878 4.766821 -1.7153472
progressing 1.8651763 -1.6050301 -0.27023557 -0.089457095 -0.13940285 2.1088557 -4.8804092 -0.92797893 0.83791184 -1.1589848 -1.5030673 -4.3483496 0.6989351 -0.5329932 -1.5094562 2.9338572 4.483159 1.2834358 6.9199476 -0.08679991
fortunate -2.1367226 0.019587355 -0.078174606 -1.2625026 2.0284865 1.7818673 -0.69941324 -1.3629595 3.2426677 -4.150583 3.8443637 -1.4517608 -2.9463143 2.4926808 -2.431559 4.2964287 3.420045 0.39718053 2.3721383 -2.4786334
embark 0.17614865 -1.6158577 -3.9732742 -3.2754493 -0.5129062 0.018205158 -0.8514331 1.5047919 -0.12860091 -5.6652784 2.9706614 -4.414843 0.9864988 1.389553 -4.8083897 4.385629 3.2192836 -0.8636354 1.8044963 5.412654
coinciding 3.778427 0.12028647 -2.312148 0.50776464 -4.831216 -2.6922276 -4.4741282 2.158461 2.5072715 -1.4314723 -2.8711405 -2.3607397 1.2800964 0.41404396 -5.6802096 -2.0786223 2.4225957 1.2039589 0.9893732 1.6390654
inexperienced -2.6590593 -3.3363886 -1.0948546 -0.44767168 4.9652147 0.53012 2.6613328 -0.5938372 2.0039804 -2.1234431 2.7676032 -3.9949644 -2.703764 0.15993907 0.75722224 7.61056 -0.08026882 -2.0436845 7.968436 -2.9325154
culmination 4.6880517 -0.3793717 0.56283814 1.6724434 -2.902795 1.6135739 -2.12102 3.1019554 4.827276 -1.8757291 -0.6220407 -2.366113 1.574586 0.23754153 -4.338603 2.893971 2.7277498 -0.25825986 0.8818554 0.17765394
hardest 2.5024903 -1.3363152 -1.3920444 -2.914034 2.5403457 -1.8053659 -1.1002876 -1.0847752 2.6209688 -2.4620008 4.0179267 -0.5923688 -2.3455596 -3.082609 -4.103521 2.6736226 3.5369103 -0.7133099 5.0323715 -4.3402524
reappeared 0.20261562 -1.641687 -2.851693 -3.6416028 -1.5246102 -4.159314 0.35908315 1.5525372 1.9337662 -3.4959598 -0.8893575 -5.3653655 4.022668 1.3402601 -3.6927414 0.4019059 0.6735018 0.45103186 0.2112402 -2.033709
steer -1.9683833 -1.7308649 -1.0819967 -1.1089561 2.549235 -0.7125106 0.10211251 -0.4171595 -4.4848056 -0.6474452 1.9367814 -1.4918436 -0.26059583 -0.37767658 -2.1936474 7.63165 2.3750181 0.71997184 6.5360456 -0.44253582
doomed 0.3503669 -1.5835407 0.93935084 -2.5869722 0.8180139 0.12538362 1.4831592 1.2990744 1.4161932 -1.9337921 3.717881 -4.455661 -0.6447352 1.4072385 -8.092166 5.112417 1.8738024 0.13871431 0.79040015 -0.77371764
brink -0.0177467 1.8747681 1.2884051 -1.9075832 0.754363 -1.109432 -1.2337413 1.7456319 1.3450389 0.84468997 5.8867035 -3.8912916 -1.0617934 -0.21348588 -4.514847 2.7927885 0.36148006 -1.5849113 -0.124334544 0.30440167
endure -1.0771309 0.9488302 0.06209327 -1.785976 1.2611986 2.5601957 1.5015823 -2.6546488 3.1277905 -2.7442346 1.9201614 -6.4138975 -2.5291634 0.8641546 -6.138872 5.608501 3.3596861 3.6909213 3.9888256 0.37772796
fortunately -1.7358854 0.27152622 0.5288045 -2.0164535 1.1950366 -1.1103741 2.7420084 -1.5632387 -0.7721662 -2.4796128 3.7249675 -3.4691133 -1.4363232 3.1720748 -3.5274298 3.300068 2.1440802 -0.9431298 2.550417 -0.5627935
disbanding 3.452207 -0.4030267 -0.031554922 0.5874262 1.3563803 -6.4403396 -2.6991231 4.0493493 2.4118378 -3.0931687 2.0511525 -5.7877374 1.4185559 0.89881396 -0.48238364 -1.0728016 -3.3498654 1.3212348 3.211354 2.1106162
drifted -0.99900234 -1.1045752 -2.124887 0.5660834 1.9878844 -0.5843947 -2.0725057 -3.7001097 -0.7907079 -2.4761953 3.0038652 -7.555782 2.6952283 -0.7649707 -8.162525 -0.66075826 1.0790544 -1.1290257 5.9073505 -0.70570624
encountering 0.513047 -1.6077696 -1.2441807 -1.3643316 0.8979917 0.9955233 3.5451822 -2.2937353 -0.2589517 -0.12172567 1.733626 -5.365481 0.53152436 -0.4769915 -7.3524723 3.1928632 0.52345645 -0.38320345 2.9861357 -0.71821105
nearing 0.45556483 0.9850913 0.119974025 0.96612924 -2.6938481 -2.7494915 -3.4046288 -1.8652661 1.2002553 -3.3388271 0.70442367 -4.815873 1.052807 2.6161182 -5.1990385 1.9121414 4.0376377 -3.3315978 1.8927921 0.9538894
regaining -0.95091105 -1.54942 -0.27827334 -0.034215398 1.5621011 -0.37699676 -3.8162963 1.1717993 -0.2756195 2.4756875 1.3246808 -7.0718813 -1.1840848 2.2216046 -4.0795817 6.4195886 3.694535 3.162079 2.047728 1.2079135
shook -1.2977369 0.1303181 -0.85991234 -0.38870853 0.93898296 -2.4089365 0.7187526 1.8556206 -0.14099978 -1.3188004 0.3983987 -7.534083 1.7622375 0.17831154 -4.8204503 1.636813 0.6207491 3.2327883 1.3528734 -1.0362252
embarking -0.7658648 -0.9020097 -5.072743 -1.0396391 -1.330363 0.20140208 -2.780967 0.49302638 2.3719635 -4.619763 1.4874886 -4.498369 3.0180357 0.2510933 -3.4675314 2.1726224 2.1629899 -2.492402 2.5452864 4.569221
stormy -2.2457607 0.6673039 -2.1584847 -0.16465178 0.7800407 -0.75747275 2.08483 -0.01445114 2.2285779 -2.930507 3.2814178 -3.520091 1.6689147 -2.7747912 -7.266487 0.32581455 4.273181 -1.560188 2.150482 -1.6027417
aborted 1.3442591 -1.1477574 1.565566 -2.938357 -1.6168388 -4.190238 0.71404 -0.88828677 -0.22690639 -1.6936729 -0.22915274 -6.5268545 -0.14972197 1.7032641 -4.846277 1.6393952 1.0521002 -1.3759491 1.0893204 3.1495404
hopeful -0.4880324 0.54887635 1.0514146 -0.13597037 0.9059536 -1.2310141 -0.7148387 3.2095993 1.2417855 -3.0622218 1.8945338 -1.0036271 -2.2496808 -1.472028 -4.594696 5.17033 2.6442342 2.6052759 1.3599874 -1.3132449
accumulating 2.3755574 1.7960131 0.07443374 -3.7949855 -2.6450846 -1.2125562 -3.4123676 -5.8947 1.8882432 0.32385892 -1.2790494 -2.975311 -0.7689157 -0.75807375 -1.862488 3.8322492 2.4744384 0.07620206 3.6203582 -1.5251503
transitioning 2.5291727 -1.3771595 -0.014617688 0.13924757 -0.17687725 0.071912594 -2.4166431 -1.0743924 0.17708704 -2.674368 -1.2382735 -1.3599318 0.51997674 -4.2076516 -1.0114759 3.0634499 0.11186376 -0.8001168 5.295288 2.8545709
resurfaced 1.9380214 0.96006745 -0.6552504 -0.4171373 -2.5980806 -3.4327116 -1.4579282 0.50594604 -0.67216665 -2.7776778 -1.4985119 -5.496673 3.012273 0.28614125 -4.748546 0.96654075 -1.6881505 0.30180985 1.619536 -0.97362703
shutting 2.2245007 1.0792607 -0.5107149 -1.2919401 -2.331414 -5.0796227 -0.6933417 -0.5853466 -3.8916862 -2.2767186 -1.5193988 -4.460432 -2.8849232 0.26035553 -3.3375003 3.0208952 -1.437611 -0.04639056 3.5955725 2.409872
parting 1.055016 -1.1895391 1.9654359 -3.8745637 1.7021097 -1.843397 -0.79255277 0.27642852 -1.0379604 -6.3767934 1.9707597 -2.2067478 1.5363078 0.6605967 -3.6946146 4.126869 1.1315446 4.4324403 0.35270193 -0.7201722
capitalize 1.6940796 0.20595129 -0.46331733 -4.91439 -0.91877514 -1.5706838 -4.6144013 2.4272442 -0.7208548 -2.8255496 2.176746 -1.432355 -2.057268 -0.9058823 -5.3218 8.2976055 -1.7217327 1.4427625 4.724324 0.46299532
resuming -0.23214762 -1.8399385 -1.3567634 1.2082618 -1.00276 -1.9504781 -2.890116 -0.1957368 0.0026377584 -4.03199 -0.37879905 -5.476913 -0.17846008 1.1593019 -4.10632 2.1556942 2.322299 -2.7606647 3.0055182 4.0669813
uninterrupted 4.717238 -0.058640923 -0.2933559 2.0263631 -1.7715147 -0.10976868 -0.42715323 -0.97349364 1.0745381 -2.5932324 -0.023466192 -0.5935238 -1.9302818 1.7758058 -4.0670905 -0.75446475 4.227299 -0.115176775 4.59863 -0.49266583
troublesome -1.4863864 -2.035456 1.4987956 -1.3806349 2.0706174 0.6172582 1.6394842 -1.9229771 0.9525859 -1.2462558 2.4357455 -1.9804025 -2.41237 2.0380383 -3.2556608 3.794092 -0.43366855 -1.2641306 4.1622944 -2.9128163
signaled 1.0682108 -2.3377662 0.17071716 1.1866815 -0.45493189 -2.8634129 -2.1141875 1.138315 -0.06655749 -0.9332306 -1.2425531 -5.4449525 1.5382568 0.96277446 -6.7560143 4.4898143 0.11903355 1.1224127 3.2325695 1.4517431
anticipating 1.0802776 -1.2672957 0.82940656 -0.22664393 -1.1599253 -0.434717 -1.4680777 0.21357946 0.74170154 -2.2971401 -0.054395784 -3.4021773 -0.3259239 1.7783002 -5.9035497 5.101061 0.5838334 0.23539972 2.7755272 1.3413758
contemplated -0.8155305 -1.0760705 0.86444104 0.64526486 -0.9807059 -1.248463 -1.5718083 0.060321707 1.0305375 -2.4722927 -0.44895357 -3.7631395 -1.2347127 3.9340973 -4.160857 4.832248 -0.28155267 0.33851326 1.1563293 1.5759776
awaited -0.3657319 -1.8673227 -2.806743 -0.4839557 -0.8527551 -2.0065548 -0.30454206 0.077767715 0.5102426 -2.7665792 -0.16822433 -6.43191 0.65715104 4.291266 -5.9314904 2.4871595 3.1353273 1.2490997 0.506841 1.564158
surpass 0.3652377 -1.4085288 -0.36133137 -4.433103 -1.3489196 -1.5365458 -5.3489594 -1.9476901 2.2529237 -0.5677079 -1.2383994 -0.45746067 -0.6940127 0.00649298 -2.852216 4.845484 4.3121057 1.7913845 3.2512763 -1.3488513
quitting -2.899913 0.3654375 1.5476528 -2.0111713 1.8729762 -2.1423824 -2.2621307 3.3478458 0.43937173 -6.708693 1.4977629 -4.644619 -4.031617 -1.935338 0.12989378 4.2027483 1.4923931 0.17605431 4.5287952 2.2632434
tumultuous 1.4292824 0.324296 0.74113727 1.4702954 0.053727306 2.0284781 -2.632438 2.8494418 5.166998 -3.4694896 2.2436497 -5.122429 -2.184713 -0.98329484 -4.5893574 1.9626017 1.0848383 -1.1640964 0.15466021 -2.7125995
dismal 0.954491 2.762008 -0.45599675 0.24038027 -1.1641409 -1.8509417 -2.761701 1.2968231 1.9101547 -0.14481515 2.4009876 -2.3053067 -1.6574754 -1.8830903 -5.105753 3.4127362 3.091944 -1.3174962 3.763233 -4.1078916
circulate 2.2078373 0.74477625 0.0857691 -2.5213192 -2.4074347 -1.8399798 0.82809204 -1.8119699 1.6772121 -4.103261 -0.102352485 -1.3115548 -1.8666861 3.1785922 -5.499319 0.10771995 -3.0601487 2.3179805 2.8831186 3.2410984
plunged -2.5784984 0.40036488 -2.211706 -2.1523867 -0.85825044 -0.3992275 -1.8973897 -2.1543357 -0.1603547 1.4863505 1.136585 -7.413679 0.71367645 1.5384498 -7.5707793 1.7265549 1.3750105 0.38910824 2.6184287 -0.5948041
relieving -2.9403262 -0.94328785 0.41428763 2.8804133 0.6111844 0.17443036 0.16382167 -2.3432705 -1.099697 1.5584546 -0.4906561 -6.3633585 -0.77420324 2.3747947 -2.96601 2.8709295 0.6773562 -1.3857762 4.4174776 2.519771
shorten -0.2846202 -2.4863567 1.9875267 -0.42111146 0.40369713 -2.7166665 -1.6659671 -3.4494665 -1.5327739 -3.7583742 -0.8950889 -1.3179586 -1.4657851 2.2905188 -3.7965865 2.929398 2.4018204 0.6860241 5.133506 1.180496
intensify 0.8914521 -0.9759474 1.7998308 0.80726 1.0919529 0.4559881 -2.692036 -1.5083829 1.9371731 0.0031523784 2.9064476 -4.6550198 -3.5248222 -4.2926984 -8.505966 0.80045706 1.8286963 -1.9598048 6.8343134 6.0692234
signalled -1.4002808 -3.608281 -1.2192187 0.96023107 -0.89412767 -2.2927232 -3.0732074 2.177052 -0.43101433 -0.67061365 -1.6898344 -4.421512 1.8995465 4.4255857 -6.0813007 3.4176693 1.0076221 0.86963344 5.1326632 0.47862858
infrequent 1.2199714 -0.1908703 -0.90794647 0.6572574 -0.87731934 0.21113235 0.5419244 -4.094217 2.525032 -2.4998314 -1.5958501 -1.3905265 -2.695593 -0.6753154 -3.5514796 -0.29636744 1.7599858 -1.004641 6.095285 -2.4150364
weary -2.3234842 0.85124874 -0.72931004 -0.1279172 3.3948421 1.0120797 1.4660813 0.3623357 1.3588419 -4.837 5.5740495 -2.945177 -1.1072038 0.81393015 -5.490223 2.5473225 1.3585726 1.987844 3.1051526 -2.1667933
unheard 1.0902429 -0.27043828 -0.49092987 -2.6331975 -0.6519642 -0.15544547 -1.240234 -1.0481199 4.2794743 -4.268493 -1.4488605 -1.4608449 -0.8813939 0.111455046 -3.6357617 1.0202899 -0.9286359 3.8558202 3.424398 -2.3765488
poised 1.1492453 -0.8085087 -0.07581326 -0.8400785 2.156234 -1.0960822 -1.3793167 1.9957172 -1.0177238 0.18050635 2.9242995 -2.6879754 -0.42053726 -0.601496 -3.7482352 3.9436328 1.8096282 2.135079 4.1981378 -1.0487064
deepened 0.14776799 -0.20315513 1.8037125 2.5019333 -1.2648884 3.3284707 -3.1940138 -1.6147143 0.8746451 -0.81113607 0.44486466 -3.758302 0.97836685 0.21211845 -7.3935556 1.6232272 -1.3780115 -1.4960663 3.9105859 0.5103893
hasty -1.8308717 -0.26596808 0.16143826 0.5484827 1.0433357 -1.3919166 2.3204937 1.9676857 -0.35356882 -1.5070648 2.8723032 -2.010567 -0.35006094 2.9888983 -3.8412735 3.510453 2.0849273 0.51507515 2.0855174 0.056462064
overtake -0.049512643 -2.7221963 0.20992856 -3.2704325 2.000025 -2.9316921 -3.3700244 0.36039722 -3.290517 1.9112685 3.435193 -4.5226474 -1.7010115 2.3972054 -3.2486813 5.1004734 4.1922946 -0.9759536 5.342784 -1.7329258
overtaking 0.32810754 -2.1996038 -0.6571053 -2.5647893 -0.028190231 -2.2570403 -3.471512 0.83606094 -2.0742712 2.5474374 0.64505565 -2.3797288 -1.5608962 1.2779993 -2.2939773 2.6164522 4.1476526 -1.2686889 5.183768 -4.2191052
reappear 2.367095 -1.3363132 0.36722142 -3.8435452 -0.8232634 -1.8105332 2.471155 -1.023317 0.79870266 -3.740493 0.28281337 -4.4136868 2.7615118 1.7935522 -5.300419 1.4821503 2.4197438 1.7472266 0.7006158 -3.114881
waning 1.5609034 -1.1109316 0.14818181 -0.29033035 -0.26195434 0.6169674 -3.0938418 0.105286054 4.6357784 -2.534819 1.9749368 -3.352546 0.22985591 0.5736616 -6.9640803 2.349542 1.8742057 -0.03829261 2.8887298 0.0913871
arduous -0.25133988 -0.34287515 -2.0343623 0.9439436 -0.20924896 2.7612283 2.408928 -2.2480462 2.0267923 -2.617333 2.8619802 -2.9802568 -1.1909598 2.7138517 -5.3519983 3.8051662 5.580692 -2.7061913 5.2317586 1.4889269
contemplating -1.2096437 0.32755402 1.2155844 -1.0005352 -0.52197754 1.2101766 1.1618167 0.80520713 -0.36286774 -4.412071 0.584788 -4.0276847 -1.1723014 0.49828848 -4.6220183 4.757847 2.8602939 1.1587967 -0.0057547907 0.88236046
unfolded 4.0554647 -1.3504903 1.1071754 -0.5440614 -1.9238077 0.2655715 1.3612803 0.26038066 1.2549431 -0.5885585 -2.4375765 -4.493384 0.27923557 -0.492498 -4.432558 1.6776174 1.1799357 0.83977073 1.5992256 -1.0782343
strenuous -0.7061201 0.6887269 0.16536279 1.2880688 0.54484034 3.09253 0.77733666 -1.4827404 1.6343886 -2.0920641 1.5588043 -3.5768807 -2.940918 1.3872862 -3.053368 5.5358334 4.0574226 -0.30851823 5.492419 0.25181994
subsided -0.3959866 0.9087988 -0.6915487 1.191956 -0.83694625 -0.30946046 -1.809327 -1.9127489 2.1749136 -0.3971707 1.1208717 -7.9098215 -0.2583502 1.1135607 -8.525697 0.38961497 -0.95279557 -0.38961565 3.2311924 0.76406276
materialize 1.6081822 -0.7480735 1.4682103 -3.9395323 -1.8842957 -2.5673566 -3.634112 2.33388 -0.87438494 -1.0113579 1.339349 -4.404051 -1.8350064 3.2610946 -4.8841977 3.7150426 0.34365463 0.54493386 2.1857562 2.6813045
looming 0.8994575 0.33802035 -0.8861947 -0.16230819 -1.8872206 -1.1498643 -0.7335405 1.993101 0.60153717 1.2177178 0.7493519 -4.7530065 -0.23721974 1.014624 -7.014442 4.588051 -0.47044122 -0.079696245 1.7026523 0.6012781
everpresent -0.5220475 0.40931383 -0.78072625 -1.2223005 0.2573682 0.72601783 -3.9078298 1.7567044 0.1304678 0.821756 0.3860089 -4.944826 1.7538272 -0.8598799 -1.618515 3.2308712 0.9253956 1.4494611 4.7288556 -4.5351453
dashed -0.47661662 -1.353536 -0.25507358 0.07694498 1.8940132 -2.2821105 -0.5030483 0.25268215 -2.0597782 0.13455802 2.0121512 -4.852669 1.7416362 1.5374669 -5.14633 4.665146 3.5193446 2.2514172 2.8699193 -0.9795604
transpired -0.41551927 0.15091392 0.31169686 -1.5223161 -1.8637091 -1.801644 1.9476897 0.03412515 1.7666142 -2.3950944 -0.5792666 -4.567751 -1.247832 2.7617939 -4.0814576 3.2724068 1.739745 0.07300778 -0.44585323 -1.1832274
shaky -0.643296 0.6012129 2.0901892 -1.0523002 0.6129214 -0.32184947 -1.2875918 3.2712386 0.33929396 -1.7386855 1.893256 -3.162751 -1.3170882 -0.008335287 -3.317678 4.070061 1.9254105 0.96137583 4.7144184 -2.6260831
staggering -0.18930551 1.3262775 0.39735338 -2.2457962 -1.1962206 -1.8743943 -0.6699673 -1.2521759 2.3429594 0.08063192 0.2286006 -1.477446 -2.8977737 -0.28635153 -3.0914018 2.0888624 2.8756843 -0.15741141 2.8982122 -3.1551735
exhausting -0.71228653 0.47699586 0.85032254 -1.9350698 -0.2761977 0.007850737 1.1308283 -0.97575194 1.0775553 -2.743729 1.0263833 -3.911535 -1.4860662 0.54728913 -5.0972934 3.1201124 3.1071706 0.1939212 5.4930034 0.1905049
succumbing -3.0979176 1.88332 2.1435075 -1.7405709 0.5446539 0.7000725 -0.7473412 -2.4123566 1.1956457 1.2563077 0.53419495 -9.977463 0.4751948 -1.2384804 -3.715969 1.7519814 3.0090022 0.9941157 1.8095238 -0.009988299
perilous 0.7017952 -1.7210948 -2.2412062 -0.54788196 0.009155842 2.605177 2.6276913 -0.4805212 0.7530961 -1.4770384 3.537967 -2.8746357 0.52610016 1.0907978 -7.433283 3.9491477 3.9884005 -2.1672962 1.2005615 -0.42603967
brisk -1.9326869 0.31107226 0.091706686 -0.8893537 -0.4451922 1.0455163 -0.14082386 0.45346442 0.16220795 -3.5270705 1.2790118 0.07026274 -0.3017029 -0.22063416 -4.3407855 -0.37328106 1.2630795 -0.9785504 6.258992 -1.75815
cheered -0.57388085 -0.54515517 -4.237443 -0.036980137 2.381949 -1.9946945 1.045293 3.787031 -1.0197251 -3.869586 -0.12047232 -7.948011 -0.8748503 -0.1251978 -2.3747728 2.1798558 2.507568 5.5474243 2.1452467 -2.766409
revisit 1.4166275 -0.38814807 1.3569818 -2.9053068 -2.0987093 0.20105118 0.07251164 1.1153786 0.17056698 -5.517135 -0.8921491 -2.1267173 -0.29560506 0.6024175 -5.018469 4.9597793 1.4754953 2.2050905 0.16552567 0.6199641
accomplishing 2.306136 -2.934385 1.15001 -1.7626127 -0.6736873 2.4871647 0.16135995 -0.2172973 0.99453294 -0.14556286 -1.3317164 -3.0915844 -1.0552042 1.0063411 -1.9702659 7.4662943 4.12477 0.63848394 3.1782877 1.7584035
lull 0.68598336 -0.67313904 1.4596866 1.1674236 0.4625901 -1.3281971 0.78176326 1.2223452 3.2085626 -0.18641244 3.0599296 -4.646375 0.36512968 1.1678097 -4.563531 -0.34524512 1.6441324 -3.1846383 3.2897587 0.5316027
clashing 1.0508033 -2.704472 -0.31462288 -0.6333515 1.7106017 1.4798301 0.91983455 2.5410807 -0.5049203 -0.6053493 -0.7204394 -5.6869764 -0.7439408 -0.62338525 -2.8615434 2.3169813 -1.3021891 2.5610433 4.0428605 -2.155577
recuperate -2.750642 3.4759362 -1.1228987 -0.57963854 1.4228492 0.12711464 -0.6566158 -2.3924217 -1.0393759 -2.6694818 6.270254 -7.0668488 -2.0858588 2.4637709 -1.4354854 1.4263852 4.6896515 -1.7860537 0.5763001 4.596615
resounding 0.3112803 -1.6135517 0.28500685 -0.49761316 0.20160688 -1.3852295 -4.126142 4.829142 2.8386261 -0.48550874 0.9793254 -2.8712008 -0.14911473 -0.4432311 -5.338962 2.0827744 2.6814744 1.7638873 2.1859388 -2.2502947
eluded -0.7187537 -2.688302 -1.4966286 -2.3751867 1.0082877 -1.7319281 -1.4404831 -0.8940781 2.455768 -0.5237654 0.6186001 -5.576531 1.1898112 0.61752015 -3.0508022 4.9583592 1.2189624 -0.66832966 1.755199 -1.907014
faltered -0.59344906 -0.29860118 -0.57589287 -0.21614371 0.011121398 -2.55435 -4.706213 1.0113683 2.251254 0.19656663 1.0985838 -6.7363343 0.2860193 0.7092211 -3.4416745 2.9307194 0.4727171 -1.1121441 4.2913074 -1.1395158
paused 0.10489378 -1.3807791 -0.29803926 0.35244417 -0.5450589 -3.4928257 0.6432355 -0.32214123 -1.4017217 -2.853397 -0.45895967 -5.687382 0.84139895 2.0925832 -4.918481 0.7407126 3.2044342 -0.2657783 2.6426313 2.1779647
eventful -1.0376055 -0.45963514 -2.0260613 -0.6277833 -0.905929 1.1695141 -2.4799662 1.1731554 4.987057 -2.6674435 1.7010764 -3.6536674 0.31643644 0.8251754 -3.647789 0.3093071 4.4521036 -2.4163446 1.4931544 -3.2220807
blossomed -0.27669236 0.4756788 -1.1486439 -1.4142002 -0.13762285 4.558601 -4.2455354 0.020282866 2.1844509 -3.1139164 0.83380586 -2.9155872 2.454666 -2.8186367 -1.5987324 1.6034406 -0.2150327 0.19952647 2.7209904 -1.159719
daunting 1.2241492 -1.9812604 0.41756618 0.42500257 -0.36840078 1.5495329 1.527287 1.4373019 0.70734674 -1.5025172 0.8004284 -1.1183444 -1.3568591 0.88518316 -4.0866127 7.319495 2.9680648 -1.8545308 4.464994 -1.315778
hectic 1.5681896 0.4527061 0.5356127 -2.4807343 -1.52944 1.6779021 -0.8095287 2.3466625 1.4204334 -5.351193 0.5966042 -4.2138195 -2.082374 -1.1446036 -4.255558 0.8995731 3.6430943 -0.87463313 5.2105546 -0.3385263
reentering -0.43788072 0.05405018 -1.0800447 0.35706255 -0.051506206 -2.6391582 -1.7271097 -2.6089873 -2.047334 -0.33767396 0.5651599 -3.5862586 -0.32663354 0.33416006 -3.8698199 0.4530284 1.9200659 0.4729326 1.1352687 2.2721128
lagged 2.0982072 -0.6140646 -0.85913867 0.3293797 -1.3077534 -0.034842867 -3.6578267 -0.75560004 0.15629196 1.3186969 -0.631797 -2.4666364 -1.303587 1.3794992 -3.163265 3.626164 1.9362004 -0.19122049 6.434345 -1.6889819
bogged -0.61806744 -2.6685927 -0.6933636 -0.6117002 1.912765 -0.42867434 0.24686563 -0.35929534 -1.250574 0.75881845 2.9766135 -5.5649924 -0.20679063 1.7175788 -6.7000318 2.2412245 -0.7721435 -1.426898 6.5524106 -1.3935144
veered -0.7700541 -2.8502173 0.2519191 0.9288291 1.2414811 -0.6407954 -1.0350535 0.046554565 -4.2340508 -0.7847135 0.93895966 -5.8865204 2.035461 -0.46094832 -7.272376 0.80332786 2.4902747 -1.2693053 5.687979 -2.0400312
amass 1.5215727 0.06048252 -1.7536232 -4.218684 -0.73699033 0.23784782 -3.0631568 -2.6938481 0.79348236 -0.67367345 1.2633115 -2.4120693 -2.4835727 2.2993565 -0.74284816 5.5932913 0.91560733 0.47239497 2.2107995 -1.5779757
momentous 1.8050593 -0.3741349 -0.560421 0.5479319 -2.1648448 0.77917135 -0.91477 3.5756004 4.2554183 -0.7797971 -0.44095704 -2.4087567 -0.7346928 1.1068176 -4.11989 2.497402 3.1873937 1.0719339 -0.50658274 -1.1214216
lingered -0.250815 -0.0058777845 -0.5939246 0.976072 -0.70142406 -0.019715345 -0.71718234 -2.219318 2.3983731 -1.7477319 0.045534898 -5.966725 0.9853689 2.533465 -5.4601088 0.20668577 -0.26841286 0.47518668 1.1975564 -1.1071329
undeterred -2.493264 0.14753968 1.0295408 0.4265271 1.4415455 -1.5426171 0.5526135 1.825982 -0.4827697 -2.2946346 2.9323583 -3.9246967 -2.3296063 2.4487064 -2.495284 3.5287838 0.8311532 -0.6060343 1.2902682 0.8378027
labored -2.048811 1.1970733 -0.014468742 1.1652783 -0.06870421 2.7660148 0.17291668 -2.910385 1.8289742 -4.76765 0.39460152 -4.487992 1.6020768 1.7798948 -2.1040177 3.5714905 -1.3945783 0.106292844 1.3944056 0.76567465
capitalise -1.2755958 -0.5630589 -0.996201 -4.31965 -1.4666537 -0.17496106 -4.965193 3.4064229 0.2806053 -0.63091874 1.0699433 -1.7384394 -2.233213 2.7729077 -4.8360424 5.021823 -0.15162279 1.9266231 5.5763717 -0.74029094
passable 0.14057355 -1.0014217 -1.4279543 -1.2796191 -0.7228937 0.5005604 -0.177717 -2.4856722 -2.4096558 -1.8069141 1.4228348 0.6035228 -0.75753444 1.7316068 -6.453616 0.091697596 2.3410993 -0.9015594 5.3431845 -4.8519564
unsuited -2.588543 -1.6161613 -1.1618851 -0.5053606 0.06606829 3.407189 0.56841296 -2.0698664 2.186941 -0.6833248 0.5035709 -0.51710933 0.28058654 2.1330943 -3.8654141 5.5324774 -0.23176998 -1.2399198 7.013655 -2.2480104
reeling -1.4082997 0.54223746 0.16948888 -1.9552743 0.75621074 -0.99927574 -0.18493904 0.35543305 0.2358889 -0.596899 1.584803 -5.3856983 -0.3832828 -0.82865876 -4.135103 2.4189336 1.0317165 0.60570097 3.4007251 -1.880404
rejuvenated 0.20475799 1.3071603 -0.02834857 -1.4620148 -0.07340384 2.2280784 -2.7505097 1.0768627 0.048978146 -1.9021404 1.8337442 -3.2633145 0.80769527 -0.79930377 -2.2635546 2.695995 -0.11322175 0.9033697 2.847146 -0.99267584
restarting 2.244723 -1.5691761 2.139679 -2.351485 -1.939485 -1.8396548 -1.4788133 0.36843964 -1.9919921 -0.9563361 -0.5412383 -2.438527 -1.2837803 1.8401514 -2.5764356 2.8494995 1.2688384 -1.5237703 3.7624388 2.4285064
strayed -1.0645651 -2.0918531 -1.1343151 -0.78439176 1.0833204 0.61273366 0.7479736 -1.2033205 -0.23733956 -1.930347 -0.0836617 -2.4021611 0.66379637 -0.96435195 -5.8551526 1.4392561 -0.49281907 1.7182786 1.6729425 -2.1338043
tiring -1.4261109 -0.5086557 0.8877479 -1.963255 1.8330586 0.328791 0.74712235 0.38019443 0.10983974 -2.6137862 2.6615021 -3.8290188 -1.0649574 0.019276053 -3.1660042 2.8684335 3.8461 -0.067329384 5.4753695 -2.6159055
rekindled -1.0033963 0.12119403 1.0112246 -2.6718085 -0.8809265 3.188793 -3.011068 1.9046494 0.97242695 -3.9486063 0.60732216 -5.440101 0.9186964 -2.1989968 -4.802165 3.2122402 -0.70562583 0.78399056 -0.91470176 -0.74915856
recuperation -0.046082925 2.9108725 0.2396688 0.7978758 -1.028969 1.3543875 0.9890031 -1.6290203 1.8663825 -2.2539203 2.5560453 -5.5566626 -0.8215363 2.7050395 -0.48631176 0.83070517 3.1222181 -2.4287708 2.1176112 3.157658
leisurely -0.80894357 -0.028985288 -1.8809386 -1.6530011 -0.33976695 3.8885155 1.2621943 -0.4906014 -1.2514268 -4.805616 2.397176 -0.11870314 -0.7717147 -0.27299285 -4.70658 1.5646434 5.716894 -1.4093814 5.449838 -2.4369445
insurmountable 1.783841 -0.8913351 2.7205358 -0.27270946 0.01826612 0.99026954 -0.6718788 0.44627875 1.0101769 2.0908446 2.0422957 -3.2964172 -3.1563172 1.3818494 -4.062207 6.36805 2.395671 -1.579676 3.1446579 -2.8325787
subpar 1.0296335 1.5120245 2.3311508 -2.9287846 -1.1427897 -1.7768793 -1.0241433 0.9957325 2.8620558 -2.3853989 -0.23235942 -1.5784409 -1.6195673 -2.7658412 -0.8428973 4.619458 2.0039165 -0.6510572 5.568016 -3.0725155
surging 0.68657714 0.35146165 0.9164412 -0.7305112 1.2153785 0.12391848 -2.1312823 -0.041527018 -1.3248175 0.059765544 2.2539577 -2.4187815 -0.8854545 -1.929922 -5.6176496 0.71589357 1.346024 1.8288788 5.8207 -1.3116134
buoyed -1.1692842 -0.51533496 -0.90797323 -2.0337164 -1.1411297 0.15049398 -4.6178393 1.2401613 1.463321 -0.43442234 -0.58268857 -2.565204 -0.19944537 -1.2715389 -4.768186 2.6737783 -0.032760844 0.581971 3.9853566 -1.5792712
gripped -1.6221585 0.27053443 -1.1422944 -0.39744705 0.75419056 1.3786225 0.3608628 -0.42977044 1.0249296 0.90938586 -0.015555731 -6.205917 1.2781694 -0.98535556 -6.242754 1.3669082 -0.26712638 3.7578037 3.2125936 -0.909228
spoiling -1.4723684 0.4516199 0.98173344 -2.8599272 0.68153065 0.63305944 1.5327276 -0.37180632 -1.19036 0.33215636 2.1460254 -2.4348354 -2.0836446 1.2025015 -3.7259037 2.9350736 1.1401855 1.9392688 2.6634593 -0.8484212
creditable -0.7815478 -0.35490522 0.12334696 0.22680369 -1.2768167 -0.12688757 -2.857157 1.9310837 4.877136 0.941235 0.20466112 -0.50544435 -0.1985469 2.3101223 -0.5506022 3.445037 5.487984 -0.41292188 2.8981729 -2.7306733
faltering -0.33535486 -0.91130203 0.55120337 -0.8448069 0.47169036 -0.19836175 -2.4205546 1.9019111 0.86505157 -1.1944505 1.5453063 -3.6144433 -2.294818 0.35678595 -3.5547516 3.238596 -0.7137705 -0.84953254 3.5548933 0.10947906
loomed 0.24576907 -0.1363646 -1.966509 0.5907656 -0.94012475 -0.53145665 -1.3758564 0.27598318 1.5844563 1.5875449 0.2801201 -4.7886477 0.87924236 1.3926197 -5.142137 3.4201858 -0.889184 0.39030728 2.0362444 -1.3493444
outpaced -0.3167968 -1.2322828 -0.10940494 -2.0396965 -0.7288884 -0.71429265 -4.8974385 -1.3340571 0.9272231 0.22321302 -0.3696864 -3.2341223 -0.6518585 0.087481655 -1.8217661 2.354054 1.4613055 -2.199851 5.1897526 -2.6117964
calmer -1.0155531 -0.49744204 1.0726113 -0.8817151 1.3714409 2.119773 -0.119092114 -1.0486859 0.43405712 -1.6526216 2.8572555 -0.4792979 -0.087386765 -1.463735 -5.4040976 0.90802765 1.9011341 -0.15699051 4.533902 -1.8602347
resurface 1.0089515 0.29388672 1.0157757 -3.1434622 -0.88722515 0.002212961 0.3268479 -1.0441873 -1.6288084 -2.8151565 0.45494953 -4.4670095 0.7200264 0.5869621 -4.0936513 1.9699669 0.33263734 1.3129691 1.6225307 -0.19385873
flagging 0.61180574 0.27440935 -0.5623834 -1.7462265 -1.3972521 -1.1656762 -1.1703734 1.3211676 -1.2984849 -1.2440223 0.25874987 -0.35799068 -1.92184 0.21341722 -3.8442087 4.0395603 -1.5610039 0.13992994 4.785534 -0.82776356
falter -0.3077033 0.32022214 1.6549872 -1.2145761 0.22401 -0.16361207 -2.250953 1.6395458 1.4085454 -2.5725405 2.759089 -3.8113096 -1.1773055 0.23329872 -2.6051238 2.328641 0.8082788 -1.5518937 3.3212254 0.8319842
circuitous 1.2708853 -2.8405044 -0.28733718 2.6554093 0.49422982 -0.21231331 -0.5372547 -1.856549 -3.925707 -2.1784115 2.2239907 0.7939637 -1.6141425 2.0052478 -7.1769834 0.72559696 2.9524133 -2.1967223 2.9523742 -1.7424169
abated -1.8795542 -0.12592113 0.8390677 -0.1753776 -0.6843464 -0.5288289 -1.0347127 -2.4115782 1.501126 0.4829288 0.36169964 -6.07341 -0.80144346 1.4071097 -7.38831 0.89458364 -0.9009342 -0.050766747 2.3493593 0.800289
sorely -1.1660305 0.6582861 1.3718948 -0.48904058 0.9810316 -0.4937352 0.6268775 1.6586034 1.7392168 -1.2254757 3.0333424 -1.5261611 -2.3646362 1.5598115 -2.4024718 4.140988 3.0985725 0.0009221117 3.1347427 -0.39322457
flirted -1.9516476 -1.6517059 0.8909558 -1.5733192 1.6968577 0.43983972 -2.3518832 1.6003892 -0.08333613 -3.1783996 -0.3574015 -5.139663 1.1727813 -1.0402834 -1.4580466 2.9089866 -1.5153573 2.4633152 0.8471344 -1.9021103
unimpressive -0.54199326 0.16816153 1.8851433 -1.6757712 -0.24749249 -1.0489542 -1.3381915 1.162389 3.0758052 0.17931567 0.18098244 -1.3665022 -0.489751 -0.7429462 -1.7727772 2.611697 2.8085136 0.12545277 4.685316 -4.467016
subside 0.54272616 1.4072584 2.6223943 -0.1651247 -0.05032318 0.6080369 0.23922418 -2.6844096 0.023590704 -0.5492115 1.7074977 -6.069336 -1.0659277 -0.3172963 -6.085874 -0.7825969 1.4653141 0.5212715 3.2570777 1.1119843
abysmal -1.1353884 0.50863796 0.8506576 -1.5331869 -0.82232565 -0.98665315 -0.7025881 0.64240617 2.7405636 -0.21786757 -0.11263218 -1.8462746 -1.5186303 -2.2482991 -3.912842 2.7306542 1.8623785 -0.22342458 3.1466398 -1.332606
lacklustre -1.1411759 -0.14065985 1.892629 -2.5626147 -0.94116753 -0.79750526 -3.4861765 4.1399717 2.6583223 0.19468237 0.1767459 -1.6047107 -0.93021905 -0.19924481 -2.7602985 1.6934278 1.924338 0.4723966 5.170164 -3.4094472
detours 1.5073293 1.0253352 0.04738229 0.50975853 -0.8422669 -0.83890337 1.1492816 0.28977022 -2.0443692 -2.0367868 1.1289972 -0.42758775 -1.5298816 -0.21893102 -4.048136 -0.20690516 2.3603437 -0.44501072 3.278436 -2.5549617
opportune 0.29578558 -2.1337154 1.6218512 -0.5367465 0.27546284 0.23883922 0.80129045 0.33637992 0.6809395 -0.5512574 1.8384134 -1.7412145 -1.0062279 3.2290895 -4.7099123 3.3385415 2.6822703 0.52922606 1.037135 1.0169246
fatigued -2.432744 -0.8378104 2.1168938 -0.42853984 2.91854 -0.25167933 2.1021528 -1.7888236 0.71060354 -0.8840363 2.1326656 -4.8223467 -1.4930514 0.2285282 -2.6994138 2.3164966 3.263765 0.3085505 5.0755568 -0.50487995
headlong -1.4133964 0.1790139 -0.0057512787 -0.22105904 0.90322185 0.4511864 2.5778658 1.9568782 -1.4704224 -0.14127451 3.6783564 -2.8282542 1.9438055 -0.23701891 -5.0238876 1.3081095 2.948722 -1.4249098 3.5937078 -0.8281431
disastrously -0.9143636 -0.57116896 1.0715005 -0.66499853 1.1712049 -1.7409775 0.30770722 2.1651237 0.9253859 0.21333024 4.083811 -3.6855958 -2.4565117 1.8802712 -4.5887957 1.5290519 1.935738 -1.8383857 2.1032972 -0.9889595
torrid -0.43277258 1.0662135 0.6329759 -1.7249138 0.23033555 0.46925253 -0.9437711 0.63709545 0.7134804 -1.1366062 2.87046 -3.2485626 -0.25842628 -2.4897306 -3.3340065 0.62929225 2.9047363 -1.6858213 1.6752195 -2.358503
busier 0.82853127 -1.6250961 -2.2276678 -0.31861308 -0.75324905 0.30173656 -1.9102821 -1.9482911 -2.5595186 -3.7827542 -0.708418 -0.908394 -1.6400485 0.87692153 -3.1481397 -0.438161 1.3952777 -1.1304513 5.1324034 -2.5965972
straying -0.051703934 -0.48350647 -0.84349936 -0.543188 1.0222547 1.7065972 1.1307575 -1.935859 -1.5129998 -0.6845178 0.6890515 -1.339123 -1.3304399 -0.14941579 -4.8065658 2.289086 -0.037077848 3.0860567 2.6067982 -1.4933014
rigors -0.49498248 1.6954556 0.37568894 -0.14265002 -0.17407328 3.0316231 1.9141104 -1.079807 0.9118666 -1.6877774 2.148025 -2.235985 -0.9044513 -0.28638625 -1.9193581 3.4099958 3.115497 -1.364917 4.6393676 2.4648864
stoked -1.4089578 0.06853273 0.27969983 -1.2829467 0.24447744 0.14129265 -0.27745336 1.6380359 0.20390321 -0.9344965 -0.17863292 -3.3656416 -0.78317356 -1.2828226 -4.79038 1.258087 -2.6484416 2.8551185 1.8241425 -0.8667473
afresh -0.086336605 0.40924805 2.1386251 0.23097137 -0.35027024 0.5217098 0.17594002 1.865302 1.081058 -3.7109635 2.4144256 -0.85549945 -1.2167966 3.0184445 -2.764172 1.294247 3.1195695 0.41615367 0.8651221 1.0507027
reemerge 2.4428406 0.05286843 1.090504 -1.3677931 -0.32243535 0.5331934 -0.43872976 -0.29387745 -0.20786136 -1.5048404 1.1280885 -3.5131555 0.24273913 0.39230987 -3.8346071 1.8124014 -0.8921373 1.4797298 2.0000825 0.3201653
languishing 0.5610292 0.5170776 -0.57765216 -0.7855847 0.023289865 0.63294256 -1.9358293 -1.1461761 0.9169413 -0.011014549 0.40515465 -4.6229076 0.27071935 1.456154 -1.4108143 0.83741516 1.7942696 1.263239 1.4410799 -2.147936
dampened -1.2663329 0.6292486 1.1174068 -1.918544 -0.81762356 0.539752 -1.403831 -0.13245082 0.021469215 0.9907808 -0.40439177 -3.2094026 0.49723792 -0.069604866 -4.6362042 2.2531192 -0.9374997 2.3136885 4.4821606 0.2221321
plummet -0.63973093 0.8906868 0.5800115 -2.659885 -0.7174185 -2.3073237 -1.411453 -1.935368 -0.9442118 0.20555033 0.97800326 -2.1642952 -1.9238776 -0.733435 -3.9469826 1.2015752 1.654186 -0.98426825 3.4868307 -1.4439259
overshadow -0.25108764 -0.79494256 0.466389 -1.9323747 -0.55629647 2.3872042 -1.3823491 1.45638 0.66039866 -1.4548148 -0.5229697 -1.9132043 -0.63183826 0.13573322 -3.615611 3.8848016 -0.12445433 2.825744 2.0815108 -1.5453576
bettering -0.49849784 1.1502385 -0.42180976 -1.7468898 -0.82572305 1.834498 -2.869481 -0.37469992 2.493616 0.3383774 0.23643735 -1.4286157 -1.2872409 -1.2474463 -0.0020677494 3.747069 3.2235024 1.0296102 0.6606336 0.08499936
recuperated -2.580872 1.3557988 0.23945117 -0.10010694 0.25736308 -0.37015274 -0.15834592 -2.3225212 -0.1389685 -0.9450297 1.2479954 -6.899785 1.5496681 1.3582507 -0.47397643 0.060890324 0.858302 -1.2484473 0.76743114 1.9342822
dawned -1.2754782 0.10232141 -0.69548017 -0.1616928 -0.87701255 0.18678774 -1.8640757 0.18931547 1.732688 -2.1615186 0.47857168 -2.5335598 1.6795057 0.7142779 -5.3047233 0.089996815 1.834949 1.1095291 2.3182228 -0.05226407
rattled -0.91104 0.20052536 0.77275133 -0.7915215 1.0913059 -2.1031604 1.4765091 -0.17636864 -1.3819195 -1.1012883 0.27377793 -4.653755 0.4330989 -0.52910495 -2.465843 1.4599384 1.924289 1.3205369 2.3784697 -2.447075
plummeting -0.7373913 1.0923642 -0.5576728 -2.6634333 -0.8598759 -2.5477343 -0.75068104 -1.8552747 -0.6422456 0.99049425 1.3548082 -2.3356616 -1.934129 -0.048390202 -4.2479973 1.0114254 0.9098043 -0.89027417 3.020976 -1.5376081
coped -1.3747307 -0.013397932 0.7824496 -0.006200228 -0.20551905 2.1449695 0.40476882 -0.71529305 0.3781136 -0.30998203 -0.6940407 -3.2213252 -0.51412004 -0.07574452 -2.171885 2.8557696 0.43222076 0.3865257 3.024647 -1.7200263
unassailable 0.13039707 -1.7017609 1.9920785 0.29663906 1.4984651 -0.18347482 -2.022749 2.3439653 1.1753426 2.3451498 2.782848 -1.4521378 -1.5459042 2.3948927 -2.6727026 2.903843 2.9717875 0.9861955 2.2645192 -2.0243201
unmanageable -0.844314 0.097004846 0.5260871 -1.4314666 0.21096456 -0.06675475 0.8154928 -2.026833 0.92301506 -0.3108347 2.7661843 -1.1797892 -2.700984 2.5268621 -2.9662275 2.6380672 0.12737037 -1.9057974 3.2315583 -1.2567251
spiralling 0.08900159 1.0795732 1.6186595 -1.2394527 -1.128689 0.5901045 -0.5808944 -1.3247225 -1.1296557 0.5657215 0.06222819 -1.9868629 -0.57264876 0.6468883 -3.6570063 1.6048031 0.8001783 0.83372766 4.1857204 -1.4128575
floundered -0.56671256 -0.34242776 -0.3107383 -1.0709094 -0.36979795 -0.64553165 -3.1360743 0.310474 0.052458804 -0.8075968 0.33278376 -4.1974053 -0.11094507 0.34519124 -1.6445811 1.7860519 -2.4934611 -0.8688737 2.057739 -0.5625025
droves 0.9393525 0.4880928 -3.2364748 -0.70283526 1.6407771 -0.17501506 0.8688052 0.10982931 -0.36959946 -2.8798625 3.5978844 -2.4027 -3.670823 0.48862493 -2.5678008 -0.093470246 0.490786 1.1615863 1.430678 -0.13464819
outlast 1.6068349 -0.5513714 0.08132457 -2.4667048 -0.22939093 -0.49020034 -0.19934407 -0.2601782 0.20444226 0.34006876 0.8394486 -1.3130928 -0.16831514 0.88376164 -2.439821 3.684783 0.63162 1.5593929 1.656367 -0.8702327
mightily 0.3420616 2.0640278 1.8984535 -0.35326114 1.1652099 -0.48653385 -0.6656209 1.3136207 0.99659085 -0.99522644 3.675515 -2.334691 -0.96856266 -0.23206882 -1.8772877 3.287271 1.4761689 0.37223214 2.4575183 -1.5708877
floundering -0.77685475 1.0345873 -0.6909364 -2.0385497 -0.26804334 -0.67634904 -1.193445 0.32251304 -1.0069437 -1.634618 1.3493867 -2.2888458 -0.81953686 -0.45654622 -1.5971816 2.2835138 -0.19652936 -0.37201774 1.4997756 -0.1699607
quickened -0.78317237 -0.47550416 1.3608372 -0.25423363 -0.18050288 1.6786451 -1.5985168 -0.7516071 0.5248913 -0.2801754 0.8966605 -2.6536148 0.6109818 0.6657368 -3.6143606 1.4835579 2.5074651 -0.21353845 3.2765193 -0.9063445
doldrums -0.22836272 0.23658623 -0.3282633 -0.7840648 0.6305642 -0.40756544 -2.2355175 0.63558507 1.7380453 -0.35553122 2.4221222 -1.6441829 -0.12894814 -1.0758213 -3.0186841 0.41390896 1.7687721 -0.38280255 2.968021 -1.70856
unspectacular -0.98979837 0.6601821 1.716093 -1.0021503 0.16954891 -0.6137497 -2.5869386 0.5815928 2.3807867 0.13059597 0.82839584 -0.18790649 0.56896675 -1.3496629 -1.4782895 3.179723 1.8796383 0.5530746 4.670975 -2.8595982
reignite -0.6617485 -0.4107474 0.8524919 -2.9461715 0.3441569 0.71848476 -0.71008193 1.4295038 -1.0423282 -0.78129053 1.6173558 -3.16567 -0.5555595 -0.9413205 -3.7952724 3.3968148 -0.15154298 1.5441681 1.1970401 1.5739744
fightback -0.56863594 1.0676178 0.30768397 1.084491 0.10418859 -1.0848019 -1.5076731 4.2790775 1.6808217 0.9079494 1.6926014 -2.7818215 -0.90094084 0.93432266 -1.5367192 2.0526662 0.74997836 -0.0075122104 3.1664135 -2.2581623
lateness -0.6651052 1.0183477 2.115555 -0.50235987 -0.91577303 -1.3835956 0.5025725 -0.19485681 1.2012312 -0.60048705 0.08815031 -2.6169586 -3.1839073 1.0793027 -1.8426386 1.5269816 2.549105 -1.1093311 2.875195 -0.81216717
hobbled -0.76369005 0.58400565 0.9199029 -0.5800955 0.28182667 -0.8621764 -0.57970035 -1.067061 -0.3966081 0.70993805 -0.440318 -4.1754518 0.08980231 -1.1868584 -0.85915565 3.5442286 0.050621577 -0.031695988 3.7177753 -0.8068097
spiraled -0.05767604 0.4418232 0.75410753 -0.5126595 -0.05043254 0.27753747 0.19024962 -1.7217541 -1.4661855 0.78620553 0.3614338 -2.9313543 0.03290429 -0.6605832 -3.1546407 1.4148351 -0.14132306 0.5683683 2.8637013 -0.30837947
derailing -0.5372088 -1.0467834 0.62720823 -0.060017828 -0.22313614 -1.2389033 0.83167 -0.5308763 -2.678523 -0.7574433 -0.3379526 -2.8771727 -0.8884427 1.4208184 -2.3861933 0.88898677 -0.29876068 -0.90213543 3.5133 -0.16477889
calamitous -0.3434371 -0.39604622 0.9391131 -0.7857903 -0.8651237 0.4887936 0.76684767 0.7831165 1.4884697 0.5180463 0.5988825 -2.7615652 -0.44118285 0.40496033 -4.0049286 1.6294277 0.89404225 -0.6989598 -0.19103453 -0.86528665
dispirited -1.6039934 -0.21063526 0.5392361 0.06492993 1.6814212 0.8409476 1.0199158 1.1511104 0.0538789 -1.5108995 2.7445695 -3.4414 -0.5887639 0.1259359 -3.4651773 1.62597 -0.077670515 -0.06445094 1.5538942 -0.8622517
surmount 1.0002586 -0.67985225 0.7372181 0.20948958 -0.308948 1.9187696 0.20722243 -1.1850388 -1.3117781 0.97740304 0.07368062 -1.3689666 -0.24244978 0.81973135 -2.284046 3.2885504 1.6187767 0.7182718 2.4298308 -0.45230466
rigours -1.00068 0.5018592 -0.19137397 -0.75320107 0.20524481 2.3630462 0.29287675 -0.46168795 2.0280244 0.39968765 1.7181175 -1.3923389 -0.6017411 0.9298795 -1.7031116 2.0203297 1.4548817 -0.06683658 3.7217855 0.9865192
ebbed 0.17598209 0.5621471 0.23911765 1.2625519 0.039473128 1.1555238 -2.146352 -1.0558131 0.1638342 0.067165025 2.2617574 -1.825767 -0.52152586 0.48450428 -5.386796 0.21471323 -0.13766852 0.04306033 2.429422 -0.39093268
readjust -0.20044863 -0.846703 0.8390667 -0.9557168 0.541813 1.2457126 -0.22495632 -1.2546413 -1.3743767 -0.6658004 0.32629248 -1.6912403 -1.2623501 0.37804866 -1.3636988 3.1800234 0.8245957 0.8291322 2.3126428 1.141818
slackened -0.5851211 -0.7920947 0.19802764 0.4536539 -0.041713603 0.45725223 0.08734551 -1.0606847 0.053256556 0.37754783 0.5060947 -2.314368 0.43855834 1.2789543 -2.6684494 0.40504277 0.2632703 -0.4278578 3.0239403 0.22062701