Centroid_140 0.8360016279780224 -1.282098831428572 -5.819438233296702 -0.6980239661758241 -3.916699243406592 1.7043967435494503 -3.2335582784065937 -3.369161954285715 -0.835464742813187 -3.0157392585714278 -7.0089345208791185 -0.03370457152197801 2.9178059932527463 -2.5031314141538465 1.5586370430219785 3.115597149956045 -1.821565552131868 2.419918438175825 -0.4050150422197803 2.332594540901099
including 3.4526265 -0.7160412 -6.9819055 -1.6953527 -3.3398595 0.8399216 -0.28684843 -3.18937 2.416721 -5.1038017 -5.967422 -1.5642935 2.8804576 -2.9146795 1.3896686 2.507714 -2.9959059 1.188543 1.6138107 -2.6076028
named -2.1006498 -4.7037163 -7.2597413 0.12160392 0.1875472 -0.7314154 -3.5737705 -2.1246538 -1.0594199 -2.8771389 -3.4730387 -1.2925701 8.478613 -3.399834 1.5166286 3.5621452 0.03533316 0.121739276 -6.803484 -1.0477011
received -4.2740836 -1.4188727 -4.6957164 -1.0777586 -4.8331876 -5.0566807 -6.8461394 -0.4964557 6.3576436 -4.9692407 -9.120612 -2.2133691 3.2887642 -1.3068748 -0.264855 5.8769574 3.5416923 3.3935432 -2.0421286 3.7754667
based 1.5268371 -3.5150647 -3.3968797 -0.60251117 -4.8233385 1.7087505 -4.1228704 -2.311269 1.846342 -2.4256055 -6.5333495 3.0702875 4.932374 -1.9758381 -3.1562016 3.7018526 -1.679008 -0.020903282 0.5802773 0.7789323
include 3.1265082 -2.1013594 -4.5254893 -2.576711 -4.402835 3.0537841 -1.36784 -6.056995 0.04034578 -5.1453023 -8.956756 1.2153897 4.231845 -4.1391764 0.5949258 4.0880694 -3.135318 2.770283 0.46427798 -2.129579
included 3.4710886 -2.7110515 -5.8740635 -1.7965934 -4.41717 -2.354907 -3.0357826 -1.8050363 2.339981 -6.6648636 -8.047823 -1.6379598 5.309318 -0.49021477 -0.59656554 4.1341915 -2.3239229 2.8174622 0.27393365 -2.8122566
established 0.7059923 -2.0709417 -7.752936 4.5878587 -3.4448273 3.0843363 -6.6232677 -3.122187 -0.060613476 -2.3046107 -4.6516085 -0.4753819 2.783067 2.5131702 -0.02476818 2.7955978 -4.067155 0.70161754 -1.7779843 5.074987
created 2.0493023 -2.6770327 -3.6324458 -1.1963813 -4.5379496 0.66939515 -3.0576708 0.24379091 -0.91396976 -2.5234904 -6.0741205 -0.069924854 5.7264295 0.22206643 -2.2682235 5.1287723 -4.4377236 2.3271987 -1.2183813 0.9633884
founded -1.3856415 -2.1559336 -6.980187 1.9199945 -2.9894154 5.6280413 -9.56421 0.29022884 -1.4556437 -5.9352393 -3.9774067 -0.8229862 6.895588 -1.5404164 3.0201142 0.3093585 -7.3761964 0.38823268 -6.103258 5.113196
developed 1.7778758 -2.886509 -1.3485665 -1.9377817 -4.446976 3.843729 -3.978566 -3.4307184 0.40478596 -2.8774323 -4.8914905 1.1891824 6.6950684 -2.0014818 -3.1168876 4.7895617 -5.0163536 -1.9254586 4.9687886 2.713584
includes 4.744943 -1.6008201 -6.122196 -0.9258277 -6.6347756 1.396456 -2.5490766 -6.370372 -0.7021197 -4.28302 -11.295371 1.2931412 6.236655 -3.5730603 -0.64529204 2.0186102 -1.9981544 3.9481297 -0.28313848 -2.9503355
awarded -4.83481 -3.728153 -8.554668 -1.7632776 -5.650904 -4.117578 -7.664445 0.53378505 7.106761 -0.7818569 -10.003547 -0.37827662 9.197963 -0.031732738 5.1938553 9.512468 5.2459083 2.306576 -4.6234393 5.3002334
provided 0.1890161 -1.626495 -4.691712 0.28896663 -5.28548 -0.8411667 -1.6596428 -5.181489 -1.205622 -4.3974586 -8.649809 -0.632175 0.40057734 2.1189497 -2.4049625 6.9984317 -1.4270662 1.8982226 3.6697404 2.3977907
introduced -0.55363995 -3.818317 -2.9467354 -2.4622004 -2.9582016 -2.8835816 -4.5979667 -1.0266315 1.6088647 -2.4862509 -5.948744 2.0737057 5.0844893 0.4087189 -1.0953709 4.893625 -3.4235084 2.1549108 2.459252 0.9850574
listed 3.9307961 0.6100767 -8.648261 2.8138409 -7.2323236 -4.4340844 -3.6380582 -5.4716115 2.986359 -1.4280239 -7.995752 4.981941 4.8566246 2.7336292 1.8949904 4.2412424 -1.4186186 1.6552492 -3.766158 -6.2622824
represented -1.1825167 -4.9765086 -8.382532 2.091825 0.20384559 1.2921584 -11.752428 -2.4905398 4.235971 0.6326353 -7.170337 -1.8238009 6.2195306 -3.4524457 1.7711177 5.6577272 -1.3792741 6.4862084 -2.4164948 -2.0852017
selected 1.359256 -2.5834968 -6.115447 0.3620168 -2.0725272 -5.086581 -5.5644517 1.3082038 3.4199522 -3.496503 -6.942957 -0.8836687 5.0774503 -3.8924904 4.4649506 6.2842875 2.6484828 2.3945286 -0.0668418 0.47115126
provides 1.4921546 -1.8504534 -4.762778 0.5157152 -7.1252613 2.6813624 -1.2820534 -7.618228 -4.999827 -3.3215027 -12.454702 3.5715623 0.11824653 -3.385326 -3.0119169 8.072952 0.1284872 3.7507577 3.1016746 3.9732409
consists 6.0737743 -3.1854522 -5.700374 0.54304177 -4.7227874 0.77905434 -2.5585346 -8.75428 -1.9036522 -0.9497927 -11.653696 -1.2550473 8.159684 -1.8141726 1.8885214 -2.4119647 -1.2072399 4.801206 2.2211523 -3.484896
participated 4.7232566 -5.4092803 -9.603183 -0.9839044 -2.0241325 -0.15744025 -4.5772905 1.5870812 5.338334 -2.9490757 -5.768166 -9.216172 5.9007564 -2.5410018 2.219425 2.290404 1.4619595 0.888823 -1.4128231 4.8879123
dedicated 2.8569942 0.303419 -3.3883762 1.1645691 -4.7955427 4.559034 0.9470016 0.260123 -0.42201677 -6.009747 -4.3711286 -0.8418878 5.054867 0.8032983 -0.15907 2.398918 0.5827382 2.0002508 -4.032604 1.6110218
offers 0.4852322 0.32080144 -4.4814086 -2.7936108 -4.7104435 3.2458127 -2.1729732 -4.740388 -4.273868 -7.4370494 -7.623609 2.644859 -1.0146321 -3.870166 1.2795632 6.2591834 4.169731 3.37778 2.9715588 2.410743
organized 6.970759 -2.1350987 -7.689096 3.7741864 -2.1165757 0.7565393 -1.9133744 0.25785324 0.79614246 -3.6113503 -4.89613 -4.5924034 1.3586904 -1.3914572 1.5027581 3.6188297 -3.2699034 2.0498526 -1.7228492 4.030188
serves 0.02045314 -3.0722477 -7.1686635 3.9940574 -3.3621967 2.539958 -3.949862 -5.132764 -7.5792522 -3.6270278 -11.225891 -0.9056633 3.2122233 -6.0001936 0.98465425 3.889592 -3.8671465 3.4203281 -1.8204393 2.7933762
recognized 1.5736809 -2.7245746 -5.43375 0.4868219 -2.3809636 1.6132706 -5.0495605 -2.92027 6.6233115 -1.2731471 -7.274401 0.0890791 2.640895 -3.376495 0.8944434 7.1957507 -2.4494658 4.831355 -2.5468264 2.148096
hosted 1.3136787 -0.879437 -11.642136 -2.0982838 -5.3025517 -2.8716707 -5.7747927 5.0030613 -2.5577066 -6.3504663 -9.067886 -4.048901 5.7071013 -8.617995 3.007491 0.09386507 2.8322005 2.768934 -3.3952773 0.6495329
holds -1.3897954 -2.0774698 -4.6678004 -1.5723246 -3.1952455 0.96364087 -5.95577 -3.7622118 0.76128864 -2.0881746 -8.716331 0.0139355855 4.7312775 -2.9249506 1.2413791 6.0660977 3.3154793 6.19774 -2.241662 1.3639896
representing 3.5465584 -3.5455718 -6.741374 3.0659654 0.19154584 0.1309605 -5.3596764 -2.383891 2.413209 1.345684 -5.2543983 0.28584093 1.8919331 -1.5115557 2.3579733 2.3492122 -1.0152931 6.062397 -2.4276786 -2.2762957
registered 1.1313717 -1.1046445 -8.446991 0.005145028 -2.7964382 -4.840291 -6.2987065 -5.597006 1.6276627 -2.2036135 -5.9323053 1.7099866 -4.1274276 2.8942714 4.181548 2.7380157 -1.956564 3.671473 -2.1942542 1.6974845
distributed 3.8943434 -0.7338399 -5.3539133 -4.3857718 -6.1879883 -3.6547096 -1.4890293 -5.287121 2.732329 -2.580541 -7.817833 3.502568 1.0062746 -2.0469594 -3.399831 -1.299946 -5.674615 4.0359364 1.1001931 1.7913947
operates 2.0838077 -1.8667907 -11.832597 0.69573694 -6.5619864 -0.77247155 -5.842217 -9.397713 -7.494853 -3.506778 -10.528091 1.6540176 2.1087227 -2.8813212 2.6335733 -0.773245 -3.7480042 -0.4857647 2.0894413 4.9698505
hosts 4.7766705 1.9927459 -7.414155 -2.2448678 -3.023147 1.0561337 -1.1848482 -2.8065624 -2.2264042 -3.2803392 -5.2325644 -1.0297885 -0.19435972 -7.746249 3.367743 -0.627878 3.4464395 3.4045339 0.02470147 0.23342298
donated -3.394862 5.420635 -7.896925 -2.337048 -7.317596 0.5208276 -4.2553678 -6.388381 -2.2163243 -7.0800996 -4.723474 -1.8324243 3.1374738 4.331617 1.94505 5.670454 -2.77237 2.366609 -8.125895 1.9553137
supports 2.7848635 -2.0996482 -1.9016043 -0.5163893 -3.847252 1.8455853 -1.2218066 -3.8282008 -3.7104986 -0.37610835 -9.178917 1.5722774 -0.5144414 -3.925561 -0.94909006 6.5136228 -3.781938 4.8690104 1.3149054 2.3115942
sponsored 0.27565652 -0.4652679 -9.195003 -1.7271774 -4.730591 -2.9480474 -5.906653 1.0087655 -2.015646 -4.0519085 -6.2298746 1.2338195 2.4121976 -3.3090324 3.354695 5.9179583 -2.2493415 1.7093878 -3.4554605 5.0658197
produces -0.53927124 1.1877998 -0.70094013 -6.350831 -4.8721533 0.70021147 -4.018526 -8.224728 -0.89819294 -0.54411507 -6.919685 2.9687545 4.8072777 -5.4117565 -1.1958076 -1.5760707 -3.0811424 4.1161284 4.6138663 1.071367
funded -0.20688532 2.7127964 -6.8473763 0.53449774 -9.522015 1.6532553 -7.2320294 -3.4034154 -1.5767163 -3.8822482 -8.619515 -0.41963783 -0.71747595 1.607496 0.096634515 6.1823974 -4.9516115 0.20108876 -1.6826568 6.3025804
affiliated 2.1562588 -4.1982713 -8.572332 5.5923247 -0.46922526 3.1845171 -6.5763454 -1.2199574 -0.9263564 -3.2342887 -7.621149 0.11372443 0.67238456 -4.324886 5.2524405 1.0836759 -4.020239 3.972907 -0.94889593 4.5237517
licensed 0.7694634 -0.5497441 -7.4832726 -0.41787758 -3.5359557 -6.907251 -3.0375278 -3.5049295 -1.3725926 -6.8655486 -5.001188 5.0101748 2.5157087 -3.7490149 0.7252074 1.6171075 -6.0180197 0.66233927 0.092246935 5.183425
organised 3.5407472 -3.345362 -10.035971 1.1202363 -3.271753 2.7851217 -3.4271004 3.240936 1.6828737 -2.271276 -6.2101927 -3.540231 0.32866266 1.7915106 1.7642671 2.962464 0.023758478 3.4048772 1.4582405 2.2111325
certified -3.5699103 1.554408 -5.7042146 -5.165828 -3.6647296 -7.867379 -5.735183 -5.0358424 4.568839 -3.2592933 -5.1358743 6.3089643 1.6956575 -2.6497135 6.20356 3.9035268 0.8087775 4.359149 1.2941036 10.217907
housed 2.5000315 2.1408658 -8.9771805 3.8299735 -6.4545345 3.2116303 0.5053396 -7.895106 -3.8247154 -6.121061 -7.1704645 -2.9636805 8.728278 4.9707565 3.8472025 0.08035994 -3.4641702 1.6127479 -1.9185449 1.9086496
exhibited 0.675518 5.113005 -4.925039 -3.8906143 -7.9623737 5.953363 -2.1265461 -1.3492297 5.2732844 -5.949592 -3.7465627 -2.4623685 11.426929 0.30759063 0.4754836 2.2409878 -1.2007526 2.2297971 -0.7977317 0.83163613
inducted -2.5751517 1.5789872 -13.548149 1.5170726 -2.6015213 -4.4609685 -7.2756243 2.1731424 1.316898 -6.8038135 -7.30589 -2.884251 12.229136 -8.973473 8.367675 8.971994 0.4869004 5.069425 -4.7472463 1.7963965
comprises 5.240418 -2.380207 -6.9470825 2.8431313 -5.55683 2.3789399 -4.4406734 -9.308135 -0.31565204 0.5901382 -11.200888 -0.4605025 5.937701 -0.87412804 2.060621 -2.7965658 -1.8472606 3.0000916 -0.37304696 -3.5150776
administered -1.87754 -1.9381033 -5.72169 4.5307455 -2.4757178 1.5233423 -4.1685247 -9.301316 -0.13243032 2.1347206 -7.8516064 -2.0500593 -1.5732644 2.6622818 1.6504352 2.4364386 -1.8116622 3.3569155 -3.081381 6.1561666
maintains 2.2163424 -1.3950868 -4.6831713 1.4776042 -4.0911684 2.580112 -1.7199596 -4.4940066 -2.5485473 -2.5188303 -8.002802 1.040471 0.62774307 -2.7662003 -1.3532715 5.1685557 -2.714291 3.1277714 -0.35977104 2.6121867
honored -1.8537486 -1.0127758 -7.6844163 0.4735857 -2.6416156 -1.146759 -2.4393775 2.222325 4.9625278 -4.97367 -6.658278 -1.8398273 5.4769373 -4.4809237 3.4885674 6.8896255 1.821484 4.5203853 -8.380005 3.4835353
owns -1.2644123 0.7917866 -9.04951 -6.3453927 -4.6975684 0.20180425 -4.691795 -5.128384 -7.203928 -4.499431 -4.8528314 1.6064235 0.48384166 -2.399304 3.45319 1.3307133 -6.709413 0.4882547 -2.4544618 0.043344416
comprising 4.7283144 -2.897724 -6.574405 2.0629942 -2.8356729 0.2660804 -2.2350743 -7.053638 0.83077043 0.09834287 -7.4039063 -1.1229666 4.1704993 0.5653217 1.8725649 -1.6454391 -3.0851495 2.318163 0.6377306 -3.590345
headquartered -0.29712704 1.2370523 -11.398263 3.5073862 -6.1779447 0.3066023 -9.727884 -4.6077476 -7.4757395 -0.40936935 -5.207503 -0.33573923 5.6558146 -3.6782708 2.4064915 -2.070759 -7.6793013 -2.3435793 -3.625032 9.806392
performs 0.5406214 -2.7253394 -1.4574895 -3.7856486 -1.4471087 2.3450341 0.34230712 -1.0462921 -2.5568473 -7.521358 -8.669975 -3.3761098 5.8178144 -5.6665072 1.6083196 1.5908276 0.9014234 6.6287403 2.9695718 0.63345164
cofounded -4.760386 -0.89715457 -4.0111303 -2.0219345 -3.7202566 3.4404519 -6.2503247 2.6738446 -2.8242614 -6.028081 -5.9928446 -0.6027234 6.1621127 -8.053271 1.6094915 3.6868463 -9.349261 0.03670235 -4.28358 6.3251457
accredited 0.35238132 -1.6639737 -8.119879 5.1377993 -3.029654 1.094583 -6.9740095 -6.2760625 1.7578754 -1.375587 -7.8424015 5.2342796 0.9622794 -3.9131546 5.837068 3.642507 1.8288895 3.6571848 -1.6734805 10.732781
partnered -3.036616 -0.25042155 -5.126754 -6.564245 -3.1430604 -2.4014783 -6.304498 1.4997082 -4.7329164 -3.7572994 -4.324955 -1.2914457 3.666315 -6.5010867 3.6606963 5.2913594 -2.0031948 0.25769618 -2.2340941 4.6248794
teaches -2.6131833 -2.3969452 -1.907068 1.106178 -0.48259458 8.462737 -1.346957 -2.0837536 -0.3056464 -8.749108 -5.689381 1.0984547 4.9266057 -7.712967 0.3614161 5.608771 3.3715343 3.9306045 -1.622339 4.117385
publishes 1.7465575 -2.054105 -6.550566 0.6689149 -9.70687 -0.037220847 -2.6772666 -3.2843335 5.7646723 -6.459005 -14.53106 5.9696712 2.7909782 -6.334206 0.33354792 0.47801912 -5.213071 1.7866291 -5.2970157 3.6431227
utilized 3.1862636 -2.0591393 -1.8487539 -2.3032255 -3.5854285 0.9674865 -0.074160635 -5.1381235 -1.0922806 -2.2915523 -6.205363 -0.8470206 4.481772 -1.0740795 -2.0005465 5.361078 -3.6873605 1.7057838 5.5982904 1.8458792
employs 0.712505 -3.2434065 -4.9973297 -2.4798753 -3.4789789 3.0504396 -1.6789969 -7.86776 -1.5606574 -5.2260585 -9.153813 -0.53558433 1.7225736 -1.9636443 0.8597416 2.3185742 -4.2959623 2.2593486 3.8822956 1.7160345
specializing -0.6471327 -0.8499017 -3.5438168 -1.7237263 -3.192584 7.485666 -2.0758734 -3.5651798 1.9242418 -3.3003924 -3.4458137 3.0475855 5.52769 -5.9426317 2.6874702 4.104467 -7.0624776 -2.1722915 1.4898757 5.987929
promotes 2.5818853 -0.42355245 -1.1012101 -1.2139928 -2.6420395 7.4917083 -2.92872 -1.3274785 -2.0108685 -0.6751253 -6.425199 1.2063295 -2.420094 -8.000299 -0.98021996 6.8590994 -3.299328 6.6320477 0.5262816 5.836944
pioneered -2.2083304 -2.2518418 -1.0080521 -0.7686469 -3.8309464 4.887141 -3.3380811 -1.8942796 -0.11724149 -3.1284893 -5.1263695 1.671374 8.288808 -3.287476 -1.402704 4.6264744 -6.528815 -2.1644804 3.8248136 3.536838
participates 3.8545837 -2.2921996 -5.6732354 -2.0153356 -2.4791815 3.976228 -4.007635 -2.81974 -1.6424924 -1.5673461 -8.080287 -3.6529627 2.218159 -6.2638245 3.4106665 4.111511 0.12683433 4.6883802 -1.0523272 3.8683734
specializes -0.9640367 -0.87409407 -4.3359623 -3.5390162 -3.1245124 6.500539 -2.4019818 -3.7990968 -1.0349082 -1.4369302 -3.7156417 2.3107374 5.985865 -6.7965775 2.258122 3.3133945 -4.178649 -0.90980613 0.793333 5.179519
attracts 2.2849665 2.1969512 -10.934231 -5.047992 -4.270595 6.1351137 -2.2623808 -6.3321095 -0.18317969 -4.235442 -5.7049694 -4.153716 -0.7097255 -4.7903047 -3.6720383 1.8729528 3.6387076 7.1206684 1.9750617 -1.877807
conducts 0.9749526 -2.385959 -5.5070896 0.45999065 -5.655531 3.2700608 -0.17998691 -4.2642107 -0.9337141 -3.5214913 -11.1225195 -2.0515265 1.4443614 -4.980729 1.3265423 4.189773 1.3496842 0.54862314 0.30974475 6.023833
multipurpose 4.0831437 0.57176507 -5.366519 -0.14209978 -4.508272 3.8377128 -1.6792983 -3.4973528 -11.690906 3.1382105 -4.903506 -0.6843468 3.9212716 1.0419042 6.8320093 0.084052116 0.82316405 1.7543508 2.1094704 3.8426206
staffed 1.0079833 -2.4974508 -9.105971 3.8684645 -1.3378963 0.57547575 2.1961792 -6.21395 -3.3962033 -7.1909747 -6.744719 -3.37821 -0.4755855 1.6441377 4.5076942 1.2650375 -2.7198052 0.5855852 3.1393542 3.7227552
overseen -0.6760844 -2.3872647 -4.341341 1.8149468 -4.349406 1.4466748 -2.9515753 -0.6361436 -2.4137383 -1.5306876 -7.0776434 -2.6062772 2.23554 1.5665762 3.0663562 5.1055107 -4.448393 -1.5916116 -1.7817355 2.3388627
organizes 6.4400434 -2.5126493 -7.1704507 -2.8495703 -4.7951107 5.4510403 -0.9195129 -1.4266793 -1.9543613 -4.320321 -9.183258 -2.44164 0.04628626 -4.702017 3.4824026 3.4902835 1.9465407 5.266656 -2.4120135 5.4557347
boasts 1.6902438 1.6633071 -6.643039 -1.4458063 -4.101594 5.048137 -2.6698213 -2.9692283 -1.8099842 -1.8351231 -5.323721 0.22011906 3.2533581 -3.0266798 -0.25361085 0.76652485 0.87184095 4.101066 1.9739954 -4.558769
oversees 1.3275057 -2.7412827 -6.429852 1.541143 -5.048973 1.5643234 -2.3801792 -3.6737244 -3.9765835 -0.11052167 -10.543876 -1.2714769 -1.2381215 -2.606489 4.4582834 6.877482 -3.382803 -0.02266767 -1.797732 4.639493
collects 0.67736465 1.4574667 -2.4640448 -4.5689344 -5.0430465 -0.53283983 2.3306139 -6.1377597 -1.657352 -3.122404 -6.037083 1.8449982 0.9325181 -2.0260782 -1.5138007 2.789287 0.22539422 3.392374 -2.66258 -0.031128744
specialising -4.058073 -1.2534536 -5.582509 -1.3343847 -2.4663806 7.807772 -2.8170965 -2.9435315 3.416081 -1.8696154 -2.5331964 4.190894 5.88363 -2.23715 3.4302554 3.2531724 -4.4294596 -1.8708394 3.8578808 3.9587128
sourced 0.31218982 -0.12897688 -4.815005 -5.014125 -5.521499 -0.24858278 -3.3636003 -5.3323197 0.27402827 2.1283944 -6.2474785 2.8684196 3.1573722 0.20204946 -0.8400442 0.00417842 -3.9607894 3.2330723 2.704527 -0.17420809
administers -0.6798439 -1.4720716 -6.472496 0.730066 -3.8243933 2.7947822 -3.2289972 -6.6200037 -3.9653172 1.6969627 -9.06142 0.24967729 -2.2216566 -1.3682702 4.3197565 3.3089998 -1.537638 3.3443086 -3.8221061 3.9117653
distributes 1.176326 0.74195015 -4.2434754 -6.2251215 -5.427802 -0.2485022 -0.95172435 -5.57493 -2.825118 -2.907284 -6.8084984 4.9853706 -0.53172785 -3.9299855 0.51002204 0.509263 -4.840463 4.1058683 -0.043846276 3.9086337
specialises -3.652194 -1.319853 -5.6489773 -2.8177226 -3.0945492 7.001747 -3.5105922 -2.8591168 0.8117503 -0.545938 -3.5229511 3.7534032 5.604835 -3.5365112 2.0808818 1.9549656 -1.7881758 -0.8135958 3.2155147 2.706978
caters -0.7162094 -1.13284 -9.281255 -0.5149578 -2.4956927 6.8269534 -3.5054448 -7.6323004 -2.0718012 -5.8971124 -6.9613943 0.4564234 -1.5017518 -3.5921104 2.1908398 -0.5587426 1.0367179 2.8170316 3.9380918 -0.75843817
organises 3.01478 -2.2394257 -8.966985 -2.2331772 -4.8684635 5.378118 -2.8990147 -0.23674148 -0.9853151 -3.5262387 -9.452691 -1.7425417 -0.095736444 -2.469818 4.3055325 2.5836895 2.9255092 5.311889 -0.57850206 2.7939205
integrates 4.0813074 -4.0038605 0.8794503 -2.1253495 -5.4769254 5.028917 0.44452006 -1.6535496 -5.001692 -0.6548822 -9.165217 3.1993709 2.8416533 -4.0441723 -0.67342275 3.4291253 -2.1723056 2.0008144 2.2079062 3.0907257
collaborates -0.54188484 -2.296348 -2.6727595 -4.195905 -3.6182437 6.359151 -2.9261403 -1.7940924 -0.7113792 -3.8854082 -9.067825 -2.7312844 4.1849413 -6.8768816 3.3337443 1.8444618 -7.2563024 2.8979785 -1.3627114 3.365976
catered -0.049687214 0.07648189 -7.6834245 -1.0080024 -1.3837578 5.976252 -1.2094984 -3.4179394 -1.750781 -7.2718034 -3.9543636 -0.4713908 -1.5099685 -1.0599431 1.1021565 0.95310587 -2.916147 3.7007985 4.2862277 -1.9800743
accommodates 2.316765 -0.32377064 -4.913768 0.76054376 -4.0586257 4.713764 -0.7776552 -6.8231006 -5.845034 -2.3739262 -8.040951 -1.6948171 2.3753438 0.3512459 2.6855514 -0.63575304 1.5913076 3.1432683 2.9460158 -1.0766066
undertakes -0.7815358 -2.172488 -3.2134657 -1.8923568 -3.7320843 5.153711 0.6178025 -2.1764858 -0.40564585 -0.7088039 -5.7381945 -1.6891674 -0.32064465 -0.19469953 -0.20575123 5.3545723 -0.047973502 0.46964976 0.28143767 3.0568533
educates -1.0253468 -0.4933808 -5.1500955 2.3241334 -0.75156844 5.729458 -1.0653788 -5.8528743 -1.8639306 -5.021248 -5.1703734 -0.36205164 -1.3247875 -4.639028 1.8144437 2.5264413 1.8524632 2.7892103 -0.63210845 1.5822345
invests -1.1831448 0.70086515 -2.407198 -6.19424 -4.293126 4.4182153 -5.0437026 -2.8577523 -3.4181192 -0.25689164 -3.653404 1.4165217 -3.0000541 -2.9934094 0.2094138 4.477032 -5.195547 1.0086664 1.0809395 1.0292182
cooperates 1.6832418 -3.443534 -2.3826025 -2.0379012 -1.7990574 4.531369 -1.7403619 -2.8860044 -1.0367588 0.48391324 -6.777595 -1.7395571 0.46439472 -2.190465 3.4584687 1.3752582 -5.6037908 3.8437524 0.011342199 6.331861
colocated 1.1769071 -2.354121 -4.7929177 3.5918968 -3.1752439 -0.07059491 -0.23928429 -4.6158705 -6.0533867 -1.0684977 -6.2851315 0.0194174 3.3606832 -1.8224989 1.4313252 -1.4883121 -2.1338696 -2.1759977 1.0029874 3.953043
supervises 0.4520869 -3.6440072 -2.7370348 0.47972807 -2.3336606 2.4933658 1.1188524 -3.4970202 -4.4146667 0.32001674 -7.961493 -0.6888502 -2.2113028 -0.37778813 5.2349215 3.858564 -0.91934633 0.9693856 -0.6817907 4.529864
donates -2.8693137 3.8980165 -1.7579515 -6.9972734 -3.6066067 1.574445 -2.848947 -5.648914 -4.3517423 -3.901246 -5.0085855 -2.351611 -1.5257878 -2.1784444 2.2436726 4.0940404 -0.5778206 5.5225782 -3.1474092 1.5781018