Centroid_46 4.5127199525675685 0.8023257345405406 -3.0794501407567565 6.495420798648651 -0.6912476609054056 3.3800743109864877 -3.411051641486485 -4.339003848837839 -1.2522487286486488 4.219860510094594 0.5572104364351351 1.39247117 -5.474675014108106 2.070519052972973 -0.2649345108513514 -5.234809589324323 -2.071911857418919 0.7049156896581081 -0.45862801608108084 -2.546493684054054
area 5.4733176 6.358216 -5.1978526 8.12621 -2.36051 3.8689945 0.52876 -6.6673827 -4.9746475 3.8197167 3.4200604 2.6698997 -5.3003283 0.77197665 -1.9852927 -4.80215 -0.6851807 -2.535944 2.469943 -2.1844938
population 4.1907153 3.659059 -2.3432968 8.025644 0.5748588 4.4269056 -4.2356086 -10.990345 6.3186817 3.4486597 2.9061208 1.4354371 -15.808548 0.26565567 -3.9983556 -9.887127 -1.6478868 0.3799635 0.19448489 -3.0124936
village -1.5780841 1.738113 -3.9261687 6.2778373 1.5624962 9.136979 0.360815 -5.7487526 -6.4623494 -0.013200403 3.3713217 0.41998848 -3.9271848 4.3150125 -1.0555528 -10.433905 -1.4328103 1.7926168 -2.8819826 -5.4237833
region 7.515558 0.4627555 -3.5423152 5.5059137 0.007914614 6.155615 -4.7320933 -4.786396 1.3213707 9.478618 4.281891 3.0244167 -3.9304955 -0.6085034 -3.4631584 -7.259404 -1.2326216 0.22647424 0.794488 1.0161281
capital 3.437765 0.08654498 -4.6756463 3.1067743 -1.5554438 2.2825608 -7.3715234 -1.2190977 -3.449235 6.8121057 3.2866964 2.327827 -8.384316 5.1330276 -2.198477 -4.369801 -1.4271582 1.1399621 -2.277852 5.4706497
province 2.5376086 -3.5602946 -5.3376994 7.270469 3.3037312 4.9073095 -8.496288 -3.9288335 0.5735195 11.940197 5.275667 -0.87416846 -7.333027 2.4071202 -1.5362947 -8.196973 -0.2573217 0.0344914 -5.6309485 2.8166058
regional 8.842471 -3.270634 -7.2737975 7.5323954 -0.77723235 0.90829116 -8.093006 -2.210306 -3.1742256 2.9468138 -3.5421662 3.9029014 -3.403547 -2.413557 3.9333367 -2.0478537 -2.0690148 1.2068716 1.2823766 4.0626884
municipality 6.4453325 0.14224206 -0.8035314 6.6761837 -0.3258562 7.0894947 -13.834406 -8.055482 -7.793861 6.2319736 2.9639978 2.644911 -8.592822 6.5206294 3.6774838 -14.598415 -3.0354128 2.774463 -7.0554 -1.448509
cities 10.115575 4.168987 -7.3892007 4.381145 -1.6001986 4.0208817 -1.2653557 -1.5262121 0.6349972 2.5396547 3.9426355 0.39411592 -7.584475 1.0457319 0.34008765 -8.112067 -1.6591955 -0.036516614 3.2461607 -0.5512732
rural -0.9916325 2.0407164 -4.1535378 7.804224 0.12271893 10.589595 -3.8281136 -6.655569 -3.5296593 0.28788665 -1.8887174 -1.1947192 -8.167755 -3.0740852 -1.5359564 -3.8105578 -6.098709 0.7808263 2.5059018 -3.5183868
border 5.2828355 -2.0393107 -5.807809 8.021847 3.2763443 -0.71416205 -0.83258384 -2.3408089 -4.7527003 10.343541 4.6756864 -1.7540648 -3.9174001 2.0465205 -6.091812 -5.175654 -1.9776902 1.9455576 1.8564811 1.8357023
territory 5.5111637 1.3137095 -4.339744 8.687804 3.5920322 -1.596723 -0.700145 -2.1595538 0.42681092 10.2557125 8.660421 1.1849954 -7.7915273 4.7540646 -3.851258 -2.728894 -3.4595606 1.0570974 -2.0024736 0.9663956
administrative 4.872318 -5.898105 -2.3216789 10.550844 -0.79735154 4.521526 -3.455162 -7.709101 -3.9966497 6.6646357 -7.236306 -1.6686488 -5.8573437 7.497215 7.015306 0.12517776 -2.7473552 1.1780334 -1.3146846 6.1783214
settlement 3.4317412 5.131046 -1.9566689 7.8315864 -0.80881274 2.3774092 -1.2061121 -3.436485 -0.29307935 4.4005246 7.4862127 2.1970005 -6.3226137 6.9110827 -4.8567996 -5.6718082 -6.2587943 -0.7473616 -4.226371 -1.3231629
communities 6.634711 5.634082 -4.4481273 8.310559 0.19626395 8.227263 1.2712866 -3.8629348 -0.48513052 0.3350476 2.531012 3.408498 -11.46662 -3.3781629 -0.39410096 -2.2680647 -5.5537877 2.4329796 1.557569 -0.6021908
towns 4.336219 2.599476 -6.3483505 6.6053786 0.12755077 4.813833 -1.9009361 -4.4051175 -3.33761 0.90912557 4.1337132 -0.31373402 -6.3777375 4.27804 -0.86392146 -7.597577 -3.7636192 -1.073932 0.8484401 -5.103175
regions 9.2488575 1.3218086 -3.1211553 3.8012865 -0.29949006 4.856897 -1.4241847 -5.8868284 3.9207118 9.650157 2.0272908 3.3847046 -5.7854853 -2.2054157 -1.75341 -6.408566 -1.5977995 2.3752205 4.7608523 0.48540714
municipal 4.717629 0.098783836 -4.713601 8.170702 -3.7236905 1.4397097 -8.701381 -3.5663006 -7.9729085 2.0999055 -4.254274 -0.4964409 -7.520715 5.456612 4.6222167 -1.3249565 -2.9149249 0.0028798087 -3.6740725 1.9496002
villages 3.7016404 0.46034893 -4.679735 5.251239 1.222464 8.213239 2.4799936 -7.944001 -4.021635 3.1148517 2.0119703 -2.030554 -9.21397 5.390347 -0.10428582 -13.080639 -3.3687584 1.2387848 0.19793019 -6.0710454
inhabitants 6.3430357 1.4671973 -2.0402913 2.3120825 1.0324786 6.016801 0.15000501 -6.897172 2.7672565 2.0911646 6.2552414 -1.0047724 -9.495027 6.094874 -4.692445 -8.831836 -1.4374372 2.097733 -3.3428297 -3.4128022
counties 1.9352633 5.0931287 -5.697999 14.23578 2.1081803 -7.557173 -6.179598 -5.7832575 -0.44897106 6.179645 1.5472176 2.6701357 -6.0446696 -0.72524756 4.360702 -3.4183114 -4.386077 -0.76167786 -1.72777 -9.082407
demographics 0.70448667 0.69531786 -5.070609 4.2184463 -4.118229 1.4887743 -3.790735 -8.001301 -2.4113064 1.238886 -4.3826537 1.3755809 -4.560207 -3.1915576 -5.4284062 -6.330631 1.2044399 0.11141091 -4.276869 -2.0335019
boundary 4.551345 1.3897606 1.4170202 12.112164 -1.6742307 -0.5177854 -4.056412 -3.6825051 -4.7005816 9.425393 0.7930388 5.9404955 -1.8163879 2.253061 -7.663342 -0.41585276 0.903059 0.79028755 1.2211617 -5.917334
provinces 5.5375066 -0.8762927 -5.4305634 7.0135293 1.5444177 1.3651761 -3.3571715 -2.4545903 4.7300563 11.685366 2.9013834 0.69532603 -8.48003 5.2208033 1.1381515 -6.469999 -2.550612 2.4077265 -0.26512256 0.09525768
borders 5.45633 0.8941224 -2.9115741 6.5127635 0.044774912 2.5140553 -2.9330912 -1.8419259 -1.9635152 7.759076 1.8798958 0.7532475 -3.771571 2.6775374 -4.0870934 -3.971759 -1.4809213 4.553592 -0.4868857 -0.72629553
municipalities 9.561727 2.1190555 -0.39928296 7.145654 -2.0263815 2.4352753 -9.303129 -6.6237874 -3.8534043 7.59996 -0.4700691 1.0581506 -11.718165 5.1751046 5.6900754 -10.861882 -4.3966923 1.531997 -3.4258173 -2.3326669
boundaries 7.138729 2.642095 0.99485534 11.008252 -1.6061801 1.2783662 -1.4087205 -1.2859963 -1.8908436 5.563618 0.0010164002 6.81202 -6.9454145 2.0403385 -4.5468516 -0.7181233 -0.8747725 3.1444702 1.5771238 -5.7862005
settlements 5.202188 3.7563286 -4.233798 6.983192 -0.8387228 5.3716373 1.3486942 -5.493826 1.014038 6.685273 5.191358 0.12395679 -6.5799146 5.557663 -3.010044 -8.565851 -7.3305345 -0.8837697 -1.4264315 -3.692871
centres 3.2490315 3.8958998 -6.442829 3.6516848 -5.2114186 7.920235 -1.266374 -3.1502326 -0.53499144 0.3076274 -2.9719017 1.6094369 -4.626448 0.5552757 2.4528506 -4.711734 -0.9506312 -1.0824677 4.6885943 1.2456619
neighbouring 2.4450517 -2.9719899 -5.0563602 3.4662144 2.44109 5.4577584 -5.655271 -6.513345 -2.9636447 1.3883862 2.7714126 -0.33004302 -4.018489 4.9014287 -2.8580072 -3.8855984 -2.085949 1.6884031 1.1757058 -3.8096225
suburbs 3.2174468 6.867484 -5.930231 10.307505 0.012370927 4.420912 -5.2468114 0.9422654 -4.8269296 0.3414761 4.7786098 -0.5380719 -3.5572188 -2.2064373 -0.9231572 -7.5444865 -0.78880274 -0.76435405 5.220891 -4.8675733
geographical 6.5878773 -3.3402052 -3.4141994 5.4546046 -2.719856 5.890381 -0.5875011 -5.6451197 3.5114033 6.7167926 -2.9549365 8.461056 -2.2568738 0.3118449 -3.0192907 -0.22089162 -0.78285724 0.72835857 -0.4239459 -1.5659543
locality -0.7408092 1.5593593 -3.10579 5.544235 -2.0317967 7.3168054 -1.2492677 -8.44973 -2.0702066 9.572442 -0.2996056 4.195791 -0.039742894 0.11195353 -1.5728695 -8.022125 -2.9355083 -0.31764007 -3.8218522 -4.287006
neighborhoods 7.9552755 8.604758 -2.247686 8.615154 -1.5413601 5.1163645 0.51753336 -2.279637 -5.7306447 -2.4250114 1.3930755 -0.7369559 -8.419952 -4.853745 -0.52336425 -5.074603 -4.474616 0.97950953 1.7754694 -6.5492277
neighbourhood 2.1947298 2.818351 -3.6820755 4.8508654 -1.6584443 7.648744 -2.0599859 -0.3956051 -7.097473 -0.6357416 0.47149947 -0.28402326 -4.099162 0.773846 -0.4683681 -5.8403325 -1.5532125 0.9684868 -0.2451559 -4.314776
townships -0.34207556 4.289002 -4.812046 12.115027 0.74625903 -4.7277517 -3.1397495 -7.633651 -0.5677435 1.4192927 -1.4849784 1.6702567 -5.0403996 -0.5346142 2.82401 -8.226059 -4.260552 1.0650045 -3.4448211 -9.351959
subdivision 3.5743504 0.15037197 -2.2486174 8.637767 -2.1527398 0.032949883 -4.344517 -3.9840233 -6.2842193 4.1146183 -2.947456 3.0638635 -2.431753 -0.61331445 1.0411998 -3.5762868 -2.3989294 -2.5043755 -0.44111675 -4.866341
constituent 5.3292794 -4.1470327 0.38064176 5.948623 0.29274517 0.11061952 -5.518641 -3.153414 1.0919383 3.221581 -3.8588555 3.6524951 -3.5795715 3.9472475 2.5951757 -1.6551749 -3.4915767 5.189978 -0.36266482 2.1639955
subdivided 5.4554358 -3.5815825 -4.123516 3.4821098 -2.6842647 1.0237465 -3.7508273 -11.59378 -1.2947749 2.6008267 -6.9793425 -1.881397 0.21204525 4.1276374 2.3350222 -2.485614 -4.1963186 0.29737806 -2.075464 -6.3751845
localities 5.01872 3.7060912 -4.3093987 5.015858 -1.765565 4.901275 1.40456 -8.399295 1.4785416 7.9744315 -1.4410259 -1.100303 -4.620679 0.79291993 3.3732512 -11.953804 -4.048247 2.1184409 -2.7830079 -4.859878
communes 11.172993 -3.8533566 1.475609 5.7019687 -1.7670637 5.3572702 -5.6362514 -3.2245984 -0.12347604 4.0667906 2.1874049 1.2018005 -7.92062 8.503298 4.3618636 -10.01677 0.087868325 -5.250842 -4.591759 -3.4937687
boroughs 2.4869254 5.7489357 -2.6891212 10.168961 -1.7653723 -1.3986664 -5.5093307 -0.72016096 -1.2952325 0.29069054 -0.74351865 3.2981892 -7.26997 5.5602903 2.60918 -6.558712 -3.7002668 3.809851 1.6854349 -8.4457855
subdivisions 6.483025 -0.44306958 -2.5163028 8.333653 -1.3304111 2.9611034 -2.3163965 -5.894951 -0.32092494 5.2735667 -2.3849497 2.634111 -4.8213115 2.2419286 3.3201704 -6.2199364 -3.1306965 -1.4048274 0.2381023 -5.061102
populous 5.2968855 0.80519015 -5.831776 5.4849105 -1.7957845 -0.7755493 -10.51434 -4.2040653 4.495627 5.734954 -0.69870836 0.23918222 -4.4014716 -1.1016777 -2.8273816 -5.748815 1.3519315 2.17727 -3.564646 -5.149067
geographically 8.264098 -1.0757142 -1.9632772 6.50218 1.6641755 3.3130047 -0.8162511 -6.080623 0.29969242 4.271858 1.7308843 4.45797 -5.0354223 -1.4263817 -1.9494642 -3.846395 -1.5100362 0.89376235 2.4650235 -3.314202
administratively 5.380933 -3.385445 -3.2483516 7.898077 0.64830875 3.5518606 -2.9403436 -5.709897 -2.321697 7.8365474 0.095974796 -0.60451937 -4.2929835 4.4459224 1.225932 -6.630734 -2.1652405 -0.29815194 -2.8618293 1.1507769
dioceses 5.7529545 3.269163 -0.5330574 12.039299 -0.39415953 2.927154 -2.992688 -1.3639909 5.5541186 3.0575933 0.3397742 -1.7863169 -5.624257 7.689387 4.5317574 -5.012422 0.4866582 3.8421254 -5.27887 -2.2870765
demography 1.0282314 -0.7892383 -2.5226285 5.7986436 -4.248776 6.1692967 -6.043613 -5.867174 4.463837 1.9062105 -5.3098536 2.65525 -5.780414 -0.5106474 -1.3956666 -5.35222 -1.0732428 -0.9866992 -3.6267037 -3.6034124
neighbourhoods 5.1768174 3.7401395 -2.9371483 5.937494 -2.0290344 6.6257067 -1.5751476 -0.8893997 -5.2545815 0.7173042 -0.52405536 0.13937977 -7.0032873 0.26968777 0.64966524 -8.012347 -1.936186 1.1619895 1.8356204 -6.856359
taluk -4.3623033 -4.401219 -7.1274467 10.210045 -0.867922 8.302952 0.97992563 -5.5387287 -5.529281 3.519165 -4.36748 2.740923 -12.335821 0.73545283 -2.3736973 -9.501031 5.4734707 -0.78359586 -2.5135217 -6.215182
outlying 4.841243 -1.3336484 -4.8429217 5.26253 0.39843178 4.0505834 -1.5533041 -8.525935 -3.7821205 -0.8480024 1.0464007 -0.89673597 -2.5142043 2.7061176 -2.754434 -2.6670315 -3.1141891 -1.5232346 0.94336605 -3.3713822
contiguous 6.7635016 1.2561649 -3.0836182 5.1772323 -1.8529447 -1.1871217 -1.2825389 -8.954551 -2.2864335 4.034215 -1.7350729 3.2136288 -2.108435 0.26040217 -3.0986915 -1.6140593 -0.21170376 2.3949177 0.4457879 -4.0795956
cantons 8.156129 -2.6007638 1.7600564 4.5690227 1.2359551 3.1352344 -6.7369404 -5.5726833 0.24923858 3.7940931 1.8113464 0.5213664 -5.2327952 7.5991087 5.151867 -2.4631526 0.029869344 2.4733834 -2.8690329 0.70206934
enclave 3.8364341 0.38731328 -4.5206594 4.3586264 0.83304405 5.5748878 0.5069745 0.078093626 -3.186621 3.7411249 3.4844766 -1.3406299 -4.4215245 2.29942 -2.4895914 -4.7510605 -4.1344447 1.1924711 -0.6275131 -0.7262423
censuses 5.308012 0.7162231 1.233227 8.27544 -2.2930148 -0.14939454 -1.1052805 -3.6543171 11.278284 1.9685892 0.51477724 2.9105077 -9.580846 2.3673394 0.6410665 -7.7582717 -0.6366592 -4.58995 -4.2352567 -0.9691907
hinterland 3.0344756 0.68319356 -4.244868 2.3477628 -0.15348947 5.80419 -2.0622153 -1.4166304 -1.360847 5.417792 5.011589 0.074460454 -3.0486476 2.2473838 -5.320094 -4.5311847 -2.5744188 -0.7687717 2.717009 -2.2847068
precincts 3.021887 2.8799286 -3.4818935 7.6962266 -1.7786149 -0.5147695 2.860223 -1.0119158 -2.3628485 0.98695123 -2.4426074 -0.75885594 -6.073329 2.1418412 1.3833648 -2.4452233 1.6731142 1.1607728 -1.7943983 -5.060263
cantonal 4.067809 -3.6550827 0.095415264 4.2318697 -0.61612386 3.1031713 -9.002528 -7.699225 -1.1732688 0.51130456 -3.5740387 1.1568699 -7.4022393 7.053445 6.375851 0.12162047 0.1290045 1.4645706 -3.0011609 1.2415053
urbanized 5.8841915 -0.23782401 -1.7204355 2.8731172 -1.039372 6.9678397 -5.743409 -6.0312843 -0.8416441 2.491586 -0.83154744 -1.7429414 -3.4272497 -2.5326848 -4.2052126 -2.5150442 -4.4420877 0.8636176 2.5119252 -4.5089607
agglomeration 5.380757 0.48192257 1.640336 4.349554 -3.5297394 7.862983 -7.404861 -3.293799 -2.650921 4.0477633 -1.4598418 2.5005648 -5.745297 2.0513759 -0.21190937 -8.226641 -0.45427084 0.23929687 0.38566545 -0.5699045
subregion 3.83996 -0.46014884 -2.7225058 3.1314783 -0.08073818 4.5662403 -5.547102 -3.1139097 -1.7150247 10.530774 1.5056783 3.4912643 -4.319316 -3.191661 -1.1596938 -6.4559937 -0.8399864 1.4765949 -2.3768623 -1.1385143
enclaves 6.5283737 0.95661384 -3.6347535 4.3237777 1.1341348 3.5136373 0.37722287 -2.3659248 0.9882604 4.5876694 3.2658453 -0.16477634 -6.903915 1.940729 -2.0732896 -4.8794465 -4.5278835 2.3952146 1.4583883 -1.9527086
twinning 5.1125693 1.088438 -0.09790596 3.0763943 -2.3067641 4.2350183 -5.958284 -1.3452095 -2.01699 0.2724263 -0.6768726 1.1399039 -1.713472 2.401084 1.7992684 -2.0971587 -0.032258417 1.2981356 -0.07497708 -0.20798495
nonmetropolitan -0.40014312 1.7562329 -4.4980025 12.994082 -1.6462677 0.34030104 -6.748304 -3.5150578 -2.4420574 3.863972 -1.7231864 2.497447 -6.272178 6.7109632 1.0855889 -2.980273 -1.9629937 2.6474698 -0.22753303 -6.0645275
conurbation 3.2443004 3.0161684 -1.9966673 5.261205 -2.3573382 5.41415 -8.12461 -0.76052123 -3.4897082 4.1579814 2.0593028 1.5223134 -4.4556475 2.4967475 -1.8134446 -7.8059855 0.010166079 0.36313418 3.661437 -3.7469313
exclave 2.8382227 -0.14975674 -1.3163865 5.3030953 2.1722233 3.1671085 -4.611693 -3.3455734 -2.5785713 7.4689674 5.2868223 0.08332992 -1.8988037 6.841771 -0.1643414 -7.7889004 -2.2160985 2.3423188 -0.32288224 -1.5812366
provincially 1.3363721 -0.36795565 -4.1850386 6.554475 0.3184938 -1.699345 -4.49044 -2.7197793 -0.5370627 3.3706312 -1.101 6.0898705 -6.1375523 -0.6133255 3.4246523 0.62099504 -3.30903 -0.8866633 0.24013565 -2.7687225
subregions 6.9720054 -0.1602369 -1.9162444 4.300298 -1.1456248 1.8728983 -1.7093936 -3.658728 1.6839986 7.4267864 -1.2843728 3.6750073 -3.5426157 -1.8146394 1.9637176 -5.9230475 -0.6726789 -0.35917363 1.611105 -5.4385924
coterminous 2.2336519 -1.4864029 -1.727597 6.1384625 -0.78444916 1.6248436 -5.211975 -3.9619055 -1.0836732 2.3529992 -2.688103 1.4627047 -2.3822784 1.8573792 -1.7070452 -1.4220209 -3.4167595 2.3931015 -2.2561383 -5.350102
physiographic 6.563979 -1.9163418 -2.8042994 7.1954355 0.4741435 3.1893926 -2.3306003 -6.288994 0.8449848 8.510266 -0.9602889 2.5537717 1.4618895 -3.1674292 0.182569 -1.9756579 -1.3249673 0.05633923 1.1268167 -5.116548
municipally 4.590329 2.221272 -2.5586765 4.1516967 -1.670521 0.1394391 -2.2781768 -2.3075535 -3.5836291 1.768217 2.0912395 2.3834631 -4.297571 3.144669 4.679004 -4.5586042 -3.9129868 -2.143023 -0.6771178 1.575735
amalgamations 3.5529032 0.64919394 -1.565722 4.529451 -2.043536 -1.0184358 -4.115851 -0.54798365 0.6768519 1.7765896 -0.5536896 0.19040085 -4.2736025 5.326391 0.97611225 -0.9335003 -3.1702743 -0.59916794 2.650244 -1.4772412
urbanised 1.9881738 -0.3983052 -3.207649 3.0494351 -0.5456435 6.4307985 -4.430162 -3.9598398 -0.4191443 2.0639808 0.5062216 0.045248426 -2.4458365 1.0073475 -3.3769686 -2.792253 -3.346801 0.6950496 4.450796 -4.3619766
agglomerations 4.464913 0.9517558 0.15526634 2.8656847 -1.9194487 3.6349304 -2.487082 -2.200032 0.24807431 3.2072902 -0.8911357 2.5901022 -5.329384 0.14744368 0.037186917 -4.204442 -1.2430491 0.8855155 0.77483726 -3.1256309