Centroid_50 2.6359586395524475 -1.1649303050454545 -6.080726813986018 2.1877105946013984 0.5168583022027975 -0.5270123161188812 -0.3321310258741256 -2.7206688612517484 1.350496926769231 4.605815193776226 4.859203802097904 2.5125752019650363 0.28031581123776234 -1.85579830613986 -4.287728356853148 -2.2179911127762235 -0.6319620151769229 -3.0681719942608394 0.1336195561538461 2.1995250040629375
south 1.0206076 0.44449988 -10.6049795 9.473415 2.36427 -1.4728894 -5.430759 0.12875384 -1.5695416 3.1559598 4.8695936 2.8114583 1.23883 -3.005049 -4.4622 -2.696807 0.56688404 -0.1716186 3.754088 -0.81062055
north 2.4672406 0.9635884 -8.9427395 10.035655 1.8659626 -2.25377 -4.328096 -1.0106076 -3.1981285 2.1482935 5.1878924 2.5368745 2.8511295 -2.6612651 -4.9533906 -3.7458854 -0.056982514 -1.428953 3.4625535 -1.1969223
island 0.7626569 1.9979521 -9.41804 2.944732 -0.38142693 -2.1922457 3.4229407 -3.873996 -2.1549475 3.0144918 7.9701667 2.942861 0.791408 0.46998844 -6.4016976 -4.8179593 0.12864155 -5.6201425 -3.721912 -2.339285
western 5.0512505 -0.7766851 -7.9596925 7.971573 1.5351688 1.2317659 -3.7991967 -0.9686923 1.4385906 2.7143667 4.318493 4.187777 1.5627785 -2.1825364 -5.3177 0.06894668 -1.2434255 0.20544265 3.4059258 -0.05128302
northern 4.3879876 -1.301473 -9.113132 8.149533 2.4807463 -0.15047 -6.137199 -3.5499775 -0.27682146 4.7595983 5.0316505 1.6745831 -0.056515176 -0.2337477 -5.549499 -2.161072 -1.2092159 0.4327435 1.7504618 -0.7538551
southern 5.671295 -0.44465593 -7.476454 8.375787 2.641083 0.0836171 -5.146268 -3.922654 -0.9717323 2.760084 5.3033404 2.3421786 0.8339113 -3.1676319 -5.185449 -1.4924315 -0.852313 -0.0034669833 1.1098717 0.6969753
canada 1.4125265 2.6091163 -8.651059 3.9347217 -0.21801938 -4.045199 -5.7699566 1.4049727 2.7512324 0.18140897 4.3487372 7.4104543 -2.8689795 -2.3750944 1.4345942 0.04976526 -1.7744808 -0.5431411 -0.34169677 3.73671
america 7.4308667 0.5622412 -8.072591 3.3032718 2.0242457 -2.7327528 -0.81930786 3.221918 4.7219005 -4.5442424 7.621105 8.712424 -0.7755961 -6.4761324 -3.369933 0.5302745 -2.8112416 -0.47824347 0.53069437 2.267958
eastern 7.1017118 -1.700898 -7.326987 9.69224 2.934208 0.74427015 -4.342689 -3.514441 -0.047000512 4.1064115 4.62102 1.8090433 1.5360271 -1.3269857 -5.454593 -2.5852423 -0.12064122 1.3853655 2.4815238 0.43925124
europe 9.202488 1.2691854 -5.767467 1.2745327 0.5779383 0.5368431 -2.7321122 1.6449846 7.917324 -0.93528163 8.258705 5.530284 -1.0034229 -0.17743634 -2.1968155 -2.793594 -1.068798 0.20376652 5.389723 4.944656
sea 2.0132513 1.4096571 -6.9681425 0.057124607 0.8396806 0.2954151 3.9495244 -6.0042963 -0.41761807 8.619625 8.901065 1.3740253 3.0819082 0.76487523 -7.3353896 -2.22224 5.5408354 -2.6236413 3.8636916 1.8322493
china 3.7745209 -3.2778437 -6.344058 -0.26049706 1.4220365 0.5953896 -1.911361 -0.012809109 4.3626657 2.4278579 6.4783587 7.1715426 -4.9524584 0.82173896 -4.688825 -2.6218739 0.89826894 0.7259142 3.1419272 9.487471
coast 4.154337 0.7152491 -12.414816 4.2404575 1.4664962 -2.945289 -1.0141121 -0.9079018 -1.6580513 6.638757 9.468516 1.8025731 2.663206 -3.4703505 -4.87678 -3.5492842 -0.1800721 -6.0534096 3.369982 1.2525938
japan 5.9506607 -2.4817715 -6.0779543 -5.0625067 0.07492565 -2.5657716 -0.6547904 2.9245625 5.0101314 0.76710093 6.669001 4.6957183 -1.2641182 -0.5364258 -1.8171352 -3.783029 3.1862657 -0.88886714 4.162656 9.594956
africa 4.1338644 -2.0222762 -9.674636 4.340423 4.0851016 0.89720756 -2.3803422 1.7063928 5.9396987 2.79687 8.7273655 6.00264 -3.2589095 -5.089552 -4.6753507 -1.6961191 0.06260361 -1.1762397 2.9018247 3.329947
islands 1.7082356 0.027589554 -11.250304 0.8515513 -1.3940535 -3.3249369 3.0554442 -4.150532 3.293876 11.0966015 6.253262 3.19053 -3.5248327 0.39463463 -5.955653 -6.5096226 -2.853154 -6.1956444 -4.131719 -2.8374605
pacific 7.663383 -1.083109 -10.607391 4.512725 -0.38092944 -4.439542 -1.5687094 -1.1122638 -1.1267081 2.1534452 6.379617 5.4447083 2.3451657 -6.356643 -3.7087314 0.52118796 -1.8582476 -8.353914 3.1289425 5.0273304
marine 1.9194944 -0.30408308 -7.4384575 3.9525497 -1.984939 -0.066190824 3.330679 -8.27936 0.6663706 5.268535 2.3432324 2.6393418 4.3523684 -1.4883476 1.3170267 5.4167047 -2.0567815 -9.75255 0.8456407 6.215509
southeast 3.3836434 -0.84930944 -6.8928456 7.474788 1.4651818 1.2258369 -5.0969687 -5.505061 -4.503496 4.691013 2.429589 1.0178567 3.4731464 -4.9362593 -3.7210557 -7.703476 1.2260936 -0.43302587 0.18176197 0.105697565
asia 7.5241523 -2.4905565 -8.800828 2.0363777 0.3143194 2.793602 -1.6913824 0.31787106 5.821239 4.7082496 4.181627 6.852742 -0.7812551 -5.848947 -3.976743 -4.85559 -0.17633839 -0.56137425 3.5172672 4.717687
atlantic 6.9510674 -0.20690991 -7.969649 3.601327 0.38809952 -7.016571 -2.7652266 -0.7620112 -0.302681 1.229801 7.408897 4.8378553 2.296329 -5.010674 -5.251201 1.0810755 0.01671046 -5.939359 2.3669307 2.7572057
korea 6.178927 -4.317541 -9.45319 3.0751853 3.6373625 -3.9093313 -0.67750365 3.5800192 3.258315 2.1765063 6.629694 6.582714 -3.3714888 -4.013154 -4.410528 -3.1959918 2.7459955 1.4209923 3.7943087 9.101227
ocean 2.698236 3.3360426 -5.271494 0.65278757 -2.2506955 -1.404117 3.5027814 -2.7883224 -1.4031034 6.362461 6.961082 5.2392764 2.3812556 -4.8991466 -8.707413 -2.9806287 2.794795 -5.120382 4.0048027 3.2247825
korean 4.7664437 -8.605139 -10.161858 1.5575179 5.0233684 -1.1995256 2.90879 3.412197 4.1804547 -2.3201377 4.585666 5.828203 -0.9292916 -5.258165 -5.5130954 -0.83754736 -0.5795614 0.69444734 4.291722 6.400609
cape -0.95852304 -1.3557624 -8.972176 3.2318428 1.8958806 0.5155637 -3.9440367 -1.6500192 -2.1715534 1.0883396 9.110127 3.0054476 3.1072536 -1.0859277 -7.62867 0.3378025 0.8515199 -5.3591194 -1.5993098 -1.2503655
vietnam 4.852723 -6.000319 -6.7546916 3.6658556 3.033001 -3.7412596 3.2546914 2.2197573 5.351828 2.1246185 4.6948314 0.20825875 -3.7240043 -2.5920398 -4.661388 -0.026971124 -0.29853064 -4.067766 1.2888908 7.5994406
coastal 4.239071 -0.7254469 -9.229962 4.059197 -0.8061596 4.064884 0.16214837 -8.375889 -2.293486 8.489666 3.8412864 0.3187454 -0.61811835 -0.9560016 -6.427441 -1.1333548 -2.7310364 -5.4300504 4.1857295 -0.4637624
peninsula 1.898084 -0.092178516 -6.6488185 6.507718 0.7403614 2.734618 -0.7042146 -2.8403726 -0.61681455 10.787472 7.1419306 1.1383562 2.6996083 -0.41861662 -7.9625874 -7.381587 -1.98981 -4.054149 -0.4065913 -2.072617
gulf 4.3350143 -1.0932009 -7.5122313 2.2279267 -0.66542614 -2.4625452 -0.87410724 -1.9559809 1.2957306 8.928442 6.4909406 -0.96382576 0.11631917 -4.010878 -8.729888 -3.3625133 -1.273642 -6.7725186 0.3182765 6.173668
continental 7.254933 -0.8501229 -5.2225313 3.1633174 0.25248608 -2.949936 -4.4875207 -1.6636037 2.5907393 4.639582 4.4481254 4.5965366 2.8814216 -0.6665005 -1.656066 2.3890972 -1.0678257 -1.5752743 3.7830274 1.7799476
northwestern 3.4337199 -0.6078077 -4.581436 8.741315 2.3860075 1.306187 -6.1621046 -5.182702 -1.2569658 2.852881 3.3849525 0.17895819 2.4951267 -5.1884456 -2.6382682 -2.7180276 0.7427682 -1.2984012 -1.7854761 2.4752808
americas 6.8801637 0.13623227 -7.1868415 -0.54666317 -0.65561324 -0.89046097 -1.1621696 2.3503246 4.77657 0.03565304 3.854365 5.1364565 -1.7072889 -4.713178 -1.0559787 3.7082927 0.19652806 -1.1928891 -0.83260435 -0.09629041
mediterranean 6.426767 -0.98633575 -7.147918 0.61733514 -0.60618013 3.5877073 0.3986882 -2.777108 4.266929 7.1363397 8.190687 1.1850269 3.3651736 0.8812726 -4.941166 -3.3919806 1.8555933 -5.0945344 2.6356773 4.0563083
southeastern 5.1754837 0.84522164 -6.786294 8.391031 1.6551796 0.10845609 -5.9474707 -5.9104524 -1.1886768 5.248797 2.8199198 0.92823946 2.0231106 -5.8709564 -3.3012357 -4.3286204 -0.68346554 1.2806294 -1.2843139 0.8124789
caribbean 6.558431 -0.8276281 -10.02422 -0.22301441 0.4543669 0.38281903 -0.99090415 -0.3347674 4.7539024 3.0106196 6.3275723 3.8483694 -0.8926088 -6.288281 -2.7660472 -0.4039935 -1.2580748 -3.5592723 -0.43261448 2.7430768
hawaii 1.5912564 -0.022811579 -7.653646 1.6429503 1.9825226 -5.364042 2.08523 -3.2360926 1.0213653 -2.5705857 5.3669844 3.2440546 -2.0755527 -5.4746437 -0.7699684 -0.9726419 2.8243585 -3.3741376 -5.399076 6.5847845
northeastern 4.3176026 -0.49216712 -5.995782 7.950518 1.8886458 1.8375952 -6.580374 -6.30099 -1.6440597 5.326141 3.1339734 0.7697804 1.7174855 -4.4832044 -4.2858477 -4.8573747 -1.123369 0.81007457 -1.7630405 1.3056957
southwestern 3.658708 0.75137854 -5.9449415 8.801609 1.9112686 2.0577056 -5.645822 -6.54205 -2.212294 4.8547244 3.5820208 0.2524822 2.8626695 -4.482391 -4.099143 -4.7219143 -1.7586792 0.7065995 -1.7372122 1.335733
alaska 1.9724108 1.7622039 -7.6086664 5.1287346 0.1319396 -5.743273 1.0391415 -5.8144116 -1.2671931 0.82062876 4.330853 3.903682 -2.3287842 -5.21653 -3.4409435 1.3363527 -1.4568248 -5.2861924 -3.2112553 4.244077
endemic -2.2944336 1.4185684 -11.939077 0.41430953 1.0235547 0.61211884 -2.983644 -12.764213 9.155825 12.915156 3.5732403 4.1804795 1.3669252 -11.194053 -5.3595347 -3.8886473 -4.8413253 0.8169019 -6.9017153 -2.1230226
maritime 3.0046935 -1.4322864 -9.195561 3.8132174 -4.5150523 2.4578316 -0.30198947 -3.2648113 0.5807132 6.4657393 1.5262189 4.9700837 -0.0411979 3.601045 -2.6136966 3.744129 -3.0256836 -6.3656664 1.0736762 7.3886952
mainland 3.470363 -1.9299675 -7.698124 0.9384694 1.405786 0.32324508 -0.49657476 -3.7216043 1.5999967 4.23085 6.5196886 3.9170702 -4.364716 1.8379622 -6.8116465 -5.0336304 -0.8825529 -0.86298263 3.104363 1.8461156
indies -1.1263818 -4.0059085 -11.937167 4.1647096 4.8877916 -2.2676597 -5.0410843 4.667811 4.5435567 3.378756 11.668866 3.0748014 -0.01853682 1.1281066 -3.6236048 -2.8799946 1.906339 -5.994193 3.8491552 -0.5360649
frontier 4.6931777 -2.479029 -5.2242913 6.2232685 1.9843395 0.58369887 1.0655217 1.3778524 0.19225107 3.535661 5.169273 0.7252037 -0.6357721 0.5366401 -5.2068715 0.23806866 -3.318805 -2.4137802 1.162291 1.9205668
inland 2.7957964 0.58901846 -7.0852222 3.5270493 0.084251925 1.7486182 -1.6086209 -6.8760395 -2.6466253 5.3266435 6.731827 1.8503926 -2.512979 0.37251458 -7.642804 -1.7526869 0.019447897 -5.304619 3.9875164 -0.38551903
panama 5.390255 -0.13611197 -4.8495274 -0.011768427 -1.714971 -4.4808173 -2.5809278 -2.0351996 -1.9246938 3.9328563 6.1335206 -1.4050351 -2.5312436 -1.4031757 -4.9196186 -0.22936712 -0.82179284 -7.02089 -4.95542 5.8425956
arctic 1.9473188 0.28307232 -5.9276814 -0.024559813 -0.552467 0.6485329 2.1222355 -4.6608195 2.1367636 4.175902 5.295213 4.7850676 4.403229 -5.2450113 -5.6688347 0.12544708 0.34088674 -4.3246703 2.6226475 5.3753085
antarctic -1.0374299 -3.4081078 -5.8956547 3.4729106 -2.5739021 -3.1731813 1.036373 -3.0951843 4.648421 8.6547165 1.5696329 8.270472 10.432785 -4.91118 -3.923685 3.5620842 -4.5358944 -8.447254 -2.1998222 5.9926357
continent 6.5738063 1.621663 -4.7682586 2.310547 1.0694938 2.0040886 1.0876606 0.28263426 6.7795076 4.089514 8.707885 5.026287 -1.6014229 -0.71670014 -5.696465 -1.6928613 1.0817332 -0.5015868 2.9211535 0.07652013
baltic 6.4810553 -4.266953 -6.0099187 1.4798284 2.6607885 0.47270963 -2.6900952 -6.2077928 3.7258098 4.6867447 8.184382 3.069713 3.3099103 5.2974977 -2.6719234 -1.8143551 -0.34544674 -0.97489595 1.9064467 7.8960257
strait -1.8206348 -3.3872716 -5.70265 0.795895 1.3875175 -1.8590347 0.13297328 -1.9110374 -2.0148826 8.463187 7.305656 1.1259311 1.449971 -3.1821027 -10.2960825 -4.9302807 0.21479703 -7.830756 -0.5855796 -1.0481713
explorer -0.8419888 -4.0933886 -2.9346921 -1.6774555 -2.095294 0.4711942 3.9795418 0.78762776 0.53219116 3.8252444 3.443558 6.4061074 6.2875237 -1.2649283 -2.8414946 0.37833357 -4.1283097 -8.524739 -4.079705 2.3989964
highlands 1.0043483 0.6705353 -6.9116526 6.2242517 1.7776637 4.905196 -2.9978905 -2.2811346 -0.7290544 6.49386 4.8360667 3.0545373 -1.3582273 -3.1315298 -4.5588694 -3.0497668 -2.0159428 -0.42651397 -0.097252 -4.244462
newfoundland -0.9928503 -1.7128214 -9.0371685 6.4621615 1.4819078 -3.630261 -1.991511 -0.8135921 0.8927747 2.1279156 6.47158 7.208282 0.033602666 0.93522257 -3.0376866 1.8844377 -0.77782756 -5.367819 -3.412338 -1.2483287
expeditions 2.5927 1.4331156 -6.0683446 2.0460515 -1.566868 3.7045102 6.1172094 -1.378198 6.760607 5.7443986 7.3860655 0.8978754 -0.6977014 1.1615719 -1.6113914 -1.2356141 0.2686049 -10.136976 -0.15408503 2.2746284
archipelago 3.7571466 -2.7757723 -6.0224633 -0.097517595 -0.8527264 2.3547304 1.4701717 -4.264642 3.637335 10.336803 5.5795755 3.5562565 0.7220586 0.89637 -5.820597 -8.098053 -3.3864298 -4.041104 -3.2466414 -0.31469584
madagascar 2.9614239 -2.210492 -5.509304 -0.31789014 1.3348719 1.0043163 -0.81955916 -4.1947665 5.1621647 6.9320016 5.515985 2.1745696 -1.8987354 -3.7904687 -3.1500814 -3.4377854 -1.1051197 -3.208751 -3.3603265 0.6915436
antarctica 0.24994634 0.45144245 -3.9291828 2.80496 -1.2418066 -0.2941878 0.9406496 -4.6996255 2.4975536 6.269082 6.654999 5.4392753 7.8354096 -4.027529 -7.067606 -1.0999033 1.894198 -7.551152 -1.2070913 1.2258699
papua 0.75351197 -2.5743637 -11.07064 2.0956743 2.4140997 -5.2302847 -7.2719603 0.08959006 4.3751326 4.237547 6.983541 7.4836082 -3.168708 -3.3120148 -6.0095162 1.7215343 -3.5803232 -0.080051616 -0.8756162 3.3638754
bermuda 0.09636932 1.5033828 -8.380129 2.1785069 0.3154443 -5.1543317 -0.07993456 -2.1342745 1.6710626 2.4485364 5.9704742 1.3225497 -0.43273956 0.83639866 -1.0480962 0.1491848 1.1470437 -5.0284433 0.5371149 0.7249289
hemisphere 8.185726 2.5366352 -2.0046754 6.317627 1.7538369 -0.4054902 -0.1040303 -3.1358438 4.1200485 5.808623 5.8078117 4.330308 1.2288035 -6.4195356 -4.986617 -4.116399 3.4416254 0.8700339 4.996949 3.1374493
nile -0.48127145 0.9005 -2.663159 2.2167933 1.4204917 0.3127609 3.1227405 -2.2965076 -1.849163 5.9619536 5.751647 0.2889587 2.659635 -2.2806413 -9.098178 -3.960624 -0.24422055 0.56361395 -1.9779807 1.6105671
guam 2.5880826 -1.6681823 -6.6322875 3.3101878 1.2103229 -7.095675 1.9073211 -3.9422 0.94826555 3.6224725 3.893407 -1.5512764 -4.0783634 -3.0711362 -1.617631 -2.7196715 2.68847 -6.111638 -3.1924584 7.518722
greenland 2.4208167 -0.8515778 -4.92545 1.0701349 0.85309994 -0.35322663 -2.7643173 -6.8940263 2.5335543 3.696707 7.4777985 5.8964972 2.208472 0.8370897 -4.316656 -4.008304 0.3269968 -2.9962502 0.18022361 5.295012
colonization 6.3892837 0.5109798 -1.2055304 2.8751767 -0.20054029 4.3719716 -1.391899 -1.4543489 6.716869 4.835388 7.0939636 1.2659248 -2.7667592 0.29615685 -6.814738 1.2014607 -5.3278337 -2.660233 -1.2900624 3.3838549
coasts 3.5574021 0.98792696 -7.6464 0.9983766 0.45144898 0.37291268 0.4149355 -2.6680171 2.437602 7.1633186 7.8274093 1.9303138 0.7065062 -2.5095065 -6.13989 -3.624844 -1.2816869 -3.6148138 3.072556 -0.36373898
meteorological 1.8525714 -0.19010954 -4.7012334 3.4167073 -6.6100698 -0.67430884 1.10047 -3.3833487 5.5621567 4.2868867 -1.8350328 3.931947 -0.23143499 -4.014961 -5.075309 -3.058618 0.91235864 -8.922008 1.7323787 10.874073
bahamas -0.28727257 2.9268281 -8.047354 -0.02826485 -0.61165637 -4.7111588 -1.1858269 -1.6586683 1.2761328 2.7149296 5.747915 0.7198866 -2.1430123 -2.0537808 -1.4503727 -0.87350124 1.022359 -3.5481796 -4.3146334 2.487088
borneo -0.28345236 -3.8910525 -9.592123 0.83809066 1.4295975 -1.2707337 2.8122852 -2.5874145 3.1544719 8.472696 4.2191825 3.6896398 -2.1796134 -1.4521211 -4.7828374 -4.223039 -1.9034108 -2.8884377 -0.5630162 2.023296
explorers 4.8141456 0.21054046 -6.2799883 0.10689173 0.46445984 2.3730056 2.8478916 -0.20916988 4.9326725 0.24561791 8.5070505 3.8975632 1.5573778 -1.5325724 -2.633766 1.7798729 -1.7899603 -5.698977 -1.6545185 -0.45427626
oceanic 3.7749758 1.1753491 -1.6786594 2.2447772 -3.6938922 1.106965 -0.77828604 -3.9849591 1.866372 8.140393 1.521641 4.9474635 3.5670838 -5.155775 -6.856777 -1.2333941 -0.6934904 -3.765898 3.017943 4.8415995
labrador -3.0337164 -0.92219764 -8.706984 4.87292 1.0478816 -2.9680278 -2.9770825 -2.8227239 0.4228164 2.6697783 3.1536107 6.752174 1.051517 -2.468369 -3.1103017 1.0793487 -1.2006646 -1.8754292 -3.2873156 -0.7180916
oceania 5.437966 -2.064838 -8.893092 -0.5914259 0.3901849 -1.7623931 -3.723505 -1.4248369 6.2075033 3.9183362 1.7542285 5.018382 -0.26517957 -3.413788 0.32637757 -0.43219885 2.8544033 3.107434 0.1103902 2.226398
yukon 0.108488366 -0.67106044 -7.722703 3.990024 1.3408542 -5.398171 -2.309741 -3.0213401 -2.4688048 2.4879189 3.1309075 5.495323 -0.8560057 -3.585536 -3.410075 2.2882416 -2.1462617 -1.5912794 -1.7275118 -0.8119154
sumatra 0.45888972 -4.591499 -8.53377 -0.92181385 0.9488678 1.6893951 1.985571 -3.195728 1.5168035 8.479152 3.9347572 3.7276316 -3.1110957 -0.23713452 -6.6736608 -8.842499 -1.7749933 -1.0473022 0.18810882 1.0029916
sahara 3.867669 -1.3452123 -5.106979 -0.9312141 -0.2017871 1.9737738 0.67424256 1.4451536 1.2996057 5.839344 4.040543 0.71090055 -1.9803098 -3.6203454 -7.4502945 -5.061273 -0.66173756 -0.29360357 0.63821197 1.3642967
equatorial 4.8869696 -6.6126423 -1.8192029 -0.7628944 2.9786048 -1.9839317 -4.3021193 -5.1668453 1.5847764 7.3746085 3.960678 3.8547292 0.9165525 -4.8156886 -6.144712 1.3293347 3.507315 -0.87003475 -0.02208242 3.9163308
timor 3.8967445 -6.0133796 -7.8710027 4.749302 2.1179736 -0.35390204 -0.82164073 2.2937686 2.1846318 7.836734 4.05845 1.1332178 -4.5226383 -1.1891972 -6.420903 -4.305612 -0.86212784 -2.3660872 -0.643919 3.470262
atoll -0.41466007 -2.3727512 -6.4611773 1.1318403 -1.5410928 -3.8789008 6.4631104 -6.9069586 0.45903152 8.491361 1.8812286 0.28317827 -1.4659643 -2.6740944 -5.9118867 -7.3534994 1.0222734 -8.288804 -3.6819599 2.4330862
peninsular 2.1295252 -4.1591725 -7.620675 1.7202902 0.19390054 1.2867692 -0.50318766 -1.9841735 2.9922988 8.163599 3.3025289 1.5113951 -0.5506115 0.34321907 -4.4366217 -1.9166617 -0.49775025 -3.7689435 -0.13930367 0.043819256
indochina 3.281649 -6.9371543 -4.352099 0.73688227 1.48514 0.39780295 1.5725458 0.8338176 6.054119 5.329055 5.2591577 0.3586463 -1.4994348 2.0147974 -4.6057563 -3.0831249 -1.2459333 -4.970318 0.75545377 5.9653816
aegean 6.4379506 -3.039783 -5.691136 -0.61027837 0.026042707 4.8331175 1.4002161 -3.485307 3.1532714 8.065395 6.586856 -1.0719515 2.652321 3.8276975 -5.9470625 -3.3096273 0.41985032 -1.2751794 -0.28286612 3.1858637
azores 3.6297302 -2.2030828 -3.3170414 -0.4577425 -0.5534952 -0.70364076 -2.900065 -3.8452096 1.3146393 6.894154 6.2800736 -0.96012205 -2.0183706 0.51255584 -4.9356604 -3.0993283 0.95256764 -7.5515165 -2.7139237 1.6252203
antilles 2.887336 -1.0076084 -3.1390998 0.106556 2.2180283 -1.2303354 -4.7959485 -3.2635407 6.3936086 9.678015 7.4692664 1.0342983 -2.1132007 0.07071789 -2.5565774 -4.9099264 -1.3396666 -1.2541616 -2.4168324 2.4072037
isthmus 5.936724 -0.73093826 -1.8522376 4.533284 1.8776369 0.3277877 0.36467853 -2.6680045 -3.5592115 8.038269 7.529761 -0.60397226 0.8625536 0.18349004 -7.267383 -5.1587577 -1.412068 -2.700699 0.75254816 0.6798963
eurasia 5.6660237 -0.54493433 -3.463069 1.9473182 0.70639044 1.8622407 -0.6893113 -3.8031876 7.236164 5.6751857 4.0748014 4.0396934 1.3740791 -5.923551 -4.6218147 -3.5421839 -2.77243 -0.6604556 2.109814 1.8966446
alaskan 1.2209466 -0.52331287 -5.889911 2.095433 1.026149 -1.5319184 2.3254201 -4.8788276 0.07941648 -0.27640843 3.0578897 2.6504107 0.32637143 -4.6308384 -3.8819187 2.5697465 -3.0157933 -3.628505 0.23007882 1.2106808
australasia 1.3931159 0.38909948 -8.502562 -0.17849885 -0.74282414 -0.91585255 -4.149859 -0.80881685 4.921836 1.1788958 2.4748473 7.090348 1.8084258 -2.3404446 1.4783396 0.32003757 -1.8145903 0.17765054 2.0030806 0.4165177
seaboard 4.4681363 -0.0129949665 -6.9747963 5.5082784 0.83935255 -3.8292377 -1.6248333 -1.4449217 -1.095394 2.6481788 5.8692565 2.4224064 1.2817162 -2.1341457 -5.0837603 -3.0533981 -4.3638206 -3.975874 5.098521 2.8535948
oahu -0.45468074 -0.42491657 -7.4833345 1.256621 1.3894571 -3.7093632 3.9510722 -6.564304 -1.0034771 -0.15581799 3.8140557 0.8544691 0.27160257 -3.487414 -1.4133798 -4.7188187 2.2247133 -3.8960521 -3.8038177 3.3492153
mekong 3.8452094 -6.0587616 -3.739273 0.19987464 2.7778065 1.4349318 0.69717103 -5.731567 -5.173589 7.619483 4.6653438 3.319114 -3.2150323 -2.7725646 -7.497908 -2.6341786 -0.4707633 -1.3072532 0.89412963 5.5926824
formosa 0.4955931 -3.4104497 -4.0717716 -2.1719146 1.3626621 -1.4478393 0.5459838 -1.7829808 0.7140862 3.8604422 5.1207013 0.09778378 -0.7047889 -0.93982536 -3.5356205 -3.6054027 -1.936087 -3.9395843 -2.313356 4.19297
littoral 6.6424065 -3.3375452 -3.0947776 0.91639066 0.19590338 5.5394497 -1.2928306 -4.511232 -0.3872889 8.566153 2.4042253 -0.012491999 1.7584124 -0.3172712 -1.8688592 -2.0642776 -1.9079417 -1.1481419 1.4569671 2.21968
bering 0.35387182 -1.5127406 -3.4709172 0.7687161 0.4531245 -1.4011309 2.0071921 -5.444365 0.39178777 3.1472025 6.967857 2.0114343 3.6127179 -1.4592888 -7.2566957 -1.6754982 1.0619423 -6.3839273 -1.562394 3.986192
hydrographic 1.1579765 -2.5803778 -4.848804 3.4346087 -5.6160283 0.58856595 1.8829614 -3.9964526 1.8859217 6.199776 -1.5143015 6.0064144 1.676597 0.7400673 -2.9997344 -0.1727001 -0.6126389 -8.480969 -0.7915348 6.0448217
hainan 1.370781 -4.9351773 -6.71319 -0.8616986 1.6289946 -0.5568763 -0.95849967 -4.8401546 -0.64354295 3.3034306 4.0362077 3.047726 -3.853123 -1.1050128 -5.1642656 -5.518149 1.9840778 -2.0115805 -0.12229986 5.6773033
svalbard 1.089545 -1.8091904 -3.0811718 -0.3115812 -0.047515955 0.041496355 -1.527143 -8.852239 0.5534887 5.9197927 5.0920773 4.878646 3.0777814 3.0463917 -2.3312433 -4.190771 0.3443476 -2.439793 -2.5500078 6.631546
bougainville 1.9707049 -4.7670193 -5.073152 3.153266 0.5074795 -3.1317754 1.009258 0.18916251 1.8591746 5.4369535 4.418842 -1.86409 -0.8814253 1.4563669 -5.4939322 -0.80108327 -2.129112 -6.8075194 -2.1347222 3.525772
tanganyika -2.0730839 -1.0788616 -5.4760876 2.6984427 3.3795726 0.9954711 -2.1239016 -3.0713096 0.38236633 5.578681 6.0490375 1.3633009 -2.764803 -0.8451819 -3.4446132 -1.3938391 -2.4160297 -0.5677059 -1.9501832 3.134395
barbary 2.7732396 -2.989201 -7.684642 -2.4348717 2.15282 -0.9631855 2.520005 -1.7794251 3.4231832 2.799659 6.874948 -2.4894593 1.5170826 -0.27500045 -4.7666306 2.26883 -3.4319139 -3.3857925 -3.052352 -0.99696946
marianas 2.389999 -2.53765 -5.245085 1.1857351 1.1228979 -5.213538 3.135884 -1.185629 1.9149555 3.2483904 5.107327 -2.9801223 -0.6323362 -2.1476889 -4.834307 -3.6086783 0.8909003 -5.8993964 -0.7034448 4.951384
bight -3.2366374 1.7284677 -4.5649333 2.8208966 0.6075502 -1.3932287 1.2632216 -1.6594925 0.8698627 7.2157326 6.91426 1.7842348 4.072129 0.81200993 -6.519099 -4.0751686 -0.0061231563 -2.6729364 3.0788183 0.36300713
kauai -2.5075538 0.5053038 -6.6928134 -0.21380231 0.97818965 -2.844294 2.5602741 -6.7319984 -0.35820043 -0.2434497 3.9316537 1.2584997 -1.8730671 -2.2912803 -1.6617692 -3.810388 1.1546428 -2.8004873 -5.2508183 1.9874913
geodetic 2.518121 -3.5067723 -3.5385153 6.7490087 -4.3835597 -2.3562236 0.54898876 -4.42662 3.099839 5.4941783 -1.850942 6.968206 5.187836 -0.26887995 -3.414754 1.3633341 0.26156655 -7.535112 1.2656803 5.4805326
sakhalin 3.6174748 -2.2463229 -3.8424351 -0.17773141 0.9862286 0.3646869 -0.40614736 -5.2013106 1.4722319 6.1131725 4.973845 -0.32928452 0.6511173 0.88555217 -3.3865533 -5.838488 -2.4672298 -1.6815735 1.1407454 6.8065023
lae 1.8945457 -4.1180444 -5.384007 1.6263188 1.4482173 -2.2039297 -0.38006532 -0.5493464 -1.262757 3.5467684 4.5688696 -1.9084675 -1.4645442 0.412744 -4.1503077 -2.6832476 1.2581729 -6.0369015 2.8872592 2.2942426
kamchatka 3.1323984 -2.3518605 -2.9178135 0.9648216 1.7788218 1.0307672 1.5778549 -5.4576926 2.531546 5.823822 4.970536 -1.5151969 3.0733476 -0.62466586 -3.0969782 -5.3781185 -1.1489049 -2.7146196 -0.6547431 5.8555593
zambezi 0.2501791 -1.6554755 -4.4299173 2.1436229 2.6203191 1.2840084 -2.6850483 -2.4122028 -3.6884212 6.9386964 6.144814 1.9369243 -3.7855847 -1.1807005 -6.619614 -0.6187076 -0.44773233 -0.5336267 0.7569601 -0.9976496
orinoco 4.4281626 -1.7172495 -0.715002 -2.3595932 1.2756829 -0.072375216 -1.932434 -4.8432293 -2.2062273 7.218874 5.9405 2.9204323 -1.1069567 -6.1610336 -6.5420194 -2.525815 -2.3027356 -2.5997283 -3.2719567 -1.07347
lapland 2.5573123 -2.0066905 -4.423933 -0.4390374 2.2497382 2.916003 -0.9031573 -4.8090954 2.6815767 2.016483 4.6795807 2.0440881 3.560221 -0.08819856 0.37896386 -5.8254046 -0.053036027 -0.3406296 1.1334021 3.0747604
coastlines 3.6057043 1.5992672 -4.6449895 1.6242902 -0.94576466 0.9952007 1.8646616 -4.3286796 1.5235479 6.038724 4.108344 2.4463694 -0.33526126 -2.619017 -6.282485 -1.8819513 -0.32331666 -2.2357018 3.8775597 -1.5869317
atolls 2.9924393 -0.95760417 -5.3969507 0.89975 -1.2075897 -0.8089126 5.10106 -6.3570275 2.9100401 8.172938 1.8036245 2.1242054 -3.7791035 -1.6273826 -3.6456509 -6.529783 -0.92620534 -4.8297935 -0.9158948 -1.8178943
anguilla 0.37801898 -0.26160884 -6.1496844 1.7002045 0.572024 -1.5476968 -0.9306791 -0.8590258 1.8223869 6.1341853 1.930778 -0.04631565 -1.4385276 -1.5463837 0.8298237 -0.10637078 -0.422453 -0.8571137 -3.7578259 -1.1251535
baffin -1.8521086 -1.1928151 -4.6059647 2.4732182 0.76101595 -2.688072 -0.17680937 -4.176975 -0.31216833 2.0543723 5.117948 4.022287 4.0499887 -2.6976185 -5.475228 -1.8748996 -1.4100574 -4.675582 -0.9018268 -0.28901827
cartographers 0.17398688 -2.7861888 -2.8482232 1.0699177 -1.6666576 -0.38021404 6.528891 -0.8963929 7.3024373 4.090297 3.5867863 8.172529 5.639943 2.1940925 -2.293305 -2.4489658 -2.4196892 -6.2776103 -0.07318897 2.2120898
hatteras -2.6656344 0.95880073 -4.9498343 3.835874 0.46432897 -4.943079 3.0539238 -4.458664 -2.0356524 2.7174847 5.1989326 -0.59614056 1.7171699 -1.6525546 -6.880679 -2.9514356 0.32512617 -5.7931323 1.6178299 1.1133273
maritimes 1.9490092 -0.81979877 -5.660125 1.6998906 -0.18217976 -0.74347466 -4.4102364 -0.16212647 1.4431256 0.8209732 3.18408 3.2385762 0.051133517 -1.0793779 -1.529649 -1.9901567 -2.6677794 -2.6958704 0.74635684 0.6186787
seaports 3.3623304 -0.6451805 -7.8757596 0.19106697 -2.8946848 1.5525975 0.26475316 -2.6816087 -1.1731707 6.454641 1.9395204 0.27013192 -3.764878 3.9706068 -1.6068584 -3.5556538 -1.964958 -4.3287272 3.049871 1.3335719
landmass 6.3374543 1.9450657 -2.0970063 2.7307007 -0.8613195 -0.73930985 0.3151979 -3.3955076 2.8515158 7.7016034 4.9311886 4.1877413 -1.5235479 -1.165363 -6.2690883 -4.471594 1.4631692 -0.9659349 2.1094651 -2.1416128
atacama 7.028648 0.027047569 -1.3260967 -1.735946 -2.201525 3.2091055 0.38053825 -4.912995 -0.85543007 7.912116 3.9692569 -0.80109614 0.5126368 -4.6672106 -4.538026 -3.996782 1.9789641 -5.121078 -2.112476 1.8107603
demilitarized 5.4671216 -3.502431 -3.874458 2.752706 -0.016099459 -2.1590188 1.9741191 -1.5470229 -2.0263133 7.955214 2.085681 -2.448598 -1.9707905 1.6454526 -6.267869 -3.1373558 -1.7373083 -0.7519907 1.8321837 6.201163
coromandel -2.7362993 -1.9688872 -7.9596796 0.93083 -0.38275975 1.155408 -1.3568627 -1.9158694 -0.30058983 2.9248712 3.3285499 3.385581 -0.22187613 1.1549634 -4.7682486 -3.5125299 -0.7167553 -3.1599789 1.2344096 -2.054306
barents 0.33961985 -1.4812219 -3.087666 -0.116005674 -0.030686423 1.0007997 0.48721865 -4.2098804 0.15633424 7.759919 4.6998835 1.4838123 2.964294 0.405904 -2.420899 -4.245974 0.5817924 -3.3120356 1.4420111 6.1562643
okhotsk 1.6129365 -1.2203739 -3.4055505 -0.15608342 0.62816375 0.24570133 1.2816648 -5.1780343 -0.27025613 5.9895697 5.2066083 -0.1508301 1.8999863 -0.9961511 -4.2879415 -5.210981 1.4938973 -3.1650493 2.3667347 4.180845
yellowknife 1.6012462 -0.13183773 -6.077251 2.2525904 0.22473776 -2.1895962 -2.1139457 -3.816762 -2.7159042 0.94389004 2.261857 2.238721 0.14792956 -1.402938 -1.4831142 -1.7676318 -2.1124318 -1.0752876 -1.1906259 2.2570784
fundy 1.7143519 1.2636424 -5.6636405 3.0901449 -0.9444884 -2.0382242 0.46153733 -2.076075 -2.1826808 3.2787173 5.2851105 1.2511929 2.2330983 -0.51244366 -3.981532 -0.43129507 -0.5630301 -5.1188416 -1.5454868 -0.95918125
gobi 0.9124698 -0.9345621 -3.7358987 -0.7737833 1.0794723 3.3901522 2.816935 -2.970299 0.2301894 4.7166862 4.290596 1.1431758 1.7214439 -3.8525686 -4.792633 -3.8364437 1.6866226 -0.76070124 -0.26717952 2.168254
kalahari 2.930189 1.0468395 -5.2357974 -0.7524681 0.539983 1.8243656 1.2804044 -2.0719001 -0.7009744 3.682484 3.7958753 0.368733 0.3191661 -6.5261154 -4.151981 -1.7557265 -1.0227213 -0.43889347 -1.7240773 -0.8847821
kivu 3.3429618 -3.6117845 -4.0413947 3.7484772 3.5393155 0.6828499 -1.061647 -2.6292355 -1.6762718 5.56725 4.0785165 -2.7284865 -3.8954895 -2.4053574 -4.8089776 -2.895799 -3.7601137 -0.76494324 -2.427313 2.4416337
voyageurs 2.8350794 -1.2261589 -6.2755775 -0.67814535 1.5565547 -0.43620995 -1.3303553 -0.12663004 -0.46108782 -0.28510293 5.67433 1.9068625 0.794987 -0.056977008 0.35998484 1.536659 -1.1462584 -1.9759085 -1.8306206 -0.20157307
squamish 0.8200414 -1.0507325 -6.7860875 1.9472729 0.65001667 0.67158043 0.16349958 -2.203379 -0.92972094 0.570015 1.8412263 2.9176803 -0.07964566 -3.657621 -3.643311 -0.07146166 -1.8223484 -0.6345097 -0.72603285 -1.674523
carpentaria -1.9041913 1.4157711 -4.0241733 3.6494093 -1.0748873 -0.89357305 -0.8635523 -1.7397578 0.619198 4.970009 4.450485 0.9463319 0.21426973 -1.3394847 -5.8826175 -2.0757127 -1.1140593 -5.444188 0.3350748 -0.6053877
circumpolar 4.5699425 -0.96006733 -3.0809562 3.3747878 -0.5579877 0.27781677 0.5630356 -2.501801 2.790912 5.9400353 1.6681104 5.8518124 1.8226311 -6.537988 -4.9293275 -0.1624071 1.3929846 -0.5777703 0.25526643 3.0637603
subantarctic 0.9520866 -0.020340083 -5.4122243 -0.16984406 -1.0196159 -0.15648568 -0.1917677 -5.7238274 3.4952233 4.4170475 2.9851816 3.8998544 2.149406 -3.9660635 -4.3199854 0.027233107 -1.695407 -3.2571015 0.11607244 -0.86556363
sealers 1.0739838 1.9527495 -4.7780733 0.34438214 0.8513343 -1.427876 3.8090985 -3.0791063 3.9827023 0.17911044 7.546495 1.6956302 1.2945694 0.63985056 -2.5717592 -1.5345285 -2.9895296 -5.0870585 1.309736 -1.080815
oilfields 0.42518717 1.6133106 -2.7333121 0.17435487 -0.31887752 1.0689666 -1.2026243 -1.3655968 -0.9337887 6.644864 4.722937 -1.8754113 -2.5275166 0.11110447 -2.4169436 -3.9254766 -3.994104 -3.4909468 3.4705427 4.507548
moluccas -0.6445944 -3.0229552 -4.943556 -0.95273435 1.2728508 -0.67932826 0.4703622 -2.753578 2.2725713 3.960721 4.9905286 2.082104 -0.67801005 1.262282 -4.815277 -3.499242 -2.297423 -1.7169217 -3.2015975 1.3218709
socotra 0.3703376 -1.7360429 -3.6193035 -0.80895877 0.8204004 1.1964172 2.4491973 -3.58787 1.3073319 6.303612 3.9131293 0.2621859 -1.7115058 -1.5580237 -4.7318363 -4.6955304 -2.010287 -2.288192 -1.6019235 0.80911154
aleutians 1.1205419 -1.9863029 -4.608256 3.225048 0.12981601 -3.15017 1.0285017 -2.582631 0.9050847 2.6985009 2.4958804 -2.0185273 0.5284266 -0.6949714 -4.239627 -3.0095775 -0.7032414 -4.7149496 0.1647568 3.168333
celebes 0.4232296 -3.399846 -4.8768926 -0.13465814 0.41777012 -0.23350662 2.6333284 -2.467855 0.7196681 5.5258837 3.1783037 1.4383699 0.50839883 -1.1904469 -3.8079603 -4.0874314 -0.59401697 -3.215601 -1.4113382 1.9774534
archipelagos 3.2791462 -1.2856984 -4.362586 0.15231636 -0.47174847 0.9554697 0.9210776 -3.1154158 2.509464 5.7474103 2.2054505 2.4514089 -1.3550019 -1.2675718 -2.1672242 -4.196001 -1.3074565 -2.2602 -0.45500016 -2.158007
flyway 3.7613816 1.6781951 -6.273896 3.1388922 -0.7043855 -0.40348378 1.4585086 -3.4506936 -0.3532902 3.9204352 1.8423734 2.6452878 -1.2476188 -7.061664 -3.4652271 -0.94720644 0.17073245 -2.1410158 1.3418857 0.18006079
voyaging -0.26347983 -1.8295745 -5.321463 -1.5052987 -0.45189396 1.9554232 1.9419147 -2.5567226 1.0396167 1.0119038 2.5140076 1.8252374 2.3260093 -0.4298145 -3.0916352 0.3418969 0.34425226 -2.6944954 -0.5598089 1.344338