Centroid_97 1.297881455827338 1.9294138011942452 -0.48336697600000006 0.134527511647482 -4.923475312949639 -1.7346091577697844 3.406217767798562 1.1731817509640283 5.774634450071942 -4.381404627230215 -1.8610932170791366 6.317715331654676 0.5240043953956834 0.9991478373597125 0.071155469647482 -0.7584508036467623 -2.6917079277410068 -0.7598000023093527 -2.129350380258993 -0.44056172323021603
published -1.4292859 -1.8040533 -2.2103271 0.3653222 -8.762368 -2.8971088 -1.4030496 1.4971663 12.20596 -7.789751 -8.533304 3.4430602 8.192737 -1.004063 -4.112515 -0.39331335 -3.3796468 -1.5707947 -7.0931897 1.41337
book -0.11854235 2.670019 2.4106674 0.78808117 -3.6655297 -1.0802984 7.032341 6.238456 8.284023 -6.5017457 1.6088313 9.190555 0.78108615 -1.4819078 -4.152628 1.4324403 1.0886483 -0.6846387 -4.983521 -2.7056065
books 0.9952681 4.151297 -0.44180495 0.47218898 -5.6917663 0.8673479 8.857212 2.268862 10.82822 -9.045507 -1.5318677 8.986066 -0.8554864 -0.25132024 1.9814138 -1.4684955 -1.7003773 -2.1831057 -2.4320421 -3.65747
collection 3.1347523 6.7586603 -0.9534858 -1.5543844 -7.665131 2.223229 4.0753617 -0.3489181 4.4428973 -5.7247763 0.12537941 8.993757 3.8898015 2.9406753 1.6234593 -1.6788465 -1.3781711 0.10940843 -3.3947833 -1.4265484
article 1.5468521 0.30564445 3.5786293 4.546539 -3.5813763 -5.744277 4.258275 5.3135533 6.8322678 -0.9090918 -2.0623884 8.64691 -4.48679 -0.82309127 -3.683553 1.0018188 -2.3148613 0.043552812 -5.415203 1.9749914
journal -0.14640656 2.815706 0.74160457 8.543864 -6.638183 0.540009 2.3779726 3.9879224 7.4161015 -4.845633 -3.8584313 10.408005 1.1328487 -5.7412047 -0.6450983 -0.95169353 -4.508274 -4.8703346 -4.9466853 5.3634434
paper -0.7749774 4.461798 3.7048552 2.3368006 -3.6424468 -4.8616896 4.3288217 0.99574775 3.411593 -4.5150456 0.35924602 9.575794 -0.37453997 2.2832465 -0.9943296 0.4590433 -5.2040944 -0.47539574 2.079913 1.3295572
publication 2.3048031 1.984926 2.231577 3.102469 -5.6787033 -3.1923132 2.6887507 5.6277514 9.84492 -5.59258 -0.40918398 7.319017 -1.8406906 1.5005941 -2.638024 -0.79978245 -2.6872532 -3.4382002 -2.5761812 2.022544
articles 3.4318123 1.5714345 1.4313374 5.3117266 -6.0224056 -0.6047059 6.3709154 3.437073 12.460923 -5.440418 -5.1310973 7.698559 -4.716717 -0.6785354 0.979008 -1.2037578 -6.153873 -2.1308138 -1.6428047 0.26205507
publications 1.994539 2.8110821 -0.48341465 3.3544786 -6.693069 1.189342 2.8008873 3.311919 10.259041 -5.0783815 -4.8451977 8.022504 -1.4242847 -3.6343765 3.6275392 -2.0020227 -6.1032414 -3.6601746 -2.4329271 0.7530519
publishing 2.0819955 1.2403013 -1.558793 0.26840273 -6.2114778 -1.6033767 -0.509204 5.2188225 5.0849485 -10.51404 -1.3087837 7.4575086 0.06768607 1.0575291 -0.43847826 0.15397285 -9.265978 -2.9664037 -2.4759839 3.38444
survey 1.5735292 3.2335691 -3.9936273 8.672094 -6.1234665 -2.6564686 3.3372664 -4.6984982 7.059683 1.728609 -0.46364474 9.753654 -4.1363654 -0.37665576 -3.725142 0.16861516 -0.03835395 -8.255902 -0.9138417 2.9268303
documents 4.8896174 1.8504574 2.8216443 1.4690813 -6.0865173 -2.397782 9.425921 0.72812116 5.99638 -1.4233729 -1.3397511 6.5585217 -7.3316402 9.033791 -0.8875726 -0.57756495 -4.269184 0.080143034 -5.194119 3.1427069
papers 0.58301306 4.8222756 2.8137054 5.473335 -5.287378 -3.2159574 6.044263 0.8232752 8.453684 -5.5121613 -1.755743 7.011916 -4.1404347 1.5304886 2.5500894 0.806052 -3.3085096 -4.7425456 -3.2238388 0.8962324
magazines 2.226429 1.451317 -4.3902483 -2.5770273 -4.7939215 -3.7245202 4.2456665 4.875158 8.162317 -7.138277 -2.552761 8.634118 -0.7339908 -3.9008334 2.2809756 -2.243804 -4.7211576 -1.7205193 2.3165343 -2.5999374
printed 0.50622654 -0.26796624 -1.2064308 0.2751807 -6.7908373 -5.6560273 2.3863013 -0.6950869 7.040438 -7.692598 -6.4872313 7.123271 5.6138515 7.591361 -2.5993001 -1.1694313 -3.9153156 4.725456 -0.99974173 -0.77217036
print 2.3210495 2.947049 -0.18619037 -2.0587347 -5.7426863 -4.355713 4.1336403 1.7347738 5.038386 -8.212919 -1.5683236 8.954181 0.23248863 2.151083 -1.1002332 -0.9062535 -2.5846815 0.50811 2.2963235 -0.23772874
publisher -1.7604835 0.13861006 0.24187273 -0.878933 -4.1534443 -3.4392247 -0.37583017 6.720604 4.8863153 -8.4064245 0.5612905 7.8193526 0.20539476 -0.1588253 0.99599004 0.9545397 -8.567622 -4.6923532 -4.9549437 1.6733408
editions 5.1510744 2.1924994 -0.1433396 -1.7753015 -6.8820505 -4.319772 2.8010879 5.2943115 10.745751 -2.7855024 -2.451936 7.8627577 1.497883 2.9096627 4.445725 -6.2921996 -0.159851 -1.0557139 -0.5700659 -3.6858218
volumes 3.5310037 4.042834 2.5104597 0.5843995 -8.104568 -2.5748048 5.991637 -1.9127547 10.304723 -2.855 -2.9181197 6.6089497 1.1814697 5.2187767 2.2055972 -9.231067 0.6550763 -3.565161 -0.79405195 -3.0346603
pages 4.3140903 2.1208365 2.047299 1.035135 -5.218655 -6.533222 9.171184 1.3106778 4.5833435 -5.646188 -3.9014063 7.1018963 -1.6743883 2.4250276 -0.49817184 -2.4554496 0.19781266 0.7815759 -0.51680106 -4.130632
photographs 3.096481 7.1234884 -0.84767485 -1.3159564 -6.3502564 0.10112623 13.125006 1.6606365 4.5317917 -6.5977387 1.2539501 4.3729205 1.8158942 1.897804 0.18863556 -0.9687188 -0.6281207 -2.295706 0.20460129 -0.5100911
printing 0.03185795 3.4643197 0.3230164 1.6764154 -6.243115 -1.3216432 2.5099056 0.27169618 3.594202 -7.6487875 -1.0993773 8.839602 1.7293271 8.597984 0.24118105 -0.0047410643 -6.9249783 0.15352392 4.1872673 4.6836863
journals 1.6668042 2.114275 -0.27302724 5.6134 -7.273051 1.5024291 3.4822001 1.62247 12.273099 -3.9727776 -6.2886267 8.680104 -1.7219151 -3.610887 5.080071 -1.4884769 -4.0340996 -5.484964 -1.7302191 1.6375768
chapters 8.485843 0.59447 0.009217566 5.1909456 -2.6543372 -1.3789322 7.0851912 1.4948866 7.6556354 -2.827234 -3.3531787 3.9222744 -1.9406848 -0.9794385 3.2391877 -3.3075366 2.4192502 1.4722521 -3.302847 -1.3593148
publishers 0.6919162 2.1706328 -0.39177746 -1.297777 -4.782682 -3.2303889 1.7317047 5.0473375 7.1602836 -7.5903516 -0.9328427 10.041927 -3.674278 -0.32950115 0.98394674 1.8030312 -6.363332 -1.1001818 -1.2042414 -0.08767665
manuscripts 1.1880352 3.8402271 4.2262197 3.4354744 -6.277235 4.409504 7.837942 -1.7594805 11.3132925 -4.179373 -0.05486905 9.274057 1.6282333 10.805057 1.659785 -6.728494 -1.6386641 0.17303137 -5.144983 -2.9903555
essays 0.6089708 1.4692564 3.6709862 3.3511076 -6.23966 4.8882155 5.149976 4.6847024 12.041623 -6.5184026 -4.4834914 5.4745007 1.0870242 -3.3116276 -1.2714572 -1.4756874 -1.7883981 -2.152506 -4.402291 -3.1345856
catalogue 2.8372967 3.0595076 2.2643845 -2.6804645 -6.3423095 -2.6024709 0.5042478 -1.4262155 7.402716 -5.4441357 -0.22371048 9.196267 5.113031 2.5173035 -0.14094311 -1.9973489 -1.0528461 -1.1537455 -3.5225356 -0.77478004
illustrations -0.33087733 3.646852 1.5854429 -2.3191283 -5.782688 1.9986142 9.200255 2.3207288 6.9643993 -4.8572454 -0.3047747 8.022481 6.5061183 1.8843342 1.7219892 -0.5509192 -2.6689074 -2.129087 -0.73098713 -5.3152122
stamps 1.4862894 2.9070392 -5.898115 -1.9789488 -5.772389 -7.043461 5.3629107 0.30879015 8.157168 3.6524413 -0.101131104 9.336123 -1.133982 9.918689 0.91698045 -3.3570962 -4.0828924 3.4409034 -0.32104456 0.22600566
stamp -1.7908505 3.2993493 -3.8747308 -1.4129883 -4.674601 -6.668599 5.0362515 2.2747476 4.9052653 0.49261642 -0.5768338 8.239123 0.3894014 7.337574 0.7276872 1.111193 -2.4221756 3.7381911 -1.8796647 0.13964047
documentation 5.101575 1.6349018 2.6976585 0.46076432 -6.3621163 1.5621146 5.628703 -0.8352007 4.0820165 -1.6910559 -1.9218628 6.4233646 -4.2694235 4.510209 -0.68805003 1.9124095 -1.6730161 -1.7247365 -1.4432322 3.8976717
supplement 0.2075903 1.2494894 -0.9793612 -0.84756064 -4.088131 -1.3904383 0.92007893 -2.84797 4.6030703 -4.2635074 -2.231976 6.956392 -2.1341226 1.5420358 0.72259516 1.5618676 -0.86002827 -0.7774333 0.61161506 2.187226
catalog 6.2705517 3.459423 1.2544456 -3.1382246 -5.4989343 -5.998958 1.8859056 -1.1610968 3.8641574 -5.8456764 -0.8012542 9.442258 3.2674131 -0.34896877 1.667511 -0.56917393 -2.257828 0.494254 -1.6143017 0.56313723
quarterly 1.0836836 1.901227 -1.8259885 5.665386 -5.5036383 -2.5454845 0.20705679 2.6560817 5.8884954 -4.1651998 -3.5047338 9.074448 -0.8292004 -3.5091827 -0.56066084 0.20451224 -2.3181965 -2.0409224 -4.165356 2.521725
nonfiction -1.2071993 0.6643855 -2.5824652 -0.22879814 -5.0467896 0.8222714 3.7149217 2.8961997 10.044167 -6.378081 -2.8813057 6.4651837 2.2633393 -7.073604 -1.1585429 2.4743793 -0.6811623 -3.4014497 -4.5986347 -2.9073222
encyclopedia 1.59941 0.30351207 1.6227173 3.4454677 -3.8998337 1.7612588 2.0370162 3.6061857 9.226732 -2.9367669 -1.7589679 8.902736 2.4824262 -2.822565 -1.463223 -0.9506131 -3.2984776 0.1055823 -6.3789062 2.28541
gazette -3.3852823 2.4685142 -5.4082184 7.21797 -5.0935955 -6.8667564 -0.3089915 4.8909235 4.552428 -5.2702374 -0.7346224 7.0094805 -2.365908 2.7267964 -3.1319478 -3.438682 -2.4086626 -3.4425743 -5.34243 1.4064679
directory 4.6692133 -0.4080658 -2.0163698 3.192279 -4.878503 -2.7468777 3.3272257 0.109128624 -1.4251659 -3.0839741 -4.0331693 9.716204 -4.0805516 3.9930906 2.2375312 0.26366872 -2.915759 0.34125996 -3.992473 0.2156
retrospective 1.5868037 6.371968 2.9764528 -1.5710106 -7.4273343 -0.7175617 0.5160292 7.069401 6.1795244 -4.8636827 -0.9255744 2.8922005 3.7547436 -1.9945364 -0.07861771 -0.0077530146 1.9662412 -0.77169555 -1.894277 -0.10595591
registry 1.5829327 2.5515797 -4.9087367 0.3297833 -5.7693644 -3.9542687 1.9714501 -1.6549096 1.4407855 0.96876776 -3.4868467 7.8482695 -3.8343067 2.9648862 2.9429567 2.0070648 -2.770816 1.0947945 -4.338409 3.8719337
histories 3.4221506 0.57597387 -0.06012773 3.6174042 -2.4958322 3.3739488 5.6361084 -0.428957 9.931925 -2.055171 -0.47493047 4.9811044 -1.6793451 0.21813343 -3.4574795 0.4461884 -2.0130324 -0.33878115 -1.9711237 -2.856204
reprinted -0.3145215 -0.51450855 -2.9421897 -0.29130834 -7.5502577 -4.7373567 1.7555643 0.11373172 10.046354 -6.6505237 -6.5194654 2.1950672 8.267884 1.7392726 -5.3241115 0.1590677 -4.176197 0.2479493 -4.7621098 -3.3647165
illustration 0.44688627 2.718956 2.2828119 -0.3062941 -4.237751 2.1977985 5.1953573 2.1460915 3.6705904 -3.5624516 -0.119074896 8.112716 5.6473746 0.3392151 0.3852447 2.7885718 0.6422396 -0.5050681 0.45572826 -2.410598
imprint 3.0081663 2.9619658 0.6656755 -2.6018791 -3.9430492 -5.8365583 2.286457 3.7966287 2.5461056 -4.860022 2.1858752 6.903557 5.4354496 -2.4197323 -3.2358675 -0.78139853 -5.353526 -0.02888391 -3.0815156 0.74094886
biographical -2.290788 -1.051065 1.3428935 -0.26652068 -5.668019 3.039322 4.4916306 2.783891 8.436815 -5.1353073 -4.4762163 4.4059873 3.124953 -1.4236296 -2.5622773 -0.044343684 -1.4767804 -2.8869536 -4.80193 -2.553591
guinness -1.6336383 4.477628 -5.6416574 -6.645132 -4.046755 -5.1524796 -1.7444922 4.127468 6.7914176 -0.62582964 4.0039725 7.7738223 2.0417855 1.0430866 2.1478631 1.7324632 3.324175 0.5380623 -2.6354373 -2.7153625
textbooks 1.2013772 -0.14398606 3.3154457 5.693987 -2.7747936 3.9747076 4.149192 -1.6176429 10.049445 -6.6006713 -3.4923346 9.551854 -2.384222 0.6702071 4.3679023 -0.8744332 -1.295299 -2.0185206 2.5003006 3.0380802
handbook 1.4089663 -1.114323 -0.7141362 2.9130495 -3.4903483 -1.0632153 3.4985857 -0.26072326 6.606289 -3.0826297 -3.7716308 8.861666 1.8750769 -2.6023574 0.5222018 4.6350102 -0.9861717 -1.7954115 -2.900685 1.8037697
penguin 0.84921354 1.2284708 -3.9222896 -3.3724527 -1.8207539 -4.4120564 4.2604218 0.49310663 2.6824727 -4.790499 2.7522864 7.648822 3.5872698 -2.8977869 -2.5178852 2.1136885 -1.0204816 -0.5460541 -2.7807372 -1.7914435
bestseller 1.0168974 2.6561368 -4.012758 -1.6554927 -3.6474583 -5.454895 -1.1912142 5.279594 11.200295 -5.8879957 2.895055 7.345411 -0.938586 -3.4009535 -2.7892542 -1.7039078 -0.21084401 -1.5797927 -5.3660994 -2.5626185
paperback 1.8684332 2.775138 -4.175661 -4.142977 -7.846904 -9.977331 2.2555883 2.7039554 8.089583 -3.5930474 0.40224922 8.571476 3.9491847 0.97867984 -4.596498 1.0550352 -5.5777125 -2.2571113 -4.48606 -2.1939757
diaries -2.065614 1.2599801 0.1606331 -2.1037903 -3.3220534 -1.0238385 8.673768 2.4324932 6.393298 -7.2402453 0.8736545 2.3099537 1.1240214 0.7209552 -2.31892 -0.7829067 0.046429984 -3.720757 -3.4006708 -1.0117197
periodicals 2.0942535 1.820934 -1.9423959 3.5951698 -6.118424 2.3293037 2.876644 2.2370143 9.933579 -6.712093 -4.3880434 6.584049 -2.0492136 -0.081796065 2.520634 -4.9507866 -6.983656 -2.1129699 -1.5069473 -0.24582104
booklet 2.7983637 2.4417844 3.1528032 -0.8467924 -4.774508 -5.1195855 6.985279 3.337669 4.4537582 -5.4789624 -2.4531257 8.032201 1.9354035 1.9897746 -0.012575119 -3.2640073 -1.1818981 3.6079965 -1.9029553 -0.43194348
pamphlet -0.99607205 1.1118314 4.0194535 4.916261 -2.1658401 -2.7021968 5.2256346 6.145121 7.6864424 -4.1435833 1.5192465 5.0510287 -2.3465333 4.8649054 -4.703406 0.11564598 -5.403765 -0.26254213 -4.30261 -0.07095527
unpublished 0.8297301 1.2796216 4.749949 -0.181995 -5.7649274 -0.7624739 3.3887367 -0.59378123 9.032949 -7.7062182 -2.2935965 3.0576332 2.3616047 3.589389 -1.6897736 -0.97401506 -2.0499473 -2.4635074 -4.996143 -2.6236193
biographies -0.0889783 -0.91080356 0.7129615 1.644943 -3.1518428 3.0066702 5.7083073 2.6909342 11.168799 -4.894741 -2.829917 3.0451725 0.85971576 0.56211513 1.6938736 -1.0738474 -1.8945276 -2.223908 -4.191396 -4.9436717
periodical 2.0378091 -0.5104047 1.1526437 3.748846 -4.0277963 0.99532515 0.8955608 4.503797 7.374976 -5.057994 -1.6389842 6.544942 -1.1072798 0.8357115 0.12871836 -4.87483 -5.24908 -2.2882862 -3.9754026 2.3234901
obituary -4.4555283 3.1505532 1.3741618 5.2477603 -1.6388332 -3.6063037 2.5676239 3.8905451 9.050795 -7.4723644 2.66149 4.8339086 -0.8922339 0.6777691 -3.1207628 -0.7675494 -0.20105767 -3.3854754 -4.336411 -2.5786624
digest 0.5799395 2.1912317 -0.98454213 -1.9081798 -3.2313714 -1.6211852 2.1204355 -1.1219293 3.7321436 -6.2578273 -1.9203035 7.1821284 -0.42988443 -3.689492 0.5203333 3.0625083 -0.8184683 0.35300836 -1.0524752 -0.56532025
printers 0.59386396 1.0205306 0.63966405 -0.79272807 -3.0792527 -3.2507234 3.2651665 -0.620074 1.1475431 -6.4500694 -0.7710561 8.035703 1.7165648 5.062203 2.748908 1.6062363 -6.0415077 -0.30391082 4.989978 1.4811487
archival 3.7792413 4.6067905 0.60340464 -0.31697407 -8.950509 1.0426012 4.767767 -1.6091564 4.098472 -4.89893 -4.5844455 4.5456448 1.930633 0.88067967 -1.1524 0.55750674 -3.9109204 -0.7150391 -1.9917686 3.0775297
postage -1.1779596 1.1705422 -6.8468494 -2.9622145 -6.3981442 -6.040001 4.289042 0.16441938 7.565501 2.3051474 -2.0956755 8.964717 -0.18763502 7.8011327 0.30335402 -1.4264416 -2.4659715 3.0562866 -2.9171474 1.2710392
anthologies 1.2580571 1.4517981 -1.1733263 -0.4274589 -4.9822392 1.7525837 6.531186 3.1296885 11.642468 -4.1977544 -2.8964715 4.8810444 3.3922222 -4.056462 2.0480623 -5.8437214 -2.0150988 -2.0763752 -3.0554037 -4.9538336
pamphlets 1.3655818 1.6313134 0.5290167 4.0534673 -3.2652385 -0.9516424 7.0715127 3.1846533 9.300996 -6.6476207 -1.5559179 2.7181265 -4.8139615 4.291612 -1.2846476 -1.4491292 -8.45326 -0.32812703 -0.6224389 -0.78474516
excerpts 1.7093096 0.62602866 3.9626775 0.29461917 -4.3558803 -1.0832866 6.48591 4.8734374 5.39648 -7.17055 -3.7837663 2.264496 2.523536 0.015123613 -0.63484496 -4.7868767 0.0703321 0.7645812 -2.383811 -2.1427274
hardcover 1.5812501 2.8615088 -1.5617847 -3.4488564 -8.161747 -10.5874 3.0645216 0.8033686 6.600702 -4.1811485 -1.9075081 7.141665 6.409015 -0.015559495 -2.8018224 0.17845841 -2.3555849 -2.0202923 -5.741084 -2.7597215
omnibus 0.5613814 0.004993466 -2.2932127 -0.4003013 -5.887296 -5.274902 0.83556604 2.865672 0.24978909 -1.8872699 -2.5332308 4.684507 0.25221235 3.2959335 -2.2551258 -0.21670292 -1.1962062 -2.3337502 -1.96815 -1.3832434
anonymously -1.1248441 0.3889719 2.4728239 0.2568908 -1.7102327 -2.2512174 5.9938946 2.4515193 3.92528 -6.89764 0.47721973 3.7747016 -3.7193353 3.739018 -0.4701799 0.10752521 -1.5485736 -0.5237401 -4.3487864 -0.37812823
monographs 2.0879796 0.8919825 1.7873794 1.8875387 -6.582448 3.9240592 2.878483 -1.9687282 12.399728 -1.0631307 -5.8185472 4.4338984 3.1148713 -1.780281 4.723254 -2.4868505 -3.7775114 -4.1504374 -3.5553136 -0.032094173
archived 2.7995875 1.9380523 -0.95727533 0.18883409 -7.2907767 -2.846177 1.5877672 -1.9659048 1.9913414 -6.651169 -6.7563286 2.942436 2.4476902 -0.7337608 -1.1926544 -0.54042876 -1.4866552 0.8106581 -4.6500077 2.7625494
postcards 1.6679863 4.0794616 -3.7607026 -3.616365 -4.50652 -2.5643878 7.0479517 1.8489877 2.9230387 -6.3955 0.5625033 5.0423546 0.6474263 3.48507 0.3280038 -2.4931455 -2.053192 2.1795912 -1.1196501 -1.58847
catalogues 2.860359 2.594373 -0.43758604 -2.3883355 -7.208124 -0.2668348 3.2015665 -1.0281607 5.627795 -4.424074 -2.5383399 8.135339 2.8517568 3.268656 2.4352021 -2.1565452 -2.833307 -1.4733537 -1.8938727 -0.5939723
folio 0.49091762 1.8079828 1.8280777 0.007169288 -6.1089287 -3.4010797 3.6321213 1.4146488 5.9801874 -2.898531 -1.7794838 7.7982826 5.730161 5.901759 0.93567175 -1.7240916 0.10885971 -0.78879005 -4.11864 -6.831032
calendars 6.1127753 0.6618188 -1.6243356 -0.6768817 -5.012905 0.94465584 4.0279255 -0.23887908 6.505908 -2.6279104 -2.6545537 5.865489 -0.6521225 4.101136 -0.10413853 -3.8758163 2.5122018 3.5910099 -0.36878976 0.93459725
almanac 0.9753476 1.0980359 -2.4545946 3.022925 -3.2540805 -1.5851076 1.2658206 0.93707454 5.130203 -4.020386 -1.6364657 6.578264 1.3971089 -0.9202094 -0.557919 -1.948268 -0.9718653 -0.55197346 -3.8545127 -0.6373795
reprints 1.8956071 2.662505 -0.357366 -1.6566819 -5.7620373 -5.3502426 5.201704 2.2519748 7.8472457 -4.7285943 -1.3405522 5.027333 2.654042 1.9957498 -0.77664226 -0.5108111 -5.5458703 -2.1690927 -0.399815 -5.0832233
reprint 0.3169247 0.7586029 0.6252511 -1.534648 -5.659353 -5.399344 3.0778246 2.5313983 5.536292 -4.1389503 -1.44851 5.4347587 3.5241685 3.2856016 -2.947531 0.8213571 -2.964451 -1.3923103 -3.9548821 -2.2535422
copyrighted 1.9674451 1.513473 2.811717 -4.887401 -5.587744 -4.71705 2.6460178 1.0739468 1.8544632 -5.939204 -3.7788756 6.2811637 -1.2408204 2.6038368 -1.6503841 2.847663 -6.091251 4.616187 -2.076512 1.1023569
ebook 1.9756572 0.2487073 -0.12458625 -4.2339716 -6.420409 -6.145776 3.148526 1.8876916 3.118553 -4.8877325 -2.8465717 8.795199 0.7827591 -1.0718685 -2.9622123 -0.5139981 -1.406532 -0.58783805 -3.4183514 1.3502301
philatelic -0.75037086 1.9165962 -6.2137923 0.6724309 -5.818559 0.43493772 0.28781566 0.502935 7.1214175 -1.8009958 -2.0651126 6.789213 2.6661084 2.4234867 4.168546 2.3511264 -6.427825 -1.1929041 -4.4546165 2.3355968
catalogs 4.272615 3.1000144 -0.27309802 -2.8474624 -6.1390553 -2.2279077 2.920748 -1.4828118 3.2414918 -5.7583995 -2.0965645 7.9172444 0.4386066 1.2795813 2.4542537 0.33908752 -4.1051507 -0.38306865 -0.85830307 0.22168872
illustrators 0.27554306 2.0594485 -2.2237256 -1.9225373 -3.0241997 2.7763622 3.0822296 3.397676 6.8749166 -6.104465 -0.15040866 5.5303254 3.6626194 -2.1288486 6.5875835 4.1473436 -4.0199876 -1.5438433 -2.3154418 -2.9755728
notebooks 1.2562147 2.0344965 3.9609976 -2.4171774 -4.3157144 -0.41909224 7.532051 -1.1556299 3.3247082 -6.876888 -1.0210094 4.7744536 1.623907 3.7142348 2.0250354 -0.33316433 -0.5036007 -1.915512 -1.1762652 -0.825054
directories 3.563457 1.1725227 -1.7203721 1.7803632 -4.9323726 -3.3780048 3.6569402 -2.5659893 -1.4026427 -4.9892063 -4.1740847 8.305168 -4.0240765 2.4858005 1.2717413 -0.30881423 -4.5164475 -0.039544377 -1.7867739 -2.1763594
digitized 4.211803 1.1096659 1.1362152 -1.4682988 -7.0085793 -1.5743644 3.8506746 -1.61879 0.36198837 -4.7111444 -5.431885 5.938727 2.4497275 -0.68698657 -2.3107893 -0.07491793 -1.0008833 1.0747602 -0.6765936 2.1544783
bibles 1.7318122 2.189863 0.80211914 2.5790443 -1.6682023 -0.18048286 5.4918046 -1.3054037 6.0387287 -6.6289907 0.49792802 5.4559712 -0.6587348 5.274175 -1.2489634 -2.308465 -3.365068 4.0075374 -2.884046 0.54279834
copyrights 3.0951512 2.439606 2.178218 -3.5956223 -4.3678136 -5.0906196 1.4235413 3.3045998 2.9178262 -3.2340276 0.022578446 6.566105 -4.1446714 4.320912 1.4704056 4.6786017 -5.990855 1.8204283 -3.3909793 0.80502385
globes -0.1803969 4.835994 -1.4777068 -0.66947067 -4.287978 -1.6650594 4.7615967 2.250127 3.4475687 0.37869802 -1.3159171 4.5925617 4.5314093 -2.0976048 2.1557753 -1.2183342 2.0487459 1.0063717 0.118195504 -0.54829365
colliers -2.0585647 2.071789 -4.305089 2.3158128 -2.3676698 -3.6629472 1.7719169 0.78379345 2.4886746 -5.2758636 0.18169484 2.9382358 0.18837743 0.43237934 -0.5979369 0.43215126 -2.663156 -3.455167 1.0364622 -2.668957
booksellers -0.48749235 3.0324202 -4.321268 0.022017397 -2.7549195 -1.38283 0.113832414 2.346755 5.2213893 -5.3305225 0.8787032 7.214227 -0.92430234 2.0397525 3.0254376 1.5048239 -5.6848917 1.2635207 -2.7561674 -0.7637187
bookstores 3.69882 3.9515831 -4.356991 -1.2227323 -3.527222 -0.51650345 1.9484785 0.47272718 2.5639005 -7.4701347 -0.1121633 5.0200276 -4.1553273 0.07384883 0.950635 -3.0376604 -5.1609454 2.2102945 -0.9693229 0.16013655
ebooks 2.4075706 2.019231 -0.25642428 -4.461696 -7.237471 -3.2458272 3.6701531 -0.5876812 2.2084339 -6.622597 -4.2555585 9.724815 -3.0966763 -0.44375682 0.90667456 -1.4538087 -2.204233 0.22318035 -1.9967122 1.3074266
booklets 2.4390268 1.3211856 0.06381022 -0.5842209 -4.7089143 -1.5433922 6.426633 -0.08786534 6.5484533 -5.305508 -3.975126 5.5945153 -0.29483858 2.8732042 1.8957231 -3.2138436 -2.6076381 1.6433893 0.22680303 -0.42815366
brochure 2.7667456 1.5292487 0.12345653 -0.59193337 -4.5014114 -2.6653557 2.8262649 2.8760397 1.7352792 -3.2501473 -0.44816524 6.623436 -1.3351381 2.1637723 -0.37956554 -0.53186655 -1.0307617 -1.0740206 -2.1142745 1.9145427
encyclopaedia -1.0115566 -1.0358773 1.1316161 1.981031 -3.7516444 3.0829442 0.5259745 1.4531388 8.823601 -0.098491125 -2.6842582 7.7686553 2.5430112 0.66012305 -0.8771598 -2.853199 -2.1670911 0.5087839 -3.8764744 1.0097463
bestsellers 0.7076425 2.2652218 -3.0017855 -2.6454415 -3.425023 -3.3991733 -1.057288 1.8095633 9.296669 -4.331841 0.13998902 4.866405 -0.703627 -3.4554918 -0.6910372 -1.8929781 -1.5834433 -0.9871084 -3.4432638 -4.186206
newsletters 3.3434968 0.62077177 -1.6742364 0.8051342 -4.5076427 -1.8075705 3.7823377 0.5256932 4.2899284 -6.7556863 -5.011875 5.1211023 -4.307373 -2.2938201 2.310989 0.22698115 -4.0644426 -0.4735476 -1.3287804 2.5297477
imprints 3.1374934 3.6975114 0.46358252 -0.84903604 -3.1271775 -2.1595469 3.9169528 -0.6077185 3.1665726 -2.031592 0.18022396 4.825279 2.7204766 -0.6702666 0.43274137 -1.1788688 -4.638523 0.6074602 -1.1175928 -2.1087537
guidebook 2.6084285 1.0587193 -2.6451719 0.69248533 -4.087621 0.33978677 3.149084 0.81457925 2.7856069 -3.8723478 0.08980271 6.978342 0.639404 -0.58758354 -2.6924193 0.72570354 0.8212644 -2.4023294 -3.5057588 -1.1492907
bibliographic 4.1389723 -0.43209288 2.4175744 -0.54902375 -7.4955783 1.2217662 2.5033803 -1.5529599 4.593208 -0.34398076 -5.185982 9.372552 -0.3091372 1.3300145 1.1851996 0.18759017 -1.3905618 -1.2187266 -4.129116 1.905503
brochures 3.1128995 0.95674074 -3.100917 -1.8368722 -4.8513565 -0.70937127 4.4458885 -0.4246851 2.4901617 -5.1791844 -3.1040707 5.0364985 -2.059142 1.7343634 0.14051667 -0.43334064 -4.016674 0.84394115 -0.14189972 1.5299159
broadsheet 0.35716224 -1.2601372 -2.1840434 3.1271033 -4.08147 -5.273517 -0.77132416 3.0504653 5.0389633 -5.4760065 -3.6127367 6.8348136 -1.3714932 0.96020216 -2.408849 -6.974521 -4.073059 -0.6083998 0.31473055 -1.4974091
hardback -0.58421963 1.8624662 -1.1687565 -2.8306184 -6.081223 -7.055136 2.466717 1.2780819 5.375791 -2.4729967 -1.700031 6.874911 5.7628694 0.66847426 -1.8757186 -2.2567043 -1.8549134 -0.4786954 -3.67585 -3.214391
encyclopedias 1.5996743 -1.231795 0.95655113 -0.23494369 -4.285645 1.9994173 2.531878 -0.06805809 7.838362 -2.8305516 -3.0993707 7.549264 -1.135699 1.7966081 1.7868068 -2.2780902 -3.587117 -1.0634193 -0.7182671 0.2944616
paperbacks 2.296272 4.0235906 -4.3665047 -5.829597 -6.6628165 -4.816979 3.0824401 1.2342522 7.4984083 -1.6219351 0.6104119 6.560793 -0.44177514 0.20805642 -2.3324478 0.5673342 -7.99243 -1.6442943 -1.7976365 -3.8871772
prospectus 2.1340737 3.6149158 0.37633422 2.4256735 -4.1541367 -4.839327 -1.4374888 2.58465 3.1108418 -3.3061962 0.29185677 7.00485 -2.2222848 1.6689748 0.9746363 3.2692971 -0.90747243 -1.9529436 -1.4210811 0.46912986
annuals 2.0587273 5.207432 -2.428312 -2.6837907 -4.204573 -1.8552483 2.3301985 -1.5324645 5.857066 -3.1855655 0.4037736 4.892649 2.2310622 -2.6944816 1.2640694 -0.98530734 -1.0096235 -1.0638014 -0.7951941 -5.096841
printings 0.25404778 3.8853228 2.1278093 -1.2688186 -4.637192 -5.2597313 4.086082 1.3375263 9.812599 -2.3447044 -0.68158954 3.679099 1.2763461 5.40967 0.7348626 -4.148381 -1.5389303 0.75522804 0.7637655 -4.30926
obituaries -2.2792282 2.472873 -0.6254737 2.5342052 -3.5101526 -0.619994 4.437209 1.4934803 7.3557715 -5.6709146 -2.3039274 1.6452645 -2.415881 -0.03232791 -0.93066067 -1.8497393 -1.0419197 -1.3522232 -3.1871912 -2.6916602
cookbooks -1.9483856 3.4708338 -2.8709774 -4.9094524 -3.119742 2.233108 3.921227 -0.34380233 6.5784225 -5.192615 0.22368707 7.27582 -1.623398 -1.7317531 3.8416228 -5.478996 -3.7929924 0.14160791 -2.1142979 -2.8194904
microfilm 1.4614534 3.1212401 -0.22690608 -0.2510489 -6.177767 -4.014409 5.0616 -3.5466132 1.1107172 -4.7609844 -3.0232155 6.3214264 1.3499959 2.594342 -0.61624914 -1.1389633 -2.148387 -0.3276521 -2.7240558 2.7307541
cataloging 4.235249 1.5618141 2.283936 0.59749645 -5.718648 1.9132448 3.1293182 -2.0608392 3.15892 -2.4660974 -2.662371 5.2865653 0.5833521 1.5582495 1.3404754 2.8907852 -2.7317665 -2.0985637 -1.8743639 2.9868045
clippings -0.3790317 2.5567658 -1.5136713 -1.170621 -4.9450545 -2.552435 7.8160744 -2.4245448 2.5457525 -7.7677236 -4.61156 2.724886 -0.2598586 -0.2856559 -1.3114271 0.1434096 -4.456138 1.16657 -3.6067262 -0.46950486
audiobooks -0.78558517 0.13048321 -0.2001524 -3.727856 -4.483839 -2.887587 5.276926 1.9762846 3.3348794 -6.5953336 -4.052285 5.16218 0.96283156 -2.5727293 1.8514674 -4.224116 -1.6622654 -1.7823664 -0.25075328 -2.2847917
digitised 0.1921343 0.26893455 -3.8827946 0.8872803 -7.8764243 -2.0224192 0.9148309 0.21833593 3.7639487 -2.3028457 -6.4573956 8.080085 3.8985534 1.8897862 -3.9988894 -2.4100757 -5.113945 1.1590843 -0.10022217 -0.76884174
newsprint -1.8983911 4.1924887 -1.053525 -1.011283 -4.4738092 -4.077871 0.8666996 -2.0656135 2.6140516 -2.2229657 -0.4628268 7.042324 -0.99885714 2.030702 -1.7967865 -2.467834 -5.1807017 -0.57617617 3.7654111 -0.3026054
digitisation 0.35218802 0.13402934 -5.052011 2.2678618 -8.326057 -1.366186 -1.7488921 1.0996127 2.5418177 -1.8436205 -7.2236004 5.7429113 2.4372227 0.19186918 -2.5960877 -1.1712239 -5.7291117 -1.3227412 0.8705633 1.6707667
ephemera 1.5463352 4.1979923 -0.52459997 -2.544125 -5.73209 2.3317282 4.902403 -0.35319373 3.1903338 -4.1543593 -1.8348092 5.1049876 2.7976155 0.16867635 0.40661314 -0.09721282 -3.9185574 1.436105 -1.685786 -1.407494
reprinting 0.97664064 0.6858944 0.00673107 -1.8675508 -5.1088657 -3.203504 3.334395 1.6880275 5.5833845 -3.495667 -2.056356 2.2712538 2.2044876 1.994831 -3.1652398 -0.124591544 -3.9752777 -1.2271948 -1.783293 -2.006582
handbooks 1.4129281 -0.8640274 -0.48900574 1.3773626 -3.7762887 1.3591386 4.276479 -1.3369725 6.9770656 -2.3199651 -3.6431947 6.181349 0.5731834 0.94812286 2.4650173 0.6594844 -1.6761093 -1.9612999 0.42810234 1.1067095
fanzines 3.854781 2.577628 -0.51304543 -1.9360347 -2.857214 -1.9700235 2.1753242 3.7473335 5.8269258 -4.9991984 0.18688393 3.2955103 0.8430952 -3.5697386 0.2661788 -1.5273451 -5.3007946 -0.04653862 1.3293409 -1.5980902
cataloguing 2.0411837 1.8476338 1.39779 -0.30468324 -5.757257 2.885927 2.9084275 -1.5441697 4.436519 -1.696765 -1.9833665 4.210183 1.6176012 2.7286491 1.0444471 2.4745815 -2.5096624 -2.5724826 -1.461228 2.1408758
philately -0.8522178 1.1193532 -4.0190625 -0.35291123 -2.8367317 1.7515243 2.0060356 0.26549283 6.4183936 0.4637429 0.20761733 5.5875525 1.6540871 2.601292 3.9398103 1.4021082 -3.6103482 -1.1354133 -1.2929959 0.99539614
stationers -2.402959 2.332351 -3.6971948 -0.06621863 -4.306742 -4.555848 -0.56641024 1.4260342 3.265562 -5.6197815 0.59901196 5.716409 0.39746538 8.989963 3.1769652 1.4660482 -3.0685794 -0.7166971 -3.9295309 -0.879099
atlases 4.33413 0.1406975 -0.03200969 1.008559 -4.724686 0.52784836 2.382919 -2.2589958 4.26076 -0.38775966 -1.9235337 6.8415785 2.8197477 0.51942164 -0.70218986 -1.7692283 -1.4681607 -2.4230692 -0.7359699 -1.5692354
archivists 2.4189372 0.819339 -0.66414255 0.53639835 -2.7562919 1.2187299 2.577981 0.61705494 4.629655 -3.2732646 -1.6498265 3.77785 0.06574353 0.6826637 4.011622 3.8158455 -3.7582002 0.20751338 -1.9844291 3.134311
guidebooks 2.2392688 1.1879364 -3.790027 -0.40586492 -4.0552692 1.7206877 3.6831336 -0.53197277 4.2199783 -2.915702 -0.69511056 6.1663184 -0.46367487 -0.26056585 -0.9607377 -1.7349637 -0.38627008 -1.9750417 -0.8745827 -2.4086397
bibliographical -0.20208502 -0.45456833 1.6096159 1.0323077 -5.607937 2.0394046 1.6524737 -0.5849925 5.9986434 -1.3374435 -4.41787 6.90487 1.3407804 1.1818051 0.21746722 0.15682031 -1.9309459 -1.0958109 -3.8198988 0.47029978
scrapbook -0.3269711 3.0396369 0.6356675 -1.626978 -2.943186 -1.9671375 5.464034 1.1231127 1.6689616 -6.34861 -0.14482778 3.2408774 1.5796866 -0.63529444 0.14432567 0.22784059 0.16398562 -0.24510328 -3.0683672 -1.916533
zines 2.5049207 3.2844408 1.6253138 -1.7170169 -2.3538897 -0.53610826 2.6857445 2.6650205 3.694666 -5.6354427 -0.20656891 3.4479978 0.5254862 -4.706459 -0.6405207 -2.6563785 -5.634675 2.1108587 -0.18350519 0.070795774
bookshops 0.8713084 2.4883173 -3.45466 -2.1197753 -3.619918 0.83262914 1.42023 0.4114762 1.8573495 -4.8078194 -0.3431986 3.8902736 -2.3075418 3.1443446 1.0602661 -2.8725846 -3.9861128 0.9268792 -0.71556467 -0.5987114
intelligencer -1.9725685 1.8673812 -0.73160756 6.1738453 -2.549158 -3.7485204 -0.4607881 1.8470803 3.4120646 -4.540956 -1.1187297 3.1697867 0.6626374 -0.20107476 -2.0841563 -1.6411601 -3.8763654 -2.2151906 -2.614217 0.05765284
almanacs 0.8731482 0.4780802 -0.07424471 0.114548124 -3.2670448 0.807687 2.1006608 -0.9121604 6.320953 -2.7954535 -0.9659358 4.6703763 0.29098096 1.8253443 -0.07789965 -1.8047414 -1.1295776 -1.42991 -1.945186 -1.0297338
yearbooks 1.6850213 1.8351521 -1.4018602 1.3548851 -3.170012 -0.8111126 0.37614736 -1.2278448 3.864025 -4.2873936 -3.208622 3.8746939 0.08876977 -1.5312035 3.2962615 -0.2735867 0.3636458 0.3088372 -2.3964133 0.06523849
redbook -1.9352223 1.0280226 -2.8995228 -1.3537266 -2.8906448 -1.6283497 1.8771248 0.7633539 2.9170187 -3.7528274 -2.463538 3.6802068 0.7570395 -3.3987424 -0.07001106 -0.740896 -0.43582392 0.5174223 -2.8400917 -0.794584
scrapbooks 0.7425715 2.8441029 0.15720698 -1.6781684 -4.107236 0.16326024 3.6535783 -1.7148325 2.9401135 -4.925804 -1.9475483 2.8607605 1.6306148 0.12852576 1.7108988 0.11651747 -1.8888881 -0.26243055 -2.499053 -1.3530248