Centroid_129 1.1486113432512823 -2.417405919282052 -1.0008858988820513 0.45876872185846146 2.412997162153847 -0.10667097221538455 2.3656645227692317 0.9879584432051278 0.23840916942051277 1.8404603819897445 3.496531715692307 -3.8440150750769235 -0.8592750848307692 2.490941328241024 -3.160079827805128 2.02726665671795 -0.27853742745282073 0.2696682250358976 1.6505567189589743 0.15022252299846156
capture 2.7861502 -3.1850083 -1.5796343 -1.9985044 0.8557469 -2.0413861 4.4222755 0.067076564 -2.418946 4.367755 3.510812 -6.237283 -0.18566874 4.0655293 -5.7921596 4.2147 1.7784138 -1.1097971 2.21454 2.7813215
afterwards -1.5719967 0.63592243 1.1928631 1.671648 2.6250367 -3.5131078 0.984154 2.736038 0.48008034 -4.429421 6.9570904 -4.217906 -1.6806061 6.0871625 -1.1583037 -0.5898042 2.898441 -1.8177998 0.92771655 2.5707672
arrival 0.08720511 0.44190252 -3.0998807 1.7007358 0.22659265 -2.2925184 0.26211363 0.9370392 2.269185 -2.2268918 5.5390687 -4.7478647 -1.1696436 4.7558336 -6.216375 -0.18802482 2.1695528 -2.7897027 0.7805666 2.2267208
enemies 5.3356543 -2.4403243 0.1745119 -2.7121608 4.4585013 0.39067334 9.689517 3.2462108 1.3189677 4.914071 5.9811525 -4.22703 -4.928822 2.8273826 -3.7148676 5.752864 0.09454421 3.8663285 3.279096 -3.0110521
attacking 2.553513 -5.5717454 -1.8206468 -0.38168785 5.3488603 -1.2474064 3.0456173 1.4544901 -2.3690715 2.9882839 3.5065413 -8.424043 -0.8041634 0.82788235 -4.007555 5.072936 -0.8834979 0.42980742 6.6391206 -0.97402227
advancing 4.6847076 -3.4712284 -1.8989991 3.9370766 2.7171612 0.1567444 -1.4054842 -0.25975263 0.5955694 3.5205092 1.7885269 -6.0894566 0.90013885 0.21982646 -3.2231016 4.5841656 3.4272745 0.69213486 5.500765 2.6452365
hostile 1.9169289 -3.6872509 -1.2510366 1.6853905 3.1719391 1.1370642 3.4646754 0.58666396 1.6335021 0.94564784 2.9551573 -5.114677 -5.0688806 0.67305917 -8.439913 6.4018416 -4.3094964 0.8053388 3.812014 0.4754067
capturing 2.9339807 -3.892941 -3.2182038 -1.4706006 1.2349032 -0.012490451 2.259767 -0.8404607 -0.5454657 3.2011917 1.7769167 -6.0722275 1.1559895 2.4509335 -4.786428 2.3747 1.3732913 -0.18904476 3.2985027 -0.39492396
fierce 2.4251537 -3.0197494 -2.0879416 0.252206 4.150729 1.5871243 1.6424271 4.266841 1.7484215 2.0319734 4.685072 -6.4227242 -1.0002506 -0.70317554 -4.983728 3.0728636 0.2804796 1.1807162 4.209758 -3.0326385
victorious 2.0494351 -4.244524 -2.3999155 0.7498952 4.9988117 -3.0991952 -0.9686544 6.135188 2.7615752 5.466155 6.1490636 -5.707259 -0.15738422 2.8217807 -2.000198 3.0583732 4.0152283 1.5326353 0.024902496 -3.3217022
confrontation 0.23589525 -0.7468161 0.90421826 1.2553723 1.9366438 -1.629194 5.867806 6.334119 -0.21827695 3.4639502 2.757957 -7.8407426 -4.0593004 0.38420904 -4.6913834 2.972122 0.8021614 0.17811261 1.23175 -0.52699053
meantime -0.7097591 -1.2011659 0.993839 -0.52011997 1.9449048 -0.8743499 1.2035658 1.4524027 -1.4857662 -2.4696882 4.7007136 -2.9334495 -3.1571398 5.2228584 -0.93797904 0.7534087 1.0812354 -1.5236932 0.5213755 2.3398068
crusaders 3.2760797 0.68835545 -2.3942268 3.6051483 4.2635784 -0.65247357 -1.1505998 5.021148 1.1525578 2.9764576 8.549725 -4.689692 0.90537184 4.307466 -1.1903734 0.8167404 2.005956 2.4047866 1.0584913 -2.2156918
reinforce 3.7778187 -5.092572 -1.2689172 3.530436 2.0839837 1.2019902 1.8527812 -0.43391675 -1.2762905 1.5614012 1.6214387 -3.1751916 -0.087757565 3.8558319 -4.7444243 5.7090306 -0.44381213 0.011439308 4.5631223 2.8343468
invading 3.601613 -4.863296 -2.9373066 -0.38974246 4.6891956 0.6885414 3.265662 -1.0186584 1.218755 5.3472295 6.7515283 -6.2549086 -0.023448527 4.2673874 -7.4678097 2.6100957 -2.1067164 2.3552408 0.947207 2.2095432
invade 1.8151001 -3.3076425 -2.7564688 -1.5356647 3.6043618 -0.7784291 0.80332994 -1.217267 -1.3990192 4.6977882 6.9058022 -6.155185 -1.0685986 5.2087774 -8.866085 4.3826313 -0.5219252 3.799758 -0.1870041 5.974883
formidable 0.5421852 -4.212297 -0.9028406 0.2944815 3.7344956 2.3847663 1.0180933 2.247485 1.2733029 2.6314452 4.0892935 -1.7429936 1.5537214 0.66933036 -2.4743278 6.9632163 0.30852762 -1.2938002 5.3400617 -3.1827466
marches 3.0570977 0.22044583 -4.563907 6.0385475 1.7391834 0.45545873 3.3722932 4.8659463 1.7211885 -1.4656549 1.9366812 -4.355103 -0.96951133 3.2985091 -1.1078287 -1.7058375 0.110865414 3.0463154 2.5235012 -1.7283168
bandits 3.701849 -1.3183695 -5.046132 -1.3771701 5.3437996 -2.6641064 3.7130232 1.4077033 -2.7684946 1.3123124 7.3476853 -5.3949475 -2.4041648 -1.3105241 -1.6017399 0.98274696 -2.4216895 0.024811441 1.2247473 -2.1911328
crushing -0.04806929 1.1318929 1.360892 -1.4943695 2.4943104 -1.5219337 0.92042947 -1.1000043 -0.37445292 5.181828 4.9185185 -6.003784 1.3672955 3.0244567 -3.7888904 1.9074662 -0.6384853 2.144204 4.833575 -1.8154283
breakaway 5.934351 -3.6829216 0.5797923 0.7667861 4.1765895 -1.7544862 -2.2516932 4.4921756 -0.37032017 1.6062924 4.3120584 -4.0395293 -1.1144439 0.5940536 1.7832382 -0.8773597 1.7252209 -0.13598059 3.8254876 -2.1820266
saigon 2.1945498 -5.256283 -4.2711353 1.3382577 2.7932718 -2.1431623 2.2655456 2.3855777 -1.7978994 -1.8136512 4.667811 -2.2696614 -2.755389 -0.66627276 -4.6007824 -3.3787165 1.3795646 -3.7273896 -0.5226535 5.79807
rebellious -0.9894093 -3.7865167 -0.04269773 -0.20849301 6.237632 4.758538 2.4313116 2.3464217 2.0566173 -0.46223715 5.4182816 -4.7843065 -2.6447208 0.91042393 -3.6142316 3.517773 -1.9339348 3.2885284 -0.035873845 -2.6840096
defected -2.4117575 -7.036157 -3.2467895 0.6082838 5.182696 -3.8708541 -1.8108171 2.7862272 1.9263018 1.5755396 0.25846067 -9.138513 0.10336412 1.9180624 -0.38307175 -0.652838 -5.284184 2.5310247 0.4814701 1.7586538
whereupon -1.9076316 0.43312195 1.3818645 1.029925 3.4658208 -3.175049 4.150116 0.65711987 -2.493745 -1.2801236 6.7378926 -1.5974705 -1.6489831 5.59023 -0.6044915 0.6618573 2.7068756 0.3220556 -1.3337212 1.7631667
defiance 0.07631662 -0.36028525 -1.6814635 3.649793 1.4963102 -1.6234381 2.815096 3.139253 0.14931959 0.037221476 1.9711832 -2.1387947 -1.1965852 2.0104606 -4.9354687 4.2733064 -0.83172446 3.4546242 -0.5757673 0.8962891
recapture 1.3246013 -3.2271085 -2.9623232 -0.9211402 1.9874591 -1.2472162 0.31545976 1.4617558 -1.6987307 3.1673436 5.357738 -7.266327 -1.171704 4.9349866 -5.803502 2.870157 1.8993129 -1.0202758 1.4611564 2.2697847
swiftly 1.1039523 -0.8174468 1.2268533 1.540695 3.4616003 -1.7606113 2.6758347 2.6113815 -1.099862 0.6883157 6.931683 -1.5366867 -3.3682485 4.037875 -2.892565 1.3135893 1.075653 -1.0487155 3.6350234 1.1436056
mercenary 1.3708024 -5.5395865 -2.946658 -2.632842 4.7410336 1.671714 6.2906265 2.8089206 0.5053631 1.1075443 5.915658 -3.0173113 1.2304409 2.6588948 0.7469669 5.318694 -5.150008 -1.7545105 0.4523233 0.0857536
retake 1.353253 -5.6256714 -2.343187 1.7227595 3.7649677 -2.5575519 -1.8077952 0.76254433 -4.1754827 3.3818715 4.501221 -9.248678 -2.1290417 6.0083714 -5.730805 4.0559335 2.7745433 -0.23085302 1.6736048 2.7754822
hastily 2.658354 0.41109616 0.43348026 2.3711033 2.1127968 -3.7688966 6.2920475 2.5926857 -1.4604785 -1.6307837 6.565236 -1.7699453 -1.3518908 7.1395864 -0.1738678 -0.4267932 0.32620803 -1.7789022 1.9555808 0.77589744
entrenched 2.209567 -4.3865237 -1.2014107 5.408862 3.3579223 2.691014 -0.65787166 -0.7536851 -0.17817828 2.599798 0.69364053 -5.4041824 -0.21885787 1.4957793 -4.9710402 5.0648055 -3.7516932 1.6131537 3.9775577 -1.7045115
barbarian 3.7223418 -5.4822073 -2.202001 -1.9379536 3.33739 0.669858 3.9310625 4.00854 3.571861 2.381913 5.6353827 -0.6835277 2.19481 1.3687972 -5.1818404 2.6118143 -1.327067 0.8366991 -1.3348205 -4.1975665
decisively 1.446558 -3.5224648 2.2661424 4.2014303 4.836401 -1.775699 -1.6899575 4.1785426 2.7111416 5.5640726 6.291686 -4.2389317 -2.2087054 3.6128705 -3.6318798 3.078878 0.8349847 -0.23798747 1.4837823 -1.21227
barbarians 2.133636 -2.368422 -4.3708105 0.702893 4.7620363 0.35506883 0.24680135 4.45407 4.041823 2.8756626 7.3744755 -0.06389723 0.50538296 2.4975696 -2.2801013 1.6486734 2.230068 3.330963 1.5272762 -3.66048
foe 0.5616773 -2.4952347 1.0198071 0.7298985 4.8301554 -1.6113188 4.8366704 4.0451336 0.21957196 2.5888638 5.0856295 -2.1378477 -0.031070864 -1.2958653 -2.8837874 5.833758 1.2812512 1.2075859 0.5079127 -1.8946615
conquering 3.086297 -4.2268066 -2.3905947 -1.2000242 2.6071472 3.4740105 -0.5622588 1.6142974 1.3223007 4.69445 6.3157063 -3.198187 -0.22051816 3.6883287 -8.373572 1.4740381 1.0833005 2.49979 -0.5416998 0.29779875
victors 0.893492 -0.15960719 -0.33986494 -0.16882555 2.5369754 -2.0089226 1.2316288 3.4471357 0.87365663 0.28749007 4.5179873 -2.954974 -0.64441836 2.613386 -0.47610286 2.814313 3.2520185 1.6693475 -0.6428954 -2.4843109
ruse -0.05070441 -1.5416365 2.140567 -1.5588104 2.8113768 0.7391355 4.8008833 3.4655638 -3.6628504 -0.14313887 6.119599 -2.721234 -2.5740407 3.647058 -1.7262163 2.4137242 0.9245275 -0.7300749 -0.23913094 1.661682
rallying 3.451039 -5.1265907 -3.2158089 0.14268374 3.081513 -0.16231008 -0.7806823 4.6048713 0.30685928 -0.26152217 2.2977238 -2.9438143 -2.214859 0.18468304 -3.5621037 3.7172976 1.3504899 1.301538 3.5564582 -2.0405498
splinter 5.269328 -3.4021118 0.8376416 -0.1400987 3.9412882 -1.9603236 5.2532053 2.9659708 -1.4752008 1.1822276 1.5176312 -4.9852734 0.5429641 -1.501766 -0.12958062 0.024605172 -4.974837 3.3396585 1.9315548 -0.18762207
adversary 0.9403349 -3.9825687 3.246283 -0.32690513 2.6703885 0.07327948 5.9626884 4.1838107 0.28110135 3.725346 2.7897127 -1.3403821 -1.7942443 1.6546764 -2.0848653 5.7583184 0.18234694 -0.4505057 1.0076586 -0.98826826
disbandment 3.704039 -2.4750996 -1.0139916 3.1403077 0.8287148 -5.8622355 -1.052918 4.214344 3.2104428 -0.7761697 0.5029016 -5.525561 0.98020816 2.2707295 0.005428918 -2.776659 -2.2696598 -0.8072858 4.3347893 3.6009943
falklands 0.94491065 -3.1492784 -5.183375 -0.25497523 -1.3791828 -2.6265202 1.5771278 1.8910537 4.668377 2.9332883 3.5074718 -2.5749252 -0.8547359 2.477898 -4.785734 2.3148136 -1.1405101 -7.3691797 0.5032676 0.8973537
repel 2.541151 -4.530034 -0.5592269 -1.9930946 4.932393 0.6920919 4.380537 -2.9142554 -2.0306005 4.653728 5.238208 -5.9457374 0.5424574 2.8450322 -4.525553 5.122026 -1.6145009 2.4816527 4.0451217 3.5889416
liberate 3.9737756 -3.8884933 -2.313564 -1.7590432 2.9169545 2.887475 0.7267436 0.58166766 -0.7296053 1.8822386 3.9780898 -5.811527 -1.2363055 2.478879 -5.532594 4.04394 -0.7527524 4.9140167 -0.7924245 5.925829
foes 4.4401526 -0.9838228 -1.2541754 0.12120079 4.11336 -0.36416343 6.54555 3.4134886 1.3764572 3.4368978 4.947089 -3.1294568 -1.0209432 -1.5068207 -2.103437 5.178701 1.6057804 2.7468863 1.7685692 -2.9687474
rout 1.3647205 -0.7836652 -0.46922544 4.4327707 3.8256094 -3.5493288 -0.83283883 2.8437586 0.60238016 5.1080127 5.202155 -8.47233 -0.39112923 1.8337432 -1.9632046 1.764417 4.006798 -1.6354434 3.096745 -3.006589
futile 0.3025487 -1.8368274 2.2557986 -0.8815457 1.467277 0.05547789 2.7287297 1.3682808 1.1462791 0.12818687 4.0755873 -4.6681004 -2.998689 3.7958784 -6.073717 6.69099 0.5798391 -0.69456005 2.6598482 0.7153124
plunder 1.6314772 -0.62056744 -3.2408779 -2.0422962 1.3397722 0.58125967 3.718937 -0.7792641 0.7747953 2.654975 6.7356105 -3.9631941 -4.5972004 7.791059 -5.403306 2.6155393 -1.9827435 0.47166854 -1.2091758 -0.44398817
forcefully -0.3453256 -0.36124906 2.370491 2.125657 4.07399 0.1943461 4.849887 1.3069009 -1.3026103 -0.21368852 4.345217 -2.622137 -5.4362783 2.8899908 -2.0022454 0.6637553 -0.7571017 2.774171 0.8659658 1.8440772
subdue -0.019418232 -4.8731008 -2.0584676 -1.4909881 5.775225 1.3620672 4.622086 -1.2253451 -2.6846979 4.0445194 5.2000346 -6.6152306 -1.9929494 3.5163705 -4.261805 5.6519823 -0.67652553 2.806511 0.57632256 0.9146104
adversaries 2.6505532 -2.7642124 1.4403598 0.5104185 2.960331 0.6993125 5.6313114 4.2011995 2.8458753 2.9399126 3.110513 -2.8167925 -3.3846219 1.5635978 -1.5704143 4.947966 -1.5411242 0.4440445 2.540706 -1.9841796
treacherous -1.4994525 -2.4916978 -2.4369717 -1.1687709 2.4826071 1.6313661 4.39061 -1.6788638 -1.5297948 2.3197188 4.566592 -2.291997 -0.8454882 0.5939335 -8.101883 3.6520028 1.7692189 -0.88976943 1.5937867 -3.7553673
powerless -0.18151379 -2.6135929 1.2354237 -0.549169 3.8049042 0.5092619 4.052701 1.0980915 -0.97492695 0.90082 3.7514534 -3.5476367 -3.9721534 2.8721766 -5.6792583 5.391339 -0.5304249 3.8943875 1.3811835 0.0030064024
booty 0.6059873 0.99312925 -1.4977696 -4.4479427 1.9943603 -2.9739742 3.4537718 0.76410335 2.0892072 0.7994293 7.081019 -1.4998635 -2.2244546 5.4961314 -3.009042 -1.0746444 -0.20393127 2.2283132 0.30205685 -1.9981529
fend 0.25432158 -2.5616663 -1.3586532 -3.443352 4.647094 0.33612043 3.2002077 -1.1874502 -3.037745 0.104014926 5.2172775 -7.069879 -2.1099687 1.1097957 -2.2559342 5.353583 -0.12736925 0.7209587 2.758356 -0.09824498
bloodshed 0.34507588 -0.22501202 1.3213177 1.0810964 2.09255 -0.8924733 4.2307076 3.98388 2.574098 2.7066708 4.7982984 -6.807001 -5.598739 4.2051425 -7.4318357 0.6929105 -0.055413485 2.2818959 0.8983236 -0.6029114
onslaught 2.4028149 -0.44006905 0.66212714 0.18543077 2.4569228 -1.5005289 4.399315 3.4358351 1.4734621 2.8328326 5.946299 -5.284317 -0.7197994 1.5139426 -5.7803206 1.0163943 0.25577894 -0.49096 3.6761048 -0.10678144
singlehandedly 0.615656 -0.25795424 -0.4212364 -0.97807705 1.9491141 -0.7300872 3.7367494 2.9841986 1.21707 -0.061515283 5.4303102 -2.4368353 -1.1356387 1.8238243 -0.5375579 1.7550416 1.1172824 -2.6728132 2.3371625 -1.5423546
guerilla 4.9881644 -5.6428943 -2.9114244 0.15020141 3.0913286 2.2450578 4.466541 3.5681868 1.065254 -0.005348869 2.729396 -4.9739943 -0.2704587 -1.7927316 -2.6657014 -0.48659393 -5.0933976 -1.596821 3.7813878 2.9889567
ferocious -0.09032189 -2.3725874 -0.5935379 -1.6924452 3.9283342 1.3400452 5.211513 2.7487736 1.6637759 2.2730365 4.425833 -3.2894678 1.5136447 -2.2973843 -4.9310446 2.5868373 0.7457026 1.2347951 3.5621715 -3.8150606
lawless -0.6214259 0.0991639 -2.0985532 0.7729365 1.6403538 -0.37552717 2.0310843 2.1971037 0.3283322 -0.68415403 2.9679785 -2.7883258 -1.3591655 -2.0076723 -3.6766129 2.9999216 -2.7813091 -0.51959556 -1.2376829 -4.0087113
manoeuvre 1.4306291 -3.4934213 1.9734939 1.4001241 1.906721 -0.43366048 4.370307 1.6544775 -1.9274918 3.640131 3.8019893 -3.0636692 0.03571477 5.3263445 -2.9388242 3.9153037 4.145679 -3.0507393 8.688515 0.64189476
abortive 1.253633 -2.1950407 0.2722036 0.66212535 -0.50192386 -1.2204243 -0.5595244 3.2628112 0.23002245 1.1713593 2.2668753 -5.8473973 -0.71984243 5.4785876 -3.9775047 1.5091245 -2.4196792 -2.4080064 0.94008905 1.3430806
spoils 2.106631 -0.41015542 -2.0563068 -1.4440095 1.0378983 -0.6575052 2.309995 0.91662204 2.1907718 2.2927027 5.3072424 -0.89707327 -3.415738 5.693517 -3.4146242 3.1288054 0.42747667 0.9696068 -1.013759 -2.4616761
unprepared -0.18556097 -2.1420853 -1.2029395 0.16557267 2.1400528 0.108658664 2.8702545 -1.0174407 1.102018 -0.62795275 2.5606728 -5.57615 -2.9584122 1.7181436 -6.142867 4.31785 0.11036575 -0.6003705 5.4279294 0.29687986
liberating 2.872554 -2.880699 0.7148032 -0.052770082 1.3876183 4.734848 1.1419241 1.0629554 1.250828 0.19456723 1.9079739 -3.0750442 -0.49768355 0.2758207 -5.855885 2.9668057 0.25539765 3.4205825 0.46626067 3.9209344
massed 4.904637 -3.9738872 -2.4217682 2.6980913 2.8204882 -0.14111398 3.470804 -0.19098304 -0.05451923 -0.7011917 1.3431646 -5.1421623 4.408814 3.3054924 -2.1287131 0.67008626 0.13489084 1.8200227 7.1351542 -0.62476254
spearhead 1.7256209 -1.651518 -0.98888874 1.8517128 0.6678168 -0.80105495 0.80345505 3.92411 -0.7184609 1.6586404 1.0591999 -2.1839101 2.8055155 0.163896 -0.49076402 2.3044376 -2.102764 -0.47040874 3.504273 2.575145
battlefields 4.6385365 0.6920656 -6.33805 2.9589512 -0.6801188 2.078811 5.573061 0.19061771 4.1109886 1.4890325 3.9657743 -1.5820376 1.081082 2.6967688 -2.3670928 1.3761938 0.23807983 -2.3330772 1.462438 -0.0074626897
fruitless 1.2032349 -1.7591292 1.8137385 -1.0871589 0.10124418 -0.72247994 1.2660514 0.3039203 2.6714387 -1.5593097 3.8099787 -4.7959523 -2.3251421 4.9309907 -4.748629 4.651411 0.9211343 -3.3020444 0.6852023 1.0510057
haste -2.316096 0.2609424 1.5646178 1.1197951 1.714347 -2.5410337 3.5698352 1.7800689 -0.056199897 -1.9114348 4.746896 -1.8180252 -1.5780153 5.477695 -4.2170362 1.3211049 2.554042 0.20599039 1.949586 0.22068098
arming 1.5298716 -3.2239795 -1.9092119 0.67180043 1.4882647 -1.9596964 4.875523 -0.5298919 0.2794884 1.663403 0.27257496 -4.5457034 -1.3818457 3.2304509 -1.6587689 3.529826 -3.628533 0.04573996 5.0895944 3.798114
soundly 0.06672565 -1.7946315 0.23674667 3.58298 5.394916 -4.6194434 -0.90634304 3.5016296 -0.41673046 2.4574578 5.537563 -3.065669 -2.3429208 0.68396723 -1.516994 3.0120406 1.9864961 1.3908252 -0.51834446 -1.9955342
regroup 3.6705601 -3.7726552 -0.7765832 0.6222065 4.167578 -2.5505269 0.5973605 0.66676384 -3.8506374 -1.4582227 5.0997458 -7.942418 -0.8048432 3.7108877 -3.5227432 2.9968462 2.3814602 0.4816886 3.0559406 3.3350728
warlike 1.8419706 -4.9007516 -2.1578462 -0.27365953 4.0442276 4.6069655 3.8160279 -0.7299762 3.826778 3.2622023 4.6767697 -0.98700196 -0.6686652 2.3075852 -5.5691686 4.304682 -1.6021463 2.1200705 0.4491766 -2.3699188
hordes 4.795108 -1.5277704 -2.80307 -2.297969 2.9371166 0.78485376 6.745194 1.1801037 0.5700461 3.071645 5.3325524 -3.172237 -0.066945255 0.72862697 -5.0136366 0.18034518 -1.6358 3.6284168 0.77455914 -1.4132866
bravely -0.60415834 -2.887498 -0.1514008 0.86138237 5.009843 -0.064576104 5.4255457 3.5678606 1.2574987 1.2140435 5.998827 -4.661228 -1.6856654 2.0370517 -2.0841706 2.516346 3.6155248 -0.31653237 1.1083188 -1.470584
repulse -0.95828855 -2.8704531 -3.2006698 1.4462067 2.7765493 -1.569626 2.4204018 0.72345304 -0.42785004 4.0119987 5.7822275 -5.3456407 1.4882277 4.682966 -4.1452446 1.6133914 0.5737731 -2.853626 3.8664365 1.0759104
scourge 1.5170215 -0.569927 -0.19417523 -1.9144107 1.4285089 -1.2304593 5.81375 2.0920453 1.6750375 1.534679 4.782473 -2.5759168 0.87715346 0.7214408 -5.019436 3.3963192 -2.2765079 0.23405068 -0.9628921 0.098228075
encircle 5.492144 -2.809434 -1.6686156 2.5539334 2.7112648 0.8382201 2.9532232 -2.251866 -5.31137 3.0733464 2.2245538 -6.151733 2.91505 3.7246528 -3.665608 0.6164016 0.9012794 3.7373307 3.6825585 0.5737991
vigilant -0.88733774 -2.162365 -2.2710557 0.6538711 1.1220773 -0.45141554 5.108724 -0.7864546 0.056250196 0.2081731 1.1481594 -0.64805 -1.6721772 1.1963258 -3.196543 5.221095 0.36590752 -0.44607973 2.14772 2.4712975
belligerent 0.6087843 -4.100084 -0.870056 0.38367414 3.8614748 -0.36067498 2.7935104 1.3833795 2.5748017 1.665191 2.800456 -2.2911992 -3.6482184 1.2708533 -4.088158 4.745677 -2.4153721 2.0851688 1.6063247 0.2522417
dispatching 0.7522731 -2.9302216 -2.226069 -0.18003461 0.35770714 -2.1350422 2.8904147 -1.376717 -2.4085996 1.2663856 -1.223209 -3.3827271 -1.2407444 2.078615 -0.7685437 3.1414216 0.28123024 -0.24573754 2.2711053 2.5315156
dislodge -0.8421842 -3.0839832 -0.4900711 -0.46924898 4.4392047 -1.7751684 0.78602755 -2.5869799 -3.3352504 3.5074947 3.2443578 -7.5609055 0.53411686 2.9160738 -3.8220618 5.027037 -0.42731926 2.0196352 4.5657706 0.66221815
hurriedly -0.078386195 -0.2620202 -0.17913748 0.44436923 2.0079923 -3.0564399 4.602102 1.0779252 -2.3285563 -2.7058465 4.85563 -2.7589006 -1.0770952 5.819332 -0.7348483 0.089281574 1.6713728 -0.9830515 1.5469428 1.1951178
fortify 1.9014153 -2.0590858 -2.2841747 1.2933952 1.2060959 1.8520366 -0.2581047 -1.8912835 -4.937598 1.3280777 3.9333394 -4.2530394 -0.5447661 6.738479 -3.8880465 4.268032 -1.4618149 -0.09243934 1.0303427 2.1645985
embattled 0.71111757 -2.5160146 -2.4238727 3.7623134 1.6985238 -0.8070995 1.2466298 1.6461607 -1.6500087 1.8804458 -0.3818429 -3.4427881 1.8528367 1.5415841 -1.3770826 1.9870774 -1.1676158 2.108272 0.46101525 -2.557693
tyrants 2.6817312 -0.95515996 1.1289912 -0.6103866 2.637863 0.58613765 4.863351 2.7056096 5.827409 2.594727 4.107409 -3.283162 -1.3843412 2.8868442 -3.2437096 1.3679924 -1.248755 4.3761415 -2.2110038 -1.6927018
pacify 0.30166927 -4.824404 -1.9373617 0.025273055 3.8792992 3.0861735 0.11826046 -0.16011196 -1.6614966 2.9394104 4.6629863 -3.8014624 -4.7393875 4.173303 -5.2808766 2.884199 -1.0862404 1.8775903 -0.6436268 1.9477869
pursuers 0.30343246 -1.644173 -1.0242249 -1.384403 4.26225 -2.211047 6.8171434 -0.40626815 -3.438757 1.1445438 7.491602 -3.8004518 -1.6500125 2.5632708 -3.5259395 2.4471238 3.2565877 -1.8820679 2.72633 -1.7296127
dervish -0.2665176 -4.087606 -1.2136014 1.3739293 3.2017634 4.943406 5.780281 2.7373774 0.78099185 1.7719218 2.5896726 -4.399437 0.2220627 2.1966078 -2.7436562 -3.540606 -0.5028588 2.141537 0.3056663 1.611832
repelling 2.0199804 -4.090496 -0.23663776 -0.28246355 2.8817322 1.6717153 3.43155 -1.1528032 0.77810663 5.061477 2.9026318 -5.579663 1.1187851 1.8220229 -3.523663 2.8889263 -1.1699655 -0.57018924 4.109582 1.0774636
rebelling -0.010844704 -4.2801957 -1.124097 -0.019732026 4.0400534 2.6256628 1.6770915 1.238545 1.7402478 0.98551846 3.6522264 -3.6753037 -2.3325148 2.9524953 -3.5848217 2.8901873 -2.664766 2.6955576 -0.7741205 -0.55638856
dreaded -1.1479713 -1.811566 -1.1376488 -1.5216998 2.093787 1.1446283 3.934617 0.7016466 -0.6849481 0.5247671 1.6932257 -4.1508875 -1.2444603 -0.010798006 -3.8288057 1.5509932 1.0235616 1.1999062 0.5602535 -1.5072504
beleaguered -0.6334905 -2.2584286 -2.5675108 0.98348737 2.4976616 0.52743334 0.4659164 0.24364689 -1.6073116 0.025777826 3.2997882 -5.501631 -0.68521076 2.5222049 -3.4698708 3.3512952 -1.2820667 -0.6325071 1.7767059 1.4923769
seaborne 1.6710316 -2.6473763 -4.462874 0.049028963 -0.46789935 -0.5013504 1.9516068 -1.1563548 0.3426334 5.0547853 3.7457955 -2.2416778 -1.1206613 3.6376443 -5.193834 0.7954891 -2.2133234 -4.618532 4.3034506 3.0895863
vanquished 0.39241934 -3.25694 -1.1795127 -1.01147 2.935433 1.0788748 2.251276 1.6505551 1.2915221 4.610872 3.4410677 -4.4746585 1.1069304 2.495669 -5.3461256 2.8721092 2.0835917 4.1468186 -2.6069367 -2.3071349
tactically 1.487699 -4.4160852 0.63955474 1.4992815 3.0423284 0.99423164 1.6875226 1.8298576 0.88809264 2.8519013 2.6211007 -1.887245 -2.0700579 2.3115418 -1.4377109 6.6398754 0.7685777 -1.8979026 7.8010345 -1.3056663
combats 4.1570787 -2.503965 -0.8087432 -1.1544317 -0.16100466 1.3796539 5.5224442 1.5356246 3.3394167 3.48181 0.77345705 -4.8749356 -0.17052639 0.58912003 -0.7009227 0.58896685 1.5498048 -2.2094238 1.2848189 0.31585583
disarming 0.21105458 -2.2842543 0.15496832 0.3193849 1.3550178 0.031440184 5.0546417 1.8290541 0.10712345 0.9234286 0.48526126 -3.6834314 -0.65620357 2.1180623 -2.8397822 2.699129 -2.052042 1.6652262 2.9506245 1.1340135
ruthlessly -0.5466164 -1.3796191 0.94278854 -0.42686316 3.3787715 1.2429041 4.332218 2.0641897 -0.09877902 0.6065766 4.4499397 -2.6403627 -3.7361202 2.3079717 -2.4686987 3.4607477 -2.37762 0.7429759 2.045909 -1.647244
bloodiest 5.1618133 -2.7327704 -4.798197 1.0631567 -0.42426857 -0.9476737 1.2781311 1.3040103 7.083977 3.2295291 1.3234298 -7.0117235 -0.1061445 -0.9465298 -5.352777 -1.4354043 0.7277548 -2.1684554 -1.6172925 -4.2818656
disengaged -0.94423074 -4.12497 1.0701222 0.08210075 2.4412842 -0.89945394 1.4272203 -0.85668147 -1.7971067 0.5554572 1.3200772 -4.493056 0.63031197 2.6285894 -3.1604078 1.9330547 0.20533085 -1.1497341 6.7820907 1.4160058
recapturing 1.1514148 -3.1238384 -1.745094 0.6389149 1.7592986 0.18205565 -0.436725 0.94253063 -1.2841778 3.0080073 3.1634607 -5.5779476 0.20397711 3.2654123 -4.5645175 0.5230459 0.11488319 -0.3712761 1.0732499 0.8155967
culloden -3.7261593 -1.481588 -4.320416 3.8067358 1.2042539 -1.9006916 2.2471278 2.219756 1.4962375 1.1186918 3.9961998 -3.9526498 1.7059219 5.247074 -3.7938645 0.38655642 -0.0034995123 -3.0923026 -0.40487346 -5.110216
defenseless 0.657172 -1.9096278 -0.7787617 -0.5629877 3.7800548 -0.335783 5.029424 -2.46081 -0.88385856 0.68009114 3.4050732 -6.0552363 -2.2597983 1.3741132 -4.276974 2.469755 -0.5199084 1.8511727 1.2285976 -0.27172774
defecting -0.68071854 -4.377295 -1.491776 -0.5848575 3.8237188 -2.2705371 0.47589928 2.296175 0.93402916 0.75579363 1.813455 -4.9725018 -1.9270611 1.246431 -0.9964245 1.0824145 -2.9164994 1.3484334 1.4971412 1.9877627
annihilate 3.418975 -4.5807257 1.0166671 -1.8228317 2.3615816 0.28763625 3.2042546 -1.5490696 -1.4724176 2.2730324 1.6670245 -3.7464707 -0.57210517 1.4002656 -5.9736204 4.1927357 -0.3556238 3.1174352 0.8351591 2.5388556
fiercest 3.3870254 -3.1094606 -2.831519 0.6878563 2.5192502 0.88416606 -0.9406747 3.0946531 2.838138 1.3242209 2.3169825 -4.6883116 -0.17096475 -1.84098 -2.9112287 2.4508789 0.2287396 0.5525941 0.9145951 -3.9665608
splintered 4.0345063 -1.9349267 0.26165104 1.0554549 2.1355872 -0.326025 1.0783485 0.1559133 0.510027 0.69366795 0.49073127 -4.5846653 1.4291869 0.899578 -2.1710763 0.4898327 -4.0144396 3.4991896 2.350841 -1.6128361
wrest -1.3010724 -3.639695 -2.7252262 -1.2129122 1.9751673 1.5602138 -1.2828492 0.95736086 -4.8630314 3.7559311 2.2662344 -4.6669707 -0.53906953 4.282118 -3.94592 6.596596 -1.7038498 2.6606367 0.2546697 0.23408487
elude 0.17841008 -2.3327029 -1.1826469 -2.5050159 2.454698 -0.6891401 3.7140944 -1.0038906 -2.4084094 -0.3842348 2.7135794 -4.095732 -1.3452305 0.8514084 -2.2977016 6.0583844 0.46300018 -0.26949233 1.8177238 0.6113474
subduing 0.39203852 -3.5326374 -1.9118444 -0.28544983 3.3400812 1.7995247 2.869363 -0.4158344 0.16356672 3.960463 3.1127963 -4.638093 -0.919181 2.0537744 -3.7662942 2.610763 -0.27799258 1.5318971 0.3702406 -0.2532704
stubbornly -0.38238066 -1.288229 1.7276552 1.7091565 3.3632727 0.44704488 2.5763156 1.8474078 0.10539453 -0.62093496 4.378126 -2.0894156 -2.7027893 3.2556558 -2.7949173 3.3490865 1.1049786 1.2087998 1.4976659 -0.69565594
disengage 0.05195624 -3.7922895 1.3482316 -0.9576731 2.561202 -2.257605 2.4804246 -1.0028495 -2.522257 0.5210385 2.3254108 -4.4226484 -0.08080646 2.7141845 -3.494927 3.4305136 1.2102058 -0.10543844 5.803136 3.804743
privateering -0.4108733 -0.7373751 -4.2346587 -2.1601806 -0.5143844 -1.2724371 0.3958339 -0.8998674 3.521598 2.3153415 5.649925 -0.19262429 -1.9164218 4.7591076 -2.711853 4.475218 -3.9650457 -5.006981 -0.06640995 1.1785814
toppling 1.6091533 -1.4795488 0.3933257 0.1804798 0.25329313 -0.56039566 0.85383874 1.8403554 -2.463827 3.4395087 -0.36793238 -5.049548 -0.770656 1.9383557 -3.5633814 0.7110798 -1.1327877 2.455043 1.7677352 -0.99130976
speedily -0.29042155 0.21114373 0.805744 1.5423452 1.1129775 0.030177478 1.7013048 0.15301411 0.8913372 -0.38248456 4.5012126 -0.18900229 -1.9668823 6.1914973 -2.5433455 1.9678113 1.5016372 0.7164326 1.2005931 1.5904603
undefended 1.8995159 -2.124586 -1.2685877 2.6952105 2.7611103 -0.6435554 1.5151256 -2.7857966 -2.2094777 2.4213374 4.5900655 -5.657108 -0.58168155 4.7077217 -4.825727 0.12891877 -0.18914644 -0.86742187 2.1233354 -0.33955684
subjugate 1.6785345 -4.5105395 -1.9518564 -0.9139405 3.3134317 3.4916852 1.6446141 -0.6696916 -0.030755013 4.1779385 4.6442404 -2.6439188 -2.581033 4.129456 -5.8817396 3.2620075 -1.4435579 3.3457735 -0.9289836 2.0699255
unhindered 1.9291549 -0.59208447 -0.009184776 1.0710447 0.72681195 0.47106755 0.6012079 -1.7989348 -1.535491 0.91719174 1.9287794 -1.4605286 -1.695414 2.7684543 -3.714309 1.9098495 1.6030384 2.0539968 2.891897 2.8411765
fending 0.34298548 -2.7433136 -1.2504318 -2.4301264 2.5670915 -0.05106134 2.3044033 -0.3175173 -1.0451922 1.8620343 1.9664967 -5.500191 -0.29428476 -0.57328236 -2.9749076 4.1079655 -0.59212506 0.26620385 2.1749156 -0.80233055
brigands 3.1255314 -2.5695074 -2.0993032 -1.4199171 3.6884997 1.6251421 4.366855 1.0379028 0.2943228 0.21983264 5.6174455 -5.0693574 -0.6342613 2.9814682 -1.9594991 -1.2259877 -3.2579565 0.49878275 -0.8962694 -2.757371
wrested -2.8142755 -4.849872 -2.3588996 0.7041043 1.9788349 1.6767598 -2.2681515 -1.2293661 -1.9085824 5.044395 -0.02636039 -5.217477 0.20806208 4.1390524 -4.4834514 1.3185037 -2.9670799 2.1304996 -0.08895063 -1.088362
feint 1.6701229 -3.0094364 0.5424327 1.5712266 1.8464348 -1.2382196 3.257187 3.4282687 -2.6110508 2.142889 4.721126 -4.070383 1.749292 3.8166385 -3.584386 1.1515903 1.8232359 -2.9399636 3.9268372 1.6633971
reconquer 1.7853554 -3.8826885 -1.1756982 -0.7384183 2.8049915 2.3243358 -2.7887723 0.51322895 -1.3859515 5.309214 5.9510555 -5.7114496 -1.7798204 6.160618 -4.503806 1.9564958 -1.0163726 1.6714978 -1.6351078 2.7152436
diplomatically 0.7327263 -1.7728963 1.1303915 1.0192884 2.9610186 0.5286231 -0.10080125 1.4959829 2.1958632 2.4344652 5.019836 -1.3864118 -4.310962 3.3057625 -3.5266469 2.7887537 -2.1570575 1.5389876 0.6994979 3.0154028
stationing 1.4745941 -3.4056454 -3.187828 2.9503791 0.4898207 -0.73313034 1.302464 -2.243955 0.14417048 3.2423298 -0.23514397 -3.255521 -0.012703091 3.7739608 -2.4429798 0.46299908 -2.3204074 -0.18479708 2.1895883 4.077347
methodically 2.3296764 -0.56714374 1.6881684 0.9382697 0.80151147 -0.021579202 4.4067144 -0.66700923 0.35335255 -1.6696326 2.1690032 -1.7654551 -0.6222361 1.788946 -2.1036522 2.1815212 -0.20086835 -1.0746509 1.7814127 0.10206527
fortifying 1.6948433 -1.5160891 -2.0454838 1.7610546 0.32479197 3.27444 0.24866633 -1.4697448 -2.0820382 1.4834806 3.2347095 -4.085083 0.2723237 4.986712 -3.959541 1.6682715 -1.3952477 -1.4927492 1.093812 1.4593631
intruding 0.50241196 -1.808413 -0.13146232 0.66331977 2.1700754 0.15268987 3.4893985 -3.2796729 -1.1994507 2.1525795 1.0543244 -2.5054562 -0.4081576 -0.20843601 -3.533008 2.5489 -1.0270439 0.9939148 2.1065784 -0.14790645
overrunning 1.5754699 -3.375893 -1.733552 0.9647139 1.6209351 -0.35702205 0.65767854 -1.3349278 -1.308269 4.126068 1.6446731 -4.9633546 0.51979476 2.418688 -3.7434888 -0.39310363 -0.47278512 -0.8458941 4.1128755 0.06782195
valiantly 0.43077934 -1.941855 -0.6596748 0.8675528 4.3179345 0.42074788 3.826751 2.5086691 1.6801993 1.7434853 6.1217237 -4.2592487 -0.33935252 1.8911391 -1.1890253 2.5864413 2.9927416 -0.26060292 0.59264743 -0.680114
belligerents 3.759861 -1.6734704 -0.6302207 0.54799414 0.69193166 -0.9937274 1.551231 0.021174155 3.0911791 4.5691485 2.4882016 -1.985247 -3.6008422 4.398357 -2.1500018 2.7234318 -2.0204833 1.4489365 1.7865787 2.4707792
slavers 1.5802956 -0.95048445 -4.8791213 -2.1293335 2.7512572 -0.6443465 5.358641 -0.6115648 0.7464781 1.7924819 6.8929095 -2.5099185 -2.7780888 1.504514 -3.3283782 0.6346863 -3.047314 -1.2932553 -1.8074839 0.19064432
oppressors 1.1311352 -1.9279962 -0.920595 -0.14761882 3.361513 3.0759857 4.5320506 2.6340837 2.5330386 1.6095858 3.8300235 -2.3206913 -3.6084902 0.6414051 -3.987377 2.5090735 -2.0511465 4.3884215 -0.6807755 -0.056240633
imperialists 1.1194988 -2.7621431 -0.47030342 0.5533158 3.273782 1.5972311 0.9740208 3.6167321 2.8869646 2.0428987 5.300536 -1.5405444 -2.1769953 2.7987278 -3.7849767 1.7791892 -3.978003 1.8048805 1.1561044 1.6460031
heroically -0.31687632 -1.102133 -0.2008002 0.00566967 3.4127412 1.2618194 5.3870797 2.2763379 1.3454856 0.3899185 5.067763 -4.61632 -0.48480287 0.81079143 -1.4495506 2.1821897 2.4879344 -0.5281449 -0.1426165 0.07538014
manoeuvring -0.91849846 -2.9454308 0.2526485 0.66693884 0.14542201 0.99939626 2.4575753 0.64295626 0.13890757 2.4577053 0.8703426 -2.3934774 -0.26140246 3.7900357 -2.939766 3.5647678 1.4712422 -2.8796196 6.818601 0.3105129
bosporus 2.1245995 -2.0510063 -2.4188664 1.9255673 0.8534431 1.0579495 0.95745116 -0.49807474 -1.048537 5.512114 5.298444 -0.9842903 2.3465333 4.762856 -5.866454 -2.991315 0.7109542 -0.46793705 -0.35260224 0.7315038
internecine 1.9495022 -3.5255196 -0.332244 1.3755977 2.6767223 3.3942318 1.7353162 2.1650865 4.4478865 3.5664115 3.930887 -6.5462375 -2.887037 1.8349854 -4.550676 2.1435778 -2.8909822 -1.7248545 1.1547189 -2.6987414
subterfuge -0.10689053 -1.0123668 1.2399383 -0.9698769 0.98072004 0.22978081 4.894877 2.1714058 0.110783175 0.015085793 2.8705313 -0.8367187 -2.5663977 2.7597668 -2.5589025 3.8679116 -1.0577145 0.09162132 0.8561574 0.6830845
insurrections 3.2104225 -1.8062683 -0.1377379 2.3967657 1.2444593 1.2551466 2.1142073 2.3542318 4.0455523 4.100908 2.6954978 -5.2817993 -3.1657147 3.3005576 -3.0484383 -0.7312637 -4.619562 -0.3855025 0.6391072 -0.26518476
ravage 2.2223442 -1.2923511 -1.6130576 -2.1210663 1.709472 -0.17965348 1.7525564 -0.4007453 -2.0179207 2.4175487 5.3134227 -3.6679645 0.8380436 2.2409105 -5.6207814 0.61871177 -1.2095377 0.9452518 -1.1884638 0.31568837
fended -1.1309328 -4.0846863 -0.41758624 -0.84057426 2.6294563 -1.8784869 0.16174929 0.5316267 -1.8802553 2.7918918 -0.22479063 -6.996731 0.95855534 0.18478301 -1.9771429 3.1080167 -0.21269831 0.51115805 1.1621351 -2.2116258
aggressors 1.58394 -2.6152725 -0.005139276 -0.10676153 2.7940762 0.40097827 4.8342247 0.81743556 1.3157167 3.4925714 2.4437351 -3.1963408 -2.9757354 1.2028283 -2.5693157 2.5631013 -1.2758632 1.9443234 1.5069678 1.6983489
unmolested 0.45110345 -1.1148213 -1.4967328 1.3436402 2.2856798 -0.4881819 1.106431 -2.5939827 -0.3985935 -0.37429908 4.6316595 -3.4991045 -1.6275014 5.0388556 -3.680891 0.107754454 0.9192544 0.08766011 1.1598328 1.502383
hoplites 3.5815802 -2.9187255 -1.1898946 2.1310678 3.9601247 1.1421319 5.0610895 -0.6635877 3.3617003 4.9121966 5.505515 -2.2230227 2.3983936 5.088514 -0.3374194 2.329141 0.5755761 0.8308064 3.602455 -2.0059693
montagnards 3.872598 -3.2250447 -0.37682155 2.181932 3.4983141 0.6572712 1.0308781 1.9677163 1.006592 1.2557236 3.6205056 -3.3259692 -4.036049 2.280592 -1.9399388 -0.14466456 -2.134886 1.8264002 -0.2606154 0.35406095
sniping 1.141326 -2.132164 -0.63408905 -0.13942681 0.73441815 -0.32399002 5.44776 0.7017167 0.16119789 -0.112602554 0.49667948 -3.9149194 -0.5691512 1.1425086 -1.3526886 2.1041436 -0.31133792 -1.9869733 4.7408204 -0.05720981
amirs -2.4351935 -3.1024492 -0.2434978 1.1980425 2.5013409 2.2275863 3.0538676 2.077096 2.6073864 2.5798614 1.7656498 -2.5476239 -4.9660482 3.9574463 -2.1944928 -2.4247127 0.3025154 1.7990206 0.066910066 -0.14027385
desertions 0.82052237 -1.0354263 0.15081967 3.1902726 2.3105311 -0.47152773 2.5720384 -2.045631 4.280583 2.41604 2.6928694 -7.6693788 -4.32334 3.3157852 -2.5289516 0.2291924 -1.5693675 -2.2162824 4.37689 0.36025792
gallantly -3.095292 -0.9019871 -1.9413987 2.1854281 2.588228 -1.746764 4.6759114 1.7376606 2.789778 0.7601394 4.8496776 -2.4443822 0.19569144 2.2327483 -1.3622631 1.3411264 3.0886798 -2.5833502 0.68953896 1.6906996
battlefront 3.1523538 -2.365776 -1.8234516 -1.1625698 -0.85501784 -1.6692808 3.3647676 2.0599186 2.2101588 1.6600035 1.9147295 -2.0486264 1.9175913 1.2980866 -2.969133 0.4343261 -0.39691302 -2.1589055 0.6597386 1.678344
ambushing 1.250729 -3.1691844 -2.4820058 -0.577842 2.948644 -0.7776438 5.4990335 -1.3819463 -2.3050508 1.4375696 2.40251 -4.301625 -0.44892046 0.20979758 -2.0035331 1.5552053 -1.3521683 -1.0122898 2.111464 -0.55510885
leaderless 2.406106 -3.040542 0.855364 2.9386342 3.0413055 -0.029659191 2.611278 0.7743838 0.5059016 0.270154 2.1405227 -4.0340667 -1.2480047 1.7377183 -2.157543 1.4349254 -2.586936 0.74560606 1.2318087 0.7610978
courageously -1.360584 -0.78704613 0.20426962 2.0999944 2.1627855 0.61006594 4.0333214 2.35364 1.321375 -0.022326067 3.0295374 -2.9494917 -1.1189954 1.3104348 -1.8912088 2.5175245 1.2227043 -0.4658089 0.6852085 0.5137292
risings 0.74689513 -1.544804 -0.33401972 2.872113 0.39505363 0.68311644 1.9426945 2.7832143 3.1265934 1.5623821 1.2028352 -2.9198434 0.56441075 2.3966825 -3.9333282 -0.5585045 -0.81624895 -0.08218375 1.3705142 -3.0201733
devastate 1.0167753 -0.7917173 -1.9896644 -1.8672647 0.9134224 0.9918156 0.32635298 -2.9575944 -1.4006166 1.8073885 2.515973 -3.7316256 -1.3092756 0.661848 -5.0940228 2.085913 -1.9052565 1.0415165 0.45245126 0.85335344
reivers 1.0017062 -0.9132909 -4.6647463 2.8883564 2.876333 -0.7519923 -3.27419 1.6376963 -1.0741825 1.7337309 3.8997478 -2.1212409 2.0160577 0.96673465 -1.7379835 0.7973131 -1.7500879 1.1493763 2.6232643 -2.8196232
annihilating 2.2785192 -3.4687946 0.4140276 -0.3107363 1.7361704 0.80559796 2.122765 -1.1895039 -0.54045 2.6460133 1.1088215 -3.1572824 0.43147615 1.4516599 -4.3438106 1.3535874 -0.4917718 1.6464263 1.3383485 0.6285133
demoralised -1.5200667 -2.7827575 -0.15011007 1.23704 3.4569516 0.67820394 0.5126379 0.057605676 1.0021915 0.71782243 2.6776206 -5.751758 -1.5673912 2.8509462 -3.487052 2.0052238 -0.8560182 0.4479262 3.9286351 -1.1167282
neutralise 0.36206037 -2.990776 0.63903385 -0.81046206 1.5525475 0.66283923 1.6975908 -0.9790176 -1.7740235 3.7867255 1.0733405 -3.1244426 -0.4804302 2.4227188 -2.498587 3.4296107 -1.6014576 0.96864253 3.2321172 2.1411493
ascalon -0.030983485 -0.9964068 0.65820825 2.2428603 1.3117764 1.5626639 1.6744759 0.8952198 -0.8281003 1.9477088 4.184843 -3.4697046 1.1929606 5.1083865 -2.8451488 -1.5925479 -0.07452972 0.34461623 -3.2590234 0.4787436
clansmen -2.409771 -1.8425106 -2.917806 1.3889755 3.9966068 0.28246605 3.1393957 0.85297847 1.0340486 1.461409 4.426887 -1.8197734 -2.513789 3.2615879 -0.3043762 -0.17780435 -1.2190113 0.43146586 -0.1968426 -3.0682485
outmatched -0.26817232 -2.9075918 0.28500685 -2.0036888 2.6855192 -0.72641766 1.662535 0.24057388 -0.5545698 2.7780826 1.8501542 -4.9663725 0.9498652 0.39620876 -2.1360397 3.8340852 0.5319601 0.35170496 3.4302745 -1.5675044
redeploy 1.9852258 -3.596144 -1.3075409 0.90508354 0.8570434 -1.4932458 0.9632796 -1.1995803 -1.9684689 2.5217428 0.7795242 -3.7828543 -0.3645663 3.6523163 -2.42569 1.2079608 -0.5419685 -0.46418887 3.7125568 4.2871737
overconfident -1.9223053 -3.1560473 0.91965646 -0.925909 3.0952516 0.96089494 2.23802 1.7559971 0.4877037 0.5746556 2.9049418 -2.434127 -1.4475673 0.1826273 -2.809949 4.15231 0.65159595 -0.1728431 2.3252993 -1.3407285
lancastrians -1.1323448 -1.2014089 -1.5163153 3.0884535 2.8002899 -1.9034925 0.7356131 2.4460435 0.46639517 0.9966767 4.7679987 -3.2181559 -0.26353696 5.7336698 -0.93610585 1.0413195 -0.15427122 -0.88492066 0.89086795 -3.539212
cavalryman -1.4333544 -2.1628792 -2.0914893 1.4738904 2.865517 -0.29353634 3.8638153 0.3199114 3.024238 2.0939784 3.3778553 -1.7845732 2.7281444 3.199028 1.9724836 0.6438882 0.5717574 -1.5736972 1.7939391 -1.4846771
neutralised 0.7393912 -4.0495386 0.1746774 -0.45586753 0.98470587 -0.14804487 0.8372914 -1.6842556 -1.2530068 3.14555 0.03752521 -3.3998659 -0.11349674 3.4118428 -3.0027578 1.2730389 -0.53526086 -0.01875741 2.4385161 0.40864706
envelopment 3.5978608 -2.7424223 2.4646008 2.3801548 1.4142984 -1.372161 2.3975585 1.069696 -0.9885628 3.6467361 2.1407185 -2.300049 2.3535101 2.4273014 -2.2419333 1.020888 0.7728681 -0.7282197 4.803775 1.3806127
tartars 0.747703 -2.2959948 -0.9616303 0.3955244 3.193802 0.6628372 2.2968204 -0.44855013 1.1180552 2.3770204 3.4423764 -2.9787261 0.918662 1.3877138 -1.2507855 -1.1568848 -1.2480295 1.2074529 -1.2465626 0.13371053
slingers 2.0813065 -2.0982554 -4.2393465 -1.5605069 1.7682697 -1.8341379 1.4623137 2.3592005 1.1298128 3.0783553 2.775278 -1.8752271 1.4770851 0.75814635 0.7274693 0.73922414 0.8544692 0.31323498 2.161251 -0.04589117
minorca -1.9835775 -1.1256293 -2.3927205 -0.0040083476 0.15483107 -1.4453759 0.9960475 -0.6997562 1.1888139 2.7803059 4.1780715 -2.243575 0.5830226 3.73896 -1.6491565 -1.4549919 -0.20054322 -4.029814 -1.7088633 0.07545556
overstretched -0.64505225 -2.2907171 -0.30871746 0.66003287 0.8263095 1.3588998 -0.10933055 -1.1246175 -0.55013806 1.5538006 0.8266161 -3.3995304 -2.0035985 2.7322574 -2.8862672 1.8150064 -1.1119587 -1.2401371 5.0050354 0.5217066
rearm 1.1463721 -2.8967867 -0.5514484 -1.6868715 0.37796307 -1.6066848 0.8744376 -1.4210712 -0.050950434 1.6425469 2.0057054 -3.405238 -0.45458695 4.395715 -1.7720993 1.4417083 -0.56326205 -1.1247553 3.3322258 4.9991097
disembarkation -0.09489684 -1.2698513 -2.7195344 0.73992294 -1.1887436 -0.38879868 1.6498829 -1.3438091 -1.3738084 1.4895574 1.0790784 -2.5646405 0.5413289 3.5917308 -2.7937293 -0.6955478 1.6949784 -2.8925738 1.3473954 1.8043578
cretans 1.6587676 -1.1683143 -0.2986392 0.32928324 2.475894 1.963321 2.4802072 0.753336 2.8842473 2.3129349 4.6515865 -1.9400877 -0.6485401 3.000441 -2.007524 0.37995425 -0.16287503 1.9853929 -1.0401124 -0.37627965
taegu 2.0071738 -2.8609498 -2.5157914 3.9941602 1.2391597 -1.4760699 1.5052006 -0.22538231 -2.1284025 2.5137029 1.6201981 -2.9390965 0.8339471 0.09606016 -2.4886642 -2.6087298 2.3903258 -2.0801668 3.924363 3.585127
outmaneuvered -1.1412231 -3.7372308 0.6636368 0.55493057 3.0595384 -1.7866418 0.5782949 1.2625793 -0.29257673 1.8425944 1.7087727 -4.3354297 -0.1677159 1.5041407 -1.8868319 3.086162 -2.1904867 -0.39046365 1.2155204 -0.34509856
montagnard 2.0902324 -4.7531037 -1.9633771 1.5225532 3.3448958 1.6306622 2.4644387 0.5319611 -0.74131554 0.63997513 1.6503652 -2.3338556 -2.6736813 0.583266 -1.1701976 -0.5379617 -2.8353753 1.121366 -1.7882829 0.9447098
cannonade -0.46303475 -0.90209836 -0.5770583 1.4317862 1.2747326 -1.8873004 2.8931746 0.4547098 0.46531686 0.952821 3.9201522 -4.4286933 1.4844146 4.0786676 -2.3501682 -1.4273504 1.1900444 -3.2200131 3.5374835 -0.34884503
outflanking 2.0971289 -3.3762977 -0.6400301 2.8840547 2.5013344 0.18098192 1.1692888 0.58488226 -1.9653945 3.1545305 3.6040807 -4.393523 1.372545 2.8667297 -3.462151 0.81539637 0.5714653 -1.2836785 4.425894 1.3824732
yorkists -1.4917041 -1.2269095 -1.0785563 2.745131 2.6867702 -1.2662203 0.714757 2.4033144 0.53787655 1.3517205 4.9997377 -3.1348758 -0.302404 5.741398 -1.739865 1.556663 0.3005359 -0.011975457 -0.14311877 -2.927135
demoralizing 0.16760422 -1.3501114 0.66663104 0.06499959 1.4447566 0.18896656 1.5969906 -0.31980443 1.5353905 1.182827 1.0295292 -4.5092673 -1.4396898 -0.035849687 -4.1252456 2.6040533 -1.6570095 0.68814147 2.707333 -0.22738129
piratical 0.52607775 -2.3979795 -2.8294666 -1.1259211 1.1734825 0.9147231 2.1806052 -0.36313164 1.9534456 1.2039919 2.8195746 -2.4099953 -0.7198799 0.937766 -3.281147 1.3414385 -2.3371105 -1.7921795 0.04014855 -0.20767176
rearming 0.8466607 -1.9072632 -0.36059627 -0.55551696 -0.47054717 -0.9568845 1.0123743 -0.9408913 0.70110166 1.3214762 0.7353226 -3.148836 -0.15388323 2.3592448 -1.5149214 0.49991244 -1.191205 -2.3207743 3.2004602 3.8321052
ignominious -0.77079993 -1.0027521 1.2353038 0.44883904 0.96500164 -0.6542808 0.63179064 1.3089222 1.4776692 1.0647695 1.9740229 -3.0744836 0.19777635 1.8430172 -3.0085688 1.1263697 0.95642775 0.31501636 -0.11050798 -0.91068965
firefights 2.5824294 -1.4944512 -1.3374629 0.72937495 0.53981614 -0.13118625 3.7271082 0.21811764 1.194329 1.2830417 0.6470983 -4.319228 -1.452279 -0.19405355 -1.6888716 -0.75331277 -0.39513972 -1.8307806 3.4715488 -0.6050442
meccans 0.20265035 -1.8394754 0.64488345 0.9977178 2.507908 1.0876681 3.0312076 1.0555476 1.4281919 1.4179933 3.1093702 -2.8989205 -3.4556494 1.9231849 -2.9184437 -1.6284062 0.86843234 1.6254805 -0.87567514 0.89152586
argives 1.6358591 -1.0950552 -0.06315607 0.4245111 2.0096521 1.2036077 2.168183 0.4630566 1.2743835 2.9182858 4.301819 -2.8156593 0.80974907 2.7996042 -2.3570144 0.6640342 1.5739533 1.7352533 -2.683494 -0.73051476
victoriously 0.5099201 -1.4170948 -1.0391085 0.413365 1.9063509 -0.7103565 0.9558063 1.3808445 -0.10588975 1.9246814 3.258436 -2.4592087 0.20313844 1.6995684 -1.2415342 -0.27720907 1.6271212 0.47086337 -0.70522857 0.41308302