Centroid_115 2.1256921970740734 4.992816135925925 -1.8711209113086409 1.7792816594938266 -0.625508011962963 3.622061712703703 0.4653907749000001 -6.38601074814815 -2.361146131209879 6.339834037469139 4.3586714782098746 1.9143372408395056 1.020773301141975 -4.089765688209874 -3.88978360938272 -2.1312313339197537 0.4651655530753086 -0.20612237466975306 2.777978803679012 -5.140017848808644
range 4.0658975 0.98503536 -2.719986 2.1346884 -1.8790425 1.722858 2.5558045 -7.1730995 0.13702865 3.870879 -0.88404226 7.3677835 0.31463107 -5.4189315 -1.4891008 -1.2189547 1.8602722 -2.8923688 9.493525 -2.4868894
mountain 3.2901442 0.83341694 -6.2728243 3.2633004 1.9239972 3.29737 2.1325898 -4.7391515 -6.6605716 4.37145 4.5815516 2.6374614 5.626382 -6.5926147 -3.3067253 -2.679175 5.2764173 -0.3240211 0.26581618 -4.466273
forest 0.7045065 7.6166863 -6.374241 4.497518 -1.2564627 4.4962115 1.1258042 -5.6787314 -6.344203 7.7396135 4.2683835 1.6824433 -1.6909115 -2.9390588 -1.2882661 0.70333886 1.3346671 -0.055641983 -1.2779237 -3.3228908
mountains 3.257377 2.0079947 -3.7112439 4.783984 2.9749873 5.9421415 0.6837946 -4.520545 -3.6438 10.191713 8.027306 0.21113488 4.340732 -6.5714808 -6.508852 -5.9758883 3.885925 -0.28800008 -1.0137843 -4.161172
trees 3.5496714 12.521496 -2.826358 -0.6038438 -1.6582714 4.029181 6.829602 -10.772936 -3.7373765 2.9745739 6.1699095 4.0506806 -1.3618885 -1.8063534 -1.8792939 -2.0959535 0.77528936 4.528579 2.5109227 -8.88161
rivers 0.40683556 2.634613 -2.2884777 3.0357852 0.3233913 3.02071 -1.1852927 -5.9137907 -6.488272 9.749493 4.5009193 0.54499364 -1.7707956 -3.6172056 -6.2166824 -4.141527 -0.6529639 -2.275515 -0.08778607 -5.46222
dry -0.68663114 7.7428093 -2.1041236 -3.6403484 -1.0933316 -0.4907936 -2.0223217 -9.751333 -2.5363202 1.5966471 5.504576 0.3014613 1.0219115 -2.5540786 -5.7796865 -2.200041 3.5827067 1.1919516 8.287557 -1.811746
forests 1.7301071 9.024587 -5.634919 2.3799691 -1.3771818 7.764611 0.93869764 -8.269143 -1.9020336 12.76659 5.4771223 2.253998 -4.310379 -4.9465423 -2.6129375 -2.0231953 -0.81883645 1.07209 1.2648675 -4.808652
lakes 3.6374147 7.6209273 -6.4329586 3.1232283 -2.3896925 3.8658843 -1.5946019 -7.1650696 -4.057439 7.5785465 6.1422524 3.254365 0.8023414 -3.861494 -3.2787714 -2.1161458 0.6267529 -3.2337956 2.0737264 -5.381549
basin 2.9926016 5.384223 -0.46173087 4.6371408 -2.9018579 3.2230704 -3.9079323 -7.0435085 -3.5789053 13.797328 5.947684 2.4794812 2.2939577 -2.4971406 -8.135531 -6.066519 -1.3454596 -3.27771 -0.28839076 -1.062685
elevation 0.69140106 2.9404008 -0.8629926 7.0487747 -2.4085047 1.6262709 -2.1483457 -10.430931 -5.074412 9.654074 -0.81246907 3.2335722 0.8923391 -1.1056571 -4.3456125 -3.9622192 11.277343 0.36534363 0.74067885 -4.996346
sand 1.8872094 7.3421345 -1.0398749 -2.9373784 -1.078462 1.2733964 3.2166061 -6.530973 -5.723506 4.777092 6.334938 0.31972465 4.579449 -1.4014789 -4.360281 -2.8807354 -0.2403961 1.5125685 3.5834455 -4.410812
ranges 2.156185 0.4203568 -3.3404686 2.4458108 -1.5394559 1.0149014 -0.16165344 -8.903598 0.57958186 6.817644 -1.8250047 3.9278216 1.9969373 -5.4022856 -2.6889107 -3.9475842 3.0122676 -1.4352791 6.3001943 -3.7147572
grass 0.82941943 7.9040318 -3.485181 -1.673776 1.0674615 1.3898567 1.4007413 -6.140679 -4.346645 3.3686113 5.38679 2.8635526 2.7487056 -4.1701283 0.9139811 1.2003608 2.7642438 4.6621027 3.357097 -5.267701
plains 0.9060939 4.770195 -5.765346 7.480358 1.8065109 2.9365785 0.25518924 -3.7859967 -1.7032028 5.0412874 6.801094 2.3542333 0.28833717 -4.508895 -7.2544575 -2.400918 -1.7167192 0.082269855 1.4508603 -5.1064043
streams 3.4624171 4.6724133 -0.5365146 -0.5120623 -2.3394494 1.4101365 0.9367284 -8.629283 -5.0057015 4.1217046 0.4861084 4.659511 -4.1919594 -6.5669866 -4.660724 -4.7896667 1.0008829 0.09665158 4.62408 -4.740672
wet -1.1203096 6.4819603 -1.6287667 -5.0478683 -0.76064706 -0.053258482 -1.3931962 -6.977512 -1.8454132 2.2990575 4.616747 -0.93468004 1.9324502 -3.7063 -3.7667773 -0.58090216 5.2704754 0.9003751 8.078396 -3.0030305
limestone 4.5847507 10.248286 0.7324318 5.790217 -3.3534539 3.7339551 -0.09202841 -7.264526 -4.2626863 7.3067865 5.4501896 2.0160534 8.742207 1.8480783 -2.2378635 -4.10988 -5.1502943 0.6026184 2.5301266 -9.439709
glacier -3.151431 1.4807607 1.0967219 5.018445 1.0685823 2.7538106 -0.94607824 -4.1394095 -5.139996 8.437656 6.836373 1.3848171 10.076414 -6.0448637 -5.8034286 -2.352525 4.360761 -6.7712755 0.59642255 -2.1028502
vegetation 4.5833654 10.003141 -0.95706594 0.37772533 -2.297114 7.253789 4.5761104 -11.065217 -1.8118187 10.319395 5.5244064 3.171818 -2.5328686 -5.348854 -5.1011004 -1.525179 -0.2550675 1.0838141 4.948527 -6.7617693
terrain 6.030649 1.2649354 -2.3157074 2.3921604 -0.5099477 5.633253 4.253559 -4.9150395 -3.9353032 8.887233 4.5278263 1.2907135 -2.1080215 -1.9647745 -6.9341054 0.11171491 3.7976484 -3.9747891 10.764263 -5.884057
tributary -4.8579993 -0.19253778 2.896369 4.800591 4.048136 2.2837331 -6.335839 -3.5958216 -8.975855 12.576782 6.959945 1.3610016 -1.0784227 -1.9469024 -7.328182 -3.9575672 0.8197792 1.8378096 -3.2809327 -3.6855638
plateau 2.2687688 1.2589318 -0.37014052 6.4292607 1.2896938 7.073472 -2.1106262 -4.940722 -3.1871934 12.250046 5.0069714 0.4428745 3.1544833 -3.8723998 -5.590409 -7.3112774 3.037943 -1.0676867 0.8635884 -3.6390529
shallow 1.6698405 4.5318623 -0.7226715 0.19618925 -0.34545317 1.4456326 3.8976963 -8.656854 -3.3957274 5.4195848 4.985368 0.2878577 4.134859 -2.1013083 -7.7516828 1.3422565 2.1656237 -0.33009484 7.512889 -5.2031956
slopes 2.2051857 4.2944765 -1.2456667 3.812766 1.2203588 8.89285 -0.20735997 -7.653647 -6.2833014 10.63184 6.191138 -0.44303975 3.8590944 -4.293799 -4.8793964 -5.1569066 5.092472 0.1823637 5.086458 -8.277833
woodland 1.3275388 9.427732 -5.3429656 4.513756 -2.24631 6.3347006 0.87089807 -9.016499 -3.1976364 2.741409 3.5804696 4.441568 0.4299947 -3.8359375 -1.6702762 0.4267042 -0.28481752 0.48106238 0.680581 -9.921046
steep 2.5624852 1.570279 -0.15673901 2.621338 0.9752988 4.6851544 -0.419229 -7.0204725 -7.544778 4.174368 4.7142997 -0.34328315 1.2444005 -0.45237842 -6.6413574 0.6344756 6.0265713 -1.8671567 9.907007 -10.4726
subtropical -0.6876014 2.8218825 -3.4426582 2.1458826 -1.057779 4.4729924 -5.3346767 -6.9382305 2.5676951 9.578037 3.0539198 1.5731022 1.6552395 -12.924217 -6.819486 -5.1824093 1.0097665 -3.15417 1.8903415 0.28307927
slope 3.0472028 2.1126578 1.4845786 5.0510845 0.5033457 3.726566 -0.0065667666 -5.7110114 -7.373441 7.9136877 4.179508 2.0608022 2.9351096 -1.6091278 -5.646546 -1.8821067 5.997252 -0.6707892 5.54428 -5.383585
peaks 3.2490094 2.1378386 -0.7281701 2.149627 -0.8427281 3.1280692 1.8434994 -5.0457325 -0.40731412 7.460274 0.7737031 1.0130316 2.732595 -7.399793 -2.2418048 -8.919271 7.0576363 -2.423494 3.1449502 -8.423278
valleys 3.5494359 3.0340283 -0.87724155 4.041221 1.1566036 7.6195145 -1.8610277 -5.786423 -4.9802837 6.828939 5.429501 0.5444572 0.12791118 -3.8058164 -5.551651 -6.0957417 0.6445134 -0.43451506 3.3508434 -7.76967
freshwater 0.043501444 3.9114063 -4.596203 -2.1238034 -1.1669141 3.6501591 1.3289454 -12.938944 -0.31103408 8.328709 4.418831 4.6032796 0.55948305 -6.177864 -2.56958 0.57803345 -0.91758853 -3.28484 1.1334587 -1.0931076
soils -0.41910797 12.421862 3.5636816 1.1104854 -2.2675943 7.764368 -3.6692133 -10.645079 0.15109922 11.676799 6.090585 4.636011 -0.22063726 -6.2817597 -4.23601 -0.5167011 -3.3370306 2.6659355 6.0375943 -5.8368416
abundant 2.6299415 4.7663445 -1.3632029 -2.7429636 -1.3891121 4.8944025 -0.7559638 -11.268864 2.7077534 3.7916398 3.081375 2.8668964 0.7496307 -4.0359235 -5.7067204 0.34117416 -1.4903202 2.713184 2.3769648 -2.8069983
moist -1.7369117 7.145921 -0.3014362 -2.2723618 0.33378187 4.384274 -0.0006835868 -8.929114 -2.182929 8.053051 3.8772852 1.2994394 0.34848434 -9.270324 -5.1861253 -0.03351093 1.7202997 5.382199 6.001984 -0.6247871
reef 0.51049954 6.0782957 -5.4486036 -0.057376042 -3.2847314 -0.840072 5.1319594 -5.74994 -2.8281152 8.335737 6.0024014 1.7931927 2.626071 -3.2277079 -6.986152 -0.24724802 1.4350544 -5.664535 1.9336447 -2.059207
confluence -1.5898921 0.08857574 1.7680212 5.248073 1.9655828 3.1464074 -3.694383 -4.907712 -8.676413 7.3541303 4.6842437 1.3894279 1.8989685 -3.6845987 -7.1195455 -4.3797746 1.1560576 -0.9553911 -2.9150345 -5.204419
erosion 4.8258615 9.3225155 3.0931382 3.9349468 -3.9352546 3.229568 0.9146927 -6.7566814 -2.1759567 10.590474 5.6339283 -2.9838536 -2.2026405 -1.0502876 -9.677459 1.4592094 -1.5630032 -3.10708 6.611175 -3.4354825
tributaries -0.0216896 3.2732806 0.18370245 3.2520177 0.7131964 2.6995296 -0.26224527 -6.6226616 -6.661728 13.4632 4.264646 0.48304614 -4.588474 -4.147661 -2.5903895 -8.515283 -1.1360079 -4.091861 0.8560118 -9.316754
perennial -1.526026 5.435515 -0.50870854 -0.3751328 1.5449206 2.220858 -5.847 -6.9186306 2.127418 5.206438 2.6197186 5.2764974 2.0063949 -10.417792 0.3316309 0.5048381 0.7273046 5.5050635 -1.7246077 -5.181846
mountainous 5.6946545 -2.5098355 -5.0022745 2.0084798 1.8620918 8.481728 -0.8865711 -7.869543 -2.2074468 8.95567 3.9564333 -2.0579808 -1.7531512 -3.4047258 -7.901624 -4.320216 1.3188524 -0.4540943 4.4905663 -4.1817303
humid -1.6134921 5.2246118 -3.2960136 3.7576787 -1.0100977 2.2218733 -6.859394 -9.175438 0.5491142 5.513048 2.1490643 2.1953597 2.0214324 -12.222619 -8.122651 -6.5500298 3.3434048 -0.17628536 6.044742 0.84976965
abundance 2.2763026 5.025051 1.1871668 -2.7594836 -2.016713 4.9565053 0.09437385 -7.8732605 2.6222873 3.95419 3.4804294 5.0887184 -1.1265409 -3.0383167 -5.523885 0.724482 0.54106593 1.8643814 2.2807674 -2.9655333
cliffs 1.799796 5.25702 -3.4592843 3.037225 -0.03901532 3.421498 3.597792 -3.7130754 -4.854935 5.665488 6.5328884 0.6374778 4.6492066 -2.418084 -6.03647 -2.0981908 2.6197534 -1.0386018 3.685431 -9.611592
coastline 4.1285634 2.5343745 -5.9859505 3.609829 -1.2060497 1.7768453 1.6010172 -3.7354608 -1.2099075 10.098202 6.637195 1.8561375 -1.6873665 -1.8045577 -7.98934 -6.037675 1.2862002 -4.9878845 3.4512763 -3.9842584
temperate 2.675184 4.238203 -5.550377 -1.1775142 -0.89892787 6.1519866 -3.899817 -10.409862 5.695438 6.927373 4.3571973 4.853475 1.1435688 -9.7318735 -7.2276144 -2.853371 2.6440365 2.65964 4.9701147 -1.0546174
ponds 0.7516824 8.978077 -4.2742386 -1.6336434 -3.6429532 5.5898695 2.9041698 -9.867792 -6.257798 4.8578763 3.6376312 1.4853508 -0.14765005 -1.6425632 -0.98667765 -1.8841492 0.36655816 -1.1842514 3.112147 -6.441607
gorge 0.11600418 3.9938347 -2.485301 3.4882348 -1.0644594 3.2299342 1.051012 -2.094203 -7.894947 7.9821825 5.2235036 1.2090497 2.717455 -0.9954306 -7.037779 -3.3589797 2.942322 -0.53233814 0.844809 -5.0991774
lagoon 2.4543607 4.5458198 -5.2755017 -1.1714792 -2.3687882 2.1583474 4.128377 -4.499146 -6.379899 8.273346 5.281877 0.43147767 0.71286917 -2.6526446 -5.436151 -4.7667465 1.5179968 -2.7936583 -0.92218053 -2.7563443
elevations 3.3207173 6.49906 -1.5600921 5.4444714 -1.0311376 4.952471 -0.1356278 -10.524464 -1.186808 10.613945 2.021935 3.7391317 0.03502171 -5.102831 -1.5517216 -4.856308 7.1482806 1.9629835 4.908363 -5.943244
wooded 2.3937695 3.0998573 -4.3189178 4.3363385 0.41889107 7.555948 0.5605953 -9.612341 -7.8595676 2.2061863 2.729469 -2.1189694 1.4946576 -2.1735096 -5.675797 -0.37401983 -0.9971798 0.62520695 3.5504742 -10.618759
rainforest 3.2758322 6.7139883 -5.8490453 -2.4674673 -2.8513708 4.569164 1.5113511 -5.3583665 -0.77846193 8.813557 3.3970034 3.5492785 -2.5532522 -9.0775 -4.493886 -2.1233544 -1.034896 0.46594056 0.3800326 -2.9177382
woodlands 0.69726205 7.5346613 -6.027297 3.608537 -1.0531803 5.095979 -1.3611403 -5.6550817 -4.149916 4.31434 3.4992058 3.1287127 -1.1572286 -4.25454 0.5338632 -0.5186808 -0.15217553 0.91177976 1.2275585 -5.915004
marshes -0.9316459 6.0914707 -3.1275795 1.9923034 -0.8842172 6.698651 0.92797756 -6.981821 -4.6395173 8.492254 6.6750827 -1.1514516 -0.025113264 -0.2815867 -5.505599 -1.182444 -1.2320697 -2.3131378 1.705488 -5.8762226
sediments 6.4002285 10.764961 5.6022315 3.0073702 -2.8394728 1.6663554 0.19408081 -10.248066 1.1859722 9.793958 9.618088 2.4516516 4.1961694 -1.619771 -6.0232625 -5.3606977 -1.4268479 -3.1816907 3.350469 -2.2210467
foothills 2.1269786 1.638771 -3.422636 4.736649 1.7355787 7.3904705 -2.2027724 -5.5342574 -5.490968 7.3651595 4.76091 -0.21290007 2.3217065 -7.049453 -3.6111393 -5.312384 3.111571 -0.7002658 -0.61186814 -3.1012735
dunes 3.8072076 7.8982024 -3.542603 1.1372536 -1.8615929 3.8011506 2.2017157 -4.2596426 -5.2429795 6.6314387 6.562001 0.3119332 2.202205 -4.261768 -3.8936687 -2.2461019 0.5873564 -1.5365472 2.005336 -5.44777
grassland 1.0102637 9.525361 -4.544837 2.0169156 -1.4639093 6.925019 0.30029532 -9.045797 -2.834911 10.177013 4.485464 3.4316578 -1.9644784 -6.491449 -1.327105 0.05430717 -1.4886369 1.0491014 3.1509526 -8.493119
creeks 0.8611203 6.146188 -2.2932725 3.2429378 -0.060003355 -1.1412596 1.7830936 -8.171034 -6.4300237 5.3580875 4.224502 0.08524676 -3.1856463 -4.787694 -5.2682934 -1.3476847 -2.3340192 -2.4111493 1.5941159 -8.317567
shrubs 1.0969868 10.684524 -3.3868732 -0.16146597 -0.94504553 5.4533443 2.4584882 -11.354498 -0.5027952 3.794599 4.0829988 5.0294213 1.1654836 -5.9054027 1.3595467 -1.4859226 -0.5064044 4.938181 1.5473777 -8.68136
reefs 2.964791 7.196918 -4.438484 -0.9695203 -3.272111 2.5900593 6.2986526 -8.124283 -0.051295336 9.570332 5.994063 1.224516 -0.49554348 -5.168435 -6.7655425 -1.6954303 -0.091087975 -4.6649547 3.645207 -2.9490027
rugged 2.3656063 -0.7667282 -3.126919 0.07089461 0.42729372 4.8953156 1.1583613 -2.8179069 -3.3915083 4.28012 2.8058705 1.8904126 2.260404 -4.2385807 -5.7697864 1.8207804 0.7679025 -1.7614409 6.8470006 -6.6862698
basins 5.509578 5.0426593 0.5153484 2.0834615 -3.0292518 3.3923712 0.123558715 -6.986842 -2.9516575 12.739505 3.6704018 1.3675692 1.0260067 -2.219217 -4.7146525 -5.7890573 -1.3127708 -2.1586802 2.6443064 -3.959489
arid 2.1850958 3.2013137 -3.4756856 -1.1211823 -0.99378616 7.4558225 -1.8051697 -8.325603 0.9000974 8.118176 3.403767 1.9809926 -1.5310488 -7.7389507 -8.915208 -2.301599 0.1772764 1.5035802 4.1873975 -2.910798
spruce -0.64072555 7.827299 -3.9148214 2.9938004 0.20988873 -0.4216387 0.6349897 -8.33508 -2.7161756 4.978389 4.3601794 4.2072597 4.724407 -3.3450103 1.7689534 -1.0731457 -2.6073077 1.593001 2.1705773 -4.170203
deciduous -0.081993714 9.557543 -1.8519874 0.868745 0.5596268 5.3645434 -0.4231054 -11.84628 1.0773256 8.623595 3.5830092 3.6509826 2.3355658 -9.767563 -0.14504513 -5.862515 -0.17171511 6.780712 2.1829016 -7.139746
swamps 1.1488271 5.105667 -3.2894197 1.5132215 0.8351884 4.212525 3.1683366 -8.258106 -3.9840891 7.2618 6.4412556 -1.4098839 -2.1665196 -4.210583 -5.601468 -0.21535988 -1.4134598 -2.1991465 2.6341305 -6.110559
hilly 1.958152 -0.1702849 -3.5957239 2.6545815 0.6368991 8.887913 -2.592999 -6.3112736 -4.7624183 4.965366 2.3806403 0.080630936 -0.013559301 -2.5171993 -5.6141953 -2.8412871 2.500685 0.0093674315 4.854742 -8.654264
climates 1.6677234 7.377435 -2.1858943 -1.4599929 -0.78788096 5.3569155 -0.015481468 -7.6848564 5.9682536 5.990123 6.0876555 5.5708447 -1.1041892 -6.9482265 -4.301483 -3.7938635 3.207774 1.1726656 9.498597 0.40344614
grasses 0.86265093 10.404231 -1.7003983 -2.3229585 0.8367291 4.849391 2.4198694 -10.274945 0.7073293 5.7858906 7.0666 4.003767 -0.63327444 -6.7174277 1.7573073 -0.8706309 -1.3659164 2.8944454 3.3560138 -6.034792
headwaters -0.32628825 3.159287 -0.12311418 4.8590107 0.83428055 0.51049435 -1.1720681 -6.5157623 -6.6732383 7.132185 4.9851785 3.2948532 -0.5552079 -5.831538 -6.874149 -1.2425699 0.8418104 -1.7170651 -2.4661949 -5.3811927
bog -1.8087647 6.0828724 -0.48951614 0.5454103 -0.11974454 3.9509802 0.61503935 -7.0895123 -3.3140414 5.086889 5.316288 2.8649275 2.0726027 -0.6508293 -2.5974758 -1.1843638 -0.48486266 0.7841103 -0.81564176 -7.128006
waterfalls 4.0945296 5.346346 -4.168979 -2.474882 -3.2702072 6.1662645 2.221821 -4.5939474 -5.165385 5.8806863 2.0910008 2.0012646 -0.3667034 -5.314108 -3.5075238 -6.471208 5.160932 0.89404786 1.3414594 -9.481781
lowlands 2.8730671 1.9939008 -3.1892588 2.6627274 2.0028694 5.851634 -2.2244954 -4.2598205 0.8953718 7.871859 6.404663 1.110598 -0.5178906 -3.2192786 -5.2367487 -5.6769857 -0.7790652 0.8593484 2.001752 -4.506441
grasslands 2.5125787 7.965263 -4.836926 1.5020634 -0.26967737 6.330484 0.97904634 -7.1992397 -1.0851796 9.187074 5.950156 2.5758057 -2.725893 -7.252117 -2.8532608 -0.7744492 -0.30506957 0.95462453 2.7091506 -5.814589
basalt 6.742942 7.94686 3.3986833 2.7269409 -3.016483 1.4158452 1.1883512 -5.6463237 -2.186282 6.9770584 5.509887 1.7241973 7.573563 -1.5456592 -5.5510187 -6.474118 -3.4385538 0.64081657 1.9713542 -6.327369
bedrock 5.4706893 7.1403484 3.1263254 3.6384463 -2.4524446 1.044466 0.4036118 -4.22421 -2.374393 3.6991096 4.3151045 1.7633876 3.2543864 -1.3218768 -5.3874326 -2.1000087 -1.848475 0.24995115 3.5959165 -4.0346675
inhabits -0.7374816 -0.5937647 -4.889929 -2.1325192 0.79306215 4.3969665 1.0703506 -9.521099 0.05899712 8.704402 -0.6525677 0.371442 4.667395 -10.732005 -5.83196 0.88962203 -0.42772582 3.2718182 -0.21338855 -4.4973574
mangrove 1.1846817 4.3350434 -5.7347465 -2.36499 -1.4447433 3.663294 3.8728542 -7.5696793 -3.4178503 9.132082 2.8910713 1.3691044 -3.1935685 -5.7294474 -2.962263 -0.30833533 -1.2056309 -0.7093595 0.7911475 -4.168141
alluvial 3.4791937 6.682018 0.085026145 -0.23992227 -2.0368445 4.1709833 -3.3879035 -5.843584 -4.469951 8.656744 5.23053 2.3221161 2.0478961 -3.0993094 -6.8600984 -3.8914754 -2.6135707 2.2688296 3.420836 -7.9738574
grassy 2.6362464 5.6822696 -4.6171126 3.079922 -0.32083604 3.6185775 3.0871902 -7.3400154 -6.9136734 2.9547868 2.232308 1.5525091 1.4375206 -4.4723554 -2.304037 1.0972681 3.0546863 2.3450449 3.1772316 -9.032242
escarpment 0.5941659 3.3607814 -1.6388229 7.9249167 0.5488874 3.761976 -0.7895364 -2.1888208 -5.623148 8.369534 4.297704 1.7840958 3.038245 -4.182849 -6.561617 -1.9266903 2.1677356 -0.7981131 3.2103112 -8.050268
boulders 6.0391107 8.522819 -0.2660077 0.40441167 -1.2573347 0.84462696 5.038152 -5.165816 -3.6254005 4.330851 6.806921 -0.7046157 2.555751 -0.70065314 -3.8748257 -2.1117811 1.1720518 1.0271057 4.1999927 -8.083521
tropics 2.542429 5.4733763 -4.0961647 -0.7274807 -0.67691106 2.8127103 -0.29846877 -5.294343 5.260331 3.8752286 5.5546002 3.4452941 0.20243539 -6.865818 -4.0574417 -2.3249779 1.9209042 -0.4428302 3.8381057 -0.28903154
outcrops 4.943034 7.287903 0.058801737 3.7291656 -1.4053745 4.3708596 -0.040206492 -6.520796 -0.41035518 7.666048 5.4361353 0.5935451 5.133516 -5.3077583 -5.2167373 -4.2298117 -3.2972567 -1.0017415 2.8609738 -10.540403
drier 0.57958275 3.8171105 -1.9350319 -0.3742897 1.063415 3.0841353 -3.780947 -8.929796 1.633759 3.3740091 5.0938907 0.7474163 -0.4160264 -6.040645 -7.003599 -3.136574 2.8477998 0.8308849 7.0803385 -2.3123214
canyons 6.5518465 5.526883 -1.6018898 1.2179487 -2.11754 2.563675 2.6080534 -3.6376586 -5.1621165 4.452723 3.7766562 0.21846904 1.8555098 -6.2829494 -4.751879 -0.9159787 1.5219636 -1.3468971 1.3707914 -6.2421594
tundra 2.5377197 2.6406078 -3.101737 -2.7091725 -0.42142686 1.0123537 0.0028190452 -5.1275115 -0.23479237 3.4458005 5.069855 3.7256837 3.215585 -6.671788 -3.5464113 -1.5535871 0.27092773 -2.6658618 3.2404394 -1.9785912
floodplain 2.4128206 6.116423 -0.1249557 4.578172 -1.8265976 3.7061138 -1.7037984 -6.273059 -5.353287 7.63694 4.3822093 2.2701788 -2.4445798 -2.450425 -5.244142 -0.6286319 -0.21614483 -1.6510597 1.4857128 -5.4790306
lagoons 3.8160028 5.415869 -4.00608 -1.6586792 -2.5453238 3.9698613 3.227776 -7.619118 -4.33179 8.221198 3.908349 0.3346471 -0.49266246 -4.494363 -3.197136 -2.8297155 -0.6933151 -2.7270339 2.7131772 -4.6074934
uplands 0.4186575 2.9658942 -1.5249858 6.569403 1.6415854 5.7264295 -4.868531 -5.583377 -1.9555255 7.1970944 5.6717877 2.6180894 2.10062 -0.1823372 -2.945545 -3.599683 -1.0916867 0.11089913 3.4533482 -5.526369
rainforests 2.6166644 6.3502817 -5.768592 -0.10384619 -1.5637695 4.5197606 1.3636559 -5.2915845 3.2053015 9.817085 4.8992004 3.6059206 -2.2436354 -7.4561787 -4.3573494 -3.0724525 0.2796622 0.33750138 1.7928935 -3.471325
swampy 1.4753813 2.950154 -2.1463673 1.9987949 1.3747364 3.6245358 1.1821975 -6.5523133 -4.2483683 3.3202286 5.5757694 -0.16766472 -0.4738195 -2.231657 -6.789559 0.2132375 -1.8408451 -0.5301813 3.6400814 -6.525168
estuaries 1.7664422 3.1609473 -4.4355307 0.6788013 0.18473668 3.26535 2.1579747 -8.845316 -2.6880507 6.249441 5.3111167 2.119366 -1.8971872 -5.2098293 -4.9600887 0.3149811 0.384473 -3.8710432 4.8201203 -3.1880054
mangroves 3.5570364 5.422216 -4.636641 -1.5417302 -1.501822 4.475095 3.2750454 -7.116467 -2.5726032 9.399803 4.821041 1.7118856 -4.783916 -5.2405415 -3.9396882 -0.97478247 -0.47025126 -0.99569297 1.6859353 -4.5555115
brackish -1.5537715 4.8277316 -1.8520212 -3.1045568 -0.08787338 4.4032125 2.133475 -11.31849 -1.6964656 8.488942 6.368839 3.3286366 -0.6271312 -5.202198 -5.422234 -1.7096757 0.104134925 -0.53693455 3.7731004 -1.1038244
undulating 1.7894633 1.9954609 -0.18839243 2.6609952 0.050300613 6.396685 0.97952014 -4.272738 -3.9933186 4.8981137 1.0525888 1.3866978 4.081127 -2.9801424 -4.090758 -1.6601388 2.7103746 2.5334036 7.9113207 -9.791546
coniferous 0.9435551 8.275581 -3.323662 1.0539807 0.055226028 6.1486387 -1.2687323 -8.895606 0.72530377 8.475738 4.2110915 2.998001 0.3848627 -7.4135046 -0.1399855 -1.6347585 -0.922511 4.548059 2.1748724 -7.543201
moraine 3.947583 5.2145777 2.09037 6.53141 0.3569084 1.6314838 -3.1421547 -6.5444927 -5.681956 3.514809 5.568319 1.6788402 4.613884 -2.6752474 -3.0475833 -2.0333993 1.2771587 -1.5213412 2.5806124 -3.0870554
outcrop 2.817132 5.870255 0.9349853 4.8796244 -0.98272276 3.5599904 0.5234528 -4.504938 -3.746879 6.7516055 6.433368 2.9135618 6.3284097 -1.5081618 -5.7065244 -4.2908907 0.18407258 -1.1711817 1.157164 -9.057571
expanse 3.20614 4.6465464 -3.084245 2.2161725 -2.5155208 3.467089 2.7892022 -1.6991371 -2.2123528 5.4486904 3.1264706 3.4037156 0.5081621 -1.0609648 -6.2306485 -1.2339013 1.852233 1.562192 2.1500373 -5.4254494
crag -1.5371336 1.6713266 -0.6668682 4.7741303 2.231347 2.1070895 1.3533531 -2.553219 -2.92258 4.248599 5.085139 2.5308132 7.3533826 -2.3622215 -4.0313725 -1.3604547 2.7481072 -1.0624963 2.643144 -9.697341
plateaus 4.2892747 2.9121828 0.7133231 3.8711 -0.5004291 4.719082 -1.173696 -4.6623583 -0.2017525 7.487958 2.7218 1.6035029 0.86193275 -4.7750406 -3.5982935 -3.4704094 2.1696796 -0.80336356 2.8788505 -5.711112
intertidal 4.364066 3.6795397 -3.7344916 -0.5165835 -1.5417669 3.411765 2.4503746 -10.562823 -1.1858816 8.002584 3.2442458 1.8152279 1.1336577 -8.22679 -5.713513 -0.41840658 -0.024198897 -2.1389647 3.906462 -3.3202507
conifer 0.55698603 7.23465 -3.027241 0.49003032 -0.72031 2.5409465 0.005157317 -8.071565 0.5692206 5.324325 3.777271 3.5549502 2.0129237 -4.9201927 0.5257164 -0.7399239 -1.9217328 1.790569 0.12529519 -4.984184
hillsides 3.2886884 6.0602627 -1.7124099 1.3946146 0.05297043 5.224769 1.0517459 -5.8753924 -3.734663 4.40807 6.1010222 0.10398882 -0.6413281 -1.5755314 -3.503736 -1.8853753 0.64105254 0.4270795 3.7069001 -7.746782
wetter -0.5891639 3.4237797 -0.75559485 0.2935739 0.402115 3.733158 -5.3347673 -7.8552003 2.2361152 2.710301 3.855094 0.48476088 0.31432557 -5.089101 -5.981487 -3.891618 2.7998354 0.21288043 4.3780503 -3.219396
leafy -0.6331469 5.4063616 -1.2664374 1.1840655 2.0266988 3.6308253 0.93190974 -6.0757213 -3.487004 0.95539474 3.3686402 4.7423477 0.7879848 -3.8625836 0.4456771 -2.421508 -0.5280862 5.7739487 2.2800295 -5.5173326
crevices 5.2216806 7.354808 -0.6138795 -1.5137228 1.243829 2.5706818 6.904229 -10.195998 -4.136682 0.58390903 6.1020384 -1.4016559 2.1413968 -4.803392 -4.7880206 -0.1456758 0.3284199 4.533996 4.0668383 -4.3297853
ravines 4.500759 4.4925423 -1.5763032 3.1862464 0.5776783 4.8826585 3.876647 -4.472208 -4.1734705 5.840973 5.1785793 -1.9242767 -1.201725 -2.9279916 -4.1711335 -1.890525 1.2257103 -0.5562723 3.7598133 -8.152947
quartzite 3.9559443 7.3053074 2.1869848 4.2147546 -0.96191794 0.7352122 0.04556749 -5.450988 -0.18701833 6.263138 5.2553797 2.798629 7.406567 -1.6172493 -2.2913945 -2.7310135 -4.2683687 0.7800386 2.4914706 -7.798098
understory 1.4346743 8.62436 -1.3551117 0.17888202 0.44497725 3.3013046 1.6103972 -8.099546 -1.3633505 6.2705803 4.6740294 3.9512386 -1.6055572 -7.8357153 0.40329015 0.5545442 0.102689244 3.2145224 3.249691 -5.7177963
subarctic 0.047166266 1.2938664 -3.754593 2.9120204 -0.2302199 4.308103 -1.7500803 -6.875383 1.4143243 7.591189 3.746544 3.5117087 1.7651477 -7.316555 -5.6330323 -3.7978725 1.280458 -3.0836108 2.572699 0.020631433
heathland 0.49417272 7.3704233 -4.1100564 3.0620606 -1.3712925 6.2868314 -0.49824944 -6.5169125 -1.1035922 5.780083 4.9143376 3.2227986 -0.34309515 -0.8397703 -0.43665472 0.06978602 -1.2636315 -0.30215582 3.0850885 -7.8576684
thickets 0.69045585 6.190454 -2.3185847 0.48562053 1.571661 3.737902 3.017986 -6.814844 -2.9882793 5.015321 5.325869 2.3738496 -0.13782199 -6.1179442 -2.1016946 -0.41648835 -0.48981166 2.8006353 2.067048 -6.5090437
bushland 1.6864266 7.394947 -5.859652 3.350604 -2.373946 4.1616483 2.2340357 -3.701248 -3.1591527 3.4813564 4.0724607 1.7263548 -2.321013 -1.5808338 -2.254395 -0.01679946 -0.58520114 -1.6385602 2.1682322 -7.10818
floodplains 2.9173994 5.1664033 -1.1805058 2.4965966 -0.69216037 4.1978436 -0.47641912 -6.073045 -3.6609128 6.7904596 4.9882197 2.0304933 -2.504977 -3.94304 -4.15139 -1.0805296 -1.3054639 -1.7728773 2.7648053 -5.8496633
sagebrush 1.789461 6.2416496 -3.2503433 0.7584217 1.1773844 1.0795507 1.8031656 -5.524272 -1.3140318 3.3229399 4.4716425 3.1709723 -0.33888188 -9.10686 -1.4718385 0.47750303 -2.1681008 2.4814124 0.13547868 -5.2764196
gullies 5.278081 4.9531746 0.20639852 1.004449 -1.4484351 3.499703 3.8739383 -5.318987 -2.2992074 3.3498588 4.2614684 0.339322 1.5359123 -4.1703076 -5.793319 -0.8455253 1.3226095 -1.2225825 4.5353427 -6.0117593
fluvial 6.1746383 1.6095526 1.3246582 1.4684697 -3.1516724 4.352278 -0.77922314 -5.287377 -2.1062574 6.73243 2.2177951 1.457001 2.7142584 -2.57879 -5.120161 -1.6145288 -1.6190743 -3.8283563 0.7459991 -2.268144
ledges 4.4078126 5.46641 -2.6008463 1.1944793 -0.39665636 1.7806456 4.245163 -4.5105095 -4.8497734 1.9796008 3.8611739 0.13458638 3.2757263 -3.748287 -2.693119 0.6460497 2.1031394 1.0440967 4.9761705 -6.9859567
tablelands -2.1873655 3.7446344 -6.712717 7.0845165 -1.0715777 1.3431774 -3.1868863 -2.6754203 -0.061705835 4.78285 3.2936945 3.175663 -1.2697291 -1.6109855 -3.3786848 -3.2598455 -1.8412095 -3.1620114 5.634859 -5.1522007
peninsulas 3.5076666 0.58968526 -4.224344 3.8842719 0.24252056 2.1659727 0.7816774 -3.60732 -1.312794 7.204243 3.7145917 0.8901381 0.73168033 -0.99024814 -2.9122512 -5.1816945 -1.0424514 -3.0259175 1.9983667 -5.6211143
watercourses 2.2109032 4.754755 -1.8034852 2.6191173 -1.9546119 2.9380498 1.3304584 -4.955828 -3.2546477 7.021331 2.9573867 2.6819007 -3.3568656 -0.37810588 -3.6538768 -2.7015553 -0.50177586 -1.0336972 2.479838 -6.3625216
craton 6.082386 2.3964233 1.1224202 5.6146564 0.24744038 -0.40139824 -3.7088282 -2.5225372 3.1161373 10.444479 6.1782565 2.7224212 4.0299053 -3.8581164 -6.3504605 -4.5798006 -3.8684506 -1.7191906 1.9507836 -3.490483
laterite 2.1035905 5.2675095 0.03114018 2.4486294 -1.4424139 4.955042 0.84935755 -5.6040792 -2.0748065 8.642162 2.8942893 3.182821 2.937905 0.8464632 -1.8400892 -3.934459 -1.2201136 2.5928416 3.5354059 -6.775568
troughs 4.214278 4.0739894 0.38067555 1.9625767 -1.2478864 0.91542107 2.1454837 -5.8856015 -2.8540866 2.8495073 3.1049159 2.573184 1.8703847 -0.7668194 -3.628607 -3.1583986 1.7712376 -0.4037457 6.61037 -3.5842512
scarp -0.11708301 2.501847 0.6560719 6.243269 -0.06619718 2.0535235 0.60492516 -2.0420988 -3.3231742 6.420859 3.520418 2.2634053 1.9191793 -2.1314294 -6.71208 -2.4534383 2.6186676 -1.7381499 3.216098 -7.925363
clearings 1.794142 5.2646723 -3.225437 1.0083703 -0.12787686 4.4675255 2.589656 -6.7092724 -2.8817935 3.4548254 3.60893 1.3609525 -1.7087634 -3.4211292 -1.5616764 0.41499293 0.6643129 0.7715718 2.6024237 -5.9930696
schist 4.543359 6.330053 2.8954024 3.1440444 -1.5797061 2.1910062 -1.8718482 -3.9548333 -1.4984609 5.465583 5.030523 2.3215072 7.343188 -1.5493394 -1.6610616 -3.6613488 -2.7079566 0.07678559 1.2784244 -6.4207697
mudflats 0.817397 5.819357 -3.9074712 0.97240394 -1.9124243 2.2342236 2.655246 -5.3193097 -3.287102 5.6108794 4.969846 2.119843 -1.050706 -3.2300375 -4.0538 -0.9516173 -0.47662956 -3.3556228 3.1413202 -4.373477
seagrass 0.97241867 6.7785263 -2.4289725 -0.9631021 -1.6229533 3.9197147 3.7102683 -10.370119 -1.7754292 4.9075084 3.5026479 1.3217206 -0.59530604 -5.8215904 -0.66339386 0.19480051 -0.6325966 -2.0166187 2.2881606 -2.5631192
shorelines 4.0334654 4.512471 -1.8581864 2.3371058 -1.2560898 2.6730535 2.0391483 -5.394267 -1.1066463 4.5449576 4.9546294 1.6390861 -0.77617717 -2.8560698 -5.2108445 -0.48295787 -0.04091821 -2.423405 2.5409188 -2.8893101
savannas 3.2519293 5.3369317 -2.8790169 0.6391085 0.21741395 4.150106 0.22401837 -5.141718 -0.24000208 6.842978 4.874448 2.120618 -1.2693036 -6.860565 -1.8248999 -0.45117548 -0.7883345 1.2473698 1.3212663 -3.6026263
granitic 6.1191444 4.68186 2.9148943 1.9105842 -0.9540033 2.4382858 -1.2504743 -5.3740687 -0.5094287 6.74229 4.9518824 1.5553373 4.7489915 -3.9988356 -3.915421 -3.3813488 -3.1681147 -0.50683075 1.6966219 -5.2168884
basalts 5.7535877 5.126482 4.8207297 2.6263325 -2.3624947 0.8505881 -0.42898396 -4.9774265 1.5631763 7.902853 4.5604243 2.081304 4.6791706 -3.7051442 -6.26557 -5.8552537 -2.2799983 -1.7784611 1.2355784 -3.5394247
seeps 1.6256003 6.4406667 1.6642244 -1.6327351 -2.296634 2.8506584 1.5933369 -5.99545 -3.1504984 4.5304966 4.390354 0.5680583 2.9217536 -3.9376512 -5.2884107 -2.5765853 -1.5435423 0.19802581 2.1535218 -0.27501696
expanses 2.9711285 5.8961296 -3.5060964 1.5234793 -2.158668 4.417167 2.106953 -2.4265518 -1.352701 4.866286 4.248508 2.7525525 0.41601238 -0.35644266 -4.5216155 -0.38219562 -0.2107027 1.614121 4.98128 -5.352249
stratovolcano 5.544264 1.9863954 1.3932441 3.6438632 -0.1608072 2.920681 -0.21581888 -3.9501104 0.5902225 8.355024 4.206989 -0.88348424 3.5210505 -5.448355 -2.5788112 -6.754517 1.7020504 -3.9591334 0.023779126 -2.6683087
roadsides 2.319331 6.027151 -4.1071215 0.238939 -0.7239455 3.3580034 1.8717216 -8.027664 -4.5550847 2.2511203 3.9865327 1.7364961 -2.3119586 -3.5375495 -1.8951032 0.7405149 -1.5656557 0.34206986 2.0321517 -5.197641
shrubby -0.40313935 4.420522 -1.6183473 0.28450266 1.3715626 4.3588037 0.1384815 -7.3975224 -0.699077 5.9912043 3.4522774 3.5780005 1.1208676 -6.7669287 0.43454936 -0.755975 -0.3859445 2.7086582 1.5562044 -5.6203365
rhyolite 4.662307 5.8027997 2.9034336 2.501689 -1.8006325 -0.479887 -1.181286 -4.5808506 -1.1152375 4.197171 3.9940014 1.5065703 5.0681176 -3.001636 -2.7601418 -4.2597175 -3.0058448 -1.502832 1.6553978 -4.828559
sedges -0.39792413 7.626133 -1.1319339 -0.9659524 1.3099451 3.2686014 2.4593637 -7.854594 -0.84315485 4.1878023 5.567021 3.0386462 0.6420345 -6.307391 2.1395166 -0.28625694 0.55944556 1.6627697 0.92883193 -5.7990623
coves 3.025921 3.2178526 -5.0945816 0.49189943 -1.0349195 3.4793398 4.246118 -2.941454 -3.2383666 2.881 3.2682562 0.11622484 0.60764307 -2.6266396 -2.1596463 -2.1027126 0.33711135 -2.2496982 2.3575482 -6.5468917
eucalypt -0.3793532 6.294222 -4.045779 1.2927041 -0.6384159 2.9089339 1.193329 -5.9965425 -0.046646785 5.7282643 3.1485097 3.553347 0.1111357 -4.564471 0.2242387 -0.106085785 -0.46189955 1.6222081 2.1443255 -5.8832984
microclimate 2.74539 5.5433507 0.005127716 0.27970365 -2.1708877 6.6387053 -0.9339881 -4.2713203 -1.2340717 4.7346787 3.9324229 4.305261 -2.581833 -3.3933568 -3.7267718 -1.1283726 2.6961193 0.5177758 4.0466127 -1.5976225
understorey 1.3684338 6.803065 -1.7526736 1.9069895 -0.38756004 2.9397457 1.0104594 -5.7665195 -2.205481 4.923249 2.5072553 3.5786648 -0.517489 -4.0582337 2.352572 -0.44360682 0.03358894 2.2505753 3.537276 -5.938093
glaciated 3.040805 1.2671033 -0.06929778 2.6004193 -0.25974467 4.7402024 -2.6638267 -6.6738896 -0.7298988 6.168576 1.7813041 -1.6539681 3.7020366 -3.8612752 -4.7267 -2.827891 0.034531426 -0.5005075 3.7164028 -5.3713565
landform 4.325109 2.5369625 0.2682374 4.055155 -1.4769422 3.4458215 0.49867672 -2.2448103 -1.0897101 5.826978 2.9159536 4.3365707 2.3720233 -3.2468185 -3.9940732 -1.352692 0.3863849 -1.4066087 1.4515505 -4.826595
pastureland 0.3216726 4.194561 -1.9528354 1.0856471 -0.7508384 4.255236 -0.4909613 -4.603796 -2.6101422 3.715203 4.5333085 1.5115216 -2.5370448 -0.29232576 -1.4337882 0.3531386 -1.9982368 -1.2469841 0.859421 -4.6698694
gravels 0.68081313 6.5780144 2.24871 2.017452 -1.9929818 1.1264691 -1.578845 -4.9441695 -1.0163028 4.5164394 4.561325 2.0226254 3.0462034 -0.7599268 -3.5846062 -1.1345133 -1.6937766 -1.3325269 1.5633172 -5.2426395
outcropping 3.2068086 4.5918684 -0.1593397 3.107202 0.15144293 2.1451542 0.27493078 -3.3015535 -3.7450814 3.3361027 5.8805537 1.2119687 4.6649384 -1.7937862 -3.9526722 -2.7832482 -0.30913007 -0.07204283 1.3407211 -4.314968
cays 2.0720701 1.5932323 -5.554269 -0.6177004 -1.4488604 -0.2171663 2.883868 -3.9645875 -1.520289 7.023379 3.0974548 1.1217022 -1.3251345 -3.0808077 -2.321735 -2.1653566 -0.50906634 -4.333076 -1.6414206 -5.096769
scrubland 1.3433821 4.747414 -3.0754378 1.1491601 -0.038064104 4.574874 0.5240014 -5.3152943 -1.4074266 4.952894 4.222329 2.0280516 -0.24205087 -4.102143 -1.5435876 -0.67359185 -0.0030591998 0.5661159 1.5275661 -4.954187
hedgerows 1.3477874 4.329415 -3.1814587 1.7140965 -0.12251423 3.782642 2.2442257 -5.6426654 -1.8133074 2.7130382 3.8080957 0.9286332 0.46015397 0.14536521 -0.9297512 1.3282107 0.17749229 -0.20994876 2.8966043 -5.947502
treeless 1.5634748 2.6210833 -2.7894108 2.337062 0.08112647 3.7487588 0.03543985 -5.511585 -1.6449823 4.12659 3.162714 1.269241 1.3115708 -1.9397494 -4.7581086 -0.82763785 -0.110646985 1.0676665 2.892532 -5.6301765
scree 2.6460924 3.193556 0.80077404 0.9667865 0.7028165 2.8502846 0.6463736 -4.221092 -2.5169873 3.5085907 4.3474264 1.2872542 2.6734114 -3.4953766 -2.6370199 -0.32860404 1.4924107 0.387028 3.0983524 -5.8265295
sclerophyll -0.33614367 6.4697194 -2.5208902 1.1260281 -0.6814549 3.9145057 -0.12399321 -5.6151385 -0.24161978 6.754065 4.1184745 2.8461816 -0.49395657 -5.890891 -0.7547286 -0.9344946 0.50938666 1.0847275 3.2275345 -4.753149
outcroppings 4.719809 5.292221 -0.4373278 2.1696153 -0.5635125 1.7839463 0.6688203 -3.8461697 -2.2236204 3.2868183 4.5949826 1.1827409 3.404698 -3.8832366 -2.9335766 -2.0771954 -1.4205122 0.250606 2.154519 -6.027682
mesic 1.1190277 3.7031279 -1.0144862 0.8142235 0.3943068 3.1654973 -0.26807106 -5.320514 0.5514372 5.987329 2.582523 2.0235064 -0.70463014 -6.606246 -0.95284617 -1.5455047 0.29486653 1.2373729 0.9682926 -2.490143
escarpments 3.6581657 2.1589763 -0.91401196 3.7027895 0.24029177 3.310087 0.221796 -2.361242 -1.7755821 5.1928024 2.9808638 -0.08679245 1.4695877 -3.2461846 -3.0602267 -1.6632121 0.6212847 -0.51420105 3.7965486 -6.127313
surficial 1.8716522 2.886084 2.8975523 4.509013 -1.1375315 1.6708591 -1.5576824 -7.6807466 -2.5790668 3.961145 2.1193569 3.161455 2.2664003 -3.933142 -3.1229482 -2.1906903 1.8265384 -2.9039752 2.0422359 -2.6261725