Centroid_28 2.64334314373077 0.0002367529230770173 -1.486723842216153 2.2369089564076923 0.6374452146588461 -1.0953748274846158 6.673516975846154 1.6388823357330762 2.4181125737184623 1.7184526803076923 1.1607249322392301 -5.694302793153846 -7.536870075384617 1.0830324915234266 -2.511410199538463 -0.7074165348692307 -3.5061597154615383 0.5762865480444459 0.5763137077384614 3.4878669677999996
police -1.5505797 -0.5041137 -7.123364 7.3143625 1.0999786 -5.291971 11.559348 2.0853658 -6.2312813 -0.3829992 -0.7470405 -5.5197268 -11.31428 2.9439328 1.5922797 2.2763705 -2.2527938 -3.8446586 1.1495749 3.4652176
attacks 3.741189 -1.1766754 -1.0294017 0.8534453 0.2873698 -4.389749 10.319334 3.0807273 1.9013036 5.1445756 1.881875 -9.119096 -5.9700565 1.2703227 -6.7782373 -1.1936809 -2.7590427 -2.4634829 5.3542705 2.333469
violence 2.907694 3.4232583 -0.055574764 4.0733333 0.30291745 0.9345479 8.539519 4.5591297 5.326343 2.8875003 0.16616927 -6.678279 -13.713067 -4.500798 -6.0341573 2.871768 -3.0129545 2.9764564 2.6806464 -0.49452704
jews 5.6683626 3.5345955 1.4780955 4.739887 3.1816537 3.3855608 6.546231 -0.1902646 8.832659 -1.9538101 7.264508 -3.914799 -10.045273 7.333456 -3.7702844 -5.133872 -5.8652096 7.6515083 -2.1576324 5.413599
israeli 4.0665617 -3.5623977 -3.023244 1.7941628 1.2693965 -0.25180256 3.9716554 3.194562 1.5607483 -1.5774032 -0.46761304 -5.4809623 -4.720074 -1.9319358 -1.3983771 -1.3641785 -5.9113417 1.5737302 -1.2109094 10.014981
victims 1.4295133 5.262808 -2.2670202 -0.135289 -1.2208425 -1.1252563 12.469238 -2.0229616 3.1866336 0.1253265 0.43648663 -8.226236 -10.371774 1.1777624 -1.3276781 1.0795324 -0.9763014 2.1685667 -2.861466 2.483009
iraq 3.7763197 -3.3063896 -4.255104 5.588378 1.1742342 -3.5278778 4.8252645 4.2540464 6.153364 5.1335883 2.4357347 -5.283816 -7.591765 -0.27512676 -6.1555986 -2.0132139 -1.9593438 -2.1278133 1.6892554 9.045152
prisoners 2.7178063 2.7335572 -2.505584 3.7786074 2.697971 -3.170033 12.268684 -0.5138486 4.614364 -0.40752375 5.5244846 -6.838552 -9.556858 7.5657654 1.7787932 -1.8405352 -2.5747814 0.20752487 0.95274633 4.475962
illegal 2.243983 2.1571975 -3.8217745 -2.597287 -0.30090588 -4.714108 4.817794 -3.2044172 1.5330888 1.8982623 1.1409594 -2.1551979 -12.854431 2.0248518 -2.8178482 5.8886566 -7.298392 3.1937854 0.7161162 3.795706
destruction 5.6523623 3.3302677 0.44739094 0.31273484 -3.244431 1.0783405 6.839303 -1.2118871 1.7004664 4.6171565 3.9492126 -6.8180265 -2.158548 5.4985666 -9.426646 0.96746886 -1.3393981 -0.41148075 -0.027235214 1.4339514
deaths -0.9091024 4.606235 -1.0882133 0.67963296 -1.1838168 -3.780744 7.799962 -4.6195545 8.332361 2.2475052 1.5325336 -9.216709 -10.395766 0.4645693 -3.442711 -3.361547 0.3191475 -4.156728 -1.074844 -2.0962346
protest 2.8592522 2.251145 -2.210807 5.8512645 -0.0128516955 -3.2380283 3.1718922 8.644415 0.5580272 -2.0136135 0.09647167 -5.656824 -9.115107 1.8755957 -2.7911105 0.6868888 -2.0028267 4.3593416 1.5658488 3.4526212
camps 6.188176 3.429663 -6.4935627 4.215611 1.552206 2.3284843 7.0235257 -4.437038 1.7238882 -2.734662 4.5522532 -6.253419 -5.705345 1.9259195 2.4178972 -3.5634565 -2.333344 -1.0805137 2.8416195 7.0602417
protests 4.7864137 4.12887 -2.215533 6.520065 -1.4302533 -1.5517118 4.043566 8.982733 1.7082092 0.022877926 0.6520228 -8.0203285 -12.492978 0.4768021 -4.214166 -2.9913485 -2.3092027 2.1819532 2.896185 3.0807936
refugees 3.6792743 3.50754 -6.3657517 3.3947244 2.5092766 3.639856 4.513754 -2.0520093 4.8978763 1.6964008 7.563782 -4.6354847 -12.943659 3.094117 -2.5242462 -4.9799194 -3.0524125 2.060711 1.1144147 7.98467
syrian 4.5955772 -4.9300613 -3.8959079 6.1638556 2.052898 1.0067732 6.369673 2.1104734 2.8725638 2.605388 0.5606058 -7.2216854 -6.2593007 1.1661986 -5.3190165 -3.7257733 -4.955673 0.7787611 -0.63206655 6.860205
iraqi 4.4674654 -5.9487205 -4.851201 3.7927523 1.7119918 -1.91567 5.835908 3.704973 2.2649925 4.2727304 -0.6869915 -7.1698956 -7.5900154 0.83183515 -3.157088 -1.6643019 -3.5530741 -0.021252735 3.646362 7.792653
intervention -0.002450618 0.38427183 2.579026 3.376309 -0.5910439 1.780954 3.4512198 2.9759293 4.7294707 4.907411 1.0370111 -3.915846 -7.3349743 2.7321472 -2.257671 3.9162834 -1.2957503 -0.71780795 2.0907583 7.07614
threats 2.0234203 2.9992282 -0.40409255 0.76817924 -0.56756985 -1.7564037 9.11077 0.33169132 3.4306078 7.330401 1.7618878 -3.532053 -10.928291 -2.463191 -4.3697596 3.6999362 -3.282756 -1.1405654 1.5100242 1.2075405
palestinian 4.588423 -1.7577498 -2.7774441 4.6959696 0.23472856 2.5091727 5.852893 2.1227899 1.3115232 1.050647 -1.0074311 -5.2047825 -10.365227 6.7980454e-06 -5.592827 -3.003295 -6.771527 4.7412705 -2.7774515 7.3298187
civilians 4.6923804 -0.43905514 -6.2140975 2.820889 2.3909698 -1.8087043 12.734628 -2.2886682 3.7264032 3.1993804 2.8399508 -9.259307 -11.384357 4.623616 -0.5107524 -3.5589876 -3.4666898 -0.13637035 3.1046736 3.4472523
activists 3.7908666 1.6615599 -2.515898 5.5623455 2.2087953 1.1315166 6.5272465 7.166779 2.8835826 -1.79014 0.27088282 -5.225201 -11.148042 -3.552965 1.0707587 0.16495885 -8.304473 3.5630133 0.4467704 2.7521536
incidents 2.6583548 3.3720345 -2.217684 2.6215703 -3.3252347 -3.5324516 9.133608 0.69838315 4.1380806 2.9035785 -1.5805702 -6.313516 -10.384407 -0.57796645 -2.9084892 -1.7124158 -0.3851153 -4.8068275 3.517772 -2.5367627
terrorist 5.994532 -3.7832887 -2.292695 -0.3781625 -0.47637695 -2.57462 11.121917 4.480722 1.0527743 3.7095885 -2.0296922 -7.7008862 -9.6545925 -2.578331 -3.7438736 -0.08040503 -5.753597 -0.33148596 -0.46669197 7.003935
trafficking 3.9183233 2.6227593 -3.762809 -2.8579535 -1.405216 -0.99428135 6.8914 -3.7116914 2.948182 6.065007 -1.5257901 -5.055069 -15.178864 -5.155803 -0.18712074 3.5114136 -6.481185 2.2951655 -1.5800108 7.1056323
terrorism 3.7264001 -1.2320423 -0.8847997 3.338789 -2.3240485 -1.2726855 8.786802 5.9529896 5.4381356 6.5151324 -2.5486708 -3.1087189 -10.38094 -2.9702299 -5.0662327 3.9032817 -5.1818633 -0.124637544 -0.22408041 6.9333544
torture 0.3654218 1.5548407 2.9160562 -0.3830888 -0.61611414 -0.75222456 14.088305 1.7181572 4.3069453 1.6596316 -0.900672 -6.5180783 -6.791195 2.4874818 -2.2793725 1.8005929 -2.4985406 3.7831209 -2.0789406 4.381445
asylum -4.0454717 7.329166 -1.8776424 4.356347 0.12823011 0.14787221 5.819687 1.3511734 1.7370207 -3.4819782 5.2406917 -1.2788584 -8.295565 3.0735028 -1.5484948 -0.36009508 -0.8246276 2.089995 -3.068369 7.2543187
detention 1.330933 3.8283901 -2.1390758 5.5236025 -1.7998213 -3.5711875 9.134246 -2.7549272 0.06222792 1.5393355 -1.811174 -6.930287 -11.196383 2.1046948 0.7778208 -0.9345259 0.87864476 -0.027654711 -3.7281783 8.152265
protesters 5.215278 3.9008658 -3.9127367 6.065641 1.177185 -5.0650053 9.8823595 6.241097 -3.4438863 -0.21701536 1.9598675 -8.757837 -12.323624 2.7291367 -2.1512594 -4.650557 -2.9003417 4.5313687 3.0428104 2.4978902
demonstrations 7.0332456 3.32191 -2.982757 4.324361 -2.5984168 1.494024 5.9861965 7.013948 2.0485704 -2.4084682 -0.6549661 -4.8483696 -6.506978 0.5004511 -0.94294786 -2.0124254 -0.60051835 2.203443 5.295616 4.801691
afghan 0.17101794 -5.537595 -7.2596297 2.8288512 2.7688172 1.0887958 5.230755 2.8124282 3.4958456 2.3149898 -0.64191824 -4.558267 -7.8026013 -0.34171203 -1.4319472 -0.93618107 -1.9997518 0.84762853 3.01225 5.0560775
genocide 4.741239 0.4819645 1.1451701 3.4677393 -0.6843717 1.9370131 7.9923368 4.6193714 9.887549 4.6104245 0.57142234 -5.579283 -7.747263 -0.82967913 -4.0217357 -1.3135282 -3.3707962 2.894754 -6.186652 6.046908
hunger -0.20539486 3.792541 -1.805133 -1.5047816 0.9156414 -0.7465735 3.8817306 2.6657019 3.9699626 -0.1732135 3.4127133 -7.4052596 -7.008663 -4.5441885 -4.562306 1.4054528 1.6349751 1.4607813 3.2944877 4.7868385
prisons 1.0772619 3.9085176 -4.515378 6.4437523 -1.1745375 -0.5523836 6.7055016 -3.4644802 1.6648139 -1.106483 -1.0552304 -3.8355863 -9.009092 3.164536 2.6416092 -0.8568823 -3.2900004 -0.5932713 -0.3769281 4.3516254
amnesty 1.0965804 1.5910172 -1.1424909 -0.14138971 -1.252775 -4.222277 4.5699396 9.740358 6.7966166 4.062304 1.7688297 -1.8555288 -13.273654 1.6958791 2.012891 0.5495336 -2.289318 2.1616156 -5.462151 8.824568
suppression 2.6992426 -0.95266014 2.708944 4.390909 -0.25196737 1.4973536 3.2666998 -0.8642966 3.7717428 3.8003616 -1.1826766 -5.5276256 -3.3955085 2.6045334 -4.695388 2.008223 -4.429519 1.525234 2.088243 3.860457
unrest 1.680372 3.5655324 -1.0573673 7.0974436 -0.07552254 2.846976 0.35648316 4.9166713 6.160308 4.5563335 4.911606 -7.9443083 -10.298437 1.834332 -6.314294 -1.8974935 -4.331779 -2.3406293 3.3643894 1.3315072
arrests 0.7972327 2.3773863 -0.1770991 1.9932965 -1.1461198 -5.575418 9.024906 1.9698263 1.8823678 0.50769544 -1.9441581 -9.722119 -11.791502 1.9735551 -0.6524232 -0.8472633 -2.4645813 -0.77220255 0.34917694 0.26206648
killings 2.346985 -0.19066167 -0.72352475 2.7797601 0.27638334 -3.0607145 10.856878 2.520393 3.93606 2.2955682 -0.8608196 -8.666719 -9.702567 -0.28542656 -3.172428 -1.2618537 -2.6414409 -0.6971865 -2.6400867 -1.0668951
taliban 2.2402458 -5.2942047 -2.657783 3.4230628 4.072713 -2.5547187 8.068359 3.5539458 1.510071 4.411353 1.5857732 -7.812299 -11.825107 0.3888695 -4.280428 -3.6710997 -2.3530474 -0.24057628 4.29901 5.201332
terrorists 3.138793 -2.700373 -2.143978 -1.5807258 1.8392274 -2.627931 11.621421 3.2173953 -0.10514677 2.5346587 1.0346203 -5.8064027 -10.06967 0.074554764 -2.742263 -0.7966372 -3.5935934 0.8560363 1.1507651 4.040153
retaliation -0.89094263 -1.4083706 -1.133002 0.24484101 2.2148356 -3.9156475 6.1802874 1.8946738 -0.04666845 2.6466947 2.0543013 -8.31161 -5.9109893 2.4936078 -4.581507 2.400667 -4.4776487 0.9086744 -0.9278488 1.1631918
palestinians 5.011581 2.2382312 -0.6321431 3.4724908 0.8287907 -0.47119427 6.993754 0.5766702 2.0378225 0.9724139 2.605454 -5.2994666 -12.914865 1.2803031 -6.70491 -3.5963833 -4.1628294 4.7788725 0.32619855 6.047671
abuses -0.010404437 2.1079824 0.24261925 2.562782 -1.0708894 1.3489559 7.018665 2.3208442 4.2800436 4.0392528 -0.23604436 -4.6864758 -11.135533 0.67767465 -3.5452385 4.3721027 -5.3523192 1.7856064 -1.9943576 1.0868928
smuggling -0.8981613 0.47216865 -5.652403 -5.7672806 -0.7980616 -1.3421255 6.3169203 -3.2716644 -1.4584308 3.280544 2.3625805 -4.249456 -6.8054276 2.4919097 -4.0217857 1.5529613 -9.0035925 -0.67451906 1.1168276 3.6288977
hostages 1.7312236 -0.79108465 -2.67497 -2.3416238 2.933246 -5.4491487 10.11868 2.2775729 1.2586907 2.2334373 5.383258 -6.5311313 -9.096066 6.822363 1.4957833 -2.6543074 -0.31656504 0.42227286 -2.1893027 2.477874
hamas 3.9438305 -2.772039 0.19064638 3.2327693 0.9695664 -4.0649924 7.8845353 6.294178 -0.76978225 2.6784375 -0.9468299 -6.1231956 -12.068909 1.2352842 -3.3338194 -2.6407158 -5.1731215 2.9141383 1.2720822 6.6226735
espionage 0.5718927 -1.550858 -0.29004958 -1.2192658 -2.1738436 -0.6997987 8.898255 4.2205462 4.382007 1.1850704 -0.49178907 -3.0518177 -3.5514777 0.9957032 -1.5340868 3.833016 -7.5463495 -3.5044196 0.2847806 5.6804123
assaults 1.9295329 -0.28126264 -1.716024 3.3795264 1.5523576 -2.084074 9.141681 0.52134025 2.0623374 3.8329992 0.8525573 -9.939938 -5.0478597 0.85436475 -2.6623552 0.9332441 -0.31346202 -2.365078 3.9422996 -1.459579
protesting 0.34431893 0.37967545 -3.4838088 3.4066422 -0.20742631 -1.9133382 2.0926034 2.7093163 0.33153918 -3.1415746 -2.7655964 -7.4542165 -6.3033514 1.3780694 -3.0548346 2.6104732 -3.3976586 4.618636 0.4086549 3.7240484
atrocities 2.7895827 -0.19296022 -0.0045566186 2.4883902 0.6205992 1.8488702 10.703195 4.2881527 8.322083 3.030496 2.6975553 -7.1571083 -8.728683 2.110799 -5.558013 -1.5343382 -3.598822 0.22347303 -1.1372641 1.8878062
militias 7.0295143 -2.96142 -3.643135 7.8904705 4.7994223 -0.8299801 6.2569823 2.5181596 0.21052194 4.8801746 3.804842 -6.757563 -8.675973 2.8200955 0.21939488 -2.0570424 -7.4691133 -0.13197184 3.5855458 1.9665579
detainees 1.6656369 2.4359267 -1.2272518 2.6359484 0.00047090615 -5.229968 11.854262 -1.361202 3.8226454 2.4706135 -0.44258183 -4.7836237 -11.565215 2.4597528 1.4466133 -2.484498 -1.4695166 1.7767013 -2.1326914 6.5700803
insurgency 4.4420037 -4.190736 -0.9584709 5.164444 2.4036038 0.85946953 4.0242667 5.602324 3.2080848 6.6688733 2.9062467 -6.070442 -9.011909 -0.38440898 -6.1876493 -3.124586 -3.3760633 -2.237934 5.474844 3.3721838
outrage -0.6705441 5.065173 0.66575766 3.6990175 -1.2177538 -0.93039274 4.8144855 8.141682 3.333594 0.3596869 1.6110561 -4.159947 -9.705337 -0.81648386 -5.874506 0.80848515 -3.6474946 2.1894972 0.8012394 -0.6845213
guerrillas 5.787243 -5.0183945 -3.2632096 2.1439674 5.2974377 -1.6205935 7.1866207 1.7645084 -0.21557213 3.518182 4.688793 -7.7836223 -7.5974345 -0.046678644 -1.6706935 -2.3441975 -5.2938075 -2.4242532 2.7564487 2.4614315
auschwitz 3.0993767 -0.21397263 3.3737078 -0.10920721 0.8706963 -0.12512685 9.450313 -3.2893088 4.022634 -6.1312943 3.8633304 -6.9186664 0.534413 5.683043 1.6841717 -4.907896 -3.3772254 -1.1921118 -4.5941467 10.004969
piracy 1.3548297 -0.32650137 -3.340481 -2.742701 -1.449734 -2.556428 4.8262906 1.6680762 4.422925 4.4278708 3.819345 0.04094849 -6.7108045 1.8371744 -6.528506 2.9844818 -5.1776633 -2.8080099 1.461616 2.1931076
hezbollah 4.630846 -4.1309657 -0.8090678 3.2894764 2.3801634 -2.9981542 9.275073 3.6505315 0.83466125 4.5786543 0.31087437 -7.0344253 -9.148051 -0.33246258 -2.980558 -4.0961967 -4.9888234 0.21087348 2.6096048 6.4153075
perpetrators 1.8419379 -0.23713456 0.509741 0.49219653 0.79002744 -1.8746958 10.957591 0.6210245 2.6095543 1.3917199 -0.32399437 -6.0803304 -10.569596 1.8105263 -1.2051991 1.1051364 -2.4912097 1.578326 -1.8887985 0.31731993
clandestine 4.9064736 -3.466029 -1.1821046 -0.24113958 -0.48505017 2.225458 6.1200223 0.95176363 0.7982059 -2.588502 0.0008634943 -3.2549787 -3.2538836 2.261033 -0.84545577 1.203803 -5.848897 -1.4737085 -0.12085526 6.093447
internment 2.272001 1.2537234 -5.678022 2.2177 0.5952505 -0.70284176 6.451121 -1.458117 4.3017516 -1.2433577 4.4399943 -6.464201 -2.5753236 2.547067 -0.45653924 -2.3989723 -4.229964 -2.2805128 -2.5665195 7.909986
demonstrators 4.9965043 1.558997 -2.9724727 4.479835 1.198957 -3.8171916 8.187745 4.882219 -2.4196017 -0.910947 1.1271737 -7.825443 -8.360132 3.0965402 -0.4573192 -4.2721667 -2.2088063 2.999915 3.2795382 2.4687383
brutality 0.06365981 0.66884965 -0.6570719 3.3159974 1.1148428 0.7819297 8.607725 4.1367474 4.129471 0.9442767 0.46460816 -6.4825087 -6.11997 -1.6692437 -6.649134 3.268149 -3.335135 2.1200488 2.06602 -0.98207545
israelis 4.1734505 0.3088848 -0.67975986 1.7148271 1.9179813 -0.74227566 6.504114 1.2945926 2.4807549 -0.7103967 2.9218993 -4.77008 -9.246742 0.7458987 -4.1760864 -3.272117 -2.362497 2.8741412 1.6477727 5.0013933
vandalism 3.5842633 7.7688346 -0.85709435 2.1218526 -5.1369987 -0.86397475 7.8146324 0.3806123 -1.0455922 0.41427135 -0.63058215 -6.486212 -6.6311316 3.2843409 -4.1222153 1.855673 -3.8404422 0.46503034 1.6693724 -2.8361578
combatants 5.489682 -2.853179 -2.6151896 2.296909 2.2795668 -2.3385541 9.415758 -0.506284 4.924125 6.0220942 1.4669181 -4.5591817 -4.8213496 3.212932 -0.17131285 1.5324013 0.22062404 0.16280141 2.2084384 1.428921
shootings 0.76917636 3.2051985 -2.3683693 5.6596117 -1.6688836 -4.2338734 7.7633114 0.26546475 1.0298921 -1.8147036 -2.6408145 -8.786691 -6.358787 -2.2683158 -2.673077 -2.3500412 -0.39760193 -2.5671797 -0.41072014 -0.40613118
extermination 6.0577908 -1.8146908 2.076979 1.1105033 0.7370997 0.8094941 6.5754223 -3.3249187 3.9052866 -0.75215346 2.4247875 -6.119356 -3.131195 4.016768 -3.5961888 -0.9534836 -5.0383782 0.5088087 -1.6225966 7.39862
intimidation 1.3431035 -0.8350467 0.5951202 3.127567 1.1300704 -2.7108865 6.2555323 1.9059845 1.4014242 2.8855543 -2.3014355 -5.884137 -10.264513 -0.61888105 -3.7742352 5.391553 -5.777106 2.721454 2.5968425 -1.1870661
insurgent 6.314781 -6.1138253 -1.3736777 3.3598325 3.9294515 -0.65467787 4.6414227 1.0531037 0.41399252 3.6282218 0.91230154 -8.235131 -4.764679 -0.41462958 -2.0456138 -1.3149664 -5.4849296 -0.5191003 1.9049623 2.6365192
crackdown 2.8219163 -0.680662 -1.671398 2.4659824 -1.3607318 -2.3825133 4.487174 6.5157666 3.1039925 1.7256175 -1.2930971 -6.748726 -9.218724 0.78571576 -4.6208234 -1.6186963 -4.647242 1.33724 1.8561596 4.473253
dissidents 3.5842385 -2.2957656 1.339323 2.60112 3.1346712 0.5067869 5.553963 5.281119 4.2452416 0.5976082 1.5648073 -5.7432346 -8.162038 0.6629369 0.08073251 -2.5968113 -6.7107306 2.5492089 -0.08100809 4.2517624
operatives 1.907968 -2.4819179 -3.058666 0.22125056 2.0185628 -2.6607275 9.774551 1.9882536 -1.78543 1.2879221 0.051466964 -4.262241 -5.2709823 -0.49307057 2.228037 1.2431823 -5.7439294 -1.4332693 2.1237478 3.812113
repatriation 0.28053635 1.5255545 -3.5661452 2.7820554 -1.1045142 -0.7318454 2.8835185 -0.6144775 4.501267 1.4567257 1.9630048 -3.1120195 -6.1294894 4.578453 -1.8531736 0.7240752 -3.0808685 -0.03187104 -1.1189555 8.238765
disobedience -0.79368454 2.9623146 0.13217591 7.920057 -0.90529907 2.2167244 8.294922 5.2751102 4.5112953 3.775259 0.63927335 -5.1775274 -6.204914 3.4772403 -2.6339962 5.2502904 -2.4495995 0.56099504 -0.351048 1.5482523
rwandan 3.3433177 -4.2250376 -2.9272966 0.6169727 1.3818196 1.9051504 2.831246 3.442985 3.3646991 1.6134372 0.6321492 -6.1545343 -6.0418534 -1.388274 -1.1541749 0.35992092 -3.1802514 -0.28665677 -4.0242767 4.646947
protestors 2.8205643 2.2570522 -2.8686213 4.2731385 1.2204245 -3.2770212 7.592617 4.95225 -2.4896007 -0.57172257 1.0600055 -6.6635065 -9.017707 1.5488927 -1.6664813 -2.8507242 -2.8697276 3.5289776 1.8780321 1.723925
airstrikes 5.721836 -2.6803262 -2.6945298 3.6764097 -0.17333226 -6.7621207 8.400466 1.6035616 1.5859438 6.4823475 0.48294273 -7.9773474 -7.467465 1.1410857 -4.3958426 -6.4009323 -2.5738986 -4.1641197 7.83887 5.881954
darfur 2.658226 -1.6563265 -4.3043303 2.262083 0.56733125 0.13114432 2.510276 2.1545823 1.9977179 4.6480207 1.1547852 -4.2717066 -7.1314597 -4.385719 -5.992446 -1.1149195 -2.226534 0.6050773 -1.8287488 5.7901382
confrontations 3.073362 -0.10258348 -1.4892199 1.8808464 1.0238096 0.48223773 4.807544 3.5286875 2.9495065 2.2483728 0.6817651 -7.8642554 -5.3538146 -0.9271389 -2.467536 1.3650026 -2.552174 -0.43078443 3.449465 -3.3121607
assassinations 3.3483934 -2.319257 0.24108613 1.5805023 -0.9151297 -0.9984882 8.849122 4.8726315 3.2989829 2.0374112 -1.8889008 -7.1967936 -6.8873158 1.5638989 -0.48629716 0.09209065 -5.427397 -1.9841394 -1.3767576 0.38021845
iraqis 2.7254167 -1.0780689 -2.1033921 0.49668866 1.9363514 -1.7847086 5.787168 0.03255744 3.5072997 2.2900722 3.151004 -5.2674456 -9.731008 2.1541843 -4.1881475 -3.2794044 -0.6862167 0.4715683 3.7438958 4.027455
antigovernment 5.575195 -3.0318453 -0.6915673 3.0465586 0.56174123 -0.149324 4.7095566 5.4628654 1.393874 -0.73833543 -1.3793279 -7.8768883 -7.274466 -0.30067194 -4.388389 -3.2012289 -5.2714314 2.6788032 1.60485 2.9842417
extremists 3.1193337 -1.8969144 0.24022959 3.8479416 2.6422617 0.64580977 7.603327 6.015461 1.3611015 1.2599137 0.6353062 -5.0291677 -8.182175 -0.56406295 -4.2449408 -1.9216813 -5.30361 3.8192 1.2674606 1.6371992
chechnya 4.029259 -1.7680842 -2.6083202 2.2301333 1.5188047 0.36098522 5.06434 2.0323915 4.2442136 4.0002313 1.5556551 -7.4590783 -5.688475 0.36677194 -2.379374 -4.3608866 -2.1622546 1.5664418 -0.16205329 5.9687696
sympathizers 3.8696296 -1.0278531 -1.826811 4.7297444 3.856414 -1.6955221 4.83034 2.3193178 2.0911417 -0.8513989 3.0348067 -6.017492 -5.697714 1.9242162 -1.2739304 -0.21412537 -8.706515 1.9354187 0.40273008 0.8544793
traffickers 2.7038302 0.23962067 -2.4733276 -5.2678037 1.5100739 -2.087131 6.1764746 -2.9607406 0.22746994 2.931488 2.8251245 -3.4475532 -13.056954 -1.4611958 0.20401081 1.858537 -5.565483 0.38186854 -0.4488763 3.3847299
uproar 0.25084317 4.7463126 0.49505055 2.140385 -1.3726566 -1.2843659 2.523983 6.909282 2.5109909 0.08553827 2.4650779 -4.4603686 -7.512955 0.87053937 -4.8671346 -1.5727706 -2.800172 1.2966636 0.82354385 -0.49295145
jails 1.2045522 3.2508516 -4.0717998 5.348352 -0.19605684 -1.0945982 6.231448 -3.5983253 -0.37122688 -1.6306903 -1.1768119 -4.3326583 -8.248369 2.6048105 1.7960244 -1.630487 -2.6224155 1.2297652 -0.6324353 1.6480689
reprisal 0.72629535 -2.8776484 -0.76140696 0.51507854 0.588852 -2.452845 5.503719 1.0800511 1.7318591 1.6911066 0.41815546 -6.6198244 -4.1134095 3.7710721 -3.3853745 0.32792038 -4.3369145 -1.0274346 -1.1138391 0.9154381
beatings -1.5817394 3.6552725 1.6343933 1.653094 1.6617762 -1.240683 10.437312 -0.0023705882 3.5880706 -0.017915023 0.46535048 -9.068902 -6.814701 0.7240071 0.20342442 -0.026353868 -0.66373605 2.060955 2.7824283 -0.44483474
syrians 3.3569624 -1.345591 -0.7968147 2.4138455 3.0853362 0.6432372 5.1938396 -0.57263875 3.3367825 2.1910698 3.8008163 -4.383114 -6.863524 2.8231053 -4.2415524 -4.604215 -1.747567 2.8682299 0.9463009 2.8733604
peacekeepers 4.0056477 -2.5900693 -3.9207847 0.8774192 1.606145 -2.881282 7.23528 2.391424 2.390101 7.2324347 1.9302628 -5.649818 -7.4277086 1.0932555 -0.56169516 -1.9895575 -0.7042402 1.3367378e-05 1.5828227 7.5156984
cartels 5.300622 -0.76404816 -0.8358102 -4.3112063 0.9223208 -2.483294 2.7224123 -0.25936243 -0.57876456 4.4353523 3.3145924 -3.5185864 -9.943903 -2.375812 -1.5587573 2.975662 -9.368559 -1.9376106 0.60690236 2.0737247
disappearances 3.1271276 0.4206948 -0.018177584 0.33999082 -0.6768102 -0.94582707 8.801656 -0.117091745 3.0442936 0.8595882 0.60167783 -5.433888 -8.271056 -0.99996567 -3.3340755 0.5262019 -1.3452001 -2.348556 -3.050322 -1.10122
deserters 1.2745644 -1.7501554 -3.0138116 1.924854 4.5022764 -4.089618 6.7831326 -0.9030151 3.5052543 0.52294767 4.809889 -5.485326 -3.6744082 3.9815567 -0.17700972 0.46015182 -4.0999627 -0.060508188 0.38909858 0.22363937
gulag 3.2893882 -0.8545293 0.82951444 0.4494561 0.33891293 1.4739364 6.17822 -1.9779836 6.626392 -0.24903284 2.2530994 -5.580653 -1.2278447 2.2645652 -1.2846762 -3.6463063 -5.240796 -1.2446203 -1.7616435 7.645195
airstrike 0.7305574 -3.1191819 -2.2093563 1.511145 0.5298702 -6.526323 9.147542 1.2493594 -0.8402813 4.755852 0.116817735 -8.004465 -5.451271 0.78666335 -3.7759967 -7.7350845 -1.4847456 -3.494289 2.4122286 5.455444
indiscriminate 1.0944594 -0.49357936 -0.014696697 0.500789 0.06896346 0.9235975 7.3257303 -2.0072074 2.2366328 3.179382 -0.0015090392 -3.9210594 -5.9011865 0.7243897 -5.7021337 1.8216555 -4.601202 0.60425204 2.7873292 0.4129573
pogroms 4.3368974 2.3741803 1.8322281 3.5900888 0.74347776 1.8128614 4.496811 2.169714 7.1919117 0.9318198 4.485781 -8.286982 -4.118811 2.1511648 -4.8567214 -6.12792 -5.0720873 1.4611522 -0.6988462 3.3272843
impunity 1.6980242 -0.6354067 -0.75495267 1.051292 0.75125825 0.5987605 4.357922 0.37258935 2.4747264 3.3908808 1.1980567 -3.2114563 -7.77387 0.36032775 -4.1808724 3.4554474 -1.0911462 1.5565025 -0.49497026 1.7421086
retaliatory 0.85332996 -2.4190924 -0.727947 1.6221864 1.1383467 -4.1937785 4.524693 0.57993275 1.3864441 4.9980984 1.5715675 -6.036294 -5.124 2.048168 -5.6110277 1.7621754 -3.5852332 -1.319411 2.0116584 3.078627
extrajudicial 3.372182 -2.5081375 -0.841804 2.4736779 -0.71740645 -2.6361825 8.683304 -0.0045896815 4.02587 5.095599 -2.9276383 -4.873881 -9.310624 0.28558597 -1.4057872 0.17031948 -1.6334947 0.96093196 -5.615582 2.7502573
interrogations 0.7975632 -0.564837 3.303037 1.4026804 -0.6705345 -2.459824 11.158912 1.1696864 3.8708265 -0.92020917 -1.45556 -4.640715 -5.3905377 2.7886963 0.06872202 -0.5441898 -1.7130629 -1.1862557 -0.13327695 4.3501973
evacuations 2.5778594 3.950672 -3.4891927 3.8550422 -2.6481261 -3.1305559 4.5998445 -4.7731757 -0.44813946 3.5772622 1.44794 -6.008669 -7.504528 1.743835 -3.8869777 -2.6225638 0.65963733 -4.4626274 1.7940067 4.995936
internees 1.0291346 2.212263 -4.4945364 1.2052041 1.0555965 -0.72396487 6.350235 -2.6318479 3.844028 -1.5585686 3.9524715 -3.9262345 -4.7806625 4.3165913 2.018752 -2.8541934 -2.4182138 -0.6097577 0.22901765 5.1378474
incitement 0.3241082 -0.10437241 1.9994842 2.568269 -0.15028574 -1.4860238 6.125132 2.6414175 2.8794239 2.979037 -2.8830836 -4.9710865 -7.7224603 -0.4635604 -4.0347295 1.0698905 -5.0264654 5.528105 -3.7794597 1.7993733
boycotts 2.4462786 2.3012516 -2.3244739 1.6566286 -0.23407578 -1.0216025 0.7056873 3.4087052 1.851602 -0.731421 -0.043437153 -2.9613917 -8.485717 -1.5799929 -0.9964514 1.7693563 -5.995289 2.1622033 4.43559 2.349046
ghettos 6.3934517 3.2389057 -0.18371667 2.5008883 1.05235 2.1662943 3.4825675 -2.0839446 1.7001928 -2.2032325 3.9711382 -4.031074 -5.6439595 2.113666 -0.98120415 -4.202792 -4.9410043 2.8954105 0.60681844 2.8827953
inhumane -2.2964022 2.1282992 0.9815151 0.014127103 0.28230432 1.4258488 7.590965 -3.0060103 4.2065744 1.5067679 0.7659367 -5.104092 -6.3243027 0.5073531 -4.739719 4.442354 -3.9946535 2.3881836 0.08462609 3.698687
irgun 3.2209234 -2.8964431 0.685337 4.1477547 3.052742 -2.2093968 8.384817 2.56809 -0.8387065 -3.1651957 1.7848473 -7.2748637 -2.8006268 2.861273 0.3901024 -4.412552 -6.907552 0.32538134 0.14819421 8.231532
conspiracies 2.9633543 -0.7943375 0.66992927 0.46074393 -0.6311327 1.3822122 6.8476195 4.3805833 3.4573503 1.2693696 1.257166 -2.809753 -5.373277 2.0595164 -4.1377673 2.909724 -4.5378156 0.116649985 -1.7707797 -1.4479687
marchers 2.8029642 2.8274026 -3.9137452 5.1345615 1.8979949 -3.7513697 6.3213882 3.5074763 -0.93028367 -2.218773 2.4973755 -5.90616 -5.680601 1.8813493 -1.3470415 -2.4739878 0.41498345 3.1505373 1.5657159 0.048612464
jihadist 4.4971023 -4.535745 -0.38629615 1.2896261 1.6252024 1.295833 7.238007 3.1233957 2.3041291 1.8263757 -1.4285966 -4.1896667 -6.2300935 -2.981823 -3.1296072 -3.9350443 -5.4800205 1.6445255 0.6162466 3.5497792
genocidal 4.0246234 -3.5834482 2.5289605 0.3349252 0.8153422 1.9914308 5.538212 1.757739 4.0277357 3.0619795 0.46522808 -4.500203 -3.5189245 0.12859145 -5.30592 2.216939 -4.6133285 1.6437324 -1.7117163 3.7629044
guerillas 4.060513 -3.8227034 -2.6065052 1.2501876 4.062676 0.36011526 4.763078 2.7070477 0.1489779 2.259329 3.7910573 -6.6221623 -3.8160303 -0.5739335 -1.5359666 -2.4028885 -3.861353 -0.84876317 0.8099854 2.0717206
reeducation 2.7987173 -1.7334745 0.920212 2.4025455 1.7990687 1.5357039 4.4198647 -1.3911245 2.8106496 -2.7073588 0.24993365 -4.541024 -5.8381953 0.89155734 -0.09358122 -1.725892 -2.0803645 0.71830827 0.9631093 7.3113036
picketing 0.7480907 3.763135 -2.3837574 4.761062 -0.07029561 -2.6711323 3.4586906 1.3492258 -2.1794508 -2.6827679 -0.7682428 -5.4594016 -6.191017 1.808869 -0.43884286 1.4495939 -3.7241068 3.4118412 2.120106 2.200149
landmines 2.845885 2.4311852 -2.4700348 -1.2254908 -1.4839745 -1.1535318 6.2831373 -1.4494977 0.43050763 6.437412 2.0789342 -3.8622866 -3.9601347 1.7419567 -1.686088 -0.30265373 -3.483016 -0.5431074 2.1017957 4.2562037
deportees 2.4667535 0.43987957 -0.9524248 0.42619938 1.449011 -0.03693428 4.588506 -2.6317434 3.7412632 -0.005338813 3.7838228 -4.1733212 -5.1879997 4.982503 -0.70118845 -3.9880362 -2.4562838 1.0582807 -0.9139575 4.2540426
contras 2.7794373 -1.3140737 0.0007871955 -0.58114874 0.6064948 -2.7235909 3.17603 2.421783 0.7959913 3.7024758 2.5451963 -4.404347 -6.8749046 -1.3091401 -2.0975692 2.00524 -6.5445 -2.5996099 -1.3265495 5.643397
peshmerga 3.8755894 -4.85524 -1.4987732 2.78694 3.2867491 -1.4077499 4.5473084 1.8768226 -0.0058575766 3.3404026 1.9504297 -5.727838 -5.068142 1.6403538 -1.8542354 -3.9593642 -2.3365011 -0.0033351886 3.556432 4.278926
abductions 1.0345688 -0.2759145 -0.8223146 -0.850308 -0.094599545 -0.016356107 7.5482187 -0.7316817 3.863237 1.4040799 -0.41974798 -3.993857 -6.2553945 -2.0509443 -2.944953 -0.3305094 -2.2623053 -0.18173409 -2.32831 -0.31668192
yishuv 1.9473515 0.17352524 0.684854 3.6512783 1.1165472 2.8215187 2.1435776 0.8880753 2.101396 -1.6200746 2.3819525 -3.689442 -3.8979363 2.7759202 -2.1119916 -1.4925432 -4.732457 1.9760519 0.31574276 4.9349947
fedayeen 3.1742427 -3.1161497 -1.1917634 2.1185305 2.0295238 0.001834143 5.6410255 1.5441037 0.38898975 3.0350425 1.1574391 -5.0289745 -3.9214876 0.77868557 -1.4388267 -3.2242491 -4.020706 0.20455778 2.126387 3.554675
infiltrators 1.121769 -2.599002 -2.4568248 0.7176503 2.1508315 -1.5913274 6.486275 0.4133604 0.699251 2.4981565 1.4980038 -3.1742015 -4.432192 0.62872714 -2.5419905 -1.9649953 -3.1291533 -0.35999945 1.8861928 2.0547197
provocations 1.717818 -0.92461365 1.2840732 1.2866241 0.51300687 0.75855285 3.7130506 3.386104 2.6033316 1.8118494 0.95903265 -3.7220306 -4.284466 1.1476965 -3.9581125 0.33702755 -1.7670351 1.3576125 1.566327 1.6511158
crackdowns 1.3861743 -1.1914673 -0.7017028 1.5601771 -0.35854727 0.015303991 2.7992387 1.3192973 1.8200058 1.6628338 -1.2869654 -4.6085205 -6.1787453 -0.0340046 -2.9599946 -0.083474845 -4.5243053 0.26997286 1.7622967 1.0492578