Centroid_151 -0.6006620375113637 1.2957833408758515 0.33091404744517045 -2.1146293619789223 -2.178532103136364 -1.5952561313352271 -1.3449121689062495 -1.728493301798296 -0.20827247801221596 0.41203004390056824 -0.2701550043364774 1.7134991150113636 -4.39657945121591 2.7720317718238636 0.22321482273920462 2.330695347240057 -1.076644719500569 0.5104129394616478 0.050154546300710236 -0.004162668403409026
exchange 0.91332144 2.4648902 -2.1727457 -2.4780028 -3.2901309 -3.4318922 -3.2455566 -0.3049169 -1.9019119 0.11908816 0.13983808 3.140308 -5.472898 3.1524992 0.5519907 4.416522 -3.0477319 1.6600558 0.42169034 4.8858767
share 2.7415102 0.120280415 -1.1413034 -3.9072587 -1.0894217 -0.897121 -3.057023 -3.200538 0.142291 -3.847599 -0.43206358 4.357955 -8.783504 0.6132398 -1.4535974 4.221191 0.3678203 2.8826635 2.7317235 -2.401425
worth 0.9650607 4.7075167 -2.4957702 -4.1545835 -4.2086673 -5.9126277 -1.4133435 -4.404822 0.027394224 -4.7423935 1.6473976 1.6719073 -5.746614 1.495576 -2.8220453 4.3299956 2.9797733 -2.285336 -1.5178103 -2.9086173
bond -0.97856194 2.5063882 5.92482 -2.3806264 -0.9521271 -3.6452608 -0.31831342 0.8328429 -2.993722 -0.25053492 1.6770196 3.1809719 -2.4697084 1.2547654 -0.32811058 4.320984 -1.59808 0.3957481 0.06031515 -3.1115258
shares 0.7637761 0.56250125 -0.39614907 -3.9869738 -2.5277476 -2.0088398 -3.845393 -2.481668 -2.1465542 -0.14279617 -0.22734839 5.8857055 -6.009105 2.7534397 1.2384304 0.64138484 -3.3635123 0.57192117 -0.9041325 -2.6554859
counts 1.9009899 0.7511111 2.7306252 -0.050304916 -0.5565657 -3.4915748 0.8391508 -6.051153 2.2081683 2.891051 -1.5812831 -3.2103915 -4.5958824 7.322372 3.8628376 -0.23557815 -0.104670405 2.0851474 -4.1335115 -5.120299
bonds 2.7887833 4.1178946 5.97139 -3.014867 -0.90078545 -4.347656 -2.8228438 -2.279302 -1.1864583 2.4899805 2.7795722 2.7355092 -6.6435246 2.6226537 1.1322575 4.3337903 -4.385437 2.2415006 0.3971493 -1.1885856
proceeds 2.1956372 5.126738 0.41064954 -3.2345765 -1.875758 -3.172617 0.95794225 -1.3754907 -4.9400907 -3.9488413 2.6866202 1.6850243 -5.104216 1.0231895 -1.8756131 3.2610655 2.5448616 3.1641512 -1.6011349 0.4474818
holder -3.7316914 -0.2944089 -1.3981918 -2.6162546 -0.83449 -5.641049 -3.4238808 1.1898346 1.2218957 1.9743825 -1.5190408 4.283406 0.9659577 1.7834157 5.3617277 5.415046 3.2698421 2.8409278 -1.8247043 0.51659244
buying -0.44467568 3.2255757 -2.925788 -6.648445 -2.2574873 -2.2705266 -1.8529192 -1.8184744 -2.8255744 -5.6219273 2.2596414 1.7330179 -6.7390947 3.550993 -1.4652566 5.1908927 -5.0523295 1.3110126 3.8054452 -0.8246638
valued -1.6914294 2.5075495 -2.6035917 -4.5822787 -4.7494135 1.6926724 -4.6911087 -6.1695566 3.7529943 -1.339874 -1.9196293 2.733905 -2.1223865 4.033197 -0.83339494 5.4338646 -1.862079 1.5581685 -0.41492298 -2.5391867
transfers 5.399605 2.1024427 -1.4555887 -2.908256 -1.5835873 -3.2471516 -3.6247754 -1.5158101 -2.5764644 2.8568125 -1.3341111 -1.2014163 -5.624761 1.8249357 5.5271063 0.82547355 1.5444579 3.5875092 5.161569 2.943832
levy -4.6021004 1.8316383 2.5486665 0.31955358 -0.741236 -2.6076078 -1.458024 1.040845 -1.2711529 -2.0607126 0.22213855 1.1244279 -4.2512503 1.2389818 1.9627092 2.1054666 -4.329935 -1.0190659 -3.3586013 1.1017418
pays -2.2280767 -1.1089957 -1.9295164 -7.5185184 -2.992428 1.3368919 -3.0521033 -1.9157113 -3.7674532 -4.0152693 -2.5457006 1.4079068 -3.91327 2.5905242 -2.3717895 5.298356 1.1988624 4.305926 -3.8409135 -2.4791636
outright 2.4549234 0.59589875 0.801686 -1.0928398 0.17393893 -5.7507644 -1.9640791 2.5104058 1.3756095 1.3411797 2.803419 -0.4464223 -6.6128416 3.4330184 -0.23003075 3.9873867 -0.75519854 0.14249484 0.64962804 -3.0251703
seller -2.1455705 3.6935606 -1.6879269 -7.4445233 -3.34607 -5.1312804 -2.5537179 0.5985205 4.697101 -3.828637 1.9756304 8.677924 -4.458609 0.37284523 -0.18670003 3.1059246 -0.14604743 1.8934747 -0.9555887 -3.80457
lending 0.10344259 2.3371449 -0.4027443 -2.4158285 -4.355955 2.1402872 -3.2313845 -1.3829638 -1.1680762 -1.4453864 -2.6803882 3.968725 -7.395861 1.1763102 -1.0210985 5.15229 -4.7620964 1.9338832 1.5805619 -0.270917
royalty -0.8041854 1.177893 -2.8583093 -3.0868561 -0.87058026 0.9447966 0.23435013 1.3645525 4.1574593 -0.41992632 2.2287443 6.0024657 -4.9973774 6.1213465 1.8401026 1.3301659 -1.6070958 4.346291 -0.900167 -1.8604296
sellers -2.3819864 2.4055133 -1.3135723 -5.066654 -1.843307 -3.5252845 0.59372085 0.995893 0.7730536 -4.5610795 0.6863169 5.359143 -4.0858526 0.11357312 1.5871365 3.4450219 -2.5834935 0.37603733 1.0522321 -4.1665006
unavailable -0.22035007 0.12846994 -0.04713454 -2.9911716 -2.2723951 -4.020382 -1.784839 -1.5302185 1.1674336 -2.8617613 -3.0141542 -1.1164461 -1.8089795 0.67274517 -0.6129149 2.5810053 -0.9145708 0.31033742 3.7997093 -1.2029926
owning 0.36470738 0.92477924 -5.584766 -4.464807 -1.5486296 -1.1790003 -3.01659 -4.594218 -1.2928003 -3.8486645 0.11175114 1.309436 -5.127329 2.5017698 0.7271104 4.0592055 -5.739404 0.37666267 1.1139776 -3.5643125
costing 0.61580175 4.1679482 -2.1756268 -4.323136 -6.7889614 -5.1475725 -3.3285215 -3.139552 -1.7241725 -1.2117879 -2.0239882 -1.3334357 -3.3255725 5.3688745 -0.4255237 1.1619629 2.6005418 -2.1373513 3.200776 -1.1141347
swap 2.9800816 -0.3504577 0.89422137 -3.9264574 -1.2096694 -6.0720553 -1.40184 -1.1271766 -5.4094057 -2.9553728 -0.74785954 0.8043665 -5.4826655 1.788454 0.26794657 3.5412364 0.17647325 0.85824513 1.6537124 -0.86361986
lieu -1.48267 -1.0676663 -0.8151422 -1.2714075 -1.329863 -3.850553 0.7838519 -1.5758395 0.063029625 -1.178674 -2.0951698 3.060461 -1.9566772 5.4244375 2.1143777 3.0863094 1.2437475 2.1760087 0.06307244 0.4276673
illicit -0.7684612 1.5235031 -0.36131847 -5.3986907 -1.6105711 0.6863846 4.1974883 -2.5610635 0.27497387 1.0881431 0.3193498 -1.2307276 -8.9813 0.74387085 -3.4878674 3.4217086 -6.3355846 1.8376099 -0.29120886 3.0818954
bargain -1.4277513 3.5561364 1.0884371 -3.7449474 -0.8195902 -5.3675427 1.5709438 2.161212 -1.9541187 -1.2304577 3.04943 0.07589203 -6.138853 3.948687 -1.8145659 5.0844517 -1.4484524 3.4311793 -1.492652 -0.5368334
donating -0.24936953 5.602891 -2.0127907 -3.3104727 -3.9324021 0.4422638 -2.6093926 -3.8292794 -1.2005984 -4.3042254 -2.0646436 -1.799919 -3.7218475 1.3789145 1.0001562 5.0576334 -1.0575051 4.4276414 -3.0193288 2.4443486
billions 4.1511226 3.250444 -0.7240634 -7.8352456 -4.55969 -3.6423573 -0.27529958 -5.8005285 3.0000625 -0.78694564 2.8991194 0.53715473 -8.026586 0.93828106 -4.355477 2.2522252 1.147501 -3.1914814 -1.311186 2.3592656
discounted -3.175266 0.807045 1.0195415 -1.6717796 -3.0536642 -1.3909689 -3.267631 -5.813052 0.039199103 -4.223229 -3.9933531 2.811274 -6.0025024 1.3204203 -2.7093127 4.1982574 0.9770388 1.3692433 2.4235046 -0.60853386
excise -7.12867 0.046170577 -4.1005836 2.3741608 -2.1635475 -3.2786512 1.3647344 -5.00935 0.30791935 2.9032452 -2.3134673 4.701652 -7.024416 8.484506 0.25083345 2.7222037 -4.596318 0.3781126 1.7693754 2.1338556
subsidized -0.7850666 1.4271493 -3.1545181 -0.4924318 -3.9502316 1.5145903 -5.4054127 -6.3179216 -1.773818 -2.3728433 -3.7956464 0.7639631 -7.382859 2.8358345 1.6476194 1.332625 -2.6270468 0.2842519 1.4879172 4.338978
franc 0.91314185 -1.9890429 1.9005874 -5.858857 -1.7296315 -0.37675405 -5.570579 0.6634501 3.5331125 6.4238753 2.4032059 3.9106512 -1.6934398 6.4101434 2.850918 -2.9720094 -2.3488653 0.30881155 -3.0775218 -0.8817351
beneficiary -2.3973787 1.9740592 1.328724 -0.5617146 -2.2444985 0.14731935 -1.9762268 -0.9963379 -0.48306108 1.0444238 -0.9237974 2.2519746 -8.390734 3.493968 2.1583915 4.858111 -0.25708443 0.65215176 -3.6650121 -0.31580636
preferential -0.39910644 0.3880255 3.571184 0.7669525 0.016554918 -1.3198519 -1.8612117 -3.978603 1.7249066 2.1452105 -2.3090682 2.4900692 -8.764696 1.8874336 1.31542 3.6166549 -1.0996801 4.0658474 2.001537 2.6935883
insured -2.1003385 3.522988 -1.5811467 -2.9605205 -3.9733353 -2.9371626 -1.85076 -6.576733 -0.12995148 0.80577296 -1.4653038 0.19813456 -7.49807 4.6271377 0.46311724 6.273559 -1.1725831 0.10894565 -0.9781869 0.15445256
taxed -2.4572988 0.044994626 -2.1308918 -2.4348936 -1.4216037 -0.65661985 -4.6725783 -7.294013 1.3622717 1.8566233 -1.348808 1.6508812 -7.2682834 7.668091 -1.1232884 3.5016336 -3.6127727 4.453549 1.0144032 -2.5016043
allotment 0.97789514 3.2485895 -2.894575 3.6769373 -2.0513258 -3.1085553 -0.621562 -4.03545 -2.7319086 0.33789158 0.8215344 3.6491177 -5.7859893 5.7037883 -0.23478253 1.5046917 -1.5923703 0.008562416 -0.91655934 -2.845747
havens -0.83105147 2.3833554 -1.7816751 -0.038482066 -0.8433137 -1.8327665 -0.49503 -0.7912582 -1.0887738 0.20841953 1.7098494 2.3660681 -4.0750546 -0.6031482 -1.825198 1.5857674 -4.6751356 -0.68036467 -0.52572453 -2.5004196
repaid -3.9862504 2.0596118 0.34446168 -4.3748016 -3.7848394 -2.2196867 -5.903642 -2.073513 0.6875254 -1.6674917 -1.1020212 -2.5216222 -5.3280187 7.6409173 -0.87768996 5.7057953 0.09760164 1.7054967 -1.987654 -1.1765162
redeemed -0.9565611 0.8976755 -0.016886156 -4.310543 -1.461953 -2.20602 -0.898493 -1.0585752 0.85101676 -1.3702985 0.20864956 -0.9833776 -1.5505352 4.3488326 -3.5078886 4.4979324 2.1463695 5.380215 -2.653819 -1.508623
bullion -2.0567958 5.408495 -3.5566785 -4.822711 -3.783973 -4.687904 0.7215793 -2.9652834 0.44738138 3.7862687 4.12739 4.8083606 -0.8417453 6.4530025 -0.21570735 1.9018091 -2.7855039 1.188164 -1.3828112 1.283268
nonresident -2.3132198 0.7255799 -5.4276347 -0.11772479 -0.503817 -0.026222304 -2.1130466 -5.2426643 2.4860725 0.359616 -1.9994222 2.4264612 -7.8368435 0.7274161 4.2632284 2.6954594 0.5390064 3.6410909 -4.650588 4.2100105
cheaply -0.9882584 2.0055912 -0.45697784 -4.821985 -1.0754901 -1.4201386 0.22242492 -2.3527498 0.24915302 -3.460623 4.535504 3.9851725 -3.2320962 5.9105844 -2.1527362 1.220853 -2.8804753 -0.5634897 7.2157154 -2.4206069
meager -1.5233425 2.1507006 -0.79081124 -2.0956354 -0.7247366 1.2646993 -1.5782651 -4.983686 1.9350616 -1.2380278 2.4291844 0.0498685 -4.543016 2.1628015 -1.8146218 2.6929893 1.651337 -1.6032784 1.5167149 -1.8327948
entitlement -1.0130419 1.8063952 0.31386587 0.1339353 -1.7789793 -0.6565747 -1.1600765 -1.759591 2.179014 1.4754912 -1.0198327 3.7560034 -8.50376 3.3780172 0.40515885 6.1296344 1.0858399 3.07991 -0.7303259 0.5560048
peso 3.9813168 0.5360298 0.8017716 -6.873751 -3.983274 -6.223627 -3.4894333 0.14384183 3.3309255 10.052943 2.0020368 3.3441465 -6.995595 3.9659965 -1.3746012 -3.391189 -3.8494775 -0.37750652 -4.6533103 -3.7119703
wager -1.6414849 -0.17175446 0.44193318 -2.714865 0.18640167 -4.0837126 1.6399032 0.03116813 0.15857024 0.14273441 2.1927047 2.3248653 -3.3240647 2.437762 -0.06318414 7.080058 4.8080306 -0.3682744 -2.1606658 -4.412497
accrued -0.746436 0.83481586 -0.4151908 -3.4819143 -3.5215564 -1.707536 -4.9699454 -3.9948077 3.1436636 0.019635376 -2.351356 -1.040968 -4.439415 2.2535186 -0.8734793 4.637101 1.436476 -0.3437018 0.93721664 -2.3766932
swaps 1.4974025 0.60036623 1.9662626 -5.503488 -2.11391 -2.8571377 -1.4649802 -2.1531854 -1.7953672 2.0776765 -0.7630904 3.6714654 -5.7425685 1.3639027 1.5277246 4.736677 -1.2937891 1.0726084 0.91304445 -3.5199795
upfront -0.018236853 1.7644191 2.9154882 -4.960169 -3.573374 -3.045772 -2.8692467 2.0230331 -1.7756473 -3.1409087 -2.311936 1.2590053 -5.9699616 -0.25239256 0.4427727 1.8975781 1.243221 0.848711 3.5658271 -0.6753675
taxing -1.2295443 0.17253807 -0.027358927 0.6264687 -0.7547343 0.57362646 -2.3065472 -4.0720105 -0.42365283 0.12794672 -1.2121776 1.3201727 -6.7655463 3.0344281 -1.8421022 5.642769 -2.1361463 2.0197399 1.9960465 -0.3129646
barter -0.10119148 0.250585 -2.7946687 -3.9892287 -1.5045 0.76285285 -0.5028272 -1.1873254 0.018366138 -1.6117336 2.3583505 4.05756 -4.340296 2.9420192 -2.3963857 1.7069858 -4.389009 0.3672537 1.1511195 0.026227977
unauthorised 0.28307137 0.21226104 -1.4798737 -1.2649014 -3.3222299 -2.8568296 4.4114876 -0.1958949 1.3655272 0.23301427 -1.2725592 0.20884432 -4.0437484 5.4485855 -2.841634 2.1501944 -2.1207068 0.056178972 0.49184626 1.3754246
inventories 2.9043436 2.3577604 0.6649774 -1.1666994 -4.8495655 -0.0167541 1.8083812 -4.6339045 4.0202174 0.6347152 -0.75092083 4.5024357 -2.6063802 5.436606 0.4675297 1.1971095 -1.5398185 -1.8243657 1.4339089 -1.0592859
severance -2.406622 4.0541573 2.2244718 -0.5445672 -2.3694117 -4.480521 -1.4176807 0.27060682 -1.3923923 -2.2258918 0.08002413 0.8006859 -5.646272 2.45084 2.426544 2.3741283 -0.70617634 -0.024642123 -1.7378185 2.4348443
compounding -1.2090156 -0.23339333 3.844204 -0.84725237 -1.2833248 0.35933158 -0.2490862 -5.3293457 1.6006848 -0.9008057 -1.9836327 1.4286007 -3.934542 2.2727554 -1.2432507 1.5144368 -2.1831455 0.034793295 3.0113535 0.72673106
perpetuity 0.6482633 3.523287 -1.6899569 0.73781466 -2.9291904 0.18193686 -1.5029202 -1.6464965 -0.35109562 0.3664888 2.058167 4.223602 -3.392957 7.177175 0.26493677 4.5008674 1.0752739 2.9092965 -4.4216094 0.2485922
unregistered 1.9399086 -0.74934405 -2.9091496 -1.9725034 0.1681501 -3.3334277 2.2026646 -3.2582712 0.8974921 -0.1860774 -0.8419588 0.54355246 -6.847335 3.374412 2.5444343 2.9899244 -4.216116 2.8895776 -0.9356934 0.22410502
exclusivity 4.0025954 1.1106488 1.7440116 -2.363921 -3.0146794 -2.6212149 -2.523446 2.1013052 1.4603442 -0.27658758 -0.55575466 3.277995 -6.186086 1.3085225 -1.323819 3.4223769 -1.3324696 1.8853751 1.3780739 1.4526175
cheapest 0.22861616 -0.6286139 -2.2013671 -5.750867 -2.6594572 -1.8029892 -2.0001073 -2.7088597 -1.0072567 -1.0954643 -0.06316344 6.0131884 -3.4268734 4.178533 -1.566123 0.9448093 0.9269863 1.5776312 5.2032027 -1.4242237
thrift -1.2692297 4.158216 -1.1011978 -2.273204 -2.2922587 -0.05682383 -0.612231 -1.2681725 -2.8949406 -4.0413237 0.94739825 4.2186103 -2.529616 1.0001496 1.4771082 3.103261 -3.529415 1.5759342 -0.78379774 0.17001511
resale 0.35119128 3.0639205 -0.3176041 -4.8388147 -4.339103 -3.486761 -2.152642 -2.9370072 -0.49561986 0.046004746 0.10222851 4.065731 -5.811758 4.8838353 0.016933199 3.2970598 -3.1090374 0.6174782 1.6631091 0.05895268
sequestration -0.010244024 4.5607934 3.9334207 1.4727823 -3.732264 -1.9551321 -2.602272 -4.234165 -0.53706765 5.651119 0.77067953 0.27896047 -3.59098 2.9812357 -1.6689942 3.5558202 -2.4041936 -1.6690441 0.14090677 3.2866666
audited -2.1607883 -0.1205159 0.4082334 -1.0956384 -6.049915 -3.155452 -2.8009577 -3.4789793 2.9087586 -1.6187434 -7.617974 2.2936187 -5.540058 1.8122103 1.8443186 1.8654696 -1.9401088 -1.064216 -2.3840508 3.0759034
overdue -2.5632355 2.1436827 0.06307452 -1.125486 -2.6489227 -3.6214907 0.19732754 -0.92558444 1.5798485 -2.1728008 -0.08680469 -1.1079828 -3.2002652 3.3328054 -3.8617167 2.7332327 2.1824813 -0.3638154 0.8807643 0.15551275
defaulted -1.9094805 1.8282762 -0.7248171 -5.0501313 -3.566743 -4.3829665 -7.28027 -2.3676512 -2.171567 1.2875416 -0.48155788 -2.6548436 -4.1390467 4.3774147 0.139254 4.197477 -3.2824636 -0.42049107 -2.290787 -0.6982016
counterfeiting 0.27027467 1.8585318 -0.082913294 -4.0033803 -2.842541 -4.423938 4.6701946 -0.84265286 1.3621014 3.5825086 0.41141376 0.20266955 -4.3399916 4.3242726 -1.5730172 4.5546293 -6.3849697 0.46303433 -0.28868443 0.014159242
rupee -4.124921 -1.405187 -3.672222 -3.884033 -2.61037 -3.7199419 0.40636086 -0.016988147 5.1820154 7.429476 -0.23085104 8.026947 -6.6752596 6.750484 -1.5289962 -5.2964935 0.26136625 2.1914718 -0.24496146 -2.6665368
pooled 1.3660467 0.88884306 -1.0032042 -2.808206 -2.5475492 0.37665278 -2.497435 -5.6237154 -1.3256233 -1.2073511 -2.166651 0.5114318 -3.1791716 1.0805823 1.4994304 3.7460258 -2.3656793 0.46367088 0.28957444 0.8657464
minting -0.07317588 1.988019 -1.7725978 -3.0974345 -4.221586 -0.761761 -2.4569805 -1.3610995 4.1813335 3.8364542 2.4815238 3.2269783 0.17349939 11.156509 -1.6272572 0.553213 -1.9162478 2.4612896 -0.5571763 1.7635367
prohibitive -0.11855715 1.6820873 1.2741822 -1.6489141 -3.1986706 -1.5463312 -2.8909066 -3.2014492 0.11348058 -0.8187533 -0.44359854 1.243082 -4.1471105 4.425245 -2.2799802 3.7384286 -0.37783575 -0.8148271 4.4447484 -1.2739079
hefty -2.723335 2.226739 1.4925809 -4.7256985 -0.90773416 -2.717396 -1.589511 -1.0581172 -0.8981179 -0.8794214 0.8387268 0.7370039 -3.2502284 2.737368 -0.21476328 3.0422244 0.22792082 2.2188387 1.5857034 -2.394947
voucher 0.57860935 1.8259203 0.3057029 -0.6737362 -3.2576525 -3.1720896 -1.902605 -2.2209795 -1.6934723 -3.6422682 -3.3186188 5.555757 -6.729984 0.8128865 2.454642 3.3816082 1.2970568 2.5229874 -0.8900093 3.4345446
recoup -2.2069576 1.9623824 0.089071 -7.848186 -3.7788966 -2.8190455 -5.5901613 -1.9821924 -1.1370299 -0.9959249 1.096291 -3.7418168 -5.6405535 4.554428 -3.2689495 6.557898 -0.55624104 -1.3939294 2.4311702 0.39850825
notional 0.26297015 -1.7707287 1.4412109 0.97866833 -1.7807776 -2.4350984 -3.332518 -0.7863865 0.5961705 3.3469527 -1.7123452 4.3395376 -3.9364133 4.1254864 -1.4753957 2.4771342 0.49990094 0.46015325 2.4574542 -3.65217
indebtedness -3.7517703 4.2833705 4.41015 1.3062962 -3.1369786 1.97402 -3.0953274 -0.42382613 2.4119248 0.7982352 0.94433737 0.3246451 -8.43401 5.4222517 -0.13724394 1.9873804 -0.76355255 -1.4260952 -0.64554524 -0.7809873
marketable 0.1662913 0.89104486 0.5672914 -6.203744 -1.0323708 1.2173908 -2.0866866 -1.8224431 1.2895069 -1.978914 1.6484816 4.807969 -2.5194588 -0.089890085 -0.6129977 4.7862973 -1.7022048 1.7150801 4.182523 -0.67905676
perks -1.9358436 1.9654882 -1.3276821 -3.9243526 -1.2857924 -1.1393864 1.0849792 1.3045394 -0.35981536 -2.5541136 -0.41238236 2.7069035 -5.455827 -0.20564483 3.4787467 4.587985 0.5513625 0.6461636 1.4021002 -2.708542
meagre -3.1523519 1.1862707 -0.93727475 -2.0537028 -0.66203725 2.16856 -1.7337346 -4.5222974 2.7890196 -1.2532469 1.166728 0.76869136 -4.955333 4.426034 -1.0404081 1.7532256 1.4669443 0.074988596 1.7487553 -2.733733
factoring 0.7138919 -2.4058752 3.4116006 -4.3212447 -3.4363723 0.23783226 -3.07306 -3.5053377 -0.7884385 -0.08390947 -3.3944275 4.0328984 -5.4791746 1.9298332 0.77727616 3.5901105 1.3244423 -1.909315 2.4250538 -2.366378
valuing -0.6191555 0.52698827 1.4077499 -3.8686047 -3.4060245 2.8852773 -3.9878304 -1.6145304 0.5273122 -0.15712547 -1.9001118 2.9942052 -4.529564 0.71750087 -1.0648762 5.8106256 -1.730653 1.4448417 -0.00081948115 -0.4201458
unsecured -0.12120667 1.384683 1.1568115 -4.0764966 -2.773212 -3.525092 -0.56184256 -2.9219782 -3.3641849 1.675178 -0.24150012 1.5995332 -7.4454975 5.3725553 1.3544217 2.9419177 -0.6417176 -0.16702044 0.4827625 -1.2505299
appraised -3.6101406 1.5254413 0.49800238 -2.408859 -4.5443673 1.3089135 -3.2182672 -2.4503012 0.99413574 -1.430655 -4.0455112 1.2554516 -0.6057535 1.3860334 0.5339649 3.134048 -0.034166694 -0.049006682 -2.4554381 -2.6540883
windfall -2.27376 4.109329 -0.07151947 -4.135654 -2.8542511 -1.6664636 -2.5129745 0.8932715 0.33388513 0.4735662 2.6711 1.5462302 -5.8617334 1.2447869 -1.7990259 3.0151434 -0.62419343 -1.0968251 0.09967469 -1.2371172
hoarding -1.1772118 3.4339578 0.7225706 -3.107169 -1.7931072 0.9835526 3.5524795 -1.5879129 0.3919088 1.326644 1.5426311 0.24209294 -4.937875 2.163496 -2.4843073 3.0155425 -3.8740706 1.2866144 1.1724094 -0.3499584
subsidize -0.7189915 1.2892553 -2.164042 -1.5483061 -2.6707616 0.8941467 -4.0930347 -3.8174455 -2.5363421 -2.655963 -1.3756588 -0.08758315 -6.6152887 3.4460397 -0.51416934 4.2658 -3.0414798 1.2545806 1.6527814 3.6116743
arbitrage 1.0713447 -0.29660544 3.6136749 -3.2745855 -2.4506295 -0.26155555 -3.5787065 -1.2155879 -1.1756886 2.310355 0.13307807 5.247201 -7.9434114 0.5626725 0.040521793 6.747685 -2.201849 -2.1488974 1.753613 -1.400273
unclaimed 1.5269843 3.4354398 -2.532737 -1.437917 -1.7335308 -4.152523 1.8555723 -5.492027 -0.32601336 -0.98679245 2.0087092 -0.19613464 -3.1257935 3.6776721 -1.1713498 3.7533042 0.77451074 1.1611569 -3.9121194 0.91350543
surety -4.622403 2.6894019 1.7501153 -1.1719207 -1.5884494 -3.0417001 -0.56316435 -0.77352744 -0.6547514 0.8379332 1.0983784 1.9819498 -5.361171 6.463326 1.4663441 4.0566072 -1.2641565 1.1343017 -2.385164 0.47177732
grandfathered 0.8510144 2.0715792 1.0319433 -0.3678096 -5.806066 -4.339108 -5.856296 -4.4264927 -2.565173 -0.96139586 -3.442026 0.44362274 -4.090097 6.7872233 0.23532292 3.4799063 -2.439247 -0.55890477 0.3225175 0.558935
payday -0.068871655 2.9025712 -0.46086162 -5.376951 -2.2780235 -4.183742 -2.8579333 -0.018383915 -1.0812311 -0.62182647 0.7557844 1.7156628 -7.208442 -0.24262919 0.22488043 3.526759 -1.2228969 0.77674186 0.72864735 -1.2421864
exorbitant -3.7470036 2.123018 0.21123907 -4.4842014 -1.9928076 -0.9046972 -1.4179968 -3.3242455 -0.08002158 -0.8316574 1.0299354 0.15198256 -7.4184704 6.1465573 -1.5486426 3.9074955 -1.9577925 0.8122133 0.19076908 -1.9219826
consignment -2.0481653 2.0676715 -3.4051363 -4.743967 -1.6438899 -3.247858 2.681741 -1.9984052 -0.524036 0.21633516 3.0221646 2.375681 -2.1717923 5.589402 0.38078022 -1.781429 -1.7491286 0.05630967 0.65527916 1.5452381
ruble 0.28315884 0.5039556 2.0548398 -4.3803163 -2.7497222 -3.1710815 -3.0428925 -0.040809702 5.4757404 6.7706428 1.5262549 2.2835307 -2.5881608 7.602403 0.1161556 -2.594199 -2.9495142 2.2450054 1.5082146 2.7532644
valuations 0.4021386 1.1824117 3.2841036 -1.4376216 -3.9735222 -0.68589336 -2.4021745 -2.4505053 1.1998049 0.5269795 -1.4833112 6.543289 -6.6281805 3.0092635 0.5529928 4.6892843 -0.4665628 -1.5735748 0.18985824 -4.059231
lessee -3.91772 3.4506953 0.8317658 0.438074 -2.8135462 -2.6078424 -2.110147 -0.7439904 -2.590665 -1.3285038 1.9895308 2.7802205 -2.7901793 7.07051 0.7861377 2.6271174 -1.9620996 -1.6331662 -2.0847187 -1.9837581
defaults 1.4255186 -0.27032107 3.6978927 -3.3289945 -3.1605947 -2.4732156 -1.7193607 -1.2039616 -1.730384 1.2410748 -1.5739021 2.7088547 -6.50975 3.0674589 -1.2680362 3.4553487 -0.37335613 -0.12614241 1.3263007 -2.0896397
reimburse -3.1282582 2.003627 -0.6690784 -3.009228 -2.7229178 -4.3666315 -3.1507666 -4.714039 -3.3888648 -1.2133526 -1.5722022 -1.6895921 -7.596492 4.962763 1.1193863 5.529732 -1.5430982 0.35087833 -1.8640225 2.5935023
nonessential 3.2259865 0.9182907 1.0068728 -0.9534911 -1.5572643 -2.005206 3.0219712 -3.235503 -0.386935 -0.32175493 -0.04014345 -0.036132783 -4.6437 3.100811 -0.53236705 1.5553625 -2.3798335 0.27420324 2.482099 2.6911302
discounting 0.015096805 0.04748327 3.8819497 -1.5492889 -2.5129359 -0.73003066 -1.3183218 -2.0669227 0.4679956 -0.1626067 -1.6399591 2.6662576 -4.6575646 1.0025765 -2.4172845 3.7662365 -0.12371634 -0.60166687 2.0342968 -2.2261662
onerous -2.0553532 -0.022068335 1.1900748 0.13749048 -1.0582377 -0.23662485 -0.6003649 -2.3091257 2.532641 0.4504837 -0.1239503 0.22420281 -5.3452573 6.469355 -1.4929687 5.7217097 -0.9862621 0.8876422 3.2421672 0.007217205
moneys -2.179534 3.8703885 1.1404773 -2.0471418 -2.1805336 -3.3043964 -1.278542 0.49083376 -0.24180406 -2.487453 1.4201987 3.6315343 -5.0089116 1.8179442 -0.6364 3.091728 0.38063622 1.0836319 -1.6140459 -0.8810882
takings -1.3744198 3.4696136 -1.1573131 -2.2622893 -4.194841 -3.0767722 -1.0815878 0.1867268 0.034746617 1.2958388 -1.075856 0.79576635 -5.4053516 4.026286 -2.062908 1.3572521 1.9790801 1.4824046 -0.09707371 -2.371874
bookmaker -4.055089 2.3610566 -3.3718836 -3.4074304 -0.46064368 -2.7972102 -0.8664432 3.1617017 -1.4282641 -1.083492 2.088377 1.3953987 -4.731215 0.6626497 3.322753 3.3163795 -1.5861299 -0.9886965 0.023168614 -3.7968986
dinars -2.157725 1.4043684 -1.1857382 -4.6562867 -2.4553573 -2.0329292 0.3945063 -1.3570703 4.776118 4.8284755 0.39064777 -1.1037872 -6.791252 8.95981 1.1047541 -5.458103 0.6162057 3.2682261 -2.640432 1.5300902
underperforming 1.2156122 1.2162366 0.07655954 -1.682539 -1.1731138 -2.7549772 -3.2104223 -0.88202304 -1.003711 -1.9886882 -0.38977993 -1.6755394 -4.945253 0.39589158 1.2557241 2.6377323 -0.8868437 -1.4354159 4.850575 -0.75579953
guaranty -1.9043988 4.207389 -1.0652951 -0.73015684 -3.9619062 -2.3028781 -4.846116 -0.9218247 -3.842931 1.4085128 0.44561008 3.581467 -3.359596 1.1461846 2.7943442 5.4225664 -3.5577605 -1.1235077 -3.5842445 2.0732405
contractually 0.3141369 1.8300569 1.895912 -3.8830216 -0.5360739 -6.1915507 -0.075559966 1.5731127 -0.04074373 -3.4240108 2.0271997 2.215185 -5.8952336 3.9077544 1.6168807 3.201689 -0.031845026 2.580707 0.2278548 2.933106
invoice -0.6814095 1.1874051 2.5094912 -4.3508883 -4.0710607 -5.221636 1.8001771 -1.7737715 -0.39736083 -0.65341955 -1.0262933 6.4857197 -5.4031744 5.369805 0.43179348 1.6933135 -0.69369483 0.4059863 -0.7996924 0.43223077
specie -1.7383621 2.467323 0.38379678 -2.959079 -2.6890678 -3.4358838 -1.4137138 -2.161356 0.5477059 4.4880643 2.8225908 2.3498743 -3.2522523 6.7038336 -2.9184523 1.3076082 -2.2359157 0.7744083 -0.59192044 1.6606005
profitably 0.48045418 1.534917 -0.58833057 -2.653042 -0.96398205 -0.022882108 -1.5843998 -2.9043047 -0.8730997 -3.0294073 4.516837 2.455961 -4.0805697 4.595554 -1.2995858 2.5873342 -2.5982816 -2.081021 3.7995043 1.199034
paycheck -2.2547884 3.858296 1.2405839 -3.47478 -0.5968832 -4.743046 -0.25501543 0.4658289 0.118812755 -3.82562 1.6339585 1.1092829 -5.509461 -0.69794494 1.1848097 2.1197991 1.646139 1.1536784 -0.1499416 -1.2616291
leasehold -0.8220321 3.5508208 -0.85366327 1.3952502 -3.7057357 -0.7853256 -4.6641855 -3.2799401 -2.0462475 0.05203525 0.9507025 2.3978426 -4.320963 7.208882 0.8607908 2.1233134 -3.226412 -1.1762103 -1.4988106 -3.7061818
liquidator -3.4365387 0.6828823 1.4999976 -1.4039501 -2.460275 -4.731151 -1.314342 2.1837966 -1.6499664 1.4187073 0.37808043 2.2596738 -4.219559 6.0569987 1.9208428 4.0348983 -2.1960816 -1.330964 -1.5203457 1.9664432
redistribute 1.495861 -1.1107521 0.54655045 -2.5449054 -0.9989931 0.45224977 -1.8965456 -3.9949057 -3.154232 1.2097689 -1.0522422 0.6659598 -4.9945016 3.8265274 -2.1557603 4.5975757 -3.586657 3.6867971 1.8506253 1.0935205
householders -1.3225551 1.5767604 -0.7915569 0.676327 -0.11919033 1.6357459 0.57844794 -3.4035547 0.9364818 -2.0601459 -0.105576895 2.1994047 -6.8505077 4.917335 1.1804016 0.28242713 1.1196473 3.7131767 -1.1271949 -2.5161266
escrow 0.28254667 1.6412463 2.548001 -3.2881556 -4.8676004 -4.8365164 -0.33072644 -1.2329782 -2.5265174 0.6232554 -1.4415925 3.5259998 -7.17115 5.1144295 -0.113005795 3.3899786 -1.6098399 0.02375893 -3.337116 2.135157
workday -1.880859 3.973834 -0.038723323 -0.2335877 -3.370268 -3.7260947 -0.54248303 -1.8255386 -0.49643692 -3.2579453 -2.753545 -1.3240668 -5.0433755 -0.35937303 -0.72022873 -1.52747 2.411357 0.009161706 4.456633 3.1477323
anticompetitive 0.3194318 0.8884664 1.7149332 -2.0763128 -2.2997317 -2.0820348 1.5613569 -0.81594336 0.1253851 4.0781426 -1.6744522 1.9708642 -7.960833 0.48788536 -1.7620362 7.25817 -6.6812005 1.402592 1.4120381 1.9073747
recordkeeping 0.7883221 1.4559752 1.2740585 1.6750247 -3.7628067 -0.09187018 1.2483984 -2.9648755 3.150945 0.7937342 -2.4838398 2.5331066 -3.9584448 2.3782501 -0.14945285 3.5912042 -0.86075044 -1.4530545 1.526222 2.1445704
hedging 0.26074424 1.5776138 1.900421 -3.033604 -2.021383 1.5644779 -1.9130489 -3.6108878 -1.0218787 3.6886292 0.26375672 5.3119 -4.648803 -0.032008495 -0.63686204 4.4895177 -2.3292966 0.30164155 2.9230046 -1.9609728
subscribing 1.0105082 -1.4229437 -0.6165602 -0.113148674 -1.9224181 -0.7541552 -0.5430431 -0.81126714 0.88526905 -3.7440038 -4.0083747 2.4291573 -3.976134 1.6327124 -0.04511153 1.1562176 -2.9062176 3.1907778 -1.1040703 0.66561604
alimony -5.064572 3.3298285 2.6921537 -3.0010827 -0.70745236 -2.3213224 -0.31562418 -2.0111272 1.5052754 -2.1212037 0.79067355 -0.31526512 -8.511814 2.599021 2.316069 2.9558892 1.1704973 1.3890762 -4.4782915 0.2216204
indenture -3.0910916 1.8054341 -0.6333945 2.1596026 -0.569017 -3.0348706 -1.7554771 -2.2064793 4.0658007 -1.2612125 2.543181 2.1058369 -3.76531 7.544807 -0.9056761 2.1978972 -1.2011431 0.48165572 -2.055266 0.3597416
multimillion -1.714574 4.1637135 -1.7215369 -6.1969204 -4.964714 -3.7055976 -4.357734 -1.6304598 -1.1044348 -0.4353118 0.353414 2.4473288 -2.5867634 1.4719075 0.0089032315 1.7071536 -1.6256579 -1.2629126 -1.8178359 -0.21918209
tendering -0.73991996 -0.21270837 1.7207344 -0.55896187 -4.1113935 -2.62347 -3.5314987 0.74195224 -1.8638635 1.0801504 -3.0076385 -0.27260587 -4.2117877 5.767225 0.4743563 3.3320732 -0.7249735 -0.9786771 3.1178505 3.097154
downgrade -0.6776882 -1.8899193 1.5706816 -0.70678836 -1.6223553 -4.1508384 -1.7014961 -0.30616018 -0.7935693 1.8787673 -1.932449 -0.053123463 -4.8974643 1.4402901 -3.1931653 2.623038 0.062403854 -1.1656337 2.3659067 0.9392814
easements 2.7706554 5.6627398 -0.75506854 2.7714574 -3.954956 -0.48026267 -0.03976851 -4.047993 -3.5606582 2.6651487 1.1588542 4.345539 -5.782552 3.621474 0.5229903 6.0702763 -2.1779203 -0.040760677 -2.5678887 -1.703143
nonresidents 1.3515337 2.5153465 -2.7670019 1.5808655 -1.0686114 -1.5919588 -1.3759447 -5.6859884 -1.3495597 -1.8956828 -0.93606424 1.0536554 -8.146983 1.6190299 1.3838273 1.7880654 -0.0034958082 2.4653685 -1.7567009 1.4476415
remittance -1.1224141 -0.5041467 -3.1929085 -3.6311903 -2.321072 0.7000775 -1.3718501 -2.6569242 0.27417868 0.6091971 -1.0286402 3.7952936 -7.424572 2.138776 -1.100956 0.35144866 -1.0834224 1.1634177 0.6969331 1.2883477
quicken 1.7226281 2.663002 0.035338353 -5.1193376 -3.3443158 -2.3016412 -6.2036314 -0.6102755 -4.3894844 -1.3575056 -0.48841667 -0.25069118 -3.1555178 0.8672813 1.1352781 4.71928 0.7089167 1.0702002 -0.30269486 0.08421061
capitalisation -0.16334334 -1.1694366 -0.528773 -2.2090528 -3.9979663 -3.1430712 -5.203267 -2.1140378 1.5984805 2.8487158 -2.1781526 6.1786466 -5.9573436 3.5085733 -0.9342502 -1.8078194 -1.5355209 -0.26556462 0.74174726 -1.9279069
deductible -2.421629 3.1937966 1.9806128 -2.0438628 -4.587331 -0.3768696 -2.8940609 -4.2526536 -0.6413474 1.6019088 -3.5200016 3.2479827 -7.2864757 3.3424582 2.7017438 4.1609306 0.1559059 2.0550401 -0.7027616 0.13929664
payoffs 1.7730923 1.072718 3.5432673 -2.3590565 -1.0227176 -2.0289004 -0.03279297 0.03757245 0.1790479 1.393503 -0.23978144 1.3710957 -7.4680543 0.43491814 1.3640718 6.192843 0.44349843 0.3151986 1.165706 -2.7435048
rezoning 2.198361 4.6147127 1.505979 5.471442 -4.4105296 -1.5638387 -2.8519812 0.021596637 -5.2459664 -0.33868182 -1.1354364 0.5049544 -5.994577 3.0042946 -2.158397 2.9614806 -2.5679533 -0.37486285 -0.7668515 0.032142054
bargains -2.1096032 2.478978 -0.42456493 -4.055703 -0.7509311 -2.0224876 2.085098 -0.014453934 -2.2138255 -1.2497512 1.6180489 0.8726247 -4.847904 1.9554222 -0.6135122 1.9344916 -1.0929769 2.3458858 -1.2303048 -1.0987686
unfunded 2.5168982 2.402428 3.0043063 2.7186677 -3.914829 -1.2991384 -3.5725696 -1.7266052 -1.2935433 1.956317 -2.255974 1.7917823 -6.4946356 2.1286469 0.5662628 2.379046 -1.9836223 -0.3661426 -0.11990684 1.044451
rupiah -1.1811001 -0.8514129 -1.0138439 -3.926869 -2.9829054 -3.226448 -2.3272686 0.31715086 2.5411906 5.3153563 -0.14725588 3.1913576 -6.9582686 5.732647 -2.1102426 -4.8900967 -1.5835937 1.4165375 -0.81475365 -0.84848833
disbursed -0.5214493 1.4790045 -1.4829829 -3.196438 -4.5288844 -1.0211675 -3.241883 -3.8905458 -0.107359946 1.1837133 -4.36946 -1.691987 -6.1865435 2.564281 2.1991968 1.5482839 -1.0853854 1.0356134 -2.1113212 2.2470152
outlay -0.5195276 3.2676704 0.9067389 -0.95205796 -5.5809917 -0.031486005 -3.9506013 -1.5055146 -1.079863 1.5544212 -0.9741042 1.487066 -5.8031406 6.205722 -0.7771956 0.55402654 -0.122338384 -1.3478969 1.2214011 -0.52888864
resell -0.06863834 0.8418522 -0.91434574 -5.8954268 -2.5137048 -2.792375 -1.8447133 -3.1371522 -4.4460487 -1.8810827 -0.4367638 1.9897554 -4.0833807 3.3888283 -0.15923497 3.2499692 -4.185454 2.1110048 0.021538954 0.5408368
grantees 0.51266885 2.9930696 -0.64820176 0.79491574 -2.4465508 -1.0600722 -0.14711012 -1.7068427 2.035773 -0.2508532 -0.24581636 2.442904 -5.6361065 2.1962776 3.129913 3.0121312 -1.4978476 -0.43330613 -3.1745656 -0.3853532
slush -0.37159643 4.7309337 0.12461431 -3.7309484 -2.7155082 -2.426377 0.68013746 0.102857694 -2.6118062 0.7854218 1.7849867 1.1079665 -2.3842444 0.52712035 -0.36748746 2.6974242 -1.196781 0.974749 -0.06817345 1.7688838
thrifty -1.9955617 1.77884 -0.3005315 -4.0825443 -0.7659895 0.47510353 -1.011234 -2.5913444 -1.0918682 -2.2120893 1.7724142 3.2084424 -3.335093 -0.049934383 0.009092753 2.4726024 -3.6777332 0.15984166 0.2963717 -0.61489654
underwritten -2.078447 2.3493834 -0.47147736 -2.735202 -4.2239695 1.0478995 -3.289578 -0.21299657 -0.64685595 -1.1062216 -2.6970904 0.6535784 -1.4420581 0.18282472 0.44489434 3.0779977 -3.6699038 0.15261976 -1.1698656 0.28570807
refunded -2.0377777 1.1417669 0.41173726 -4.4035664 -3.5144217 -5.4591947 -3.0765684 -2.6161926 -1.9353004 -0.627183 -2.6348987 -0.5291722 -4.9586425 4.9032426 -0.24681313 2.4163198 0.47163376 2.0081112 -1.4609935 0.27242222
undervalued -1.7733037 0.3542306 1.6490241 -3.240434 -1.5429666 1.2957984 -2.8415601 -0.7478686 2.0281374 -0.99339855 0.21557172 2.2881892 -4.672931 0.563581 -2.1603518 5.12738 -3.3973107 -0.33534247 1.7203975 -1.966498
repurchase 0.043365933 1.4458501 1.7196068 -3.8826299 -3.0313516 -3.213901 -4.1102524 -1.8743479 -3.060741 -0.14421651 0.40719834 1.5809786 -5.4804163 5.817573 0.023242302 3.112019 -2.8318973 0.9206868 -0.594643 0.6836429
wagering 1.7431017 1.0645832 -4.1447062 -3.6779346 -2.6762156 -4.4906807 -1.461602 -0.7546169 -2.9060133 0.23897111 -1.2022222 3.0701337 -5.488757 -1.6634796 0.8059286 5.7114687 1.7419947 -0.22392417 0.38561356 -1.3424239
deduct -2.000028 -0.2900638 0.98662853 -4.252256 -2.0285418 -2.5413585 -1.9576828 -3.4022906 -1.8715904 0.32654968 -2.8200996 0.30649886 -5.351583 3.4168732 1.3490981 5.0559974 1.5154797 2.8218377 0.081387445 -1.4291137
reallocation 2.550449 -0.52023387 -0.54853404 -0.3347701 -2.2374628 -3.7613447 -2.5312274 -1.825711 -0.026011923 2.2905047 -1.6743112 1.3312631 -4.8647943 1.0431639 -0.92835915 1.3430407 1.0730728 -0.34655896 2.1961782 2.8020535
liens -0.46507064 2.7231977 2.0633316 -1.2843459 -3.1200254 -3.197242 -0.183586 -2.061723 -1.480139 1.8570166 0.040190216 2.1177714 -4.279905 4.0909147 0.7808973 4.1043396 -1.4045489 -0.14796153 -3.1416852 -0.28007275
solvency -0.6444442 2.024439 2.0679615 -0.3546715 -3.2437398 -0.35915768 -3.8473008 -0.5420937 0.0790176 3.0562694 0.33028153 1.7603644 -5.967135 3.0311732 -0.95354456 5.845853 -0.95545596 -1.3691217 0.6621095 1.3791978
reaped -2.512699 2.3386679 -1.2046 -3.967991 -1.8033584 1.9472815 -3.960912 -2.127012 1.6920406 1.2882602 -0.3231114 -1.7508868 -3.02156 1.0804384 -2.1089451 3.8617997 -0.9560179 2.8858304 0.64549845 -1.6291573
renewals 1.4504874 1.5332608 1.1273718 -0.13103986 -4.6360803 -4.789241 -2.3225513 -0.48850596 0.049159594 -1.2590082 -3.0078673 1.1416103 -3.4311225 4.522353 0.27169713 0.22644523 -0.09281723 -0.3368657 1.5489687 0.5518953
incurs -2.8850906 0.28539535 2.5625308 -3.1892178 -1.487879 -0.4443474 0.19251277 -2.6667352 -2.6689444 2.38986 -2.535071 -1.9815941 -4.740643 1.8427918 -1.1864678 4.151981 1.3654665 1.6928266 1.2512293 -2.048881
gambles -3.2832198 1.3610044 -0.95786834 -4.2784333 -0.33757496 -1.4369074 -0.22495155 -0.066169314 -1.0392634 -1.0784518 1.8002007 0.50065136 -2.412359 -0.23673956 0.0010028502 4.1829967 -0.16960827 -0.70107126 0.3146421 -1.8898809
irrevocable 0.099104926 0.89783657 3.845194 -0.35951027 -1.8315033 -0.9164698 -1.4801866 0.5772193 0.24440466 1.6840814 0.057554595 0.8452272 -4.4024673 3.9018915 -2.3356037 3.725098 0.4754407 3.2268527 -2.453709 1.4258916
reinvested -1.1802461 1.7079897 -0.8215669 -3.6736453 -3.4544084 1.000129 -5.2854466 -3.6703696 -2.4255195 0.21812364 -0.7057109 0.54369473 -4.81895 2.9888108 -0.15909587 3.2417045 -2.3878222 0.026442654 0.2584472 -0.3676367
registrants 2.7343462 0.83009106 -0.7410412 0.2869669 -1.851219 -4.0096498 1.3109114 -2.6459289 0.9331181 -0.50209546 -2.44296 2.3966467 -6.669573 1.9672726 3.095106 1.4752295 0.58556885 1.9417583 -0.9223016 1.9592323
bankruptcies 1.144545 3.6538956 0.885643 -1.1579598 -3.758935 -2.4767435 -2.1402628 -0.9771126 1.7418988 1.217258 0.005040453 -1.7049863 -6.5998845 1.8925225 0.08637508 1.0720032 -4.5943465 -3.4300084 1.2634947 -2.2476757
pretax -1.6328037 2.3048077 2.2283316 -4.457554 -3.4426687 -3.4988654 -6.159757 -2.9530487 1.3180716 1.1392684 0.0397192 1.9563558 -7.52693 1.3477368 0.9945562 0.46394876 -0.04699394 -2.0293076 0.30440646 -1.9125059
nonrenewable -0.07754494 0.97432953 2.340069 -2.2323787 -3.1230552 1.0356393 -3.7018216 -4.502858 0.27503833 4.3944407 0.6213415 5.307405 -3.7206585 0.8655536 -1.5812253 2.5742948 -1.6754194 -1.0900947 1.1306806 2.1733315
exclusions 1.6674845 1.8160203 2.149423 1.4885149 -2.5236824 -1.6432408 0.95607364 -1.7493377 3.6640313 2.3205168 -2.7586055 2.5867078 -5.3949127 1.4828109 0.7381857 2.972535 -0.82694995 1.9030737 0.6377747 -0.9632369
refinancing 0.7019246 2.6246986 3.0354245 -2.0506773 -4.5136886 -1.5081347 -4.314334 -0.8030923 -1.6648976 0.5098668 -0.31791094 0.9884216 -7.093028 4.2314606 0.69855154 2.4459257 -1.4928806 -1.8689355 1.8337586 0.8821153
unapproved 0.3985076 0.5027521 1.7699765 -1.9865814 -1.6679617 -2.6112618 2.0210109 -1.9622117 0.38099682 -0.079824194 -1.6881586 0.48968524 -3.1050198 1.8340466 0.2673197 1.724067 -2.943724 1.3827832 0.9313785 3.014361
inducement -1.6739038 0.87282604 1.6505036 -0.74515146 -0.35920015 -0.5384039 0.35744762 -0.44252375 0.197834 0.33964202 0.92781144 1.466645 -4.939894 3.0188248 -1.192285 4.7485404 -0.4746663 2.226628 -0.10668564 1.868019
accruing -0.880546 0.7364179 -0.1809174 -2.5172987 -2.3754058 -0.02387408 -3.2588806 -2.972801 1.61519 1.1511166 -1.7103463 -0.54201025 -4.2304144 2.1525853 -0.6925417 3.3498297 0.2824771 0.6830807 0.74028724 -1.9922016
rationed -3.5344582 1.8352083 -2.6686172 -4.9567738 -1.4790084 -0.45614624 1.0539187 -4.9680753 0.5034598 1.1521349 0.49497387 -0.56109905 -3.5949595 4.244983 -1.5085914 -0.16191497 -3.0027053 1.7714239 4.1051493 0.79108804
repossessed -2.2597394 0.88447833 -2.0263517 -3.6731381 -1.9141403 -2.0163639 -0.93356085 -1.9544065 -4.192747 -0.99292344 0.8784931 -2.6177893 -1.6262362 4.801025 -0.49293724 1.1692121 -2.8916538 -0.938699 -1.4998686 -1.1559094
underwriter -4.0181594 2.5220418 -0.8531073 -2.807389 -2.6117954 -1.7860597 -2.8458846 -0.5851977 -0.47772232 -0.7670204 1.3518505 2.81219 -3.8483918 1.1134133 2.9858875 3.8332345 -3.5267653 -3.9122834 -0.8808392 1.8887914
appraiser -3.0081496 2.0128639 -1.0088131 -0.8608449 -2.111354 0.106806196 -0.5608798 -0.38766867 -1.8082378 -1.8385499 0.43259326 3.065722 -3.4625895 1.4024163 2.9884968 4.18598 -3.001791 -2.0255306 -4.0907087 -0.09455297
nonexclusive 2.7559319 1.049293 1.3826658 -3.9426835 -2.4386232 -4.0250797 -2.0394804 0.43882996 -0.30753896 0.011175965 -1.3763865 3.2446132 -4.0080633 -0.18634176 1.9643915 2.881804 -2.5789585 2.708504 -1.2805454 2.1839588
cardholders 0.7973925 1.0476522 -1.3631002 -3.8663821 -2.943933 -3.7193215 0.030250724 -2.6015818 -1.5667025 -0.85931945 -1.9393412 4.086481 -6.5901246 1.805341 2.1728625 0.7301812 0.7646945 1.9692055 -1.4468919 1.5927736
financials -0.13640125 0.58399904 -0.013046402 -2.5429754 -4.206275 -2.2823148 -2.9542289 -0.5137692 -0.7426779 0.34167686 -2.5726683 2.8276892 -4.4362416 -0.13996403 0.8158882 1.7152026 -2.0283182 -2.1282976 -0.20921077 1.6436322
compulsorily -0.46877086 1.2970303 -1.7501996 1.1602657 -1.1846089 -1.5894616 -1.6858914 -2.0428448 -0.9168445 -0.9162666 2.4504535 1.4180231 -4.4300776 6.963346 1.6371005 1.4037607 -1.799992 -1.2209018 -0.6884128 0.9899022
guilder -1.415378 0.5373471 0.84943926 -3.503125 -0.8192819 -2.5634391 -3.002656 -2.4143429 3.2505028 2.0842996 3.1611454 3.4213812 -0.95171976 6.613462 1.7773504 -1.6120505 -1.7755523 0.7742836 -1.8771667 -0.58165246
treasuries 0.25457868 0.5959924 -1.7708495 -0.2798555 -1.5184892 1.202721 1.4104643 -1.2116058 1.5853786 2.5412738 1.0043583 1.4268316 -3.0669503 6.762652 0.61811334 -0.12806456 -0.86751807 1.5736203 -1.894196 -0.09295218
scrip -1.7791826 2.1498988 -1.0526212 -2.0741024 -1.8499296 -3.7231839 -0.05492228 -3.0359287 0.571583 -0.23337322 1.5784038 4.587132 -4.4378586 4.7345753 0.0657239 2.1755123 -3.1598587 1.1872205 -2.047628 0.60380983
reselling 0.022352358 1.8440179 -0.9568266 -4.526842 -2.4237945 -1.4211581 -1.0618496 -2.126607 -2.5497665 -1.4688781 0.32241905 2.0961163 -4.1457906 2.8895075 0.3158558 1.5067924 -4.3326983 0.9802288 1.2388339 0.26280493
patentee -2.6591415 1.1549397 3.0840292 -0.53117245 -1.1333706 -3.185306 0.95941395 -1.5015513 -0.43383282 0.95959365 1.5860163 4.9163036 -1.9595852 5.384372 -1.0360168 4.9910936 -1.9672506 1.7146372 -1.127662 0.4022368
defray -2.7962677 3.03258 -0.5335594 -2.145007 -3.8763132 0.16705997 -1.8384012 -4.189957 -1.5329142 -1.7496691 -1.3397323 -1.3027153 -4.6134534 5.817256 1.1800709 4.235989 0.31670094 -0.017800398 -0.9114733 2.3491147
defaulting -1.235852 1.0566059 0.97375125 -3.186441 -1.7505366 -1.9489088 -3.1328864 -1.8626847 -1.1195809 2.2845814 -0.27349728 -1.124901 -6.0594206 3.240894 -0.58687097 3.549205 -1.9588156 0.87269163 -1.1069406 -0.8564822
insuring -0.5497999 1.1222951 -0.52535975 -2.037885 -2.1688256 0.3201684 -1.3862256 -3.1188245 -0.89902186 1.2823908 -0.8522604 0.13202639 -3.996516 1.8545681 -0.30526364 4.7538614 -1.7941211 0.10341911 1.308589 1.1291553
underwrite -1.2737728 1.6875827 -0.47678384 -2.3623567 -3.424838 -0.49761185 -2.5673351 -1.0742848 -1.5591236 -1.2109338 -1.0481861 0.41314325 -3.9977992 2.6556287 0.92051154 4.634201 -2.4007435 -0.8230737 -0.38586107 2.580432
subsidizing -0.5191448 0.50353163 -0.6506114 -0.8914267 -1.7729739 0.7517948 -2.9107106 -2.3371966 -1.3516502 -1.218642 -0.96600074 -0.22755294 -5.1666245 0.9745928 -1.2418845 2.4617028 -3.0631995 -0.51768637 1.8187836 2.0519867
lessor -0.8430754 0.36702472 1.0514106 -2.4056308 -2.1284108 -2.3969877 -1.658218 -0.9768623 -1.4969531 0.78246266 1.2586141 2.3192043 -3.2349405 5.457642 1.6984029 1.6962452 -1.2555205 -1.6859071 -1.4396276 1.0328017
noncompliant 0.15894662 0.48597142 0.3836966 -0.34251586 -1.1293446 -2.5004244 1.8094915 -3.1571484 -0.20444293 1.1258439 -1.8477769 0.2108026 -4.4495983 2.0428555 0.5678239 3.8984618 -0.9585438 1.4092865 0.99705017 2.2915719
pocketed -1.3231276 0.34745896 -0.51318216 -3.9707553 -0.20816095 -3.4995196 0.30060998 -2.1636636 -1.4120176 1.2029704 -0.9910215 -1.7420237 -2.0381815 2.5821974 1.7738049 3.4770498 0.8910204 2.7494895 0.43260682 -2.292913
buyin 2.563154 1.8811259 -0.68143165 -3.8492177 -2.7894425 -2.810122 -2.298387 -0.6052705 -1.745878 1.3312744 -0.97918844 1.9781523 -3.9631448 -0.6214639 2.8547294 3.2259088 4.5273 1.1816531 0.59335333 -0.5197553
warranties 0.5497306 1.7216113 1.942714 -2.6127415 -3.5533278 -3.5202408 0.23378633 -1.0100126 -0.07997676 0.4837883 -0.2761149 5.381088 -4.506989 4.9798126 1.0401773 3.6025803 -1.9806668 0.12796904 1.7841073 0.42474493
cashing -1.8371444 0.7108995 -0.33871973 -5.595235 -1.6743413 -3.3769631 0.155023 0.83826596 -2.6490939 -0.60056025 -0.87205994 -0.49751985 -3.208201 0.5878155 -0.81968164 2.8697808 -0.26181722 2.1488283 -0.6601037 -0.9342624
refinance -1.3543966 2.2299871 2.020636 -3.3122084 -3.153657 -1.2059115 -4.420736 -1.9198939 -2.760252 0.43564987 -0.027449956 0.8356296 -6.7187157 3.3933308 0.52939314 3.6555355 -1.5582062 -0.07970153 0.13740866 0.7287399
buyback 0.9770786 1.4217861 0.8230881 -3.2283037 -3.515582 -3.6297553 -2.6256616 -0.68761367 -1.537637 0.7892086 -0.9298623 1.5001917 -5.1129346 2.9337935 2.3022003 3.112901 -1.8020054 -0.9403837 -0.23738816 2.2013774
kickback -0.058557697 1.2139748 1.5489388 -2.7706616 -1.8937281 -3.2291582 2.2936947 0.41341293 -2.9215708 1.1616211 -0.4227705 0.21971539 -4.6521025 1.5275558 0.08332961 3.3160644 -2.4895222 -0.045740798 0.42440054 0.19627987
oversubscribed -0.88316387 0.76083714 -0.83505243 -1.0273231 -3.4459357 -0.09637957 -4.616329 -3.2645056 0.96565866 -2.3388069 -3.9434595 0.67564934 -3.2796578 2.2964816 0.5758168 0.40887657 0.6471162 1.021289 2.180272 -1.486083
auctioning 0.22989568 2.550227 -1.8140534 -3.9437296 -3.2957547 -1.2642596 0.16271132 -1.321861 -1.0461276 -1.45834 -0.651858 0.64076054 -1.5853593 2.697123 0.57236993 2.3524733 -2.0342216 1.0481486 -0.77057934 -0.12538081
corporates 0.67371964 -0.4942203 -2.455729 -2.3713138 -1.7335051 1.5003681 -1.0725529 -0.3465548 0.051569417 0.14055848 -1.7835481 2.5240564 -6.4453025 -0.13363686 2.6292446 1.7737502 -2.332154 0.34959292 2.3007276 1.5861089
loaning -0.66001594 0.67709637 -0.33525634 -3.6064203 -1.4334496 0.5657051 -2.1765196 -0.96180135 -1.7704158 -1.2506504 -0.41860616 -1.4524329 -1.7978333 2.183209 1.3141803 3.0700743 -1.6511307 1.187067 0.6175125 0.4474424
negotiable -0.85007554 -0.60479385 1.9168878 -2.3558023 -1.9603885 -1.8321092 -1.1054982 -2.674094 -0.13097991 0.23758629 -2.4649782 4.587754 -1.8725803 4.042653 -0.33883208 2.9839551 -1.9558063 4.211777 0.7653667 0.9971763
cashiers -1.2907798 1.3244276 -1.0407507 -0.76466924 -1.3069301 -2.8363528 2.392914 -1.7906723 -3.8006854 -2.3841364 -1.0708872 2.2478545 -3.4143152 2.0662382 2.0674825 1.0053167 -0.49840137 0.71555454 -0.29727226 -0.10124957
overdraft -1.5257246 2.313279 0.3554354 -2.0764012 -2.9125235 -2.6425126 -1.8487328 -2.1764717 -2.5474412 1.3554018 0.35304746 2.2271302 -6.888316 3.9974017 -0.3754847 2.6630652 0.23194854 -0.263771 0.7330953 0.29405993
redeemable -1.0381873 1.1720415 -0.89837855 -5.10023 -3.0599096 -3.3373008 -1.0654863 -2.1279354 -0.8477991 0.7121635 -1.2719684 3.6731927 -3.3257098 3.1398494 -0.33209464 2.6416128 -1.5680156 3.3137894 -1.562311 -1.4571227
geld -1.5878941 0.38533166 0.7757197 -0.82701737 -1.8821577 -0.71724087 -0.32444063 -3.017213 2.7256534 1.7504336 0.8838696 3.0902166 -1.5356808 6.5223956 0.44231722 -0.049220156 -0.6845867 -0.9691339 -2.805657 -3.8532765
unaffordable -1.5697057 1.0759363 -0.400329 -1.547138 -1.56004 1.1032789 -1.8598266 -2.723472 -0.25462106 -0.7698151 -0.5449338 0.35604805 -5.559457 2.0088708 -0.973911 2.6163743 -1.541086 -0.050341364 3.2746284 -1.2255864
railtrack -1.1794488 -0.5686469 0.374405 1.3632613 -2.8064797 -2.508005 -2.089824 1.8644925 -3.0989618 -1.0600545 0.12626125 0.5208102 -4.077108 5.4108047 -1.2185826 -0.026619062 -2.567645 -4.0724125 2.7617486 0.94691265
renegotiation 0.72967726 0.11364201 2.5532541 -0.79164773 -2.1508536 -2.4538713 -3.358931 0.9243595 0.67502457 2.229594 -0.044431034 -0.7838283 -4.325985 2.6898413 -3.021429 2.9500334 -2.6308856 0.34605134 0.3029033 2.077624
invalidity -1.4783579 1.5759043 4.3929477 0.8673818 -1.4253253 -0.80586624 0.39377382 -1.9372466 2.964531 2.8266108 -0.2416464 0.34910843 -4.2096024 3.7703106 0.070366845 3.9319904 0.18369721 1.3530512 -2.7988122 1.2989591
mintage 0.25592247 2.9066703 0.6660759 -2.6903567 -3.6029344 -5.2675757 -0.47599187 -2.888713 4.619146 3.2184217 0.8845372 3.4946852 -0.035611738 5.388349 -0.86981595 -1.0174235 1.0408682 1.0107085 -0.40999776 -2.177097
lessees -0.8355079 2.5227482 -0.70381236 -0.19113582 -2.1060035 -1.6018064 -1.102459 -1.3278362 -1.420992 -0.71301067 1.2396473 0.66090065 -3.8828492 5.634415 1.2903699 1.8672069 -2.1304562 -0.8709966 -0.543666 -1.994763
policyholders -1.60876 2.0092762 0.44056204 -1.6474124 -1.7347409 -2.0790358 -1.1874478 -2.2170045 0.6073378 0.36032376 0.29673117 2.6124456 -6.9010496 1.7344596 1.4689364 2.7637646 -1.9487075 -0.29733127 -0.4238093 1.579444
riskier 0.6051986 -0.32356498 1.669094 -2.844913 -0.7377996 0.24775815 -0.90160656 -1.4268538 -0.39221492 -0.40467745 0.49281862 1.5769799 -4.4739757 -0.31066346 -1.3412734 4.0267324 -0.12295244 -0.6888456 3.382829 -0.8708974
authorizations 1.4824103 -0.14248052 1.1175948 0.6079071 -2.596113 -2.7586524 0.87572116 -1.4003474 1.2151924 1.5987952 -2.4352279 2.6056504 -4.9181657 2.9129174 1.7031107 1.5310391 -0.24993786 0.20851736 -0.043760147 3.858172
noncore 2.1901896 0.020203803 -0.7012306 -2.4507453 -2.1103594 -0.7013884 -1.9143962 -2.314333 -1.0899394 -0.31369483 -0.3064837 1.1777102 -3.8402507 1.3774941 2.2356172 1.6272649 -3.256042 -1.783789 1.7269448 1.4202722
securitization 1.2314649 1.3181397 2.7451153 -2.728979 -3.369838 0.5018053 -2.546644 -0.31823498 -0.98412377 1.7555265 -0.08427002 3.6768758 -5.592162 0.94267577 0.329203 3.418226 -3.3790932 -1.321758 0.5581117 -0.28384903
shipper -2.6001496 0.4887731 -1.0910634 -2.0038702 -0.23818244 -2.9530241 -0.30909163 -2.1885154 -1.3191582 0.16939625 2.3938363 3.1918893 -1.9317243 2.1193154 0.39054164 0.2523741 -2.5964353 -1.8256739 0.28516355 1.5061783
fining -0.8073036 1.5739777 1.0789182 -1.9453014 -0.12978923 -2.2122087 0.5548582 -2.4274127 0.123169646 1.5768105 -0.13984717 -0.6548683 -2.7098205 1.9619871 0.8518025 2.4987237 -2.316907 2.645306 0.66795117 0.10384334
unviable 0.044497214 -0.08533042 0.84395427 -1.6813604 -0.84219676 0.71066254 -3.2875946 -2.397376 -0.36352015 -0.9652935 1.780732 -0.0503024 -3.92554 2.8159318 -2.58052 1.7442372 -2.503556 -1.5399113 3.0249648 -0.21138735
transact -1.2186457 -0.5525583 -1.3841321 -1.5626196 -1.8985095 -0.09969512 -1.8841206 -1.5621914 -2.9427843 -1.6784216 -1.7201592 2.6032088 -5.2439985 2.9388661 0.68054086 1.9741044 -2.4666767 1.6190629 0.003418345 1.765746
renminbi -0.55906135 -0.84678626 -0.9958243 -3.918038 -2.8240378 -1.9546647 -3.3172235 -1.2431393 1.7768037 3.1970928 -0.1334552 4.1709256 -4.7894015 2.684324 -1.5572684 -0.98875207 0.4636299 0.17156959 -0.3856075 1.6089594
inheritances -0.2566385 1.5353796 1.7656425 -0.83830404 -0.014723906 1.4303218 -0.52576673 -2.0967855 2.0723116 0.37830386 2.4134123 0.94213164 -4.507197 4.7286854 1.446574 2.0494282 -0.23979402 1.3858875 -3.0797055 -2.7048562
chattels -1.8829497 1.9058696 0.61684895 -0.5041395 -1.4866809 -1.0454024 1.8087072 -2.5707967 0.36979893 1.6650366 1.099116 2.3591044 -3.874781 5.82458 -0.96469617 3.263046 -1.9189613 1.475032 -2.727354 -1.9018031
paychecks -0.8875333 2.5066946 0.56074303 -2.515642 -0.48693204 -3.2383997 -0.5097915 -0.67060685 0.3038182 -2.4584665 1.0955826 -0.4529487 -5.0082483 1.3681865 1.4557503 2.0012448 1.1381603 0.89720285 1.0257035 -0.31337366
amortization -0.14935051 1.6444844 4.8267946 -3.2212553 -4.4156995 -0.8072541 -3.7691553 -2.596738 0.5528006 1.8011591 -1.7292722 2.7045918 -5.2413006 2.8677332 0.54264075 2.0981717 1.079628 -0.92237765 1.1687989 -0.60498077
overpriced -0.6292864 1.3849705 0.01942279 -4.1932044 -2.203408 -1.2897522 0.13636827 -0.5829328 -0.31187993 -0.80723 0.38155547 2.7849202 -3.7686715 1.5099928 -1.9425743 1.4350467 -2.3246756 0.30267712 2.142195 -2.1413798
shareholdings 0.327294 0.57168317 -0.5201059 -1.9337682 -2.1361182 -1.7574413 -3.0287454 0.36766544 -0.28448388 1.4248844 0.49577048 2.2932136 -4.9714875 3.2551186 2.8367782 -0.5521865 -4.218153 -1.5736094 0.75558907 0.21881337
jobseekers -2.685259 1.0738933 -0.68797106 -0.9151829 -1.3904071 -0.8196135 -2.824038 -2.487058 1.334788 0.8647179 -1.7944119 0.9951278 -7.8953967 2.3416395 2.664346 0.30335182 1.4531703 1.2635312 0.23678513 0.3029986
concessionary 0.10107657 -0.43520924 -1.5044632 -1.1004524 -1.8160135 -1.5555179 -2.8990507 -1.4468988 -1.7543144 0.4091835 -0.4144441 2.3749573 -5.9104533 2.948896 0.3356854 0.72341865 -0.82151186 -0.4027712 0.8616875 1.2400496
conveyancing -3.015596 0.76836365 0.19833438 1.3291866 -1.9443005 0.29679012 -0.8392057 -1.5701764 1.3865954 -0.34396037 -1.0698646 3.3007033 -2.7952704 4.598158 2.1854293 3.8599405 -2.0389085 -0.07124092 -0.26920542 0.39862636
debenture -2.2503576 1.9100553 0.75519556 -1.6315362 -3.0127814 -2.5690699 -4.3221874 -0.41312274 -2.4958837 1.0332899 0.5224719 3.8967354 -4.4872503 5.813707 1.0433376 3.0995035 -0.006594448 1.2574033 -0.8939231 0.10974313
salespeople -0.20129009 0.60320854 -0.9232221 -2.9404209 -1.0564401 -0.36933854 1.4640734 -0.8287181 -0.49236926 -2.9334364 -0.27569288 2.3821232 -4.897897 0.44769055 2.0993538 2.7923658 -2.7201362 -0.0891966 2.2595782 0.9803991
earmarks -0.5762743 3.1099894 1.6130474 1.6106135 -1.4585001 -4.0914884 -0.31895888 0.31301388 1.0765866 0.13269341 -0.5552745 1.2358794 -5.6271644 0.26580206 0.26772544 2.4529471 -1.8018523 0.72801775 -0.4543642 0.15044892
debentures -1.0610899 1.3882533 0.94608766 -2.19636 -2.8655288 -3.1750517 -2.8148549 -0.916731 -0.3515674 1.3999383 0.9580986 3.9123225 -5.068735 6.356471 1.046655 2.069079 -2.0288224 0.33447328 -0.9630895 -0.42809165
appraisers -1.637043 0.9751413 0.3078559 -0.00027810058 -2.3072238 -0.2806576 -0.035207454 -0.9536524 0.20065774 -0.1054381 -1.3098904 3.5577848 -3.7922633 2.4269507 3.342627 3.7187853 -2.607515 -0.81552666 -1.5377573 0.2079215
depreciated -1.4345896 -0.0013145967 0.83294237 -2.7401328 -1.9231663 -0.9870543 -3.4638662 -2.9213321 1.3882426 1.7703567 -0.015768131 1.7833598 -3.0569663 3.546768 -2.124049 2.127915 -1.8882765 0.52902764 0.49713767 -1.5103908
adulteration -2.772125 2.610926 1.5942197 -2.722397 -1.1634895 0.35395032 1.8710783 -2.5843408 1.8643059 1.8691018 0.33256435 2.1452017 -3.8442404 0.3685626 -1.4896055 0.9677085 -4.189653 2.2148063 0.4817997 1.6071988
counterparty 0.55698484 1.2571741 2.1751595 -2.0238445 -2.005662 -1.362405 -1.6168854 -1.0266932 -1.6420491 3.4070113 0.015416939 2.8317235 -6.4172015 1.5713489 0.48440996 3.1576014 -0.99275595 0.38461745 1.2678504 0.26795563
surcharges -0.9855659 1.2821342 -0.4893665 -2.0207937 -2.8323505 -4.139762 -0.040749025 -2.1530483 0.0029712527 2.0358403 -1.1550258 3.0882182 -4.957011 3.954409 0.16771863 -0.44039637 -1.0592281 0.25123718 1.6316036 0.15199558
survivorship -0.7951609 2.4952462 2.9630368 -0.5878228 -1.0277077 1.0742137 -0.015063084 -4.2581644 0.900855 1.2994558 -0.00085606484 1.1087021 -3.7764583 -0.9752148 0.23980907 3.3805656 0.91345835 0.30177128 -0.51337737 0.2132421
rescission -0.90126765 1.2586793 3.350524 0.46568948 -1.744436 -3.5489244 -0.9627742 -0.401187 0.25086316 2.3888223 -1.142806 1.4323715 -4.2566276 3.8168194 -0.5238911 3.479501 -0.78481203 2.8397033 -1.5488569 0.98191434
parimutuel 1.5653397 1.6016477 -3.7276866 -2.4593463 -1.6170199 -4.7295785 -1.8652464 -0.92846173 -2.510436 1.0049078 -0.0070340736 2.5340796 -4.9293547 -0.102111466 1.5299264 5.0202427 0.615433 0.9121019 -0.3848357 -1.897533
divesting 0.2745863 0.34954852 -0.80270046 -1.8476477 -2.6558177 -0.73539895 -3.3521926 -1.1099305 -1.1276988 -0.30634737 -0.8104077 0.53349435 -2.6585293 1.2376015 -0.70747805 1.8288159 -5.0940804 -1.1055479 0.6461412 1.8911742
polluters -0.37858415 3.1394427 -0.14545098 -0.51770306 -1.4603199 -1.8362492 -0.2673485 -0.96516013 -0.272937 3.071022 1.2962279 1.3320874 -4.883469 -0.32377002 -1.0906227 2.624586 -2.060554 0.12608445 0.96302396 1.333166
convertibility -0.75173324 0.8839085 1.8829447 -1.7069145 -3.0035532 -2.5029387 -3.0496738 0.36081725 0.80509937 4.5427065 0.49177447 1.9746915 -3.959363 3.6956615 -2.7086258 2.0971737 -1.0465356 0.094778754 -0.48487583 1.4764991
homeownership 0.7961501 2.6113682 0.1211087 1.074936 -1.6759458 1.7283323 -3.4660368 -3.2700794 0.20833728 0.11558641 -0.74150854 1.2371199 -6.524047 -1.3265692 0.6573447 2.2732394 -0.9377393 -0.22949304 0.75386506 -1.3187844
bankroll -0.10774411 1.7378361 0.26776582 -4.1742744 -1.313975 -1.2301632 -1.3374057 1.1052667 -1.7351223 -1.2770714 1.7326877 -0.5732163 -3.1940527 1.1559008 -0.008765747 3.0559049 -0.23291019 0.3940045 0.36378494 -0.4728422
subsidise -1.8316573 0.026297744 -2.139615 -1.245228 -1.666518 1.2049701 -2.359721 -2.469948 -1.5124433 -1.3794962 -1.1091379 -0.09245734 -4.1416483 3.305529 0.19808479 2.7604356 -1.5341015 0.7556607 1.4902121 2.3149052
compensations -0.38383245 1.1033564 0.96884257 -1.1039231 -1.4106799 0.044042658 0.20544806 -1.1026373 1.4361812 1.6734172 0.03504156 -0.16582207 -5.1410446 3.6078348 0.3676321 1.8531554 -0.76386946 0.7932556 0.037462883 1.5813373
cashflow -0.4442651 1.5844103 2.5539317 -2.3699667 -3.2017007 -1.1548672 -2.7543879 -0.07995465 -0.842552 0.3696447 -0.23795792 1.4109858 -4.940252 0.7030196 -0.73976874 2.2418182 -0.8996032 -2.4061334 2.1382189 -0.036686897
trillions 2.1101089 0.8147384 0.9819178 -4.132369 -2.3215866 -1.5390593 0.45672944 -4.3384705 1.4914172 0.43576595 0.662172 0.23933986 -2.4411607 0.5162966 -2.6918588 0.7180113 0.6470092 -1.2343408 -1.5414699 0.25921312
dowries -0.94396 1.874285 0.3830863 -1.9445634 0.3711819 3.2661014 0.9597819 -2.9084067 2.2049623 -0.95428073 2.3011792 0.5308928 -5.5282 4.5447173 2.3006804 1.6661584 0.7383708 2.7218282 -1.8930013 -1.4512981
reimbursements -1.5725186 2.4553459 0.89678776 -0.42822406 -2.4530015 -2.4563375 -0.53461534 -2.2338016 0.3087378 0.08852848 -1.7170362 0.75712734 -6.682274 1.5933563 2.4200532 1.7558062 -0.039161924 -0.34745705 -0.5275286 2.1225877
inducements -1.2154882 1.6083953 0.18590747 -0.69433665 0.010741444 -0.3150935 0.0524955 0.349239 1.4759815 -0.26194644 1.4624823 0.52800703 -5.314323 2.179338 0.58563113 3.418072 -0.6122695 1.4774449 0.7843683 1.1199208
transacted -0.9194223 -0.055944756 -1.0969394 -1.3538016 -2.324252 0.107046075 -1.6372511 -2.0513833 -1.4728005 -0.6496138 -2.5451717 1.0999547 -3.8330364 2.8675501 -0.065540485 1.6428578 -2.271864 1.9679269 -0.49812803 -0.28356972
scudi 0.039415434 3.3896625 2.9070382 -2.381658 -3.5959926 1.288733 -1.3771523 -1.4461476 1.3061378 1.5337129 1.2075564 -0.87606514 -1.4176457 7.8786798 3.1885145 -0.12367255 2.3528202 -0.08499473 -3.9289205 -1.7037041
outlays -0.6800572 1.5439405 1.3561954 -0.6806741 -3.3809528 0.17586246 -2.579392 -2.056842 -0.11332757 2.4157705 -1.3626581 1.0820663 -5.968089 2.6885648 -0.026921678 1.3570151 -0.20029052 -0.72645766 0.97288305 0.32542133
recapitalization 1.0635679 0.69561064 1.49828 -1.3786893 -3.4420483 -1.714667 -3.4855573 -0.14947009 -1.1632046 2.6150572 -0.13737352 0.6660872 -4.328005 2.8707697 0.87285733 1.4755703 -2.1964962 -2.844047 0.07400057 2.1587982
pocketing -1.5730501 1.0394049 0.4870469 -3.3044689 -0.32911175 -1.7280159 0.9437005 -1.9134644 -1.3619525 0.50104994 -0.66551936 -1.3315732 -3.1374993 1.5673854 0.8325156 2.380299 0.51619124 2.1205084 0.5138035 -2.1505709
manhours 0.67875135 2.5708458 1.2225636 -1.9607705 -3.525082 -1.4033406 0.53405523 -3.7208784 1.8709805 -0.5832457 0.5206899 -0.027826425 -2.8345656 4.5958104 1.7704312 0.0047729565 1.4922441 -3.650439 3.1203854 0.9495098
nonbank 0.3165207 0.40656295 -0.8927513 -1.7214592 -2.7984626 0.46684146 -3.1332824 -1.7668827 -0.9235668 1.7737567 -1.0530269 3.263952 -5.2851458 1.5498399 1.841711 1.984798 -2.992743 -0.3426656 0.082562685 0.48102775
insurances -0.67333335 1.5956812 -0.35244146 -1.6982577 -2.4795961 0.5909875 -1.1083503 -1.79788 -0.3774237 0.7869444 -0.83795226 1.5312442 -4.1456485 1.344925 2.2862644 2.2556288 -2.521494 -0.64591587 0.19489695 1.9163418
foreclose -1.4599763 1.3178599 1.1158072 -1.670961 -1.2267795 -1.1964624 -1.5865297 -1.3096865 -3.388775 0.03887406 0.34963936 -0.04813025 -3.7608552 2.6204193 -1.2608254 4.364053 -2.1126726 1.4980031 -1.983798 -0.5222392
concessionaires 1.5047282 0.3379282 -2.18452 -1.5951954 -1.958629 -0.78777623 -1.3942719 -0.26557893 -1.822946 0.33696055 0.8982455 0.88834417 -3.794899 2.8471482 1.802407 -0.9969767 -1.9112513 -2.1565008 0.9057163 0.8227085
annualized -0.6315929 0.8310973 3.4195364 -2.6860204 -2.659029 -2.8337772 -4.256601 -2.4975262 0.59538376 0.5010416 -0.02365522 2.393075 -5.350541 0.6446472 -0.23395078 -0.30147454 3.2281795 -2.4220977 0.32422185 -0.013353029
overcharging -2.0082483 0.7011326 0.6353006 -1.982828 -1.6106732 -1.4318017 0.8859655 -2.5537386 -1.7931224 1.3758309 -1.1547832 -0.14698605 -4.846048 1.5409902 -0.4209731 2.3755367 -2.7397077 -0.6442944 0.7556256 0.24564241
centimes 0.60608566 -0.31566507 -0.47675636 -3.633783 -1.8338975 -2.4877043 -0.7976226 -2.9074807 2.4405377 1.7759632 0.6314713 3.0229392 -1.0309101 6.1407843 1.7806157 -3.818765 -0.79684526 1.2568395 -1.560725 -2.1624303
prepayment -1.0515333 1.1026628 1.3287288 -1.9768696 -3.0019674 -2.1988137 -0.7244333 -1.9959408 -1.0723096 0.83013475 -1.8362317 3.2317297 -4.209815 2.8649666 0.72966564 1.3023403 -0.12784547 0.38390177 0.9719786 0.3225518
gratuity -2.737854 1.1101114 -0.42666647 -1.0255653 -1.1333656 -1.8249041 1.1555609 -0.8878072 1.2746395 -0.04752545 0.24590313 1.6706327 -3.498552 4.1080227 1.6796972 1.9526529 1.3123626 0.48426092 -1.0676568 0.8768187
equitably 1.5800589 0.7761592 0.1137249 -0.08269214 -0.2305478 0.473134 -0.18371913 -2.0282042 0.54895395 0.635911 0.74541575 2.315139 -6.0199294 1.6964525 0.36989066 2.801032 -1.0266426 1.7697567 0.31574437 0.26680222
taels -3.5518389 1.2993437 -2.735569 -4.9513392 -1.4668614 -2.434386 -0.035169877 -3.5201175 1.8746102 4.018092 2.012812 2.2359293 -1.3616915 5.764302 1.0330498 -1.3553499 2.1173115 1.9471751 -2.0206342 1.5177406
repossession -0.7577552 1.4176402 1.0926287 -1.6325508 -1.5655758 -1.1170936 0.1295867 -1.0169473 -1.3617675 0.54047996 0.4859578 -0.40379634 -3.7101169 2.7475832 0.0019608727 2.6193979 -2.3955188 -0.3509309 -1.4977851 -0.369296
oversupply -1.060016 2.5645475 0.99215394 -1.8517262 -1.8014842 -0.018686464 -2.0569956 -1.6125171 1.0815463 1.4636488 1.4688532 -0.07401658 -3.6536655 1.1448499 -2.0061908 0.804561 -2.1814303 -0.79958504 3.3715568 0.711975
accrual -0.5574854 0.50780237 2.814211 -1.4707644 -2.4700184 -1.089282 -1.8399099 -3.1847992 0.8973619 1.3470944 -1.5378964 3.386946 -4.6679296 1.7817467 0.30922648 2.2928386 0.27446532 -0.06212309 0.8482397 -0.06943278
cashless 0.6628166 0.2226608 -0.6906142 -1.8524987 -2.65068 -0.5093368 -1.6226076 -0.8303667 -2.7110503 -0.18539365 -2.0078847 2.3066669 -3.566827 1.5221579 0.57749414 1.9750421 -1.4603206 1.0630763 1.05733 1.2910835
offshoring 0.53334373 -0.035014976 0.38432178 -1.756549 -2.3774066 1.4314505 -2.2066443 -0.9245562 1.2064152 0.60946906 -0.64237833 2.292328 -4.829352 -0.77176434 -0.8401197 1.7104803 -2.9639392 -1.5973028 3.3879554 1.7200162
totalisator 0.35359198 2.2573376 -2.8586402 -2.3392527 -3.246186 -3.07278 -1.9295428 -0.18370105 -1.4509202 -0.15063727 -0.48098978 2.2439477 -2.4789019 2.143824 2.3912215 0.51634854 1.1208131 -0.77188647 2.2342372 -1.4305955
caseload -0.83567834 2.0496728 0.5338643 2.8960373 -1.5053178 -1.2922177 0.32220855 -2.5313787 1.8873578 1.1805844 -1.7214357 -0.34309483 -5.63689 1.6737866 0.72205037 1.1866056 0.30561787 -0.6910975 1.2148468 0.95990705
cardholder -0.19188868 -0.41826394 1.4026741 -2.4456704 -2.0273085 -2.7314398 1.0807507 -1.3428011 -1.419128 0.95592856 -0.88573337 3.9500637 -5.26704 2.229822 0.035341807 1.6773982 0.99399203 1.0452719 -1.0959504 0.87506604
depositary -0.48477435 1.1966622 -1.363465 -1.4183189 -3.2430012 -1.9496171 -1.4665606 0.27487063 1.1815134 3.5348659 -0.9813069 4.1334124 -2.8612616 2.1892664 0.9731374 0.572373 -2.2829063 1.2966156 -2.0407634 2.2116024
broking -2.4659429 0.18960215 -1.5985268 -2.715799 -2.0490866 0.16298136 -2.632829 -0.060582537 -1.7364173 0.7489462 -0.051465847 2.5196438 -3.3724816 0.8256157 2.1490002 1.0041645 -3.5000658 -1.8432707 0.8572281 0.31474245
receivables -0.36234596 1.1434594 1.7315439 -2.749356 -3.3668878 -2.1893175 -2.0386035 -2.1465147 -0.49189237 1.2552377 -0.6391079 3.860919 -4.760418 2.2962465 1.3248717 1.5398922 -1.241439 -1.1697991 -1.1033162 -0.36749297
collateralized -0.6931878 0.7763577 2.7357306 -3.3405404 -2.2140713 0.22260675 -3.060817 -1.8437701 -1.8231229 1.965215 -0.476807 2.2473218 -3.7569182 2.4407172 1.7235106 2.7202153 -2.138287 0.9386205 -0.6479833 -0.40826038
disbursements -1.2276177 1.4845481 0.52802414 -1.4376233 -2.671048 -1.4035604 -1.1795813 -1.3032322 0.83365 1.9207292 -1.1426581 1.0221616 -5.233918 3.031915 1.297295 1.3179704 -0.5314642 0.05823594 -1.1905525 0.7540163
leaseholders 0.21809617 1.7447808 -1.2682806 0.08370883 -1.220634 0.12108678 -1.1916525 -1.7367274 -1.332936 -0.30941606 1.1418136 0.35010254 -3.5498767 4.263571 1.2294714 1.183398 -2.0987127 0.19249174 -1.1091728 -1.7306886
sureties -2.4046419 1.4747019 1.8766121 -0.13987422 -0.47864836 -2.0281146 1.1901413 -1.1229092 1.173613 0.68396735 0.6886236 0.5530665 -4.2193007 4.7793365 1.1394991 1.4880804 0.16798607 1.546364 -2.2548778 -1.3197981
tradable -0.2309106 0.11998428 0.69319874 -3.0270627 -2.3336124 0.10123658 -2.1552358 -2.5398016 0.12746157 2.2491586 -0.56714517 4.0995054 -3.798188 1.6845737 -0.07049073 2.251514 -2.2026548 0.63222325 1.7045597 0.8999321
incentivize 0.75040996 -0.29446793 -0.09457148 -1.4715376 -1.6413301 0.6270574 -1.5321012 -2.021779 -0.9921702 -0.21464153 -1.3476083 1.7643995 -3.9102004 0.6178186 0.31944674 3.8854373 -1.1245806 0.828968 1.8113129 2.057994
reinvest -0.16757192 0.43159556 -0.3354711 -3.5490081 -2.0493803 0.58018696 -3.8611512 -2.0062478 -2.433875 -0.22299328 -0.3704503 0.52015084 -3.9555888 1.5089262 -0.38032863 3.0129495 -1.8626995 0.9379847 1.0532274 1.016937
airfare -0.6124613 0.8305054 -2.2080674 -3.4934974 -2.3263261 -1.3393228 0.038012557 -1.4260573 -1.6442686 -1.5458814 -0.942292 1.2085238 -3.9201965 1.112602 1.113439 0.49923787 1.6089356 -0.17975618 0.640396 2.084712
fraudsters -0.185854 -0.13969116 0.6604349 -3.1614277 -0.7558774 -0.9209168 3.1578012 -0.07459741 -0.9145404 0.18676558 0.026846882 0.39104283 -4.9409003 1.1967494 -0.60987586 2.0962725 -2.495932 0.5486584 -0.088096075 -0.33630127
payee -1.3204685 -0.044984993 2.0607462 -1.4683622 -1.2515409 -3.286878 0.44988278 -1.8291656 -1.1810478 0.818364 -0.7677558 3.6756845 -5.0707912 3.904919 1.2379992 2.0732217 0.54711336 2.2443745 -1.9703228 0.6621865
drachma -0.046691447 0.18540372 0.6879887 -2.314867 -1.5318907 -1.4626057 -1.4202187 -0.99393 3.8476634 4.107218 1.0928117 2.3944933 -0.59923077 5.1575 -0.33668295 -1.4265248 0.22300507 2.231924 -1.4565121 -1.2439724
assignee -2.2450047 0.09452525 2.1648142 -0.8113941 -1.3416389 -2.8550522 -0.8242602 -0.49596506 -0.12614538 0.29831922 -0.3051968 2.9231367 -1.8019462 3.3459582 1.6783148 2.1927254 -1.7524134 -0.06925358 -1.970736 0.9984883
ringgit -1.8746012 -0.15041843 -1.663456 -3.616259 -2.4220285 -1.9843906 -1.8511142 -0.48961157 0.023019291 3.727166 -0.4312184 2.9942436 -4.744771 2.4823792 -1.1803281 -1.4742635 0.45828435 0.5999426 0.11857366 -0.71314174
refundable -1.114732 1.7775756 0.5679709 -2.166489 -2.3505929 -2.5359106 -1.6874851 -2.8192587 -1.2965587 0.73054254 -1.2416595 2.551966 -3.8269327 2.3242059 1.6502161 0.91271913 0.5370644 1.5809844 -0.22701016 0.731384
jackpots 2.9112837 2.765555 -0.0076615103 -3.026842 -2.5514889 -3.7712188 -1.1088256 0.056993965 -0.18339644 -0.13807036 -0.1941681 1.4479682 -4.08322 0.19985235 1.4183713 0.18996064 2.3700025 1.1375748 1.8823228 -2.0646973
solidi -1.153541 1.8935982 1.1463399 -2.5817564 -1.6910243 -0.5024022 -1.0727204 -3.2996733 3.0466318 2.9024503 1.3613154 0.5839703 -0.39193514 5.83956 0.13418676 -0.7369581 1.0942106 2.0994925 -3.1897593 -1.5486908
rateable -0.49374 0.6277381 0.65338755 0.32277748 -2.6446433 -0.1607193 -3.1764739 -4.1069894 -0.5596239 1.3076698 -1.4492579 3.2991328 -4.068216 3.884555 -0.22169869 1.5521798 0.32208264 0.65183365 -0.9683727 -3.5594084
farthings -2.3739219 1.6613016 0.28936908 -1.7087802 -1.5785351 -2.789907 0.23371927 -1.3263581 2.2555263 1.4447991 1.6213924 2.8223722 0.8577046 5.22264 -0.044630624 -1.0635453 -0.1988189 0.7876329 -0.9318134 -2.8923438
multibillion -1.2149006 1.3438909 -0.865549 -4.1747613 -3.1726925 -2.0331228 -2.355613 -1.0912842 -1.3280857 1.6437752 -0.05378724 1.8266882 -3.1783152 0.4730487 -0.8012452 1.5779221 -2.2579153 -1.558812 -1.3851048 0.48166782
uncompensated -0.5403673 1.3687642 1.8455948 0.183179 -1.2666292 -0.11296435 -0.5646057 -2.408735 -0.38050628 0.2000228 -0.70770794 -0.15770559 -3.789646 1.2013566 0.22596654 1.621805 -0.16231233 0.197582 1.0177568 1.2127736
apportion -0.07769314 -1.5907748 0.23923232 0.05356696 -0.07030567 -1.0470542 -0.84491754 -2.5495336 -0.79642284 0.7359608 -1.2597036 1.025169 -3.7150986 2.3824322 -0.5862111 3.1669533 -0.16934545 1.6841038 -0.526829 -0.5436617
monopolist -0.13107643 -0.8747103 1.6223427 -1.6111835 -0.21573208 -0.916414 -1.05609 -0.10425834 -0.35519308 1.4722981 0.7113588 2.5148957 -3.1327593 1.336311 -0.51127905 2.6125398 -1.9825374 0.7439445 1.2841141 0.74383414
brokerages 0.45892224 1.35307 -0.9431548 -1.9220467 -1.797324 -1.4721018 -0.5349471 -0.7190161 -0.8877747 0.18453187 0.2819765 2.356102 -4.2521477 1.1793791 2.0616708 0.56599605 -3.1935508 -0.70976007 0.56429476 -0.6647228
franking -1.4068106 0.12052021 0.94501203 -0.7389496 -1.5051411 -2.8458734 -0.040849723 -1.29146 1.0954438 0.36203936 -1.1906806 3.844414 -2.5179622 3.7637784 0.712952 0.4537102 -1.2739388 2.269723 -0.12859054 0.5782752
incentivized 0.37718284 -0.288876 0.8517829 -1.6431656 -1.0113809 0.34975058 -1.2114615 -1.9226625 -0.575501 0.33717382 -1.0249864 0.56490487 -3.4478226 -0.120839104 -0.5247127 3.6129594 -1.6789334 0.89218104 0.9531563 1.0904285
uncirculated -0.7794276 1.4802774 1.0149052 -3.6207938 -2.7348454 -3.206895 0.36976802 -3.2026024 2.0384262 1.3162857 -0.35796022 3.4354887 1.5255289 3.2358284 -0.12884708 0.48337013 0.6023671 1.7205405 -0.25953496 -1.9790721
counterparties 0.7733482 0.80348855 1.3616095 -1.8320185 -1.6388783 -1.054278 -1.2265326 -1.2146548 -0.5526505 2.2131317 0.134894 1.9776479 -5.426515 1.8085248 0.41719317 1.8038146 -1.563162 0.39976293 0.5285035 0.7816372
policyholder -1.4451754 1.7699977 2.2330182 -1.3090183 -1.6593817 -1.7889543 -0.621497 -2.341983 0.20540053 0.7680094 0.19402725 1.2582692 -5.2764883 1.8812617 0.37297162 2.3847547 0.82424426 -0.31992462 -0.50579274 0.838542
preparers -0.23409651 0.8378783 1.397186 -0.6130401 -1.3920951 -1.5352252 0.4194654 -2.0322495 0.67375183 0.07412373 -1.201968 2.0783136 -4.272028 1.3159275 2.2102466 2.8102574 0.059769757 1.3244244 -0.4897344 2.5380402
disincentive -0.14345284 0.9703158 1.0972769 -0.55436337 -0.5316686 0.94189006 -0.42518258 -1.2231562 -0.11788262 0.61794573 0.88683563 1.1543535 -4.6384015 1.121174 -0.57949626 2.588146 -1.4716085 0.711323 1.5611774 0.46440473
creditworthiness -0.75842136 0.18456097 1.7645761 -1.7267486 -2.0896456 -0.016249163 -1.5464233 -0.8932371 0.4373185 1.2622428 -0.77668583 2.3703525 -4.9651475 1.1062526 -0.0021726862 3.2201664 -0.14084214 -0.67926043 0.20385018 0.0184164
patentees -1.0889062 0.9591504 1.2107245 0.2585764 -0.6559865 -1.379843 0.19236903 -1.0519679 -0.015071105 0.7594025 0.78518033 1.9751486 -1.4794776 2.8818233 -0.49487838 2.758768 -1.706926 1.1132097 -0.5893782 -0.44251177
indemnification -1.0040673 0.6746923 1.2355098 -1.2483121 -1.5156679 -1.8809589 -1.0029736 -1.2688817 0.11159837 1.8486191 -0.28950477 -0.10537216 -3.0641167 2.3863752 -0.39844754 2.8044968 -2.006755 0.3850948 -1.0073828 1.5223457
depositor -1.0963565 1.7877043 2.0372844 -1.8687605 -1.9879489 -1.6704206 -0.57585424 -1.187075 -0.77414864 1.5645446 0.8903316 2.3301125 -3.6841428 3.554218 0.15106426 1.3947252 0.26775652 0.9992821 -1.4681245 0.31782225
divestitures 3.0073688 -0.60899836 1.2931993 -1.3283399 -1.8967946 -1.8707612 -3.3048801 -0.41679204 -1.2092432 0.62769085 -0.7932633 0.26772913 -3.6596296 0.8585139 0.96505976 0.99874985 -5.0987654 -1.3531032 0.6879887 -0.47020936
capitation -1.1515396 0.43237638 1.197193 -0.26398543 -1.1529374 0.22052859 -0.88261795 -1.4452152 0.7077961 0.40946844 -0.8768278 1.8614404 -4.7054877 2.7859292 1.5398155 1.44169 0.22493075 1.0545866 -0.7335795 0.47157305
hryvnia 0.47828695 -0.04850155 -0.08486519 -1.9180822 -1.7487208 -1.7090552 -1.5229329 -0.37180227 2.411455 3.8249009 -0.91677016 0.66974473 -2.4603088 4.2296247 1.1252319 -2.3096642 -1.619691 2.2735217 -0.25850773 0.6439847
illiquid -0.17233066 0.35011238 1.7220166 -2.8762598 -1.6044706 0.36533493 -1.6437511 -2.2744896 -1.006533 2.008339 0.45157775 2.0949962 -3.7969956 1.043446 -0.28919613 2.728819 -2.3769464 -0.6502817 1.6747074 -0.24592051
disbursing -1.715992 0.037689447 -1.3255043 -0.42842686 -1.518131 -0.4608619 0.5524923 -2.4153447 -1.0284319 0.40844116 -1.2176515 -0.13230614 -2.9012046 1.9013278 1.8888907 2.2762797 -1.1975213 -1.0859987 -0.60813934 2.3150887
lumpsum -1.1007448 0.8734494 1.8595482 -2.2888637 -2.054325 -1.3226548 -1.7619987 -2.116365 0.30223468 1.024313 -1.224673 1.9398683 -3.8579488 2.6712935 1.2211974 0.971505 0.32937256 1.1897354 -0.20482805 -0.18035357
reportable 0.28242257 0.56518596 1.0334047 -1.3078394 -2.1629715 -1.409844 0.6430618 -3.4537268 0.92854613 2.0395334 -2.410006 0.73242605 -3.10358 -0.5535204 0.760656 1.2078496 0.024908219 -0.7459892 0.033673648 0.37751624
concessional -0.99748576 0.5600786 0.47624394 -1.3541085 -2.1260011 0.27632135 -2.974546 -2.0355852 -0.8278034 1.189898 -1.0415487 2.1004355 -4.1748924 1.702464 0.9950761 1.0719264 -0.23136117 0.10748436 0.45640317 1.1396544
mortgagee -1.620759 1.2019565 1.2543439 -0.42378357 -1.4897553 -1.765445 -0.8140788 -0.6049715 -1.1424282 1.2798624 0.501498 1.7930952 -3.2860432 3.7344892 0.2834615 2.7221913 -1.0215106 0.68024683 -1.6934452 -0.5786076
bettor 0.041028723 0.14400156 1.1673795 -3.0562687 -0.14683037 -2.5426989 -0.3233299 -0.331952 -0.7244754 1.0541549 0.5225229 1.8728561 -3.8346496 0.070321776 1.0065876 3.1309032 3.1068292 1.4380412 -0.17251697 -2.6895826
disburse -0.6711874 0.39985898 -0.22527394 -1.5475188 -1.6240832 -0.33514807 -1.1887099 -1.9570836 -1.9808856 0.3824518 -0.98231715 0.016767215 -3.6429498 2.071619 0.64827746 1.9924612 -1.2682139 1.1847858 -1.0366502 1.841224
homebuyers 0.4536463 2.219079 -0.1382403 -0.8586187 -1.2840693 0.043543715 -0.62852174 -0.72475964 -0.41780594 -1.5695406 0.26322728 0.97949594 -4.755943 0.30366895 1.3306288 1.4673111 -1.0356923 0.15768689 0.3312611 -0.6574722
forint -0.4443573 -0.6998086 1.1437708 -2.7153282 -1.269708 -2.0119667 -2.8773563 -0.30882242 1.606019 2.881429 0.5986222 2.1885288 -1.2054992 4.125194 0.5525235 -1.7285066 -0.90630436 1.1340115 -0.24653138 -0.18227479
untaxed -0.8507107 0.8067998 -0.43215966 -2.2501788 -1.0172006 -0.7863207 -0.9133289 -2.6558108 -0.6230986 0.57052916 0.2625407 1.2563165 -3.485611 1.9072014 -0.2767037 0.9308878 -2.219789 0.7081265 0.63670963 -0.060338646
enforceability -0.090380095 0.276475 2.4894352 0.20814137 -1.4731388 -1.6436808 -0.6611496 -0.9921339 0.37630606 2.0859344 -1.4569103 2.1784358 -2.372652 1.6627817 -0.3340433 3.4027088 -1.567426 2.540199 -1.2423877 0.67340744
cashback -0.39041182 0.34704256 -0.40651882 -3.4745047 -2.2832415 -1.078028 -0.22123776 0.31177253 -1.8037934 -0.17268024 -1.1694828 2.7742016 -3.6760852 0.024318399 1.4847199 0.47898287 0.077466115 0.82415545 -0.41745153 0.7312753
counterfeited -0.7929369 -0.15374407 0.3990635 -3.3403525 -1.1895827 -1.3142211 1.68409 -1.8138427 0.77381927 0.7461461 -0.4570451 1.5252281 -0.70574397 2.374134 -0.12984785 0.66871077 -2.4651678 1.5023823 -0.26174006 -1.0579159
indemnify -1.4056375 -0.120918304 1.0902861 -0.8885092 -0.52984816 -1.5849434 -0.17256512 -1.5024861 -0.62595004 1.2437097 -0.13669054 -0.50607705 -3.2756557 2.8439426 0.30788326 3.3070562 -1.5773393 0.32019025 -2.1945848 0.5464012
subsidising -1.0228522 -0.26646954 -0.7560323 -1.1204149 -1.0982534 0.5935101 -1.7781339 -1.177111 -0.42060205 -0.24033625 -0.544311 0.22717233 -2.7771864 1.9596586 -0.7038042 1.3661206 -1.6678258 0.36208108 1.1985121 0.67065674
hawala -0.42859843 -0.8346241 -0.36877435 -1.9172266 -1.523628 1.033305 0.93014526 -0.30532032 -0.74517953 1.4655368 -0.9904367 1.659359 -5.0183396 1.2249346 -0.04339949 -0.18038125 -2.2091696 -0.2569227 -0.26018205 0.7224882
indexation -1.0915045 0.19979621 1.9178349 -0.59460825 -1.6396856 -0.9087989 -1.4329468 -1.6743158 1.218202 0.96847564 -1.281468 2.184365 -3.1873353 1.8517455 0.79831284 1.1987594 -0.30268532 -0.0116407005 1.4576567 0.34897664
acquirer -0.7557538 -0.32132718 0.67092127 -2.184612 -1.1951822 -1.8531972 -0.85599875 -0.22563507 -1.2853378 1.1541967 0.09904152 2.4748495 -3.4567971 1.4376861 0.7926205 1.7607478 -1.176055 -0.5812454 0.18887931 0.8666525
unpatented -0.21197623 0.7038673 1.6912332 -2.3285131 -1.5176122 -1.6922593 0.3296011 -1.8583686 -0.4826382 0.91896296 0.63645643 3.5299375 -0.85022104 2.985694 -0.034384504 2.9964507 -2.5329309 1.3719125 0.87489665 0.6799022
maturities 0.48038912 0.7931529 1.8692323 -1.9153814 -1.7929474 -1.0997232 -1.8540355 -2.3018184 0.94115263 1.0384223 -0.35760754 2.1619174 -3.3579469 1.7655678 0.29330972 0.39186925 0.26972225 0.09984949 1.6116388 -1.7801389
debits -0.95912814 0.58335453 1.6988705 -2.0966613 -2.9151363 -1.6978284 -0.48345983 -0.9853989 -0.14677267 0.41713598 -1.9759182 2.841471 -2.85638 1.4881561 -0.09297605 0.6620753 0.72551167 0.19520825 -0.32207513 -0.90029854
unspent -0.67594063 0.93371224 0.7060623 -1.2808706 -1.8566723 -1.349474 -0.692944 -1.462826 -0.30603123 0.8673016 -0.76753604 -0.49068457 -2.4182947 1.9738262 0.04476333 1.6140885 0.07043159 0.30030254 -0.4778207 0.57508653
setoff -0.4208707 0.27578542 1.9343213 -0.4784963 -0.9324661 -1.3406337 -0.031864375 -0.947616 0.036739416 1.6231534 0.20850687 1.1517773 -1.5450697 2.8349454 -0.37697533 2.159551 -0.35722163 1.236764 0.23513964 0.07373304
sesterces -1.2214054 1.1802797 0.2417431 -1.8828545 -1.1580042 -0.20928839 -0.45770416 -3.0489016 2.3742063 1.4502028 0.38983113 -0.10982126 -1.993129 3.8022792 0.774257 -0.14957364 1.0821315 0.57182115 -2.6721668 -1.5121337
servicer -0.88554066 0.8464388 1.3639373 -1.3228393 -2.0346231 -0.9174568 -0.897483 -0.7685348 -1.7280879 0.4252659 -0.7992758 2.2333539 -3.1913943 0.88664013 1.4646878 1.1761397 -0.6706217 -0.8413948 -0.2238068 0.788454
copayments -1.35082 1.8476251 1.1993272 -0.29335573 -1.4927176 -0.53550327 -0.056350432 -2.170243 -0.13241108 0.5796725 -1.1690029 0.88331246 -3.8830519 0.8019157 1.6728799 0.5731335 0.5854683 0.4733483 1.153803 0.6247416
deductibles -1.9685142 1.6932093 1.3906978 -0.7403097 -1.5348624 -0.7346332 -0.90029 -2.564087 -0.010055755 0.78302556 -1.2695192 1.1399126 -4.1967683 0.56957006 1.3495905 1.051156 0.4212795 0.30049896 1.2451888 0.10630652
encumbrances -0.16502103 1.5335238 1.5294594 -0.37667176 -1.4892784 -0.46973333 0.08279088 -1.2461524 -0.5738875 0.83186203 0.26262864 1.3264482 -2.430016 2.0572977 -0.30997303 1.8246017 -0.6340849 0.53753704 -0.6776206 0.008548396
securitized -0.029069856 0.1263642 1.2034826 -1.8852463 -1.2406026 -0.22320415 -1.2552719 -1.0145649 -0.22195055 1.1091043 0.09051173 1.4920882 -2.4187324 1.4607378 0.5749204 1.1624163 -1.5898693 -0.10012313 -0.4448348 -0.7618229
surtax -1.159329 1.0031613 0.7605108 -0.06973268 -1.0026354 -1.2125143 -1.6240396 -1.2444783 0.23038642 0.7666198 -0.26083863 1.3084784 -3.450612 1.3587209 0.47109246 0.62839144 -0.5465675 0.42959642 -0.033497073 -0.18231422
disgorgement -1.2463412 1.2380153 1.5753123 -1.1077859 -1.1826817 -0.9541149 -0.8306658 -1.6060356 -0.08333708 1.9062737 -0.14783376 0.06452624 -2.3006558 1.3854604 0.7060357 1.8326663 -0.14983456 0.22329703 -1.3516748 -0.28037548
debited -0.75739557 -0.041064613 0.9765102 -2.3049636 -2.2283213 -0.8377002 -0.23411372 -1.7131566 -1.3930063 0.89600986 -1.2740595 1.649265 -2.6434085 1.6615022 0.07178349 0.5322615 0.06686507 0.26909542 -1.0199913 -0.40165374
chargeback -0.26836953 0.03725452 1.2732054 -1.5760009 -1.4897984 -1.0876163 0.3987843 -0.6976783 -0.7955773 1.2389439 -0.50099915 1.3789932 -2.9040778 1.1537869 -0.06614636 1.3850199 -0.4937322 0.24797161 0.18607794 0.4287508