Centroid_176 0.5294057182516133 2.391043141096774 -2.1458516125354836 -2.648367382464518 -3.830733816387098 -0.7919527721354838 -3.689310332083869 -0.4264377677612904 -1.3195141171354843 1.7706039221290322 0.6112472736245164 4.648514985225804 -5.5180611097806445 1.0757936266632255 2.1860505395870975 1.5332411288354837 -6.082480787935483 -2.4392382786387103 3.4004373916580644 2.8673035412338717
company -1.0989193 4.6242356 -4.020024 -0.9912302 -3.87112 -4.0165157 -2.2896283 3.3304367 -4.407862 -1.5133084 5.6635942 7.4047813 -2.4824047 3.1245553 4.1463895 -0.6486128 -8.920049 -7.9101973 4.160652 4.8018136
industry 0.3413904 5.0917697 -4.4340634 -1.9557375 -4.5107102 3.8952067 -4.209106 1.7757866 2.4204845 -1.2227262 2.1662133 7.8099203 -5.929977 -1.9520742 1.049697 1.8369616 -8.366984 -2.7359965 9.21911 4.3331866
bank -0.8619817 4.484071 -6.363458 2.3663769 -3.6119816 -1.7100356 -4.8013854 2.1690717 -7.4189544 7.6838837 3.4646382 3.7442667 -6.7695785 4.673658 -0.047271386 -1.0731606 -5.241846 -0.9497239 -1.1456522 3.5034316
market 3.273346 4.8863254 -3.669754 -2.7994351 -4.2540917 -1.2389878 -3.8629177 0.4384848 -2.7785304 0.45976454 2.3990526 8.019532 -8.603933 0.7406984 -1.7621496 -1.3679074 -4.560723 0.10754062 7.8824573 -0.09392506
trade 2.832608 2.965236 -6.307681 0.7528416 -1.6443225 0.4986498 -3.02761 0.8929538 1.7525944 2.9184089 5.395008 5.105375 -6.940662 3.2570493 -2.6632795 4.467516 -7.837417 -0.02145027 4.7656984 4.3580847
limited 2.5518782 -0.25947702 -3.4234672 -2.6695244 -4.40223 -2.8191094 -2.9663882 -3.0717335 1.9257447 0.10013866 -2.8122828 4.609659 -3.0820608 1.9244843 -1.8386165 3.3028681 -1.6627797 -0.16199644 6.969111 1.3934855
companies 4.9445615 3.2751665 -5.476479 -1.6109953 -3.801375 -2.6341975 -0.52873886 -0.21743497 0.25324547 1.210409 1.2541473 5.726907 -9.345709 2.4270387 7.4736032 -0.5809862 -9.827045 -5.1104035 8.6007805 2.7724922
products 1.5123197 6.1534085 -0.009760604 -7.264551 -5.835782 0.18248655 0.33731768 -4.1013403 -1.6667892 1.756376 -0.20578212 10.838458 -5.264151 -0.8612497 4.203345 -0.5413107 -8.557206 0.92345345 7.9246097 4.243506
corporation -1.883921 3.53619 -5.3456273 1.1566653 -6.4070234 -3.7627916 -5.3701477 2.8749745 -6.844467 2.7393959 0.19203602 8.700904 -3.3500633 0.14286579 3.5110962 0.07103986 -9.143732 -6.575734 0.8712902 7.33944
industrial 3.3163505 2.9857028 -3.5779767 3.312987 -4.8460517 8.34511 -5.9518213 -3.3304758 -2.4871337 1.1138502 0.7395442 3.3295844 -0.7570703 1.5485653 -0.9223113 1.4777844 -8.524063 -3.7368975 7.3753705 3.9501705
firm -4.4802566 5.9749913 1.4875143 2.8089025 -3.2244458 0.09246821 -4.3569264 1.8081267 -3.1709273 -2.4430714 3.3599017 6.672143 -3.8740263 2.4353123 6.8041935 6.1993217 -9.733435 -6.912224 0.4738196 2.782036
stock 0.5559457 6.341116 -2.9381514 -3.331694 -5.2152066 -5.783274 -2.9175293 -0.30511075 -2.672739 0.94424546 3.4745476 8.798217 -6.046527 5.084421 1.4674698 -0.4910712 -4.552327 -2.6859534 5.7841673 -1.5779324
sector 2.785529 0.7718951 -3.2925577 3.8044996 -3.112533 5.946682 -3.7010567 -2.4155877 -1.8272747 4.3882933 0.15592863 2.6264305 -11.139409 2.2244897 2.2221792 0.023838323 -4.1601977 -5.4210744 7.977426 4.905903
banks -0.48140147 3.7105658 -2.9969232 0.03954714 -2.167281 -0.35924795 -1.6312503 -1.8025776 -5.9526496 5.2909026 2.8171237 2.758229 -6.994631 2.5557992 -1.4525204 -0.41137767 -4.5234895 -1.4476901 0.7447546 -2.3524177
investment -0.37723887 4.131256 -1.2512589 -3.3542073 -6.5032964 1.1372379 -8.633104 1.1096585 -2.2165952 4.143281 1.021593 5.786323 -12.492458 1.3076525 1.44736 4.1846848 -5.578979 -4.905251 3.6047165 4.1245728
partnership -0.82543015 4.455205 -1.460033 0.91931057 -3.247972 -0.7163372 -6.290881 5.7778764 -3.250781 -0.46149668 2.4935777 4.47466 -3.8882189 -1.487355 4.1714306 3.1454973 -3.998883 -4.4593244 2.1375113 3.7734065
finance -2.8814726 -0.96888715 -1.0005473 1.5605851 -5.027577 2.3399746 -7.587154 2.5795858 -0.6613882 0.07970702 -2.7265387 3.7923753 -9.136335 3.2702055 3.0347362 5.9212146 -5.0949554 -4.7809544 -0.011581261 6.807768
manufacturing 0.22546679 4.876052 -3.123626 -1.2587086 -5.272827 1.8282338 -4.952567 -5.3563647 -3.612325 -0.05948966 1.303502 5.130809 1.0022855 2.327373 3.6092956 1.6459804 -9.127434 -5.331704 10.180676 4.986668
insurance -4.0753193 5.367007 -4.1007752 -1.022544 -4.729238 -2.229019 -4.4503965 -3.8401725 -1.1090019 -1.1674507 -0.1550764 3.7558782 -11.944336 0.88395107 3.7763376 8.622685 -6.0795875 -4.9426637 1.1968468 4.7419105
marketing 1.0550574 0.4789694 -0.8818542 -5.180004 -4.7215505 -0.8892458 -3.3177826 3.797959 -1.3721694 -2.8349142 -2.1919844 7.5088325 -6.326373 -5.3513103 1.8814386 6.0927258 -7.031514 -2.8669615 6.102915 5.9487305
partners 0.59425247 3.2601027 -0.90633553 -3.329326 -3.063948 0.3452084 -2.787502 1.4229913 -2.996368 -1.101838 -0.69927645 2.856342 -6.919886 -3.0705612 5.80068 3.7281263 -5.7367992 -1.9675972 0.2127701 2.4797676
markets 4.4754167 4.9654317 -5.064604 -3.325531 -4.6472497 -0.14601956 -3.924082 0.61433834 -0.18024762 3.1051152 1.8606236 8.183361 -9.800888 -1.4658673 -0.25324714 -2.6181357 -6.551205 -0.120121375 8.619931 1.4796978
industries -0.94961095 4.8637075 -4.360347 -0.31679147 -4.9727163 5.2141833 -3.4731467 -1.4816396 -2.425026 4.3205857 1.2632077 5.0680547 -3.9015343 0.2228132 3.2274091 -1.7603968 -11.18758 -5.401376 8.261375 3.6474838
trading 2.110779 0.9461327 -6.4758997 -1.956937 -3.4979842 -1.4016832 -2.745693 -1.2839369 -2.0467203 1.0260091 2.8072917 4.8923883 -5.1231737 4.581615 -3.1119175 2.6427164 -7.5650635 -2.2453182 2.8682823 1.5498623
retail 5.0664935 6.87888 -6.589562 -3.0236406 -8.471817 -1.0848039 -3.718727 -2.4485953 -7.563101 -3.646324 -2.3781607 7.332289 -5.7145557 0.40529788 2.8139112 -1.660279 -6.7790656 -0.28666556 5.6847005 -0.10512223
venture -2.1063774 3.7171073 -1.9328276 -4.8529525 -5.622023 -0.87764066 -5.711061 6.5800786 -4.7291126 3.0403774 3.3903449 4.8599195 -4.750596 0.37957633 0.6501443 -0.30711323 -6.5469685 -5.161934 3.2310884 6.626231
merger 4.8325043 1.8535403 -0.0414075 4.7912745 -2.4006865 -5.2899423 -8.862563 3.3891115 -2.1814733 1.9444425 1.4209406 2.4688897 -5.580926 3.7159202 3.2784684 -2.4870582 -5.97936 -2.7155871 2.672023 2.9961581
acquisition 3.213936 2.4775577 -0.04107765 -1.422476 -7.0376225 -3.9097836 -4.8054805 -0.15214764 -1.5238692 0.5703219 -0.5631055 4.778998 -4.1915326 2.216329 -0.3045662 2.318672 -5.16778 -5.74294 1.6502031 5.0215116
subsidiary 0.626987 0.15155 -6.182521 -3.9811556 -5.89932 -4.1344337 -7.898454 1.2336078 -5.021129 3.4658937 0.31345722 8.051575 0.44603324 0.7183501 2.3251328 -3.755737 -11.202492 -4.1604586 0.8530221 6.444134
enterprise 1.9458512 0.66005874 -2.6857417 0.3714861 -3.8277876 1.1699375 -0.7462629 1.479033 -3.6728606 0.22094621 0.79349244 6.8616037 -4.1570005 -0.17954691 0.7707539 4.002593 -5.0276093 -4.4906363 2.0708506 4.8047557
consumer -0.6734918 1.7449527 -0.92847407 -3.8101037 -5.2292285 -1.3462343 -1.7454473 -0.5303916 -0.48143947 -0.14293677 -3.92813 9.463849 -9.399584 -3.258741 -0.6021597 6.369682 -6.838648 0.66881055 6.14642 4.5400915
manufacturer -2.9292347 1.5317731 -3.2810926 -6.686544 -2.81299 -1.9539782 -2.1648111 -0.77965415 -3.181747 2.4519575 2.2809882 7.8901057 3.9043307 3.7392511 8.17043 0.098395154 -8.463905 -3.1354985 7.5484405 3.5452058
manufacturers 2.0933955 1.7263716 -3.143683 -5.5389075 -3.1338372 -3.5889142 -0.73281723 -0.8890961 0.56264085 1.9972609 0.57228845 8.196288 -2.2319717 4.1588945 7.293855 2.941621 -7.194936 -1.0980515 11.655874 1.2630619
banking -0.54663044 1.5578581 -2.69577 0.9036222 -4.863905 2.736659 -6.925387 -0.25835246 -2.1265042 2.3704004 -1.1847564 5.206307 -8.433894 2.9357193 2.8127875 3.7688138 -8.200268 -3.3125541 2.5615933 4.004742
firms 1.3782152 4.575751 -1.7367234 0.2153442 -4.2581983 0.36663237 -3.5093505 -1.035776 1.0159789 0.36128885 0.22199711 6.190788 -8.858218 1.896678 7.1265492 4.44974 -9.054135 -4.746482 4.8578887 0.8614885
airline 2.0811214 -0.83910924 -8.246618 -3.1205196 -3.4002705 -6.30537 -1.4876271 0.95440376 -2.48772 4.382275 3.1361387 4.659173 -9.008547 2.0894043 3.5833778 -4.074161 -1.308155 -8.363633 4.2733817 8.82585
brands 1.255108 3.9990592 -4.5601516 -10.130902 -4.0752354 -2.123116 -1.0109679 2.4970357 -2.6785054 1.8744962 0.42162654 8.002816 -4.007666 -2.315828 7.25861 -1.7187221 -7.235655 0.78738356 4.060805 -1.7066799
investors 1.3782666 5.5901947 -0.77547485 -4.6955733 -4.160943 -1.6355212 -3.5333035 2.3227446 -2.1992116 1.1488563 3.2295182 4.514073 -13.481624 0.8791661 2.9744048 3.398759 -7.266065 -3.3051975 2.2889357 0.6346632
holdings -0.16611463 3.3447516 -4.083962 -1.9033437 -5.703272 -1.5915902 -5.494721 -0.6689234 -2.4391794 3.0544174 1.8918649 6.796783 -4.937266 4.874591 1.5843531 -2.141178 -9.29083 -4.0096536 -1.9194754 1.006783
export 0.887053 1.149058 -5.0298605 -6.8184047 -4.1443634 -0.092135586 -4.709229 -3.3805876 1.5890675 7.506065 2.299562 6.7258844 -5.311471 4.9299507 -1.3569751 -0.883877 -7.449515 0.38154376 7.149047 4.7510104
enterprises 0.64649785 2.9580116 -3.249044 -2.240094 -3.6346962 1.9150571 -2.021489 0.48371443 -3.1870155 1.1320878 1.0072546 4.5553436 -6.8220963 -0.56302094 4.099473 -0.21351877 -10.002813 -4.690949 3.6636274 1.5896407
equity -0.3316312 3.9058104 0.11663984 -2.4165595 -5.331699 0.22407039 -7.431505 0.51377624 -1.3298589 0.47659248 -1.3108085 7.7645783 -11.049576 -0.37165105 5.144105 6.103262 -5.3365808 -1.5265694 -0.08274708 1.2286999
investments 0.17525242 5.6754904 -0.5352597 -3.8630042 -6.293856 1.3851589 -6.5384965 0.66592574 -1.5963652 4.201992 2.0222719 5.0066943 -11.66881 1.2916983 1.797822 1.4439449 -6.528792 -4.8972473 3.2751596 2.0145345
corporations 3.483372 2.612391 -4.002468 0.27474856 -3.7531462 -0.35503408 -1.4139323 -0.046641503 -0.81337947 2.3174622 -1.3171089 5.496673 -9.84363 0.7810736 4.109437 4.0608616 -9.746421 -0.84894496 2.8904974 1.9643257
sectors 5.551397 1.1857182 -2.9254768 2.4516208 -3.7709765 5.8095574 -1.4008116 -2.433906 0.29283962 4.819614 -1.916042 3.148969 -10.041842 0.5714095 3.2706354 -1.4472549 -5.0224466 -2.9811091 8.400599 1.6406981
portfolio 0.07313531 2.2576528 1.4814806 -0.73014766 -5.89645 0.034381256 -4.0871353 2.5694342 -1.4211873 1.2846985 -2.218133 7.0137825 -8.380244 3.1677291 4.8109055 2.1577466 -3.9621475 -3.524543 2.1805332 1.4698246
sponsorship 3.3533323 2.707289 -3.640213 -4.8106866 -3.4089413 -3.0662677 -7.027036 4.772078 -1.5084945 1.2400297 1.6423831 3.619715 -6.6357856 0.95977074 5.3531923 5.0395384 -0.50121707 -1.0161076 3.131893 1.2366967
financing 3.0454166 3.5052574 0.6190059 -2.2288885 -6.9222436 -0.036850646 -4.4087634 1.833709 -2.4540257 1.1526124 -0.52300614 1.4357895 -10.174429 3.8413339 0.2131294 4.706122 -3.4690895 -3.7788181 2.8169093 4.1601276
ventures -0.15524015 4.5480137 -1.6454467 -5.221836 -5.069247 0.7509903 -4.1586256 3.896197 -3.331562 -0.23085114 1.8744109 3.4435263 -4.567511 -3.7457216 1.2975012 0.33303064 -6.640781 -4.7985525 1.6899698 2.7401974
consortium 4.849441 1.7989726 -1.8892695 0.89619166 -4.431034 -0.42443496 -3.9023082 1.9290717 -2.819377 2.4440818 0.3897189 6.683586 -4.4828086 -1.1892276 6.7782297 -0.15816145 -5.4816675 -5.6275735 0.6917008 7.466221
securities -1.4977256 3.7355862 -1.3998324 -2.5205128 -6.2001567 -6.028568 -4.763058 -0.8369451 -1.2757702 7.1970844 -1.1941795 8.768804 -11.4274435 2.8016906 4.469689 4.8733454 -8.306365 -1.9903286 -2.7235415 3.5031085
asset 0.28393787 2.227968 0.8336826 -3.433177 -4.804127 0.71068543 -3.792916 -0.2183383 -1.8670018 5.060188 0.56711537 6.2019715 -8.878829 1.6441427 1.1634303 6.6262774 -2.6564567 -3.587894 2.817009 0.16855478
licensing 2.851152 1.8990912 -1.3581612 -2.7336006 -5.4768786 -5.982085 -3.34786 1.3830001 -0.45834798 -1.5884937 -3.3522558 6.992985 -6.8188977 1.5210235 2.3860781 6.661088 -4.425482 1.452959 3.2793782 5.563137
purchasing 0.45042023 2.6764622 -2.939059 -3.7479613 -3.997643 -2.8752275 -3.2691162 -3.3096611 -2.73653 -3.2980697 0.0823135 3.0447545 -5.5760183 3.9374673 -0.14187007 5.805732 -4.920174 -1.058821 3.5693974 1.2482635
automotive 0.99963945 0.10739016 -3.9586763 -4.0447345 -5.2240357 0.767199 -4.1030607 -1.011766 -2.6665187 1.0593765 -1.4658054 6.087116 1.8592438 -0.77810764 5.243778 3.0086813 -6.7020855 -6.007867 8.225843 3.3040528
patents 0.22314896 6.222358 4.31117 -1.050218 -6.456065 -7.1147795 3.100869 -0.7028273 5.4300404 2.1420653 -0.53717554 10.596201 -3.2733274 4.4676776 8.338477 4.1404824 -6.7179785 -4.172608 1.5093853 4.2330446
exports 0.06656664 4.4706526 -5.3530865 -6.2195616 -3.960101 -0.2391596 -7.2156816 -3.2241104 4.9004893 11.411355 4.783081 5.0810037 -9.801734 3.679736 -1.5058597 -4.3103695 -6.256628 -0.1857155 8.137791 2.7953238
import 0.3295338 0.38660333 -2.6824381 -5.8650804 -1.6097614 -3.7876377 -3.0484474 -1.4307708 1.2724007 4.1610255 0.78777605 4.134521 -3.6514673 2.9036956 -0.040371828 3.4586508 -5.487416 2.9263566 4.7961364 2.991879
renewable 1.7865019 2.6611857 -0.3724186 -2.6736825 -7.0615773 1.2466357 -9.572377 -3.7365892 -1.0490757 5.3081527 -0.5774977 8.725604 -6.567666 -0.52062696 -3.1021702 2.9560583 -3.0818996 -0.687725 4.7437887 8.417286
pharmaceutical -3.2454245 1.4526886 0.02104833 -4.9720736 -3.448339 2.7583067 -2.8690414 -5.493027 3.0176923 0.39249176 -1.5131714 4.5028186 -3.7369194 -1.5687453 5.67572 1.9468617 -9.580462 -2.572788 2.5408702 10.673979
investor -2.8321579 2.9565027 0.4889985 -4.772802 -4.004418 -0.20607921 -5.6237555 2.8332253 -2.731762 0.82813525 0.84530926 4.6481223 -7.921209 -1.928385 3.1999114 4.0469384 -8.246097 -4.297543 -0.9112706 1.5611928
globally 4.9235497 1.78712 -1.8739177 -2.9434814 -2.9444838 0.26221603 -1.5607964 -2.0693572 4.2415967 0.96886307 0.21773162 6.732248 -6.5718555 -4.3228827 0.9185988 -0.7534284 -1.3094622 -1.0289321 3.2870302 3.1259768
monopoly 0.9975529 0.85193604 -2.6768744 -1.8600541 -1.664777 -1.9760219 -3.2718663 2.3262708 -0.7650385 3.9421573 4.2985578 6.6276264 -7.308079 5.803369 -2.237934 3.8090777 -5.7873907 0.7141174 2.9789367 3.1028383
stocks -0.30134928 4.541598 -1.4524974 -4.148617 -2.472768 -4.3137693 -0.034256663 -4.628391 0.47292012 4.0652704 3.4801023 4.933734 -5.527521 3.3210235 0.15670866 1.4970207 -4.522313 -2.1533153 4.8615065 -1.9806132
invest -0.07475499 1.1202642 -2.3465064 -6.8811655 -2.9826677 1.4362206 -7.6099143 -2.3203943 -3.5880609 -3.005341 1.3446283 0.911083 -8.672583 2.658928 -1.5627002 7.37207 -3.1951468 0.5808999 3.188513 4.1489697
utilities 1.6875111 4.709103 -1.992138 3.4268734 -5.9531846 -2.8961468 -1.7160045 -3.7773318 -7.7521358 2.301712 -3.2780519 5.281568 -7.563088 1.4558129 1.4688135 1.5032954 -6.6185713 -2.0077693 4.4528346 3.7067618
startup 3.4599392 2.102933 0.08893516 -5.2535214 -5.0617127 -0.9834273 -3.326036 1.6950991 -4.613226 -3.0559587 -0.14042956 6.0487843 -5.113462 -4.5413857 2.6398866 2.2361796 -2.5076623 -4.233173 3.047532 7.015217
contractors -0.19584537 4.117708 -3.0662754 2.3050964 -4.219834 -2.6528463 1.853552 -1.186294 -2.7106714 0.2451483 -0.26884755 1.0242448 -6.0542426 5.768055 5.1877875 3.9930031 -6.8405523 -5.8029675 4.7896485 2.140554
imports -0.87641835 3.270946 -3.992348 -5.5623307 -1.7203443 -2.5110664 -4.12505 -1.7200837 3.9594157 8.530477 4.554769 4.2025433 -7.7331944 3.9923594 -1.4359235 -1.7518041 -5.817242 1.3383996 8.163742 2.1793704
dealers 1.0960766 3.8283658 -4.1976357 -6.22093 -1.9704895 -3.7060437 3.0503109 -0.5370755 -1.6689063 -2.8939173 2.461552 3.0021138 -5.4596405 2.3487277 3.965742 4.2128625 -7.5084686 0.020266874 2.3403857 -0.29474473
multinational 4.1101484 -3.3275516 -5.8389645 -2.891483 -2.3473763 1.696005 -1.6017663 0.4864452 0.21895836 4.28658 -0.6401328 1.4170485 -3.2112777 -1.0511386 2.1431596 2.4608579 -9.05151 -2.9658983 3.4283845 7.1846805
acquisitions 5.175698 5.391789 -0.5727827 -1.4341673 -7.3936152 -2.4116986 -5.255925 1.327778 1.0006768 0.7046716 0.78297675 3.4852366 -4.161738 1.6981388 3.8802366 0.97162366 -8.708765 -7.295946 2.8802245 -0.00077315065
supplier -0.5816309 1.5124999 -3.1672773 -5.988154 -3.709484 -2.181664 -3.552739 -1.1801732 -2.746666 4.5473323 -0.23311307 5.2009144 -1.3133637 2.4542086 4.596311 2.1404045 -6.2575846 -0.788162 5.9966655 4.0611167
subsidiaries 4.183879 1.305463 -6.080395 -3.6720676 -5.4191685 -3.102201 -5.416809 -2.1773498 -1.5861267 3.8480587 -1.4355745 4.9117427 -5.6372094 1.2766458 7.4081187 -5.4370704 -10.873032 -4.248337 3.1542828 4.228227
wholesale -0.80985 3.7751741 -3.075804 -2.403353 -2.7363057 -0.46832907 -3.2928379 -2.9891899 -2.8264048 -2.3166704 1.7182542 4.0228176 -6.0278 2.3218179 1.1443264 0.48321626 -9.0392 -1.095038 3.3604567 1.4247403
shareholder -2.0437984 1.2440164 -0.23416063 -3.1990466 -3.3951383 -2.8162987 -8.358955 3.3784072 -2.0018876 4.6706114 -0.18504521 2.875221 -9.079959 3.2735121 5.45386 -0.49176002 -10.399567 -2.6254382 0.20515995 0.6096735
telecom 0.7712617 -3.4249542 -5.3646536 -4.79515 -4.279486 -3.3186562 -5.4125595 2.4237785 -4.3580575 6.1021094 -2.328077 6.964832 -5.939206 -0.3409855 2.2771907 -4.4515805 -5.212774 -2.1319928 2.930601 8.2415495
suppliers 1.9271345 1.797015 -2.937271 -5.5655055 -3.307848 -1.4014009 -0.7484857 -2.173088 -0.9330136 2.0390756 -0.11845756 5.4176917 -7.168717 3.2891197 4.12923 2.6722944 -6.907496 0.22291057 7.5250187 3.2060177
investing 0.049593754 2.3255901 -0.9528538 -4.8717494 -4.7736106 3.206869 -6.1786027 -0.7215 -1.2714263 -1.8528956 0.1680371 2.4995313 -7.394984 -0.6533434 -1.8780388 5.88036 -4.634094 -2.4566374 2.898764 1.6844244
commodity 0.28495917 3.7870634 0.53306395 -4.9820414 -3.5642662 1.4557558 -3.7753558 -2.4294066 1.1001457 4.142587 2.674397 9.311169 -6.916365 1.207521 -1.256337 3.6853585 -5.933575 0.93238497 4.257943 0.33464903
retailer -1.325389 5.82538 -5.674439 -6.612549 -4.395919 -3.5993843 -1.5630891 2.057003 -3.1803985 -2.597762 1.5537567 8.619193 -2.8996627 -0.70843047 5.728459 -1.3201758 -6.766857 0.7165124 2.3437557 2.1214716
lucrative -0.14949957 2.1553166 -3.9702752 -4.6459074 -0.83590496 0.059120916 -4.7213345 0.44168356 0.577412 -2.029935 5.3331957 1.9961127 -6.793936 2.5104373 -0.7259324 6.067918 -3.7823768 -2.009051 4.6047335 0.99171835
manufactures -2.0606842 0.3235639 -4.773331 -5.5605283 -3.812666 2.0406213 -2.3423986 -5.0159183 -4.5791726 1.3789009 -3.0304363 5.2871304 4.9798393 -0.064108714 4.8808217 1.2584183 -8.089082 0.5686711 5.9687715 4.905047
commodities -0.5188276 4.248315 -0.9906227 -4.8715496 -3.595546 2.1444495 -1.9222499 -3.5494406 1.0684004 5.0977244 3.4056864 8.013087 -7.701342 3.7285404 -0.5392356 1.0995944 -6.8844814 -0.17502157 4.254339 0.045066047
conglomerate 1.2120953 2.5969896 -2.376833 -3.0583713 -2.8259096 1.2194349 -3.9839835 0.5795192 -2.2828622 5.5657144 2.8711672 4.1275806 -0.92299426 -1.9373705 1.8493071 -4.962094 -11.932562 -3.48224 2.1266859 0.47425002
broker -4.484503 1.1370978 -0.7243049 -4.013133 -1.3301278 -1.0536985 -3.1888602 1.0901194 -4.1123137 -2.2998626 2.5417845 3.5203187 -6.786302 1.9747314 1.8229337 6.2810407 -6.9425087 -2.7089245 -1.7071279 1.3080807
diversified 1.7439513 0.24410988 -3.5538695 -2.8502338 -3.4379978 5.4261713 -6.3481917 -4.804034 0.32601744 -1.7349585 -0.92121565 2.8974035 -1.1306775 -1.5836855 0.2945007 1.2831805 -7.9607472 -3.0404115 6.004873 -0.17500122
consultancy -3.3337798 0.86918265 -1.1574677 -0.75626457 -5.9842477 4.0791087 -3.7666395 3.4551604 -2.1110752 -0.845081 -2.1959536 5.503636 -4.1877565 -0.7081028 5.6018763 3.3947768 -5.2620354 -7.635747 3.5011246 6.231725
tata -4.012382 -2.6770415 -2.215853 -6.676372 -3.0489175 3.5153344 -3.3130848 1.1647449 -5.3726134 4.154058 -1.6798209 4.608874 -2.360075 0.2933179 5.067524 -2.329001 -2.1579869 -3.176864 2.631493 4.02349
domestically 1.1742413 1.4046 -3.9364855 -6.4950194 -2.59425 -1.2570988 -3.6371934 2.31203 6.6967072 2.5279505 2.85666 3.5237362 -5.2650075 0.0026661968 1.386006 -2.7988846 -0.72341436 -1.4247247 5.494225 3.0781949
pharmaceuticals -4.2464986 4.5422754 2.5545118 -5.1279655 -3.990983 0.10402464 -2.1259196 -4.692944 0.114687234 2.8465443 -0.4638581 4.65558 -2.613921 -2.9879034 5.8884473 -0.8982252 -8.997824 -3.073257 0.9448788 9.432786
mergers 7.5276947 1.7165667 -0.099850155 2.0632863 -4.749814 -1.9559871 -6.71765 -0.27322406 1.7034819 1.5763999 -0.29579118 1.8474218 -4.837633 2.2308235 1.3213427 0.2074283 -8.434204 -4.983854 4.066986 -1.2258933
cooperatives 2.8158457 2.2589533 -3.0779762 1.0183254 -0.8002503 4.51372 -5.2455487 -2.1234944 -1.157352 0.5753243 0.9053802 4.1880074 -9.810253 1.0515997 5.199713 -0.47743335 -9.641896 1.0793428 4.180899 2.1881962
leasing 1.099832 2.8321123 -4.1145926 -1.6904666 -5.674684 -2.988869 -4.545282 -3.405896 -5.035064 -1.0290731 -0.2645141 1.7434595 -4.44676 4.9634504 0.9776475 2.8880408 -5.7257056 -4.2907014 2.0658822 2.0152473
buyout 1.5104175 5.875479 3.2129574 -3.0545921 -5.0395203 -7.7598367 -8.408508 3.342841 -2.961732 0.39661056 3.1048908 2.3154907 -7.463216 2.588641 4.7782836 2.8546684 -4.861756 -5.49343 1.3398331 2.4689422
importing -1.1217105 1.3660583 -4.0681324 -6.2383313 -1.6747901 0.0532069 -2.1276212 -2.974457 1.9719824 0.05891183 2.9857037 3.3726645 -2.5565753 3.5891778 -1.1995928 1.1988891 -7.9686394 1.0255105 5.1736794 3.7654157
startups 4.537519 4.1755033 -1.7416675 -5.43445 -4.728811 1.1455605 -3.0980053 1.2014222 -1.795247 -2.5212903 -0.06201783 6.236419 -7.7224565 -6.422286 5.308905 0.82401246 -3.1556568 -3.2615116 3.978918 4.059011
exporting 0.123556815 2.0732439 -5.4310756 -6.5567493 -2.8367486 1.0995117 -4.703525 -4.02552 1.5823492 2.803274 2.9108982 3.259022 -2.9065032 2.4026525 -2.306095 -0.31740162 -7.481672 1.0581815 5.317363 4.247363
brokers -1.0987462 1.1624601 -3.1653187 -3.4664962 -2.0604317 -2.3564167 -0.22611973 -1.180065 -2.8992026 -0.8186463 0.010492395 4.487153 -9.163008 3.0090473 2.6408877 4.4395113 -6.9119935 -0.41017422 1.2782998 -0.020079399
currencies 3.6193228 1.2870042 -0.9060845 -5.977682 -4.2779026 -2.6682272 -2.66064 -0.6292533 5.526678 8.486905 1.0315955 8.538864 -9.200066 5.763649 0.62871003 -1.3606691 -4.8952417 2.2617788 3.430135 -0.2948594
brokerage -1.7730474 2.7116394 -1.9650493 -2.2603848 -4.5232654 -2.5937932 -5.2058477 -0.64426965 -3.9807317 -2.9073508 0.3555611 4.5525475 -5.9077897 1.8056939 3.7233326 3.8864057 -8.332538 -5.020624 -0.5541769 0.9083305
importation -1.1223314 3.4921668 -3.9454396 -2.8901985 -1.6214597 -2.8131359 0.0318352 -3.5628207 4.591336 4.6297526 2.4912324 2.884108 -4.6362996 4.248897 -2.3658414 2.0304139 -8.453708 3.3945324 3.382251 3.807091
privatisation -0.66778654 -0.32472506 -2.1805491 2.4135718 -5.094393 -2.0262127 -6.353681 4.890406 -0.4120933 3.5275123 -0.8363261 1.5975826 -7.653992 6.448039 -2.8022554 -0.85234416 -6.04043 -4.0297465 6.985637 2.9945061
outsourcing 1.957987 -0.88853097 -0.27189028 -3.2710829 -4.9540563 0.88297385 -4.45533 -0.8295568 -0.20255579 -0.43035674 -2.7728987 3.8641703 -7.753389 -0.98025 0.3893348 3.2610202 -5.3237877 -3.8549151 5.5789227 5.5345716
realty -1.0432236 4.6468406 -2.0765724 -1.4750658 -5.6149297 -2.2489698 -5.4253054 1.1423852 -9.173438 -0.33083102 0.0045062318 3.053721 -2.3428707 -0.588707 3.3792424 1.3850609 -7.698576 -4.339246 -4.2616014 0.522763
deregulation 0.5037477 1.5113308 0.4887775 2.0197182 -3.3688054 -3.7053695 -5.6880054 0.9460275 -0.94164795 2.4233632 -0.44514018 1.9245733 -8.790063 0.9362702 -2.8026726 1.7016002 -6.215343 -3.3608313 6.701498 3.4542005
importer -4.4507666 1.903947 -3.4094303 -8.042472 -1.2720406 -1.4034398 -5.539553 -1.8071187 -0.4556753 2.7094903 3.678165 4.2771616 -1.2766911 2.027969 3.170264 -0.9792819 -6.7625723 -0.54835045 2.6600873 1.9010756
shareholding -1.1975789 1.956601 -1.4209083 -2.956089 -3.7244277 -4.6993814 -7.644417 1.8543128 -1.749445 4.990094 1.3066398 4.687042 -9.559133 5.577909 4.2595444 -2.8128123 -6.602923 -2.7211 2.3756402 0.40814772
trucking -1.0331001 1.7468307 -4.2219133 -1.511701 -0.9071137 -3.0443792 -1.9467692 -2.7527382 -5.0011835 -1.9955897 2.161374 1.4183315 -4.17197 -1.96945 1.1265371 1.9890049 -7.3752995 -5.671635 4.7519727 0.68736213
prudential -0.554114 4.4588003 -2.7139754 0.4567255 -5.42871 -2.345706 -4.0818095 1.9444902 -4.325781 0.95049286 -1.0030936 2.600695 -2.6200364 0.90880454 2.979521 4.0231147 -2.4225962 -2.2141542 -0.8751718 2.9518375
monopolies -0.39194164 1.8889964 -0.3958524 0.69231814 -1.3437324 0.6255168 -2.1222885 0.97611743 0.10635904 5.4503245 3.7822475 4.9139266 -7.7301884 5.4764075 -1.7381401 4.7153773 -8.424208 0.11183033 2.5800674 1.9318281
leveraged 1.7968068 0.7598046 1.6943239 -4.1414785 -4.2583013 -0.15029095 -5.945029 -1.3411385 -1.5003499 -0.21411078 -1.47901 1.5756769 -4.918186 -0.7270492 0.22132671 5.655103 -6.750471 -3.1645482 2.754424 -0.803893
retailing -0.82024467 3.226386 -3.5410576 -4.0129666 -4.321492 1.0690333 -2.8788748 -0.31754294 -1.6240795 -2.4535098 0.25489798 6.0981054 -3.3144777 0.31248254 1.4160707 -0.61875075 -6.5101347 -1.3562815 4.9186835 1.1669506
biofuels 0.8358635 3.9287527 2.647104 -4.2857885 -3.5123565 0.7745774 -4.255747 -3.1384344 0.43402728 5.075265 3.2088323 7.000142 -4.8727794 -1.5739526 0.04372214 1.1593001 -3.9877758 -2.4233646 5.13744 5.8666053
sourcing 1.2128406 1.8978351 -1.4557775 -4.0876064 -4.315375 1.3718069 -0.91798645 -0.87495166 -0.9076707 1.0084008 -1.5500839 4.043959 -3.9757767 -0.5535654 -0.2697138 4.2273664 -4.743161 0.24981734 5.0750637 2.7770746
sponsorships 3.0514016 4.047655 -4.6171584 -5.013496 -3.772667 -2.3374386 -3.2456818 1.528157 -1.0999752 -0.98091555 -1.0824444 3.6922593 -6.4506226 -2.345858 6.7086606 3.0442595 -1.2510101 0.5221659 2.3245723 0.6917517
biotech 0.21468636 1.9560248 0.086244866 -3.9405754 -3.4300447 1.8377856 -2.9792774 -3.1275783 -0.8832878 0.75042087 -0.10424993 4.391166 -1.7503484 -4.6448607 4.8878236 1.2363259 -6.3437996 -4.7324743 -0.115056135 7.2577987
conglomerates 4.242214 3.3137023 -1.666302 -1.5563989 -2.1773863 0.9510142 -3.0063531 -0.5599838 0.8562884 5.310725 2.4868426 3.3738956 -2.8627386 -2.079141 0.8526124 -2.592303 -7.9039454 -1.6544839 4.4555597 -2.7994797
microfinance 1.1619986 -0.37329525 -2.991262 -3.091963 -3.5799584 6.218913 -4.3928313 -0.38898754 -1.0349046 2.9971778 -2.0610738 4.346413 -10.942599 -2.2748556 2.8451595 1.017992 -2.593046 -0.7768217 0.5100344 4.6366606
exporters -0.64288574 2.3893542 -5.2449517 -5.5232897 -1.2669725 -0.041565765 -3.8450294 -2.002239 1.7604154 5.186735 2.5222893 4.596265 -6.2239304 0.16604348 2.4640892 0.23396249 -6.237106 1.2711327 4.998421 1.6693931
biofuel 0.17606425 2.9924 2.4324543 -6.258056 -3.3819866 1.0044876 -3.9188821 -4.733275 -0.15312116 4.620882 2.9065099 6.1514606 -3.4635108 -0.96250373 0.123568654 0.1733482 -4.429824 -2.528081 5.622966 4.8406887
warehousing 0.20334072 2.9473624 -2.9470181 -0.74120957 -5.5361824 1.0852741 -0.48918945 -3.9118824 -4.641757 0.5239988 -1.2297022 4.2890754 -4.031513 2.6264 1.1029037 0.23953936 -5.6355777 -4.135304 4.7627997 1.7181318
importers -1.8203058 1.4606994 -4.5591993 -5.9245896 -0.9992751 -2.300033 -0.6434412 -2.4086547 0.92305505 2.3495872 1.9611622 5.4411974 -5.0698214 2.4093575 2.5358496 2.0157723 -7.1093683 1.5268602 3.5686293 1.6764503
pharma -2.2118282 1.7640646 1.9302894 -5.132068 -3.0369816 -0.7570132 -3.7410862 -1.3798435 -1.1199253 2.8413293 -0.6048786 4.8964047 -2.2356036 -3.8080275 4.971534 -1.3891271 -3.947543 -2.6079102 -0.46970522 8.046771
underwriting -0.9745676 2.8560762 0.80371124 -1.922602 -4.774946 -0.9594798 -2.7907596 -0.47777566 -0.83891016 -0.9020311 -2.0725658 3.9576979 -6.9698634 1.3164246 1.8010417 4.965496 -3.8900142 -1.7850933 1.9864025 1.2772211
agribusiness 0.6127988 2.150388 -2.2994375 -1.3830373 -2.541186 5.5080748 -4.5434623 -2.072792 -1.1714354 2.324957 0.8658745 3.4674675 -5.0361743 -4.331868 2.4433682 1.0521954 -6.0727434 -3.1237993 1.3002009 3.3105602
automakers 2.5591204 0.80252475 -1.8697617 -4.844162 -2.04784 -3.3055239 -2.1950603 1.6392118 2.5328465 2.3109436 2.6802156 3.0669227 -5.3043365 2.5630374 2.5627549 1.4279616 -5.1003466 -3.4597094 8.439153 -0.44692865
divest -0.06491395 0.8875793 -1.3935502 -1.287656 -1.9301611 -4.906538 -5.050978 -1.6675181 -3.536055 -1.9544015 0.35136753 0.714569 -4.5430627 2.0821815 -1.427633 5.1128273 -6.415265 -0.25590247 0.8810078 5.5749063
equities -0.7215856 2.7971272 -0.06121208 -3.4830685 -4.5032134 -1.8667808 -5.4135394 -0.3698031 -1.1280363 3.3054461 0.24086003 6.748395 -5.91077 0.46957636 3.2516487 2.2438493 -4.519751 -2.939701 0.07996905 0.13823877
reinvestment 0.23445207 10.695741 -1.2213745 1.63169 -7.1569433 -4.074026 -2.656979 2.1079998 0.41582406 5.0149956 0.7093933 0.7639162 -7.4112577 -4.063488 -1.8300774 7.404263 -6.626207 -2.5758417 0.6148451 5.9192333
renewables -0.29090875 2.1572492 0.86789656 -2.6429286 -4.9194403 -0.691343 -7.041977 -0.6899872 -0.6690625 5.4116673 1.4511532 6.674071 -4.7415266 1.6283846 -1.8816586 0.0034817525 -2.0035417 -2.6300716 4.3077374 4.4738073
telecoms 0.30775416 -2.3232265 -3.1147356 -3.359525 -3.07999 -2.7435994 -3.6281984 1.8362309 -1.5409163 2.6930056 -1.9061629 5.019236 -5.0777755 -0.64145124 0.72798336 -1.5292218 -5.0304995 -1.659308 3.7649057 5.377807
wholesalers 0.03602068 2.801029 -4.579553 -4.1920395 -1.6656108 -2.2336607 -1.4811782 -3.231625 -1.6761167 -1.8394636 1.4231851 4.8480663 -4.998154 1.723742 2.8507466 0.13311937 -7.144865 1.2143487 2.112803 0.47255275
franchising 2.871794 1.6271765 -2.6995947 -3.0958126 -3.7031345 -1.9899862 -3.9312053 1.6655434 -2.9313097 -2.0296843 0.50730866 3.949026 -4.5261693 0.0412033 1.573842 2.0562067 -4.290646 -1.5076395 2.616557 2.8852594
subcontractors 1.1633387 0.91480106 -0.4896277 -1.5191158 -3.314307 -1.2051306 0.6798987 -2.0480287 -1.2803116 0.2043746 -0.42297706 0.62147415 -4.4066133 5.1279306 4.482685 1.7317961 -5.791176 -4.83805 4.5682483 1.8145702
reinsurance -0.8897427 1.0286716 -0.13237187 -3.611803 -3.5373185 -1.0222437 -5.0263877 -2.4415474 1.3988311 4.4761305 0.45370495 3.8950944 -5.21611 1.9861453 3.0317245 2.75167 -5.360184 -3.5503986 -0.03295269 3.3713548
stockholder -2.1871538 2.3340778 -0.8484562 0.17971425 -1.8051671 -2.810346 -4.21384 0.76969826 -2.609531 0.56103426 0.8354339 1.1921043 -3.4250164 0.31939605 3.175313 1.5921878 -7.8109927 -3.5289004 -1.6205606 -0.45000213
subcontractor -0.86616254 0.5745371 0.51701856 -1.7972592 -3.0552726 -2.2558408 -0.9998751 -0.5071398 -2.6732306 1.169861 0.21006891 0.8860904 -0.073706366 3.6797228 3.7665174 1.8271708 -5.2042017 -5.6853423 2.9013839 3.1592767
takeovers 3.0486577 0.65640056 -0.7906101 -1.3706179 -2.7699063 -1.8329077 -1.413982 1.89986 0.78982884 1.9912624 0.03146809 -0.81350684 -5.2043204 2.489611 0.23782264 1.5910865 -7.11082 -2.599477 3.2443738 -0.9991509
petrochemicals -0.8910227 1.7548476 -0.9382421 -2.9629138 -3.3197136 2.7552853 -3.6457524 -3.1764693 -1.4647369 5.4971457 1.2277145 4.4437966 -1.5448173 -0.13226004 2.050403 -3.1083233 -6.2475257 -3.0795307 4.8692136 4.832246
shippers -0.3460946 0.8474846 -4.04558 -1.2146599 -0.45553938 -2.9639177 -0.34074947 -3.0382583 -1.620951 0.07622236 2.2914896 2.5287879 -5.372508 2.846211 -0.28649446 1.9845828 -4.7387967 -1.7220576 3.9868371 1.3459188
multinationals 1.79244 0.51563424 -1.9786909 -3.20223 -1.8808693 0.054374214 -2.1229873 -0.45693514 1.2694657 2.6170785 0.93251234 3.8677814 -7.175274 0.09020783 1.4432302 1.8209393 -5.9163465 -1.2538948 3.144839 1.6879802
underwriters -1.3248534 3.398966 -1.9388659 -1.2955413 -3.4086373 -3.2663386 -0.7608055 -1.5629308 0.32531095 0.36179635 0.22975864 3.5065465 -3.5642555 1.2878517 4.1261187 3.6520984 -3.2010512 -3.3452516 -0.049228307 3.5070546
consortia 4.887395 1.6440979 -0.62739694 -0.5725217 -4.1347127 0.2120828 -2.0010054 0.17453097 1.3158511 1.2550179 -1.7750267 3.4247139 -4.9606714 1.3643055 6.1405873 -0.34987572 -2.0696366 -1.3839842 1.7256876 3.6282287
interbank 0.50374216 0.20408055 -0.8067555 -4.0014954 -4.4127226 -1.2105931 -3.9131017 -1.3979403 -2.0199618 2.9320104 -1.8410082 4.701736 -9.072608 2.3372502 0.74622613 -1.5253004 -1.8921677 -0.011735978 1.6320022 3.9071999
deregulated -0.5349877 -0.8542583 -1.568967 -0.8923664 -2.020163 -1.653736 -5.3773804 -3.1035306 -1.3855479 2.0510523 -2.2079728 1.2948385 -5.094734 0.24817309 -0.9909064 0.92648995 -5.4572754 -0.43014976 4.248448 2.8810632
directorships -2.130136 2.3407693 -3.2648084 0.40706643 -3.1147356 -1.0063998 -1.8604617 3.4858363 1.9962574 -0.33001304 -1.4568467 2.5898082 -4.585833 2.3042607 8.157528 -0.27055234 -4.491776 -2.948525 1.2119362 0.0010976759
buyouts 2.548176 3.4288878 1.674891 -2.9014368 -3.8059783 -1.8790531 -4.148127 0.5545705 0.7762554 -0.48103648 1.8081928 1.2612911 -6.5024223 1.3429912 2.7460763 1.6309052 -5.242785 -4.7379575 2.3487842 -0.50656486
billiton -3.1409764 0.11614985 -1.6141129 -3.7194772 -3.231496 -2.3510976 -8.672523 -1.2726012 -2.8152177 5.2714386 1.7828722 3.6027856 0.46409827 1.3602543 0.8228208 1.0743315 -4.7871323 -5.6193767 2.4381323 1.2782549
divestiture 1.2363971 1.101933 0.54662544 0.2837712 -3.6965406 -5.535662 -3.48776 0.10650571 -2.035056 0.6703202 -1.0967747 1.8826271 -3.346976 1.8669932 -0.050134834 0.9169425 -5.374215 -2.7961087 1.4483111 3.6021729
bioenergy 0.9908541 2.6934934 1.007376 -2.3983412 -3.2264023 2.2198234 -3.234814 -3.2170901 -1.4568835 3.417124 1.1392388 3.9096558 -1.2433726 -2.2892199 0.71551853 0.95193845 -3.1237118 -2.1314864 2.3807974 4.903649
demerged -0.5958031 -1.2828554 -2.224824 -0.6678112 -2.2669024 -2.1804829 -5.946249 -0.49030712 -3.0920763 1.5681617 -1.3163239 1.9179393 -1.0350145 2.512947 2.6621165 -2.2986193 -6.180037 -1.8265165 1.6053754 1.6326493
etfs 1.603615 1.6835634 0.90972537 -4.930007 -3.901289 -1.6224089 -4.00671 -0.6322747 0.48923975 2.552898 -0.34737378 5.3759465 -4.9429026 0.46972033 2.0922027 2.606699 -2.302706 -0.57953066 1.7346151 -0.037210852
agrifood -2.7187629 0.17117245 -3.1376617 1.0570042 -1.554815 2.2950585 -3.1512165 -2.0820575 0.23839478 3.539871 -0.53046006 3.667817 -2.118383 -1.3974925 2.4514906 1.2997969 -3.7771347 -2.141431 0.86094224 3.7058861
parastatal -0.18790515 -1.6469488 -2.5044127 -0.037359662 -1.0894859 1.3921609 -2.4051569 -0.7344403 -1.6472244 3.2245152 -0.112339735 1.7266109 -4.87541 1.420762 1.7032844 0.43084002 -5.1734967 -1.3818723 0.49592716 3.1944776