Centroid_113 -2.124348662540229 2.1344099995982764 2.0476945980229875 1.4731784201551723 -1.3178682348362067 -5.238752162758621 6.158108830689659 0.6986911179540229 2.1351538388160933 0.9692937679310347 -1.385969671505747 -2.6811064293505744 -8.198461510919541 2.4234765664137914 0.2880048644137933 3.7370797352873577 -1.8331268677701154 0.15591397466666662 -3.0824381299655172 0.8755416032385286
case -1.6299037 0.98194414 5.5391736 2.457444 -0.74971753 -6.027147 5.833206 -0.76037663 1.8430572 2.8849447 -1.5562129 1.7006372 -6.3910403 3.013928 -1.1084807 5.22865 0.00971872 0.7744792 -1.3106995 -0.41361597
report -0.9348991 2.135445 0.3388918 5.5492244 -5.049827 -8.373289 5.2468176 2.7532532 6.7406716 0.53988844 -2.668886 4.4240246 -9.928998 0.4507824 -3.4244823 2.4313602 0.2774853 -4.8925257 -1.881014 5.0467095
cases 1.104208 3.7237363 4.098424 3.1836352 -1.4275634 -4.2362638 8.189721 -5.0074673 6.2774005 3.1265852 -2.8579369 0.26926827 -10.366424 2.402745 1.4071312 2.768748 -1.7302154 1.4532497 1.7608147 -0.76121444
prison -0.867078 3.6794481 -0.781792 4.1133924 1.08725 -5.997317 8.409649 -1.4155661 0.013997654 -4.9035187 2.6175442 -8.0622635 -9.402983 5.3059263 2.2250638 -1.9083549 0.5337621 -1.9547718 -4.080656 4.0061646
reports 0.62715113 1.0313873 -0.109266445 2.882178 -4.2768617 -6.0851974 7.174826 0.26693818 7.5911 -0.44746724 -2.928549 1.1400797 -8.643226 0.18495199 -4.5882516 0.076453984 -1.7553959 -4.0151563 -0.2943708 2.6393447
murder -4.603452 1.9400606 2.2346551 -0.8507754 -0.42628884 -5.108884 12.217275 3.235738 0.7219763 -1.8573779 -0.32025623 -9.298737 -7.3191824 1.7400658 -1.7383599 2.5602946 -0.8001943 -1.3091751 -6.550332 -3.5760586
crime 0.45683667 2.4704173 -1.9908233 1.3130031 -1.8567773 -1.5423089 9.728453 3.2602704 2.5836518 0.5321805 -0.76054996 -3.213878 -10.549004 -3.4886084 -3.016061 5.178289 -3.0779567 -2.5198681 -1.4202877 -2.1397724
investigation -0.3201601 3.1527631 2.664617 4.604223 -4.9873214 -6.361634 9.3387985 2.3897371 1.077566 2.2863529 -2.230387 -3.7351062 -9.965281 1.832931 -1.0017602 4.252431 -1.4794513 -7.224205 -2.6078098 6.2196784
criminal -0.19733346 0.39649975 -1.0177591 3.5031178 -1.2247709 -3.1138546 7.7727675 0.49465036 3.0006096 3.4253788 -3.9423335 -3.4258637 -9.365909 -0.24720274 1.5668457 10.078495 -4.0867558 0.49932387 -4.2818866 2.8825793
alleged -2.6567588 -0.8265026 -0.09670814 -0.44541165 -1.9406015 -4.5815067 6.2999077 2.3078492 2.8025253 0.44984618 -4.4498253 -6.689608 -8.652541 1.5392162 -2.9340894 4.8702083 -6.5793104 0.6453905 -3.8104606 0.66474324
arrest -3.5828843 0.72643125 1.3087465 1.3983469 0.68737453 -7.013074 9.4122925 2.26221 0.13333173 -0.37287644 -0.30300957 -10.834169 -10.698422 5.885822 0.23141734 1.0184969 -1.1338134 -0.09863746 -4.1899104 3.8505871
crimes 2.7519479 2.2458673 -0.19013172 2.202117 -1.775681 -2.9775302 12.279799 1.9942143 7.0784845 3.90751 -1.2333705 -6.697113 -12.312589 1.127945 -1.2027642 5.1653357 -2.8213613 0.09673795 -4.587803 1.1179473
guilty -6.713804 4.7882257 4.1363916 -0.8717255 1.3990577 -11.0933895 11.157821 0.86704737 4.1204033 2.6449838 1.946875 -5.3447347 -12.590696 3.5626087 1.280717 3.880029 -0.80619216 2.2154605 -7.206081 -2.0882525
execution 0.80121 -0.92695826 4.479299 1.3849769 -1.9682223 -2.891993 8.266047 2.4054658 0.8296148 0.38213065 -1.5648026 -4.5453115 -5.0533843 8.080176 -1.9415557 2.9777205 2.12189 0.07692116 -0.6693254 1.2443637
jail -2.2591844 3.941727 -0.2401142 4.025495 1.7884084 -7.143846 7.7580085 -0.80142266 -4.0663295 -4.730754 1.9164234 -6.913041 -11.548287 4.190031 2.4648488 -2.8343513 1.9294189 -0.5846981 -3.825468 -0.15756483
allegations -3.9844742 3.4819934 3.4682074 2.7148056 -2.7534866 -7.2548175 7.7784057 7.595577 5.328402 2.6092162 -2.5816293 -4.7242723 -14.465131 0.8701152 -0.7332585 3.1951876 -5.7854514 -1.9612993 -2.2049408 -0.053719483
divorce -6.348324 6.7454314 7.171186 -0.78775 -0.055961836 -4.289714 -0.20080052 2.8946881 5.274371 -5.365255 4.3214955 -3.4368918 -12.598558 3.093883 0.31386226 2.7331173 2.349037 0.82932603 -7.1997952 -0.14574294
lawsuit -0.694592 6.493449 2.2194495 0.33661887 -2.6324174 -12.072901 1.9706386 3.3860407 -0.43323654 0.44818175 2.4597228 0.036733735 -11.234005 0.33702844 0.8664013 5.9482813 -5.912444 -2.4585087 -6.3024545 2.9299023
witness -1.838055 1.5226959 0.7836434 1.7165439 -0.9477032 -2.898938 9.778737 2.7258136 2.1076393 -1.8545225 -0.52878815 -2.6975956 -4.926941 2.7366388 -2.040336 4.353633 0.8603529 1.252802 -4.634561 -0.31139135
rape -2.4947658 2.1291234 0.9624554 0.018448688 0.5351967 -1.385544 10.732444 0.13960019 4.780492 0.68571424 -1.4442214 -6.0846024 -10.23111 -2.3402045 -2.0701778 3.649311 0.39151728 3.025376 -4.863727 -1.5135456
imprisonment -4.3520865 1.8578529 2.6543133 1.8691499 0.22790864 -4.4466114 3.917015 -1.8727558 10.547833 -2.198413 0.29494858 -9.631864 -10.060992 7.424745 0.6388512 0.7720746 1.5855963 0.13943855 -4.891181 1.9674535
fraud -3.0313733 2.5936027 1.9344704 -1.3461857 -4.491795 -7.7123 5.62703 0.44991985 0.7050708 3.3479013 -4.0351615 -1.4119569 -13.424135 2.1539001 -0.86275536 6.685441 -7.9276996 -2.1726246 -2.984053 -0.4944389
inquiry -3.580708 2.6153522 2.192557 8.54663 -5.2310367 -3.3372288 6.477849 5.739862 3.210509 2.3335228 -3.2136502 0.71983224 -8.874717 4.5290236 -1.9168093 5.5908833 -0.9332714 -4.6127796 -1.441978 3.3968365
witnesses -0.6817617 1.8165385 1.8946737 3.2939937 0.025744323 -4.27542 14.2484 1.5377564 2.5899777 -2.99072 -1.0387731 -4.3635855 -8.220632 3.8787417 -0.27010885 2.1287506 0.045221075 1.3557556 -3.8442855 -1.9357889
custody -4.7522926 3.1372032 0.56219923 1.2199222 1.8162972 -6.452561 9.177756 0.032310348 0.42389295 0.08884894 3.7567515 -5.4171576 -11.01595 5.78463 3.44081 2.365588 2.3150585 -1.1138626 -6.054328 4.0016656
complaints -1.966165 4.360616 0.5089148 3.7443395 -3.0571778 -5.8759127 6.3516984 2.9840534 2.8015175 -0.7036182 -3.0498626 -0.19560316 -12.866784 2.0302439 -0.77979845 2.418932 -2.9118922 0.066644624 3.2393835 -0.015310266
testimony -2.735842 2.9194794 5.020578 5.0865035 -1.8306552 -4.818548 10.788538 3.5578523 5.1924148 -1.2326797 -1.2972984 -0.62664527 -7.7895713 3.4002333 -0.65834 4.056254 -1.5598085 -0.6598408 -5.551765 0.21134794
conviction -4.395964 5.1176233 4.9864054 4.06007 -1.2547681 -6.7520585 5.609308 3.7449465 5.3570876 2.1523457 -0.566947 -4.612041 -9.542935 3.1479132 -0.49207237 5.2635856 0.29030117 1.5494379 -3.893684 -0.8743598
prosecution -3.193205 2.221633 2.399268 3.394756 -1.4079211 -7.207203 8.523678 2.8721387 3.7989542 4.0432367 -0.96813107 -3.927242 -10.832851 5.853752 1.1915936 7.3515196 -3.1222441 -0.67337924 -3.3560085 2.5590398
violations 3.879235 4.516178 -0.42492536 3.8305576 -3.8454423 -7.7111974 6.2259893 -1.173334 4.7290654 7.6927843 -4.5703363 -4.6303735 -11.966999 -0.39787105 -0.12549755 6.322071 -3.0122755 1.9886706 -1.0838046 3.9390874
sentences -0.64048123 -0.8734326 8.615711 4.759384 1.3946753 -4.4515667 9.155984 -1.9270464 7.6905413 -1.7334083 -2.66145 -0.44871575 -10.05825 5.8289185 1.5426127 -1.4742714 2.274099 2.0365288 -0.18051085 -2.4760828
complaint -3.9381957 3.2307758 2.6428032 2.8000267 -2.2607222 -7.870039 6.2712626 4.499881 1.0904669 1.5813179 -2.1809807 1.4137933 -11.293193 2.9850483 1.208141 2.9601963 -1.8897487 1.1159629 -4.0064993 2.223369
warrant -3.7221322 0.21726657 0.4272395 1.9984721 -0.58338255 -8.622482 7.716973 -0.9572435 2.4495192 1.5291017 -0.37001422 1.5249182 -6.41546 7.571526 2.402949 5.142432 1.0484774 -0.42499688 -2.1201963 3.558025
inmates 1.2005713 5.8617377 -0.7508796 4.641183 1.2120775 -2.1477616 10.602783 -4.6752696 -0.37289056 -3.974063 0.28524557 -6.1966634 -9.942873 1.8418849 5.29932 -0.4152482 -0.42903894 1.2793318 -0.03752839 3.032413
accusations -2.3052053 1.6926649 4.760225 1.9559872 -0.3054609 -3.8886905 6.6647434 7.5144987 5.752686 2.188491 0.102981076 -4.9702606 -11.252336 2.1821918 -2.778658 2.8108823 -5.9502707 0.5533989 -1.7282702 -0.9962642
prosecutor -5.945241 0.41254362 2.3055186 5.1092863 -0.51633877 -4.6181226 4.090532 4.52403 -0.8640725 4.1391163 -3.2232797 -5.7875414 -8.957156 3.0011177 6.1169987 2.7420583 -1.9416865 -1.5264329 -8.0850935 4.491971
testified -6.1267962 0.19437999 -0.49861473 2.9256258 -0.97991645 -7.2536335 5.5261226 -0.41496307 1.5151312 -3.909549 -5.712118 -8.616827 -3.2525256 1.1947515 0.61621433 7.3206744 -4.2565136 0.17507158 -5.8231254 2.3615708
attorneys -2.1121848 3.7829688 -0.1264542 6.994914 -0.69574237 -8.52021 3.8406734 -1.0007895 -0.23725092 -2.144384 -3.038398 0.1264802 -11.22016 -0.026655314 6.6151066 7.454618 -4.5595093 -1.2251884 -5.296937 2.203147
verdict -5.1430125 3.7430346 5.219453 1.8018906 -2.1878357 -10.14393 5.4548154 6.3635263 5.1947684 2.74212 -1.2669132 -1.8635029 -9.628094 4.408566 -0.93288475 1.380763 4.0625625 2.479713 -4.170594 -0.71618456
defendants -1.3558929 4.337061 4.2162023 2.1268666 -1.418625 -8.698395 8.278191 -0.07542758 3.4061885 3.231372 -1.5330083 -2.0110445 -11.020987 4.567914 3.6104722 5.8148975 -2.7884178 1.8041527 -4.121171 -0.44738862
investigators 0.5708481 2.4034326 2.7469816 1.266176 -1.5861418 -5.3127413 11.862386 -1.3234135 1.11012 -1.3548789 0.28370842 -1.9685208 -8.455673 1.0334764 1.2489932 3.3482416 -1.9123641 -5.4215856 -1.2127352 3.751901
suspicion -3.1240647 1.4264774 3.0192943 0.6606384 1.6393238 -0.7087781 7.589674 2.1042194 2.0940967 1.0378577 3.028467 -5.1619697 -8.790636 3.2598836 -3.4962742 3.113329 -2.5881996 0.42143703 -0.41892055 0.28232476
harassment -1.0948148 2.6120944 0.4420219 4.1227894 0.12908871 -2.6028104 8.3476095 1.9796329 3.5695355 0.91227615 -3.2200038 -6.1598725 -12.514015 -5.0370555 -1.2416339 4.295657 -3.0668237 0.87789273 0.03140483 0.85582083
defendant -4.3463535 2.714197 5.8542075 1.2432323 -0.91445196 -8.258575 8.070621 -0.55714005 0.36813352 3.5407505 -0.75427914 1.0763061 -10.213629 5.1776676 1.4169754 8.786007 0.020007418 1.825661 -4.8991656 -0.55582255
confession -2.4626493 3.5624506 8.618143 4.5920577 0.6215668 -3.6061168 8.394446 4.814041 3.266308 -4.224529 1.332579 -1.2554169 -5.442824 6.324208 -1.0250674 0.48836565 1.6774945 5.368211 -4.410381 0.55125356
prosecutors -1.7648256 2.2016425 2.260223 3.6706653 -1.5417238 -7.7802 6.451032 2.219591 0.46579993 1.9699695 -2.2982306 -4.3736935 -12.334288 4.4739394 3.458706 3.0433338 -2.806419 -0.08942575 -5.042188 5.219435
marijuana -3.5721061 8.152226 0.2558905 -1.0955448 0.35686484 -6.9567294 4.7677355 -4.800427 0.16750894 -2.5267725 1.1834545 0.85658735 -10.392641 -3.3619297 1.1618004 3.6919353 -5.951292 3.942606 -0.044168197 4.6279445
bail -5.1702266 3.5781007 2.7574213 -1.5843465 -0.56813246 -12.093003 5.1927133 0.9505699 -0.87415713 0.32631904 1.6603508 -3.0218644 -11.9018135 5.303714 1.3169088 0.113854066 1.9869349 -0.20294872 -3.8590539 3.317796
acquitted -7.977725 0.6819113 -0.17800128 0.4678862 -1.4079393 -7.872951 3.774382 0.5980143 3.9103427 2.0468028 -4.286879 -12.825147 -4.8498263 6.231575 1.4376944 4.2568283 -2.3394146 0.537335 -6.0003896 -0.72929317
filing -0.24245428 2.9778945 2.983646 0.45302263 -5.4060454 -11.076609 0.25860646 -0.91290283 0.59331304 -1.534418 -5.244208 -0.023728248 -8.063244 4.4912963 0.42077774 5.512013 -2.6563048 0.9636125 -2.8755546 2.9880881
warnings -1.4803531 2.9250083 -0.1869549 1.6206512 -2.0809367 -7.9849606 7.996351 -0.2381474 3.1845644 2.3683543 1.5608405 0.69255584 -8.562825 -0.08089098 -7.58265 -0.55471176 0.4739079 -2.9472528 2.415812 4.2652802
hearings 1.3573366 5.083593 1.1548532 8.644024 -4.816341 -8.741894 5.3572927 4.7274933 2.8827705 -0.55346674 -4.745998 -2.6509402 -10.08447 1.708092 1.4913588 4.1650014 -0.1955485 -0.9390924 -3.6647897 3.0335405
offences -2.3559983 4.480967 -1.7063993 4.026808 -2.5711875 -6.0432754 9.207022 -0.86012614 5.852081 7.395243 -4.398916 -2.7626774 -13.413052 4.865055 2.7735012 3.4654949 -1.1288586 2.9823248 -1.1356399 -3.7901018
apology -5.182573 1.8094119 3.8035598 2.200899 -1.3205231 -7.2098823 5.178901 9.202055 3.9136527 -4.0229344 -0.36377656 1.3599366 -9.70179 3.7938507 -2.5038087 1.6169082 0.38887325 2.7280104 -2.8534155 2.5287132
lawsuits 2.4557064 6.792202 0.6989491 0.28626242 -3.9641345 -8.5611105 3.5207403 0.91104543 3.4257176 1.5964327 -0.12643029 -2.4208357 -11.564628 1.7235618 2.260275 5.5525975 -7.264988 -2.4137692 -1.7187883 -0.7906032
plea -3.5400946 4.471526 5.45996 1.173299 -0.34925008 -7.729848 2.9345558 4.7441525 1.7821628 -0.42524013 1.9380312 -1.9184673 -9.490809 4.9671974 -1.4204072 4.203943 0.051512085 4.5300064 -4.6299677 2.3009973
parole -2.4955218 3.110398 2.6702702 2.4952004 -0.20126024 -11.00536 4.1271772 -1.319552 3.2506611 -3.6976511 0.25564998 -3.5973477 -9.694815 3.2554471 3.0633698 4.2250876 2.4640644 -1.2141509 -5.692767 5.2936273
offenders -0.75312805 5.1185865 -0.5334943 3.9405406 0.12024412 -2.8222616 9.286844 -3.9458148 3.5166647 0.47630945 -2.5971408 -2.8421414 -13.577705 -0.59595966 4.8354635 4.4610896 0.9253047 2.1081233 -0.06570962 0.48400912
probation -1.2664862 4.0732203 0.52566284 5.2405753 -0.46915108 -9.164851 4.4918404 -2.6964877 2.5482075 -3.921616 -1.5362377 -3.610369 -10.102689 2.597039 8.049726 5.3643675 4.6694326 -2.3623292 -2.5738542 4.9278135
indicted -5.089088 1.5850605 -3.993133 -0.059778694 -3.4110448 -9.635071 2.1136148 -0.18766874 -1.0325667 2.4689114 -7.259382 -12.764702 -4.3921375 2.9567544 3.6856349 3.6184993 -6.7212973 1.3158474 -10.155945 0.12217008
prosecuted -4.8491907 -0.31962982 -1.9740627 0.6193285 -0.8094567 -5.378137 3.4731946 -2.1431262 4.2518525 0.6136566 -4.835045 -7.946324 -5.5860515 3.668963 -0.4670393 5.6193657 -6.472026 2.8429656 -4.7215633 0.11470564
plaintiffs -1.4760695 5.3604608 4.1699314 2.6980288 -1.5970492 -9.151447 3.7561 -1.0126563 1.816744 3.4737844 -0.003972932 1.6984121 -10.449158 2.3020961 2.3004076 8.162243 -2.7316568 1.1142241 -5.169573 0.47128776
alleging -2.8106616 1.4223986 -0.30373573 -0.48365805 -2.5991907 -6.742331 2.8837247 1.5973569 0.38332504 0.26154658 -3.70531 -2.940208 -8.000216 0.12729941 -1.1240445 6.0098844 -7.1862836 0.66367006 -3.7520063 1.5346745
misconduct -3.5711875 3.9945786 2.7442133 3.805417 -2.9328055 -4.864795 6.128981 2.574774 4.5775266 2.7785645 -5.1130657 -5.491639 -10.611124 -0.7319452 3.7038832 7.524881 -1.039937 -1.8638351 -2.3325698 -0.4237265
testify -2.4104795 1.650925 1.8630604 1.2181787 -0.31560877 -5.469479 6.9335012 2.3887033 0.3641364 -3.3257613 -0.73451436 -4.457699 -6.059218 4.1229057 0.027799288 6.7007565 -1.4551872 2.7158275 -5.6103144 1.9199486
sentencing -3.4473822 3.3181868 3.9599216 4.710885 -2.2059681 -8.325129 4.937304 -0.73754084 3.8689778 1.0579499 -4.573019 -4.356921 -9.174024 2.6261313 0.13877556 5.296234 0.8926773 1.7754192 -3.4008653 2.157906
confidential -1.4662685 0.0003644348 0.51883703 -0.96806115 -3.9682882 -4.922433 5.924721 1.4964765 0.58805954 -4.03882 -2.9958267 2.6017902 -6.601269 1.5406312 -1.9992517 3.4633663 -2.3969488 -1.4275717 -4.047411 3.0102122
homicide -1.4242246 1.1768883 -0.43355712 1.3731948 -0.3848527 -6.6858253 7.1842723 -0.2759356 1.3141081 2.0414107 -1.932239 -5.4548373 -7.959668 -3.2474341 1.0007857 4.398361 1.0170926 -4.217132 -2.511036 -2.0092251
interrogation -0.7950296 -1.2841845 4.4081917 1.074184 -0.8692418 -2.0480018 13.32078 1.6720744 1.114531 -1.7899165 -2.161055 -4.7656546 -4.4786777 3.099145 -0.6109176 0.873466 -0.9218286 -1.5170808 0.15761712 6.1466136
unlawful 0.16100848 0.7290726 0.30370983 1.5171336 -0.6784125 -5.097793 7.171393 -2.2097766 1.6659198 4.5194807 -2.2340684 -1.5636599 -10.310714 4.2022085 -1.5098575 6.9326515 -3.4297767 4.7863736 -2.7366312 2.7283068
emails 0.98789084 0.83774436 4.5872264 0.027199628 -2.57855 -9.302499 11.411673 2.70641 0.7462193 -5.3867364 -2.7798812 3.814316 -12.633505 -0.15517528 -0.8457841 0.16751194 -2.864123 -1.1603136 -2.3093896 2.8927014
indictment -1.6238496 2.8762934 4.436086 2.5268526 -2.3728504 -8.705631 6.4425488 3.7968793 3.0400677 3.2581127 -1.747317 -3.8030424 -8.457471 3.9447432 0.7623619 2.0277183 -3.4119885 0.12454769 -6.6349015 0.5327888
offenses 1.9704937 4.1148534 1.0140413 4.126105 -0.19338304 -6.007962 7.2470303 -1.5541822 4.939013 5.1602755 -2.307424 -4.337023 -11.056188 0.10291353 3.456738 4.8321896 -1.1999924 1.6222394 -0.4294062 -2.6946437
firearm -1.0782893 1.5718241 0.20996252 -1.0446622 -0.28844547 -8.614256 9.86499 -4.509079 0.53928196 4.4124475 -0.4783803 1.5626675 -5.5187187 5.0111403 3.9568813 5.633202 -2.644888 0.21473019 4.374979 1.1219548
fraudulent -1.2094988 0.848294 2.9372256 -2.55716 -3.3088498 -3.439706 4.8461895 -0.722578 1.9399593 0.0820022 -2.1349025 1.5006002 -9.034613 3.2280414 -1.5877163 6.945959 -6.0575495 -0.42223245 -2.5766509 0.0087353755
accusation -3.3529084 0.72839534 5.6860185 1.4550471 0.7835639 -3.4490237 6.7596383 5.413398 4.2847705 1.2742133 0.91654706 -3.1074865 -8.2599945 3.3563688 -2.785768 2.6108842 -2.8906538 1.9488364 -3.473312 -0.12309494
inmate -2.9789114 3.3460338 1.7348025 2.7323909 1.6838787 -4.3127446 8.459791 -1.8936541 -2.097023 -2.435309 -0.588397 -6.115778 -5.7996325 -1.2202065 3.659176 0.64101034 -0.69594854 -0.4594653 -3.819686 0.38098153
bribery -2.5171876 0.20152451 1.3532977 -0.6745218 -1.6786668 -4.6215167 2.4360745 1.3053246 1.0928032 5.1136556 -2.0139241 -4.016669 -11.354842 3.9116602 0.19876422 4.2353816 -6.005154 -0.7780314 -2.6135054 -1.2281823
scandals 0.4348098 4.3070755 0.9585888 0.8739924 -3.556191 -1.0677226 2.1465712 6.8072453 5.095782 1.4654095 -0.9805552 -5.3717947 -10.21487 -1.1115823 -0.6268929 1.371872 -5.611994 -3.163337 -0.13300353 -4.2419715
irregularities 0.6368652 2.2768443 4.88326 2.8101442 -3.559557 -4.137162 1.3418114 0.6734538 2.763138 4.667791 -3.2967584 -2.3711371 -9.567847 2.7197404 -0.17049915 1.6868671 -1.523422 -2.3053758 1.1235267 -1.4208492
offender -1.8373263 3.7629163 1.3567467 1.3898498 -0.3034629 -4.5978775 8.723296 -2.5732665 2.0715442 1.2929399 -2.449104 -1.1006954 -11.238729 -1.2683151 3.0357795 5.3899307 1.4897095 2.183902 -2.55542 0.34524956
memo -1.6270264 -0.40457767 5.383988 3.0456653 -2.7587247 -9.129836 6.6684456 5.815731 1.9240906 -0.3555297 -2.3771174 1.8493388 -5.8877134 1.0254714 -1.2465233 1.5056041 -3.209707 -3.8538918 -3.2972121 4.054558
negligence -5.7512236 3.3076913 2.819239 1.2565502 -2.7347286 -3.1830592 5.60907 -2.5361142 2.0299122 5.4906254 -1.2523965 -2.5332742 -9.227802 4.5940814 -0.006417979 7.624097 -1.063942 -2.9572346 -0.7871368 0.08442521
prosecutions -4.087235 3.2334116 0.4825481 4.9240108 -3.2013288 -3.908625 6.0048113 3.8842723 3.7829154 2.4722836 -2.7380934 -2.3556492 -9.96698 3.138664 1.5645311 5.535 -3.6405606 -2.6218 -1.2115507 0.66069865
laundering -1.8508239 2.5022616 -2.676455 -9.238721 -7.19889 -2.703539 3.1010616 -0.80828196 -1.1901293 6.391654 -5.451068 -5.462265 -10.588011 2.5596747 1.2097502 7.484633 -7.519205 1.7998804 -4.720183 2.819236
defamation -4.2639227 0.65470403 1.2106463 -0.90694463 -2.4600616 -6.870872 3.074566 4.4140778 3.9806244 3.2739017 -3.862854 -0.74166214 -8.653374 -0.39140803 -1.4524341 4.1783895 -6.121469 2.4447262 -6.235167 1.0256939
incarceration -1.3432801 3.7640612 1.8234255 2.6399586 -0.9469684 -2.6371381 3.7929733 -1.5012501 5.1014347 -1.1950994 -0.70556915 -6.51373 -8.184495 -0.14303817 -1.6520618 1.2298481 -0.52058154 -0.3049783 -2.0218785 2.3970833
narcotics -1.0940847 0.81055975 -1.9951875 -1.8512762 -0.6205627 -4.2279544 6.763454 -2.008325 -1.0879004 3.061128 -0.9682248 -2.6543262 -8.728004 -2.0480492 1.7544669 3.0759082 -7.662759 -2.3559084 -1.4770373 5.0888057
prosecute -2.6769083 -1.1014644 -0.5908888 0.9504562 0.6877878 -4.7941995 4.875703 -1.0246602 0.86550826 1.2079407 -1.4338032 -4.6300273 -8.682136 4.0064616 -1.0828216 9.800538 -4.3108935 2.3015459 -3.1694915 2.650084
inquiries -1.1121863 2.3320665 1.3279595 3.5912328 -3.9021778 -2.2243392 5.8563204 2.7113917 3.9197135 -0.6285944 -2.1796582 0.071105726 -8.408812 3.6560993 -0.20550221 3.1487913 -0.8436953 -3.1397603 -0.11079826 1.4304463
punishments -1.9334013 3.0611305 1.8672138 2.8221343 0.335155 -0.48319957 9.39522 -0.445926 8.008913 5.7362304 -0.8170067 -2.2094092 -9.82685 5.1720486 0.4595655 3.7060654 1.459121 5.286 1.31182 -0.93586355
wrongdoing -3.534955 3.5761657 3.4575577 1.8776714 -1.4761857 -6.794137 5.484311 2.5643504 0.9024654 1.7776542 0.71122235 -3.1589248 -11.42959 2.9666007 -0.7863408 6.1991377 -2.1771257 -1.9199351 -4.4118357 0.63794565
scam -4.132297 1.9718361 -0.8590904 -5.9967256 -3.3320332 -1.9750175 5.6809855 1.8541732 -3.9018612 0.8362136 -1.1099063 0.3470554 -10.613185 1.013932 -1.0462689 2.6659427 -3.7110643 -1.3091824 -1.1572876 -1.7290915
warrants -1.2738482 1.5446261 0.22589704 0.15465467 -2.594766 -7.432859 7.5315547 -1.0506551 1.5150428 1.7275469 -1.9780008 0.47580272 -8.619941 5.7551794 1.8872939 3.2536275 -1.5964979 -0.11319883 -2.9436276 2.1714725
manslaughter -6.082075 3.2387948 3.3510504 1.4263647 -0.6045418 -7.6796217 6.608941 -2.2509685 1.9918338 3.3138015 -1.8077557 -6.1669393 -8.242418 3.2695434 3.7368054 3.56002 -0.35495728 -1.9358408 -3.2324324 -1.7358061
prosecuting -3.1403499 0.7511105 -1.2576433 5.6099257 0.86229557 -4.4048147 3.318768 -1.8868343 0.22141844 1.6960427 -1.5429788 -4.087126 -6.4996915 0.69270134 1.555559 6.9710593 -3.9120207 -1.1400825 -4.0112433 0.34744567
evasion -2.646301 0.6873899 1.2589273 -2.945359 -2.4601035 -4.2552276 2.2174504 -2.7796767 1.283804 3.3121734 -1.965408 -3.1698098 -8.780617 3.2048354 -0.9041535 5.52905 -4.793447 -1.9664114 -0.19663703 0.5799015
coroner -8.2247505 4.093096 1.2364575 6.872788 -0.0127960695 -6.5002923 5.2511806 -0.9415176 -1.0254792 0.16720508 -0.16306311 -1.5477943 -6.0735884 2.837021 0.9167556 0.6455601 1.0913239 -2.0336046 -4.2453732 -0.77571124
jurors -0.37751952 2.8051035 2.5918276 2.5689335 -0.2709657 -5.8210454 7.2574134 2.7827907 4.432591 -1.3289765 -2.7701254 -0.7439482 -8.428787 2.050786 5.367239 5.27777 2.2357445 3.5752707 -2.389424 -2.7754195
extortion -0.1930495 1.3811442 -0.8729319 -3.4509263 -1.5742149 -2.9264073 5.628185 0.3543394 -1.1435754 3.2980561 -0.79986346 -6.000723 -9.67264 2.9307342 0.94364184 4.1967854 -7.999476 -0.041228667 -2.6612449 -2.326696
punishable -3.6939409 3.0683348 -0.3939792 0.8016063 -1.7243178 -3.7101784 4.015802 -8.2226095 8.762526 2.5385377 -6.2884107 -6.436367 -7.0933957 4.448409 -0.038395643 5.6103163 -0.25516018 8.775303 -4.50439 0.15227062
breaches 0.6593339 3.4273787 -0.5486179 1.6359783 -4.4147305 -4.2668304 4.2940836 -0.68154734 1.121509 5.827111 -3.419109 -3.4119434 -6.5194693 3.9128017 -2.0854037 6.1898108 -1.6468551 1.155872 1.1108208 0.8713037
improperly -1.479803 3.7995234 4.3759155 1.1228338 -0.08096685 -5.5965652 6.988711 -1.3163047 -1.2756853 0.9016168 2.2653718 2.39256 -7.452466 4.4818215 2.1186764 3.0549257 -2.350625 -0.7095952 1.1392332 1.8275115
aides -1.8229877 -1.7816125 0.056592584 3.7925882 1.8783305 -2.953001 6.4929295 3.2881517 -0.12697698 -1.8624994 -1.4612033 -3.3477724 -7.0923696 1.783568 3.3283713 2.706485 -1.0381356 -0.900856 -0.81349945 0.097047664
burglary -1.2858546 4.471356 -0.06824954 -0.075771496 -2.588999 -5.483417 7.900186 -1.3260889 -2.5344965 -0.5029623 -0.48595905 -4.8552213 -6.849853 2.5693202 1.0096849 3.1732657 -1.737925 -2.9776373 -1.9791795 -3.0599372
testimonies 2.9810736 1.4619944 2.486775 1.7274537 -2.6340852 0.6125547 9.7660675 0.94905657 7.2266464 -2.8285131 -1.3354073 -1.3606516 -5.837706 2.6611464 -0.6768204 -1.1142153 -1.6819642 0.08581148 -4.8247633 0.70176303
paternity -4.5555983 1.9549932 7.2955055 -3.2586975 1.3294127 -3.170433 4.5011563 -2.8791819 4.8018255 -1.2323784 2.355925 -0.23242931 -7.767423 0.21218398 1.0159224 7.1823683 3.9701812 -0.42801175 -4.0961514 -0.10881959
wrongful -3.4994752 4.297936 4.428811 0.44410667 -2.2842495 -5.885627 3.8876112 -1.8382248 3.2461555 2.4646168 -1.7273505 -4.703219 -8.708843 1.6660864 0.18739402 7.8610816 -2.9787166 0.33740267 -6.1610093 0.8293615
acquittal -4.713895 3.1598377 4.2242284 2.5838258 -1.1294533 -7.1251345 3.9640386 4.0128045 3.7153618 2.4751914 -0.66405046 -5.8105454 -7.2015133 4.0364246 0.753005 3.3692498 0.79630154 0.12653868 -4.5179987 -1.1822379
embezzlement -3.2048986 2.0326407 1.6067766 -2.1629806 -2.8614194 -3.2594316 2.9519951 -0.38667253 -0.5400238 3.0190225 -0.93790233 -5.5572762 -9.393633 5.1424055 1.6981364 2.8714054 -6.299625 -2.212228 -5.1540766 0.52092093
sedition -2.1289139 -0.66788936 -0.058421478 2.9303274 0.12998366 -4.3561454 6.9327083 3.1511183 3.9202259 2.628395 -1.3480952 -4.1536765 -7.3844852 3.4672391 -2.6845586 1.3022774 -5.4157233 2.5886583 -4.3773103 0.16944006
perjury -3.678841 2.7755282 4.5269933 2.69911 -1.465042 -7.7237625 7.426207 1.0058845 0.868501 3.34209 -2.1902964 -4.598117 -7.9404063 3.387753 1.1865581 4.873664 -1.1916898 0.6733555 -6.788745 -2.2136128
complicity -1.70724 -1.3016783 1.7867333 0.962803 -0.89406896 -0.08578522 5.756509 2.301344 2.9765584 2.3447826 -1.0666068 -5.7196217 -5.7668047 3.1563425 -3.7868202 3.1184688 -5.229545 0.018371128 -4.3697295 0.076862685
affidavit -4.4880977 1.7988061 5.378622 3.0144997 -0.30534747 -8.661967 6.8595815 2.4582515 1.8972077 -0.8144289 0.6174806 2.378406 -8.37774 3.866439 0.36321366 2.2772686 -1.4579732 -0.47119614 -6.681066 2.4132557
exonerated -6.01064 -0.24781293 0.8126467 0.6179953 -2.1098542 -5.7692227 3.226816 -0.18031342 2.3065221 -0.34369224 -4.2036257 -8.189566 -2.3960242 3.4420106 -1.5750942 5.7390485 -2.290143 -0.96234244 -5.175938 0.7737451
testifying -2.5405421 0.9178133 1.0502158 2.0777326 -0.7751898 -2.7569594 5.0987787 -0.1994615 1.1536386 -0.6586692 -2.776334 -4.6285863 -3.7990797 1.8773489 -0.87978286 5.8208404 -2.845639 2.170436 -4.20718 0.9795541
knowingly -2.1016116 1.8671532 2.8812926 -2.2738261 0.37088272 -4.486192 7.973234 -0.38504186 0.6283518 0.31764674 1.0066342 0.71363395 -9.203654 2.3715765 0.1375103 5.4265532 -3.257038 2.3941655 -2.0496197 1.9130013
clemency -5.1995234 0.8417666 3.5174296 2.856558 0.4243164 -5.0816846 4.349854 3.0274205 1.615747 0.88992906 0.10074332 -1.8440367 -7.1637487 5.6205225 -0.05414452 3.5399628 -0.49983004 2.6747272 -6.34757 2.6877635
negligent -6.0280952 1.6065829 2.5625672 0.21511407 -1.5613605 -3.4751863 5.9426117 -2.60978 0.23952338 2.631351 -1.61056 -2.4364681 -7.5375166 3.2210455 -0.7714187 8.0937805 -1.6282431 -2.118178 -0.2841336 -0.27146584
tampering -1.3431395 1.6135198 2.3303468 -1.8128395 -2.3325837 -6.6089234 5.7577415 -1.0520157 -0.74040145 2.2453656 -3.5533805 -2.4177353 -4.7706165 0.7997091 -1.1463542 6.9935365 -1.5568571 1.1996276 0.5592188 -0.40642926
coverup -0.96199 1.1241096 2.2459972 1.8206698 -2.0805223 -2.65156 8.181796 3.0960593 1.1478677 0.3190894 -1.0891258 -4.8551846 -6.305025 0.63583994 -3.5014744 3.8842046 -3.6363635 -2.548348 -2.325076 0.9220536
collusion -0.27174053 -1.6766348 0.23863588 -0.7318039 -0.4572354 -2.2251287 3.1992013 2.2145004 1.0113511 2.9048042 -1.173229 -3.1300316 -6.8675447 2.1076016 -2.2455213 5.741378 -6.357254 0.40920535 -0.77401286 -1.0784191
eyewitnesses 0.18219882 -0.08150146 0.64380115 1.9871218 -0.8034703 -3.9021206 11.868044 0.34956074 4.0784006 -0.6500514 -0.19158134 -3.1727297 -6.283311 2.335064 -2.733759 -2.3533206 0.505877 -2.810529 -1.284879 -1.6692462
dossier 0.9474033 0.90948653 4.4655232 1.0002925 -4.1178474 -4.7361317 6.8865137 5.244329 4.4687552 0.13628218 -2.0863423 0.86433685 -3.3479683 2.5379856 -0.7785666 0.54517704 -2.5105267 -1.3180809 -4.8990664 3.121474
condolences -3.2884135 0.8139603 1.5219866 0.46829623 2.1191165 -0.6133526 5.8601856 5.1054845 1.9188752 -3.618769 3.4659345 -0.8499977 -11.223238 1.3907858 -1.7179465 -1.9431456 1.4308826 3.064169 -5.725375 4.558178
disclosures -1.1996132 2.9020665 3.8349717 1.1529688 -4.147352 -5.411972 3.138686 0.99266714 4.8178144 -0.57000005 -2.272183 3.8012826 -7.825425 1.0568041 0.6640343 4.357369 -2.001525 -2.0632606 -0.8884426 3.2890854
indictments 0.47275844 4.136054 2.0944204 2.3620439 -2.0926526 -8.555983 6.1752887 2.088808 2.7231903 2.6375053 -0.89597917 -4.963824 -7.9672756 3.7001812 2.8497303 1.9106598 -3.648866 -0.8639163 -5.0766544 -0.88351953
retrial -4.0701203 3.391164 5.265973 2.215549 -1.8539761 -9.160687 4.6633954 3.1634638 1.5643015 2.7624824 -0.7765063 -4.437911 -6.515622 5.1167326 1.0577364 1.6251662 2.7749774 1.1669912 -5.29526 2.1353054
trespass -1.149132 3.1779153 -0.20736346 0.95142627 -2.1909244 -4.9780025 5.535207 -1.6848254 -1.4869024 2.1451514 -0.2463838 0.73319113 -4.979597 3.3638234 -3.4025216 5.1735415 -2.325418 2.10086 -3.0054553 -1.5510387
homicides 2.0554748 3.9140368 -0.56329286 2.2211196 -1.6616162 -5.4557085 4.872219 -3.9857147 4.828303 2.2378948 -1.3787342 -5.762824 -11.19096 -3.3421237 -0.7242823 -1.4046859 -0.08464695 -3.6919348 -2.346946 -3.94492
slander -2.6410196 0.57968706 3.816371 -0.017007837 0.5661804 -2.9434938 5.4857454 3.110627 3.1294982 1.1938066 0.070060514 -1.9768304 -5.5338073 1.32163 -3.1038888 2.895464 -4.2922783 3.8024004 -4.89394 -0.8484198
malpractice -5.7671924 4.6898136 2.6631007 1.7630305 -2.0658789 -2.9194221 4.396193 -2.4851441 2.9148934 1.3392378 -2.6225152 -1.3741547 -7.8669252 -0.7479431 2.3673465 6.7866054 -2.496325 -1.2541645 -1.6855221 2.44479
verdicts -1.4354656 1.5791687 3.8035228 1.58083 -2.004831 -5.9027624 4.430449 2.012809 6.1901 3.4697413 -2.80911 -1.7004095 -6.9769783 3.155466 0.792057 1.4472607 1.3170869 1.4868923 -3.0492709 -1.2734185
incriminating -2.3080885 -0.0053319787 5.075396 -3.4357603 -2.1927664 -4.2270665 10.640903 -1.3472672 -1.4834148 -3.6824734 -1.5748972 -2.1475387 -4.2029905 4.431438 -3.679068 3.9988306 -3.2679756 0.26425782 -4.4847374 0.5539498
unlawfully -2.0946956 1.7914677 0.33830884 0.80287814 0.8529129 -4.6674485 6.388945 -1.1862965 -0.07250179 1.5264893 2.572809 0.09644704 -8.981911 5.6301985 0.9791345 2.9211926 -2.6152222 0.6444129 -3.1861317 1.4856731
pardons -3.3501618 1.0881182 1.0663157 2.2487898 -0.569966 -5.8313665 4.715563 0.6738722 1.5967094 0.5628757 -1.0558828 -1.4566306 -6.3702526 6.0626845 0.9991022 3.8137512 0.53601795 2.9106405 -6.9422026 1.2810458
subpoena -2.1574888 1.2939278 3.6914046 2.5617583 -2.287542 -9.945094 6.049945 2.1813734 -1.305688 1.564811 -2.3280702 0.8210993 -7.027088 3.6068165 -0.5186369 4.478743 -2.7709603 1.2368153 -6.0460434 3.830437
criminally -2.8355439 4.0902305 2.2672217 1.731479 -0.048660565 -2.7751985 7.556597 -0.4101977 0.65349543 -0.43073115 0.5837283 -3.1004403 -7.0081596 0.80835086 0.59543926 3.7499413 -1.853655 0.9092681 -3.4281912 1.6012428
infractions 1.0040456 3.694043 0.050080325 3.3821657 -0.6660785 -5.366133 4.8987303 -0.40601262 2.9045682 5.037793 -2.5854375 -4.6958175 -7.519872 0.67957044 3.2814977 5.544725 1.1356444 1.3741817 1.4895406 -1.5499176
wrongfully -2.2896926 1.9909425 1.7426599 -0.44558907 1.5289956 -4.620247 6.190779 0.22241828 1.9115266 0.12551683 3.1310465 -1.6270103 -7.9380317 1.4987569 0.8416337 3.7003648 -2.4059758 -0.07249867 -4.847165 -0.14150281
larceny -1.534289 3.518903 -0.28104034 -1.7482584 -3.111054 -6.626151 6.279618 0.033110406 -2.077994 4.0941596 -0.48612946 -0.8514015 -4.786259 4.7872906 1.9461211 3.6832428 -0.032314 0.5922758 -6.1933017 -3.2239232
reprimand -5.87951 0.30229756 3.4370499 2.890334 0.66031545 -5.3926597 4.3588567 2.943836 3.8600967 0.76364696 -1.0119259 -1.850799 -4.7787533 3.0494578 0.23498926 3.8096278 2.6170058 0.8061053 -0.023921657 2.3861995
memos -0.46895963 -0.66303605 4.340245 1.6553046 -3.39863 -5.977779 7.312666 3.3831692 3.7468975 -2.2299 -4.150909 1.7940621 -3.7278368 2.0751812 -0.6232272 0.7067541 -3.8833573 -1.5209601 -1.8798537 2.3934877
eichmann -0.24600343 -1.0624181 6.1438 -1.3299866 -0.31336462 -1.6421194 6.339795 2.7153447 4.3595986 -2.1357443 1.3050464 -4.8003464 -1.3371564 4.924944 0.42475185 -0.42759162 -2.827349 0.12956621 -4.497931 7.720556
fraudulently -3.1296127 2.482309 2.4494932 -2.4922729 -0.60936326 -4.786315 3.7498229 -1.0517741 1.2982665 0.81359726 2.3732867 2.8035328 -8.202555 4.320063 1.7790676 4.164605 -3.86211 -0.5003906 -3.4577289 0.7962608
solicitation -0.20609926 2.1236954 1.4960227 0.005422898 -3.0540395 -3.8322496 3.5528338 -0.16438815 0.527135 -1.3101857 -2.978601 -0.16197094 -6.032355 1.7448446 0.94655204 3.6573815 -2.4120336 0.97325194 -1.9125981 2.2836175
molestation -3.6778073 2.780468 2.0519767 0.8070606 0.11781903 -0.93840206 6.112287 -0.85312283 3.3773518 -1.295019 -1.8968569 -5.6134615 -6.9476833 -2.3665261 -0.100658774 2.5483265 0.07807919 1.9597244 -4.881407 -1.3522657
defraud -2.9717546 0.5409362 0.38249323 -4.455524 -2.290319 -3.9466574 3.8653 -1.0855112 -2.6340835 2.4809804 -1.6133386 -1.0876465 -7.5321884 4.4175124 0.2313166 6.952823 -6.7706423 1.337265 -3.9560614 -0.4247851
whistleblowers -0.7921686 1.4260669 0.58316857 0.74731106 -2.2086337 -2.9900153 6.0574207 2.173358 1.4897821 2.3009832 -1.9270927 0.10579128 -8.191237 -0.7749868 0.3394542 5.211614 -4.0878077 -0.91167283 -2.0541675 2.3232238
felonies -0.30807978 3.5005107 2.1206534 2.9655714 -0.73798734 -5.698788 6.6125655 -3.2147734 3.2394772 3.99953 -2.1176465 -3.6591628 -9.157971 1.1981621 3.6474288 2.6477575 -1.2187515 0.20893201 -3.3193586 -2.1084309
violators 0.32289296 1.9738902 -0.0880124 -0.5078921 -0.2268341 -4.7794385 4.3908467 -2.2151518 0.63791823 1.9685649 -1.2419562 -1.5426363 -5.8425593 1.0358808 0.059932016 3.496156 -1.3282722 3.8647437 -0.76887137 1.9764475
infraction -0.3367156 1.2567928 2.649272 0.49269003 -0.024448134 -5.940364 3.3517864 -0.6261817 1.440973 4.654725 -0.9441636 -2.76395 -5.771788 2.0745258 1.8367105 6.34264 3.7052484 1.0458796 0.3467683 -0.43481743
crossexamination -4.392885 1.0932811 4.774872 3.8074274 -0.1873399 -4.091545 6.518623 1.8899212 1.7136862 -1.0278529 -1.9212391 -2.1725464 -4.095944 2.0589037 -0.27275544 5.9606905 1.4849861 0.031166283 -0.4844492 -0.5495657
indecency -4.761858 3.7430224 0.67323405 0.35163212 -2.5637062 -3.7978806 5.713893 0.44209176 3.0243812 1.908742 -4.303624 -1.1230005 -7.8894424 -0.6971787 -0.31203327 2.3340151 -0.63104504 2.9427955 -3.0984554 -1.1213497
felons 1.1086854 2.6844757 0.087967 2.1409798 1.1183813 -5.1957808 6.327845 -3.24285 1.8946577 -0.98144865 0.49605653 -1.9763955 -8.00968 2.357575 1.7377924 3.2333608 -2.5913308 2.0656388 -3.0494254 -4.0541996e-05
inadmissible -1.9884572 -0.11632392 4.853925 0.8317816 -1.3251473 -3.491176 4.8607936 -1.3934608 2.9286923 3.143245 -2.208026 0.06308437 -4.712963 4.1014643 -1.9690766 4.4334373 -1.5884919 3.1430252 -4.691694 0.3891596
accusers -1.8350728 0.98376334 3.4923227 1.8039274 1.2793083 -3.0458558 6.6266465 2.1939783 3.0946722 -0.3236035 1.1758922 -2.8692122 -5.6894417 2.1363907 -1.1169176 3.02791 -1.0083054 1.7159872 -4.080412 -2.1566787
spousal -2.3338466 2.8597903 3.9433775 -0.7780001 -0.7354556 -0.45140037 2.455394 -1.6971569 2.664436 0.64481175 -1.2836887 -1.2776088 -9.450675 -0.45028514 1.476545 4.312218 -0.58625245 2.1940696 -3.66566 0.4850771
misdemeanors -1.1346046 2.7691467 0.95168304 2.6622584 -1.1680261 -4.2931614 6.5662904 -2.0437827 2.0071385 2.5108404 -2.8750224 -3.837773 -7.3638797 0.8561879 2.383362 2.5597754 -0.4624941 -0.1737138 -2.485494 -2.9859016
affidavits -1.6753827 2.257487 3.6882071 2.3731806 -1.1470867 -6.6884084 6.634386 0.5641386 3.8713596 -1.3612027 -0.62778294 0.9574211 -6.9970727 4.454283 1.4794314 1.8050827 -2.006711 0.47450954 -4.9517884 0.7643235
complainant -3.8326702 0.81346226 3.6572068 1.4739746 -0.36180684 -3.8852208 5.2408657 0.30898002 0.6883081 0.53912365 -1.0786333 0.55620855 -7.66428 2.4799337 -0.96583116 3.7733693 0.22109687 1.5673238 -3.2446766 0.22554696
abetting -1.7184967 0.034191974 1.8999435 -0.9226217 0.80663085 -0.7996411 7.19479 0.5272268 1.1816843 4.7007895 0.89628977 -4.3650494 -7.0244164 1.332362 1.4719204 3.4460719 -4.8824735 -0.49706575 -2.9442406 2.0462239
mishandling -2.4194224 0.9526767 1.212911 0.21034047 -2.429739 -1.8132683 2.9919333 -0.05426816 0.24400027 1.7102877 -2.4986784 -4.5186563 -5.18567 1.5574418 -1.702151 3.4004953 -3.4235737 -1.5003462 -0.8952952 0.92694175
mistrial -2.2093737 2.8341753 5.150752 2.3370774 -1.2208202 -8.708434 4.330971 3.1487212 1.3243366 3.6337123 0.6919449 -3.9547148 -5.566969 3.1047132 -0.45847988 2.3490002 3.0111651 0.091019414 -5.499014 0.1526812
wiretapping 0.2483547 -0.55369955 1.6665112 0.7369667 -2.174727 -5.0317717 6.5098777 0.8283103 -0.42200962 1.7094338 -3.319311 -0.93404955 -5.733831 0.309665 -0.9250273 2.908824 -5.115868 -0.35474262 -2.5087578 3.2886193
subpoenas -1.1645077 1.289935 1.8473074 1.8223068 -2.3638341 -7.5821996 5.372969 0.33529353 0.67082936 0.24192089 -2.6067984 0.0250189 -6.645413 2.9513023 1.0287343 3.101462 -2.1759865 0.45116606 -4.6744714 2.8634388
indict -3.1266255 -0.18535374 1.4207541 -0.27233246 -0.634236 -4.3254576 2.9820125 1.2528338 -0.93558913 1.89116 -2.210933 -4.7312 -4.675786 3.7028515 0.2518676 5.3063555 -0.73282653 2.3675597 -4.8594832 0.66470665
complainants -2.0188491 0.92673016 2.7552419 0.9941544 -0.66423935 -3.4252305 4.084964 0.16111696 2.4062378 0.66359985 -1.4456097 -0.7899355 -7.027026 2.4389968 0.2561151 2.5125816 -0.48815653 1.0200388 -2.0172005 -0.08237655
warrantless 0.018434234 -0.45063907 1.6980278 1.5540061 -2.3516743 -5.3612385 7.937085 -1.4123636 -0.9251331 2.6178792 -2.9457026 0.6453225 -5.992866 0.7900006 -2.067973 4.474189 -2.2668164 -0.803774 -2.517782 3.7934213
wiretap 0.053456414 0.13942203 1.9965351 0.3093724 -1.5622593 -5.336476 6.6467137 0.09775511 -1.671874 -1.0064646 -2.1292458 -0.51852363 -3.84722 0.2174575 -0.4204314 2.2407546 -3.043377 -0.67179406 -2.8263404 2.6287606
bigamy -3.2758079 2.2629743 3.3369968 0.48117286 0.8684568 -1.4313785 2.860175 -1.2756275 2.8019302 0.7324122 1.6140463 -2.1820383 -5.5998516 3.1140115 0.55612123 1.8931109 -0.44708076 2.4171712 -5.8809547 -1.7196943
malfeasance -2.2618108 0.2410863 1.8842281 1.8373377 -1.4481139 -1.5456619 4.0676284 0.21618949 0.63461226 2.3431063 -2.1322212 -2.5470335 -6.773823 2.1644142 -0.50893104 4.3191977 -4.1766367 -1.3193121 -2.8051052 -0.51836777
wiretaps 1.1996442 0.06021478 2.0482373 -0.27145028 -1.3154804 -4.978527 7.16569 0.8490406 -0.71890336 -0.14424391 -0.91293466 -0.27755556 -5.0225005 1.2805706 0.10834253 1.4264026 -2.5997136 -0.8394255 -2.0884802 2.8086116
improprieties -2.0660412 1.5895733 2.2966666 1.0945151 -1.6243556 -1.6657463 3.0848804 1.6963884 2.2459214 0.8084207 -1.5153025 -2.21684 -6.7614894 0.21674979 -0.06280578 2.4820728 -3.3486767 -1.7330343 -1.7212241 0.04127307