Centroid_60 0.9853618643952098 1.3235762069281432 4.0214333295209554 -1.8641878499700608 2.2626977444311374 -0.3709260093772453 -0.24101774991616765 5.2498407844311386 0.1417776120538922 -4.829399683652694 3.142146345341318 1.8050738025808397 3.523339316010481 -5.406849625868262 -0.378505635526946 -3.8896939291916186 -2.5373656667604814 4.090658774934131 4.458403651377243 -3.4630434865269466
band 4.3622236 4.9749804 2.227888 1.2339473 5.0860486 -6.110161 0.9487878 10.886896 0.1419237 -7.6761093 9.325638 1.2210631 3.0077443 -5.2360573 1.8764364 -6.542551 -3.7676716 4.8893933 6.6070943 -0.7229264
rock 5.902311 3.7987144 -1.5219008 -0.030927662 1.5304773 -1.0652202 -0.40551645 3.3666508 -2.1971085 -3.7024505 6.214604 4.0868483 7.8590264 -7.4999323 -5.225748 -5.3072495 -3.9227116 4.7487364 5.226403 -4.656681
sound 0.89851993 2.6303668 5.7207713 -0.60860306 -0.46981466 -0.5972934 2.661841 5.035253 -1.0569916 -5.476073 3.3750982 7.6438527 4.056682 -4.8110847 -5.7809043 -2.0235918 -1.6356739 1.1120893 11.365838 -1.1196029
bands 6.6767316 4.9028254 2.0220258 -0.18149342 2.153375 -4.2514267 1.2305253 7.709824 3.6280022 -5.221462 4.9936557 0.8330033 2.1927903 -5.0260096 0.023416948 -6.438482 -3.581886 6.2400765 7.982981 -3.3166854
singer -6.550984 0.15086809 2.8242614 -6.734026 5.400064 1.791903 -3.2331727 12.52757 4.121614 -6.3834243 5.1433554 -0.09074971 3.8984804 -11.149612 4.8839884 -8.814548 -3.3650408 4.462853 -0.51772684 -3.9231431
jazz 3.8596663 3.6905537 1.6541067 0.9815514 1.6218827 3.2259407 -5.1371374 7.508995 1.7775459 -10.306683 4.0693274 5.732359 8.087734 -10.588609 3.1954699 -3.560542 -1.9710824 4.302955 3.9295793 -2.1833365
guitar 0.1295752 2.4014223 8.621767 -2.2775974 4.0240016 -0.21300983 0.11931452 6.9099426 -2.492709 -10.459749 5.441283 2.935888 7.3890777 -6.370228 5.279825 -2.6911123 -1.2056866 1.249035 11.024895 -5.952781
pop 1.7417239 1.0689174 2.3402174 -5.540482 1.775321 0.33316177 -2.764389 8.816329 3.3215551 -4.5480533 3.0539117 6.26529 2.5886474 -10.21157 -2.6625013 -5.56733 -3.2653165 8.110154 5.849382 -3.2831695
lyrics -3.022224 -0.30310413 11.382747 -3.0394032 1.1902567 0.8707501 3.65073 10.267035 3.6529567 -6.732772 -0.12967995 4.89501 -0.1340999 -3.956961 -4.047658 -7.7072363 -1.3959627 7.4233384 3.4765086 -7.6537576
bass -0.6756881 -0.8314202 5.118707 -1.3861972 5.185537 -1.8035605 -1.9866906 2.298007 -4.350341 -6.357625 3.8957458 1.4917333 8.100314 -6.712951 3.9830537 -1.8165823 -2.5785456 0.2876994 8.396046 -6.205231
blues 2.0799956 4.7279053 -0.842201 1.1565017 3.3537238 -2.7715714 -3.058747 6.6497765 0.22098108 -6.9192944 6.4708786 3.0000935 6.8896465 -7.576239 0.7038528 -2.4538348 -0.20621428 4.8241186 4.1066165 -5.8980875
vocals -5.322516 5.6564293 13.215871 -3.6251004 2.353338 -3.164342 1.5270263 10.282304 -2.4041939 -6.4661202 1.9523307 1.7630079 2.9326482 -8.223774 2.7781854 -9.235333 -3.0233705 5.870246 8.157529 -8.056329
guitarist -4.4107037 1.690136 8.19134 -1.361574 5.7221437 -4.0322843 -2.7221134 10.177454 -1.5391952 -6.2107096 5.708449 -3.7245996 8.58667 -8.35732 4.185097 -5.625225 -8.371893 1.8345723 3.4172685 -4.089419
vocal -0.42094955 -0.026902523 7.6967344 0.49319953 2.8995368 2.6491559 -0.806408 5.553052 3.0546758 -7.121327 -1.9201956 1.2700908 2.064357 -7.422551 2.7365215 -0.9451299 -0.37899157 5.647922 9.278551 -2.7582684
lineup 6.0609465 4.3833637 4.2021494 -0.026791265 0.86939615 -9.740804 -1.66003 9.591716 -1.0245235 -4.1342297 4.1961784 -0.8717122 0.9538881 -3.637595 4.7275987 -5.318758 -1.254729 -0.7516618 8.065112 -5.251975
mix 3.4038255 2.2646894 1.9847629 -3.3711936 -0.7905719 0.45330417 0.19652966 1.7224258 -1.8004951 -3.956887 0.5989554 5.5625334 0.16870004 -4.710413 -2.0959523 -2.9576993 -2.4079869 4.3815837 7.0533147 -3.405674
sounds 2.233721 1.5585344 6.8050766 -1.6846479 2.2874386 0.21657434 6.191792 3.0157192 0.868361 -5.690268 3.0101008 6.087894 1.9340737 -5.9497433 -4.900205 -4.2315426 -0.55804336 5.2521687 10.577785 -3.4905303
duo -0.19306073 0.88420224 3.5404987 -5.5636315 3.5661824 -2.3825963 -0.7201503 9.662289 -0.5066677 -4.260374 5.6245975 1.2457961 3.1711738 -6.766711 3.7675924 -6.047551 -1.8846546 2.296973 3.5077245 -1.2668619
drummer -4.263315 1.7416567 6.8706264 -0.9171049 5.4503384 -5.377814 -1.1530998 8.718335 -3.0350788 -7.358865 5.0303736 -4.6084704 8.05015 -6.5119443 4.2940555 -4.227572 -7.2668276 1.7652596 2.9524949 -3.3850138
drums -1.6429191 1.11508 5.7068233 -1.0721095 4.742187 -1.766914 1.7272104 3.9565847 -3.889856 -6.3100495 4.133646 -1.8849983 7.6711597 -3.808163 4.29506 -5.2682214 -3.0221457 1.7363356 8.033684 -4.271637
trio 2.5164323 1.043217 4.1296616 -2.784951 3.6572402 -1.5236982 0.69813067 6.8624635 -1.8079319 -5.4016995 5.6493773 -0.68357366 4.622168 -4.1949973 3.1941338 -4.288627 -1.2018049 1.8753977 2.7119033 -2.7718444
punk 5.115814 3.2634237 1.8209156 -1.5162576 3.1252818 -1.0387348 0.66233456 9.161616 0.75636345 -3.6258588 6.4199023 -0.30755436 4.28733 -8.473572 -4.367032 -3.295725 -7.4508214 6.829028 5.6807103 -2.2574246
vocalist -4.99194 1.0558974 6.858406 -2.7863426 5.6284623 -2.9666758 -1.2883016 9.805665 0.5337013 -5.6161942 3.3600802 -2.354099 5.2551837 -9.655751 5.195923 -7.7020698 -4.0897512 4.1482463 2.8074 -3.292717
songwriter -5.3833847 0.7365126 2.7212892 -3.145046 4.120355 -0.04722657 -6.069278 8.049312 5.519503 -6.581027 4.2132716 3.3615503 3.888122 -11.731157 4.289734 -4.724928 -6.967487 1.7217511 1.5671995 -3.0782409
acoustic 3.7670252 1.7488992 6.727487 -2.2568429 -0.5746508 -1.0373738 1.1892773 2.098066 -1.1224878 -7.165128 1.0185162 4.443038 6.254983 -4.7440777 -1.4259317 -3.9348395 -0.11651378 2.9203658 10.258427 -0.19713536
chorus 1.9415652 0.6875254 4.891255 1.8761569 3.093576 0.79861397 2.8917592 7.9439216 -1.2768446 -7.6069984 1.210172 1.5965129 4.160905 -4.0726905 1.1589999 -5.607664 5.0298986 7.2108192 4.3542995 -4.3612843
rhythm 3.3790948 0.079000264 6.983324 0.9181563 3.199634 0.8812455 0.22698973 4.9831357 -0.78687245 -5.24577 1.7379806 3.5316157 4.826025 -7.0380025 -1.3546572 -2.7389297 1.4123532 5.5962086 8.333084 -3.5920422
bassist -4.2919955 1.1208016 8.204791 -1.15017 4.9044857 -5.4156313 -2.0056756 7.5667133 -4.1314383 -6.0352745 4.1065426 -4.8380857 8.538904 -6.7753778 3.7657022 -4.6263423 -7.9133377 1.5515925 1.685158 -3.44355
genres 8.5300865 2.3382192 3.2724755 -2.0890148 -1.9591266 7.388005 3.1963027 5.9125676 6.3911376 -3.6152565 0.44856605 6.9877825 -0.36672223 -9.175586 0.25628626 -6.2964854 -4.099443 2.6888888 8.773582 -6.051195
discography 1.2034332 2.2299898 2.8549328 -3.8026464 -0.52925986 -3.748183 -2.4032183 3.482393 3.3546169 -6.769852 -0.66947585 1.2875935 6.633203 -6.937784 1.4905344 -6.0346575 -2.3863044 5.6198387 -2.423515 -1.7801601
tune -0.2518128 -0.8966438 4.193012 -1.8249061 2.1355822 -1.2263733 1.618713 6.4273267 -0.24220608 -6.4575005 2.113849 5.805815 2.6636333 -1.1809472 -1.7547518 -4.794205 2.0454323 5.4221435 5.2110915 -5.993879
indie 2.538827 2.8146274 -1.7255818 -4.3424363 -0.738684 -2.3524241 -2.366543 7.751366 1.4991723 -4.1322865 3.1745327 4.498622 5.033306 -8.823018 -2.5092688 -2.8520281 -5.2675853 4.2709947 4.256009 -1.2029315
rap 3.9730165 -2.0457735 3.0120828 -4.664769 3.8606024 -1.3412403 -0.39992374 7.1505885 1.6110152 -4.1487517 2.4493036 2.3505309 -0.00075362425 -9.547611 -2.4245415 -4.3257995 -3.3228076 7.095747 3.2400107 -2.237194
rapper -2.5211687 0.30497202 1.9142237 -6.1815724 5.1262774 -5.7628336 -1.2385381 10.673207 0.17309017 -0.858051 5.0789065 1.9887336 2.6450844 -13.370363 0.33009225 -7.911832 -6.6427374 6.1752505 -0.9292048 -0.9600209
beatles 0.067505725 4.9744697 3.1424987 -2.595419 0.15311718 -4.8185105 1.1366587 7.977893 2.4605927 -9.6110735 4.532943 2.7462413 1.5726738 -0.9586222 -1.5405061 -3.6731153 -2.787553 5.1961284 3.041315 -4.586972
guitars 0.42434427 2.6062543 7.780744 -3.7596009 1.5985181 -0.7902931 0.37069786 4.1197643 -3.1584835 -6.528143 3.329488 3.669718 6.4705563 -2.8586164 4.162649 -4.2804236 -5.9895644 1.4159535 11.682101 -6.2787523
beats -1.2149732 0.9157299 7.3268113 -5.2855964 2.5161152 -1.897074 3.3745618 3.8820543 -3.2912395 -2.9200242 0.33702624 -0.022522427 -0.7171931 -6.3428073 -1.1699381 -5.942303 1.8677341 5.214481 8.84594 -5.4922853
sings -3.9132376 -1.5131435 2.6547382 -4.55854 2.8436897 1.5967566 0.69672465 3.2839463 -2.3486602 -9.367123 -1.1382473 -2.3022103 6.2594733 -6.034382 -3.8081174 -3.4720142 3.1535404 8.994347 0.39814013 -7.3898177
ballad -3.4639652 0.4224008 5.805198 -3.1852136 2.0801787 0.063334376 1.5693855 6.6562123 2.9355724 -4.862666 3.9806209 4.5558004 4.6738253 -2.6279461 -5.8111653 -7.181102 1.0079471 5.98094 1.8164952 -8.4526415
duet -3.1641827 0.5070711 6.0127263 -7.1841097 2.6332922 -2.2112331 -0.7323873 7.3944793 -0.26545298 -5.8249655 1.5316279 -0.24364191 3.803579 -6.6046305 2.707156 -7.905421 3.6010327 6.4597435 -1.4303485 -4.692287
hiphop 4.2257524 0.47521782 2.0715954 -3.7448628 2.621611 1.9177873 -1.7347811 7.463837 1.3561248 -4.9429584 3.1687083 4.5568686 0.5244253 -10.731194 -2.2139447 -4.0247993 -5.0370307 6.8314004 5.05139 -0.9954143
hardcore 4.9896693 1.4745451 0.33191845 -2.9445074 1.8154525 -3.441928 0.8435417 8.939431 0.9611435 -1.7730029 3.2884846 -0.6935622 1.5896245 -7.715604 -4.027839 0.46639788 -4.6413574 6.0892277 4.9628615 -1.7477473
tunes 1.19408 2.1529837 3.2169561 -2.3196068 0.85914046 0.46742627 3.0397394 6.0709753 2.325798 -7.4745255 1.8197838 5.922505 2.236617 -2.642355 -0.09589261 -7.0597386 -1.5485098 5.1693187 7.016685 -10.326331
songwriting -0.91074705 4.703612 7.6732483 -3.216293 0.2484169 0.42640513 -4.431903 7.8497453 4.1310935 -8.455236 2.6553555 4.0956597 0.1284133 -6.6865005 2.065776 1.4419011 -1.0938265 2.7208078 7.6733956 -2.5440848
funk 3.1888444 0.9913181 4.69252 -2.1411412 3.5665603 -1.7534646 -1.9425216 6.1899657 -2.0610523 -3.7507002 6.055532 2.8415644 5.716535 -7.0999093 -2.3091471 -2.0658972 -5.5017447 4.668113 2.9215853 -2.330094
disco 3.011267 2.2049277 1.3925122 -7.070778 1.0546324 -1.5979838 -0.4571579 6.831812 -1.3798577 -4.863988 4.5675273 0.39547357 2.5936308 -5.4978547 -2.5476818 -6.283234 -2.8483794 5.6104546 4.3255386 -3.1563272
lyric -0.12963276 1.9670328 4.7221117 -0.6755185 -0.8172184 1.5548174 1.1880009 7.537379 1.6948866 -7.3638535 1.6168436 2.834984 3.8350363 -1.3381052 -2.5837348 -5.1804914 1.5922132 4.382639 1.7174764 -4.1154003
keyboards -0.11594569 -0.14455871 8.37568 -1.9037638 1.926644 -2.3738909 1.0143291 3.8097692 -3.7890928 -6.7985134 -0.024284698 2.415088 4.8211284 -4.3076878 6.021625 -3.3017116 -4.408484 0.4338006 8.575316 -3.851889
reggae 1.879 0.7988511 0.21976392 -4.0064015 3.2829587 1.9603611 -3.9007473 7.0568414 2.8172288 -2.6836836 5.1929874 3.8725145 3.2242572 -9.08822 -1.942145 -6.9372582 -5.6142716 7.3488564 2.9533443 -2.714961
groove 1.8730432 2.6629596 6.094082 -0.13601086 2.6394641 -3.4117806 2.0055127 2.2564929 -3.6345274 -1.2007644 2.5183969 2.5358427 4.654821 -4.9064336 -2.1501186 -4.4570327 -0.35858908 6.367276 7.4567404 -3.8826406
rhythms 4.1965814 0.38744316 6.6448097 0.60037327 2.8929965 5.962368 2.1350489 3.814175 1.7927796 -2.1416833 2.4222138 3.8910348 3.7620597 -8.059091 -2.2400582 -5.01833 0.18267179 5.165201 8.469078 -2.9257467
remixed 0.21701396 -0.20403002 3.3520992 -8.266957 -1.2980193 -6.1868043 -1.9292226 4.2317195 -0.162264 -5.1285253 -1.198829 0.02880343 6.366913 -3.227931 -2.690115 -6.769896 -3.5954788 6.612509 1.4157206 -3.6657555
ballads -1.002854 2.0696075 3.700987 -1.4046286 1.0736754 2.7628944 1.3853458 4.418933 6.139742 -5.302602 3.3891573 5.387035 3.0823145 -1.8888729 -4.23602 -7.0614557 -2.219441 5.292441 4.034657 -10.173784
mccartney -3.0739946 3.4697833 6.7493143 -0.5653641 0.95563436 -4.911073 -0.16918136 8.885971 -0.49045977 -9.365929 3.378185 1.5735841 2.245516 0.3963285 1.8840147 -1.8398283 -1.2864034 3.8639607 0.48546323 -3.735593
frontman -3.9376419 1.9664567 6.526086 -1.6692827 3.728914 -5.211521 -0.5843046 7.941258 -1.8655707 -4.3487806 3.6426027 -3.1511722 6.406176 -6.4056997 -0.9787553 -3.8612483 -7.3975406 3.8398814 1.2222661 -2.4308767
saxophonist -2.51809 2.0998306 7.203282 0.69286513 5.088346 -1.023444 -4.4568505 5.600726 0.13994943 -7.1760454 5.481371 -0.21800709 11.398012 -10.891319 4.292725 -3.8989854 -5.7911243 1.0950482 0.17448322 -5.5063825
musically 1.1459802 1.5210224 7.9466467 -1.6421026 2.5501344 3.0514874 -0.8040354 4.6726093 2.5022244 -6.5305247 3.840711 2.7754786 0.45491275 -3.8403974 -2.9085069 -2.2587025 -0.93005246 5.049488 6.5196533 -4.3788953
keyboardist -3.5552394 0.5206762 6.329989 -1.4878309 4.057638 -3.9949787 -2.1858244 6.7864885 -2.0332913 -5.1810303 2.9581974 -3.01851 7.3270683 -6.2952056 4.218944 -4.5555325 -6.6417236 1.5415767 2.4882598 -2.7309582
songwriters -0.27801636 3.5125995 2.083359 -2.565567 0.7505047 -1.0750949 -1.8465003 7.273529 5.073181 -8.36136 0.8913603 4.485854 0.12011016 -6.060408 6.8796506 -1.8049906 -5.229818 4.381026 1.1671616 -3.4060137
bluegrass 3.0486152 5.270316 -2.5995712 2.208943 1.8192456 0.501025 -4.0587573 1.7829037 0.52937496 -7.09321 3.1566756 4.9719334 4.7239656 -10.199053 1.1400552 -2.070607 -2.7043514 6.071105 1.7669029 -3.799825
onstage 0.590215 2.6902256 2.794131 -2.520915 2.1240666 -1.0131745 5.185521 8.666988 -1.0998586 -7.6234217 2.6289468 -2.8241377 1.0480919 -3.9994566 2.361022 -2.1049564 1.875558 3.9571195 5.3654075 -2.3419497
lyricist -7.2360606 -2.9064345 4.5840597 -3.4876704 1.5575365 3.756173 -1.915169 8.197884 3.3892252 -5.767852 -0.6969441 1.6831269 2.4640195 -5.4155188 2.10119 -6.457732 -3.5790873 0.979956 2.1370134 -3.7635214
quintet 2.0145283 2.3371851 6.142652 0.6432897 1.4506351 -0.5680433 -1.8492657 4.9676642 0.753795 -5.813386 3.8642142 0.52456766 9.492031 -4.4336095 3.4967518 -5.9988976 -0.6215507 -0.045342036 2.7592723 -3.2728696
rappers 2.133701 0.669877 2.3396895 -4.4545097 4.271917 -2.3184614 1.364561 6.9155717 0.6681252 -2.2961476 2.9414587 0.56676966 -1.7866591 -9.380487 0.6540957 -6.3002796 -6.2303376 6.6098704 2.0039911 -3.8585086
hendrix 0.082131416 5.434882 4.6749997 0.24683182 2.6767635 -4.129173 2.547587 5.1207623 0.64223725 -9.471105 6.434801 -1.1719728 4.3614373 -5.1243277 0.3746048 -1.8139373 -3.1018052 0.92473567 3.1942444 -0.45265934
banjo -1.1933987 0.39843124 1.3408736 0.73162556 5.030716 0.24860696 0.34235814 2.1059728 -0.64779603 -8.19474 4.192367 3.4175026 6.7655287 -5.037628 4.689047 0.092145525 -1.251249 1.7945989 5.415719 -6.4837527
vocalists -1.0392923 2.1397026 5.5348244 -2.6268454 3.367024 -0.09666972 1.8014951 6.5076246 1.9981908 -5.650829 0.08920793 -0.8014911 1.3061216 -6.6852565 8.486179 -7.807087 -3.205618 4.752714 5.087437 -5.6063075
guitarists 1.0079511 1.9006677 7.0792637 -1.2690581 3.2313 -0.8709653 -0.52100307 5.3955035 2.0037913 -4.9429135 2.5726123 0.24173081 4.253662 -5.2199464 6.2983046 -3.3067892 -5.2227764 1.9644076 5.9372883 -6.623627
intro 3.5861807 -0.29145458 5.7959332 -2.2886856 0.45528874 -3.6470258 3.7313962 5.8440094 -2.2363389 -5.681701 0.71257585 2.941367 3.4351177 -4.3500376 -2.4360652 -5.7373257 2.6576676 3.630734 4.71206 -4.2521043
techno 3.930933 2.0144823 2.6938047 -3.1012402 0.5650953 2.456658 -1.4624392 5.750485 -2.3445194 -3.714151 3.2725966 2.7218874 4.1035714 -5.46939 -2.2694314 -4.3716564 -6.032404 5.296013 6.3762183 -0.31361523
riff 1.1313993 1.127474 8.61956 -0.16273007 3.0222132 -2.075593 3.607057 7.5962405 -3.341071 -5.601337 4.84631 2.4891458 4.1690226 -2.7079978 -3.0633097 -5.945486 -0.674587 3.3194244 7.6266217 -6.1041493
fiddle -1.5926746 -0.23749894 0.48108968 0.27972683 5.684943 2.1150641 -1.7493522 2.4292414 -0.40957427 -6.8029914 4.738891 4.100847 5.943262 -3.776868 4.633962 -2.1221907 0.049742725 3.6502671 5.484162 -7.5097485
lyrically 1.0879699 1.1972011 9.075606 -2.5441506 1.776938 1.8774223 0.28585294 5.366235 1.3783029 -5.7477903 2.5678995 2.7520356 -0.34633183 -6.883681 -7.7158537 -2.0007946 0.5782591 6.9857 3.7178073 -5.5550404
vibe -0.13540056 2.205469 4.576492 -3.1215096 0.9034661 -2.1269898 -0.3714005 6.491488 -1.1104712 -4.04836 3.1829536 5.432381 0.023594314 -6.483509 -4.7893963 -2.6125362 -1.3244789 4.746496 4.2209044 -2.9607203
harmonies 1.360973 3.375742 9.766242 1.3426015 1.874815 3.5372555 1.5712062 6.1440325 0.34702381 -4.8635154 2.527325 3.676579 3.7551413 -3.9960315 -0.7722583 -4.1393514 0.09127944 5.772805 9.697362 -7.1918645
rhymes -2.2744973 -0.42764366 3.1488862 -2.7350013 2.136987 0.7786769 2.2930787 1.3998582 1.0065824 -6.154515 0.17755964 6.2386775 0.48815018 -3.5797303 -2.16291 -4.4283047 0.036061946 6.2109694 2.6574478 -8.0335655
drumming -0.1340296 1.4845839 3.6003377 0.32476452 3.6517808 2.1737578 1.9621747 4.278815 1.0135467 -5.7376494 3.0415692 0.8733341 4.0938425 -4.9327703 0.92675745 -1.5772125 -1.3024188 3.8016455 8.569215 -1.4985929
harmonica -0.35001308 1.3812232 4.1414614 -1.2419039 4.087244 0.22913171 -0.5605542 3.087724 -1.0980831 -8.114828 3.8766994 2.1302702 6.23602 -4.860459 5.658968 -0.25000462 -0.20689502 2.295589 6.7836246 -4.8603315
catchy -2.2801995 0.2813585 6.7015095 -3.4675753 1.935181 0.32806268 -0.28902704 6.060365 -0.31366673 -4.639026 1.4886771 5.7160063 -0.26102108 -5.617219 -7.3799443 -1.8008835 -0.28985465 8.3134365 9.707938 -7.548867
clapton -4.280462 4.2223854 2.880169 -1.0609895 2.2686496 -4.150399 -4.15395 7.1146355 -2.1782417 -5.8361187 5.754736 1.2348238 4.1616626 0.06861378 1.849809 -3.9334857 -1.7383753 4.337561 3.7956347 -4.919357
upbeat 0.2481591 0.8803229 5.5199056 -1.9059861 1.2015151 0.36525315 -0.56114775 5.582272 0.66093546 -5.134137 1.5857669 3.4800923 0.018034104 -5.3684177 -6.1475563 -2.810383 0.88031554 6.2403517 7.727794 -5.604784
duos 1.9633427 1.0529723 4.020022 -4.160652 0.1126636 -2.3427374 -1.411495 5.276366 3.403626 -3.6023467 1.3619437 1.0168939 1.0834148 -3.4477406 0.018026588 -3.1590028 0.1939057 3.356822 3.3868268 -3.1344643
electro 3.4817061 -0.36109388 3.0038006 -3.7867112 1.5116303 -0.84140444 1.1022921 4.7337656 -3.6649332 -3.1178145 3.5573723 2.4924161 5.003169 -3.3909829 -2.3476899 -2.4726808 -5.958289 4.2514534 5.202237 -0.11547448
duets -0.14545766 1.5897907 5.422233 -4.78144 0.9762197 0.44651482 0.12520654 4.465451 2.7215393 -6.767406 -0.36836773 -0.3253582 2.8641853 -5.2158628 5.1833577 -7.558187 0.7062558 4.176817 0.80085224 -7.457357
boogie 0.5920206 0.31576464 0.40822607 -4.8185368 2.9794815 -3.3892012 1.031488 3.4467192 -4.1636505 -6.3473716 4.0181556 1.7522806 6.005785 -6.93653 -1.5119498 -4.6343226 0.24358852 4.2193832 2.080765 -3.3399239
salsa 6.8288965 -0.6752232 1.7470219 -6.5949864 2.4298832 3.794917 -3.7308326 2.8486598 -0.4365914 -2.9423254 3.4245691 2.4354947 -0.41188252 -9.834291 1.2190773 -5.2530994 -1.8346759 4.575576 -0.5527008 -3.1444209
thrash 4.510327 2.0189383 3.1977348 -0.99070793 2.5266547 -1.4105531 0.026389765 6.0483665 3.0264246 -0.883602 6.228282 -2.9759977 6.009527 -4.29127 -4.4586325 -1.5857109 -5.4750977 4.5824533 4.979611 -0.464763
funky 0.7053668 1.2438804 3.4795675 -4.205055 2.3054008 -1.3853524 -0.43533638 4.4989524 -3.5354092 -4.3061695 3.1535194 2.9355385 3.2777212 -6.471242 -4.232658 -3.1577322 -1.796077 6.8423734 3.7960095 -5.1159315
riffs 1.035268 2.3226993 8.645975 -0.8627364 2.3010328 0.44037947 2.6937048 5.7092094 -0.9603671 -4.2236886 3.653174 1.0043155 3.7279494 -3.5125713 -4.44463 -3.1021042 -2.2488387 5.0308537 11.700507 -6.473266
drummers 1.6519802 0.56860816 2.3436959 0.87746525 4.355394 -0.6691651 3.0186493 4.0608926 1.3625771 -5.801235 1.9437885 -1.1566466 3.4698105 -3.0302818 6.460839 -2.8473003 -2.624848 2.9657474 7.23226 -4.0314584
rocker -0.8840688 0.4030821 2.799043 -2.0932546 2.7987635 -3.496719 0.6755406 4.789699 -3.1179478 -1.6244853 3.2098901 2.2145483 4.5398855 -2.5044901 -0.44221482 -1.0760223 -2.9907572 3.688773 5.7413454 -2.3553944
percussionist -2.4233055 -0.8899372 4.693431 -1.3464142 4.0485578 3.0190995 -2.1381295 6.195194 -1.2372241 -3.3143356 1.8224701 -2.1689768 5.74265 -8.099107 6.1970873 -5.0792103 -4.578779 0.8674481 1.9990695 -1.7574315
rapping 0.84958774 -0.16757508 4.5721664 -2.755094 4.11325 0.5207553 0.5372242 4.9056478 -0.49393368 -6.6442585 3.0056021 0.96114886 0.1870473 -6.7975726 -1.299004 -3.2211828 0.28534463 4.9423223 6.357165 -2.4767118
bandleader -0.84654367 0.7597239 3.0010703 0.052712787 3.9606278 -0.5541688 -2.1074276 4.8023515 0.4170234 -7.4611874 4.5375724 -1.2146617 5.5803 -7.0943265 3.678539 -2.6690872 -4.612409 -0.49715516 1.10915 -3.2270503
supergroup 5.258421 2.6795707 1.8074131 0.54695565 3.134171 -2.351746 -1.4835703 3.930895 0.3705122 0.4018465 6.47135 1.4566989 6.487595 -6.416601 -0.7279649 -5.984922 -7.8996906 3.2469754 1.8663964 -1.6313541
flamenco 8.16954 -2.2403214 3.3580897 -6.3656306 2.1218421 9.085505 -2.8832958 3.9173465 1.1904334 -4.8869534 4.809402 1.3453127 2.4946928 -6.763938 1.4602499 -4.569215 -0.2912766 2.3041825 0.42511833 -3.4328523
uptempo 1.3873674 0.42183593 6.297685 -2.8768158 2.8099282 -1.9605411 -2.8136706 3.7782779 0.23169579 -4.884801 2.1872492 3.1862876 1.164315 -5.985054 -4.441286 -4.3476477 -0.18080997 7.8094907 7.3563876 -6.439946
sax 0.678105 -1.5620556 5.999361 -1.6159092 2.9638047 1.3365127 -0.85711026 2.6199372 -2.4973185 -6.044738 2.2056978 0.4572122 6.8364744 -4.4776645 3.2002916 -1.0342613 -1.10997 -0.33295083 3.0724978 -4.8988457
subculture 6.1145144 2.1632483 -0.49492592 0.40446246 1.7298975 4.890882 4.073612 5.3732467 2.3595564 -3.2169678 3.0257955 2.546688 -2.36265 -6.717854 -1.8751875 -0.36717016 -7.163634 5.035173 3.6141975 -1.8565618
rockers 1.6696014 2.2440126 -0.50895685 -2.370678 3.1058435 -3.697897 -0.15621726 6.0976315 -1.4341643 -2.3178954 4.9562793 -0.2770024 3.8609607 -4.9048667 -0.9039247 -2.374732 -3.8525066 4.9422364 4.831444 -2.138515
glam 1.5844767 1.5542015 0.7467847 -4.241308 0.8668343 0.44441906 -0.67638123 7.972001 -0.8198119 -1.574434 3.9977384 1.7435219 3.6789525 -4.321289 -3.4080238 -3.592283 -5.8253026 6.40569 3.7288127 -2.2859874
soulful -2.3336837 2.4719212 6.5572157 -1.8592669 2.018085 2.6086988 -0.6715628 5.5722246 -0.24778868 -4.814911 2.6470835 4.1298695 2.962333 -6.402951 -4.8408256 -2.174171 0.30036113 7.4625645 7.6783195 -5.4838853
bandmates -1.3048177 3.5465672 5.459326 -1.2013273 3.9269242 -3.4384239 0.7741824 7.1351485 -1.4342753 -6.791253 5.1440225 -3.416985 -0.3034121 -3.9895732 1.9315543 -2.6866026 -4.3411303 2.6577003 2.772836 -2.0558276
synth 2.1110628 -0.42119932 7.707444 -2.5034537 1.0338776 0.07784561 1.2814418 4.7715244 -4.4927483 -3.9830172 2.0242074 4.0012164 5.6902413 -4.8224635 -2.9563708 -3.9460585 -1.7456955 2.6363773 10.091461 -2.6262217
bandmate -5.019911 2.1064866 5.731717 -1.5900095 5.07942 -3.8083034 0.44388264 7.369322 -4.6643806 -5.3468747 4.573014 -3.46219 4.4643083 -6.301377 2.8244987 -4.1958137 -5.728714 2.9632359 0.28667197 -1.8839862
synthpop 2.1131668 0.36932203 3.471899 -2.0879035 2.2294166 0.027076686 -1.1972983 6.81766 2.3182404 -1.9010664 4.128646 3.4470403 6.191875 -5.1313524 -3.5232902 -4.5828137 -6.815466 6.5975766 6.936993 -0.61976945
grunge 3.6145358 3.4980254 3.234886 -0.7155723 1.5264847 0.23032965 -0.020057356 5.46371 2.176693 -4.017859 5.643631 0.8300402 2.9397285 -6.4246736 -6.002054 -2.0731049 -6.083119 4.4258966 5.8397126 -0.93727416
renditions 1.8989042 1.3482066 2.1128488 -2.2449145 -0.73130304 1.3621634 2.7857292 4.31453 3.2360017 -4.012651 -0.29667616 2.559055 2.607554 -2.1416473 -0.064376876 -5.386365 -0.88832235 4.850691 2.9641197 -4.9522314
instrumentals 2.7352948 3.1599967 5.8213162 -2.7518537 0.11586845 -1.6603855 1.9569081 3.6314077 1.59084 -5.0130954 1.7238619 2.4659257 1.9744465 -3.2155323 -0.4413301 -7.7638383 -1.4898767 4.519933 6.7226396 -5.1871076
rockabilly 2.243002 2.963928 1.203835 -1.1437837 3.2903426 -0.26219425 -1.7701646 4.7211204 0.97775084 -5.169271 5.6588717 2.0761094 4.550465 -7.9865623 -0.6656829 -2.2950037 -4.8807516 4.7756352 3.395159 -4.2188396
dancehall 0.994551 0.4896412 -0.30849892 -3.9162273 3.1029556 2.0551686 -1.5769802 5.57785 0.09287307 -2.9997885 4.6394563 3.0795913 1.2204711 -6.4095664 -1.4585956 -4.8977685 -3.4546423 6.031225 3.0794897 -3.1392941
synths 0.41976738 2.066494 8.339169 -1.7831434 1.7509974 0.5780131 2.8166473 4.718043 -4.417319 -4.0901794 3.098604 3.731414 3.930134 -5.5556173 -3.6346939 -4.695543 -1.8871275 4.014707 12.245008 -3.0715954
mellow -1.8747232 1.9367758 4.090177 -2.0006394 1.9249628 0.14085403 -0.54489875 2.262636 -0.08372084 -4.0569825 3.1226544 3.8166308 3.1605613 -4.3708363 -4.3762045 -2.505567 -0.28008887 5.2621207 6.336174 -4.31994
ragtime 1.1439557 2.7686255 2.1531975 -0.066942155 0.6467711 2.6220834 -0.81647897 4.366922 2.2714603 -7.295312 3.4769094 2.6463358 6.825326 -4.5462303 0.54695344 -2.7752032 -2.4343119 1.8786263 2.26356 -4.977525
emo 2.9764984 0.24118304 2.4060652 -1.4029509 1.3348858 0.02572306 -1.156442 4.168083 -0.43167925 -2.2653937 3.008271 0.57744807 2.2091472 -4.0860925 -2.8121262 -2.3117366 -3.822194 2.9941363 1.5556586 -2.8158896
raps 0.16617936 -1.5214938 3.660685 -3.2837298 2.7768805 -1.0668371 1.4526324 4.165278 -1.4406185 -3.8782692 0.28578675 0.7526826 0.88374287 -6.2225885 -4.030533 -3.683688 -0.81864613 6.3378177 3.2550054 -3.4637618
bebop 3.9107075 0.050008483 3.623161 -1.1593273 3.224961 0.96894133 -0.14093871 4.243888 1.1154201 -5.5057564 5.255654 1.9323972 5.1349754 -5.1614904 -1.6137998 -0.6960039 -3.7495217 1.7875495 6.2145553 -3.0913951
electropop 1.9048086 0.2249827 4.498717 -3.3045483 1.9852579 0.30453777 -1.6802408 5.4221683 -0.01919636 -2.3035247 4.0967946 3.8985806 4.372017 -5.7657194 -3.6242654 -5.2659364 -3.699995 5.435597 5.559219 -1.2190872
songbook 0.22800988 4.647386 1.2476215 0.73682314 -1.5656898 -0.30645934 0.2398707 5.5997996 5.286746 -5.867848 2.1526203 5.308733 5.85534 -3.6553037 0.33039793 -4.740801 -2.5385036 3.2200243 -1.2982746 -3.0203786
trombonist -1.9091173 1.9218603 5.1180153 2.3534913 4.2725506 -0.7466358 -1.9912795 4.2135887 -0.4879055 -5.6588535 3.832841 -0.84109354 8.554494 -7.2670956 5.8365955 -2.680384 -4.88087 0.41857487 1.3799317 -2.7299988
ukulele -0.29358602 -0.027974857 0.5888504 -2.2258856 2.9328763 1.5246071 0.06876402 2.5304353 -0.041001517 -7.2832246 3.7596924 3.6521044 4.703882 -3.9710052 3.849797 -2.9704015 0.25762942 1.2754755 4.766539 -1.6696284
jazzy -1.0739892 0.6731807 5.3748913 -3.2103703 2.0554788 -0.017662248 -0.9789842 5.1168995 -2.1684215 -3.8100364 2.7070544 3.4142976 3.6314466 -5.7713013 -2.2469695 -4.184095 -1.2299241 4.3478494 5.385219 -3.9363377
reggaeton 7.4647217 -1.7333537 3.5625818 -5.5761786 2.4697044 1.6279095 -3.6802483 4.829783 1.772779 -2.2821097 3.8391786 1.7864946 -2.4992464 -10.175574 -1.3438202 -5.8329654 -3.2591052 3.0229747 -0.892239 -3.9846056
sextet 3.7946637 1.7477965 5.788676 0.34013486 1.8201611 -1.4419812 -0.9764571 4.8452682 0.81693095 -5.1662664 3.1956365 -0.072577685 6.205708 -3.7546322 4.022133 -4.8231273 -1.5899734 1.6278892 1.2387077 -2.8069925
daft 2.34073 0.38881907 3.1388028 -3.4217415 1.6631507 -2.426457 -0.36545727 6.835307 -1.2012423 -3.3617733 3.3212736 1.0235085 3.5947704 -4.4376535 -3.2110837 -0.5810449 -3.7540452 5.209814 2.2409258 -2.2042084
gangsta 3.046862 -1.1819384 2.0852623 -3.491518 3.4665184 -1.5564009 -0.2849226 5.4425745 0.08991557 -1.459793 3.5746396 0.9846654 -0.84475976 -7.7496824 -5.532276 -3.3868387 -4.5379167 5.838951 1.7705147 -2.402793
falsetto -2.2456353 1.2631476 7.1873035 1.3709345 3.601126 1.0438216 2.1332333 3.9258747 0.13054404 -4.395925 2.0872343 4.707555 2.6078718 -5.2071676 -1.1669822 -3.1146975 2.0708458 4.997095 8.330272 -5.726724
grime -0.41218275 2.2785912 0.9036971 -3.4560485 0.5283451 -0.53974766 -0.06211136 3.137781 0.10163338 -2.3056052 2.936459 2.5013254 3.2027013 -3.0948942 -2.2194207 -3.455486 -4.3580127 3.82155 5.317469 -1.9106051
dubstep 3.4874249 1.1820266 3.8118079 -2.7042487 0.92269313 -0.14155091 -0.88817257 5.008749 -1.241937 -3.9241395 3.0989056 3.438205 2.7146623 -5.1479 -3.2816107 -5.241615 -5.4564085 4.957268 6.383872 -1.7627525
laidback -1.8906822 0.28250724 2.8789904 -1.8484868 2.7832978 2.6857388 0.37527907 4.0363274 -2.34339 -4.237639 2.4602838 1.9516997 1.0572255 -5.610117 -3.8873067 0.6524536 -1.2884251 4.215328 6.1771927 -4.4208293
tambourine -0.9025015 -1.2552935 2.111677 -1.8293254 4.3530273 -0.79956055 2.416552 2.6878085 -2.56632 -5.237085 2.561926 1.1330191 5.175809 -1.9992023 1.9200737 -3.891755 0.74987835 5.817276 3.134629 -4.932012
rumba 6.096279 -3.3355818 2.667211 -3.7343907 3.9458115 4.12804 -2.4414256 3.9063466 1.2688797 -2.0910757 3.6996725 1.5885683 0.77154857 -7.3312225 0.85219747 -6.208863 -1.0069243 3.306577 0.6334357 -2.0445545
subgenres 7.62368 1.764265 2.4321635 -1.068033 -0.9209181 3.749172 3.303698 4.021011 5.1913157 -0.67108667 1.4963119 3.951539 -0.21465944 -5.864029 -1.4421878 -4.5619183 -4.7856894 2.6222827 6.241163 -4.644697
bassline 1.2401905 1.5179942 7.1761727 0.038261086 2.601337 -1.3528854 1.6110041 4.4828506 -2.2771018 -4.492039 3.6642313 3.457807 3.0098255 -3.733578 -2.324126 -4.7940483 -0.85488653 3.7668135 7.892576 -4.2057467
doowop 4.027507 0.8144242 1.7929593 -0.67966205 3.415108 -0.6678207 -1.0714705 2.7567644 1.4465129 -6.7969394 3.8060312 1.6980221 4.0843678 -5.881065 0.087622486 -3.2341971 -3.8759148 4.7759104 3.335936 -3.68417
orbison -4.840006 1.7629191 3.6560664 -2.744418 2.2553074 -3.5383356 -0.48091787 4.94355 -0.9331231 -5.65013 3.3665266 1.296698 2.4132614 -5.1370316 0.9308187 -4.2359533 -1.2464974 1.7293512 0.082658134 -3.5171115
dixieland 3.2265143 1.3267496 1.3495307 0.6344084 2.5767436 -0.39681637 -2.1079793 2.6790528 0.15697156 -6.955837 3.6703787 1.5158114 4.9098716 -2.7662046 1.8457282 -2.3249104 -3.6897273 3.7942631 2.6930013 -4.245299
outro 3.3701746 -0.10701736 5.9822354 -0.6433106 0.6007914 -2.397879 1.7199628 4.617219 -2.3538954 -4.0347886 1.1531898 1.6042469 2.8924713 -3.3187032 -3.8128417 -6.4096203 2.5661795 4.2992187 3.2304573 -3.532848
cumbia 9.141386 -1.6595484 4.3538365 -5.7177753 2.4181948 3.8061812 -4.0450034 2.9721735 2.2001429 -0.5326311 4.4246616 1.5852109 -1.516296 -9.763232 -1.3361019 -6.7431574 -3.1401305 3.5017288 -0.454595 -3.0807562
psychedelia 3.0078506 2.8534462 4.157433 -0.02058973 0.25847265 2.6215088 -0.61857706 4.860112 1.1215031 -2.8388011 4.569374 2.9461768 3.632832 -4.0216775 -5.5745482 -3.1362243 -3.8735416 3.7196617 5.343101 -1.5898813
bassists 0.8454438 1.3149678 5.1304364 -0.002975705 2.6209695 -1.1366485 -0.30983317 3.142203 0.8249847 -4.459784 1.1288102 -0.7883806 3.3249779 -3.4830203 5.776128 -1.6001263 -3.1585746 1.8926921 6.007812 -3.4976463
yardbirds 0.7156822 3.543672 2.8265147 -1.5628884 1.3210669 -4.7408504 -0.32866657 4.062895 0.9435785 -5.508086 3.645975 -0.7644706 4.146753 -1.6993362 0.021729073 -3.4323938 -4.9370136 3.8035228 3.5411298 -3.3732178
spirituals 3.4821022 2.5184138 1.9656626 4.28159 2.4325473 2.7943568 0.367905 3.8114073 3.9060476 -5.7489996 2.9852505 1.6873169 3.1775894 -3.2360427 0.008064408 -1.8462169 -2.2957253 6.172032 -0.81005454 -3.2907171
britpop 2.167686 2.1420105 1.9849777 -0.82185984 0.77453005 0.08537607 -2.5007098 5.3241286 3.643327 -2.5315795 4.387121 1.2277695 2.0907621 -2.8661644 -4.971948 -3.0984373 -4.087558 4.2438703 5.4035587 -3.145568
brubeck 0.51617724 1.3289714 5.734316 0.33885255 1.9831464 -1.9616022 -0.9867397 3.4386644 -0.05874163 -6.8718634 2.4204898 0.060239963 5.3355618 -4.9066734 3.1294384 -2.3366594 0.20333004 1.572866 -0.55852884 -2.7997215
klezmer 3.4889076 0.29265687 2.5667465 0.51943284 1.8257784 4.996176 -0.609357 3.364956 2.5252671 -4.4291472 2.2712212 0.5853981 5.2144604 -4.3016696 0.88313586 -5.5930104 -3.5722773 4.989989 0.9371655 0.76876783
bluesy -0.055316307 1.4556102 5.3130765 -0.2892024 2.2805936 0.8943308 -0.78102314 3.4310794 -0.59193707 -4.2435412 3.0564566 2.8716757 3.5476837 -4.2300677 -4.486307 -2.4306254 -0.62334496 5.459962 7.203936 -5.160076
anthemic 0.49259454 1.5651263 4.710108 -1.1671386 1.0179886 0.28443292 -0.8175612 4.4948974 -0.5811136 -2.422876 2.4250112 2.7370868 1.9619673 -3.9694912 -6.0581713 -2.1631508 0.70689404 6.3289843 5.5685744 -3.5767145
wailers -0.3119297 2.9596238 1.3050658 -2.0931005 2.3736537 -3.8420608 -1.1020586 4.345252 -0.9524113 -3.9482028 4.087726 -1.4577613 3.4643707 -4.1329713 -0.17495939 -4.5533595 -4.696867 4.7377405 0.085529946 -3.0958257
stylings 1.4232435 2.07444 4.3149614 0.013742189 0.8868155 1.6317223 -0.43735784 5.3265142 0.5955194 -3.3670619 2.9221933 2.7004795 3.5598767 -2.4974823 -1.9675316 -1.2377944 -3.2059958 3.8108952 5.4518924 -3.1799338
danceable 1.3677607 0.5364787 4.661588 -2.4168465 1.5440096 1.0006323 -1.4619725 3.3029568 0.29968268 -3.0426357 2.5832047 3.282565 0.8875432 -4.3947067 -4.819358 -2.0759554 -0.8392669 5.2844605 6.655705 -3.3174934
throbbing -0.32822397 3.885879 4.4463606 0.15626681 0.61360705 1.3179793 2.1916692 3.4263783 -1.5886365 -3.1003895 2.3136983 -0.37556344 3.8345757 -3.7003703 -3.8224123 -4.6848636 -3.8405566 4.9633646 5.422245 1.1964879
krautrock 3.758524 -0.30634022 5.032298 -0.91299164 1.1154324 2.2201107 -1.0168749 3.9154944 1.9714235 -2.1261 3.3214633 1.523612 5.565403 -2.9315586 -2.007348 -4.396546 -5.174619 3.1563725 3.8913033 0.07420166
downtempo 2.383913 0.98370624 4.2700677 -2.083663 0.3979909 1.4394643 -1.1083561 2.8541765 -0.51081866 -3.5717971 2.2233794 3.7286274 3.228697 -4.3102093 -3.468991 -4.479935 -0.83320314 5.0748377 4.38115 -1.7499663
breakbeat 4.145812 0.83244795 1.9196671 -1.9363004 0.60383666 0.4452291 -1.03329 3.8217108 -0.4107519 -2.7689044 2.7899537 3.04684 2.9950998 -4.587835 -2.084553 -3.491351 -4.3895426 3.853354 4.952989 -0.47874102
rocksteady 3.9977233 -1.0202402 2.217824 -2.7485108 3.3249717 -0.53292185 -0.017852545 2.9383523 0.6055585 -2.5505755 5.435579 -0.2599514 4.1189 -4.0777555 -2.519148 -1.7239057 -3.4704797 1.8080842 3.5808775 -1.8244206
twang -0.7642952 1.0814123 1.8193457 0.6151744 2.3846958 -0.89422894 -0.33473155 2.6899302 -0.88423014 -2.7730796 2.5297158 2.840425 2.5918157 -4.8288093 -3.548509 -2.8769577 -1.3712437 4.254376 3.9375153 -2.1017656
remixer -0.8085755 0.33089793 2.1100466 -4.73574 0.5609145 -1.5070505 -4.2785153 3.0312986 1.9507247 -3.552024 2.5033324 3.3204353 2.6593118 -4.334542 2.4569192 -3.2425756 -4.8354897 1.0389994 2.4077666 -0.03350849
afrobeat 1.0906094 -0.2875701 1.498556 -0.569275 2.6990736 2.7751644 -1.9114993 4.4990473 0.37982485 -1.3593829 3.1301014 2.1339664 2.4065225 -5.9300566 -0.6711171 -4.2563944 -4.375706 4.8186464 2.0023632 1.1971397
skiffle 0.5246863 0.4606931 -1.0647728 -0.65995985 3.19833 -0.18950602 -1.9701828 2.335905 0.37019795 -5.954797 4.0789313 -1.3918316 3.2267344 -2.7724829 0.6268594 -2.9738984 -4.607271 2.135511 4.591517 -2.5143914
basslines 1.7051487 1.2434119 5.359121 -0.5244673 2.2361863 0.64164186 1.118645 2.141477 -0.85424817 -3.4735515 3.21936 1.7880764 2.7929883 -3.2591112 -1.8949915 -2.421027 -0.81431097 3.2358239 9.066197 -2.777835
shoegaze 2.1549444 0.70727456 3.2352195 -0.8081425 0.9181533 0.398026 -0.33231238 2.5835812 0.9207756 -1.9676298 2.4103303 1.1659528 4.333026 -4.3969474 -3.8645477 -2.1815116 -3.77537 3.6326437 4.098413 -0.6597375
sidemen 0.9696139 2.3306994 2.9417546 -0.09525815 1.8185661 -1.3397827 0.08896491 3.4357743 1.5854981 -4.254981 2.6566656 -0.09329782 2.0523887 -2.6816547 3.2934217 -1.6987298 -2.6003206 1.4336785 2.989097 -3.3826518
highlife 0.46883327 -1.4908359 -0.2647563 -1.3346747 3.3939013 3.500616 -2.8754213 3.2694497 2.4248037 -1.6921486 3.2389061 2.668499 0.87831867 -5.0289116 -0.2746555 -4.180057 -2.8671525 4.067888 2.1760256 -0.23816831
congas 3.2246666 -1.3681067 3.4036593 -0.77436614 3.7571597 0.7154707 -0.7017711 1.7247914 -1.6566069 -3.3608308 2.705764 -0.3585774 3.1193666 -4.1500587 3.0068774 -3.8869786 -1.4123855 1.9102798 3.388528 -2.7842588
backbeat 0.36121306 0.80720806 3.7218542 -0.6819304 1.278791 -0.31881863 0.71971834 2.79652 0.04661609 -2.7599046 1.9737978 1.5192283 3.145404 -2.9899256 -1.9002812 -2.5143871 -1.0298536 2.624083 4.413169 -1.8832909
gristle -0.08341536 2.5972729 4.189139 -0.57411 0.7487 0.5701027 1.6741778 3.2963827 -0.88974726 -3.171271 1.7891624 -0.93024325 3.8316374 -3.425302 -1.532717 -3.944103 -4.413088 3.3592286 3.1644862 1.3732033