Centroid_148 0.12270945153211377 1.4089351396150402 5.710332159634148 1.2849080169512193 -0.6635257678252037 1.5652514639186983 3.759303631951222 -3.208690011219512 1.0555652942845535 0.9179922217882112 -1.298682954983739 -0.3844953906097561 -1.363039691008129 -2.6284343197154483 0.757717125877585 0.3471522370227642 0.9399367782174791 -0.4982321963373982 2.9906534632357715 2.703579436540648
tests 0.009626378 1.9037145 3.727481 -0.07096438 -2.3782623 -4.9499106 6.0293913 -2.0215597 6.8319573 2.8172333 -1.2362711 2.7907388 -3.8728735 -1.3474572 4.242937 2.1913702 6.7775965 -5.748353 8.643227 4.423189
experiments 2.908742 4.2251425 8.937452 -0.9745026 -3.7939303 1.4368722 8.731554 -1.8086272 5.031419 -0.9091193 2.4710562 2.9100718 1.7215966 -1.437269 0.40126738 1.9183291 0.58648163 -6.8041353 5.2058525 6.4182854
sensitivity -1.646604 2.094056 9.1783495 -0.18293348 -1.9396768 3.0458329 3.3182552 -3.0818324 3.750175 3.5702853 -3.2521858 3.4277925 -2.6929507 -5.471492 -2.7079113 1.8788552 2.9132087 2.1226628 8.385296 2.9670389
attachment 0.9834553 0.07979223 6.427889 2.0792518 1.692281 3.7514565 4.8529015 -3.2357235 -0.97488374 1.4793365 -1.0722642 -0.104303546 -1.7700362 -0.83864254 0.14964741 4.5454817 0.733172 3.1766362 4.1569195 -0.49319613
diagnostic 0.25973842 1.7325664 6.794487 1.5614423 -4.884562 0.66007775 7.45945 -8.042293 4.6185503 0.6487805 -8.096742 3.423037 -0.58264464 -4.2800393 4.0954556 4.0642567 0.34471446 -2.3726997 4.0001097 4.7221766
therapeutic -0.21669783 2.5581062 6.865684 -1.4022684 -2.6730876 5.414714 4.371063 -5.82434 1.5992515 -1.3411236 -3.5492396 1.3281949 -4.751895 -3.7060833 1.8130932 4.2926292 -2.0530608 0.7440891 4.314691 7.341181
sensory 2.8672283 0.4232504 8.763398 1.2097881 -1.1025537 6.1816497 8.6644 -5.4485507 -3.2145185 1.3290317 -4.7544756 -0.0596495 -1.8507222 -6.9847407 -0.47569552 2.123159 2.1703472 1.1266825 6.8431873 3.046965
interventions 2.6895 3.3406336 4.4376383 2.643965 -4.0058107 5.4320645 4.88715 -0.5325033 4.8959284 1.2051128 -2.7969658 -0.23574692 -8.685963 -0.5931117 2.079353 2.8911283 -0.18441333 -2.1759768 5.346907 4.403028
physiological 1.9932711 0.5316106 9.651596 0.92121065 -1.1912757 6.689143 4.280029 -6.660719 4.0308785 2.7823694 -3.05297 -0.30806336 -1.7885957 -6.378542 0.13544871 3.9556572 0.45477766 -0.7313281 4.011666 4.6858125
correction -0.9268851 0.10149586 7.0863075 4.6861386 -2.6265829 -3.7138877 4.071352 -3.5172794 -0.28213084 0.25684863 -4.638612 3.2707095 -1.6697416 1.8882345 -1.2211449 3.3248796 2.4933255 -0.82350457 3.2902832 2.4726975
insertion 4.6885757 -0.51265323 7.837142 2.166853 -1.0590975 -3.0977705 5.9294534 -4.6489434 -1.4777814 2.1803305 -3.0655394 -0.3857522 0.55421656 1.7236577 -0.9178863 -0.15754138 0.96347773 1.8739827 4.700154 2.0142214
bodily -0.8609557 3.1880703 7.3743773 0.6856451 -0.29046357 4.0542436 8.194866 -3.8757012 1.934529 3.9995656 -1.5838085 -3.8584473 -3.3581023 -0.28089502 -2.458108 5.7548676 2.319866 5.9447546 0.853115 2.0347784
coworkers -2.1671941 0.5818208 6.8925166 -1.6749364 1.9279778 0.8375182 4.436769 -0.50055593 -0.78377163 -4.4897213 1.0168519 -1.1386975 -3.9345267 -2.6783736 3.0130296 2.5230699 -2.9468298 -1.9775068 0.40128434 0.961399
auditory 3.3440545 -1.4475291 9.25841 4.210679 -0.25055668 4.4460464 8.884508 -3.9312735 -0.63773036 -1.4945515 -5.4309244 0.9774296 -1.1291841 -8.230071 -2.7884166 -0.15623635 2.8025365 1.3635932 7.1737356 3.0166645
bipolar -1.4453797 -0.9193433 9.293127 0.97531915 0.26126274 0.16814733 2.2612085 -3.1806314 0.7389899 -2.1745212 -2.41284 -2.1191146 -1.4328512 -6.784211 -3.1106024 -0.2532646 -0.34405294 -3.4351912 4.724949 -0.056103475
ultrasound -1.7786312 3.5537038 8.223638 1.8900539 -1.8614336 -1.4525028 9.949485 -4.799356 1.3119763 -2.227631 -3.0393898 2.615999 0.07652642 -4.1496186 1.6878526 -0.44389755 3.6025543 0.23951574 6.629028 8.912127
benign -1.0210577 1.5983231 6.8313494 1.7229582 1.0392892 3.6856642 4.9187427 -4.411429 3.3528206 0.9547824 -0.98713243 -3.394138 -1.300717 -3.0355802 -3.1450894 1.7339735 -1.3100162 2.9283133 2.1333299 -0.7528729
latent 2.931938 -0.45277488 8.111927 -1.8347636 -0.06782423 2.471627 3.8655906 -3.2319617 1.8271583 0.72738177 0.41330552 0.3335233 -1.878468 -2.756191 -3.9347835 3.9188085 1.064245 1.2678435 1.5831603 2.9254773
anomalies 3.1363063 2.8941255 6.725515 3.619037 -3.0104406 -0.48634225 5.238278 -3.8626547 3.1423938 3.3717697 -1.3417113 1.211376 -1.2694225 -2.8263216 -3.9758394 1.1894234 1.560618 -2.5770156 2.2081087 0.19157279
scans 1.0073171 2.994318 6.1044803 -1.2726114 -4.0915847 -3.7924633 9.890188 -5.2536197 -0.9739525 -3.0833886 -4.1709094 2.1777132 0.10394524 -2.4221475 0.6245079 0.20459487 4.036184 -0.8571963 1.9041462 3.9051993
randomized 3.5872862 0.06955483 9.231006 -1.3802009 -3.9613218 -3.133473 7.3242216 -4.0154495 4.399972 4.0265408 -3.8495328 0.85308415 -5.140461 1.4892586 5.527238 3.4705963 3.46561 -4.813769 3.1951663 3.9931407
aspiration -1.7453185 0.5800453 5.617636 2.6413455 1.4718245 3.3530986 1.8733836 -0.10380568 2.6519125 0.30903894 0.47583997 1.0250444 -2.3980906 -0.031361997 -2.3676815 0.3039446 1.6918079 3.888391 3.9825 3.0810068
decompression -0.014833705 3.1050713 6.872908 -1.202785 -4.5867844 -0.43035054 6.510784 -5.305269 -0.63290596 2.887857 -1.9449173 -0.031039739 -1.1146373 2.0142148 -0.4230723 0.46721116 7.4443526 -2.6153264 8.231481 5.4134855
diagnose -2.9077964 0.3203649 8.153812 -1.813974 -0.23020625 1.9428904 8.150588 -8.406014 2.218973 -2.173969 -3.0209785 -2.3746638 -2.328032 -1.2334061 1.0121003 5.8189707 2.3016448 -0.18273157 4.7708006 4.9964676
diagnostics -0.1364878 1.7107544 4.755099 -2.4468174 -5.12314 1.1779902 3.8356287 -4.246509 -1.8486625 0.68958604 -4.055443 3.4159122 -0.7405143 -3.5006514 4.4355145 1.4297935 -1.6673986 -4.9524884 2.9381156 8.653685
minimally 1.462114 4.5717154 3.971639 3.7989914 0.22040723 -0.1791495 5.9905667 -5.0001993 2.7630005 0.9296735 0.90683067 2.3248703 -1.283148 -2.31903 2.2985706 2.553914 0.009403685 -0.36809802 5.495624 3.211364
hypnosis -1.0300508 1.0532854 7.0673537 -0.061311368 0.18642165 3.089131 8.669336 1.1652855 2.1499832 -4.4046025 0.5295459 0.6736572 -0.9758906 -3.6864505 -0.3364731 3.728584 1.5251068 -0.3462318 2.0064483 5.713838
reflexes 0.068956375 -2.7661982 7.2475343 0.16359018 3.5692956 4.127571 5.8086624 -0.66116184 2.2625122 4.227638 1.0373899 -0.73422927 0.018756596 -3.3691149 0.18131536 2.0537248 4.2329626 0.41206673 8.572865 0.1393154
impairments 0.037254363 0.70350957 5.953207 2.0546308 -1.6063379 5.2016783 6.57681 -3.2988017 2.3274078 0.28900078 -5.7390947 -0.8009892 -6.8636847 -5.8395944 2.107325 2.014411 4.9590063 -0.18850867 5.8171725 2.8407118
ocular -0.18581389 2.3388755 6.498108 4.5633454 -0.71952283 1.9468454 6.448188 -4.7681904 2.5036328 2.5750759 -3.5997562 -2.349664 2.4373293 -5.191466 0.9688136 0.13700485 1.3685749 0.47716346 4.6828003 3.337944
augmentation 0.0098797195 0.8758147 4.0840864 2.9917145 -1.6551667 0.78225684 3.3827882 -2.3991868 0.18084143 2.5938315 -3.0691307 0.46665254 0.60061514 1.4809667 2.1382055 2.3921936 0.659899 0.6406493 4.581457 3.7296853
modalities 3.9927323 1.0029122 6.3247156 2.3889346 -2.2900653 3.9794307 5.4537587 -1.0046866 3.2787766 1.2518326 -3.7315156 2.766859 -4.1399493 -1.7266041 2.4489033 -0.34035963 1.1856872 1.6400937 4.749301 3.5339854
interstitial 4.204558 3.473868 6.5888844 1.0129874 -2.6185875 0.24673776 2.8110795 -4.293881 -2.0923662 0.27499261 -2.9694624 -1.208845 1.2185154 -5.4806037 -0.73667 -3.1404116 -0.4992056 1.2518051 2.4915032 1.1040742
pacemaker -0.48377216 2.5409534 5.034536 -0.23701142 -1.0983413 -2.4002862 4.2418766 -0.55305123 -0.7727237 0.25599438 -0.6496906 0.6361494 0.30018693 -2.8490415 3.6532016 -0.56419325 5.516563 -1.6626171 2.9120033 4.675011
dyslexia -3.3108392 0.6013997 5.772531 2.9791038 0.71031076 4.7371354 2.8593383 -1.8534955 4.183012 -4.5820107 -1.7004606 -0.27109796 -5.6846952 -5.262163 1.6835178 2.568636 2.6005902 -3.8368654 3.6419878 -0.85046583
epidemiological 0.85752857 0.19340971 3.4858744 1.5256703 -3.7819047 2.8961527 4.6008453 -6.6785893 6.4144325 2.1024609 -3.2751184 1.8471446 -3.3591807 -3.9850636 -1.012514 1.411338 -0.93615836 -4.811333 0.23621766 6.0175076
nonspecific 0.9010234 0.43084162 8.80783 0.561477 0.008594046 0.81547016 5.2264214 -5.4355717 2.7275171 2.247486 -2.9271848 0.04177062 -3.3124604 -3.6309576 -0.80190986 -0.34610733 -1.688407 2.1233008 2.5871491 1.1766809
circulatory 1.4841819 2.0963507 7.1224303 2.849492 -0.46346387 1.5653679 4.6208954 -8.376562 -3.3146608 1.7743363 -1.405701 -2.2428398 -0.6846173 -3.154074 -1.1235244 0.034668006 0.2997832 -0.31937313 4.948574 6.521268
noninvasive -1.3699774 2.9569376 6.6835938 -0.14024864 -3.0436027 2.5298576 6.112234 -6.2468667 0.5577822 0.32394823 -3.653955 2.2326818 -0.6354705 -3.213715 1.4557054 2.1304147 1.2775716 -0.31792006 6.3774743 6.352638
retarded -3.358595 -0.86523294 3.333612 1.457144 2.572445 2.4399567 2.34027 -4.4651866 0.37300768 -2.2824812 -0.7910466 -1.6974134 -3.0778427 -2.5574079 -0.44540867 4.4998217 0.4833689 0.43013385 1.7549623 0.1205389
ionizing 0.9034245 1.1558974 7.226314 -0.61997145 -1.7047523 -0.33965164 3.6041825 -6.2932506 1.370707 4.2407293 -0.17660224 1.8873905 0.13644765 -3.91639 -2.7084432 0.33462062 -0.10428605 -0.6314106 3.9165785 7.140966
preclinical 2.9688957 1.2973448 7.4104123 -1.7367083 -4.636646 2.2493896 1.207125 -5.860505 3.3829317 -0.0013901916 -3.4270377 -0.025426423 -1.6678554 -3.2348762 5.0189576 0.38059866 1.2956312 -5.6767893 1.9304996 6.9231734
radiotherapy -1.7476127 4.568858 6.669145 1.6425232 -3.4271297 0.7538084 4.764264 -3.9577239 1.2564801 0.9478327 -2.2907197 -0.8195916 -0.3301281 -0.33950362 3.6288054 -2.1789265 1.8033317 -1.800139 5.2052226 7.4921937
diagnosing -3.0624135 0.7180645 8.256826 -0.47970167 -1.4843556 2.3768158 6.9632654 -5.707714 2.9486132 0.29424345 -4.220238 -0.8772615 -2.5289855 -3.1155376 1.4209795 3.775136 0.80896944 -1.6092077 4.187392 2.8024306
priming 1.5539627 -0.69359004 9.413941 -0.72724354 -0.55193096 0.7116078 5.367075 -1.5906801 0.9860587 2.0998724 -1.320937 1.4786695 -1.4928988 -0.3103637 -0.9383989 1.7032719 0.2787354 0.9628572 5.8087745 2.47377
ablation 1.0482973 3.700663 8.092212 1.68159 -2.0581284 -0.29576874 3.4452004 -5.6184063 -0.02720666 3.145788 -1.243296 -1.0091985 1.4865127 -3.9048278 -0.26955038 -1.434221 2.4174438 -0.8838095 6.1405888 6.284547
biomarkers 2.9883814 2.5693378 9.464801 -0.75606906 -3.0671406 1.2267221 4.6900496 -6.458683 3.7547753 2.7885866 -1.6538942 2.4463322 -3.746732 -3.8757207 2.6753242 1.4177645 -0.4732317 -3.4247575 1.8601643 4.1851172
obstructive -3.270082 1.502157 4.581309 2.9157956 -0.57757753 1.814703 3.059282 -2.6845558 0.58979183 0.21899386 -2.525342 -2.82448 -2.5582469 -1.4697233 -0.35660955 -0.46087298 1.0483166 0.85877746 2.7711167 1.8985271
neuroimaging 1.6394342 0.4912965 8.684706 2.3142626 -3.454136 4.2683587 6.282014 -3.420395 2.3475957 -0.5642287 -3.9695425 1.7897136 -1.5279316 -4.449284 2.068685 2.0348942 0.6078455 -4.207885 2.0501409 4.0409007
vestibular 2.8717892 0.8751009 7.914091 5.7496486 -0.35410637 3.2654731 4.5360966 -4.467852 -2.4285316 2.0805585 -3.7258885 -2.6235738 -0.051629364 -4.1050935 0.73360074 0.24634421 3.7618277 0.94037896 4.53485 3.6015646
curative -2.1343215 3.9211042 3.2303832 -0.43260723 -2.0337846 5.8761606 3.46826 -5.1345687 -0.2971168 2.0477705 -0.050142586 1.1089917 -1.4557552 0.9951626 -1.391952 2.6848922 -0.3492064 2.9870405 -0.080028765 3.9366736
histology 0.8127369 3.3109808 8.077732 3.7580433 -0.90745515 2.67235 4.7720613 -5.8333 4.6042676 0.1302065 -0.52940124 1.8609232 3.471771 -3.467094 4.634966 -0.043068007 0.55252147 -2.0400276 1.4221631 3.494767
cochlear 0.6058609 1.8625139 6.625284 2.4320433 0.08371202 0.33231694 4.8620324 -3.3946269 -1.0940955 -2.3592162 -2.6458633 -0.012860842 0.82260793 -4.8130217 2.3964703 0.9019567 0.6982427 1.841692 4.9994044 7.1660347
binocular 2.2224803 -0.18455175 4.440914 2.2564194 -0.42171538 2.7242184 6.1829224 -2.6552522 0.5645802 2.4273224 -1.6737982 1.5821936 2.9680722 -5.332427 -1.9638408 4.675645 5.55669 0.026547609 6.8210273 1.6653577
shortness -4.722291 1.7022933 6.4837193 0.10914509 0.10283141 2.4062045 3.482221 -2.877644 2.9755108 1.5490663 -1.380349 -2.4381106 0.1815439 -2.6312573 -3.2561285 -1.9173095 4.7323933 3.3218615 5.465359 0.8769062
musculoskeletal -1.232629 2.784929 4.652771 3.2681499 -1.6011949 3.6257958 4.042276 -5.5042443 0.8083421 2.1041386 -3.9245214 -2.0318885 -1.2795569 -5.0196075 3.271451 3.6271288 -0.113369785 -1.5760391 5.122432 4.438302
psychopathology 0.03930157 0.7245959 8.25247 2.8134487 -0.9045974 5.937963 3.6538777 -1.8719121 5.186211 -0.45695066 -1.8281822 0.47382125 -2.8464825 -5.4194965 0.7079071 2.944494 0.08177926 -2.2622502 0.13006832 1.5586766
biomarker 1.7464261 1.7515147 10.182087 -0.7329777 -2.1859848 1.1381233 3.6385634 -6.373894 2.4891999 3.1136127 -1.7527331 2.5204034 -3.7208672 -3.97341 2.2644088 0.8054255 -0.0850784 -2.6901278 1.5943696 3.9438088
foci 5.6915627 0.64592004 5.5786343 4.3748417 -1.2606069 3.4313893 2.6980486 -3.2633898 1.045359 2.329763 -1.7038231 0.08946736 -0.010075072 -2.611921 0.5951494 -0.92245847 1.8180437 -1.3779781 1.8810446 -0.3373085
radiography -1.5329629 3.3355703 4.4672217 2.1960833 -3.30871 1.4880526 6.2603097 -3.6715147 0.6680597 0.81505257 -2.595743 2.759457 2.7322521 -1.6541795 1.3947986 -0.4772588 1.7854528 -1.0333871 4.4445453 5.794322
experimenters 1.0420632 0.3116882 4.747326 0.36849925 0.010815528 -0.69461477 4.6778126 -1.4568729 3.355817 -2.8877614 1.019027 2.5726256 -1.2652183 0.4620683 -0.0719046 3.0930762 0.64644 -1.1130942 4.8592663 3.0809922
histological 2.7763968 3.233875 9.029355 3.2508914 -2.5252454 1.7876362 6.5780435 -6.638331 4.8551006 1.5217955 -2.86904 1.3135643 2.1352417 -2.6818416 2.7765412 -0.21312957 1.1988977 -1.1987252 1.4317037 1.2258232
fingerprinting 1.4494169 0.48933133 3.876197 -1.5803494 -2.9004276 -1.6498936 5.710178 -3.6171696 1.1564775 0.30318934 -2.5411506 3.452463 -1.7222637 -1.8802434 0.93430024 2.9066155 -2.0845726 -1.775769 -0.94364256 4.7273297
endoscopic -1.265118 2.895137 7.789243 3.7371998 -1.9924783 0.6220359 7.410625 -4.088805 1.127562 -0.04557539 -3.7494242 -0.28735465 2.1425183 -1.1051893 2.6772687 -0.9026847 1.07283 0.7789883 5.039951 6.709958
developmentally 0.2748646 1.312219 2.8531175 1.3254653 1.3325791 2.9419286 4.991607 -3.764358 0.69410944 -2.2169988 -0.10081419 -1.4871558 -6.2592483 -1.5918534 4.3877816 2.289798 3.2295873 -0.9305546 1.5039607 2.0766428
painless -2.70743 3.1674352 5.7018433 -0.055334184 0.027762514 0.54507047 4.8400846 -2.2159839 1.526465 -0.75152016 -0.2525104 -2.0254207 -0.50705355 -1.515923 -2.1444166 0.036864698 1.616742 2.5877721 3.8193579 -0.15069567
melatonin 0.92550576 1.3717265 8.057487 -1.2859632 -0.010767248 0.6529784 3.2178516 -3.991061 0.7210617 0.6018422 -0.6387643 -0.62208146 -3.5215251 -5.2327185 -0.56584036 -3.587077 0.20161085 0.21830684 4.460812 4.4107575
communicable -0.9776133 0.68470305 1.4434949 0.65055794 -1.04223 3.2070425 2.90693 -5.806123 2.3281405 2.4465225 -1.5271965 -2.277755 -3.3281574 -4.0917025 -0.39013773 0.5271307 -1.6851747 -2.3109028 0.46924445 5.5063076
efficacious -2.2568088 0.60048574 6.786402 -0.59787077 0.51696944 2.7712946 3.4329402 -4.22777 3.2606611 1.0229186 -0.17902474 1.0639743 -3.2523267 0.26898536 -1.109321 1.5327052 -0.5588457 2.4272661 1.4396342 3.1007273
laparoscopic -1.1851735 3.321533 6.025517 2.5169506 -1.8984069 1.0100384 4.674138 -3.509633 1.6195064 -0.8022996 -3.530022 -0.83098423 1.6762067 -0.48451373 4.9849663 -0.2896688 2.0111325 0.7840142 5.870525 6.018627
perinatal -1.6402806 2.5849597 4.421254 1.8372095 -1.9579929 3.3624349 1.0547962 -4.5713477 4.2958264 1.413792 -2.926407 -1.6901585 -3.1678321 -4.3691444 2.777353 -0.2625329 1.9019617 -1.7943977 0.090581514 4.1127353
angiography -1.6475686 2.7471244 8.344024 2.950765 -2.9219153 0.009955568 6.329929 -4.014282 0.1591957 0.09767868 -3.662806 1.9242457 0.8044089 -1.6546564 1.727586 -1.9369102 2.5890734 -1.267856 3.538193 5.3399186
physiologically 2.2747831 0.2988956 6.938655 -0.092939325 2.280567 1.8929342 4.106704 -5.198751 2.93956 1.5315299 1.7171353 1.5232484 -3.7996523 -3.00698 0.5179185 1.0666529 0.8051452 0.43706536 4.363653 1.1261281
prognostic 1.4567909 0.7872651 8.267838 -0.03900376 -3.104831 1.4629617 1.8279331 -5.1880674 3.3174303 3.2309947 -4.3799887 1.7527745 -2.6963463 -3.522003 1.5572424 1.0338393 2.685804 -1.6736747 1.6698216 0.73685235
hypoxic 1.4688241 2.1085763 5.4025445 -0.8024276 -0.20724064 2.5971136 1.7760613 -6.5243754 -1.3457991 4.0170727 1.2047467 -1.9546803 -2.3113728 -4.004075 -1.8294673 -0.0016888073 1.5826398 -0.88532144 3.987495 3.785541
physiologic 1.3772094 1.3603535 8.308118 1.7118108 -0.6158348 2.7932327 2.5919642 -4.771799 0.92946273 2.5562139 -1.8985221 -0.23113799 -2.4952602 -3.236367 0.539952 0.9045171 1.3578157 -0.19732368 3.843182 2.5814636
biopsies 0.40473953 4.068654 8.08318 1.6294922 -0.95443606 -0.14283347 7.499568 -5.071343 2.3740497 0.43652698 -1.0456072 -0.054228544 -1.4244893 -2.3096457 3.0620744 -1.3864272 2.307978 0.15947238 2.7643216 3.9430428
amputees 1.1181933 1.5296202 0.67285067 -0.5923099 0.6569729 2.8629942 5.4970255 -3.3738306 1.8004482 2.123336 -0.8463995 -3.439605 -1.579269 -1.7658771 5.520735 3.0649235 4.7266774 0.9471636 5.1639843 3.3205214
synchrony 3.6012235 -0.16294731 5.8130255 -0.36030275 -0.45041797 1.494702 2.3561385 -2.6972988 1.025544 0.12969024 -0.44129172 1.5451654 -2.451089 -3.177937 -1.4724715 1.0478933 3.2977622 0.043494966 2.7358236 1.665043
psychosomatic -2.4840348 0.9369296 6.203635 1.7563273 -0.33179784 5.124507 4.626547 -2.0950701 3.6156714 -0.902922 -1.176242 -1.259292 -0.40840578 -4.3071632 -0.620706 2.0059347 -0.24082407 -0.8476128 -0.21092296 3.2395358
intrauterine -1.2175071 1.5934272 7.4812593 -1.5418506 -0.93936884 0.99351203 3.3356438 -6.865649 1.9954468 1.0797845 -2.0850282 -0.64248943 -1.9193544 -2.1310706 0.59834486 0.19478351 0.06441079 1.4335914 2.0976667 4.612259
cardiopulmonary -2.376512 2.4838057 6.0495815 3.6549246 -1.478215 0.36067694 4.229781 -3.6050951 -2.3477643 -1.6756115 -1.8933063 -3.1331532 -1.9976612 0.37245175 1.0623399 -0.8181736 2.5384517 -1.7259662 2.879836 7.1668262
impairs -0.14350927 -0.07297554 6.3003893 -0.55313545 -0.30398065 3.2602572 1.593382 -4.2909274 -1.9459766 2.5290072 -2.7842636 -2.402931 -3.1335077 -2.9790697 -1.2872479 3.579518 -0.20109636 1.8579303 3.4559965 2.0126686
alertness -1.1354907 0.24232602 2.615519 0.4705469 0.16348831 3.1006112 3.378752 -1.0706221 1.2073461 1.5779828 -0.56287533 -0.9683636 -4.032016 -2.8607981 -2.1942415 2.5225284 3.9200454 0.15458223 5.517853 2.8446825
somatosensory 3.6298711 -0.9838582 5.7675176 4.739816 0.49383283 2.8301904 3.7919683 -2.6967394 -3.219803 1.696148 -2.263749 0.43137768 -1.7082009 -5.9663005 0.26389924 -0.28581595 1.9483958 -0.9746614 4.958151 2.1441822
tics -0.51859975 0.37221098 7.294928 0.33158326 1.5705014 2.8099842 4.949808 -0.52844137 2.2705991 -1.8160285 -0.6063779 -1.2004734 -3.187508 -4.535187 0.70559293 -1.2028815 1.6702572 -0.536572 5.14671 -1.341398
phobias -0.71856254 2.0020914 4.904866 -0.47204834 0.25458902 4.645619 6.134743 -0.9818687 2.9348433 0.4249669 0.16581318 -1.497873 -4.3780646 -4.769719 -1.2302634 1.0587152 0.45150292 0.07617334 2.3720133 -0.057562236
craniofacial 0.16494603 2.2870648 4.8154 3.771292 -0.12699041 3.4969103 4.325033 -4.0614433 2.2316015 0.6465412 -2.213961 -1.2826577 1.1164664 -4.992446 3.6718085 1.5324856 0.23972762 -0.6168339 2.3750627 2.0450134
intubation -2.9866202 3.0689824 7.9010754 3.4296446 -0.5122589 0.83315235 6.541565 -3.5970404 -0.59054935 0.264987 -1.7210587 -1.2090238 -1.9016844 0.061461136 1.8505332 -0.33576077 1.8517088 0.37432334 6.8655744 5.7890058
neuropsychiatric -1.3538952 1.8939642 4.0650997 2.610944 -1.9754388 3.6209476 2.5953646 -2.811207 1.6346061 0.5402478 -2.7663815 -1.6897596 -1.7928299 -4.382669 3.0082138 -0.10516036 -0.4312672 -3.6588292 0.23027849 3.4363158
drowsiness -2.8060315 1.5302114 6.450185 0.4291861 0.67014664 1.8294487 4.2870035 -2.1023798 -0.12030049 2.3356893 -0.34680855 -2.9925385 -2.7993727 -5.1270866 -3.074657 -2.381038 2.3106456 0.12732579 5.5095015 0.9337986
ideation 0.25701377 0.60414237 6.202831 0.099468134 -0.98717767 2.7415051 3.47748 -0.34175453 2.5944057 -0.57256484 -1.75585 -2.3291025 -4.348317 -4.772715 -1.9078044 1.4571083 0.33742 -1.0895776 2.6470587 1.2299469
postural 0.846193 0.10735743 6.709056 3.6420822 0.32803157 4.3599772 3.526439 -1.6885457 0.027698522 3.0472915 -1.5715197 -1.4840388 -1.6178275 -2.5540624 -0.13371246 1.8626293 1.8722309 0.26286677 7.3207645 2.3404565
enteric -1.2152668 1.6893582 4.5899563 1.0966448 0.9655647 1.1167827 3.0870056 -5.9858537 1.3723295 2.0708854 0.82008225 -0.9953144 -0.65384144 -3.5705585 0.841797 -2.3175077 -1.6284199 -1.3068787 1.9133291 4.3052483
biofeedback 0.43372628 0.82174885 5.27025 1.6130441 -1.3938392 1.7898109 4.0589128 -0.89471185 1.4538356 -0.4707828 -2.7290628 2.5098212 0.11629109 -4.4449887 2.6713161 2.0161493 0.11141966 -0.23336735 4.4208283 6.307925
sensitization 0.45854267 1.4694391 6.8079166 1.3742954 -0.08680056 1.8970584 2.3347125 -2.7403738 1.1467057 2.793539 -1.058105 -0.34891367 -3.5472355 -4.7576723 -0.316573 0.52427715 -0.84076434 0.24375285 3.4522681 4.2830167
ruptures 2.3145537 2.552124 5.72122 0.6931148 -0.8123139 0.12367189 3.190285 -3.463921 -0.8556885 2.5316138 0.70786834 -2.6586227 0.2258172 -0.9766062 -2.6241932 -0.6475472 1.3466892 0.1005459 3.0427835 0.4337159
neuroscientists 1.6704105 0.09580464 4.982919 1.6026258 -0.01640616 3.8045566 2.4935515 -0.47904825 3.4861345 -1.3474221 -0.7239711 0.8708107 -0.35248873 -4.776752 2.4081366 3.2399979 -0.43749774 -1.8083093 0.74998146 1.8708959
prostheses 0.6452662 4.0024314 4.0430636 0.9284297 -0.9222495 1.5224177 5.8857183 -1.9334601 0.122529 0.5445792 -0.47575372 0.42962867 0.4989578 0.44184723 4.6389127 2.2731707 1.0179304 1.8483728 6.423978 3.60072
workup 0.39314458 2.0771053 5.4601398 1.4968617 -2.2400985 -1.1846193 2.6841645 -2.603917 2.4937575 1.9695324 -0.69091594 -1.0521238 -0.13638543 0.7280781 1.0132251 -1.5816643 2.3219314 -2.6688607 3.8032396 5.046099
radiographic 0.52244633 2.3596096 6.750232 2.6910634 -2.7745156 1.2173346 5.665723 -3.645669 1.889119 1.4298763 -3.730404 0.6819349 1.7701986 -2.4497216 0.5946734 -0.19125018 1.9437052 -0.56648153 3.189767 1.4331998
ultrasonography -1.8412554 2.0121956 6.778305 2.5108054 -1.2110366 0.43282932 6.7084184 -4.284305 1.7076977 0.099026866 -2.442882 1.5036747 0.0927976 -2.282927 1.8010268 -1.267674 2.9847515 -0.57184535 4.233047 4.5682535
percutaneous -0.9105935 2.4431756 8.125795 2.9904058 -1.5468155 -0.059827868 4.9652076 -3.9947062 -0.7831749 1.4953061 -2.2432458 -1.1241226 -0.4456782 0.3193002 2.1749437 -1.1906623 1.4350522 -0.16271432 4.207243 6.5012493
implantable -1.3928212 2.2172575 6.153791 -0.7231622 -2.2932413 -0.53203154 5.0636306 -2.9530787 -2.6956663 -0.11208079 -3.3434398 0.5750204 1.800656 -2.6005955 3.8132374 0.14294378 -0.61320645 -0.45748803 5.768956 7.433401
epigenetics 2.5385232 0.1454285 6.5876784 1.2696015 -0.933344 3.007237 1.7423451 -2.802695 1.8930746 0.51739955 -0.68527436 0.938377 -0.74643975 -4.4437776 1.8977771 2.840919 -1.4324502 -3.1662521 0.009990577 1.6879148
excitability 1.7862109 0.31363222 8.126089 2.3773627 0.1972652 2.1177084 1.4883391 -2.3896606 -0.47543466 1.665841 -0.32778382 -0.5500228 -3.8721135 -3.4425597 -0.7812575 -1.2032306 0.7529452 -1.5054953 5.003064 1.9025211
carcinogenesis 1.8593763 1.1810458 8.5221 0.20298216 -0.6565399 2.0750027 2.1469972 -3.1583815 1.9893837 2.2475557 -0.461999 -1.1109895 -1.9939605 -4.2409835 2.073276 0.5830959 -1.8662409 -2.729594 1.608164 2.4887242
neuropathic -1.1006271 2.0140803 8.373897 0.86693376 0.17411125 2.4624345 3.4548695 -3.2750072 0.43090934 2.5611973 -0.9660779 -1.6811211 -2.4667432 -4.4396234 0.8660398 -1.4624819 0.22305776 0.3603398 4.045969 3.0675058
suppressive 0.9908272 -1.6022623 3.4928918 1.423453 1.0417742 -0.7234136 5.543204 -2.1209633 -0.044262473 1.5622538 -0.768358 -1.8173181 -3.7257757 0.36534572 -1.3220681 1.8885534 -1.1787112 0.34432703 3.2645257 2.4613
epidural -1.6975683 3.1749225 7.0454865 3.461865 -0.14744107 0.31741753 5.8969164 -5.1031427 -0.93174976 0.19792445 -1.5536702 -1.7204924 -1.1349865 -1.6134672 1.6198263 -1.4455405 1.4514877 0.42927673 3.95434 3.5646875
aversive 0.501482 -0.097912975 6.1216717 -0.23929474 0.759246 1.6072544 4.3972025 -1.6306269 0.2555912 1.5517797 -0.8281615 0.3258801 -4.5225573 -4.2609215 -1.6767727 3.0587003 1.3559864 1.7507299 3.3734932 2.200664
efferent 2.7320995 -1.0416417 6.623425 4.4035583 1.6107544 1.2297213 4.109306 -3.8657477 -4.783129 0.08966473 -1.0643364 -0.7256595 -1.109255 -2.6333535 0.84250766 -1.8885505 0.28845936 -0.69125956 4.0029354 2.8519745
spasticity -0.44448298 1.9909701 6.863128 2.7662477 0.4087806 2.3473582 3.1188924 -3.8852806 1.2706585 2.7278717 -1.4520291 -3.2324312 -3.3453875 -2.4737015 1.7894863 -0.26152262 2.513504 -0.13333763 5.955473 0.67709994
catheterization -1.7277213 4.3183203 6.1680856 3.540455 -2.3435473 0.78324336 5.1833863 -3.410094 -1.0647401 -0.24851516 -2.4241016 -1.3115537 -0.054392073 -1.1947402 3.0721464 -1.5341878 2.2203128 -0.92931753 2.9745889 4.357703
radiographs 0.35607263 3.1384788 5.9905314 3.1960402 -1.0198859 0.17528082 7.359901 -3.3679616 1.5052812 0.97317165 -1.2079949 0.7755467 0.35128054 -1.4366037 0.27380097 -0.5291098 3.183409 0.3736537 3.91842 1.2774698
menopausal -2.0902665 1.0113769 3.984353 -1.223765 0.9144664 0.7278805 2.7586837 -4.5001144 2.113316 0.11602717 -1.2679719 -0.46863866 -2.210005 -3.4494689 1.2045726 -1.104101 0.5660551 2.236559 2.6147401 2.7003212
mammography -0.4458473 2.5253541 3.9135203 0.5288612 -2.9805546 -0.38731506 4.563448 -2.69269 1.5283943 -0.42470747 -3.5665867 1.5716436 -1.5855455 -2.4143589 1.7339617 -0.594726 1.9577552 0.38960233 3.2787788 5.067647
dieting -1.7817855 2.4055493 3.5859063 -2.612459 0.03693245 2.3267539 2.7768936 -1.0969393 2.11086 -0.7272128 0.13781783 -0.13951026 -3.8537574 -2.9895458 0.31781465 1.8400778 1.8170245 1.4575429 3.780199 1.7674593
subarachnoid 1.5268176 3.0453649 6.99717 3.4061902 -1.8089042 1.4217099 4.429235 -3.9077659 -3.8637917 0.5261035 -1.602299 -2.7963014 1.0458922 -1.8168386 0.22584307 -2.5809436 3.5546756 -0.6298336 0.93360716 2.4856007
immobilization 1.1511483 2.0903351 5.6716137 0.2533854 -0.18102856 0.19294715 3.4470108 -3.8321412 -0.23918931 3.2058973 0.010256532 -1.208976 -0.16825056 -0.40902293 1.6944212 1.5568203 -0.043494496 0.38430947 4.8869815 2.657916
dysregulation 2.2283962 0.28708723 8.615355 1.1807858 0.15775341 2.6375778 1.9740258 -2.6419754 0.3915122 2.2228894 -0.84678453 -1.8713666 -4.0049367 -4.4323945 0.12675795 -0.67641515 -0.6152022 -0.73769814 2.591545 1.5220002
desensitization 1.5950644 0.14771251 7.508509 0.6998067 -0.20152408 2.8990107 3.069725 -1.5202233 1.492687 0.70898676 -0.480788 -0.89376235 -2.151353 -3.0873463 -1.4479507 0.40434542 -0.7708911 -0.15182193 3.8347893 4.446496
defibrillator -1.9392385 2.6342397 3.9441864 -0.7278662 -1.705145 -2.0599906 6.2935786 -0.26425868 -3.2461977 -0.72805256 -0.9036833 -0.45131308 -0.14642018 -0.03960173 2.4595942 0.59617496 2.0883398 -0.853052 4.280152 5.9969716
strabismus -1.2055848 2.608487 6.8710504 3.0763462 0.16390553 2.374298 5.059633 -2.9470482 2.743161 0.5566035 -0.8548874 -1.1540798 -0.73099476 -3.5441594 1.2116493 0.0018923589 2.6208959 -0.40820777 3.5092573 1.6117108
weightlessness 1.0170623 0.20230937 4.1141934 -1.9418566 -1.5808975 1.6044081 3.912315 -2.0115395 -0.749172 0.41917613 0.1511762 -0.88139296 1.0750842 -1.9362373 -2.9086936 1.4320889 4.95366 -1.5769204 4.0485635 3.444889
locomotor 2.3455434 0.060832616 4.6127744 0.6035197 0.66091526 3.3071518 3.4832535 -4.8705215 1.0364223 2.0194752 -1.1696995 -1.4450183 -1.677247 -4.8170795 1.6894588 0.35973215 2.0168455 -1.2371787 4.394983 1.1538068
angioplasty -2.0519888 3.7138958 5.903816 2.961097 -2.2564616 -0.37566647 4.31546 -2.7901056 -0.880058 0.013706831 -1.8372418 -2.411183 -0.47806773 -0.0958327 1.8341417 -2.6060302 3.089145 -1.695901 4.317288 5.888488
hyperthermia -1.8352478 3.015794 5.6500535 0.75361717 -0.28801084 1.2463915 3.1601326 -4.266556 0.9361342 2.137257 0.33230618 -1.4768612 -1.7515115 -3.094389 -0.54912466 -1.9203514 1.2497804 -0.8263553 3.0154257 3.2133768
homeostatic 2.661512 0.048193 6.6622195 0.91215354 0.15183496 3.0676854 1.2787052 -2.7617745 -1.8595943 2.9334083 -0.42635694 -0.25754642 -3.3247755 -3.3988655 0.0809323 2.1902618 -0.007105518 0.06249591 3.6989183 2.858136
narcolepsy -1.7261136 1.3265582 6.1187854 -0.07577068 0.34012952 0.9841892 3.0394843 -3.0516765 2.7538753 -0.13577665 -0.634724 -1.3658881 -3.7498755 -4.0546403 0.38867563 -1.9159225 0.88924104 -0.94899756 2.1521714 1.4497539
agnosia 1.4578687 0.2401128 7.4545965 2.9361236 -0.26439217 3.4272838 4.9537563 -1.9669231 1.9606533 1.324451 -2.2373111 -0.21767709 -1.8948601 -4.101799 -0.15496837 0.8504227 2.5248675 0.16093163 1.7299291 -0.16211948
wakefulness 1.0903804 1.0566703 6.155469 1.4405533 0.14948885 2.8192134 2.470716 -2.0597882 0.7287407 -0.5972446 -0.037374303 -0.83414865 -2.971667 -3.6727552 -2.3721364 -1.6513216 3.5618687 0.7657799 3.041967 3.5091813
immobility -0.2230583 0.898881 5.1826334 0.5826358 0.9607816 2.8135169 2.3259518 -2.2253065 1.0535272 1.5580335 1.5125566 -1.6746085 -0.80417764 -1.2465663 -3.0782876 1.8030964 2.0202537 0.64841205 3.4620385 0.574903
sensorimotor 3.9720163 -0.98192257 6.6108437 2.2136705 -0.38659465 4.1900506 3.3229985 -1.8334769 -0.011332798 0.3062139 -1.39426 -0.3639997 -1.5358313 -3.3152785 0.71421045 1.7440135 1.7433752 -1.8716108 4.009956 1.8514969
colonic 0.5484832 3.4601414 6.0369797 1.8295146 -0.17015535 1.4822527 2.4948053 -5.5072227 -1.3640672 1.0863115 0.085219234 -1.2930067 -1.516478 -2.48961 0.29633057 -2.2235494 -0.0055110035 0.2512894 1.8153932 2.090601
toxicological -0.44446245 1.8313196 5.55569 0.20949915 -2.9149497 0.62993586 2.6421957 -4.283326 2.6331527 2.736042 -1.9762301 2.6913805 -1.8848058 -2.6134703 0.17739947 1.3271415 -1.2895215 -2.125491 0.5230969 3.5485308
olfaction 1.051466 0.36119297 4.024793 -0.1684445 0.6794644 2.8925505 4.3687963 -3.1306338 0.6426896 0.65931165 0.27311352 2.360274 -0.15338491 -4.730284 -0.43158436 1.9945916 0.63400966 0.16164483 3.1931002 1.7679578
psychodynamic 0.7442741 -0.94997084 6.526646 1.9382527 -0.44838974 4.7405705 2.914234 -0.9296563 2.9512572 -1.4896535 -1.761921 1.2128046 -0.8012551 -3.3969753 1.1280448 2.7802753 -0.5716151 -0.9968865 0.96038246 1.6863259
stents -0.57067555 4.78839 6.735055 1.5218818 -1.9312474 -1.1759114 4.214535 -4.089001 0.091849156 1.004823 -0.9200095 -0.34020486 -0.024699327 0.39739853 2.5926 -1.7964289 -0.2930813 0.22214867 4.737186 4.985394
autoimmunity 1.3882731 0.92048615 7.1784697 0.6604645 0.1386601 2.0008962 2.9348657 -2.940691 1.0936636 2.62926 -0.68408555 -1.7831302 -2.7270482 -4.075047 1.6204828 -0.029104527 -1.3318261 -1.09758 1.1798531 1.9969627
echocardiography -1.4078074 2.056126 5.699707 2.5882585 -1.6499889 0.49973637 5.4301543 -2.7814388 0.98996526 1.0600365 -2.53292 1.300434 -0.14611578 -2.3025925 2.1473668 -0.9945688 2.448606 -1.0017297 3.3587105 4.2983885
leishmaniasis 0.5543911 1.6317041 3.5682366 0.8420342 0.5714357 2.2383423 4.2091613 -4.022648 3.8814912 3.9411008 0.61585844 -1.7947701 -1.9624299 -5.9044847 -0.26916873 -2.3591847 -0.5910212 -1.3344736 1.0863973 3.7459013
impingement -0.073561035 1.55796 6.0973477 2.1267571 0.35626605 -0.31100452 2.5866761 -2.13496 -1.4695643 3.8063912 -0.095295995 -2.255836 0.22474806 -1.5604193 -0.54199564 0.52393895 0.4254332 0.39349136 5.483097 2.1512737
subcortical 4.468054 0.4238442 5.2184563 4.743414 0.24490899 2.8076165 3.6659238 -4.343884 -1.6642741 1.4186183 -2.0066965 -1.2974349 -0.4425714 -4.682864 -0.44451347 -0.5589791 -1.0652986 0.3875987 2.30139 0.17250814
psychedelics -0.6426134 1.4009639 4.938251 -0.5351619 0.42837578 2.6524408 2.6367366 -0.8933108 2.8425016 -1.8163456 0.5355475 1.4971397 -1.4424263 -4.1484976 -0.6423164 -0.11119217 -3.0402713 0.8563552 1.6848162 2.547083
impulsivity -0.49701288 0.20179595 6.746533 0.6812297 -0.20235877 3.732863 2.5687292 -1.8351527 2.4191763 2.397381 -1.4526563 -0.11144409 -4.7219663 -3.8861198 -0.18956296 2.1417909 0.41789263 -0.995451 3.7653995 -1.4763651
dysfunctions 0.9190138 2.1863236 5.4871163 1.7358886 -0.5275306 3.4305842 3.5019386 -1.552393 1.6003078 1.5084579 -0.8257978 -1.3042073 -3.5480468 -3.4153707 1.1213267 1.1260875 0.18982483 -0.66330266 2.4910839 0.38309702
feminization -0.17993486 0.9880275 4.2019405 0.88007957 0.97564185 2.9660392 1.8897905 -1.589608 3.5312896 0.7423585 -1.0634218 -0.74787104 -3.7511065 -4.2634597 0.43715623 1.2269665 -0.036982648 2.1237462 1.7301184 1.0146916
neurotoxicity 0.12537257 1.8232839 7.581754 0.121924505 0.11003452 0.8948623 2.7431421 -3.517408 1.2840885 2.8504539 0.6365861 -0.86352074 -3.2599204 -4.045789 0.21644832 -1.2322551 -2.1786711 -1.8330698 2.4552765 2.4709024
preoperative -0.8779762 1.7229427 5.4592485 1.8265678 -1.9073687 1.4153719 4.4969163 -3.4161768 0.6707503 0.33815995 -3.2640934 -0.57588524 -1.8246592 -1.0058528 1.6821849 0.66373324 2.5431771 0.067721345 1.8656334 3.58724
habituation 1.2171851 0.32294002 5.4445505 0.33051613 0.3121517 3.2912974 3.0178273 -2.2669082 1.9886351 1.164556 -0.10693303 0.34615162 -3.337243 -4.2057447 -1.0319055 2.58807 0.6074682 -0.47075543 2.6609983 1.262969
sinusitis -2.0255141 3.04658 5.032082 2.0217023 0.6476335 0.8287722 3.3885238 -3.4675684 1.5160695 0.81859165 0.36977348 -2.8709428 -1.7603738 -3.2680452 0.31345296 -2.3223708 0.6300435 -0.36286473 2.59042 1.8204577
fundus 0.81350327 1.9745387 5.1951513 3.1480193 -0.6337333 1.3242142 4.984787 -3.3388848 0.04899784 0.87906426 -1.328539 0.97607535 2.111876 -1.2373765 0.5002532 -1.4958675 2.0811398 1.2085321 2.2848992 1.7152127
bradycardia -1.4126983 1.831472 7.503192 2.3167024 0.4096228 1.6474588 3.1586933 -3.1927578 -0.03217567 1.87905 -0.963099 -2.2276838 -2.6451762 -3.6135933 0.27924845 -3.2787912 2.384723 0.13297267 3.8185089 1.8253784
subacute -0.7980388 2.2480564 4.9188046 2.5891497 0.008673843 1.6818238 2.5422766 -4.670823 0.53058225 0.9143921 -0.67162657 -2.2306764 -1.5817525 -2.6315432 1.0427282 -2.3586311 1.4500583 -0.7833381 2.6683655 0.7614149
serological 0.36086738 -0.12056611 5.559489 -1.290733 -0.5241589 0.119765684 3.8511536 -5.777728 3.6005476 2.1455142 -1.343996 0.76848006 -0.8118343 -3.1656795 1.96238 -0.12271574 0.13581821 -2.0474837 1.2017049 2.7706263
thalamic 4.336208 -1.0836147 5.6022205 3.7423716 0.88284814 1.1520725 1.9588699 -2.8334165 -1.5062443 1.2755758 -1.0133309 -1.2564064 -0.5468426 -3.6611743 0.15233721 -1.4380835 0.13385591 -0.24862467 2.4436886 2.0561721
stressor 0.7867801 1.1914597 5.6269193 0.82331145 -0.35446063 2.388866 2.5304098 -2.1331077 1.9446427 2.0595288 0.04023201 -0.22092625 -4.372125 -2.8119857 -1.5809903 1.86062 1.7091391 -0.17549446 2.7144136 0.96689016
neuroanatomy 1.4963871 0.66749203 5.3300056 2.7970624 -0.76656675 3.306608 2.4935386 -2.2657928 2.4634454 0.5207757 -1.0145959 0.9393115 1.4078963 -3.6611853 2.249441 1.1242946 -0.2904371 -2.2975528 1.0742414 2.6041164
gallstones -1.4490674 3.4075577 5.7427206 1.2889758 0.40356466 0.8117655 2.9940126 -4.680476 1.5179216 0.46316397 1.0578064 -1.8648101 -1.5299581 -0.60282356 0.057446994 -1.6900972 -0.4764891 1.0995029 1.3589109 1.9399891
colonoscopy -0.6458701 2.5442128 5.1712227 1.7110783 -1.1262466 -0.6278937 5.31518 -3.163005 1.0507252 -0.5743626 -1.9603947 0.18846786 -1.7286342 -1.0592693 1.448597 -1.4679494 2.4502518 0.7604649 2.3805504 3.66491
hyperglycemia -1.5844249 1.8097003 7.33651 0.32243797 0.30129945 1.6908212 2.0164084 -3.6592805 1.5875856 2.3694396 0.2023996 -1.2996976 -3.7949672 -2.5999935 0.6148274 -1.747102 1.2674601 -0.2338709 2.7270846 1.8848948
hematological 0.6668684 1.6080889 5.989425 1.0006809 -0.87844723 1.7771589 2.270425 -4.2910576 2.0918238 1.2992132 -1.5819682 -1.0511773 -1.4632539 -3.5096297 2.4484327 -0.753454 -0.45202664 -1.2322927 1.4917507 2.0704868
overexposure -0.77266306 2.077473 3.3553898 -2.0113194 -1.0729846 -0.3024712 2.0437057 -1.326063 1.3686557 1.096307 -0.029078007 -0.7833366 -1.5391845 -2.6126447 -2.5710967 0.35911775 -0.2801015 0.24577597 3.36139 0.95186996
overactive -1.0916636 0.889236 4.948817 -0.060867712 1.0468004 1.7406057 3.0358424 -2.4397094 0.043860517 -0.50641394 -0.1343283 -1.5772305 -1.844692 -3.398575 -0.47228837 0.029267242 -0.2699613 0.49433604 2.699226 0.80970305
neurobiological 2.2333443 -0.28343102 6.063644 1.0315853 -1.0181707 3.7461166 2.1491473 -2.1788118 0.82171625 1.093983 -1.147864 0.7122621 -1.6527818 -3.3752708 -0.00010476555 2.6710014 -0.62336904 -1.4560717 1.3870307 1.2638319
excretory 2.372188 1.2560945 4.458749 2.2186296 1.0221083 1.469282 3.3556933 -5.453164 -2.0811589 1.7443871 -0.43682802 0.03641784 -0.8265 -2.2321007 1.7148162 0.33529273 -0.8078417 1.6640948 2.520774 1.7914704
cesarean -0.9596171 1.7391547 4.095453 3.1333616 -0.8123865 -0.89678603 3.1883156 -4.9321213 0.06214322 -1.0468956 -3.1520429 -0.32122633 -2.3970582 -0.11942353 0.48879296 -1.6127238 3.164533 1.7295443 1.2362784 3.0345087
radiologic -0.8742768 1.0902213 2.8622758 1.6877451 -1.6849134 0.9107551 2.0937593 -3.2001233 1.0649045 -0.18763287 -2.6392624 1.5918266 0.5918785 -2.4816139 2.4935522 1.1222025 0.55213416 -0.70224637 0.89826286 5.1266704
misdiagnosis -1.9045225 1.8637252 6.1792846 1.1455315 -0.2722144 1.0193689 3.8145728 -2.8631508 2.5116248 1.2875705 -0.98564607 -2.3173664 -3.0058804 -2.5789394 -0.54146266 0.20106708 1.0544755 -0.6170242 1.9100434 0.587014
tracheotomy -2.1411445 2.7539933 4.6131654 1.5426266 -0.21561792 -0.050371725 5.641499 -2.0285969 1.4162456 -1.1379241 0.51790065 -1.3561792 -0.65071803 1.3817698 1.0524355 -0.5064519 1.8940957 -0.084874935 2.683425 4.164819
epidemiologic 0.21930248 0.53287625 3.6186922 0.9825004 -2.1921892 2.2279034 2.305434 -4.340257 3.3611212 1.275467 -2.3082201 1.2091311 -1.828112 -3.596317 -0.043718256 0.57071936 -0.55901974 -2.3855546 -0.62006015 2.1969743
apraxia 0.4362878 -0.14189845 6.8153634 2.8004303 -0.17841743 3.1791508 3.537358 -1.9146999 1.7078732 -0.08302446 -1.8026806 -0.7216999 -1.3178724 -2.4532676 0.67972386 0.49934253 1.0767845 -1.5344954 3.1310651 0.62296754
histopathology -0.21303481 1.9915346 5.1757207 2.2644804 -0.4225708 1.1936103 3.9593244 -3.1005218 2.1502254 0.82345474 -0.9440655 0.57478213 0.3747588 -2.5428236 2.1317382 -0.54836226 0.3139231 -0.72419 1.4121921 2.3418925
curable -1.6369796 1.5834218 4.4728336 -0.39454427 -0.40320647 2.3185172 2.8031301 -3.635528 2.158475 0.034521077 -0.71356004 -1.4872707 -0.803029 -1.4863634 -0.5507227 0.22110808 -0.26275322 0.6273256 1.6060895 1.9086221
neurone -2.2502081 2.2970831 2.8575702 -2.988108 -1.2257743 0.786117 1.6155707 -4.759815 -1.5894132 0.4059984 0.5682451 -4.259368 -0.9721418 -3.831991 3.9537525 1.841079 1.733969 -8.716164 4.1493034 3.8437314
genitourinary -1.2772855 1.7189307 3.500639 3.3026211 -0.010329774 2.0319092 3.3435166 -5.2920194 0.46325463 0.56097096 -2.061813 -0.7570796 -0.35361046 -3.088784 2.066989 -0.007463248 -0.9381399 -0.16174269 1.1806321 2.2055507
myocarditis -1.300709 2.5014606 6.0106087 1.9677483 -0.19025566 0.7229708 2.2776546 -2.8057654 2.005448 0.83568084 0.017387537 -3.068852 -1.4494962 -2.7238402 0.0729118 -2.555835 1.0083088 -1.3053552 0.4396966 0.63666123
vitiligo -0.84630424 2.8828616 4.3245873 0.49093145 0.15001908 1.2970978 3.2482357 -2.8038044 3.1624455 0.98310214 0.23937131 -1.0832655 -1.1585677 -3.6684012 0.42063177 -1.1239448 -0.064100124 1.0218946 0.8273518 1.9221022
neuroplasticity 2.3727043 1.0159448 6.201985 1.264864 -0.9037529 3.4290464 2.1857915 -1.1988847 1.0658733 0.216708 0.22872248 0.30949694 -1.5609114 -2.9336 0.3274997 1.2839822 0.16028899 -1.8707683 1.5555949 2.2222886
thyroiditis -0.42925447 1.1181868 6.2538757 0.8259489 0.6792378 2.0575929 3.3078353 -3.1728754 2.757372 1.9452806 0.38518238 -2.7696357 -1.9829901 -3.2746623 1.9706911 -2.9814436 0.33274934 -1.7862014 0.95439446 1.7445952
multifocal 0.77876174 1.1719338 6.2915473 3.9148319 0.9459215 0.6120141 2.3924286 -2.3062077 1.2924747 1.0453428 -0.982808 -1.2916194 -0.6029387 -4.405702 0.744344 -1.1414803 -0.89758 -0.6674977 3.0648453 0.655817
premotor 4.074746 -1.6781479 3.705135 4.0852504 0.73294926 2.1275487 2.8825133 -2.4642115 -1.8731667 1.4481822 -1.3643935 -0.8524839 -0.8915869 -3.6858459 1.2736986 -0.30139574 0.6479089 -1.9344839 3.3736844 0.70291746
subdural -0.60404277 3.367255 6.208064 3.1174452 -0.34173292 0.8064838 3.3526611 -3.4334443 -0.5681975 0.80116683 -0.25246873 -3.631951 -0.18066981 -1.736784 0.76708144 -1.4273099 2.5908372 -0.73135597 1.6131616 1.2921349
hemodynamic 0.058616985 0.15189941 6.438893 2.0741715 -1.0058373 1.384709 1.7807086 -2.9988935 -0.01556104 2.0038059 -1.9752238 -0.53255385 -1.7630867 -1.6400487 -0.5998706 0.20637956 1.5691141 -1.0913986 3.2016125 1.9220657
trachoma -0.9109318 2.7294493 2.5115347 1.1769625 -0.014525361 1.5904342 3.4053938 -3.5078483 2.679925 2.5044158 0.7493636 -1.9080173 -2.1681273 -2.9522376 0.4945847 -0.858078 0.1554387 -1.1459706 1.1118151 3.217453
nonclinical 0.48137668 0.30981007 2.7188594 0.59545964 -1.79512 1.9061882 2.1804469 -3.6301262 1.7404742 -0.045713782 -3.1935487 0.8863269 -3.1801794 -2.0234103 2.4981592 1.1272632 -0.16533639 -1.0967189 2.0016007 2.0222075
exacerbation -0.8591692 1.1848931 4.7550483 1.275747 -0.5188859 1.6039978 1.906792 -1.7743039 1.6491532 1.9823934 -0.8555704 -2.4100697 -2.9834237 -2.126505 -0.56492007 -0.44314384 0.13512497 -0.38526097 1.8664099 1.2899711
multicenter 1.3306973 1.4513985 4.8168664 0.32866573 -2.9992237 -0.29678974 2.159713 -2.0706127 2.8568714 2.244882 -2.5630398 -1.2078626 -0.69472605 -0.6529543 3.8534503 0.7692688 0.8491313 -2.5076814 0.17766945 3.5795166
tolerability -2.2802773 1.1887503 5.5784574 -0.06899289 -0.98052377 -0.086372405 1.6775846 -3.0079641 1.991565 2.767692 -1.7703838 0.44708255 -4.285946 -2.0280237 1.6763405 1.0881155 0.45426732 -1.3834372 4.0289354 2.1268468
anterograde 0.5004913 0.061117865 6.6320424 0.4894277 -0.31763056 2.7644863 3.7570736 -2.2861571 -1.2374972 0.6363041 -0.5026609 -2.4236522 -1.3098407 -2.9128158 -1.1513497 -0.8651334 1.4956445 -2.1357927 1.9553399 1.3427193
perioperative -1.3714256 1.711831 3.265601 1.1268417 -1.4268548 1.6907063 2.5620806 -3.3336384 1.9211628 0.9008694 -2.1990838 -0.6698236 -2.3615324 -1.8276639 1.9054503 0.28640303 1.2487555 -0.9687225 2.2872362 3.2098804
gynecologic -1.1083624 1.4860163 2.7179544 1.6854373 -0.61957484 1.3385248 2.9278474 -3.4622145 1.6750379 -0.15631735 -2.2563605 -0.48868734 -0.21267344 -3.1630065 3.394522 -0.0899261 -0.08795246 -0.107706405 0.9292893 3.9958954
chorea -0.60609215 2.122135 5.8412137 2.2454114 0.6436219 2.0015266 2.9635904 -2.2193208 3.0735373 1.2962103 0.475777 -1.5702866 -0.7952343 -3.13164 1.2182751 -1.8078847 0.31458852 -1.1845539 1.6246967 -0.29045218
intraoperative -0.38090318 1.9214684 4.8809204 1.4169372 -1.8706349 0.7962107 3.395534 -2.2892835 -0.2879972 0.6807739 -1.876708 0.21644472 -0.3679939 -1.5208566 1.6092272 0.40423164 1.1090543 -0.9934139 2.5612533 4.0187254
atherosclerotic 1.1696975 2.989166 4.8475394 2.1512303 -1.5039937 1.4421566 2.9709272 -3.7045417 0.099124305 2.448137 -1.5355225 -2.5325263 1.4011984 -1.6131898 1.0478778 -0.5241883 0.37071317 0.22745635 0.5203777 1.079993
neuropathology -0.46713853 1.0029241 3.6508548 2.7662542 -0.8462213 1.8748182 1.4416378 -1.8018451 2.725831 0.13777097 -1.1812378 -0.15821674 0.4454043 -2.5095062 3.0171273 0.14067695 -0.012909916 -2.0997567 0.2983745 3.3057396
stimulator 0.99108773 0.80739754 4.8577447 0.69190335 -0.004017737 -0.41295198 2.6938624 -1.4458305 -1.5377041 0.58039784 -0.18862528 0.65969735 0.22038399 -2.335268 1.3618909 -0.86089164 0.10057054 -0.10179178 2.8926806 3.0566144
levodopa -0.8434632 1.0378963 6.488391 -0.18901755 0.27264953 0.5809362 1.8814111 -3.5628898 0.69287044 0.92172647 0.16941363 -0.2620545 -3.673541 -1.3464063 1.0357893 -2.2485073 -1.0055588 -0.9851259 3.8602648 2.7370675
radiograph 0.39895177 2.5236392 4.8865623 3.6456163 -0.45754614 -0.66721326 5.0623846 -2.6716547 0.91176033 0.7722365 -0.58871275 0.8799114 1.3202777 -1.0685742 0.36799264 -0.20639667 3.536052 0.27248052 2.5271363 1.1368315
visuospatial 1.8590335 -1.6968665 4.829471 2.232722 -1.152898 3.46457 3.3198154 -1.2647079 -0.6912859 -0.4775899 -3.2785914 1.4442489 -2.212769 -2.0782824 0.67752516 1.8276306 0.62117517 -1.4921031 3.0223582 0.4319978
stereotactic 0.06301339 1.4668312 4.8347855 1.4544953 -1.4741527 0.5747515 4.0667253 -1.8754991 -0.02626274 0.09451374 -1.8288486 0.8735604 2.2696722 -1.3217624 2.942217 -0.33832258 0.45881715 -0.37848812 3.1572368 4.1353917
gingivitis -1.5980284 3.6738741 5.1440597 3.1561587 0.6059566 0.7040347 3.7982275 -3.9936657 1.1324095 2.5802855 0.3454197 -0.5012359 -0.4076489 -2.4899802 0.52937275 -0.6114898 0.12502554 1.1053097 2.6503587 1.1611755
debridement -0.86605704 3.6774118 4.890319 1.5158228 -0.38816336 0.4010156 3.5673046 -3.2588289 0.3962079 1.2822057 0.0695066 -0.8845374 0.41088155 -0.010678569 2.0018868 -0.056695983 0.5537141 1.1641294 3.9897575 3.007394
vagal 0.79163855 -1.1161621 6.197073 3.1268067 1.7235843 1.2746114 2.011896 -2.0642014 -1.3985866 1.5960695 -0.41921517 -0.82913184 -1.6322712 -2.8527322 -0.23535378 -1.3431426 0.84792423 -0.31313336 3.98651 1.3964486
keratitis 0.0032085904 2.4807022 6.062798 0.8559457 0.61693496 0.5543233 3.32651 -4.270411 2.0754352 2.540347 0.5671189 -1.5215876 -1.0199444 -4.02491 0.8371157 -1.6037009 -0.02070018 -0.38970175 2.011937 1.370754
serology -0.40097708 0.23726672 4.319871 -0.5394911 -0.25882882 0.49170905 2.7546303 -3.5748081 2.310311 1.4320176 -0.5987129 1.0179597 -1.0868647 -2.7120595 2.2469227 0.2060844 -0.24661592 -1.8069925 0.5016402 2.759607
suggestibility -0.6047358 -0.05665946 5.2102885 0.359866 -0.86003476 1.8758335 2.5782554 -1.6879869 2.1928751 0.8382336 -1.7069952 0.55089116 -2.797683 -1.8985105 -1.1898283 1.5814781 1.2212402 -0.052499034 1.4136329 0.3205932
proprioception 0.9384203 0.6860564 4.9351287 1.708006 0.29750505 2.2531502 2.765415 -1.2708821 -1.1905942 1.5990448 -0.58772624 -0.33657643 -0.76585174 -2.779463 -0.3485747 1.5342984 2.081876 1.0737497 4.6501436 1.6699733
brachytherapy -0.60106844 1.9084678 4.028947 0.49461654 -1.7751285 -0.2585086 2.483923 -3.6153948 -0.2159237 0.7824464 -1.7696948 1.4277737 -0.2258974 -0.77548456 1.7763044 -1.58495 1.7055742 0.11776627 2.9405315 4.094878
ductal 1.4962959 1.6428912 5.582132 1.8548274 0.27670267 0.9122945 2.2725747 -4.078948 0.061153915 1.141298 -0.3584598 -1.0205023 -0.39975896 -2.360585 1.6228044 -1.8796781 -0.15927702 -0.18870492 1.2397746 0.9338378
immunologic 1.1192229 0.85568625 5.3990836 -0.27455997 -0.4650674 0.95217997 2.19775 -2.8056812 1.0108849 2.2835166 -0.87942916 -0.51653486 -1.7876372 -2.6662526 1.5623747 -0.19181392 -1.0947444 -0.3912838 1.1895049 2.2808495
avoidant -0.3647082 -0.52247924 4.177101 0.56336117 1.3902406 2.942678 2.8282409 -1.5711505 1.235463 0.46103933 0.12229323 -0.6683192 -3.1722202 -2.5210435 4.4179436e-05 1.8338073 0.14509004 0.36099464 2.6051068 -0.9078344
aplastic -2.134143 1.9950945 5.223683 -0.5909348 0.40887496 1.0556631 1.6931778 -3.5768194 1.2902955 0.64155847 0.5730006 -2.7984698 -1.1994162 -2.5955095 1.797661 -1.3018497 -0.49767315 -1.2158601 -0.5181484 1.7636589
demyelinating 1.2263656 0.55360854 5.659989 1.7687783 0.5046708 1.2700249 3.0267673 -3.7017944 1.0275121 1.6000636 -0.53626305 -1.4164199 -1.3486893 -3.7223856 1.2882074 -1.1677271 -0.3055165 -1.2560028 1.1876042 0.7797056
pharmacologic -0.14128926 0.51388586 5.5661297 -0.3865707 -0.33750108 1.3762597 2.1751637 -3.724131 0.5760069 1.9207039 -1.2562332 0.14025623 -2.0656776 -2.3224835 1.845573 0.32654595 -1.2532614 -0.18136849 2.2809038 2.7556014
spect 1.0375972 0.58691823 5.0139756 -0.45121473 -1.246484 0.345087 3.4514854 -2.938243 -0.6006789 0.009526384 -0.95475465 2.0613499 -0.5380266 -2.2694778 0.80920744 -0.48412976 0.5687346 -1.2783533 1.3104929 3.074172
radiosurgery 0.28852868 1.5631089 4.7032123 0.8946147 -0.9196594 -0.42679894 3.088464 -1.1865337 0.24474965 0.0073628025 -0.4774916 1.158228 2.134645 -1.7941762 1.8753887 -0.5525399 0.18543729 -0.20399109 2.6453874 4.3821282
defibrillation -1.4370134 1.469474 4.075314 1.0883343 -1.3982025 0.0536485 3.418817 -1.8378211 -0.5882078 -0.12085581 -1.8045565 -0.633457 -1.6058168 -0.55809665 0.3898114 -0.4099587 1.7333807 -0.71953696 4.4923835 3.8038056
endotracheal -2.2691855 1.5463371 4.1775193 1.9550067 -0.096997425 -0.43538892 3.9256883 -3.2358074 -2.0977 0.12415598 -0.68784106 0.78641814 0.7640922 0.56081086 1.3076954 -1.030693 0.8987488 0.43611717 4.2040935 3.1737618
neuritis -0.63047177 2.1534255 4.771259 2.3700867 0.21147537 0.2980842 2.9520378 -1.802184 0.063440055 1.1280082 -0.6590981 -2.5292914 -0.87957335 -3.1058083 1.1124365 -2.1888156 1.5300606 -0.8392925 3.7605069 1.6380848
hematologic 0.33162147 1.0668818 4.738258 1.2374078 -0.2585738 1.2788494 1.9256784 -3.3948207 1.2589004 1.0276356 -1.1438634 -1.4428006 -1.5492412 -2.8913035 1.975768 -0.7074692 0.2584985 -0.8960049 1.1834075 1.6131293
laparoscopy -0.48932296 2.0381207 3.8960168 1.4997156 -0.9214352 0.6517767 4.102725 -2.2844338 1.6070391 0.11149144 -0.63192946 0.018287964 -0.022655006 -0.62302893 2.4291227 -0.4913184 1.1824763 -0.82032984 2.003404 4.107691
neurochemistry 1.1286231 0.14822389 3.4469101 1.6965209 -0.5872138 2.3249621 1.3649523 -1.000096 1.8561037 0.7270806 -0.5056383 0.90715617 0.10701489 -3.2070942 1.9154084 0.7406311 -0.86326593 -1.4093878 0.58159494 2.7015097
auscultation -0.8498162 0.9375174 5.0773845 2.6923974 -0.11890521 0.99904853 4.416052 -2.036737 1.3654932 -1.1031661 -1.4297647 1.032793 1.3792018 -1.5559111 0.36183652 -1.3301249 1.6226199 0.47835347 3.687347 2.9385543
parkinsonism -0.45614636 1.1065184 4.7146235 1.2419583 0.05353479 1.5230561 2.445898 -2.324924 1.6383405 1.0480802 -0.11310968 -1.6251724 -1.7238392 -2.9310174 0.77394074 -1.2694197 -0.16210979 -1.878966 1.6711538 0.4701892
arthroscopy 0.19606806 2.7648244 2.4927092 1.4934084 -0.686087 0.6485041 2.251416 -1.085036 0.51459914 0.6090865 -1.0529741 -1.551502 0.61245733 -1.5323195 2.9597678 0.908058 0.8487718 0.82115084 3.697729 2.5373867
microsurgery -0.4029695 1.6725351 3.1808646 1.3591298 -0.39536425 1.9284182 2.956513 -1.315841 0.2635414 -0.250868 -0.40503028 -0.18913476 2.07651 -0.9204504 2.7680311 0.70628107 0.42808193 0.12863588 2.9458394 4.047828
disinhibition 0.73972386 0.5336985 4.9215407 0.85327595 -0.27763975 1.4752258 1.7608528 -0.7984058 0.6788067 1.1605172 -1.0065758 -0.18574513 -3.1150324 -3.29617 -1.1262251 0.124735735 0.057987977 0.20760167 2.3102822 1.0524861
proprioceptive 0.96112037 -0.5267273 4.546239 1.9812018 -0.1791222 2.18699 2.7363992 -1.6253065 -1.6759838 0.99968606 -1.8434391 0.11571037 -1.190994 -2.4330301 -0.119750306 1.133032 1.5518653 0.10495049 3.3653204 2.1542628
sonography -0.54353374 1.3012064 3.30772 1.6923013 -0.86784816 0.46823347 2.9618344 -2.205541 1.1616467 0.28732133 -1.2277945 1.0885301 -0.033908386 -1.5448772 1.6289388 -0.10747669 1.1096168 -0.30122218 2.1375172 3.1427495
fluoroscopy -0.021627314 0.7796125 3.6699798 0.930771 -1.3267479 0.33269247 3.7619653 -2.2554586 -0.7648582 0.039313983 -1.1403773 2.1068382 1.0508655 -0.65762687 0.61446875 -0.73318696 1.0555992 -0.071251355 2.7111301 3.3198533
neurocognitive 0.29627183 0.5290664 4.671278 0.8885015 -1.0299864 2.541666 1.6919988 -1.7883164 0.8830362 1.2956436 -1.2645112 -0.64628524 -2.1859982 -3.0042386 0.7949369 0.9012703 0.7134797 -1.9723471 1.8169978 0.908239
nociceptive 1.2427512 -0.2908025 4.6986365 1.6930135 0.49785873 0.6655943 2.541395 -2.3056662 -1.5391401 1.4319227 -0.76058465 -0.10592951 -1.3459496 -3.081982 -0.22246589 -0.4033319 0.2149726 -0.23455529 2.571792 1.4720329
diaphragmatic -0.06222347 1.4473549 4.626464 2.002941 0.14038642 1.3487986 2.2920873 -2.2908132 0.18050072 0.57034606 -0.8429459 -1.9973655 0.6873383 -1.485626 0.32034263 -0.6395963 1.5497177 0.8361866 2.5750368 1.0537
electromyography 0.52100235 0.393743 4.6111984 1.3977209 -0.5659268 0.3272122 3.038701 -2.4786732 0.9227469 0.15637761 -1.2951072 0.5809317 0.33756796 -2.3053057 1.1337678 -0.30937567 0.92820704 -0.67131686 3.1680536 2.703642
preimplantation 0.9342669 0.71446866 4.4226747 -0.62437177 -0.49095416 0.88979363 1.7305447 -2.754418 0.9563297 0.12930991 -0.37521908 -0.28591242 -1.6546901 -2.1101367 1.9050999 0.6990968 0.45916215 -0.25019732 -0.52104795 2.377901
extrapyramidal -0.19349332 0.0033956193 4.6181655 1.9964846 0.6929336 1.8486259 1.5494236 -2.9543145 -0.3155335 1.7344977 -0.6921431 -1.8242762 -1.5879717 -2.814095 -0.29754084 -1.4126397 -0.41410357 -0.4313767 3.6547165 -0.31701678
schizoaffective -0.8386141 -0.24009594 4.3596163 0.7873523 -0.05643913 0.87664557 1.8729064 -1.2232342 1.2425843 -0.08660684 -1.2200656 -0.90911174 -1.5221136 -2.4672935 0.40365916 0.18392996 0.07511773 -0.6493104 0.28207067 -0.1522961
sacroiliac 0.6388221 1.8527541 4.4460945 3.8452852 0.7832025 0.7634897 1.8131527 -1.3873265 -0.4286576 2.3789973 -0.3555417 -2.335907 -0.22273876 -1.0668305 0.85458124 0.11430658 0.3937139 1.2299771 3.8293796 0.9152124
oesophageal -1.0043908 2.6909714 3.456319 1.3820095 0.21322413 0.18704128 2.5142434 -3.99778 0.19925949 0.6576939 -0.16351822 -1.6601095 0.049902484 -1.8633945 1.8621521 -1.5951709 0.35417804 0.20173873 0.4546017 1.4728252
undernutrition -0.26899558 1.4427533 2.526094 -0.13969813 -0.18883997 2.0190089 0.34302026 -2.7620187 2.5104227 1.5097736 0.49834782 -1.3425796 -4.1495705 -2.1232073 -0.57663643 -0.49571794 1.5857165 -0.37044844 1.5188874 0.631406
bursitis -0.17594887 2.434686 4.6113586 2.0912945 1.0982233 0.6572382 2.06537 -1.844953 0.123545535 1.9434012 0.8250929 -3.0777552 -0.42971894 -2.106275 1.4156421 -0.15295523 1.1599472 0.62707806 2.9653404 0.80757093
diplopia -0.04268444 1.0758058 5.0310087 2.277493 -0.27889976 1.9394807 2.5420094 -1.2295531 0.5293909 1.7611834 -0.7602106 -1.5421427 -0.7177504 -2.2056415 -1.0664155 -0.20972767 2.2230344 0.09690798 3.2274754 1.0609452
untreatable -1.4266199 1.3798101 3.5048842 0.33010074 -0.031188697 1.1376948 2.1665094 -2.9623427 1.4197044 0.741249 -0.055427738 -1.8997571 -1.2747786 -1.1993126 0.21943226 0.5398993 0.37221745 -0.77481353 0.82093054 1.1961484
enterocolitis -1.4341823 1.5515773 3.640559 0.6436568 0.056430366 0.7117247 1.5795166 -2.42074 1.1007851 1.022467 0.3016895 -0.8904499 -1.4253457 -1.7921469 0.5902481 -0.78827864 -0.3031553 -0.51905763 0.18497619 0.3923537