Centroid_118 1.9513077937636358 -1.3240968254545453 6.024314486672724 0.9098734046781817 -1.5536147212000002 -3.526701664454544 2.0990026870709086 -2.0510263833181814 -3.8959247686363634 1.302961557317819 -2.2139261160909087 5.861884477636365 -0.7752735721818177 -1.0973495838181813 -0.8124910884727272 -2.104523398727273 0.8019698591181816 -0.7054370361181818 9.15729798 2.468984042818181
signal 2.315507 -1.7577604 4.9265413 5.985465 0.013263787 -8.476067 7.144861 -1.9497252 -5.052663 0.14934845 -1.1019545 5.6967707 -3.5030231 -0.76579607 -4.6472197 -2.2911675 2.3929217 -2.4102263 10.136493 4.7441206
frequency 2.7340646 -1.8818346 6.9400697 4.3855486 -0.031614862 -5.7458367 -0.47652683 -5.490709 1.1259538 0.16164336 -2.5688858 8.729514 -5.739506 -4.7729964 -4.244046 -5.0711007 3.9279249 -0.697843 12.319029 3.3817759
output 1.1560738 0.8008771 7.171437 -2.5372586 -4.7596126 -2.0889716 -2.6121697 -2.2017343 0.63116795 1.5450367 -2.4590273 8.059753 -3.8585265 1.152426 -1.5853589 -3.498438 0.7483054 -1.9988993 11.614524 -0.92820007
transmission 0.92818004 -3.2663472 3.9068696 -1.1237104 -2.5993078 -3.3659174 1.8410937 -4.2103157 -2.2346914 2.1184304 -3.7162774 5.2948346 -2.5994508 -1.1563362 -2.6193287 -2.5513043 0.49484178 -3.2507653 10.547232 4.5348544
signals 2.958697 -2.8749323 4.636389 4.3771043 0.695669 -5.699195 9.562026 -2.353088 -2.6987333 0.17165329 -1.6535807 5.033199 -3.6874592 -2.0518465 -2.9031267 -1.9146322 1.6156715 -2.1119905 11.318017 5.8143735
noise -0.13805006 3.312106 6.1995206 -0.42669937 -1.5176862 -3.0877802 4.6360936 0.39925128 -3.2300196 -0.42964414 -0.607842 3.11492 -1.7116398 -4.2183337 -6.401137 -1.4088433 -0.19012365 2.1428506 11.53097 0.7891585
voltage -1.0469067 0.5873834 12.153461 3.9213958 -1.5366449 -7.2926464 -0.05396739 -3.9568844 -8.185454 7.564362 -1.7215319 9.511898 -4.5447054 -0.8324852 -2.6331706 -4.3032227 4.3024745 -0.7048831 15.434498 4.3378673
analog 4.153521 -1.7577713 6.385416 0.7780438 -2.405314 -6.7417116 1.9156569 -0.39309952 -2.4548333 -2.5958853 -4.0539083 6.831637 -0.16481745 -4.425829 -0.8111481 -2.5188587 -3.8577027 -0.81009185 8.722673 5.27845
filter -0.2336803 2.1415584 8.730304 -0.59172106 -2.464371 -4.396772 3.8832133 -4.1700068 -6.502975 2.2039366 -2.7465813 8.793574 0.08278728 -1.6465428 -1.8203992 0.5103696 -0.4298383 3.225617 8.030191 1.9474118
frequencies 3.896576 -1.9405284 5.7722135 4.0024242 0.89457065 -4.6758704 1.3649346 -5.076858 1.0155926 0.5945474 -1.7149436 8.534263 -5.5415683 -4.3465567 -2.3606162 -7.183566 2.3173711 -0.087491475 13.537783 3.0501466
antenna 3.2381978 -0.1072135 2.567667 4.348954 -1.536392 -5.8749495 5.946224 -2.888163 -6.520125 1.3389906 -2.5829139 6.913019 2.157982 -2.4579191 -0.6474305 -5.6792984 3.2795892 -1.004201 12.198429 3.7366052
compression -0.39967796 1.1873823 10.561091 -1.1624936 -3.8508334 -3.3934388 2.0097015 -2.987785 -3.3882375 4.3870263 -4.6641626 5.270953 0.68252754 -0.09183035 0.26856327 -0.9104625 1.614438 0.5051535 12.064454 0.7978037
generator 1.4973869 -0.09162771 7.1451597 -2.8012564 -3.7461104 -4.1036506 2.5525203 -2.2639306 -8.34764 1.0333004 -0.583148 5.1169214 1.1883212 2.861778 -0.45842203 -1.3990029 0.86861515 -3.383226 8.184931 2.451318
sensor 2.5909674 -1.8281415 6.144744 -2.1655145 -4.396483 -3.8317857 7.1503825 -1.8121903 -6.3391166 5.7938647 -5.409401 6.4418864 2.0612948 -2.3353937 -0.88674146 -1.6277294 3.1371417 0.2586911 10.87944 6.3887744
sensors 3.9545918 -0.27669245 3.6461565 -1.7410845 -4.3519497 -2.3539712 9.329394 -3.955964 -5.0731235 4.08926 -3.9104586 5.4845643 1.584643 -2.1119208 -0.20342664 -0.22244635 1.9777757 -1.1578193 12.505404 7.6296587
pulse 0.34751624 0.48928314 6.8645535 0.45505783 -0.81271756 -4.2712693 2.9056911 0.2564415 -1.741838 0.31613654 -0.76941264 3.8901083 0.77780724 -4.950289 -4.1641994 -4.0976796 4.095121 0.043232482 8.743455 3.9061887
filters 0.9478116 2.792051 7.9757547 -0.7327644 -3.882316 -3.019699 6.111567 -3.256732 -4.4572153 2.418166 -3.8227487 8.219321 0.45578474 -1.1334962 -0.48597383 -0.7714036 -1.2879374 2.6903343 9.502139 2.838239
tuning 1.2221206 -1.8795872 7.169608 -0.88096327 0.17570825 -0.5273038 -0.8979608 -0.28806475 -1.4467895 -3.780737 -2.082978 7.0648746 2.0709944 -0.33160582 2.8901975 -0.7556742 2.3868554 1.4306718 12.695852 -3.8971193
connector 2.9739792 -1.5191963 1.3548722 4.0103054 -1.8566725 -7.673624 3.0304341 -1.4706097 -11.971357 1.978322 -3.8211565 8.042194 0.21276447 -1.2344961 0.41347262 -1.9948149 -1.12789 -0.136192 6.2124596 -0.8322921
inputs 3.1025863 -1.3222898 7.9445024 -1.6986523 -2.6093547 -0.10561013 2.787618 -4.457342 -3.4736974 2.9742932 -4.245428 6.2704725 -7.4512954 -0.61583245 0.6259638 0.74445784 0.95550036 -0.5136535 9.111202 0.3138449
coupling 2.1076126 -2.4480956 11.7768545 -0.69811213 0.53867817 -1.3683752 -0.6061416 -2.1606395 -3.4609094 4.1872206 -0.5278942 3.8567448 1.742168 -1.0800594 -0.9639716 0.6567867 -0.6114547 0.53156555 9.594861 1.7429748
signalling 2.9178898 -2.6984131 3.4074152 3.7670772 -1.317691 -1.4246876 1.4633981 -2.0685217 -4.753743 0.30085257 -3.0439694 0.74317604 -1.4453257 2.210031 -1.4102749 -1.306903 -1.6657015 -1.7894309 9.538136 3.2212856
bandwidth 1.9793571 -1.1894584 6.0462484 -0.972705 -4.0818043 -4.5751667 0.0816299 -3.6851184 -4.902496 2.6698256 -5.3612514 9.778217 -10.193261 -1.8776004 -2.5440574 -3.1146922 4.35899 0.28202027 12.194022 2.3691254
transmissions 0.6551592 -3.54868 1.0119438 -0.66566753 -1.6678987 -6.219045 3.634277 0.5588423 0.4421233 -0.96295696 -1.8305882 4.8863564 -2.2674704 0.16291119 -1.1124913 -5.0064907 0.47559854 -4.5235133 11.217707 4.587236
analogue 2.576694 -2.005746 5.4705677 -0.86101747 -2.0779467 -3.9373674 0.32451543 -1.246107 -0.27366906 -0.78493315 -2.9995112 5.9928393 0.48110205 -2.5776873 -1.5685368 -3.613293 -3.223398 -0.6486237 6.1425743 3.0221312
amplifier -0.884422 -1.965333 9.244449 0.85535747 0.3041372 -4.9772606 0.52716297 1.7637178 -5.383092 -2.1878188 -1.7275003 8.060316 1.0260055 -1.5754142 2.3920805 -2.127718 -1.2415316 -0.67781186 13.728173 0.90013736
transmitters 2.748386 -0.86312944 -0.72386885 3.7348793 -1.5429212 -5.6357074 2.5026066 -2.518871 -2.589401 -1.6794411 -2.4497175 4.712832 -3.109938 -2.0446532 -0.6376056 -8.302937 -1.8361186 -3.3008769 10.1837845 4.5189195
vibration -0.80003583 0.8329521 8.909049 0.09930238 -1.0442959 -0.7351124 3.671094 -1.8791525 -2.6010249 2.9762626 -0.559623 1.3671768 1.424742 -1.0624809 -3.3531022 0.16239418 1.7020777 -0.8609618 14.488518 2.5615668
modulation 2.739011 -5.193952 11.232515 1.7468187 -0.9046668 -1.3669242 1.8211467 -1.1396325 -1.3290055 0.78775644 -5.5276575 5.819647 -0.8011164 -4.7269607 -2.0110679 -3.6208317 1.2920998 -0.18896805 11.074827 3.2094462
antennas 4.69163 -0.38936287 1.5237842 3.4171395 -1.8607705 -3.6758425 6.856672 -3.8444414 -3.4160814 1.0445948 -3.0572271 6.398657 0.31819317 -1.7552571 0.99857575 -5.81661 3.2059135 -1.162364 12.969299 3.9251714
directional 3.028676 -2.9913068 3.3682737 2.862389 -1.2822775 -1.961557 3.5149865 -2.4233706 -4.576834 2.049695 -3.847944 4.500895 0.7931755 -1.7009925 -3.8276455 -0.15323028 1.4705001 0.1095178 9.807545 0.5054191
arrays 8.285026 -0.51249814 6.445082 0.41531762 -3.8315403 -2.3430188 6.271905 -4.795883 -4.925545 2.2220633 -3.5226045 6.8443923 1.8512124 0.37548468 2.4880607 -2.2181833 1.7318051 -0.7162388 6.6663675 1.8117235
filtering 2.1509697 0.5003143 6.0251465 -0.6803224 -3.8265662 -1.8219475 4.959969 -3.05436 -4.3967485 1.9874482 -5.0421944 6.315005 -4.3799844 -2.756803 -3.2271993 1.7472615 -1.6445338 2.3875058 5.526928 3.3999848
amplifiers 0.20036826 -0.9094876 6.5965943 -0.5045209 -0.31527358 -4.066152 -0.058070637 0.32052612 -3.6079955 -4.4060197 -2.0228455 7.317013 2.031161 -2.4207664 3.2587948 -1.8548459 -4.823739 -1.1152161 14.920672 -0.19375823
pulses 0.04632409 0.9623253 7.395249 -1.843363 -0.7708452 -2.4313118 3.3172455 -4.3377028 -0.14909217 2.4057655 -0.16930014 5.2598114 -1.2122302 -3.2955482 -2.720034 -7.697863 3.5679708 0.11494639 10.419915 2.1548853
impedance 0.100031234 -3.215318 12.465391 3.4213545 -0.40207517 -2.4138753 0.24127345 -2.637151 -5.4320436 4.3209047 -3.4588933 9.669574 -2.8064082 -1.1614293 -2.2642167 -0.61769474 3.988089 1.223135 13.196076 0.13762134
pixels 5.8755584 1.0388865 5.6458135 -0.9456298 -5.332093 -6.2791533 6.539423 -1.9609193 -3.2593987 4.5577583 -6.8503947 8.86326 -1.4715053 -1.0018713 -1.6227648 -3.6173077 5.794251 5.720533 6.6467853 -3.192557
converter 1.4698783 -1.3562024 6.8893037 -1.6371351 -3.3930855 -5.39147 -0.8032366 -0.18007012 -7.202815 2.5682251 -2.005972 5.8866167 -0.10198095 2.4220161 -0.06304934 -3.6278393 -2.2031784 -1.7729058 9.734324 2.7859871
connectors 2.2064977 -2.6166627 2.8219497 -0.21303861 -0.6945145 -6.126948 5.2499967 -1.9783951 -7.666221 3.2100067 -4.8440857 7.7323146 -0.6714353 -0.1790327 4.490828 -1.7298452 -3.5278182 2.2087317 11.144722 -0.63990235
transformer 0.71486825 -0.09604822 5.9777102 0.013970733 -1.6907878 -3.0204403 2.6858537 -0.7789523 -7.825305 2.5607333 -0.3268336 4.119881 0.9848078 1.7488286 -0.46404514 -2.318716 -0.79277223 -1.5334759 9.754795 2.150015
transistor 0.23418608 -1.5870591 8.98719 0.87459546 -1.0833973 -4.0827227 -0.54769737 -0.6332548 -4.151 -0.9013573 -0.5396309 7.876949 1.6217036 -1.2735926 -0.88926625 -1.8174901 -1.6951193 -2.8355882 10.1080265 3.112185
amplification 2.640001 0.36280024 10.194916 -0.12690793 -1.3144656 -1.4528751 1.1768602 -1.8438504 -1.3382434 -1.9919637 -1.6511476 3.7846148 0.10888203 -3.8263142 -0.6308193 -1.0241662 -2.236647 -0.7949314 8.52072 2.9106936
oscillator 0.8548327 -1.6075063 11.614821 2.3211899 -0.7595224 -3.1554172 0.14608388 -0.26901996 -4.194465 0.76275706 -1.0155977 7.8989935 1.6667707 -2.0097287 -0.54373515 -1.7130537 1.9001415 -1.6542274 10.085052 2.2541454
capacitor 0.58561814 0.33054194 9.9466915 2.1383288 -1.154346 -6.8309493 1.3142158 -4.0946817 -7.662185 5.2685475 -0.25887513 6.391445 -1.253479 1.9774141 -1.2955759 -0.9482387 0.87617433 -0.99663985 9.954746 1.6786757
transistors 2.2208512 0.99525326 9.929345 -0.1844644 -3.2252207 -4.5315366 -0.45133582 -3.889151 -3.8059506 -0.1054486 -1.4378514 7.4448447 -0.3680914 0.6344057 0.7330577 -3.6812587 -2.3564038 -3.0752497 11.194122 2.1137407
capacitors 0.5242305 0.7783607 9.130975 0.09872884 -2.2917747 -3.9465485 0.064342156 -4.5352993 -2.4473157 3.832029 -1.2246759 8.230647 0.37573186 2.1748576 0.614027 -1.6479168 -3.4897287 -0.75526005 13.6811905 1.0632572
latency 2.9583032 -2.0560372 9.226962 -2.4263728 -3.734779 -1.6870259 2.8650236 -4.3300753 -2.338813 1.8099108 -4.4548707 3.9640167 -8.871126 -1.6525378 -3.0470963 -2.335575 5.7298427 -2.8864954 8.750035 1.6910914
synchronous 5.8204856 -4.801283 5.8499327 -1.2040253 -1.493689 -0.05283528 2.2352977 -3.8711755 -3.6986737 -0.15843579 -2.8694847 4.700389 -0.5445253 -1.6707981 -1.6794583 -0.6670686 3.1876278 -1.3727629 7.778796 3.3342392
throughput 0.51439995 0.09319491 5.6761293 -1.797612 -5.6641264 -1.3397188 -1.5674849 -5.5430155 -3.006336 3.1292305 -4.5083876 7.0670676 -6.5064034 0.36462668 -0.4247171 -2.4483154 5.8464 -3.444808 9.852404 2.6831658
circuitry 3.210646 0.36198893 8.920259 0.0883338 -2.1764545 -2.71475 6.863274 0.3063729 -5.313329 0.26608828 -2.116416 4.9497395 -1.4295971 -0.6171569 1.3752196 -0.40777123 -0.86404127 -0.9826921 10.212271 3.0183942
voltages 0.959077 -0.31846845 8.540806 2.9529908 -0.87503916 -4.570952 0.88373965 -5.076103 -3.6651185 3.9947903 -0.60367674 7.9918003 -3.9517317 0.83349097 -1.5227331 -2.7943447 2.9565067 -1.2522197 14.519469 3.3216426
bidirectional 5.6730704 -4.7323995 4.1398034 2.5876322 -0.25455263 -4.0577717 2.3306072 -3.0035648 -7.1224184 -2.7940748 -3.7244768 6.311697 -2.4050696 -0.2957948 -0.20031127 -4.5295124 0.71337044 0.8350526 9.345245 1.2945731
diode -0.8362367 0.8343643 9.578179 3.195771 -1.5980791 -4.75284 1.2943105 -0.18215506 -5.9682784 3.3648183 -0.6564066 8.337166 2.970902 -2.1702418 -1.9581726 -0.06736522 0.05673156 -0.65395194 9.877938 4.283049
shortwave 2.8013148 -3.0552862 -0.9929172 1.9545918 -0.8335453 -2.94693 1.5355822 -1.0664396 1.0994545 -3.1795876 -1.4512057 3.915176 -0.7668299 -3.732304 -3.90371 -6.221637 -1.4422375 -1.8031422 9.102574 8.1158495
volts -0.03231127 0.1450404 3.6645546 0.7396326 -1.2905145 -8.955938 -0.5736033 -5.1695085 -3.0518086 0.8710282 -0.6067012 4.854083 -1.3180927 0.41337416 -0.6361002 -3.773307 1.0112387 -2.8930774 8.842087 2.9456384
capacitance 0.4284028 -1.2422177 11.302982 1.8011923 -0.7524979 -3.208386 -0.8816926 -5.957677 -3.4118235 4.597407 -1.4236977 7.4425507 -2.076864 0.19113633 -1.2561744 -0.89483243 0.9092784 -0.78340137 10.470144 0.91338825
repeater 1.8733469 -1.8288872 0.055360604 3.557544 -0.11300264 -6.8480062 1.0914869 -2.3137467 -5.485432 -3.506475 -1.512794 4.5217776 -0.8526464 -3.2092693 -0.3395755 -5.173997 -1.4572215 -3.0955436 5.095682 3.1044106
metering 0.743992 0.7715956 2.1009247 -0.5890498 -5.129407 -4.161541 -0.22663821 -2.4026415 -5.279087 4.193249 -4.400058 6.5327754 -3.4288535 0.48509642 -0.3475312 -0.12989897 2.115557 -0.08569421 8.483841 4.9195743
converters 2.2113981 0.22371745 6.7126803 -1.3997163 -3.2805834 -4.7663455 -0.83657587 -1.730238 -4.1548715 1.0280797 -1.7396247 6.428603 -0.8523691 1.9395438 1.455408 -3.4733498 -3.411542 -1.8322096 11.012168 2.2411194
coaxial 1.1406077 -3.6090078 2.5358186 0.44295856 -0.75853616 -3.9892302 4.6454897 -2.1476555 -6.6898856 2.0016716 -3.0528 5.0855775 2.287011 -1.1011691 0.94711137 -3.4400425 -2.3137887 -1.6550859 11.841979 1.4149585
diodes 0.40612996 1.3073249 7.551212 2.2508643 -1.9113057 -4.334761 0.9020234 -1.023955 -3.2873812 1.9711083 -0.9040065 7.16226 3.9489996 -2.1487334 -0.699844 -2.3865197 -2.3081398 -0.19251086 10.639311 4.341649
waveform 4.026226 -1.8023353 9.824127 2.327407 -2.3942564 -3.1343424 3.10341 -0.7137024 -2.212468 0.9665739 -3.0707054 7.320407 -0.25036287 -2.1278076 -3.1423292 -2.7068167 4.4989777 -0.27662906 8.609511 0.52454656
resistor -0.264122 -1.9596978 8.359648 2.1740396 0.12078772 -5.915668 0.43086818 -1.4522958 -5.6861258 4.212327 -0.47936937 7.750415 -1.4723794 0.1751818 -1.8438873 -1.2136409 1.6070461 -0.47452796 9.749573 0.20160864
oscillators 3.3917933 -0.9928221 9.483042 1.3466324 -0.8656641 -1.9669797 1.1249646 -1.1816088 -1.9890242 -0.5195675 -1.1907167 6.1111393 1.5922651 -2.0162222 0.37184352 -2.7970827 1.1530035 -0.89835936 10.038041 1.6233739
transponder 1.802813 -3.4657092 2.1492581 -0.27875763 -1.5048963 -7.567643 5.9443817 -1.7953506 -4.5806727 -0.25599176 -2.4082305 5.4201417 -2.987479 -0.56285554 -0.92339766 -1.9532106 3.6627665 -2.7014017 5.222294 5.4474325
actuators 2.4064305 -1.3111792 5.70109 1.0538207 -0.88100785 -1.052061 4.033043 -1.449206 -4.9370456 3.0583782 -1.3229295 4.6075296 2.043915 0.49159393 2.9729671 1.8656874 0.2987694 -0.5767629 12.192499 4.1371293
repeaters 4.271017 -1.8479737 -0.7300669 2.9456098 -0.54562885 -5.755862 1.7984105 -2.3861809 -3.0742593 -2.1422877 -2.2423298 3.689367 -3.4738855 -3.0547569 0.40923628 -5.509133 -1.5450284 -2.8353777 7.3195825 1.7741475
transponders 4.0799923 -4.0419154 1.422191 0.3778996 -0.46156794 -7.912405 3.7969947 -4.164226 -3.0748868 -1.8856283 -2.912593 3.89856 -0.728303 -0.7233334 1.1958123 -7.0137973 0.8400267 -1.7744358 6.625682 6.2122765
emitter 0.75644624 -0.3859458 6.2376018 1.3539408 -0.2869648 -3.47379 0.16581823 -4.0168056 -3.3518186 5.179675 1.1897504 6.358086 1.7911988 -1.5850084 -2.9863167 -1.7828313 1.3933522 -0.4779452 6.8732276 4.404615
resistors 1.9030327 -1.8678281 6.634361 1.3675752 -0.19078454 -3.953444 1.160179 -1.2515311 -2.2392638 2.4485817 -1.0269856 5.037085 -0.2243968 1.8790528 0.72451794 -1.7392381 -0.92074794 -0.37262818 9.968739 0.34348115
waveguide 4.5893083 -1.0262283 7.017524 4.4992533 -0.665104 -2.152269 2.5651693 -1.3363507 -3.7105026 1.9020323 -0.14012422 6.5014987 3.5407007 -0.45494595 -2.5017624 -1.4144496 1.2104053 1.0164292 9.333543 2.7483883
modulator 0.5609839 -2.3373263 9.164175 -0.50606364 -0.12680791 -4.3624773 2.6579144 0.2372305 -3.4438827 1.6331649 -3.2879505 4.44687 -0.85640913 -5.079927 1.3398757 -2.87529 -1.8088317 -0.36688673 7.1090293 3.9510746
conductance 1.3023589 0.36447957 9.847866 1.8239192 -0.57190895 -1.1137946 -0.2545922 -6.1371565 -3.4973893 5.499127 -1.6034139 4.684915 -2.041057 -3.6329045 -1.2803379 -2.8720188 1.7416152 0.4502788 6.145291 2.5423493
autofocus 1.1006349 -3.4843092 5.682252 -1.7846986 -3.4825728 -2.9396315 4.5446754 4.023363 -1.4291863 3.7987413 -3.8860493 5.6714253 1.963705 0.33125788 1.1261234 -0.3153177 3.8583732 -1.5629671 10.829611 2.1416159
inductance 0.40891623 -1.3580033 10.233257 2.5735507 0.13922101 -2.7610817 -1.4826614 -3.0262878 -4.216238 3.0971928 0.08316102 6.075672 -1.698087 -0.43987048 -1.8554485 0.37849405 1.2488735 -1.2278264 9.483822 0.5836187
transducer 2.0472457 -0.86648107 7.0242953 3.33773 0.15487425 -2.6301649 4.2610116 -2.7912157 -3.6114485 0.7029495 -0.7034405 5.643888 2.1822765 -0.8928129 0.1845393 -1.2700554 2.2166429 0.4762595 7.6390533 4.3104234
windings 2.8949423 1.2234917 7.095204 3.1766214 0.34103635 -2.7809184 0.959316 -2.8308988 -5.0052457 1.4299251 1.4497861 3.1860583 0.53079194 2.0516295 0.502063 -1.4462333 1.4505131 -0.2078072 11.13535 -0.43433234
actuator 1.2044294 -1.130886 6.725906 1.6923394 0.5682879 -3.1776078 3.2264383 -1.5023587 -6.7661853 2.1382468 0.68069375 4.245965 0.85570604 0.52978545 0.73417354 0.6920161 1.3580812 -0.6887851 10.125732 3.1667252
multiplexing 4.9340544 -6.3156567 4.1951423 2.7622414 -1.6980894 -2.4322352 0.8519999 -1.4565847 -3.1005032 1.7571782 -5.0895452 8.416422 -2.3890681 -3.0057197 0.4773265 -0.9039161 0.40361172 -3.1500525 8.542184 3.0463035
lossless 1.2753079 -1.8996285 7.4443755 -1.1999319 -3.8282177 -2.6888087 0.5704996 0.44487238 -3.59266 0.3954236 -5.514259 8.662978 -1.0761454 -1.7780304 -0.11107981 -1.7833028 -0.07677398 1.7023025 5.1505604 1.2821871
capacitive 0.8893462 -1.7010701 6.0494213 -0.50086236 -1.5854115 -3.9869268 3.4048288 -0.8026452 -5.6847057 3.2823203 -3.4273791 6.5985556 1.2391169 -1.2262858 0.31058174 1.0015445 1.1559788 1.6852379 8.9537325 1.8875788
cabling 1.9972521 -0.16281591 2.1796954 0.8180621 -2.7802188 -2.0955849 3.2404995 -1.5987273 -6.3796544 1.2456838 -2.2080233 5.4532704 -1.3168229 1.8713117 1.008844 -1.0834718 -1.200157 -1.2611301 8.52259 2.0887725
inverter 3.0233684 -1.8932928 5.157022 0.17500159 -2.532997 -3.572933 -0.29753602 -1.4612415 -7.319567 1.7616076 -0.7482626 6.0657654 0.41968757 2.0462918 -0.04754272 -2.0502698 0.8664854 -2.76162 8.933457 2.115781
resistive 1.6330526 -2.014292 6.6550946 1.1376752 -0.8563331 -1.8019313 0.32341534 -2.6426759 -3.5775352 4.5130196 -1.6762484 5.012627 1.4120672 0.18908347 -1.5225487 1.614902 0.43930113 0.5600602 9.068656 1.7943102
solenoid 2.9613595 -0.78869194 7.1609874 2.3581438 0.8252139 -4.3725395 2.4739292 -2.3206224 -6.633942 1.4884378 1.6612023 4.5533834 1.7335991 1.1745145 0.97738725 -0.1724771 2.3101134 -0.70530057 9.133611 3.7727005
rectifier 1.505669 -1.3545394 7.4009876 2.1351578 -0.8403997 -4.26653 -1.2462617 -0.14699207 -5.641645 0.8907137 -0.4141617 5.391165 2.3132377 0.22852613 0.34925574 -3.502019 -1.4643222 -1.8952266 7.63311 3.048068
waveforms 4.7188263 -1.3406553 8.773064 0.8353682 -2.4336412 -1.9313029 3.4563851 -0.25984183 -0.85360837 -0.9370254 -2.642578 6.5756707 -0.7564752 -1.7809045 -1.0459535 -4.13993 2.7361894 -0.8404291 8.1054 0.23480766
transceiver 2.1713617 -4.5290527 2.073133 -0.24556419 -0.21509433 -4.8417544 4.615038 -1.5727947 -5.0989704 -0.84769225 -1.8788153 6.659111 0.30130586 -1.3099324 1.467889 -2.605989 0.7695141 -2.2379487 7.4027004 4.8368564
unidirectional 4.022937 -2.4102647 5.4863186 1.4269755 -0.68106955 0.07034106 1.693747 -2.6992795 -4.600251 0.841743 -1.4008315 3.9419167 -0.97060615 0.36649507 -1.7266083 -0.94563365 0.57488555 -0.20179038 7.1700106 0.29294023
fiberoptic 2.9198468 -0.9301765 -0.58219373 0.75871885 -3.2269223 -1.3741486 2.0870166 -2.168322 -5.6635194 0.8932208 -2.1413987 4.7380643 -0.8630111 -1.319504 -1.1374207 -2.7756076 -1.158772 -2.3103502 7.241368 5.3845716
uplink 3.9393075 -2.9949172 0.23547351 -0.31961995 -1.8727726 -3.5531716 2.8551245 -1.1481009 -4.447496 -0.11108244 -3.1111696 3.8367631 -2.330209 -3.1284685 -1.0738182 -2.7068202 2.0933566 -0.9276199 5.145096 5.6695294
thermostat -0.46477425 2.1343133 4.4909534 -0.96090907 -2.294504 -1.8266721 1.8437544 -2.1889374 -6.585718 -0.00034030504 0.1314568 4.889615 -1.1212873 1.696198 -0.25299475 1.2634406 2.2866786 0.1973334 7.2122574 3.5228357
inductor 1.8680582 -1.4830878 8.267665 3.0129633 0.2792291 -4.25063 0.14685737 -1.8851087 -4.7853484 2.2146738 0.38456175 6.467314 -0.6401718 -0.9785434 -1.963388 -0.55064785 2.5278733 -0.9777667 7.675078 0.89716595
lowpass 0.656553 -2.4129095 8.2150545 2.7879834 -0.4656535 -3.170489 0.9625472 -1.3818706 -5.0886784 0.8423542 -2.5610764 7.52046 -0.52740556 -0.8573634 -1.4916654 -0.7034025 1.2503568 1.4630625 6.5341463 0.4131691
omnidirectional 1.4867961 -2.7971773 1.2425594 2.046634 -0.6401673 -2.2413208 3.2350204 -1.9076122 -3.6409714 -0.44843823 -2.7282317 4.326793 2.0520437 -2.666865 -1.5835464 -1.9006407 1.9442729 -0.49702877 8.105185 2.795963
gating 3.678943 -1.519868 7.613689 0.51618755 -0.9016255 -0.12923664 2.3035035 -2.5578403 -3.808578 1.8557519 -2.0491605 1.5579692 -2.205177 -2.6533756 -1.5498648 -0.5895441 -0.1992771 -0.84853005 5.969758 2.4381843
lossy 0.2697776 -1.5257148 7.000916 -1.0016681 -3.0530586 -1.8426903 0.8742987 -0.22250518 -2.1527705 0.5335867 -4.8166766 6.416054 -0.94607615 -1.2846538 -0.60008305 -0.53263545 -0.3645034 1.3077338 5.818507 -0.07026447
bitrate -0.42497283 -0.37996 5.3500943 -1.2734799 -3.2490468 -3.6526535 0.26909742 -0.010575435 -2.4403677 1.1824784 -4.312906 8.222706 -5.534494 -1.8855187 -0.2075324 -3.286043 3.5945966 0.78520703 7.427782 0.44642597
readout 2.5598564 -1.1050231 4.9780874 0.10485072 -2.8157938 -3.1035907 3.1454582 -1.688838 -1.8652583 0.69060814 -2.7903378 5.0652075 0.24262293 -0.8901095 -1.0967946 -0.15467386 2.9551065 -0.8978363 5.5303397 3.0779011
inductors 1.9607474 -2.0656958 6.8765516 1.2465851 -0.031796187 -2.5857248 0.5381674 -1.7971874 -3.456835 0.66467994 -0.44520402 5.4074755 0.16776086 0.09561608 -0.10300647 -0.6073598 -1.4647837 -1.1733937 8.714996 0.52250236
crosstalk 2.2506359 -0.92371464 5.9834933 1.2417043 -0.45209563 -1.6032286 2.4955268 -0.16338179 -1.8343374 0.49142265 -1.9729708 1.8749217 -2.2364004 -2.8022702 -1.6054486 -1.0853839 0.08362548 -0.12806766 6.097329 1.1878729
wideband 1.245778 -3.1770291 2.4435306 0.7416749 -1.5292829 -2.7597525 1.7943398 -0.6122784 -1.9974067 0.5911384 -3.2904365 6.0990996 -0.2133727 -2.862262 -0.6660658 -1.8774927 -0.022705207 -1.0894215 6.850366 4.19089
downlink 2.3964543 -4.029057 1.698954 -0.13294926 -1.6431905 -3.2474198 1.737663 -1.9461409 -3.0748441 0.17244902 -3.9048462 3.9689837 -0.60582733 -3.2312667 -2.0096564 -3.0743823 2.864749 -0.80338484 4.7832747 4.574897
inverters 2.7749586 -1.7103069 4.3342667 0.0014378816 -2.2680597 -2.4778955 0.0033979588 -1.7018089 -4.386656 1.6071589 -1.3170735 5.6857677 -0.5873338 1.5951236 1.7502712 -1.6794904 0.20309472 -2.5015569 7.885775 2.2577276
jitter 1.0941937 -1.0901085 5.484199 -0.5508972 -1.9186157 -2.065621 1.7842386 -1.5340452 -1.8896747 0.8523151 -2.125129 3.7905586 -3.2613645 -1.585247 -3.2231622 -0.9823909 2.92469 -0.6605269 5.690629 0.4750022
narrowband 0.5933926 -2.9412851 3.2715435 1.5265018 -1.0963314 -1.7952517 1.9459916 -2.425425 -1.6782174 0.27836347 -2.749355 5.5345073 -0.8166204 -3.3497415 -3.0945117 -2.5674326 -0.02459321 -0.7650845 5.8564095 2.9077103
subcarrier 1.8448728 -2.5007288 3.0398686 1.6400256 -0.6993998 -4.5001516 1.0148715 -0.38952783 -1.9983389 -1.513851 -2.572696 5.112189 -1.2718893 -2.5917382 -0.9270842 -4.518149 1.0222051 0.36145985 5.1382794 2.8749287
bandpass 0.7567974 -1.9083165 5.3156652 2.8777251 -0.38561532 -2.477265 1.1461006 -1.3354425 -3.129788 0.6041279 -1.8231468 6.8349524 0.2639453 -1.4665238 -1.460271 -1.2904502 1.4867213 0.80587393 5.8613086 0.7804317
sideband 1.8435087 -2.6546702 4.2861905 2.681236 1.1789823 -3.5011594 1.1239067 -1.5906823 -1.7549624 0.29866642 -1.2046014 4.155226 -0.66315943 -1.1131592 -1.2160643 -2.9739485 0.8267184 1.2611915 6.10339 1.2197022
thyristor 1.8368545 -2.4421206 4.288631 0.9678023 -1.0654371 -2.3242497 -0.12827511 -1.3156099 -4.9352183 1.6582701 -0.35639203 3.9912004 1.1200901 1.3640943 0.058131818 -1.6620007 -0.35749537 -2.7004952 7.0379024 1.9264847