Centroid_53 0.08351990644067797 -0.4069502840677969 1.5886572870338977 9.83976729322034 2.817043040516949 -7.363377042372883 -4.661197508203392 5.360865999118644 1.3102570166779663 2.285638596881355 -0.8621528525423728 0.9354327176271185 -10.537784400000001 1.9559687331016948 3.088694869762713 0.35058894966101684 -2.3514990883050846 3.385606615322033 0.6424321845423729 -4.6584419718644074
party 0.51167154 -1.7550097 0.15860392 8.142176 5.473124 -4.996325 -2.3505886 12.648775 0.17420511 2.1091177 2.2517073 -0.04782919 -10.781486 0.6354724 2.2141914 -1.2219034 -6.720033 6.054637 2.5542147 -0.6254323
election -2.079442 -0.25087848 3.276805 14.414825 1.803789 -13.414933 -8.00993 12.119811 2.3566523 6.0127716 -1.6273686 -1.596172 -16.174934 3.09069 2.4904454 -0.94199634 0.53633726 1.2182268 -1.0806526 -4.732666
parliament -4.4645114 0.18077421 -2.0006146 12.984804 3.0007634 -6.3817573 -4.6707616 10.142123 4.695012 4.5723743 1.458811 4.305943 -10.707014 11.983201 5.727157 -2.0566683 -4.3229594 7.0851803 0.5759934 -1.525453
assembly 0.53757924 -1.5235157 -0.93846416 13.848602 0.69407403 -5.9804907 -4.765493 5.56308 -0.92170954 5.894908 -3.5308418 4.0503535 -7.421678 4.5684667 5.683839 -2.3494382 -2.3094165 3.5801396 -1.5372403 1.2504989
seat -1.252471 -0.07731803 -0.92093223 8.5733385 3.3380888 -6.978602 -5.252757 2.846454 -7.4083877 3.702972 1.7727314 0.5126173 -7.032513 6.8945737 4.8781605 -1.8460644 1.5612577 2.6975803 -0.74276906 -5.516864
democratic 2.264777 -3.00831 1.9367208 12.170167 5.1596856 -4.1722713 -7.577516 8.544184 0.7997693 3.5845547 -0.62881756 -0.8068536 -8.675026 -5.904803 0.56129843 4.1018796 -8.225719 5.126287 -1.9218293 0.50765884
elections 3.00304 -0.86162734 0.9389619 11.632289 0.9304997 -8.871272 -7.3566914 10.412363 3.0705702 6.5744853 -2.6161795 -1.9878983 -17.884718 3.8066628 3.6129336 -4.752247 -0.22695127 4.0324807 0.002736828 -1.9089204
vote 0.2840482 1.4525288 4.1520243 7.7679973 4.120097 -13.434721 -4.710913 7.5289454 1.9954872 0.672259 -1.1948558 1.8219559 -17.880238 0.600676 3.3004308 2.5678568 2.5010393 8.430819 0.6295665 -6.0642095
senate -0.74196166 0.5126159 2.6689327 15.357217 3.3266242 -13.738606 -2.8529904 4.9439363 1.6817982 2.4298573 -0.94216764 0.49913776 -10.806264 1.9215505 5.639284 3.9229407 -2.2848635 2.1966207 -6.6905084 1.3279585
republican 0.5429977 -2.8582256 1.4918059 14.148072 6.290709 -9.979358 -4.295253 6.421452 0.31491345 0.836097 0.2559964 -1.911166 -8.496512 -4.4921722 1.9525814 5.707192 -7.098479 0.11694121 -3.629171 -5.470748
candidate -4.517075 -4.1532044 4.794933 8.618932 4.692033 -7.74992 -7.2424755 8.310336 0.63928217 3.9108584 -2.403354 0.84883296 -9.348023 -1.7348698 3.7126498 2.90193 -0.7643448 2.5011964 -1.8039738 -4.218121
parties 7.8581223 0.8781862 1.1390666 4.7179356 1.5811206 -2.9957151 1.0485554 7.6708975 2.4640212 1.8167162 0.34817404 0.40948907 -14.628357 3.7221076 3.4486606 -0.14405882 -3.848476 6.298375 5.3543124 -1.8307818
liberal -1.8923181 -3.5537457 1.8625093 10.576052 4.4229674 1.2724369 -8.580457 8.730355 2.3535812 -1.4229414 0.60490996 2.7941866 -6.0717683 0.0962788 0.8006897 4.8181295 -6.402472 3.460351 1.3298309 -4.087534
votes -3.6668282 0.3149668 6.637588 6.92481 4.463538 -13.015384 -5.7360487 7.5470448 3.2215667 3.8426135 -2.1863217 1.0180154 -16.042952 -0.6364971 6.883097 -1.815423 4.267454 5.1956983 -0.9213784 -9.456856
labour -3.9449704 -0.16076738 -0.8069163 7.2537704 3.0200891 -1.5555849 -4.817993 4.7717743 3.1156082 -0.53601545 1.1426985 0.34635893 -10.559389 4.7831955 1.6488384 4.044636 -7.2620735 2.5853145 7.2211194 -0.815649
seats 4.584134 1.0576934 -1.9498945 6.221632 1.2529203 -8.371737 -3.8664224 2.7385542 -3.7476637 4.637961 -3.2296188 0.53854275 -10.870508 7.667482 8.721238 -3.91324 0.8744957 7.824414 8.411511 -8.175721
conservative -2.4499505 -3.1166778 2.4532652 10.370589 4.512015 -0.6437735 -5.5820312 7.1981864 3.169368 -2.1294074 -0.6246557 1.6752585 -7.076443 -0.35964006 -0.7982923 4.4777884 -8.8438 3.6774137 2.6513565 -5.3223863
legislative -1.4995201 -3.93948 -2.9713583 14.756808 0.909397 -5.931889 -6.0800567 4.0786624 0.6146467 5.166126 -5.9711447 4.8487697 -8.805948 2.7825024 3.4358454 3.1560485 -3.13386 3.978427 -1.3448092 0.34150657
candidates 2.730324 -1.8020386 3.1956189 7.6906247 2.9251153 -8.200188 -0.31105033 5.4281297 4.642773 1.5317786 -4.5399156 1.3423215 -14.283561 0.04867905 8.949847 1.9930139 1.6847894 3.3055031 2.5823152 -4.8498406
parliamentary -0.22392926 -4.9465795 -0.42609203 9.513813 0.88092786 -3.7816067 -6.062224 7.599404 4.002659 2.3851295 -4.276099 0.19040188 -8.7091465 6.520827 3.6475139 1.8069437 -3.5887444 3.2853816 2.4911892 0.8707607
constituency -2.2208016 -3.395947 -2.2745335 14.256907 2.2357466 -1.4633132 -10.11049 6.034314 -2.7761037 7.491426 -2.6032336 7.2924247 -12.5983095 4.1550226 3.383518 -10.546894 -1.2289236 4.449459 0.7383552 -10.705149
electoral 2.4532776 -2.4057722 -0.49074233 12.484962 0.0022775175 -4.404375 -9.442643 2.2108147 0.54050195 6.881632 -4.5293117 3.0744956 -9.82888 2.9024692 1.7373767 2.454785 -1.809027 2.8981864 -0.3818043 -4.316433
legislature 2.6556814 3.5610898 0.9687945 16.358196 2.2829378 -11.729661 -3.7947366 1.9705272 -0.5552505 3.3311872 1.9304003 3.2114398 -11.888178 2.6738422 3.5631847 2.9860396 -3.227063 1.4312054 -5.484123 1.7212938
voting 5.7116013 -0.7106118 2.4007573 5.289926 -0.020630177 -10.340435 -3.5711346 3.475778 3.1333046 1.0827472 -5.692073 2.8978982 -11.201803 0.019797433 2.7027657 3.7322593 1.0658033 7.520576 1.8512696 -1.4582574
voters 3.8807442 3.6488452 1.6518983 9.899153 4.008753 -9.638264 -2.7700021 1.5431446 1.085769 -0.30852437 0.8614381 3.0329866 -17.828619 -1.5148101 2.1265523 1.856166 -2.145826 5.845583 1.0816431 -4.56482
reelected -5.7796516 -4.282395 0.81914014 10.890827 2.6674592 -10.179956 -12.90801 3.9273844 1.4604644 1.3359215 -5.136372 -6.3274045 -6.077552 2.2478962 4.6076484 -0.6799187 -1.7493556 0.9705291 -4.4580183 -4.5301633
democrats 1.631708 2.2275112 3.9167967 12.063379 6.0949597 -7.19484 -4.804705 8.017361 1.9839394 1.9207052 2.518481 -0.919498 -12.828275 -1.6763655 3.2669582 1.3467325 -7.6471076 5.4039693 3.4419963 -4.953006
democrat -4.688026 -0.27870327 5.395002 12.9143715 5.9837494 -9.820592 -6.4447093 6.345941 -0.12476529 -0.6871834 0.31139886 0.03603256 -7.636819 -6.502004 4.5441413 1.96618 -5.5936475 -0.30584776 -6.8270173 -6.6610265
reelection -4.3559203 -0.32372105 6.412439 11.406791 5.8764577 -15.408604 -9.012746 7.317449 -2.4975708 1.3387126 3.3973455 -2.5145738 -16.167078 0.7321386 2.6728616 5.478323 1.1654572 -1.880835 -3.010678 -3.9530475
referendum 4.70283 1.4608828 2.7963085 7.9511857 -0.28958058 -9.561179 -6.3179665 8.886445 3.6625776 5.767023 1.100011 1.9584079 -15.452158 5.9528356 -1.6727126 -0.76511365 -1.0366368 6.963163 -0.6513129 2.962066
byelection -9.998435 2.951645 1.9127362 13.292008 2.1516714 -11.613508 -8.439929 11.178221 -0.45816275 6.3872538 3.2533123 -1.176287 -12.15265 7.0572677 -0.50227445 -5.432573 0.96843994 0.772582 -0.84270054 -8.858507
senators 3.745211 2.7937195 0.7178856 8.867168 3.211485 -11.704681 -3.2451937 2.9301598 2.1058888 1.0668573 0.6959035 -2.5816202 -6.592475 -1.0543239 7.206231 3.9071698 -2.809457 1.7624817 -3.0050507 -3.933906
ballot 2.869686 1.7186528 4.075624 7.5579205 -0.27034244 -15.970318 -0.101411134 4.387723 0.118022874 0.098870486 -4.0880704 3.159186 -10.572004 2.470701 2.992225 4.1132197 0.9608152 5.607259 -1.8571875 -2.7916765
republicans 3.4181774 0.6345343 2.477615 10.998029 5.700525 -8.8728695 -0.41549474 5.0967813 1.7035384 0.31201032 2.9225214 -2.1351726 -12.310571 -0.36812136 0.7333005 4.2040076 -6.393506 1.5807528 1.8108784 -6.402509
conservatives -1.3412305 0.23488376 3.9843376 9.945948 5.2872996 -4.1317225 -4.5837936 9.363505 2.696637 2.1745186 3.4628603 -0.22088677 -11.780474 2.0410595 -0.029387964 1.7566019 -5.8275847 3.3101947 5.620302 -7.1911945
constituencies 3.1473942 -2.4769118 -2.8325102 11.8266535 0.8696904 -4.2267714 -5.1024785 0.9802328 2.6287844 7.1731205 -4.773644 5.868153 -12.466373 5.7353 5.1862636 -7.8155036 -0.8487649 5.5732455 4.352548 -9.3956995
mps -2.2477798 -0.73238915 1.2358972 6.6178164 2.9207542 -7.113746 -0.20002848 6.4415693 3.6334238 0.8268476 -2.627008 -0.23918974 -12.118006 5.3915467 6.188163 -1.8577563 -4.9158387 4.566787 4.375257 -5.2044625
councillors -0.57586044 1.1225036 -0.106812365 9.971825 1.5243137 -5.0723696 -4.199522 3.343424 -2.0758665 0.9072906 -3.5554597 0.06344917 -13.323274 7.166595 10.106125 -5.062415 -2.1408532 4.44854 0.38230494 -10.209447
liberals 0.47944972 -1.1270783 3.3525698 8.266875 5.3812675 -3.058062 -5.9156594 8.681458 2.369431 2.6235387 4.0932016 -1.1880218 -9.999127 3.009498 -0.33473885 2.1046174 -6.4712777 3.1088023 4.493518 -6.7373056
electorate -3.4883332 1.1257291 0.12018715 12.140926 4.1398025 -4.9775085 -8.428064 3.0093799 1.190062 5.982039 3.705138 4.450277 -9.084385 5.646157 0.6171703 -3.3673685 -3.082489 3.217604 2.3920417 -7.3685594
polls 3.5333495 0.46944615 2.7961078 7.9114723 0.13351992 -10.13222 -1.8950579 6.308526 6.4319077 0.99649996 -2.8571146 1.5507948 -12.761081 -4.8548975 -1.1928382 -0.46518484 3.4652743 0.036707684 3.4742193 -4.396217
voter 2.6112125 0.09504508 3.158005 5.2038054 -0.11068481 -7.080073 -2.1428134 -0.199652 0.5877368 1.2186272 -5.9159636 1.6548387 -14.575113 -1.4466435 1.1381891 2.9138198 -2.114419 4.653021 1.6677433 -3.383459
turnout -0.18647856 1.3881505 2.978247 6.5249624 -0.4342894 -4.1753063 -8.993353 0.40424585 2.4687436 2.454267 -4.3939104 -0.49695665 -13.32587 -0.61597675 -1.1316391 -3.690076 1.5776622 3.8255162 4.5949926 -8.55313
vacancy -3.2005107 6.5134673 10.921924 12.1731825 0.3542065 -9.54246 -2.14166 0.08981097 -3.5793009 0.41453627 0.28774533 -3.1335726 -12.8719225 6.410974 3.1611912 -1.612487 -0.09224799 -1.2053798 -1.2811514 -4.5751514
caucus 0.9317981 1.5220609 0.67104435 11.500794 3.407149 -6.2350626 -1.7979382 7.7679167 0.07203572 0.24629065 -2.5590658 0.73832107 -9.452101 -6.270035 4.915348 3.2902448 -5.6805263 5.163291 -0.7487225 0.18704695
ballots 2.5852218 2.9444196 6.3438473 6.1303177 0.80266947 -14.893455 1.4606067 3.7354233 1.3380239 -1.0320163 -3.9522536 2.131174 -14.035965 2.5571053 6.5476403 -0.28616872 -2.0421476 4.6287265 -0.69929403 -10.990722
unionist -5.515864 -2.5822296 -3.2804823 8.850881 5.5870624 -1.6881934 -5.462544 7.2035546 2.8075454 0.7308387 3.2692363 0.4081163 -4.8187366 2.3965728 0.44677114 2.840877 -11.567958 2.4291666 3.6456003 -5.030159
unopposed -4.4760647 -3.6014009 1.2909986 10.58904 5.4149866 -9.609441 -4.7534065 3.523797 -0.7405687 1.8811405 2.1245651 -3.2167783 -7.7830043 2.6674411 1.4075133 -1.3041899 0.87707317 -3.181146 -0.01998113 -4.515273
electors 3.872695 0.80534804 2.3876722 9.961273 5.2933464 -7.137169 -3.374934 -1.4869673 1.4418325 -2.213132 1.2649752 3.2625399 -9.661161 6.0834503 9.105512 1.7008938 3.047628 7.880812 -2.6618297 -4.356493
whig -2.973441 -1.9946826 0.41660714 12.461762 4.983199 -4.824545 -2.838633 6.247437 4.2570696 -2.7730455 3.0979362 1.4627786 -3.6036773 3.3567634 -1.0411266 4.9775624 -7.718198 0.8654533 -0.38360384 -7.1434913
independents 2.070017 -1.52986 -1.0383446 4.6762533 3.1321118 -5.3700285 -3.4806924 5.9457307 0.27277705 -0.21452515 0.08636703 -0.08855373 -5.8807845 0.17233558 3.6913514 -0.6776989 -3.9425821 2.3713064 3.448508 -6.606048
primaries 3.8136864 -0.6384039 2.6279573 8.228909 3.52804 -11.187131 -0.9439293 2.5630922 2.0306654 2.97922 -1.536036 -0.59193456 -7.60357 -5.240621 1.4436271 0.61715657 1.51973 2.5934582 1.1242747 -3.4547915
plurality 2.7830405 -2.999957 4.5742726 6.3322816 2.7703593 -3.7902133 -2.922283 1.2917236 2.2196825 1.9330791 -1.9879556 4.3193855 -7.707298 -1.0052483 -0.24635439 2.5132692 0.44232288 4.590884 -0.30022648 -5.004414
electorates 1.4696099 1.7788732 -4.3091125 11.138748 1.04232 -6.894907 -3.2210498 2.2783365 3.324613 5.724962 0.59184694 5.4820037 -10.439741 5.6135483 2.5098798 -6.174928 -3.811417 2.466567 4.8601437 -10.050848
ridings 1.1068013 -0.2804537 -3.8484626 9.587738 1.9955595 -5.7401485 -6.3455267 1.9441175 -1.5487304 4.1431494 0.91009367 4.83362 -5.800056 0.57156736 2.3871057 -3.6846302 -3.6811333 0.41554907 -0.5000605 -11.086039
incumbents 1.5995674 -1.8074529 1.8656113 7.999784 2.0544677 -5.446998 -3.3173804 1.5639228 2.747706 2.1015496 -1.6003349 -0.39857388 -6.055611 3.6173193 3.278015 1.2467037 1.1793307 1.4590272 -1.584425 -7.583343
seanad -0.8034365 -2.1604526 3.714525 9.743385 -1.780804 -4.844621 -4.7142653 9.0453205 2.3920248 -0.1476728 -6.575101 1.0465419 -5.8402243 4.9408736 6.990969 -3.1060271 -1.6125139 1.54077 0.3099673 -4.494765
majorities 3.5351374 1.1584191 0.72228175 8.929984 2.858648 -4.5325546 -3.9765584 -0.026467972 3.0787191 2.3997316 0.3304388 0.12676431 -9.649636 3.3336542 -0.1059417 0.25998163 -3.1121826 5.137748 3.3610954 -6.7974052
preselection -3.4121056 -1.226258 0.5121266 3.916375 2.6174967 -5.910245 -5.2674193 7.705145 0.64390224 2.7109673 -0.76301503 -0.4943405 -5.7002378 1.0330869 3.3220038 0.4897511 0.90152 4.1840873 1.4422132 -2.1587646