Centroid_61 2.5175294730927176 0.6921025254145693 0.7428761578145695 -1.3363460880794704 -2.7989491984039714 3.629322267980133 1.5888659688079465 0.600353707437086 1.4510308569006614 -3.505902054238413 -0.6639333170927155 3.9294633972185453 1.0052006318675497 -1.6669800858841068 0.4003511235960266 3.141669652860926 -1.1374032619403975 -0.8589493839006618 4.054172657827816 1.690798393602649
well 3.373614 0.19499809 -2.1480737 -0.49191594 -0.27953637 2.1610477 1.0944195 -1.0245569 1.2965271 -3.7496107 0.38773423 2.761406 -1.0647445 -1.2731091 -0.17219298 2.5075326 0.3456242 1.1694992 4.2264733 -0.99963224
work 1.7118552 4.380793 3.18334 1.2833358 -2.8812323 4.4139066 2.9925976 3.7508392 4.0956717 -7.1507626 3.1953254 3.8212717 -2.0779963 1.672459 0.573255 3.2369573 -0.025142068 -3.0760005 3.7612417 1.2031518
various 10.679503 -1.810294 -3.4398656 -0.15838268 -0.669909 3.5022383 4.092938 -3.3141491 3.1979747 -6.1610813 -0.1667719 4.461317 -3.8537734 -0.45678404 1.5042657 3.4598913 -1.2035236 0.38263416 4.4007483 -0.18675105
design 3.490326 2.154787 1.9206227 0.89127785 -6.9208536 2.2477925 1.9878198 3.9498942 -2.624581 -0.1480662 -0.7428272 9.319834 5.9372826 4.7107425 3.9202163 5.6278324 -1.4494689 -4.626755 8.057676 0.70018893
modern 5.8620763 -1.6290424 -1.2615548 2.2298503 -1.4743779 7.229984 0.52022123 -1.2439891 4.359477 -3.0776293 1.6218543 7.1436505 3.1885462 2.0549512 -3.559155 1.5366575 -1.4625703 1.0834683 4.4382625 -0.63884014
numerous 8.228573 1.1081817 -3.3771439 0.83718956 -1.5886946 2.060095 3.7355464 -1.2703692 4.8527193 -5.135516 1.0848827 2.5806565 -2.3670046 -1.5096984 2.086582 1.4982047 -1.1237833 -2.5836601 1.9510763 -2.1062784
variety 5.8198557 2.727917 -1.595149 -1.4682922 -1.9353276 5.0523586 4.438841 -3.1498985 1.5504962 -4.284703 -0.51520425 8.872809 -1.9794554 -6.603173 2.2114916 1.4090642 -2.1275334 0.2786411 7.2761188 -2.9485774
primarily 5.5504503 1.0502373 -1.6957209 1.980152 0.41342607 4.0872455 1.9104661 -2.4140055 0.8698222 -1.7138139 3.192725 4.992525 -2.1609209 -2.971876 0.90047944 0.1895455 -3.978323 -2.5188012 4.985876 0.45869797
focus 5.0328407 0.88056254 0.9010906 1.4147421 -2.4920695 4.6620297 -0.40112317 2.3644528 0.95870614 -4.0471425 -1.3036051 2.6214821 -3.8780284 -3.831909 -2.1230092 5.6395373 -0.36607164 -0.20875679 7.5935817 2.1562285
learning 2.5224397 -0.73519456 2.9610333 1.9153477 -0.77780515 9.070116 2.9165034 -1.606353 -0.8336549 -7.5375266 -0.9641311 5.2647905 -4.0499496 -3.5702648 0.7511412 6.500341 4.3866563 -1.0579643 5.425186 4.184394
alternative 3.9404032 -0.7302759 2.6198413 0.17957748 -0.82689774 -0.051524874 -0.59903604 -0.27447647 0.006214718 -3.3658388 -0.54843014 7.772305 -2.6188622 -1.9216036 -3.091848 2.9046981 -3.4643953 3.0287697 4.776481 1.9342766
creating 5.5142765 0.9938206 0.5080486 -1.2356622 -3.0695946 3.682508 0.06553519 0.60581535 -2.0414379 -2.5256462 -1.4376682 1.7780523 0.1852295 -1.3105592 -3.988764 6.569763 -2.7049952 3.0029092 6.063704 0.9173252
extensive 5.020509 4.537608 -1.0237229 2.472677 -5.7851334 3.4423487 2.1303787 -3.3247724 2.220299 -2.1710627 0.56597185 2.6542497 -0.9187347 1.9382627 -2.5897593 2.1002486 -1.7956178 -4.6353173 3.8504725 0.71371174
developing 4.304476 0.03654166 -0.8154815 -2.2996678 -2.8292766 5.4528437 -2.7998912 -2.2851648 1.5468917 -2.830534 -0.58505994 1.592893 -1.7882118 -4.1127133 -2.1176662 6.243095 -2.7768192 -1.9794499 8.040828 5.665025
producing 0.28182912 2.9801831 -0.06630082 -6.6393385 -3.7718751 0.59571433 -2.7148664 -2.7310438 2.7002206 -4.4323726 -0.39285776 1.8939078 2.5973969 -2.2538147 -0.8652248 -0.52256346 -3.1720455 -0.85939276 8.462857 0.032748777
techniques 3.7930074 2.7239442 7.06875 -0.8853907 -3.08271 7.894766 9.277626 -0.3487486 3.2160294 -0.9815647 1.1945094 7.5022635 1.0063261 0.070327275 2.5355997 3.171182 -2.0114732 -2.1223772 11.374353 4.668635
visual 4.0594645 0.63644767 4.8898296 -1.6454922 -5.127991 6.4189305 5.837756 2.7982874 0.382894 -3.2560709 -4.7283206 5.9851594 3.9255457 -7.559074 -1.8382695 3.3403323 1.9453824 0.93274605 5.986151 2.5419118
creative 1.6544486 0.92651814 2.127935 -1.1136094 -3.4002464 5.254317 -1.5305748 7.272007 -0.13541019 -7.9403057 -1.4357613 6.633506 -0.9958343 -5.4425597 0.23436187 7.290769 -1.4443549 0.12421128 5.032982 2.8224761
guide 1.6278315 -0.059334185 -2.4516864 -0.22034802 -2.2223606 -0.3489175 4.878091 1.4781982 1.2994709 -5.7579975 -0.62794626 8.640914 0.06122564 -4.105452 -1.6676844 5.5651045 2.3982513 -0.92991257 0.7782408 0.49411702
experimental 3.0202916 -0.17913152 3.9845943 -0.9616457 -3.6779637 3.0383873 1.3097616 -0.77961934 2.3334575 -4.0100613 -0.5731361 4.4944634 5.464636 -2.994068 -0.7415589 1.7358445 -1.8907382 -4.6710668 6.3033304 4.983825
drawing 2.2481577 1.8047649 0.5691664 -0.64917666 -2.4220262 3.7391303 2.2869303 1.1790887 2.0238187 -5.7931113 0.022855343 2.0338738 3.7335715 1.9042534 -0.06897625 5.3564205 2.791718 1.7989032 4.2625732 -1.3364499
photography -0.2120315 6.077062 0.09898611 -1.3784027 -7.485297 6.48644 5.3417954 5.9956355 2.1921275 -7.0005083 0.77349573 4.9282074 4.7217593 -2.6842458 1.7448674 -0.060504552 1.5682696 -5.975589 4.81581 4.336229
diverse 8.673978 0.68424195 -2.4225173 0.85548997 -0.9772688 9.564433 -0.5820723 -4.8469377 3.1573615 -4.1409273 -1.4605356 5.0736976 -2.4170585 -7.657976 -0.95991343 2.5928109 -3.8479753 2.7860026 4.648827 -2.979001
extensively 3.5975192 2.6739898 0.19010827 2.760598 -0.7620568 3.4702275 3.7298837 0.7572179 4.843664 -4.4635644 6.078402 6.2103133 0.9132621 -0.46752793 -0.034014337 -3.3901284 -3.3415864 -5.333816 2.990964 1.5018169
specialized 2.849137 -1.7206374 -2.7683208 -1.1202872 -1.8555107 6.3644013 1.9837459 -6.6885014 1.186577 -2.3276339 -3.1228056 3.1356225 3.0499701 -1.9567719 5.0830073 3.7316694 -2.828902 -1.5655584 4.534393 5.1073823
exhibit 6.165184 6.489581 -0.3801001 -0.5202332 -4.344728 3.9099913 3.9998991 -2.536438 1.3306884 -2.7520802 0.103330225 2.6111612 4.0460663 -3.2804008 0.7867684 2.0232458 0.58347756 1.7680073 1.1880655 1.2744207
emerging 4.8313932 -0.7113837 -2.349398 -0.58368725 -1.2190334 4.4963503 -3.066671 0.6573657 2.3188972 -1.5526022 -0.2579173 2.4795277 0.234207 -5.242736 -2.3193393 4.7120676 -2.7101402 1.1469117 4.4505754 2.2049065
focusing 3.41943 -0.6300052 -1.1275576 -0.8153933 -3.5287158 4.8562074 -0.48790282 0.019575812 2.5949244 -4.451536 -4.5885396 -0.11856021 -0.03595744 -5.6979156 -3.5948174 5.4054146 -2.3886049 0.6160961 5.1695414 2.0101218
graphic 2.8564239 -0.32691774 1.3511277 -3.556153 -5.1677337 2.7450292 5.179174 4.562966 3.214349 -6.213168 -2.1122305 6.5979395 5.9198847 -2.8429523 0.5736169 4.3017554 -2.2447999 -1.8052171 1.5688622 0.7004642
innovative 3.8895078 0.84133697 1.2246269 -1.7820903 -4.5927234 6.658813 -0.6060906 3.3501856 0.22096057 -3.9979558 -0.9864482 7.6742287 0.654334 -2.4344072 0.6825424 6.8404818 -2.8042812 -1.6259325 7.8687296 1.4364488
mechanics 3.4122882 0.545222 4.5345407 2.2821164 -2.5063584 2.6669688 0.9856984 0.5924103 0.4866835 -0.501084 0.959504 7.1395755 4.126927 -0.31676954 1.574316 8.086286 1.2563722 -3.864737 6.0335145 1.8943973
editing 0.48240396 -0.074182466 6.4224916 -2.302899 -6.633948 0.4049347 4.8699327 5.316126 2.4194005 -7.434974 -5.6533127 4.5472283 0.5272086 -0.86531293 0.59900147 1.4426628 0.04537617 -3.4737132 4.878651 1.3293316
introducing 1.0606031 -1.3751124 0.49337456 -1.1026614 -2.0523121 1.4909699 -1.3419696 2.0728924 1.3581971 -3.2786894 -3.1042254 2.7182002 1.214465 -1.1445625 -1.7412002 4.636957 -2.8971162 2.09321 5.0639615 0.35265782
designers 3.503237 1.3728341 -0.37159732 -4.8147817 -3.6334517 3.4571917 3.3822517 5.8637843 -0.29143313 -4.2093844 0.42871055 5.7986107 1.031215 1.8228498 7.1659775 6.210613 -3.3947504 -1.3218994 5.900353 -0.43787697
invention -1.6489944 2.2325253 5.1050625 -1.7080548 -2.9647799 0.7103514 3.3480546 1.6240268 3.3318386 -1.8910017 2.609717 7.5050354 4.334736 4.0866833 -1.6820407 4.3387427 -2.380054 -1.1013484 5.1586547 1.4547
combining 4.2323127 -2.71161 1.5757226 -1.0007738 -2.05559 3.748494 -0.28996274 -1.128262 0.92390424 -1.6386493 -3.882135 3.7255318 3.731095 -1.569599 -1.0946277 3.0905654 -1.7746053 2.5833848 5.3809853 -0.6901027
modeling 3.442306 -0.30782238 4.915613 -4.262674 -3.6840265 4.521648 -0.37270102 0.0115188975 -0.08358567 -3.3632042 -0.85888785 5.1843457 -0.15722091 -5.676249 2.220249 5.616512 1.0677819 -5.250731 4.521252 3.7537334
collaborative 5.8450656 1.441165 2.8054454 -2.1802886 -5.102653 3.3072705 -1.885326 2.9895437 -0.4532918 -6.3975973 -2.4434915 3.1863499 0.600421 -5.97828 -0.96240985 4.665911 -2.7259254 0.63463503 1.752026 5.394796
designing 2.8490965 1.3666412 -0.6943507 -2.8153956 -5.0992846 4.9277306 2.019004 1.577536 -2.4823248 -5.2876325 -0.8164914 2.8244693 3.5085964 2.39753 3.2619462 6.9140873 -2.703525 -3.6448183 6.685465 1.368971
makers -0.8336701 0.41718248 -2.2560616 -5.0725446 -2.5057268 1.1952726 0.21891055 3.2427573 0.80013114 -3.5156858 -0.66337436 4.336132 -0.3989389 2.369163 0.96820724 4.579754 -4.375791 2.5608907 5.609423 0.45615268
pioneering -0.4846564 -0.37054324 -0.51230097 -0.044773184 -2.6380215 6.5338855 -0.5209811 0.26006606 4.134398 -3.9766994 -0.28742012 3.7349105 4.72424 -4.1338825 0.29375288 4.0239396 -4.342604 -4.741672 2.635235 2.7961264
photographic 1.7728878 4.1407275 -0.36397552 -1.4356234 -7.2728844 2.01446 5.6166067 0.45297748 4.154219 -4.1755085 -0.8097296 5.126189 6.8013473 1.0819016 -0.269268 2.0118914 -1.428589 -3.2060542 2.828662 3.7792242
specialty 0.9319531 2.0858703 -4.3087335 -2.1060982 -2.624006 1.8103781 0.91644615 -4.842188 -0.38071546 -3.3715165 -2.6067455 6.4325824 -0.25471243 -3.3506985 6.29431 -0.2269067 -3.1696606 0.24553888 4.1198406 4.4408255
exploring 4.643097 0.5250279 -1.2080696 -0.78033334 -2.5618029 6.214481 1.2342509 -1.2003776 0.7873349 -5.1444817 1.2687814 1.1041284 1.2781265 -5.2434235 -7.422066 5.828545 -0.31400254 -1.8510591 1.8389511 1.1437767
sophisticated 2.2404006 -2.017382 2.1471393 -2.7531571 -1.3613741 6.03773 3.6517906 -0.27227595 0.47831386 -3.306249 -0.12153986 5.7003574 1.070147 0.008920428 -2.7883582 5.2929535 -2.706706 0.108509816 8.917358 -0.87310594
advent 3.602485 0.38050392 -0.8479951 0.54773724 -3.5128438 0.9164515 -0.9506412 0.8139569 4.049688 -2.923439 0.09760165 2.8763154 0.9340341 2.3397853 -4.3151484 -0.5466456 -1.0075848 -0.60097915 5.8029823 2.0645127
multimedia 5.5465117 -0.028699758 0.05703666 -4.451918 -7.443499 3.4254582 1.7167103 4.367619 -3.017548 -5.827677 -4.8856244 7.3147388 1.8914745 -5.121864 1.6314225 -0.38497075 -2.196228 -0.77719426 2.0054724 5.6052322
innovations 3.7986958 2.7772055 2.6540277 0.84006035 -4.357285 4.7935195 1.0651166 3.3020973 3.4918494 -0.26021588 0.69315565 6.918838 -0.5447963 1.1655272 2.6128318 2.2433574 -3.8029835 -3.4514005 7.9833884 0.7142709
labs 2.818634 3.4837923 0.9632746 -0.5934214 -6.2089276 -0.8004386 3.778369 -1.4372584 -5.4412093 -4.791916 -4.133804 5.4942102 3.4247026 -5.2489576 6.5432115 1.5853834 -1.6203128 -5.0829487 2.108703 7.2668552
specialised -0.589179 -1.4103748 -3.814116 -0.9038433 -1.672834 6.4501467 0.51741934 -5.8179584 2.7877257 -1.3116531 -2.049767 2.8809805 4.198615 0.5262968 4.0131335 2.8628597 -2.656007 -2.0948558 5.5351534 2.5756254
utilizing 3.8443887 -1.4269321 0.5829818 -2.7002614 -3.0443707 1.068052 1.3838696 -3.1778572 -2.732675 -1.5717181 -3.8413587 1.7098581 2.8440595 -2.1680102 -1.4632387 4.3952656 -2.2780797 0.37395525 6.4698863 2.5890706
presentations 6.013843 3.2283342 -0.17978801 0.53763235 -5.882533 2.1266685 4.8270764 4.4673815 3.3931634 -5.9871683 -5.5455685 3.7290616 -2.555498 -3.0107625 4.6273046 0.049652554 2.5762782 1.8303608 1.9913083 2.0163727
modelling 0.63706 0.42136437 3.4618852 -3.8702788 -3.7537835 5.0337896 -0.84173566 0.101463124 1.1986113 -2.1394463 -0.122829854 4.926551 0.24397738 -2.9250953 1.5240269 3.4084563 1.4967953 -5.0999365 5.4492126 2.7506773
filmmaking -0.82029647 2.2285426 1.4862672 -2.6587446 -3.810322 6.8993406 0.990969 8.384213 3.5397487 -4.5905266 1.4736503 3.0864701 -0.65919906 -4.913117 -0.90921766 1.1363152 1.3125968 -3.6569138 5.732826 3.309934
hobby 0.4363972 2.5926652 -3.4629729 -3.857409 -0.8925071 2.7750056 2.590103 0.044253103 0.75156754 -6.472453 4.3875093 5.2726216 -0.59434956 -1.3043324 2.7491486 4.0884194 -0.9166937 -3.3983803 4.3907366 -0.25132662
culinary 0.40536168 1.5846655 -5.0421205 -4.51094 -1.7173499 9.150733 -1.0050882 -1.8052181 -0.25991908 -4.461961 1.1403898 8.416103 0.5503624 -4.598834 3.4365783 1.5093224 -0.92934805 2.690099 -0.026349818 3.8141873
inventions 0.26615795 4.1396894 2.3847299 -2.2612474 -4.313584 2.3668022 4.377706 0.79889864 5.046812 -2.3946195 2.0468414 6.3769703 1.8129269 2.5391068 2.1027303 4.493664 -3.8116465 -3.4784153 4.2821126 0.87813073
experimentation 3.2582607 3.5936332 6.0830383 -0.2710434 -2.6951149 4.4663324 3.1070585 1.7326466 3.875258 -2.8526983 1.8233434 2.7141144 0.83415985 -1.8491905 -1.8999821 3.413482 -1.7331102 -1.0247719 6.370031 3.279607
researching 0.63603014 1.5505221 1.0818182 -0.090736896 -2.866334 4.7856474 2.0366483 -2.301099 4.750861 -6.302236 0.70169944 1.0021605 0.4311155 -3.0727243 -2.1734653 4.191243 -2.004837 -5.022613 0.10084557 4.4515123
versatile -0.23701541 -3.2563758 1.5768896 -4.195809 2.3065443 4.6696854 -1.4376768 0.1512967 1.2216593 -1.3405826 1.3377662 3.0837371 3.1606925 -2.768528 2.7939954 5.1036363 -1.1253513 -0.42411938 9.500077 -3.0574183
exhibiting 2.1363368 3.6764064 0.49429357 -1.2211088 -2.9370573 6.339548 0.50641346 -2.181959 3.88142 -3.5606797 -0.6745765 -0.46103948 3.8618903 -1.5046732 0.07496247 3.0084689 -0.9358122 1.6506861 3.4457014 -0.30881235
documenting 3.3978295 2.0444558 -1.6079953 -1.3668026 -5.1792097 3.6311846 2.8022392 -0.8038209 5.469535 -5.38143 -1.8299444 -0.86483437 0.8181318 -2.5537264 -4.906294 2.4239874 -2.0685465 -1.1822778 -1.0682672 2.7442691
robotics 5.3060718 -1.596879 -1.283536 -1.8226482 -3.097361 3.6108115 0.92445034 0.56247616 -3.019527 -0.6399913 -2.6533656 5.6228113 4.1504784 -7.2704043 5.6154404 7.1527457 1.0867134 -2.7465446 3.2477198 6.9672794
instructional 4.4412127 -0.40596205 -0.1553961 0.32325223 -3.9691188 1.203438 3.4216287 -0.7352535 1.6793402 -8.184396 -4.710427 4.243175 1.0454521 -3.2674532 4.7152596 3.7369976 1.5374043 -3.115116 5.455928 3.844304
unconventional 1.4998059 -1.1387393 2.8132806 -1.4096133 -0.85331833 4.791731 2.771643 1.9589942 1.3548553 -3.3216105 -0.42929262 2.3290658 0.93625444 -1.7490582 -2.2367747 4.828646 -2.1548915 0.3918726 6.418314 -1.3388299
gardening -1.8306991 6.333878 -4.239734 -1.9082258 -3.3867211 8.66511 1.3554732 -2.8861468 0.75566757 -6.7762065 2.4918163 6.2374005 -0.41223615 -1.5416547 1.3314162 2.8700502 -1.4193153 -0.95202285 3.4451923 -0.9008189
multitude 6.518978 0.5900027 -0.054579247 -0.5559734 -0.34320343 3.6920054 4.4865174 -1.6502119 1.4893653 -2.5214596 0.9850869 2.0788968 -2.4109738 -1.3806928 -0.7596243 2.1752882 -0.37511915 1.5205802 2.9558346 -1.1688133
experimenting 1.6368163 2.379114 3.0645723 -3.9302037 -1.329961 3.6763089 0.65678024 -0.76047987 0.79584056 -7.831886 2.87099 0.74126315 4.5575194 -1.7169063 -1.1010112 2.747625 -3.630697 -1.5523866 8.236496 2.867053
adapting 1.1656681 -2.0919912 1.1920058 -2.9351087 -2.6916676 5.17544 0.19137551 1.1286978 2.0708694 -3.6862168 -1.2698352 1.3900422 1.5632659 -0.7864391 -4.184563 5.2654176 -2.080906 -1.3850417 5.206817 -0.6271549
horizons 5.2138 4.1647725 1.4313756 1.7220082 -4.165519 1.651021 -0.046393815 2.9257522 0.9215369 -2.0365112 2.2503986 5.0518365 2.7027063 -3.0619512 -3.5697498 0.39680824 0.7677897 -1.3375382 2.0150678 2.725593
endeavors 2.0401857 4.597759 1.5407971 0.35142344 -1.7726443 5.600461 0.825355 4.6376786 2.4456737 -3.8578057 2.6800675 0.68402314 -4.1901035 -2.35843 2.6971018 4.060504 -1.7861122 -1.6574714 1.875371 2.2575428
immersion 2.0157146 0.16338709 1.3095299 0.7138107 -1.2222635 5.6532393 0.8903825 -2.746355 1.8943824 -3.2046235 -0.76627386 4.8448334 0.490364 -0.277795 -0.20742667 -0.24002934 4.502293 2.8878534 3.6825368 4.557456
ubiquitous 2.9480016 -1.4274786 -0.0316984 -2.5833263 -0.7968248 2.8198915 1.5464301 -2.9649527 0.23091581 -0.49599823 -1.015147 4.34493 0.74039555 -2.5334487 -2.34292 1.2195483 -4.1101046 1.6197816 3.914902 -0.6839279
audiovisual 5.360319 0.011981353 -0.36016214 -3.1004102 -7.4944983 5.0739694 1.1580151 1.2935548 -0.23034136 -4.4958873 -5.791493 4.9390635 1.0855759 -1.9089233 1.5039631 0.040921126 -1.6341484 0.43023947 0.91811657 6.301617
manuals 2.493294 -2.0911283 1.0723932 1.2480825 -3.1542957 0.69801027 7.366864 -1.1575019 5.099815 -6.153119 -3.8988252 5.59419 1.1764991 4.8033566 4.3312716 0.9861522 -1.369966 -2.08414 5.63676 2.0392287
basics 2.2246 -1.4754688 2.2312596 -1.1769181 0.72911006 3.039846 2.0596137 0.5820201 0.5440804 -7.013174 1.3627932 4.6680574 -0.00974084 -1.2118034 0.6839659 3.1249847 3.2486796 0.5709458 4.8648424 3.2136095
mastering -1.1932307 1.9010124 6.0116153 -3.0230086 -2.5095782 0.12651795 -0.969702 2.5919645 0.07158717 -6.3785014 0.15922478 3.790374 4.7298503 -1.9514483 0.45851865 -0.15718333 -0.76489735 -0.83412707 5.648551 3.8023195
myriad 6.1007285 0.15125455 0.4257854 -1.7327204 -1.3869333 2.8809352 3.2999425 -1.2687964 1.1540256 -2.300076 0.050624456 2.6499224 -1.5782695 -2.377516 -1.0339113 3.3678143 -1.3981183 0.4219376 2.3699853 -0.93046814
specialize 2.4368231 -0.52728134 -2.6355364 -3.1270435 -0.6380406 4.746826 0.8009689 -5.1016455 1.3079218 -4.507892 -1.4268333 1.3037947 -0.27859974 -1.4293747 3.4338763 4.361245 -2.9859521 1.1146252 4.384973 3.4270852
broadened 3.4827445 -0.366877 0.24113812 2.5466974 -3.317639 2.746949 -2.8928764 -1.0427802 3.1765773 -2.110989 -4.530578 2.158531 0.4411403 -1.4409546 -1.6962364 3.1208365 -3.5003576 1.2660011 4.114433 1.127351
interpretive 5.2534757 2.6939204 -0.942881 3.6682212 -5.150694 4.718968 5.157429 -0.8792573 -3.0021875 -3.8651457 -2.7146826 4.6890535 1.7275752 -3.0863457 -2.7343023 4.752573 1.4688665 -0.10106725 -0.24211104 -0.7618656
invaluable 0.4142979 -1.1857228 -0.55018264 -0.32638097 -2.1747756 4.157097 2.0706224 0.0030206735 3.888084 -2.9864678 1.2311274 3.0582807 -1.6728581 1.6728122 -2.4302974 7.166656 0.20559578 -4.029982 1.9225633 1.7865354
mediums 2.4493513 3.0565772 2.1005514 -2.3196948 -2.7945335 5.3309035 7.277602 1.3805803 3.8876576 -3.409555 -0.110294126 4.7707834 -0.90585893 -2.1246688 0.99899805 0.99292517 -2.8774116 1.1686591 4.7558317 0.77273375
acoustics 0.46569192 4.632072 3.7445266 2.05135 -4.6787453 5.3497243 1.0174168 2.733394 -1.2417519 -3.2639098 -1.4807917 4.5512733 5.3701725 -0.7182029 1.4407785 0.820349 1.6664649 0.41235638 7.7424254 2.4744108
inventors 0.70369595 1.5347004 0.49431175 -1.6416285 -2.2437615 0.48955804 1.6978781 1.2374039 3.5085216 -1.8893118 0.19653359 5.360773 2.5187073 0.919249 5.156194 5.7561693 -4.0143886 -0.8578422 1.3000104 1.4481975
worldclass 2.4723618 0.88878745 -3.5154333 -3.3763342 -1.2705134 5.314283 -2.0864995 0.7471062 -1.0663842 -1.9590987 1.128133 2.2429357 0.6331698 -3.5879912 3.7245803 4.349521 2.0745356 -0.91017944 4.180577 1.4716252
nontraditional 4.505953 0.12802126 0.23147736 -0.6302628 -0.9783099 4.9500093 0.27833885 -1.0903354 0.6527581 -5.703791 -1.4998173 4.170843 -2.6392183 -2.7693005 1.0424002 3.1965623 -1.2998307 3.0035074 4.176867 0.5378869
inventing -1.2215527 -0.20691189 2.4834797 -3.2125986 -0.8231032 1.9871224 3.0094805 1.2164066 1.1262894 -3.350473 1.2488782 4.6407127 4.7301846 -0.6674328 -0.4340155 5.593609 -3.3536112 -0.6974824 4.455166 -0.16269302
perfected -0.99413747 -1.6716539 2.1940167 -2.5955713 -0.65265775 3.8565254 0.31274706 -0.92649966 1.7699356 -3.00244 0.31101224 1.4428107 6.716081 2.0765007 -1.3259887 4.5903707 -0.72699684 0.81626076 3.9323378 1.3705504
personalized 1.840725 0.13319823 1.1816647 -3.7853801 -3.4245677 1.6106449 4.274532 -1.1505162 -1.3211734 -5.1152415 -4.1821375 6.05992 -2.6954162 -2.01344 1.9025315 5.138559 0.76787883 2.7117574 2.8556607 3.686048
fundamentals 2.5453537 -1.0828996 3.9134624 2.3650048 -1.0700414 3.4825256 1.3942323 1.3068101 2.857447 -3.4848027 -0.7312377 5.2728643 0.31149927 -1.4307773 0.7004576 5.166451 1.9457823 -0.5977959 3.6348436 3.9643447
advancements 3.4608717 3.3296123 2.386982 0.17089315 -4.7127275 4.69655 0.8304949 0.7419326 4.1601195 0.79306823 1.5708433 3.4502926 -1.1476523 -0.08958384 -0.17712039 4.2625003 -0.20431563 -4.9197536 7.4526587 4.175496
multilingual 3.3625433 -5.467992 -1.0442824 -1.2794236 -1.6966256 5.5521193 0.82759315 0.18389806 2.1021142 -3.6004107 -4.0197654 6.1533933 -2.5084815 -2.219288 -0.4714603 -2.0688396 -2.1764085 1.1898547 0.97229654 2.6275253
beginners 1.7760051 -1.7111151 -0.038939696 -3.5826418 0.1712673 3.8924177 2.317508 -0.4875515 1.1407931 -4.4413033 0.4411266 6.015789 0.31116757 -1.9846232 1.8734751 3.1586 5.7936172 0.7044518 6.2181187 -0.97035736
innovator -2.2661278 0.73314667 0.8080353 -1.0120373 -1.3830959 4.135236 -1.7856195 3.6888716 2.475037 -2.1775038 0.43362424 5.699613 2.8059163 -4.3923135 3.2064981 4.8402257 -3.7473469 -2.3310356 2.9578288 1.4481413
meticulous -1.8029463 2.5549026 3.6852021 -0.84852046 -4.3101983 5.0439305 4.0847373 0.79969776 4.8515453 -4.0924196 -0.73028624 2.1347272 2.3805265 2.6533868 -2.166366 5.3504753 0.595774 -1.2179574 3.6975834 -0.61674666
refine 2.9317434 -1.1065952 3.9631598 -3.156179 -1.8322642 1.7206259 -0.9944318 -1.1046916 0.33905765 -3.8949866 0.7602507 2.784147 1.4404898 1.7358801 -0.9571294 7.432107 -0.27681634 -0.5913671 5.6227913 3.8496275
technologically 6.803457 -1.5994079 -0.027500117 -1.2138034 -0.246639 5.0994444 1.9501115 0.28697088 1.945706 1.9193959 4.7014804 4.5746765 -0.45658627 0.52982026 -0.84505713 5.0046597 0.96352607 -3.4666967 7.6788316 2.0835493
photographing 1.5726652 2.854816 -2.7410517 -2.4573152 -2.796314 4.1067724 4.954448 -1.4311866 1.4965092 -5.8947506 0.8202264 -2.2135644 2.5675347 -1.964099 -1.7325969 1.2915794 -0.5784802 -1.9801056 2.148091 1.591025
crafting 2.3199847 0.61977404 0.57884294 -3.4302132 -2.0932848 3.0930624 1.9945236 1.2920849 0.8434055 -4.116031 -0.9747493 1.8757046 1.5687635 0.018460149 -0.7998921 6.1999755 -2.276772 2.7329564 4.678859 -0.90097773
experiential 4.1638975 0.26020488 3.6267662 1.0484884 -3.2450411 8.170072 1.4869596 0.5377792 -0.90876627 -4.0912127 -2.5268655 4.632458 -1.96299 -4.9594383 0.2395208 4.8990693 3.070046 -0.022736145 2.295019 2.8246958
plethora 4.6583347 0.9800263 -0.9856615 -1.5366817 -1.5959123 2.539738 2.0622492 -0.2874516 1.5397887 -2.536997 -0.12431797 2.44615 -1.7518635 -1.8242891 -0.21639428 2.0212357 -1.8492489 0.81785965 3.1000364 -1.6971996
innovators 2.931346 0.6296482 -1.1745595 -1.7854531 -1.6068916 3.1493769 -1.3792374 2.9080608 3.888134 -3.0998368 -0.19476788 5.2956767 -0.5644362 -4.663665 3.1729007 4.2922688 -2.324887 -0.053158406 2.1894193 0.63848066
immersive 5.3616085 1.7656839 1.1616557 -3.9409623 -5.9076877 5.6625757 3.309843 4.7325606 -2.8235965 -4.134577 -1.5820638 4.065502 2.3354468 -5.8953032 -3.1610684 3.3847327 2.128268 -0.23013239 5.184479 2.7243063
multifaceted 3.3993838 0.031834647 2.1136098 -0.35371792 -2.2047873 7.080011 1.048206 2.5333261 0.31103542 -1.5920357 -0.8591662 2.3936625 -0.850493 -3.4355366 -1.6234589 3.4710906 -0.89524156 0.216707 3.0055478 -0.2565591
tutorial 3.343522 -1.7510161 1.1846282 0.63964266 -2.5503936 0.88737273 3.0959187 2.4730859 -1.039652 -6.4301934 -3.947975 4.987794 0.09421963 -1.3795443 3.606507 3.0710473 4.004251 -0.08161937 2.7913182 1.3820384
revolutionized -0.13784388 -1.0640961 -0.52495235 -2.3136568 -2.7987638 4.531613 -2.3891618 -1.2325438 1.1783445 -2.2163415 -2.0561926 1.7701831 4.938917 -2.313837 -1.6577655 4.290038 -3.6879709 -1.162285 4.5001054 2.2976847
authoring 1.8363048 -1.4821104 2.120224 -0.31371668 -4.5255175 1.0854442 1.9930774 1.6966856 3.3672872 -3.9232256 -5.6461196 3.9832768 0.91237926 -1.7403574 0.8941722 1.910182 -4.2765794 -0.95890164 -0.10912526 1.4936994
typography 1.2072352 -0.81812644 2.7037354 0.9180342 -3.4805722 2.934347 2.260332 2.8082566 3.4829125 -3.4218469 -1.6542878 9.438843 4.773412 3.383872 1.5830799 1.0282818 -2.8926117 0.86738133 3.498166 -0.2931941
popularizing 1.5189064 -1.9750333 0.68210506 -1.924062 0.027948681 5.242997 -0.26307842 3.653707 3.8925974 -1.4902738 0.088590205 3.6116862 2.700858 -4.8893304 -0.65271807 2.0848038 -4.2448835 0.9908648 3.5089242 -0.31510013
sketching 0.73034924 2.7262166 -1.5897601 -2.2137017 -2.3071876 6.1901803 2.426719 -0.86972934 1.9038291 -7.772332 2.6694727 0.2887391 4.300343 1.6028404 0.1194985 3.076901 2.388522 -1.132308 3.0585718 -0.099551
devising 0.8780276 -1.6028904 1.8899717 -0.90160984 -2.0997715 2.6002185 2.0837474 1.5278076 0.2120334 -2.1953082 -1.6640044 0.49157205 0.73482317 1.4956924 -0.5113696 6.5437613 -2.0094662 -1.3381895 3.9870076 0.8432214
tutorials 4.1341686 0.39787 1.8573163 -1.8403159 -4.783362 1.5255803 4.571205 2.14077 1.0380322 -7.490122 -5.860287 5.1095023 -2.207403 -2.5330372 4.674773 1.4601245 2.6309712 0.61070335 3.5629303 2.3866777
breakthroughs 3.0275886 2.9474134 3.3383906 0.26933277 -3.5780525 2.4273999 0.6687642 1.9305248 6.062037 0.86963457 1.3048728 1.4910789 -0.5768607 -1.8439468 0.15787627 2.633175 0.122522555 -4.5207553 5.4617033 3.122304
hobbyists 3.6948552 0.49771065 -2.268327 -5.144792 -1.241481 0.82452744 2.9878006 -2.4534726 1.2360793 -5.2686815 1.5711409 5.7901955 -1.8705455 -1.0562459 1.7368348 3.8319001 -3.7299745 -0.98514 6.636373 0.9103864
popularization 3.0549712 -0.6373005 1.3112289 -1.2155601 -2.5221817 5.445476 -0.64663315 2.0691464 4.0931134 -0.792953 -0.31721193 3.7673917 0.90624917 -2.428369 -1.434726 0.5014519 -2.6818423 -0.24609305 1.9766604 2.165289
collaboratively 4.189336 -0.07468819 1.5603664 -1.4568734 -2.5161629 3.4079285 1.4136236 1.2338052 -0.08165995 -6.861838 -1.048498 3.1797743 -1.334171 -1.7352563 2.7239504 3.188254 -3.0929334 -1.3710209 1.692673 2.547411
wearable 1.3602239 1.1513811 0.11434938 -4.582249 -3.3968196 1.3399639 5.0097585 0.998519 -2.5776305 -1.3489124 -1.6436723 5.913071 2.5067117 -2.7048297 2.2950666 3.945334 -0.9946393 1.3401932 5.292037 5.1054816
knowhow 1.6447911 0.6383986 0.76352865 -2.590457 -2.4281209 4.952627 0.017503465 0.9294419 0.8888877 0.25020942 2.048819 5.175655 -2.8499956 1.9367684 1.7960786 4.7164016 -1.6244572 -1.5394425 5.197549 5.2163815
everchanging 4.8092747 -0.16847081 0.13998105 -1.6222572 -1.3998306 4.337072 0.6236014 0.5363962 -0.37744802 -2.3635058 -0.21670213 1.8663616 -0.034238018 -3.1574495 -3.065499 4.316227 0.08279075 1.5906811 3.8867412 -1.092456
typesetting 0.13599412 -1.0644664 4.022276 -0.5894273 -3.2507982 -1.228461 2.2736852 0.45865884 1.4204929 -5.4672456 -2.5132425 8.409336 2.229935 3.1771295 1.2029182 0.9286816 -4.8940196 -0.47846967 5.146505 1.5234222
perfecting 0.3583088 -0.08380284 2.214446 -2.6877465 -0.6786011 4.095383 0.29648373 -0.5954704 2.2533224 -5.0246215 1.5920975 0.409803 3.1385896 0.9397251 -0.4075374 4.3463774 0.6827439 -0.5849569 4.9604354 2.242121
origami 3.2211707 0.68066436 2.2976413 -3.279054 -1.2758578 1.904049 6.228568 0.47989804 0.7480843 -2.8048818 0.9347227 4.7100067 4.7700267 -0.9611901 2.8048217 2.1363626 -0.66976345 0.94083625 2.0808947 0.95928067
darkroom 0.024857633 4.634799 1.2975688 -2.7553961 -4.2256265 1.6180615 6.451493 -0.07743306 -1.5639586 -6.734547 0.69652647 2.1471364 4.286217 1.00367 2.0580857 0.037874684 -0.14684114 -1.9231368 4.0482006 2.9649332
photojournalism 0.4903801 0.8842628 -0.7528761 -0.38855332 -3.6068704 4.182565 0.62179065 3.0860512 4.8268805 -3.5906253 -0.67517847 2.0459359 2.0110824 -4.050614 0.32479414 1.5266515 -0.61375684 -3.0952475 -0.4974473 3.5947132
interactivity 4.6864147 -0.12852927 3.3529105 -3.3002286 -4.682242 2.91271 2.119973 3.735014 -0.61926806 -1.2741277 -3.427204 5.9611225 -3.7163274 -3.485261 -1.6592115 3.3061635 2.2899265 1.3090595 5.5436077 0.5992349
cartooning -0.60811305 1.9166622 0.18688095 0.40390852 -2.1783283 2.175924 1.1212287 4.330281 5.25169 -6.958523 0.4462301 2.5168376 1.0323441 -3.5689402 1.5556989 3.3132253 -0.9060166 -2.7787564 0.48853356 0.6253084
choreographic 3.4099662 -0.28208604 2.65755 -1.669363 -2.4060152 7.226724 0.3504958 4.6951594 1.4565812 -4.218322 -0.7930688 1.4371734 4.0780635 -1.3990567 3.820654 0.35672608 2.251078 0.55876523 2.5726612 1.7659091
rocketry 2.0417707 -0.9046129 -1.135725 -1.3040907 -2.308403 1.4986547 0.58586746 0.61101454 2.7506988 1.3634237 0.1203491 2.22482 3.7298841 -2.1896868 2.4573708 3.1535325 -1.0896833 -3.9656925 4.279726 6.9264584
howto 0.4484676 0.28899807 -0.43235365 -3.7818823 -5.1286564 0.642439 5.6621127 0.9728322 2.0827272 -5.6038523 -4.9601994 5.9846497 -0.9804773 -3.1268747 0.9854118 2.2732666 -1.421879 -0.70374304 0.79422945 -0.1371698
curation 3.8447268 2.0239131 1.826838 -1.0706657 -5.954288 3.00347 1.535949 0.3771392 0.21752241 -2.2627246 -3.1964893 4.559508 -0.18867156 -1.9391228 0.4628723 1.955675 -1.9734446 -0.9707065 -0.255487 3.7391758
wargaming 5.326256 -0.7427531 -3.1710656 -2.0843873 -3.991722 0.23449287 2.3683705 3.3424153 2.6557262 0.27265322 -0.4816051 3.6704042 3.9930866 0.0120464545 1.1684141 5.6459355 -3.3464706 -2.6056597 3.0242484 0.571432
communicators 1.2917967 -2.0621378 -0.31009454 -0.1311667 -0.7388983 1.5525512 2.5719264 2.1357274 0.8984625 -2.3877628 -2.0016766 3.6993399 -2.9497082 -3.500378 1.0145776 4.2580004 -1.1747682 0.09962336 2.2516854 3.1430497
adopters 1.1624302 2.1937509 1.5404297 -1.919813 -3.5984476 0.027100839 -1.2831517 -0.24588367 4.3288984 -3.060513 -1.0663339 2.8049378 -3.2023776 -0.070875965 0.40631077 -0.22421554 -3.8431184 -1.8454844 4.893178 1.345628
cinematographic 2.0685682 -1.3111371 1.8334917 -4.3955617 -4.7177925 5.519219 -0.08577066 4.5621395 2.786826 -0.23745655 -1.997982 2.5787754 1.0343957 -1.1038451 -0.31600028 0.3162246 -0.14187635 -1.145828 0.77463853 2.5148115
hobbyist 1.0480748 -0.10139549 -0.40161267 -3.7815895 -1.9131305 1.3986976 0.78464884 -0.3000999 0.29981685 -3.9935877 -0.08744197 5.282588 0.39119196 -2.2923172 2.0324273 3.0408738 -4.015017 -2.015657 4.4308705 1.2751267
curating 2.3717155 2.7434251 0.5501756 -1.9963785 -4.946901 4.588909 0.19325252 2.7717345 1.791825 -3.7218509 -2.1113026 1.2129247 1.8727952 -2.7337728 1.6113088 0.9954808 -1.6662437 -0.15706113 -0.15564767 2.9166086
permaculture 0.9846349 2.9266794 -1.3453672 0.20886824 -2.960654 6.3810277 -1.0997691 -0.6061264 -1.055198 -0.9909076 -0.05646374 4.746254 0.29937327 -3.7680714 0.6577621 2.965269 -2.637028 -0.47938904 0.7799771 2.5753903
adopter -0.5965703 1.6844865 1.372862 -1.0080024 -3.777004 1.2224454 -2.5062864 0.28803533 3.643736 -2.5110948 -1.4638135 2.5823865 1.0302103 -1.4016062 -0.36051914 -0.3020509 -4.43082 -2.6246202 4.4063683 2.0292501
railroading 1.4704989 1.006124 -2.4027784 0.8835571 -2.2160645 0.6970463 -1.4412079 -0.9714231 0.8021713 -3.3023057 1.2113373 3.3313446 1.5072 -0.92798156 -0.5299181 1.6239914 -3.7069743 -4.4364486 3.5874178 -0.5085535
patenting -0.6166946 2.4933493 3.3184114 -1.979705 -2.7408397 -0.31894803 0.40541902 -1.3905944 1.5679517 0.06086668 -0.08264883 3.670198 0.6975565 1.4457427 0.90733796 5.135692 -3.473182 -0.28867182 3.2315924 1.5405878
revolutionised -1.862682 -0.60940206 -1.3396708 -1.4239523 -2.4206545 4.181258 -1.7352614 0.013590793 1.254846 -0.6927924 -1.2730001 2.164752 3.1986668 0.08480149 -0.9979726 2.9952283 -2.7143397 -1.2166743 4.3657784 -0.054331556
phonics 0.23469053 -2.1646948 3.7007873 0.8441255 0.2044882 2.280555 1.7045221 -0.82519245 2.517527 -4.495166 -2.490931 7.3398356 -0.49395552 -2.579649 1.8610442 0.8679087 0.5651572 1.964582 3.5625472 1.60262
timelapse 2.8681295 1.8314894 2.4847648 -3.7678394 -4.784113 1.2672013 4.0477386 0.30922124 -0.6101002 -1.4837247 -1.2964278 2.3180568 3.6735184 -3.684577 -2.0910509 -0.7934018 1.1243451 -2.2328744 3.4173412 2.0087523
innovating 2.4958956 -0.859211 1.0685724 -1.503674 -1.0298163 3.4279902 -1.068542 1.4855571 0.18539664 -1.7182117 0.3470345 2.912337 -0.18957426 -1.4606079 -0.42208633 3.3159673 -2.0000143 0.031838182 3.766071 1.3555161
tinkering 0.49365678 0.31365526 1.957757 -2.0256948 -1.2322918 1.6300538 0.6987731 0.32793343 -0.49175382 -3.9063423 0.44809258 1.2910389 0.89997 0.04598248 -0.76637447 2.5761893 -0.5052181 -1.0646372 4.269738 -0.055436667
photorealistic 2.8313832 0.5984103 2.071294 -3.6738038 -3.7648363 3.4588091 3.6015484 1.6405821 -0.053349286 -0.21568915 -0.60284317 4.201997 3.100693 -0.6973167 -0.8961329 2.2467427 -0.53878456 0.037841644 2.7046897 -1.2722502
revolutionizing 0.051829804 0.014049148 0.4707035 -1.7471211 -1.7090383 2.8200517 -0.67727697 0.6921227 1.2563894 -1.1252033 -0.5460628 1.8928089 1.2621077 -2.5431316 -0.45604622 2.797514 -2.205249 -0.8402869 2.8872828 1.8164335
stagecraft 0.24710849 -0.0063753314 0.78477806 -0.54768723 -1.4370987 5.581643 0.9104682 3.3790061 1.7643583 -2.986927 -0.39233038 1.6188726 1.5182972 -0.9784199 1.6878114 1.4869035 0.86174554 -0.12429716 3.5823958 0.6515808
multisensory 3.3090267 0.18815129 3.2691731 0.32120478 -2.1704042 4.7277412 2.8238385 0.27768505 -1.1170655 -1.4785073 -1.567215 2.4530287 -0.4351426 -2.8143463 -0.18234116 1.6182735 0.9257581 0.14165534 2.743798 1.7760681
modelers 2.2461271 -0.5672682 0.85131943 -1.9331206 -1.8450172 1.2468415 1.4287988 -0.18969133 0.8882191 -1.2455963 -0.3747618 3.1109784 -0.03199656 0.7100944 1.5152549 2.7596915 -1.6502948 -1.1615187 3.5628989 0.55612546