Centroid_73 0.706141060457627 2.5017152854555103 2.315264046186439 2.7481944128135605 2.9603206141822036 -1.1387836646313567 4.750033039915259 -5.029069088135591 -0.16570433427877113 2.5480257219703395 1.8454624383093228 1.2659879078771186 3.4374292070762715 -2.387518721057755 0.4379631133008475 -1.522024884229745 1.1888706509800846 4.726880835677967 5.076970916059326 -3.555795775635594
yellow 0.16595449 1.7053559 -3.1323307 1.4021986 3.6922317 -7.727432 4.97704 -3.3055801 -0.14786237 3.240027 2.250497 4.3533263 6.295541 -3.1804757 -0.6705816 -0.3988944 1.1704549 7.7698984 4.094894 -1.866739
flowers -1.7493732 10.250482 -0.77697086 -1.4453487 1.3867414 0.08523602 6.3479333 -6.989677 3.7000911 -0.7741388 4.411793 4.259069 4.7032905 -3.669347 2.894534 -7.569388 4.3532124 9.706115 1.0991251 -4.07984
tall 0.14072111 4.2424045 -3.3910897 0.6817561 0.2742185 1.9200206 4.143943 -6.1871667 -2.1230266 2.1086328 1.694491 2.0048804 7.3529115 -0.2853767 2.414354 -1.4116123 6.3732977 3.233429 3.9719572 -9.194332
thick 0.79165626 5.58214 0.8097505 1.1314255 0.36246675 -0.9642385 5.089904 -8.295091 -1.8666611 6.5037117 2.5102537 0.20672326 7.8803988 0.55784297 -3.390031 -3.2443764 0.59411615 5.7463593 9.019635 -5.909467
neck -2.9537518 4.616786 1.7092853 3.7590928 5.375648 -3.8243024 7.4652433 -3.9155211 -4.0994377 2.6933439 4.5114584 -4.315266 4.620969 0.108454034 1.0605872 0.5691302 5.201741 5.0093527 6.4692307 -4.4195857
thin -0.43078282 3.3487074 3.6241488 -1.2292002 0.51081467 -1.5489228 5.0630097 -4.17413 -1.6560928 2.528522 0.6898858 3.0266683 7.9669514 -2.1112018 -3.3100557 -1.0430199 -1.293388 6.5709214 9.230532 -3.6291583
leaf 0.18336092 7.2241364 -0.33894515 0.77521485 0.98439085 -4.2120376 4.2345557 -9.082593 -1.6921359 3.8822393 1.3878801 5.501949 6.0715356 -3.238728 2.942436 -2.7551532 1.4173744 7.9195724 3.3023007 -2.151917
smooth 1.02216 1.309888 5.4456067 1.2193787 2.1622632 -0.4039473 0.81609035 -3.5674965 -2.8735812 0.83413553 0.2997917 4.5380745 4.4789453 -3.7959862 -1.7042091 0.9439037 1.2605345 5.609773 9.180332 -5.313658
teeth -0.091933645 5.9307866 6.025612 2.7756207 4.6518636 -2.8685968 10.888295 -7.264753 2.9467492 2.9633267 3.9980505 -1.059392 3.6034355 -1.7919888 1.6785507 0.6138896 0.2593493 4.761507 7.505368 -7.2167635
tip -0.3691241 0.2942271 0.4672854 4.0479674 3.9565134 -3.455876 3.450302 -5.0135493 -5.0212235 5.616786 2.8006275 0.96125054 3.1386516 -2.385895 -3.8218267 -3.364859 1.6124595 3.54037 4.24935 -1.2522624
bones 2.125738 7.4938517 4.381997 0.9562663 1.7254444 -1.0863847 10.9741335 -5.5989547 2.5401876 0.16668937 5.2935476 -1.9760654 5.1536837 -0.5761166 -0.3699463 -0.503185 0.92196965 3.714654 0.4609736 -4.0178294
inches -1.9718016 6.9484634 -2.0364158 1.1209036 -2.6202457 -8.2898855 3.426128 -8.701166 0.0714592 3.3534026 -0.324418 2.5132494 5.059434 1.1076893 1.6917071 -3.3635528 8.112345 1.000465 7.2365484 -6.6507015
skull 3.1086354 5.3242564 5.5518355 3.7272978 2.7916 -2.6276863 11.974727 -4.600688 2.468082 3.8993752 5.076153 -1.7146245 6.904757 -0.6074594 0.19949274 0.7700323 1.7480856 2.7271545 0.47454712 -4.352286
patch 1.4112477 3.2193666 -0.021832814 1.5932007 1.5246866 -6.602708 7.034216 -2.5449586 -3.4733658 1.872252 0.98197174 3.1049914 1.4901371 -3.0305402 -0.10216264 0.380175 0.31188384 3.7864614 4.539166 -1.3421713
finger -0.5133628 2.8879604 5.2190514 0.7050089 3.313597 -4.3837194 5.6410685 -1.9206008 -2.5913904 1.3705248 1.4225953 0.65230846 2.542507 -1.2504272 0.8825726 0.25784454 4.451791 6.584197 4.8899775 -3.4476888
fin 0.7882814 -2.5668273 3.2767396 0.33733562 3.6771114 -2.892522 5.553595 -3.896856 -1.7120172 7.1542087 0.8286944 0.077362426 6.4459553 -3.3924487 1.482766 -4.313979 2.3051682 0.75289655 5.604447 -4.2550592
tips -0.28013027 2.9184096 1.0310868 0.42832264 1.6287045 -1.9027332 6.854659 -3.6808019 -2.2652626 -1.8381585 -0.65936315 3.6465483 -0.42255172 -3.4305317 1.9384524 1.9587488 0.8608998 4.344977 7.696644 -1.9750144
fold 3.51561 1.4861373 5.5040717 3.6121278 3.2410903 -3.241038 0.2107282 -3.808626 -1.522276 2.1112077 0.8884193 -1.1618472 -0.07404314 -1.7733774 0.057945136 -1.8521297 0.32273507 4.3072624 6.2394543 -2.6872172
fingers -0.9728996 3.3950841 5.6468716 -0.77365947 5.050443 -4.1997247 8.868438 -1.0469466 -1.2188936 0.5018283 2.1075222 -1.9147936 1.842722 -0.80881417 2.9809892 -1.3887881 3.8766296 8.448488 7.4476895 -5.3833494
ears -2.9849682 2.7524855 1.3479949 1.3742191 5.4019785 -1.9203546 10.045634 -2.7264512 -0.05695359 0.06729442 2.5314574 1.347188 1.183127 -2.1617894 -1.3405533 -0.58276165 2.33746 8.963515 6.7966204 -3.6032772
tooth -0.18159275 5.5396867 6.7534084 1.8490196 2.3166234 -2.179757 7.0199976 -6.2104855 1.3956344 3.0615966 3.5472925 -0.5866509 4.305834 0.37099117 -0.13852464 0.16458857 0.97387826 4.2987385 2.8941534 -3.149723
horns 1.1359905 0.460664 2.112616 0.03360471 4.911707 -1.0368544 6.110351 -1.7592573 -0.7039187 -0.6342528 3.5625136 0.13532557 6.9843073 -1.4816496 1.1744686 -1.594059 0.511949 4.857934 6.8644266 -5.794307
shade -1.1405051 6.46222 0.056703787 0.9527672 0.5114952 -0.85026014 5.1270175 -2.4496841 -1.253599 1.6651875 2.767307 5.0207872 2.145289 -3.3335946 -3.1074119 -0.314088 2.9006982 6.7149496 4.687369 -3.270969
jaw -0.46122038 5.084869 4.694328 6.7347836 6.4158225 -4.204914 5.440328 -4.7224064 -1.2354358 5.0998864 5.240092 -3.6125405 2.9258153 -2.558992 2.9152124 0.5422995 1.4880456 3.1996765 6.141684 -5.0263343
patches 3.642141 4.8031797 -0.14782955 1.1836467 -0.10203736 -3.5628088 6.616758 -5.600044 -1.2947515 4.143812 0.06601915 2.9319782 0.56833804 -3.5780463 -0.60691506 -0.3056128 -2.0739172 4.3346286 6.3204813 -3.1502218
hairs -2.0728414 7.288166 4.796734 5.53024 6.130349 -2.3029377 10.445199 -8.485448 2.404097 4.7391005 3.6569695 1.1173685 4.054743 -4.766535 1.3767716 -4.0198116 1.8389087 10.514124 9.24964 -5.5178685
moderately -0.81002295 2.4738963 2.2844803 0.3796862 1.7898556 0.2102354 -0.7965857 -3.2978911 4.163075 2.4092479 2.6320133 2.4724085 0.16847737 -4.127536 -1.412437 -2.4532835 -0.04765203 0.8053871 8.606063 -4.6942673
mantle 1.6168422 3.6884665 5.2154284 2.0851078 2.7004044 -1.5490599 3.6665308 -2.2462447 -0.26988733 4.9510517 5.3600783 0.8845098 4.7298417 -2.328509 -2.245257 0.76851493 2.1703103 3.1988933 1.6738262 -2.177927
fins 0.8700957 1.3817077 1.3680636 1.8627472 4.324019 -2.7217774 7.487301 -6.613514 -1.8507533 8.557432 2.6576545 1.0949368 4.117 -3.2877953 2.9957614 -0.0091136815 1.7418637 2.0491805 11.404896 -3.1482763
tails 0.735659 -0.07116097 -0.24880868 -1.3077515 5.5618105 -4.2159324 10.221931 -5.5609984 0.590349 3.631146 2.6065388 1.7191447 2.9053345 -4.3142405 0.9898389 1.809893 1.8754629 4.514109 8.474828 -5.941644
belly -2.9648554 1.2993568 0.023171347 -1.3494582 4.9825535 -1.4563599 7.026583 -1.4028822 -1.4987915 1.6737351 2.3476317 -0.7241684 4.5026245 -4.7525916 -0.3078683 -2.0245502 1.6645916 7.2954893 5.8873324 -2.2841666
underside 0.3244904 2.2977881 0.9443196 4.7103534 3.8555808 -4.357781 7.1750526 -7.9768767 -2.87892 4.617919 0.6020439 0.77493525 5.66446 -2.878108 -0.139271 -1.2368978 0.63846546 7.11749 9.343644 -3.543387
sexes 2.1476653 0.927699 0.19700001 2.8411138 4.784812 1.8740102 5.6952667 -5.3639383 6.3439264 1.506063 0.51963633 1.3650513 -3.367739 -4.988677 2.109939 2.984728 4.0803127 6.3801093 3.6644278 -3.8767452
spines 2.5885558 3.356335 4.830612 6.052572 6.252672 -2.3407118 11.1445875 -9.150683 2.3925765 7.0298386 2.6177545 -0.9275004 4.6451626 -5.6082273 2.9359143 -2.3316514 -0.18389092 4.651198 8.955101 -7.3831673
flattened 1.6692077 2.6206775 1.7330277 4.703482 3.3115005 -0.6717102 4.033164 -9.103338 -0.8368062 4.048359 0.6802671 -1.3262975 6.736613 -1.5342797 -0.72553444 0.1801063 0.87718624 6.0238395 7.06602 -7.1383123
toes -0.05562468 2.4015253 1.472339 2.3057194 6.3050017 -2.403024 9.275409 -4.5344133 1.840912 2.8003058 1.8849459 -4.467481 3.3179307 -3.11379 3.0856009 -1.0727919 4.8396273 6.335404 10.192438 -7.1055503
foliage 0.80993026 9.323508 -0.03690583 0.15892436 1.15792 3.3914478 6.0771866 -7.5140314 0.5039426 3.3446064 5.497974 3.733929 2.8767958 -3.2728937 -0.5543995 -1.0839751 2.11752 6.8424044 5.763031 -4.9346585
conical 1.7641286 1.8943568 2.4229841 4.636055 1.4359874 -0.2597312 4.9735966 -6.8888855 -1.8741041 6.3947716 0.050549418 2.368627 9.550627 1.3079326 1.1138226 -1.5491846 0.85982454 5.3454523 7.2273955 -7.261845
waist -1.3567181 3.2965362 0.26691353 1.1535549 4.695428 -0.91148156 8.312284 -2.1433647 -1.7992212 2.7976158 3.3784375 -1.3670192 2.857129 1.8290049 2.5171542 -1.2907083 6.461372 8.4118595 9.412847 -2.731252
jaws 0.828936 2.9959219 3.155745 -0.25499338 2.7734303 -2.5449355 8.952451 -2.5623658 0.8552494 2.6612375 3.966759 -0.485165 3.779732 -3.1823049 -0.84287846 0.7072255 0.98200804 1.2395828 5.914068 -5.3666553
spikes 0.9706555 4.6180215 2.465021 0.12265005 2.1172922 -3.195902 5.566097 -3.6729434 -1.8733361 1.834271 2.1910913 0.07223208 1.7868239 -3.2453873 1.72012 0.36700478 2.7357504 3.5355957 6.6096296 -2.7827096
claws 2.0614815 2.5724306 1.0716147 0.3443386 5.40793 -4.688694 10.663221 -3.4765275 -0.4166814 3.8861926 5.3965464 -1.0826803 4.9264445 -3.5988646 0.5117391 3.551255 1.486661 4.1832404 5.9697742 -4.331782
forehead -3.799825 2.9240892 2.8944368 2.6018474 5.058546 -0.98151195 10.737098 -0.821848 -1.3672625 4.310653 2.4828691 -1.3987275 3.6739547 -1.0575184 -0.028361121 -1.389032 5.3403964 8.7339115 3.8817372 -3.5318215
folds 1.8437382 3.239252 6.3256035 3.3332 2.366514 -0.40882555 5.2844076 -2.3701603 -2.0468569 0.66232747 -0.46375674 -1.362112 3.629798 -3.1159983 0.7465843 -3.0713599 0.09132611 5.752637 5.9885035 -5.0713506
gills -1.0028697 3.6136937 3.554205 2.5721338 4.471416 -1.2671181 5.187209 -6.62312 -0.3871847 2.9167671 2.8941882 0.124855116 3.0411358 -3.6290503 1.7237896 0.14630519 0.11956201 4.1731377 5.0341864 -2.5351975
apical 5.990593 0.45063266 5.3637023 9.361626 4.9884973 -4.1712575 2.9303548 -8.954217 -0.57332 5.244779 -1.3051709 -2.9755518 3.5641742 -6.2214146 -2.4405375 -6.908936 0.7816657 7.7493477 6.413814 -4.5929866
beak -1.3071846 2.0999556 0.5762646 4.5134254 6.6292796 -1.7616881 10.5006695 -6.409601 0.8334818 5.02311 4.1410966 2.583992 5.2928324 -3.9822426 0.37891248 1.2014228 1.6566664 6.3011975 6.4151816 -5.4991803
costal 2.319419 0.67644054 2.091449 13.830786 5.1350675 -5.82362 4.1239896 -7.186345 1.0242205 5.3513494 -2.149117 -4.212082 4.4336934 -6.995261 -6.1235538 -9.335929 0.84447366 8.976677 8.568007 -7.582963
thicker 0.516345 2.2644076 2.2180336 -1.1620896 1.9645749 -1.0615076 1.4965829 -6.591695 -0.7628079 3.5933025 1.8608927 3.085725 5.0835476 0.86235064 -1.4400965 -0.526573 -0.77311784 6.69125 11.719903 -4.2717323
skulls 4.718121 5.10394 1.6825993 -0.46916217 0.9440995 -0.43939137 10.980926 -4.4086666 3.9972491 2.2006893 4.2238255 -1.1398554 4.537444 -0.6707497 0.106264055 -0.11507142 0.008588952 3.2281454 -0.57336617 -4.5193815
grooves 2.5749104 3.9877791 5.6149783 1.589714 1.8710392 -1.6997112 4.064231 -1.4013135 -1.759788 1.0874475 2.5685482 2.0249405 4.754637 -1.8581579 -2.1531818 -3.6357315 -0.8031573 5.6220284 9.691835 -5.87009
dorsum -0.4495474 -0.08955801 4.229069 13.688882 6.802594 -5.4069967 6.092912 -5.8863845 2.2643428 6.3827047 -0.09696592 -1.1311791 5.603034 -6.9397984 -4.3054123 -8.6875725 2.8632138 7.0449595 8.552312 -7.568034
antennae 0.97395664 -1.8866811 2.2755678 5.280983 5.6369386 -2.9473004 10.18529 -8.3354025 0.8588542 3.3929803 -1.220261 1.0054626 3.8075874 -5.6746864 1.6407906 -2.911155 1.7977594 4.2589974 9.398417 -2.5603564
cheek -4.2840548 1.6221492 3.8638709 2.0285835 5.2966843 -2.661638 6.7857585 -1.0325198 -0.5714957 -0.8233118 1.7466604 -0.7095837 2.9015725 -2.8280003 0.39060733 -0.9182977 1.6180061 6.325537 2.9485707 -3.2742808
glossy -2.2962143 4.366957 -0.61856836 0.43745643 -0.6984545 -3.3238037 4.4418707 -1.7161046 3.0162694 -0.44735706 -1.3464438 7.114811 5.066055 -5.0482655 -0.9152996 -0.7513867 -1.3528033 6.1704063 6.11261 -4.820127
trunks 3.0830717 3.8264387 -1.4011799 -2.3930826 2.1092381 -0.28984112 7.732277 -6.6061077 -4.1926665 0.9573104 4.133331 1.5928509 2.3003376 -0.5651143 1.4290358 0.06686987 1.2346221 4.7047243 3.729962 -3.787859
thinner 0.20250307 1.9268347 3.4101524 -0.874375 1.8306571 -1.6584978 1.7284796 -5.7498164 -0.5262116 2.7938895 2.0323179 3.465123 3.971406 1.6762929 -1.3289322 -0.111958 -0.25506014 5.4030914 11.890466 -4.566952
stalk 0.07991136 3.064685 3.038165 0.6799269 5.1281896 -0.96911585 7.0156236 -7.3033304 -3.1767259 1.8327898 3.5381587 0.9642087 1.8194079 -3.045287 1.1754528 -3.2549362 2.697873 6.7346168 4.5526423 -3.0074794
translucent 0.92050606 4.9385657 2.4856367 0.49751052 -0.6795009 -2.9570956 5.8134904 -4.3487983 0.1386674 4.3063364 -0.53753424 5.0773945 7.868832 -1.813615 -0.97903013 -1.0988427 -0.9727791 9.136847 6.418768 -2.2082129
necks 0.06519338 1.7975227 0.639 2.1791499 6.275585 -4.6508255 10.770143 -5.9166956 0.2473928 -0.44224173 4.523207 0.61793685 4.185672 1.3767147 1.0813892 -0.11904407 0.72391105 5.9857407 8.6809845 -5.7302065
streaks 3.4319317 5.092209 1.8092891 4.944652 2.4311652 -5.61442 3.605841 -1.3893033 3.7041757 4.2493873 1.2795439 -1.0909723 3.599809 -7.4380693 0.24137576 -1.3183043 4.239057 4.869786 6.487678 -6.4812064
tentacles 3.755234 3.6771958 2.9711256 1.3798084 4.6794844 -4.057211 10.857356 -6.065478 -0.47003952 2.8488703 3.8552363 0.29474673 2.8653545 -4.8525324 -0.43816844 -2.8194292 0.15709776 6.2880273 5.7033653 -1.3855836
downwards 1.4630363 0.27960283 4.041589 5.2780876 4.364262 -2.7391467 2.7161489 -4.334105 -3.689238 2.9162285 2.7691274 0.33736134 1.8463837 0.44659925 -3.2363174 0.031903025 5.059732 4.279586 9.381414 -3.0550385
irregularly 4.0159993 2.5829546 1.4936976 5.5601187 1.6503046 -1.2753494 4.1622753 -2.5859022 1.9782535 0.5910378 2.0818474 2.9103625 1.8038191 -0.20737134 0.5508362 -4.386352 1.0311589 2.7052567 4.2922745 -3.992173
fleshy -0.14146547 6.786945 2.723098 3.7877119 5.131308 -1.212611 5.2374964 -9.913387 0.83309656 3.4051409 3.4682558 2.9305153 5.068645 -5.587343 2.0887399 -2.4265409 0.48715353 10.65268 5.8416643 -5.231312
torso 0.8349739 2.8028433 3.3452303 1.6822851 3.2638702 0.3803004 9.852816 -1.3213779 -2.7992644 3.7961798 2.1358724 -2.7851343 4.3409495 1.0641551 2.4505463 0.72283363 4.29237 6.6113844 5.5358624 -2.6276605
hindwing 1.0523823 -1.3840775 2.0798907 10.632316 6.5279574 -5.9347677 5.402845 -7.1509404 2.0151172 5.012553 -2.1589077 -0.12640919 4.6432576 -8.881313 -4.2509546 -6.6651196 -0.611112 9.036959 9.072131 -7.2966075
protruding 1.2750343 0.9278757 0.835218 2.8326905 2.4340928 -0.6011748 6.6659675 -5.405835 -5.040691 4.168448 -0.007432985 -2.1612778 7.942791 -0.08314618 -1.1912942 -0.30818322 1.0822774 6.094408 7.2237973 -5.5178633
piercing -2.0687187 1.9625554 2.341796 0.3326533 2.1090136 1.2585022 8.015635 -1.6893259 0.16843113 1.4171441 0.33365804 -0.9792935 4.620014 -0.9231932 -0.9938888 1.0117211 1.3920515 6.494133 6.71317 0.4044661
comb 0.37302786 2.3711896 2.618604 -1.1808555 2.8688743 -0.72554094 5.3171506 -5.5319147 -2.3004954 0.64855576 3.7407634 3.976204 4.1536303 0.40056977 1.0281243 -0.52410525 0.40979648 4.9461966 4.343769 -1.959828
stalks -2.1647568 4.6039033 1.8680823 -1.2592372 4.0071507 -0.44798797 6.3800836 -6.9242926 -2.5205424 0.96791536 4.431623 1.0900693 1.5993539 -1.5107973 0.960888 -2.64828 1.3690724 6.0388546 3.1767673 -4.1122017
fibrous 1.5971159 8.255438 7.0613165 4.3136687 1.5226858 1.508693 2.5883164 -7.7640543 -2.4930687 3.0890088 2.313629 0.8155117 5.4135485 -2.5120265 1.4989446 -2.0493946 -3.783839 7.8886814 6.6291823 -1.8659849
indistinct 0.75347453 -0.83470076 2.4863198 7.3431535 2.9193919 -2.5161633 4.660794 -4.519037 1.9944212 1.0414358 -2.647573 -0.45764124 4.421818 -4.082565 -4.927402 -3.2714128 -0.33068708 6.294654 6.8162556 -6.6439457
pouch -1.1357387 3.7882984 1.5037425 0.8576002 3.995798 -3.3005447 9.089209 -7.2618546 -2.5180051 0.6299687 2.9916885 2.5267725 0.71335876 0.40071666 3.9268997 -1.2298318 0.8071946 5.6202264 4.010353 1.5701907
twigs 0.34806585 7.184675 1.1883534 -0.42183325 3.5316606 -0.16209169 6.7930436 -7.4358916 -2.9348228 -0.393595 5.927631 3.5363345 2.5357528 -2.104115 2.5840008 -3.2374463 0.7061159 7.0800776 3.2169862 -3.1111228
hips -0.6144815 3.3660674 3.4352562 0.7425591 4.438943 0.29444543 4.9812565 -1.1978692 -0.6665497 0.940587 2.358315 -1.6264244 1.8302635 -2.3715315 1.4086207 -0.67450243 5.0214424 8.355191 8.065404 -2.359555
singly 5.645118 0.713146 1.4675096 0.10935575 4.2957773 -2.2499125 5.20845 -9.253611 0.8306923 -0.019764004 3.3408582 1.8826822 -0.3821828 -0.7208077 3.1693437 -2.5114162 1.1726757 3.9143243 3.8893633 -1.5378149
rosette 0.58778614 3.373554 1.7037526 2.0385106 2.344788 0.35754442 3.2601283 -6.2326884 0.10153686 2.6844025 1.9031045 3.1217585 5.0237055 -1.283127 4.5528483 -4.1746 3.1751816 4.926148 1.5506631 -2.68873
mandible 1.3605481 2.1940482 5.938925 8.333592 5.420625 -1.1487375 7.202946 -8.381621 2.278891 5.3514433 2.7367556 -0.45545825 4.504923 -2.2169077 1.1875302 0.36909255 1.66213 3.6309776 5.7659426 -3.8087583
cheeks -4.0779543 2.8343122 2.5895925 2.6662111 5.4293327 -2.663827 6.116775 -0.6383845 -1.4864806 1.8487144 2.4835215 -0.13364871 3.2955763 -3.7680914 0.29118636 -0.51518047 1.3939424 7.986262 3.7448027 -3.7814806
globular 6.6735277 1.1689823 4.869071 1.4675467 1.7194213 0.50940055 4.6671963 -9.751826 0.9260405 2.9326382 1.8094866 3.0160527 6.416966 -3.8380618 0.14176318 -4.400563 1.848308 3.530687 1.7258955 -1.6167449
toothed -0.96495545 0.45710832 2.1665869 3.590296 4.90525 -3.1016798 5.3551984 -9.354103 -0.015960906 4.637727 1.4007766 2.8304296 5.1380463 -3.826394 0.23074731 -0.98508614 -0.5071243 4.8510995 7.4699216 -7.653848
creamy -4.225378 3.647813 1.519595 -1.0155252 3.090167 -0.28441718 1.5671026 -3.735124 -0.3419431 3.4958875 1.8626157 5.4488707 3.7544777 -3.9718664 0.8533562 -4.325982 -0.94111454 9.570192 6.0398307 -4.167718
appendages 4.3880754 1.1669519 4.7967267 4.4720893 5.4044266 -0.46974298 10.127647 -7.7124295 1.4007211 4.5354185 2.3811378 0.24426772 3.7248905 -2.51856 3.5822132 0.26514226 1.2973981 4.1707444 6.714415 -3.9627616
silky -2.8805203 4.302226 -0.20496069 0.08419116 2.933401 0.18719308 3.086397 -3.0993032 -0.19942522 1.6734419 2.5135188 4.9835396 4.904681 -4.9740453 1.5662563 0.939739 0.59442747 6.5445485 5.0160637 -5.4985304
thickened 0.5503041 2.5214868 4.8513293 4.308322 3.4816248 -0.06135416 3.1972113 -7.3761525 -1.2658395 4.5787344 1.3898635 -0.7556444 4.617584 -1.3005604 -1.5756662 -4.0400224 -1.2172439 6.671409 7.73853 -3.1724637
speckled -2.8738868 1.3767649 -2.3316631 1.2159097 3.2264767 -1.6341586 4.8398256 -5.427053 1.26726 2.969108 1.001968 2.642763 5.3857603 -6.997907 -1.4156524 -0.98762727 -2.3265994 4.1977158 2.8179202 -6.858374
slits -0.07173417 1.9794248 3.8710349 2.0037858 3.264025 -2.3504243 8.314132 -2.2745926 -3.3972664 1.4975857 0.29811284 -1.9551955 4.948001 -1.4255657 1.7540314 -2.4003694 1.9757818 5.2627044 5.924847 -4.2013345
clumps 3.1335328 7.4958076 2.044589 0.916467 1.9260736 1.2102308 3.1022778 -9.318689 -1.5861201 2.5327768 5.4948997 3.136718 1.1902035 -3.4510798 -1.1116012 -1.9453576 0.75850075 5.226572 5.4892178 -5.127393
incised 1.0863231 1.4531952 2.1528127 3.8315775 -0.13092574 3.3460672 4.662965 -4.799914 -0.9654879 3.5588455 -0.85904413 1.0019069 9.057603 1.5744485 -3.156408 -0.9610925 -1.7526106 5.568489 3.8224628 -8.470821
banding 5.1448107 4.3070774 1.2465955 4.1173887 -1.1110542 -0.91001654 3.7248569 -3.2136664 1.6978719 1.6734605 0.58963674 1.6827625 2.1219516 -4.809973 -2.4691808 -1.1380016 -1.3998069 0.18391855 7.767713 -0.3286206
girdle 0.5883451 2.68714 2.7142363 3.5613363 2.9708505 0.3050138 7.543628 -3.605591 0.45714188 4.0990148 2.9706917 0.41740742 5.2632575 2.3499243 1.415425 0.9803753 4.003969 6.1685534 1.804065 -2.6464896
ribbed 1.1360539 3.4846761 2.4724996 3.5733573 1.1232066 0.44774365 2.310145 -5.0621476 -0.72174543 5.490586 0.9531334 1.1448693 8.815074 0.93526036 1.3930993 -0.8527365 -1.6130122 5.7980933 5.707059 -5.9211464
bristles -0.8561691 3.9364636 2.8437626 3.8477578 4.82098 -1.657476 7.493087 -5.489138 1.2009921 3.1325529 2.8063874 2.4179866 2.7138693 -3.3554902 0.74965626 -1.7472787 -0.6292523 6.879154 7.891 -4.9222665
tinge -3.8166237 2.1837816 2.349813 4.419178 4.0338902 0.28023073 2.7853801 -1.3803723 4.1754346 2.619285 1.7219553 2.7362187 3.8160658 -4.5585227 -3.2408226 -1.5125761 -0.16462575 8.143091 4.9607153 -3.211962
blotches 1.5835094 2.9886436 0.31485108 6.712362 4.3258867 -4.861091 7.3969107 -5.902586 2.5435896 4.5189896 0.28620577 0.29281393 4.58517 -6.191063 -0.12824367 -4.3571577 -0.092493154 7.735882 7.6251497 -6.344335
spirals 3.1539273 1.6009473 4.7085 1.6286881 1.3522129 1.4526151 4.467509 -2.9279363 -0.5977018 1.3517383 1.2403264 -0.4536994 4.381495 -1.6150136 -2.4381518 0.041816283 2.3927994 3.0033073 5.806558 -5.016755
mandibles 2.533055 1.5004646 3.3589282 4.2410216 6.018022 -1.6259849 8.882065 -8.028724 0.8848165 4.764385 3.7051413 0.44953707 1.9417801 -2.4566867 1.6440568 0.9475247 -0.09647733 3.8677661 8.679509 -4.014869
tuber 1.5634292 7.9287953 4.11547 -1.6170063 2.8501306 0.44175246 1.9257222 -8.150376 -1.8159992 1.4224486 5.0975304 1.7369262 1.3046783 -6.197816 -0.26394615 -8.976048 -2.7788138 7.4315915 5.0133915 -1.6033483
ovoid 1.6581643 3.3336418 4.3074613 3.894955 2.6846454 -1.7800186 2.328862 -9.577915 -0.3149677 3.6827335 0.84608227 3.3340995 7.5351357 -2.4124398 2.2566047 -2.7311394 3.1113966 7.4187684 4.677017 -4.9399476
petal -0.009164849 2.897674 0.5906426 1.6301919 2.255071 -1.8317313 3.1589544 -4.5257044 0.6137946 1.3230731 2.2271514 3.0053244 5.459716 -0.8736335 0.008389495 -3.2578583 3.6461804 6.5770826 2.5470695 -1.0685213
bulbous -0.093264185 2.0448081 1.2455785 1.2575523 2.8034556 1.6505517 4.009259 -6.2193217 0.3676369 5.150422 2.7503145 2.7754426 7.1289916 -1.4835328 1.3291601 -1.7231085 -0.5445485 4.091028 5.1887116 -4.493686
webbing 1.0561819 2.4173887 2.2438014 1.7814431 2.575794 -3.5779347 7.5807123 -4.124627 -0.8349872 2.5165322 2.0171716 1.689886 3.4699652 0.29634753 1.2375174 2.125489 -0.62470657 4.014999 8.755689 -1.4598976
thighs -1.754899 2.1964319 1.2696482 1.9248282 5.138748 -0.7932948 7.127072 -2.6352534 -0.5257005 2.599885 2.284714 -2.6564887 2.001037 -0.8564062 0.4472148 -0.8814908 3.8297317 8.866971 6.132988 -1.3588637
calyx 0.79418653 4.627661 3.69804 4.675762 3.2637708 -2.291333 3.6410067 -6.911022 1.0617179 1.4241282 1.8580554 3.6546674 3.424849 -3.0083947 3.854231 -6.000341 1.4174539 6.0781116 3.3573542 -3.3001962
faintly -1.2999116 1.9185158 3.6385722 4.576884 1.9527571 -1.4483874 7.207369 -1.0214262 2.3990014 1.0454867 1.6681229 2.8414989 4.6179433 -3.3626406 -5.4333644 -2.8073254 3.2332938 4.9680157 3.9542215 -2.4594204
tint -3.6291904 2.2701876 1.8618727 2.1908004 2.5544033 -1.5701526 4.237786 -1.1325161 1.5852648 3.3061528 1.6884643 5.667186 3.5096366 -2.1465318 -1.2464162 -1.1456653 0.2290424 6.194791 4.5165663 -1.3244025
plumes 1.7550943 3.8269207 0.65441513 0.80090815 -0.015153743 -1.2748646 5.2835884 -4.1393986 1.3795173 5.119386 3.7493353 2.0393722 4.685369 -0.71165955 -3.389542 -1.4088168 1.1144096 1.9055582 4.6789136 -0.17290291
braided 1.2247349 1.0401134 -0.16925249 0.10592324 1.8405889 1.0546513 3.2721236 -4.222906 -3.7280478 2.3073323 1.3689301 4.59788 4.6429896 -2.0004294 -1.0625365 0.18928353 -0.3284341 4.976738 6.6875396 -4.4734764
rhizome 2.2476103 5.755151 4.0856075 1.4211259 1.9792011 2.1231992 2.7506435 -7.614422 0.08773135 1.4887686 4.450423 5.4655185 2.0457022 -4.552034 0.89625317 -4.700348 -0.09870121 4.2673163 4.233216 -0.7963256
fronds 1.0003276 6.3486094 1.0786111 0.7180754 4.03663 1.315175 5.0340014 -8.84872 -0.6842333 4.2608867 5.524518 3.098729 2.11229 -2.7618399 2.512171 -3.6845858 1.4575046 7.1461563 2.5892472 -5.152682
iridescent -0.67688656 2.91909 1.0668263 1.132245 1.8484672 0.16632605 5.9279623 -3.2681034 2.5305738 4.973739 0.74981576 3.691096 7.319714 -5.673834 -1.0424614 0.51472354 -0.10841109 7.385238 5.6314363 -3.1315022
dorsally 1.1545538 0.64902157 3.0722115 9.310859 5.2066016 -2.3576164 5.6961446 -6.413444 0.52855057 5.294414 0.6154495 0.15472618 4.758704 -6.0249815 1.4082595 -2.9416108 2.2059913 4.7369585 5.646357 -4.3450656
inconspicuous 0.580217 0.927077 0.27345407 1.6479858 3.103403 0.3326706 4.546144 -5.9484754 1.0317899 -0.668641 0.61841476 0.3281573 1.7102482 -1.8866026 -1.3287095 -0.66996634 -0.16928221 5.4355536 4.5791106 -4.856226
redbrown -0.67054075 3.5433357 1.7019589 4.294991 2.9904242 -2.1674454 2.746894 -7.0367646 0.85817474 4.007339 1.834863 3.5331922 6.9315224 -3.6321042 -0.40187225 -2.5451345 -0.3139698 6.449006 5.8640356 -4.0680456
waxy -1.9005095 5.6683483 3.6263337 -0.57036877 2.4664798 -2.1522734 1.4498011 -6.20983 0.16202222 3.2258084 3.6668134 3.4717588 3.066884 -3.1959043 1.2735379 0.01779353 -0.15545444 5.4122725 3.863199 -2.9284933
suckers 2.1812596 3.1120708 1.0000086 -0.09756637 4.2894783 -2.3959787 5.576312 -7.1525817 -0.8488282 1.779591 3.2477422 1.1857866 0.50486624 -5.49501 1.1776198 -1.738284 0.0072771893 4.0305233 4.329327 -4.30438
thickly 1.5049726 3.8164263 -1.1942463 3.9593086 2.1932108 2.5939982 3.299735 -4.335033 -0.74663407 2.2352688 5.106991 2.3267696 1.2304071 0.405584 -2.5689013 -1.6439785 0.68180615 2.570408 4.235416 -5.5960674
pubic 0.7002519 3.2075129 3.0825334 2.9110718 3.0608025 1.814543 6.7302146 -4.4205685 0.38971397 1.5591842 0.31229874 -2.1359682 2.513254 -3.2898915 1.0900089 -0.48998556 1.8739048 6.9363346 3.1360824 -1.801331
grooved 0.7181782 1.4086146 2.3628235 3.0031068 2.055062 -0.6451008 3.6617813 -5.114729 -2.4606407 2.1725807 1.1250472 2.014685 6.716525 0.7486437 -0.12879054 -0.56668466 -0.9647176 4.4127274 7.436905 -5.5684166
prostrate -2.6991737 2.204531 -0.28046772 2.115038 3.9517415 1.7550954 3.4876192 -6.069405 -0.13081424 2.954707 3.194168 1.417915 1.1148509 -0.279161 -1.7508391 -1.1325433 4.137467 7.313796 0.30481464 -3.3199031
setae 3.3537834 2.2373357 4.404069 5.7987576 5.058242 -1.4258277 8.174213 -8.425371 1.7079245 3.8546162 1.3750056 1.3090702 3.2746217 -4.362927 3.4591267 -2.8149598 1.6110556 4.87943 7.3745956 -3.477133
rosettes 3.6296213 4.091176 0.9310732 2.0175216 1.8613263 -0.121903345 4.496867 -4.1984816 0.11148047 2.7549362 2.6304662 3.952237 5.032491 -0.17070417 4.919318 -1.6115086 1.5789281 5.7926755 3.4963343 -4.613479
whiskers -1.2796013 0.6982286 1.0466645 -1.0302434 4.079904 -1.177179 7.064461 -2.2824104 -0.5670424 1.0275753 3.3409755 1.8396041 2.917777 -2.6167061 -0.06517414 0.72654897 -0.20159285 3.3119695 5.0822263 -3.1859653
girth -1.7533649 2.6199088 1.8086512 1.5985585 0.17373809 -0.17432904 2.630328 -5.704399 0.10567515 2.5272624 0.57190657 3.8063085 1.7815478 1.6285261 -0.012513861 0.6201527 5.317231 2.868563 3.7783723 -5.7420807
hooves -0.9611736 2.7401595 -0.83115345 -0.7464274 3.90567 0.13857895 6.6708436 -4.470021 0.23146333 1.6083343 4.5535655 -0.4721024 3.4183254 -0.35804078 -0.33425575 2.0797248 1.5868781 4.906363 6.612915 -4.3361063
clump 2.1178782 3.5116813 1.6822398 0.851212 2.4094312 -0.4088943 2.791851 -6.573943 -3.0122814 2.1749198 4.6001754 2.9536617 3.0181122 -1.6558104 -1.0370201 -1.7938164 1.5838306 3.9506721 2.551047 -3.4044836
ventrally 2.312505 -0.32159078 3.2954757 8.269902 4.8340917 -3.43941 4.367607 -4.9499745 -0.29919815 3.3567994 0.75002724 -0.31586468 4.892559 -5.0757184 0.32679158 -2.6422272 1.6250899 4.182937 5.711188 -2.8147254
variegated -0.20331642 2.0620682 0.02051162 0.90392524 1.837795 2.790909 2.3028347 -4.5934916 2.498512 3.2529233 1.9269035 4.936082 4.5797544 -2.9783974 0.3056794 0.4745842 -1.7873241 4.445752 2.8339403 -4.9153543
perching -0.10942318 1.5124733 -2.4201317 1.8088776 5.0977783 0.83732593 8.563982 -8.191742 -1.084801 1.2580254 2.2204902 -1.7930743 0.46634653 -0.5917167 -1.066338 4.5625534 1.7078733 6.727019 9.415454 -5.3628764
upturned -1.9943514 1.0576328 -0.72637284 2.5004354 3.108847 -1.4609127 5.474615 -3.1594985 -2.1764505 2.6810966 2.2744734 1.4899806 5.507334 0.00039608637 -0.63873893 0.3095816 3.067479 4.0510583 5.059199 -4.310343
striae 1.101235 4.5356245 5.4958496 8.620309 1.6337675 1.5385367 4.5562754 -3.6760669 3.275318 2.3907099 0.42956328 0.29076374 4.5856347 -3.043057 -0.8211702 -3.5567007 1.5717916 3.6355104 9.13867 -5.9284444
furrow 1.6051898 2.2070854 2.4994416 6.1277103 2.5812075 1.1007597 3.4742086 -5.156099 -2.0501106 2.136565 3.3131857 1.2252274 2.8853755 0.1989534 -2.1654875 -0.4628372 1.6552742 1.4157952 3.540627 -4.5665717
elytra 1.1997131 0.9572196 1.3767807 4.709844 5.0099263 -3.352248 6.639175 -6.7851863 1.7642268 3.8194249 1.5393628 1.9775802 3.884423 -5.060134 0.55700463 -2.1217737 0.9938534 5.577716 7.4117928 -4.1743364
vitreous -0.8356099 4.809323 6.2345176 3.458408 0.26743323 2.0691965 2.9360764 -4.0229635 0.30127078 2.7183707 0.60690904 1.4346267 5.886459 -2.5565183 -0.9816921 -0.09044556 -1.2936115 4.9445825 5.119374 0.34270352
scalloped 2.3606935 1.3827267 0.8734828 2.5574815 1.638702 -0.89685994 2.9694922 -3.1777143 -2.0079904 4.072372 1.2005278 2.0822568 7.3026 -1.1058034 0.40638015 0.525454 -0.53704125 4.260819 6.021748 -5.9909577
drooping -2.1108308 2.6002448 1.8736458 3.4501867 4.3267083 0.5628555 4.5448794 -5.165717 0.14496556 2.162012 2.7612703 1.1493145 3.159313 -2.3870513 0.58507425 -1.5292369 1.9118571 5.490219 5.4243555 -4.1906962
cranium 3.3611555 2.70322 4.5309668 3.2573824 1.1523395 -0.4515386 5.765087 -5.112741 1.031074 2.3738413 1.884337 0.25363052 3.204971 -2.1301625 0.7055328 0.5602498 1.6911161 0.26119572 1.2053797 -2.6403184
jointed 1.2740451 1.2369854 0.8012246 1.6044114 1.1974541 -0.29187766 2.375074 -4.4916444 -2.6104002 2.1534343 -0.14224549 0.6363405 4.086805 0.41961095 1.8696353 0.34715566 -1.6629744 3.3107266 5.493491 -2.9889252
sternum 2.060781 2.4681609 4.90258 6.76069 4.2146373 -2.2535024 5.6974087 -5.209848 -0.0824846 3.1352289 2.461517 -2.8209896 3.5082939 -1.3884714 1.6915896 -0.29755074 3.336259 2.5203795 4.857755 -2.6343691
sheaths 1.9249084 3.463926 3.8374667 3.298522 3.2359366 -0.78447133 5.777633 -6.5249424 -1.2884849 2.4276981 2.4365294 0.40427148 2.2404757 -0.88301927 1.9715688 -2.0349703 0.15172979 5.254974 5.085695 -1.4507693
protrudes 1.4330971 0.060539346 1.2317848 4.4267135 1.8991401 0.16417456 2.3058398 -5.450839 -5.4687057 3.730203 -0.35357577 -0.89463115 6.3479643 -0.91012204 -1.8898664 -1.6379339 1.9952404 4.540864 5.0657687 -3.2707074
knotted 0.6509279 0.7967284 1.6135147 0.052813794 3.02395 0.37694252 4.678436 -3.4664977 -1.7520657 0.54487354 1.4173261 1.5073928 5.2933865 1.7098774 1.7372347 0.64183867 1.6072332 7.2178326 4.7723255 -3.4381206
hollowed 2.29224 3.1697943 0.12782492 0.08341332 1.1357522 0.37160546 4.365382 -5.079605 -4.2517514 1.1805357 2.9643488 0.36023176 4.4089737 2.292393 -0.7036251 -1.1528475 -1.0321889 4.862636 3.4277053 -3.096274
bulging 0.9951632 2.4379003 3.006561 1.4501392 1.5136783 -0.5285344 4.6806216 -3.4053593 -0.8058488 1.8064982 0.5400738 -1.4508408 4.296795 -1.9187893 -0.8770414 -0.01714072 1.9826542 3.913899 6.0161867 -2.8684604
coarser -0.5768207 2.9730666 3.0821216 0.5020581 0.9822276 1.3540046 -0.43383953 -6.2105045 0.32852656 1.8804274 2.1235156 4.389744 3.2522175 0.3525673 -1.468632 0.3546807 -0.8075615 4.221473 6.6995564 -4.99224
pearly -2.3351912 3.2121673 0.4153333 1.7096449 1.714925 -1.0509291 4.064348 -1.8643211 -1.6121559 0.86580855 1.8440279 1.967546 6.0140586 -2.611309 -0.984912 -0.66363597 0.35432905 4.8186684 0.8674882 -3.809176
pubescent -2.21732 1.6867727 2.3841856 2.3840163 4.837237 1.9671487 3.2780585 -6.078592 1.0348226 1.1948171 0.82049733 0.08988481 1.6906661 -5.3145227 0.95383424 -2.5564501 1.128631 6.5328164 3.6786017 -4.809544
subcostal 1.381459 -0.5875324 2.3742018 8.5822315 4.5428324 -3.8272254 2.5881455 -5.80424 -0.6069926 3.0750816 -0.40747845 -1.8495806 3.2486973 -5.3433466 -2.199944 -5.627454 2.9233017 5.0010552 5.782569 -4.696487
panicles -2.0344284 5.49592 1.5712602 2.9590504 2.2982326 -3.1822085 2.974725 -7.465284 0.86110276 1.3733528 2.931947 3.754147 3.22538 -2.3476937 2.6261165 -9.232412 2.694638 5.090196 4.2882657 -1.6968373
velvety -2.3911464 2.7192812 2.4364452 0.50481874 3.3030028 1.0738907 2.3807452 -2.9986103 1.4649804 0.99114406 2.575127 3.7862396 4.56476 -4.8635154 -0.6401071 -1.7407361 0.5478425 6.7238483 5.979062 -4.0341454
horny 0.23342322 1.2070663 1.8970156 -1.0925578 3.7861092 -1.2028786 4.7863765 -1.9228814 -0.9813545 -0.43749496 2.6063814 0.35020897 3.221644 -4.095214 0.59839565 -0.6489122 -0.6646658 4.2676396 2.52978 -3.7045786
wrinkles -1.3453392 5.140989 4.26822 1.0803139 0.8176645 -0.12859695 5.1680856 -2.3873117 0.4262014 -0.009973748 1.189724 0.46798787 1.6650848 -1.4092324 -0.7225653 0.4100157 0.9082101 4.73577 5.5605817 -2.9496102
racemes -0.5281357 4.7955565 2.6792607 2.148799 2.6145587 -2.3284273 3.2102702 -7.9646587 1.1676546 0.6902526 3.4145799 3.320123 3.1153412 -2.8964133 2.8232055 -9.91075 3.30073 4.1741204 4.3371553 -2.2824163
globose -0.045712095 3.5401406 3.7839787 3.0080795 4.034389 -1.2551844 2.1717422 -8.742705 0.309374 3.677111 2.6586318 2.4808407 5.2936482 -3.7728963 3.3955941 -4.3763566 1.0129069 6.0183935 3.9339685 -3.6682882
minutely -0.09407445 1.3498336 3.2514718 4.426036 0.8937763 0.66222405 5.098687 -1.8180639 2.5488758 0.6769166 0.1310506 2.343355 3.0342202 -0.18633923 -0.75479174 -0.07078446 1.5478774 2.5093875 3.0472975 -3.119484
threadlike 1.3722621 1.2789885 3.6181393 4.5019064 3.3966184 -0.40319338 3.8086727 -6.8897243 -0.67358774 1.4522591 0.9047875 2.051304 3.7062883 -3.3116703 1.3490447 -2.6041741 1.2033262 3.9093418 5.2931833 -3.5294554
ocelli 2.1359036 0.27360666 2.4254525 5.7971196 4.9974036 -1.3938186 7.006646 -5.910325 1.8122773 3.3020387 0.68597215 0.6999319 1.8872888 -2.9929457 1.9998949 -3.1789546 0.9416784 4.3370047 6.1080623 -5.3735166
peristome 2.346116 2.0759099 4.1055627 6.962411 3.0945766 -1.4176918 2.9389312 -5.9406195 1.4229926 5.2012157 1.9596808 2.29698 3.473891 -2.391443 -0.8041165 -2.0222774 0.7377051 2.6705387 7.0494337 -6.703225
taproot 0.36170855 5.333456 2.280644 0.5725126 1.520881 0.28369683 1.0700879 -5.460553 -0.48009732 0.1680455 3.626473 2.7925963 1.2816539 -4.4192524 0.9165727 -3.4169657 0.54204005 2.7340426 5.251743 -1.4241414
papery -1.1996266 4.6775966 2.1859658 3.6843617 2.8994744 -0.85070515 3.782553 -6.896937 0.30897096 2.6534057 2.6445177 3.3987157 4.3344684 -2.53024 1.1674836 -3.5660121 1.1703233 6.3562098 5.525041 -3.1471016
reticulated -0.011332853 1.7190931 -1.0245259 1.8577379 0.86939687 -0.33097988 4.5932302 -4.8011184 -1.5932677 4.1532984 0.33650094 3.1761951 3.245409 -2.8683681 -0.21578448 -0.6372401 -1.5281907 2.57819 2.6101153 -3.350253
nostril 0.8036031 1.7754976 3.5359042 5.303318 3.9487846 -1.4166244 5.289494 -4.2284737 -1.7972475 2.3242624 1.4231116 -0.57834834 2.13381 -2.3767939 -0.3376743 -2.09652 3.9645834 4.836973 5.3084993 -2.2595317
arching 0.84578115 2.0669725 1.1948278 3.4583502 1.694008 0.96293175 2.8363514 -3.520538 -1.9880515 1.3104347 1.2895774 1.5687742 4.0145736 -0.87611586 -0.6253921 -0.4568119 2.8343234 4.18817 5.2181907 -3.5086138
pointy -1.1025037 -0.45499098 1.4141362 1.5416775 4.3228073 -1.3582017 4.7809505 -2.3037324 -0.89367795 1.1984056 1.3884674 1.5602059 4.3229637 -2.4440994 -0.15337181 0.2621475 2.219817 5.740131 4.2979765 -4.4715314
ridged 1.296648 1.4507861 2.188808 3.1091812 2.6918833 0.7366142 3.1280816 -4.8555937 -1.3476207 2.685364 1.8635256 2.178148 4.520379 -2.3667946 0.08765464 -0.46055186 -0.5326775 3.1751037 5.5573497 -3.714403
striations 2.1184883 3.5234077 4.116101 4.6783037 0.8531604 0.5002932 3.4419653 -4.020037 1.1171639 2.8128755 1.2429922 1.7325752 4.800026 -2.4490047 -0.8928019 -1.6212653 1.3916435 3.3157654 5.5473943 -3.4843645
distally 1.6216844 1.1681088 4.6440835 7.4822435 4.463941 -1.7897995 2.7393816 -5.0335937 -0.28830928 2.5759392 1.7749891 -0.48862943 2.395547 -2.602731 0.3371227 -3.3161194 1.9988252 3.4942472 4.9575753 -2.1175427
confluent 2.061434 -0.78554815 4.9552536 4.7771444 2.2751951 -1.1194875 1.171639 -3.9480083 -0.039269604 2.2650347 -0.8344562 1.4133592 1.3399937 -2.5933826 -1.0582104 -1.9430352 0.8357267 2.7327194 2.7510417 -3.7566948
gape -3.1045792 3.1565783 0.31196588 4.3289576 2.655918 -3.9859734 6.9179854 -3.5904932 0.8605705 1.238036 0.89324373 3.4616528 0.63200575 -5.1462846 -0.483801 2.5505755 1.3978108 1.630541 6.782056 -5.6332216
eggshell 2.6805325 3.391226 3.4670577 -0.35257494 0.768315 -0.48105574 4.1701083 -6.6432967 1.1902834 2.8249454 2.9347746 2.037156 3.0963395 -0.47278365 -0.38778222 -0.2219551 -0.69110084 3.0212102 2.0467784 -1.4908757
lamellae 3.5859225 3.5483465 5.4609714 5.090762 2.373888 -0.9292852 3.0231462 -5.033343 -0.5248583 3.7328632 2.1714926 1.6007087 2.9912465 -1.6379635 1.8617387 -1.9480405 0.18163405 3.630031 5.287365 -2.9053755
micrometres 2.5031428 2.057921 3.2721744 0.3649524 -1.1412407 -2.1404407 1.2436832 -8.431651 0.76986015 3.366371 -1.1173921 3.1520877 2.9457145 -1.3887331 0.18239745 -2.8889124 3.5740066 2.261062 4.913448 -0.2713274
protrusions 4.2532873 2.3593493 3.3946187 3.410897 2.4082932 -0.8186647 5.5053997 -3.9528918 -1.7584275 3.4589965 2.1136904 0.24873784 3.2338293 -1.1642054 1.070651 -0.69856095 0.7107966 3.659479 5.7524347 -3.2651246
panicle 1.0104693 3.1574762 2.3044136 3.603188 2.645456 -0.6322499 2.326552 -7.6714816 -1.4048072 1.9870058 1.6953342 3.0471995 1.7292908 -2.5948722 2.7229145 -4.765358 2.8923016 4.6362514 3.9991584 -2.3068345
venation 2.2779047 -0.31999573 3.0321443 6.1007314 4.454544 -0.19002706 5.0335617 -5.97115 2.8502903 2.6627066 0.75058305 2.7239914 2.6475976 -3.6006217 2.5525045 -1.5762612 -0.423649 2.4503522 5.381999 -5.047355
spiracles 3.3305874 2.3504465 3.1467547 4.615671 3.5677807 -1.6099067 6.042937 -6.1333513 -1.5115001 2.3732526 2.5595007 -0.5989367 2.301202 -2.3558033 1.2112862 -3.3690865 2.766016 3.3115056 5.9671397 -1.2244133
reniform 0.8944263 0.3211552 2.211213 6.5855155 4.0060983 -2.5878627 3.2178686 -4.0542645 0.33387142 3.8707304 0.039681852 1.5038849 3.2188666 -3.7370281 -0.29932305 -2.8755646 1.2465061 6.0123463 4.255149 -4.1800437
drupe -0.89671874 4.212952 1.6500149 0.73332286 2.1044142 -2.3374333 1.2076312 -7.3540115 -0.18710902 3.6535804 2.9339929 4.5053477 3.9954844 -2.5709352 2.167081 -4.5204935 2.3992174 6.446178 2.0630872 -2.6631002
truncate 0.6329903 -0.43089974 3.1196911 4.2335315 2.1271806 -1.2854998 1.5311948 -4.4920106 -1.7707459 1.1917882 -1.0553938 0.92105705 1.7647136 -1.6671993 -0.54060864 -0.84898883 1.2099752 3.6412535 3.5280323 -3.1417806
mottling -1.1640058 2.740586 2.4226866 4.0277076 2.2612278 -1.1039441 4.5655026 -4.6150327 1.5397669 3.6229959 0.3952498 1.6467291 2.6032877 -4.9288664 -0.6635205 -1.5588212 0.11978597 4.588684 5.077307 -2.597609
forelegs 0.3668991 0.81405824 1.3235173 2.4616492 5.190581 -0.8087081 6.235635 -4.5042486 -0.37653467 2.3701031 3.8456683 -0.086512394 1.7670845 -1.6689569 1.1247734 1.2748771 3.396351 3.5771797 6.2840343 -2.8695395
interspace 3.7068117 -0.0085010575 1.5151935 5.841201 3.5193665 -3.611043 3.1584754 -2.4655547 -0.5473812 2.2023315 0.13342702 -1.1681235 2.3248115 -3.8480945 -1.0249225 -4.1065297 3.3824697 4.300385 5.739553 -5.1251125
microscopically 1.5266433 3.0778365 5.9309783 3.083833 1.5148115 -0.37084147 4.9121003 -5.5195127 2.7192047 1.9920614 1.5875922 2.9228806 2.6439152 -2.3804157 0.9910943 -0.41373143 -0.3983658 2.3825748 2.435912 -1.0885041
dorsolateral 2.8919697 -1.1552639 3.1671166 5.550737 3.1385155 -0.99311453 3.3343089 -3.4653914 -1.2406945 2.1495566 -1.1846561 -0.9564504 1.5014962 -4.4903603 0.53802466 -0.9802368 0.5193554 2.613376 4.3899174 -1.65961
frond 0.36895153 3.1704316 1.4552014 1.0661608 2.3982172 -0.5413875 3.9788802 -3.9653904 -2.0194535 1.66253 2.1772552 2.8059313 1.7534219 -2.4071074 2.0078578 -1.7195799 0.81686217 4.4004273 -0.1336227 -3.6655579
semitransparent 1.2157185 2.3077629 1.640688 1.0106381 0.15594333 -1.5778035 4.952065 -2.4428985 -0.68242466 2.366573 0.532915 3.5190432 4.199059 -1.2577406 -0.5523677 -0.67177415 0.5956115 4.392574 4.798278 -1.2019552
matted -0.83081025 3.2665844 0.56650203 -0.32214454 1.09037 1.3280394 3.9849453 -2.9866323 -1.4861511 1.928673 1.6349326 2.3697145 2.8372586 -1.190272 0.11354436 -1.039594 0.930696 5.023131 3.9565191 -3.027693
discoidal 1.5716295 -0.33094022 3.0909686 5.6149497 3.613821 -1.6517351 2.693292 -5.673097 -0.35431024 3.0321147 0.13463764 0.044101786 4.069106 -3.9447098 -0.54245377 -2.2198913 -0.34973922 3.6210086 4.2027364 -3.068785
serrations 1.1234246 1.557314 2.4705098 3.861093 2.780789 -1.7955642 3.3957179 -3.778686 0.056279916 3.320402 1.9039419 0.71308494 2.701698 -0.57402617 1.0770755 0.18728943 0.8136668 2.65174 6.2794104 -5.692245
prehensile 0.4074752 -0.9578552 0.4385889 0.2362346 4.3706765 -0.32359532 6.5689564 -4.76966 -1.0467898 2.004752 2.7895343 1.6398593 2.1557527 -3.0288815 0.31675363 2.0955615 1.3256619 3.0395195 4.706185 -3.1118286
ovipositor 1.6084666 0.73205984 2.6376293 1.8978957 4.014681 -1.6399095 5.8976903 -6.8000736 0.13608909 2.1712532 2.151067 2.0170195 1.2997334 -2.3368223 2.2271476 -1.0657158 2.2183597 3.0776598 5.0161133 -1.5412194
speckles 0.09166784 1.4206362 1.5632125 2.2248409 2.7630205 -1.2480246 4.6356406 -4.3915396 0.52976155 2.5081837 1.4821854 1.5259295 2.437819 -4.1993103 -0.2493864 -1.4414402 0.32339972 3.1114328 3.869353 -1.859562
hairlike 1.7749394 2.5267303 2.6100705 3.7900772 2.71479 -0.034746245 3.4607966 -5.696195 -0.31703803 1.753685 1.4321414 2.0459893 3.6175432 -3.1969547 1.6350837 -1.3013827 0.08652589 4.1547337 4.9539294 -2.2778163
ciliated 2.5039399 0.6259884 3.9958074 2.768881 3.4666562 -0.20349163 3.719169 -6.3755903 -0.7939161 1.3231021 1.1348175 -0.6160824 1.9507122 -3.9535103 2.1142824 -2.000261 1.1079344 2.9026866 3.1320891 -0.632075
interstices 1.8985221 1.8854584 3.2155676 4.506393 1.5880209 0.42215592 2.1911206 -2.5763144 0.40883604 1.9105018 0.6337872 0.32435152 2.7570872 -1.0284606 -0.06449842 -1.1496505 0.11698353 3.0281456 4.3848124 -3.8581336
carpels 3.6245136 3.6204903 3.4664054 2.1606252 3.4151862 -1.4435669 2.7586427 -6.385895 1.7880257 2.1013632 2.1552417 1.6929903 1.5195512 -1.8686249 5.2340593 -4.4738116 0.66503197 6.0089145 3.3296313 -3.3166559
umbel 0.91961 2.74311 1.9808356 1.8702599 1.8035413 -0.6110314 2.7391858 -5.6954956 -0.08664648 1.3606752 0.7025448 2.2770483 0.98791105 -2.1685078 3.413378 -4.5155854 1.7101067 4.8096 2.8379588 -2.601314
margined -0.034081653 -0.059612956 1.200115 5.375026 3.2680385 -2.5186787 1.9743229 -2.5832984 -0.8511681 2.7694902 0.111541666 -0.23499465 3.4911397 -2.658503 -1.0473754 -2.658949 0.5390828 4.701702 4.35853 -3.9947796
copulatory 2.148703 -0.041564025 4.7368627 2.3177588 4.104955 0.481703 5.3491793 -6.016256 0.10352888 1.8967887 -0.79397213 -0.13534193 1.4676456 -2.0843043 4.9860787 0.44239038 1.6654451 5.5112658 3.9423244 -0.8370347
iridescence -0.5186067 2.6131814 1.9083333 2.1179984 1.3542469 -0.46188208 3.499697 -2.1557562 2.5472288 3.083526 1.3823466 3.2529924 3.3941061 -3.7771127 -1.0918947 0.36152643 1.1869396 4.0263257 4.4486976 -1.6267779
bract 1.0088309 2.4410515 2.2490985 3.4795184 2.925702 -0.77977115 3.2125394 -5.8639913 0.60265714 2.1302466 1.6944324 3.1502376 2.60188 -2.2932317 3.0540185 -3.5015967 3.2850614 4.740886 3.3839254 -3.3742278
stolons 3.1094947 3.1786027 2.3172727 1.469273 3.1894822 0.7385194 1.9947715 -7.164243 -1.3829416 1.2085018 4.833998 3.1691654 0.916831 -3.1673694 0.5404694 -2.6163416 0.67131644 3.2729125 4.0015426 -1.2366123
pelage -0.8296068 0.99419135 -0.6652784 2.173838 2.9133477 -0.90712965 3.776636 -4.196242 2.7949271 3.1969602 1.4996374 1.7590232 2.386484 -5.037569 0.12452039 -0.7103673 0.98897123 2.3125243 4.725425 -3.089772
ovules 3.3330102 3.737478 4.4609523 1.2669241 2.5910306 -0.04082311 2.4284968 -7.9596767 1.4977372 1.8754084 2.5549505 2.077461 0.622934 -1.5531278 4.726653 -3.5118144 1.8150173 4.0475564 2.183429 -3.0052197
catkins -1.1101382 3.5711076 1.0139519 0.12367457 2.9755843 -0.083403766 2.2713106 -6.6947584 2.3230453 0.028474027 3.356851 2.3773422 2.011562 -3.3597033 2.9584718 -4.57 2.667777 4.065593 2.6132855 -2.5668182
calcified 1.8350033 2.5940278 4.496993 2.1303678 1.3413953 0.9596784 3.8879876 -6.0438337 -0.085402 2.4905574 0.97602236 -1.0628374 3.1238642 -1.4865391 0.12109223 0.2504868 -1.7024057 2.3846898 3.4211142 -1.3458215
palps 2.0570977 -0.7850591 2.836045 3.587414 4.7837563 -1.1684171 5.2902884 -5.4277444 0.39773905 1.3060615 1.1984502 -0.15864755 1.7053773 -3.4362965 2.1576154 -1.427044 1.8974359 3.0974114 4.408488 -2.3836384
cephalon 2.7714024 0.8910581 2.7497501 5.7153563 2.6689727 -1.7938176 2.7285604 -4.3633566 0.20544599 2.535499 0.9148533 0.48175395 0.6921433 -1.8838018 1.1955937 -1.6831678 -0.078751646 1.4505389 3.3245056 -1.7596283
reticulate 1.8452312 0.6047006 3.5989687 3.5497816 2.5152256 0.21593998 2.3498 -5.7583427 1.2669717 3.1122913 0.7258062 2.1064467 2.5812545 -3.9089997 0.70386744 -0.29900542 -0.62422174 2.1753435 3.3926523 -3.2743769
appressed 1.4183534 -0.06344574 2.6097677 5.387041 3.1792207 0.51236063 1.8547235 -4.108276 0.20900504 2.5764492 0.5841788 -0.28554255 3.4528959 -2.2018554 0.017002625 -1.7380954 0.41231647 3.6285422 4.314634 -3.7954378
orbicular 0.18539906 0.8299305 1.5082337 4.6228247 2.8726919 -1.8122306 2.04358 -4.206397 -0.06836536 3.5140445 0.22516334 1.2266061 2.675584 -3.1766882 0.30253655 -2.4981956 1.4768721 4.3009195 3.5456297 -3.8964162
frill 2.2206929 1.8004872 2.1672504 3.521594 2.7222028 -0.8241114 4.615553 -4.0932794 0.9373439 2.7958112 2.7138524 1.315603 3.5285468 -1.2504978 1.2308851 0.5212011 0.36544463 1.9645704 3.622373 -4.9351826
apices 1.8412986 0.40018955 3.114176 4.974962 3.647882 -0.9594988 2.5719652 -4.9192224 0.110090606 2.1097918 0.7324137 0.47803456 1.9189069 -2.688394 1.1599483 -2.2094178 1.2095958 3.4257114 3.829833 -3.2542248
laminae 3.6037197 2.4402165 5.4405904 5.3926525 2.177206 -0.48183137 2.9699464 -4.4109836 -0.044478655 3.0902817 1.8445784 0.67704284 1.7174011 -1.6502236 1.6014851 -1.4925305 0.6288043 1.4213606 4.2198887 -2.3055944
umbels 0.56889784 3.4549875 1.4088947 1.7409588 1.9626795 -0.33853748 2.6891599 -5.657902 0.72684586 1.1135982 2.354283 2.7624469 2.2363815 -1.9442692 2.9803226 -4.8682666 1.0670501 3.9393587 2.993502 -2.582947
glabella 2.61925 -0.24653529 2.7361357 5.8186455 3.5741932 -0.0860211 3.1869218 -3.8416145 -0.68305576 3.386136 1.5857037 0.07899984 2.3267581 -1.9174358 -0.305369 -1.5267706 1.3645582 2.2633913 3.945758 -4.595744
subtended 0.7282537 -0.3658864 2.2735612 3.2895844 1.6375937 -1.0119772 1.7697395 -4.868954 -1.1358203 2.0872567 -1.2656946 2.2143476 2.420991 -2.1348004 1.4528134 -1.9635829 4.279297 3.1583698 2.536804 -2.9841647
culms -0.86742574 3.1834016 1.0861833 1.8623682 2.5417519 0.97087926 1.3960143 -5.953357 0.104156554 1.7374417 3.136324 3.0790834 2.3222675 -2.1839786 0.58304197 -2.588544 2.1092243 3.978482 4.0057178 -2.6211278
clasping -0.03166064 0.37132064 1.0208489 1.2379853 3.0159678 0.62008756 3.987353 -3.30865 -1.4068795 1.0644654 1.1378547 -0.63235635 2.7551534 -0.30857754 1.114846 8.999528e-05 2.069213 5.071696 1.9927545 -2.3400323
reflexed -0.024962192 0.5461266 1.8046246 3.963961 2.8547428 -0.70510924 1.9168537 -4.2242317 -0.93909144 1.8818288 0.5801016 1.7038403 2.475105 -1.7950277 0.3288196 -1.5649666 1.4133964 3.9711287 3.8495402 -3.0682695
undercoat -1.7444023 3.1114063 -0.4455659 0.79636776 2.4743352 -0.5252251 3.6027305 -3.3027139 0.26064327 2.3234184 3.462183 3.4111133 2.6256163 -0.99901664 0.79515195 0.09761187 1.0164752 4.339817 6.1862025 -2.0227575
scutellum 1.0189078 -0.17093611 1.710257 4.2234774 3.4259865 -1.5847341 3.3622167 -4.3988585 0.45162308 2.467075 0.5175309 0.740803 2.269505 -3.2673213 0.8642799 -2.005512 0.82281715 3.2605774 3.4825063 -3.9056413
serrate -0.23613738 -0.41455424 2.5409856 3.2092707 3.2066042 -1.550156 1.8163222 -4.29991 -0.46884206 2.265255 0.5328886 1.1605924 1.9019419 -2.7826254 0.4317785 -1.8662819 0.12245106 2.45822 3.6114159 -3.0644214
prothorax 1.16715 -0.5137915 1.442962 4.615808 3.5562184 -1.049074 3.7032645 -3.9294124 0.10062957 2.5245378 0.10346604 0.005429735 2.459356 -3.1599827 1.2967354 -1.4608155 1.2450329 3.1734722 3.9074368 -2.207109
pistil 2.1123557 1.421026 2.7486498 2.025337 2.4683926 0.009521921 1.5726881 -5.0492363 0.34345162 1.1290398 1.3721735 1.7016943 1.5388738 -1.7872704 2.7421 -2.5152533 1.7890005 3.7029936 2.4785516 -1.694618
teats -0.34741184 2.7454016 0.8903635 -0.20012505 2.5967906 -0.99997985 5.10943 -5.5680346 0.6336445 1.3415263 1.4623678 0.18306819 -0.70561415 -1.6111168 3.2140386 -1.9295013 2.153265 3.1412187 2.6428516 -2.0815158
roughened 0.5177863 1.7453223 3.0144472 1.9273565 1.2783788 -0.3818372 1.8748089 -3.3588634 -1.2491393 2.2047791 0.94740814 0.3898637 2.7224512 -0.8677823 -0.5258219 -0.51342 -0.35370022 3.1162412 4.2139935 -2.446034
sternal 1.6550177 0.77060866 4.0060115 4.917663 2.6308212 -0.5918747 2.6748478 -4.4435606 -0.28862867 2.1583734 0.82384133 -0.9417688 2.2467628 -1.6810887 0.21912064 -1.265525 1.8182244 2.2081592 3.141723 -1.1837876
plastron 1.5790554 0.93741906 0.7579181 3.0638828 2.2562578 -1.0323983 3.7355049 -3.799961 0.07688519 2.408774 1.3211266 1.5201063 2.108449 -1.7720157 0.66438055 -0.26576927 0.43781546 2.2291808 3.1210337 -2.5223613
supraorbital 2.1820164 0.30268186 3.488056 5.330137 2.5847633 0.37385616 2.878154 -3.8083622 -1.032638 2.2849352 0.8422994 -1.056835 2.3070962 -2.3797705 0.15268643 -0.38644424 0.7362007 1.0330156 2.990957 -2.4039385
protuberances 2.1375713 1.9842653 2.0668933 2.6796052 2.5041976 -0.042801954 4.0152426 -3.6665752 -0.18826382 1.9604863 2.1447077 0.5002122 1.9269779 -1.2509673 1.7344731 -0.520589 0.79060745 2.9244666 4.0566487 -2.7672946
achenes -0.08763852 2.4776871 1.7803278 0.7456018 2.2500236 -1.4993436 1.6348785 -5.25268 0.71490866 1.8453132 2.244736 2.4656558 1.9618222 -1.9514313 1.8190167 -2.5735621 0.62546635 3.5746388 2.09741 -1.2440736
zooids 3.5753655 1.3899093 1.790504 1.4343581 2.5912883 0.062750936 3.2080486 -5.855604 0.2762928 1.1924982 2.6872475 1.1226412 0.34825394 -1.3488408 2.4155579 -0.55634975 -0.27522585 1.600681 3.074182 -0.80864006
septate 1.2858475 1.1395608 3.4580138 2.3390164 2.7308486 -0.2600365 1.8717183 -5.3876014 0.26553643 1.234709 1.0659912 0.84722203 1.8843678 -3.3183043 1.627209 -1.4955301 -0.26380643 2.498484 2.7316928 -1.2332367
flecked -1.125468 0.9671304 0.21983963 1.5706072 1.7726655 -0.95751894 2.1193676 -1.8737063 -3.876079e-05 2.3781028 0.99442077 1.2215046 2.9883401 -2.1696377 0.5119197 -0.5576223 -0.10910501 3.455459 2.378603 -2.2218387