Centroid_42 3.582202390731709 3.9891393159756108 -3.951487075853659 6.978553462012194 0.8892116422012198 -5.362324764939026 -2.0064409931402447 -0.8910941668518293 -3.4096731323170757 -4.660959077365856 4.366504812073172 0.7027174822682922 0.6359487755121952 -4.734955600309148 1.4825197535487804 2.4353521569939014 -0.44683812659146366 -3.249780085749998 -2.10553155304878 1.3867743739451222
new 7.6620297 1.5614039 -4.7860627 5.330784 -0.15756343 -4.4849253 -3.487733 3.3480039 -0.7337781 -9.830901 7.4694157 8.75227 -1.8454181 2.1679027 -2.7459736 8.170775 1.6492712 -2.3606267 3.0405328 0.9297406
american 2.8037586 -1.8798862 -7.027898 2.7931643 1.7574655 -0.53751165 -0.23379637 2.8599885 4.520865 -5.3368998 2.8856773 4.5409575 4.284886 -7.892766 0.10739462 6.739247 -5.463866 -2.1658509 -0.84103334 1.8465877
york 3.8134658 10.782187 -6.2064376 9.25213 -3.3060048 -6.348992 -2.779574 8.455831 -0.8200411 -13.148155 7.8854184 4.1296563 0.05401874 -1.4267716 -0.96636474 2.5636783 -5.10701 -2.0609648 -2.5443993 1.8870595
california 4.3317566 6.8137503 -4.61462 4.6877255 -0.7325191 -2.8852863 -1.06377 -3.5832071 -3.9027457 -4.374733 5.75262 2.6745484 -1.7205362 -9.154889 1.9763678 1.0608641 0.1358656 -5.7686663 -5.727693 4.434039
washington 6.074229 2.529607 -5.086824 11.266052 -0.19399983 -8.47707 3.121062 2.4434361 -3.3242352 -8.675888 4.149858 3.0996099 -0.111457355 -4.483999 -0.06124468 7.0412493 -0.24857135 -6.522891 -4.866473 4.413433
conference 9.991876 2.8862622 -4.714439 12.081049 0.33777636 -5.712928 -3.2436795 9.397914 0.96653664 1.2220209 1.0523939 3.3523593 -2.839004 -6.903484 4.4836097 2.7215023 5.859333 2.844773 -0.77152866 5.122834
texas 5.5449724 4.4601917 -4.5038652 7.9076247 1.587234 -7.192456 -0.88614684 -1.7284411 -3.6913629 -5.0289283 4.5956197 1.4441983 -1.795902 -9.062505 2.2131488 3.1661863 -0.47514498 -4.644917 -4.2276673 2.1900778
chicago 5.9825773 6.2219934 -3.5102096 5.99218 -0.5292854 -4.6963468 -0.8676052 3.6800642 -2.3777046 -10.2575035 4.8108373 1.0243105 1.5072718 -5.9215455 2.9204433 3.664794 -2.1852865 -3.2991135 -0.88552004 1.1433487
virginia 1.4658865 3.2591035 -7.1894507 13.420027 2.8151298 -6.703797 0.5755331 -1.887773 -1.7336143 -4.7838216 5.9357047 2.0988965 -0.7864042 -3.106151 0.6564939 3.828294 -0.086513154 -5.6081443 -3.5918305 0.36554772
pennsylvania 1.5906336 6.165176 -2.6630335 13.725653 -0.60043806 -5.765425 -4.3482733 -6.7561 -0.34096545 -6.123171 2.2337298 6.486214 -4.318296 -2.1379921 3.9017124 3.1357026 0.30197406 -5.4327946 -1.6380361 1.2604915
florida 5.263789 5.812409 -7.1977844 6.7782373 0.72065485 -6.3250637 -0.8269838 -2.363823 -3.8618913 -2.336096 5.7553225 0.6746063 -2.371971 -8.897518 2.1913743 3.325171 2.0930328 -5.5719676 -3.6721663 3.1526434
carolina 4.13619 -0.03258801 -8.30543 13.622926 6.1124926 -6.602906 -1.9960164 0.13333626 -2.6749692 -4.995838 8.041092 4.3429656 1.4694719 -8.176776 -0.3560021 2.3322515 0.8177896 -4.126706 -1.9714962 0.47862285
boston 2.9422026 5.952641 -5.8445077 6.7833343 -0.11948031 -5.2071342 -0.4330273 2.4140813 -0.8403437 -9.775195 5.5229106 2.1283114 1.5757926 -3.341586 2.1205091 4.046334 0.2193806 -3.3668358 0.05533721 1.7525619
ohio 3.796338 5.889526 -3.4382074 11.806648 2.2598488 -6.916588 -3.90257 -3.5090957 -4.060427 -5.3947597 6.0246224 1.7652057 -0.18559515 -5.052843 3.1293917 3.3713121 -0.85085493 -4.1956553 -3.3317144 2.0480552
jersey 2.3097959 7.818838 -6.3139014 9.089171 0.7526381 -9.238069 -3.5357256 1.5274523 -3.2474453 -4.682858 6.378177 5.268211 0.5677126 -1.3275388 2.980483 2.1931005 -2.9055133 0.518516 -0.3707446 0.94635266
michigan 4.400279 4.6508837 -2.9793758 10.172618 2.645854 -6.471459 -3.710489 -2.6002612 -4.2651668 -4.158915 5.603174 3.3935375 -0.49955305 -6.7470465 4.4247556 4.6609225 3.0777776 -4.1388235 -2.102581 1.2295319
columbia -1.9046803 2.667614 -8.026752 7.110211 -0.7736174 -4.615263 -2.6184144 1.5806746 1.1192496 -2.6512892 4.040491 8.090394 1.5591381 -3.9772496 -0.52379775 0.73204154 -2.744246 -4.115456 -1.1708857 4.699024
georgia 2.8039997 3.2442565 -4.3543515 9.08976 2.952585 -4.817807 -1.7817092 -0.44192812 -1.6356896 -1.0592651 4.772859 -0.5832224 0.2836946 -5.409831 1.2892555 1.5686723 0.12536831 -1.1732094 -3.0152206 4.005676
illinois 3.3125942 5.581336 -2.9512646 11.8159 1.6001459 -5.3117814 -2.9788258 -3.3909585 -3.333069 -6.253393 4.263573 2.0288863 -0.022068718 -5.792021 4.147761 1.5756011 -1.8412695 -4.1463046 -4.4955273 2.3091693
massachusetts -2.571117 6.5696177 -5.7478156 13.134582 0.053559925 -3.8503704 -1.3914471 -3.0300555 -0.9199214 -7.375855 4.860753 4.4105678 -0.08334109 -1.0170195 1.8387581 2.0168543 -2.0994673 -5.680499 -2.8704739 1.8871071
philadelphia 5.1131597 6.097187 -4.5687985 7.5005746 0.3202186 -5.4669456 -1.8189652 1.1631498 -1.2275984 -9.398569 5.823181 0.6071966 1.7224098 -2.9382315 3.5325577 3.85733 -1.4017434 -3.7082798 -1.2698556 1.3813362
toronto 1.8856635 5.7122188 -6.8523703 3.4626503 -2.0136385 -3.6560285 -5.752038 5.1279325 -3.0495431 -4.9528284 3.4336855 3.0608292 0.8233856 -5.489927 3.226028 0.9001557 -0.036243293 -1.9179176 -0.5809761 2.297564
kansas 6.779084 4.909569 -4.8516293 9.577915 1.9949181 -7.2563467 -4.1001964 -0.3124156 -5.199483 -6.93411 5.9595814 -2.1547568 -1.6430364 -5.8601 1.9084027 5.0154543 -0.14465256 -3.2897587 -3.6197147 0.8216654
minnesota 4.5233707 4.8727617 -2.0246496 8.091101 2.506759 -6.254151 -4.1307826 -2.0816972 -2.9090705 -3.9881392 4.8946857 0.9956905 1.5230812 -7.223716 4.498953 3.841315 -0.52015334 -2.1245234 -4.1425295 0.8424778
missouri 4.4936657 3.3615947 -3.13778 12.625942 2.6524463 -6.224019 -1.5241686 -2.8611925 -3.7460487 -3.7216032 5.729218 1.1736879 1.1078954 -4.0330687 0.91742676 3.5097394 -0.4310131 -4.1866527 -5.42197 0.5906369
indiana 4.934311 4.503164 -3.3984776 9.739801 1.3085191 -6.4235506 -1.8042138 -3.0746274 -3.449686 -6.327709 4.089479 2.635643 1.6477578 -5.28952 4.0333085 3.816961 0.142997 -3.811313 -4.9787807 0.4071086
tennessee 3.753181 4.99243 -4.0761905 11.662115 3.4950142 -7.810769 -0.60375506 -1.4025546 -3.0172834 -5.828131 5.901639 -0.1872831 1.0495554 -6.8956 1.0658885 2.378801 -0.454829 -2.9960337 -1.1612324 1.3413547
colorado 4.6206417 6.231764 -3.608723 5.8678093 0.16400613 -4.8510823 -3.0804021 -3.9296346 -5.621331 -2.0230696 5.18705 1.1402967 0.09172549 -8.189124 1.442728 3.5888734 0.6133069 -3.831285 -4.13024 3.3920414
wisconsin 1.8830047 4.688244 -2.336506 9.790085 2.498684 -5.8795586 -4.5191154 -5.7067747 -4.652902 -5.6680145 4.727282 3.3972518 0.13525212 -5.059295 5.0373125 2.5240104 -1.7268915 -3.4595125 -5.72468 1.7575091
maryland 2.1677814 4.456017 -5.3616433 11.827972 0.94268376 -6.04889 -0.6483591 -3.4817805 -2.8073578 -4.0095587 4.1608853 2.1775393 -0.09985447 -2.219858 2.4260058 4.8063855 0.6608476 -4.650903 -4.2244573 1.7301046
oregon 3.1635096 5.8828917 -5.0603437 8.768583 0.6533083 -6.495361 -1.1936868 -3.534497 -4.1804385 -4.0204787 5.324238 4.425012 -1.6370109 -6.3391504 0.72155493 4.170098 -0.29317486 -3.7535565 -3.515168 2.8549845
arizona 6.5958443 4.8190913 -4.2346063 6.378039 1.3401653 -7.3593936 -1.1042979 -2.776472 -3.764647 -3.0043542 5.04242 0.3062795 -1.5812529 -8.968539 1.9962599 3.6299953 0.86770505 -3.5822954 -5.2935877 3.171821
kentucky 2.1497672 4.169258 -5.839119 10.117701 3.5021544 -7.6927357 -1.6679131 -3.132306 -2.064007 -4.256587 5.9806676 2.6072624 -0.707395 -4.139426 2.9528732 4.2912917 1.382763 -3.0422165 -3.1816196 -1.6506399
houston 4.53526 4.902665 -2.740253 4.1182547 -0.044634398 -6.6791077 -2.308442 1.370676 -5.0646167 -6.3450246 3.3351653 -1.0765777 0.15109861 -8.389694 3.2229798 3.0288801 0.035061255 -4.0130672 -2.5005043 1.9217639
louisiana 5.596977 1.8198618 -3.9392848 10.485102 2.5798087 -5.2064734 -1.7244387 -3.0559235 -2.5002403 -4.6133366 4.998382 2.323525 -1.7480836 -4.3423343 0.4685729 4.2257695 -2.458315 -3.7923741 -6.213568 0.28488082
detroit 5.8323116 5.849668 -4.5722747 4.7012377 0.88837343 -6.9706273 -2.965681 1.333555 -4.234572 -6.2894316 5.8638277 -1.2246426 1.5830545 -5.673268 2.9192166 3.4525418 -1.9821537 -3.054021 0.8400586 0.54242975
iowa 4.5618944 3.8048623 -2.4558427 10.511457 2.2428558 -6.5740757 -3.2822795 -2.8927042 -3.3530416 -5.508855 4.483393 2.968686 -0.82903934 -6.2158327 3.1476023 3.6574693 1.3515209 -3.7383928 -4.04088 0.2655287
oklahoma 4.3642187 4.6498966 -4.0354605 9.4223 2.2410877 -6.7346144 -2.0516794 -1.6447994 -4.168442 -4.5131145 4.235097 0.26382378 -2.4325159 -7.935223 1.6736094 3.6447556 -0.12897821 -2.7089784 -4.3117943 1.1961727
alabama 2.7578793 4.8035836 -4.081743 10.8508005 3.0490859 -8.73809 -0.40673152 -2.1455224 -3.0867436 -3.8328745 4.517769 0.95556206 -1.3153336 -6.775979 2.6828766 2.8778746 0.7334431 -3.3900867 -1.209937 1.4052963
mississippi 3.512159 2.9244359 -3.9574668 10.957711 3.8689728 -6.0314727 -0.32768962 -4.227484 -3.98601 -3.0901358 6.966782 0.9264267 -0.6834991 -5.472563 -3.0465543 3.7548156 -1.0510752 -3.781366 -2.6577272 1.0427171
miami 5.3682375 5.6692014 -4.5220556 1.878685 -0.40920606 -5.6007104 -2.018075 1.4227616 -4.480658 -4.9206367 5.204374 -1.4263697 -0.1673133 -9.4826145 1.7205247 2.2449152 3.2190485 -3.9128563 -2.6956646 3.8971884
lincoln 1.4831727 2.598135 -2.3448892 8.813114 -0.2196155 -3.9150996 0.37109134 3.8092263 -4.4873924 -5.9607506 3.5476265 1.3073902 0.8810378 0.8183396 0.420837 4.1068234 -0.020086266 -3.3753843 -3.8150475 -1.1044583
montreal 4.67012 1.9556928 -5.5385222 2.1714346 -1.464801 -1.7396381 -7.7365627 5.510922 -1.8685133 -3.8838978 5.425056 1.6830891 1.0040927 -1.5045929 2.502211 1.5602908 -0.7500105 -4.2855105 -2.7429342 1.5963461
connecticut 0.2593026 6.278446 -5.1744037 10.827804 1.0160055 -4.6339264 -2.5910733 -2.5898166 -1.8223193 -6.8354306 5.9658766 3.782956 -0.04127522 -1.8308342 1.4166951 1.5170368 -1.6235656 -3.8454142 -2.350027 0.6579268
atlanta 5.985263 5.450827 -5.281893 4.7543592 0.14845248 -7.344256 -2.220143 2.1566675 -3.684279 -4.9199386 4.037411 -2.2769282 0.5246704 -8.19272 2.7576063 1.309875 0.55602175 -2.6074288 -0.9305452 3.479037
cleveland 4.805529 5.973056 -3.5223372 7.0427623 1.5130057 -6.8641706 -3.3272328 1.0436018 -3.461094 -6.807325 5.925542 -1.4420727 0.10117463 -4.7876496 3.235544 5.129998 -2.6924727 -3.1875355 -0.7548516 -0.9401165
seattle 5.372163 6.4937086 -4.513517 4.030631 -1.5534222 -6.259407 -1.4659665 2.9192193 -4.0680556 -6.24686 4.988664 -1.0439554 1.0500213 -6.2559304 0.89520544 2.3653674 -0.57959414 -4.486491 0.07084475 3.253395
baltimore 4.8813677 5.294774 -4.137394 8.286846 0.59797513 -7.1924 -0.95051074 -0.40533683 -2.540083 -7.010404 5.5086856 -0.5307289 1.3903838 -2.72869 1.5873132 4.5076776 -1.1415137 -4.1532145 -1.6229309 1.384866
pittsburgh 6.693867 5.974146 -3.1485333 6.7738028 -0.20404984 -6.1757693 -4.280977 0.32624444 -2.39676 -7.2931604 5.2552743 -0.36947632 1.1899889 -5.602665 3.29786 5.389694 -1.5882893 -5.3820653 0.05949987 0.121775985
dallas 4.6834116 5.192884 -3.460171 3.8880727 0.038820714 -7.712572 -1.3560756 2.7864387 -5.2779903 -6.5500407 3.5667286 -1.7323343 -0.042562634 -8.308466 2.3709986 3.1203477 0.37017044 -3.3531897 -1.8438247 0.20241
arkansas 4.2514496 2.844332 -3.392754 11.7575035 3.3196876 -7.3971434 0.16511197 -3.4907553 -3.3616571 -3.2582967 3.8882194 1.6075425 -0.45734674 -6.558003 0.58356655 3.0824265 -0.7922398 -3.0387733 -2.4104793 -0.62071854
austin 1.0498234 3.2883828 -0.5854687 3.1780663 0.08034918 -5.67745 -1.2014656 3.0841532 -4.600603 -5.359603 2.722258 1.4116011 2.2802212 -7.2312512 2.468955 2.475449 -0.055007797 -3.5927577 -3.238672 0.16968581
orleans 6.5365286 10.088628 -4.0205493 7.909991 -0.7472867 -6.3333726 -1.4557964 4.864034 -2.186361 -7.460626 8.484896 -1.3456103 1.8280089 -1.724712 -0.114963636 1.7095289 -4.804409 -0.51828164 -2.5454862 0.4208288
brooklyn 3.6981177 5.955716 -4.128499 4.851617 -0.4239367 -2.3958523 -1.0832975 1.9466047 -4.3708954 -11.256153 6.094142 1.3661245 2.6349304 -3.8757854 0.32633564 1.499632 -1.1828856 -2.9618526 -2.1888351 0.23870331
utah 4.340477 5.1076345 -2.951219 7.2807026 1.9323807 -4.7324114 -2.3009164 -3.191926 -3.7307858 -3.3187325 5.320854 1.9556379 -0.62592435 -6.9634075 0.63211346 3.4585617 -0.13885646 -0.98835087 -4.710568 2.3785355
richmond 0.06261629 3.7305262 -6.6837683 8.457916 0.7296225 -4.3076706 -2.4206874 1.044239 -4.3706927 -3.7526934 4.7714605 0.097275935 0.92218775 0.17529576 1.7763349 3.007415 0.95687056 -4.1369753 -0.39466622 -2.0619733
portland 3.7854288 7.4232907 -6.2001014 5.630942 -1.4580064 -5.7585325 -2.6531858 -1.1151545 -5.6941123 -4.788343 5.8547473 1.9333102 2.2501915 -3.1182883 0.9540662 2.346202 -0.93000233 -3.7884862 -0.49526408 1.5602707
vancouver 1.3959728 4.8058167 -9.340878 2.894898 -1.6811503 -3.5705462 -4.142817 3.6666467 -1.2451307 -2.413696 5.049522 2.6924193 1.944209 -4.9079 0.12501049 -0.46466944 -0.12628746 -3.0630026 0.29629704 3.5296464
buffalo 3.8067844 6.2752533 -5.4509444 4.0770683 1.8701161 -7.4820685 -0.70812124 -1.7099946 -3.4257874 -4.401184 6.8489904 1.4883226 1.3719912 -4.4954247 1.4822714 5.310794 -2.086625 -0.8283003 0.17718503 -0.61323214
maine 0.23517428 3.6094947 -5.7252655 8.844655 1.0224229 -4.4638224 -2.1799784 -3.8436472 -1.6983455 -3.8493724 5.73888 4.3687177 0.27099583 -1.2762363 -0.51448804 1.4892856 -1.4225838 -4.400765 -3.755587 0.21151963
phoenix 3.587046 4.206603 -3.821273 0.6079419 -0.9867285 -5.4502797 -0.115241945 2.1114967 -4.503672 -1.9623467 4.3475995 0.3460828 2.3028135 -5.371978 0.6047559 2.494829 2.2315464 -2.6510658 -1.8534827 2.4246638
cincinnati 6.1324596 5.7553306 -2.8192766 6.3690257 1.4758705 -6.7298245 -3.8105443 0.094621964 -1.9401846 -7.822799 6.1911683 -0.6340375 1.9500076 -4.759437 4.415253 4.4369106 -0.5231831 -2.8537068 -0.9869418 1.0158992
tech 3.5481167 3.6375196 -1.4121159 5.223519 0.652349 -6.0239677 -2.011668 0.76075804 -3.497378 -3.4179902 1.2868476 4.1521873 -0.7764468 -10.172407 4.080128 5.6708007 2.9395566 -2.138386 2.4417498 4.4002123
dakota 2.4685094 -1.170427 -6.9828873 9.998393 4.852348 -6.4102826 -1.171928 -1.5638239 -3.7054334 -2.3531582 5.9244075 5.167892 0.5151401 -7.1968946 -2.2838104 1.5343012 -1.8993402 -2.451472 -3.5401087 0.61817706
nevada 3.9104912 4.0201144 -4.640261 3.6745543 -0.5221804 -6.0686693 -0.98303324 -3.8060493 -5.95986 0.5016288 3.020259 1.4161303 -3.040393 -7.9816356 -0.114475325 2.4053788 0.504148 -3.3352005 -5.968493 2.0259612
madison 2.6351786 4.9364777 -1.7804884 5.3556504 -0.3304358 -5.211422 -1.0615418 1.167811 -6.4718657 -6.576536 2.5626512 2.6554222 1.9164822 -3.6425943 2.7376504 2.9869912 2.3843005 0.36918133 -6.682682 -1.4922686
denver 4.5191684 6.5441976 -2.8759544 4.3278103 -1.082402 -6.3084188 -2.9717193 0.56073743 -5.427841 -5.294854 4.3046017 -0.24456458 0.158173 -6.6036077 2.3137987 3.082868 -0.13471273 -3.8931625 -1.7506956 2.68816
nebraska 3.5628474 4.5665994 -2.3597202 10.200019 2.5662816 -6.855806 -1.9745661 -2.1719375 -2.3878458 -3.3732905 4.5203257 0.26700366 -1.7733235 -6.339939 2.4045048 4.0661907 1.3734499 -3.145265 -3.7358956 -0.36896867
jefferson 0.74273556 2.2101002 -0.94617695 9.49164 1.4579762 -4.975635 1.1043943 -0.5703728 -2.9374187 -5.8013387 3.1733682 2.1416295 0.44044748 -1.3734429 0.73292196 5.5849195 -2.37876 -3.2820735 -5.6745434 -1.8962349
delaware 2.6975923 2.722552 -5.0889387 10.100409 0.9721604 -6.224762 -2.4244869 -4.5520205 -5.0012097 -2.4740355 4.8400807 4.3698993 -0.81635386 -0.6211829 -0.69680816 3.5789466 -1.9643385 -4.068363 -2.7716734 0.21317115
affiliate 6.929915 1.5124778 -6.6008363 4.641003 0.11506226 -9.734838 -6.5702586 0.48634455 -4.072878 -4.681381 0.10320614 0.37178043 -3.9907124 -11.298869 3.6473403 -0.14759268 -6.8553195 -4.7625318 3.3937037 4.3500276
ottawa 2.847821 2.6798837 -6.861358 5.449098 0.09798359 -4.237778 -6.268624 2.7820404 -3.2849786 -2.32951 3.767064 2.231621 0.09712326 -2.390619 2.9032266 3.2124398 -1.3027607 -1.7901334 -1.9454015 0.659335
nashville 5.0149293 5.704906 -2.4382834 5.226129 2.144866 -8.762049 -2.122946 1.3915635 -3.1243215 -10.416408 5.623546 -0.012080273 2.139468 -8.049536 1.8639479 -0.23438354 -2.2629387 -1.352677 0.42840114 1.9074236
vermont -0.2564307 3.427544 -4.1164193 11.012403 1.6928413 -4.442941 -2.6273081 -3.3303568 -1.6319138 -5.9523277 3.8454075 4.945238 -0.56227726 -1.7245437 0.9887651 1.5786248 -1.4321318 -2.4438903 -3.1334326 -0.5642705
montana 1.1626978 2.9379344 -4.025111 4.5029016 2.2212672 -5.2655945 -0.8244691 -3.9726193 -3.2879367 -1.8973795 4.67375 2.8886683 -0.4639778 -7.441429 -0.41434515 2.241422 -0.9503498 -2.3379974 -4.856526 -0.061891463
columbus 5.296571 3.417244 -4.858634 4.7613173 0.3229702 -5.8324447 -0.48209494 -0.16099367 -2.9404254 -4.856899 5.4818764 -0.03588109 3.332085 -3.0650423 1.6744972 3.2424743 -0.20800115 -4.023043 -4.177924 1.5903696
oakland 6.7945037 6.1666894 -4.444059 4.3955503 -0.05619631 -6.032497 -2.331513 -0.9749176 -5.236382 -5.3375845 5.088258 -2.5318015 0.4965997 -6.7444406 3.7121053 4.0071526 0.9548938 -4.3066053 -2.1135843 1.3265446
milwaukee 6.298493 4.9170356 -2.7104306 5.8588533 0.23351364 -6.9810324 -4.8486657 -1.5010903 -4.073132 -6.8595076 4.608342 0.079483606 1.9459885 -3.9464288 5.007027 2.4006073 -2.3481607 -4.2622147 -1.9681792 0.79253864
penn 1.55268 1.7796971 -0.86879903 7.899977 2.1766434 -5.4868307 -3.4850323 1.4742684 -4.38296 -4.61527 4.0005193 4.142874 -1.5645071 -4.5391397 2.0248468 6.586705 3.4372463 -3.5078354 -1.8078189 -0.124013245
tampa 9.193792 6.2149787 -6.506201 2.972321 -0.5119425 -9.694574 -1.512659 0.62941074 -6.8771725 -1.2300619 7.5679927 -4.827906 2.9328332 -8.842943 1.0157759 4.3789015 0.33142516 -7.4460015 -0.6755878 1.0490204
princeton 1.4397792 1.6198223 0.7547078 8.768226 1.0968586 -2.5465677 -2.9252932 0.7515196 1.4236213 -7.7953625 3.156881 5.257325 2.9654799 -5.0096145 3.735477 5.491532 3.8464298 -4.27269 -1.9071292 3.657166
capitol 6.35839 6.2324824 -3.235854 7.1935472 -2.865547 -7.515601 1.2541981 3.1251478 -5.388425 -5.729165 1.5363411 1.0750961 0.91447943 0.4942092 -0.61329997 0.5063176 -2.3144124 2.229614 -4.043239 1.0291252
idaho 2.993916 4.436222 -3.7548034 7.1974893 2.0941548 -6.1826863 -1.2725018 -4.6186476 -4.2872505 -1.066392 4.1475964 1.3157835 -1.3365326 -7.5381885 1.2555071 2.1506028 0.046924777 -1.8409011 -4.758321 2.2516856
memphis 4.806465 4.540495 -3.1899738 5.1156397 2.509765 -6.833421 -1.2068443 0.79317355 -3.2365644 -6.655848 5.5697584 -1.1291639 1.9860362 -6.412164 1.1835577 0.57361466 -0.4267321 -0.45160756 -1.3686547 1.367465
albany 2.211193 3.9137836 -4.082946 8.715933 0.63807356 -4.243629 -4.035306 -0.8287171 -3.2466547 -5.5657716 5.985286 2.9760208 0.41594756 0.33823043 -0.8904921 1.8643893 -1.8427211 -2.555833 -2.745892 0.7966443
calgary 1.4144858 5.6440563 -6.5052533 4.0893087 0.09598097 -5.2472568 -6.261501 2.0435445 -3.8419807 0.17255116 3.478301 -0.2789071 1.2698613 -5.9636807 4.010172 1.2362394 -0.42663288 -0.7008541 0.731627 2.4659798
orlando 5.1033893 4.795993 -2.897391 -0.22772093 -1.3605206 -4.48306 -1.1278543 4.0369906 -4.9835677 -2.3098705 3.3126187 -3.9553773 2.21386 -8.621551 1.7808472 2.178934 0.42227346 -2.735237 -4.0220284 1.8884856
springfield 2.4059854 4.1273127 -3.340195 7.13925 1.556539 -5.6112504 -0.3407728 -1.9708992 -4.2143464 -7.1367292 3.9461427 0.7387043 1.2612303 -3.3849657 1.4987868 1.4518018 -1.8347222 -2.856114 0.24667113 -0.75300795
rochester 2.3702574 4.5349007 -2.8069184 7.3975687 0.59298235 -3.3920906 -4.7045565 -0.22419268 -2.704109 -7.0719414 4.983757 1.9879056 2.6333158 -1.415748 2.6877792 2.9104166 -0.66392803 -2.6727996 -0.8233934 0.7809031
edmonton 1.9032855 5.256142 -6.494989 4.6244855 -0.15461656 -5.2016883 -8.076755 1.4026139 -4.6096315 -0.047929212 3.277552 0.5164483 0.3947345 -4.3572307 4.24675 0.5658879 -1.3958207 -1.0440562 0.42156756 0.4827351
wyoming 2.5173595 3.3392313 -4.220058 8.227005 1.8588747 -6.2528753 -0.21179171 -5.679696 -3.3787284 -1.7600955 4.206004 2.5913732 -0.3633984 -6.3049555 -0.60215443 2.9229586 -1.3540308 -3.4234943 -3.6705127 0.21373324
charleston 1.8692393 2.675874 -6.5312743 8.201892 1.8711162 -6.0817223 -0.33289933 -0.6757894 -2.2667158 -3.4579897 6.5658946 -1.427005 2.3421817 -1.8182657 -0.9566421 0.44114137 0.016667519 -5.4566836 -0.22089817 2.7516112
winnipeg 0.987891 3.0955827 -7.038057 4.6647654 1.9032896 -5.9721904 -5.506937 2.1069899 -3.6286223 -0.98461634 4.364726 1.1396829 2.565276 -4.8881826 4.045786 0.47903717 -2.6706347 -1.0482361 0.9796297 2.4383838
syracuse 5.7817945 2.7215168 -1.583483 6.507095 2.1577692 -3.568134 -3.790251 0.25876695 -1.2350187 -4.4020767 7.0977664 -0.14235234 2.3895483 -2.6150944 1.1112648 4.837026 1.7394594 -2.9499931 -2.489866 2.0185232
louisville 4.780257 4.2638807 -4.412917 7.6796103 1.8485049 -6.467142 -2.4191206 -1.3280334 -2.8458815 -6.5603456 4.582421 -0.2041956 0.8282989 -4.901217 3.844663 3.2874465 0.4070181 -3.189288 -1.9223502 0.8146816
sacramento 5.543339 3.838916 -4.4896636 3.873271 0.8855072 -5.0109906 -3.2484748 -1.9572895 -5.715581 -3.0220501 5.0705266 -0.26468638 -1.1010566 -6.115135 0.6448659 1.7857975 0.82852197 -2.5081403 -3.7884371 1.7429191
minneapolis 4.5456223 5.440673 -1.6763546 6.4266872 -1.0992782 -3.070291 -2.9896934 1.2178589 -4.804974 -7.1201143 2.7478805 0.47194418 2.8227487 -5.4644217 3.3137207 -0.07414157 -2.367835 -2.8255544 -3.266181 1.7770463
jacksonville 5.3735957 5.4678307 -4.3243136 5.4525347 0.4710885 -7.643477 -2.991084 -1.8574986 -5.43775 -3.4024348 5.314153 -2.6105425 0.09146244 -6.7047043 3.396558 2.5541272 0.50999147 -5.861053 -0.86098444 3.285772
georgetown 1.7971709 1.4982901 -3.211045 8.460642 1.5678422 -2.07311 -2.2897122 -1.481674 -1.8386785 -4.211686 2.9390619 0.92773676 -0.8138722 -3.8608856 2.2709734 3.9224908 4.1662 -3.5295365 -3.000228 2.0962753
erie 4.747476 3.3917246 -3.050525 6.5649095 0.30082238 -5.4503984 -4.4492073 -4.656515 -7.0441055 -2.6221628 7.0177536 1.8206255 1.1947968 -0.79986656 -2.1092982 4.003736 -1.7886835 -6.181247 -0.39427477 0.5623967
midwest 7.399472 3.1131058 -6.160203 4.438287 1.4777368 -2.3827143 -4.236886 -1.6495638 -0.7603458 -2.9396424 5.031376 3.5586734 -0.22531967 -7.372938 0.5495485 0.2569018 -2.7208648 -1.7104136 2.8934195 0.8950707
auburn 2.7155757 4.604858 -2.059815 8.485484 2.4177608 -4.9625397 -2.256097 -0.80800897 -3.9700217 -3.864768 4.2586513 0.29151022 0.71709526 -5.8515263 2.9135013 3.864068 5.151864 -1.6468878 -0.21647789 -0.5194978
omaha 5.663135 3.8483746 -5.889547 6.288995 1.148452 -4.8864365 -1.1131305 -1.2925497 -3.3629675 -4.8397455 4.3660808 -0.46587446 -0.15685615 -4.794436 1.7700665 2.5513299 -2.3533144 -2.831775 -2.6898992 0.38705322
hartford 2.6272721 4.860541 -2.8604274 7.4308543 0.40548918 -4.806156 -3.8984406 -1.1887397 -2.315083 -8.217619 4.8744946 2.0166214 2.2826388 -2.2930913 1.3262726 2.2966056 -2.3164268 -3.2236617 -0.9549083 0.8660033
newark 1.8028044 4.3008394 -4.555474 7.682627 -0.47424054 -4.496558 -3.7848847 -0.23155804 -5.1018553 -6.7698197 3.7336895 1.9202615 0.5186828 -0.7052447 1.0510623 1.4759496 -1.0759169 -2.772554 -1.7227182 1.1334236
lafayette 4.2313237 0.6959578 -2.8497026 7.44616 1.5733215 -2.865734 -0.73404217 -0.25957388 -4.9377923 -5.2162695 3.9291375 0.19572777 2.1643388 -2.0457706 2.3837385 2.733261 0.054833718 -3.9613104 -5.327228 -0.59255123
lexington 2.4688623 2.8636491 -5.8906593 8.216131 1.0526011 -5.940867 0.62283564 -2.923269 -2.7524185 -6.0619774 4.1749682 0.48572505 1.8860406 -2.194027 0.6911022 1.617748 0.08589395 -4.686569 -2.9260335 0.2786945
vanderbilt 1.4503986 2.927437 0.2643442 5.141002 2.3611836 -4.225365 -1.8779067 -0.5189605 -0.86421704 -4.8902216 5.86847 1.8252022 2.2192879 -3.545698 4.937429 7.6951184 4.4793077 -4.4311333 -3.0574083 -0.5522512
dayton 3.5764668 3.2077935 -2.206742 5.7338753 0.6707238 -5.4221125 -3.1861112 -1.0203431 -3.8955193 -5.057679 3.4524267 -0.10649457 1.670619 -4.3943415 2.4187942 2.542368 -1.8554459 -3.4177454 -2.01375 3.021191
burlington 1.7294593 3.912879 -4.3999157 6.947737 0.30448666 -4.8358746 -3.9990919 -2.5878658 -5.915714 -5.842272 4.062793 3.9007044 1.5791528 -0.38298 2.3222134 -0.108840466 -2.9832356 -2.1212351 -1.3771172 -0.10725375
tulsa 4.7803693 5.937016 -3.2546077 5.1882257 0.1974952 -5.216305 -2.242681 -0.0073418277 -3.6717792 -4.405485 3.4442017 -1.655999 -0.33247837 -8.299473 2.9187098 2.0664394 0.6015088 -2.8917768 -1.8781942 2.5348608
sioux 4.323107 1.1365739 -5.783968 7.085743 5.4028616 -4.715976 2.6350331 -0.76112396 -4.4009495 -2.6322277 7.742559 -0.5657414 -1.0595012 -5.601827 -3.8367255 2.338682 -1.2880723 0.013949417 -4.1007075 0.65351015
wilmington 1.0423661 4.0806947 -4.648776 7.5721107 0.25352004 -6.020935 -2.673 -2.3953285 -4.526763 -3.5882068 4.908348 0.120482124 1.9462146 -2.6223824 -0.5999737 0.6997107 -1.9393908 -5.4451184 -1.4290851 2.2073677
potomac 2.6357286 0.6286152 -4.4881525 10.236264 1.1344756 -5.9940243 1.6360749 -4.1637673 -5.60172 -0.6016353 5.144507 -0.5725957 2.189997 -0.0043937247 -4.925302 4.6532574 -0.30352107 -6.1718235 -0.99188066 1.2909669
coliseum 5.936449 8.3935 -6.011132 2.587212 -4.437843 -6.181032 -1.6796402 5.2046514 -8.937664 -0.95274514 0.7523177 -4.167303 1.9641452 -3.7673764 4.4125643 0.9889267 3.6545095 0.5444428 -3.9322414 -0.56184006
tucson 5.6709094 4.539539 -3.1107547 3.1575863 -0.40841344 -4.379793 -0.15383312 -2.3079638 -4.5059967 -4.955139 3.7577908 -2.0615513 -0.96171814 -7.2639422 1.4909546 0.085087925 0.36255565 -4.6017346 -4.174857 3.4558663
appalachian 6.5991864 0.99386543 -3.957006 7.126743 2.3156781 1.5639725 -3.2229254 -3.2384343 -1.3420563 -2.1897314 3.7952206 4.130131 2.5266256 -9.371421 -2.851294 3.6268358 -0.11915592 -0.5858858 0.46635067 -2.3096085
wichita 4.120103 3.0968008 -3.033887 5.957942 2.3709807 -5.536174 -1.6788998 -2.4213464 -5.403114 -4.164933 4.808436 -0.31060702 -0.3981127 -7.6747546 1.2815866 0.887204 0.7382628 -3.980293 -1.7563128 2.4669755
chesapeake 2.8472695 2.9242172 -6.164067 6.273677 -0.995805 -4.700872 1.5297037 -4.575063 -4.5726194 0.24050213 5.924299 1.4184335 1.5661097 -1.2870108 -3.7206273 3.9517808 -1.7869993 -8.088929 0.134033 2.2901976
fresno 5.4710703 3.0359786 -2.3408782 4.3538675 1.7682661 -4.6692467 -4.0855064 -2.489639 -4.7584214 -3.3233435 3.991986 -0.33691645 -2.4565256 -8.942687 2.3756523 1.7923738 2.3300362 -2.8348286 -3.9609458 1.8381515
knoxville 3.18328 3.5008082 -3.4018118 7.888281 1.5540016 -5.889435 -0.497104 -0.4041009 -3.4025571 -5.986428 3.7823973 -1.1513541 0.9905484 -4.5019193 0.6443777 0.863316 -2.7762623 -3.3046336 -1.0006007 0.91544324
anaheim 8.235708 7.198774 -3.5141914 -1.143312 -1.1193517 -7.742059 -2.8107135 0.5463149 -5.3078213 -1.8110924 4.944467 -3.6650622 2.9031594 -7.9201202 3.235426 3.2853785 1.4058692 0.19565924 -3.9767084 0.6442238
greenville 2.0400777 2.8630102 -4.1747417 7.914356 1.803016 -4.8308377 -3.5947165 -2.3758957 -4.495376 -4.461303 4.1633396 1.1049894 0.9616592 -5.037042 0.36282676 0.054704163 -1.1706878 -3.3001804 -1.382751 1.3758332
spokane 3.1892622 4.3997474 -3.9735942 6.2265606 0.472252 -4.545474 -1.841266 -0.49424645 -4.5121503 -3.0322752 3.7102027 -1.7265282 0.43627894 -5.9245 0.5094876 1.4802563 -0.7140721 -3.404097 -1.2279654 2.1450787
trenton 2.1726294 2.6242592 -3.75295 7.7570972 1.3257589 -6.7880983 -1.9943814 -1.544447 -3.8410125 -4.494901 4.920078 0.14380829 2.6817162 -1.408999 -0.58738613 1.436771 -0.8995425 -4.038708 -0.24294347 1.5616124
boise 4.950593 3.2742186 -2.66664 6.183681 1.3942167 -6.673121 -3.2298086 -2.7896297 -5.8029537 -2.8953953 3.4023972 0.16647047 -1.622148 -6.845396 2.442034 3.4248338 2.6794078 -2.7405112 -3.289014 2.685189
akron 4.453722 4.217737 -1.3313909 5.4210143 1.0652007 -5.3052983 -3.9626844 -2.3419843 -4.196601 -5.523364 3.9116569 0.90706736 1.9721994 -5.3760514 3.928597 3.0805686 -0.28972527 -2.9736907 -0.86364895 1.4347962
chattanooga 4.6432624 2.2130015 -3.438671 8.02731 2.510623 -6.568171 -0.8066379 -1.1645253 -4.218156 -4.5464115 4.572069 -3.1784012 1.761308 -4.5461044 0.3459079 1.388602 -1.6831787 -4.272116 0.8373366 2.8495781
tacoma 3.5144355 5.24056 -3.6146262 4.846093 -1.8524288 -5.8309684 -1.2369896 -0.9693014 -4.9829073 -3.7436473 3.756344 -0.9104172 2.4406679 -4.767592 -0.45556515 0.5344762 -0.9872029 -5.9624515 0.5669224 2.958917
roanoke 2.6738322 1.5807269 -5.3886223 7.573601 1.1303645 -3.6549559 -0.14505164 -2.6741467 -3.7248197 -4.7973475 4.5158114 1.3312943 0.42005306 -3.030325 -2.1300004 1.4398088 -1.5588827 -4.3523536 -1.7405761 -0.40237036
pensacola 3.3748832 1.7117565 -5.91202 5.6171255 0.65661174 -5.5772834 1.604813 -3.5728123 -3.3275616 -1.9322324 4.1171937 -3.089738 1.7283584 -4.5280385 0.60213214 0.09781331 0.34387422 -7.097603 -1.9987301 4.8961697
shreveport 2.482632 2.3269744 -3.7364757 6.9346876 1.3444095 -5.4523063 -1.267702 -0.9272154 -3.1679726 -5.832517 2.6071405 -1.7120925 -0.76200897 -4.485071 2.074967 1.6003424 -3.3243456 -4.0377913 -4.5425363 0.17003047
macon 1.4195714 2.9213014 -2.872892 6.5746684 2.2552123 -5.273979 -0.63448316 -2.3224795 -3.7753978 -4.7795258 3.7347074 -0.9226873 1.75455 -4.5934734 1.4079205 0.17288041 -1.3076905 -2.9388235 -2.7130358 1.1214015
bloomington 3.7751324 4.553469 -1.0088953 6.597801 0.19706228 -3.241983 -2.813373 -2.2471614 -3.2177436 -6.3288417 1.6352764 0.7107392 1.9555036 -6.457349 3.6602137 -0.24168155 -0.42403772 -1.377184 -3.095619 2.00183
bridgeport 2.161255 4.2219367 -3.062666 5.98703 -0.07783663 -4.9511886 -3.5709903 -2.8606167 -3.6273062 -5.8154573 3.6696565 0.14653459 2.428313 -3.4903073 -0.37829143 0.3866266 -3.104004 -3.8270576 0.50577456 1.8210208
greensboro 2.515025 3.0051599 -4.509652 8.235446 1.4931767 -4.475654 -2.4211006 -0.5016699 -2.6239116 -4.579139 2.133416 -1.0453982 1.5649174 -7.0479274 0.8744638 -0.10767753 -0.20746173 -1.711479 -0.66964525 2.2608764
decatur 1.4108204 2.4908686 -2.3669527 7.2838745 1.3554269 -5.543288 0.6200169 -2.665811 -3.62512 -4.172518 3.0293572 -1.1133713 2.6906774 -3.0771015 1.3077214 0.34552583 -1.735962 -4.018438 -3.2243886 0.89925724
duluth 3.8719802 4.5141587 -2.2974787 5.308459 -0.26975387 -4.5587907 -3.3027084 -2.995374 -5.20755 -3.3512068 4.013231 0.8350699 2.8642228 -4.0433493 1.9077293 0.51049143 -0.872412 -3.7107165 -1.3316796 2.5844045
gainesville 3.1856782 3.8687286 -3.0392008 5.5369215 0.7189331 -3.8068821 -0.41838035 -2.2563262 -3.5954912 -5.649722 2.947263 -1.1152624 0.31231678 -7.2511425 1.6893879 -0.4604999 2.0209117 -2.8526332 -2.684203 3.005917
upstate 3.6168644 5.860585 -3.917485 5.8574123 0.33104396 -1.1234599 -3.9886384 -1.6616645 -1.1274387 -7.102379 5.3623233 1.1990448 -1.2736553 -4.2778144 -2.7127075 1.8573263 -3.2138572 -0.42096797 -1.0089792 0.06275205
scranton 0.63299745 3.2805438 -0.84297246 7.3554187 0.49197242 -4.376444 -1.9730723 -2.6155338 -3.6995058 -7.6391287 2.4474392 0.9566591 -1.791571 -1.551949 0.86776537 1.8919262 -2.0479126 -3.9880533 -1.7636276 0.723711
peoria 5.527795 2.6101747 -2.5264714 6.200309 1.8483068 -4.9521174 -3.5171654 -3.8691185 -3.4926627 -5.572457 3.6701298 -1.7501696 1.0067525 -4.283546 3.5488248 0.44740295 -2.6199517 -3.8593109 -1.2252346 0.8870224
ballpark 7.93551 8.819419 -4.010128 2.3519087 -3.2829716 -4.815089 -2.273987 1.4622496 -7.226003 -2.1782956 3.0595875 -0.29004383 -0.49248967 -2.746589 3.410694 3.955652 1.0766771 -0.48129347 1.0128047 -3.8029478
shenandoah 2.4427044 0.54701644 -4.3254375 8.491205 1.5610479 -2.8023357 0.41883698 -1.1773578 -3.3690844 -2.4889596 4.837477 0.32654655 2.4524932 -3.3623676 -3.8211048 1.5401603 -0.96966225 -4.7412834 -1.5266602 0.6089513
bakersfield 5.243611 3.9066248 -1.8238328 2.9108765 0.8792754 -4.4669943 -2.864724 -1.9902724 -6.053334 -4.5736694 3.3352678 -1.2602303 -0.28405413 -8.597457 1.929919 -1.4755548 -0.39929968 -2.801838 0.032356285 1.7578993
danville 1.2125013 2.578973 -2.7798684 7.464101 1.7249451 -3.6461904 -1.7362531 -3.8356972 -3.8895698 -4.676947 3.5326874 -0.253687 0.110640146 -2.7677429 1.7605228 0.83598125 -0.10567321 -3.9355366 -2.1789613 0.6804213
fayetteville 2.1320448 2.396756 -2.933262 8.279987 1.6054649 -5.252945 -1.6272465 -1.8319331 -3.5843856 -4.284608 2.194435 -0.16441618 0.9579245 -6.0696936 0.57455796 0.092895955 -0.20112772 -2.7114124 -1.6836956 1.5742065
tallahassee 3.2600772 2.9495103 -3.7690008 5.5780573 0.7677059 -4.7255754 -0.18848874 -1.5412374 -4.045459 -3.387368 2.2542665 -1.5307918 -2.1031766 -5.421009 1.1576394 1.0494647 0.35996002 -2.4389288 -4.2547674 1.9318206
binghamton 4.6409807 2.6684744 -1.2738266 5.3361692 0.9801058 -4.6360917 -5.457444 -1.4510248 -2.3016357 -6.392796 4.1371727 0.76732016 1.5793176 -5.0902457 2.4918592 2.2750206 -0.18155289 -3.8758478 -0.550697 1.6320392
evansville 5.1187105 3.6056361 -2.6709478 5.2797675 0.5672288 -5.2750278 -2.9810941 -3.0077102 -3.602196 -4.8674912 3.252864 0.1697198 2.406787 -5.1231923 3.1047494 0.85685295 -1.0479189 -3.165974 -1.762336 1.2593281
charlottesville 2.091082 2.6888227 -4.1162405 7.6666703 0.9061177 -4.42572 0.9437026 -0.22072934 -2.5293508 -5.5498095 1.5526209 -1.2939669 -0.68813276 -4.4134073 -0.1576089 1.0070988 -0.08378316 -1.1757827 -3.6028938 1.8621029
fredericksburg 1.4113665 1.4919035 -4.214498 9.927023 1.0814296 -4.849064 2.3967957 -1.6482693 -2.6039686 -2.363675 3.6599917 -5.04467 2.4391117 0.13862251 -1.5169005 0.5946854 -0.6270528 -5.721025 -2.8244464 0.2992995
wheeling 2.738292 2.4579072 -2.8147693 7.1459513 1.4772327 -4.4844937 -1.3774589 -1.9055895 -3.5017018 -4.44228 3.82782 -0.3181461 1.3221958 -1.9546456 0.051216893 1.2612107 -1.6545157 -2.4911048 -0.040714405 1.0254638
sumter 1.4962214 -0.10611304 -4.0637345 9.092812 2.275691 -5.85028 2.178309 -2.8351464 -2.124118 -2.181265 3.4586954 -4.023117 -0.18211053 -0.089551196 -1.4198779 2.4445267 -1.2206802 -5.1606474 -2.2636793 0.90889984
leavenworth 1.7222646 1.8765457 -3.362302 10.120246 0.8606469 -4.785529 2.5886075 -4.9139247 -2.0120606 -4.218363 1.6147817 -5.4138546 1.0847217 -1.1568421 2.6942675 2.686884 0.6190139 -5.961002 -5.085074 4.149077
tuskegee 0.7057614 1.0477681 -3.630005 7.0649347 1.722615 -1.5687066 4.6774654 -2.768045 3.0131655 -5.601588 1.6916522 -1.0261531 3.0213013 -5.3610706 3.555776 5.2290654 0.08462294 -4.7687817 -1.9909558 5.2395043
schenectady 2.4716008 2.3412793 -2.603567 5.909777 -0.45995966 -2.993741 -5.518737 -1.9068815 -3.2238798 -7.0213346 4.6968904 3.8229325 2.4838076 0.25301883 0.3147498 0.8799671 -3.20132 -3.888663 -1.1298087 2.8266346
tuscaloosa 1.6845667 2.5172088 -4.227865 7.15315 1.0677066 -5.971663 -0.49504256 -2.3085618 -2.9379992 -3.621638 1.4043003 -2.4959571 0.72779197 -4.817321 1.6504829 0.33158365 0.505396 -2.7676008 -1.282102 2.5829227
abilene 3.0286968 2.2165532 -1.2491858 6.54753 2.3762772 -3.687328 -1.7497166 -1.442633 -2.8434958 -5.7802935 2.2170846 -0.58074105 0.9737106 -7.0498405 1.6757514 0.1243259 -0.6114543 -0.74832314 -3.3943436 1.4163163
lynchburg 1.2241182 2.9782674 -3.5583448 8.518642 1.746439 -3.809029 -0.29100537 -2.7892869 -1.6879706 -5.261483 3.617911 -1.6402836 0.56209564 -2.9735432 0.7033984 1.0741899 -1.1822867 -3.95312 -1.2541983 0.7710966
pawtucket 2.4869199 4.0194297 -5.1629834 2.6175795 0.27166164 -5.952047 -0.92921424 -1.4247354 -1.936036 -3.1238568 5.732977 -0.7485082 1.3005455 -2.1892219 0.7265377 1.4759588 -1.660553 -4.6397486 -1.5350236 -1.8516803
towson 1.8379563 2.6798542 -1.5476336 7.745818 0.43906453 -2.460397 -1.9717623 -1.2973987 -3.1406157 -4.681798 0.92686784 -0.84520966 1.6777129 -4.5847883 2.4125588 2.1359978 3.0242531 -1.9959837 -1.3062052 1.9612242
valdosta 2.6448884 2.2271028 -2.4311025 6.4422817 1.3433766 -4.1198335 -3.332015 -1.4785702 -2.4124956 -2.1652024 1.4603686 -1.0541326 0.050705675 -5.8864207 2.1470332 0.47650826 1.550319 -0.9882199 -1.6517088 2.2618225
barnstormers 1.8994745 5.291551 -1.7564843 3.4954658 -0.1894241 -7.3581214 -4.883313 -0.31387252 -0.56409305 -0.078725286 3.4538398 -3.2654326 3.7265596 -3.9958131 2.6803076 0.7897131 -0.9761725 -2.4019377 0.5656036 1.3748953