Centroid_175 -1.5923202464061077 3.5690501320267205 1.9116196360511446 -2.924977771274808 0.6625220124160306 -0.33052272379771014 4.032014841870229 -3.8672250582900736 -1.3971368043091594 0.55170294119084 2.3575578775610686 0.692584554183206 0.32293892989694645 -1.0368738331717553 -1.5723750035656494 -0.024698595206106868 -0.3366192977923664 3.769055542900765 3.216641026679391 0.48353512750381666
blood -3.0071929 6.382133 5.506373 -3.5204723 0.9096151 -1.959799 8.685513 -5.2046394 0.26074645 1.7391849 2.567717 -3.2834532 -0.9573406 -1.4721085 -3.1196039 -1.2132139 2.0297468 6.4080224 1.0409056 4.506111
fresh -1.4141262 4.19539 -1.2860013 -4.645786 -0.21083501 -0.9010914 1.4496788 -1.7083114 -2.261412 -1.325076 4.43065 4.0279756 -2.078454 -1.2390764 -4.6079936 0.25563294 1.1132927 3.6278002 5.639513 1.5251436
clean -0.29870477 6.357139 -0.5998542 -2.9174025 -1.3614621 -3.3145537 0.2368749 -0.46712855 -4.6297526 0.9243632 1.4851727 0.7197064 -2.5709436 -0.156794 -1.5175829 4.7717347 1.7717627 6.1566434 7.687263 1.8020519
soft -0.16692623 3.2450008 2.402471 -4.1664925 0.8634356 0.08365866 2.2078085 -3.0497284 -1.9680077 0.267277 1.7007916 4.1867137 3.1701791 -3.2840276 -2.238893 0.27507746 -1.9708524 6.596991 8.97602 -1.3503665
drinking -4.81869 8.02887 -1.5730875 -4.652999 -0.76252025 2.4162164 3.4930627 -3.3794596 -2.8607314 -1.9748538 2.1897967 -2.360946 -6.5982003 -0.012541247 -2.2711058 -0.17686808 0.4109694 6.694306 4.0854435 0.22494066
eat -2.513188 2.5320294 -3.4925768 -9.289446 4.1960034 -1.7418493 5.4309597 -7.1330285 -1.639005 -5.439199 3.3382776 0.28068203 -4.497994 -3.5308805 -3.1243448 1.5652463 2.4520104 11.320284 2.1065521 0.07692265
eating -3.266068 5.464435 -1.1482941 -6.814578 2.106505 2.5284734 6.8108873 -5.8374143 -0.32749566 -3.388193 1.7146103 -0.1625422 -5.2966585 -5.15383 -0.9940199 0.9059489 1.5075909 8.593953 3.3667774 0.071820445
fat -3.6206622 3.553665 4.3875914 -6.933451 1.4570997 -3.1498148 3.5273054 -4.2016535 -2.4483001 -0.5974918 0.5296429 1.6579278 -1.038222 -3.9976075 -0.55565655 -2.328397 -1.0660931 6.640209 3.0299377 -2.2416232
smoke -2.287301 6.728487 0.52408594 -3.0346735 -0.6031343 -5.1326575 9.245227 -2.7034116 -3.40707 -0.21507029 3.6754723 -1.4127353 1.242487 0.22598827 -5.4664536 -2.7115347 -0.8879173 3.2043269 8.327687 2.0609097
egg 1.0720687 6.575162 1.1382693 -5.743937 1.4081084 -2.9400122 6.7470336 -7.422425 -0.784899 0.009005852 5.747163 3.3666215 1.3004549 -1.5678262 1.0136334 -1.9606363 3.3470519 5.7716 0.6650418 0.883479
dust 0.9628801 8.470899 2.56287 -3.750338 -2.5207915 -4.187905 6.2727857 -3.1388052 -1.0238129 1.8972315 5.4039564 1.2871084 4.3586216 -2.3393712 -7.5186725 -1.1094168 1.3077772 2.6892788 4.5189843 1.687739
ash -2.3518257 6.811535 1.3877412 -0.9037892 -0.96505046 -2.2548196 2.5983865 -2.6629758 -3.7281866 2.2324548 3.6577022 0.30752265 2.948253 -2.175211 -3.9258835 -4.243825 -0.7891211 1.6566236 0.99980885 -2.95603
protective -0.31668735 2.3586423 -0.5879323 -0.177688 0.7200898 0.7822918 6.702459 -4.548236 -2.6468222 3.3852787 -0.3878009 -1.7004998 -0.40421125 1.5289315 1.3528073 6.647341 -2.1295445 4.662598 4.7140474 3.1381636
consumed -1.9404542 3.1182055 -1.9997883 -7.993436 -1.4749159 0.7430545 0.6641511 -9.35351 1.6663448 0.20704527 -0.020550875 -1.8008142 -2.2243257 0.9802 -5.7167306 -1.5561475 -1.425125 7.044078 3.0982676 1.0734061
flame -1.3435596 5.099729 1.5039409 -3.533235 -0.19801077 -1.5510821 7.1178145 2.0609095 -2.0350728 3.7323902 4.924169 1.2599492 5.1211867 0.12637031 -2.913841 -1.638519 2.9166534 5.045553 3.405385 2.7713149
flesh -2.2979267 6.4484253 4.5421486 -4.4844966 1.9897257 0.095910266 8.898728 -1.4099896 2.7507234 0.94951946 5.2351317 0.64327943 2.4137242 -1.8709925 -4.023778 0.7030603 0.36280894 9.412718 1.1473554 -1.1807516
processed 0.6943779 2.0261211 1.4388248 -4.696119 -3.8254747 -2.3890212 1.9832708 -8.539862 -1.1857121 -1.0211275 -2.9790595 3.2206838 -1.3961098 2.1924255 -2.1218214 -1.4677265 -3.0486352 3.5162425 3.2700534 3.749675
extract -2.0254364 1.495833 3.688237 -5.251314 -1.23575 -0.46300292 2.7948883 -7.2026744 -0.46986783 0.7737399 0.5926336 2.7431817 0.3213043 2.7135153 -3.406304 2.9420602 -2.8622482 4.2266235 0.15337603 3.5411
bubble 0.31892955 5.1208653 3.0577128 -5.4513583 -3.4368923 -2.6770341 1.4943185 -0.37585163 -4.2406006 2.376492 2.3847547 2.341115 -0.82041025 -1.7911909 -5.6609197 -0.23157616 -1.9012357 0.13253465 6.0875444 -1.066307
brush -2.012165 4.836815 0.34422308 -0.10421102 0.7737994 0.12822431 5.2444186 -3.8342626 -2.9045527 -1.0330518 3.7334538 2.266793 4.4847813 -0.122785844 -0.41024342 2.8082895 -0.7645016 1.4684021 5.2253537 -2.9821742
wash -2.5656943 5.021236 -0.87361395 -2.716801 -0.48722905 -0.95896655 4.183069 -5.4024606 -7.377206 -1.3350496 1.9245836 -0.31959063 1.1106492 -0.043610755 -3.308784 0.35511827 0.90699023 4.020108 2.655142 -0.3631254
consume -0.32516903 1.9243697 -1.1185485 -8.609083 0.27605122 0.06924039 1.8698574 -11.4357 -0.30599454 -1.0005571 0.2610483 0.32499352 -4.690697 -1.3761308 -4.524355 3.6835685 0.5053365 7.6772866 4.6394987 2.243703
bite -2.839211 2.1344006 3.024372 -4.4592657 3.8541071 -4.2519093 8.604891 -4.235105 0.812166 1.7297301 3.414163 -1.6346253 -0.7872521 -5.298139 -3.5030293 1.5221326 2.2582476 3.4837925 4.489433 -1.157562
smell -5.43791 6.008566 4.321706 -4.858339 2.146851 2.0812438 6.8457756 -4.3508363 -0.71115994 -0.15827695 4.3278255 2.6088355 -1.093739 -4.1314635 -5.948671 1.06822 -0.68829024 7.411739 5.8152847 -0.7935697
spray -2.841905 4.742138 0.31571212 -4.288569 -0.41054788 -2.500041 6.763732 -4.7453637 -5.378441 2.5726454 1.5713729 0.79325813 2.8112288 -1.0705614 -0.89507943 0.62612456 -2.8653536 3.7633555 6.469725 3.9110973
consuming -1.7456058 2.7992308 0.84841 -7.5580893 -0.99527717 1.0570344 2.3258362 -7.939915 1.1626574 -1.3973222 0.32425338 -0.89189273 -4.0649905 -0.20356613 -3.7608411 1.5927618 -0.046749096 4.394174 4.8641725 1.7950717
nail -1.5911816 5.18667 3.459499 -2.639234 0.9012757 -3.9208272 5.7646832 -1.0638387 -1.3149778 -0.61401 2.3445013 -1.4973491 4.529663 1.5761526 1.4803724 0.85307294 -1.1940993 6.018387 2.9020565 -0.18724136
bubbles 0.08112327 5.157611 5.094584 -4.092136 -0.6499221 -1.1556262 5.557442 -1.3511132 -3.9602761 0.85782313 3.5048687 1.602216 0.49101135 -2.4591084 -3.9012787 -0.40453035 -0.31126773 2.4314015 6.4190917 0.5034485
eats -4.700508 1.7417498 -2.4990351 -8.4232645 2.1124847 -0.24904934 6.257087 -6.828202 -2.9916155 -2.1055496 0.8581979 0.30521291 0.25842628 -5.740563 -2.640167 1.3396173 1.3248912 6.672714 0.76356196 -1.989604
cleaner -4.2865286 2.7844777 1.3781753 -4.3027678 -0.3028234 0.24723874 2.2243993 -2.1434546 -5.53908 -2.2533615 2.0414379 2.9634166 0.5184135 0.6839307 -0.9500831 2.1653848 -2.3362284 1.5664779 7.728676 1.9226986
sweat -3.0224912 6.412367 2.9107637 -3.5007021 1.1894082 -1.5939177 3.2090945 -1.6907772 -0.978992 -2.5040178 2.3633645 -0.3751274 1.3431413 -4.104032 -1.307288 -1.1505477 0.56947786 7.319107 3.169361 1.3056989
bites -3.6014922 2.9834802 1.615918 -5.593406 2.1791718 -3.2130678 9.721664 -4.363178 1.2853879 0.8301016 1.9971502 -2.6039634 -0.53390026 -7.079327 -3.4314919 -0.62311053 0.72563505 2.1870732 2.7520328 -1.4064112
needles -1.83092 6.3919363 1.3531138 -0.36848718 0.65358126 -3.0436194 7.1089067 -5.840864 -2.853864 -1.1334491 2.5767365 2.1870575 2.9301643 -1.2449176 1.3240646 -0.7734485 -0.18665735 2.977312 4.26597 0.06783986
poisonous -3.006531 3.0590715 2.7992804 -6.6298327 2.1964176 0.10226515 7.290114 -7.3439612 2.4162018 4.5314584 4.7395606 0.34603435 0.076564975 -2.7739587 -5.1242604 0.8505545 -4.775397 4.967988 0.40695226 1.4576128
sticky -2.98749 3.0035648 2.9464133 -4.8958087 2.97312 -2.511267 2.9667351 -4.026141 -1.90987 0.47155327 2.3804147 2.516667 1.5673541 -3.6284873 -1.824119 -0.3480632 -0.51003695 7.415724 6.1718407 -2.9715106
scent -1.3704771 3.5533533 1.9379227 -4.56727 2.9369783 0.7717587 7.458371 -3.7713387 0.009418004 1.4167566 4.610175 4.349461 0.22773956 -4.6667433 -1.9370143 -0.18120074 1.7975081 6.1638913 2.8164365 -0.1875112
damp -1.6157877 7.0900135 -0.83067626 -1.0555278 -0.97785616 2.5411637 1.9995136 -7.206736 -1.4785968 1.2506778 3.5734506 -1.1581194 1.1204286 -1.4078804 -5.6960964 0.78534526 2.1655798 2.5290992 6.9181957 -3.014646
odor -4.42174 5.688948 7.0978165 -2.7295632 2.520487 0.7235917 5.3832164 -5.4039097 0.45036125 5.194285 3.3527088 2.7762113 -1.803816 -5.1401153 -3.0258532 0.16371018 -2.5722423 6.2475557 5.6489525 0.067782074
pill -4.6651883 3.9319434 3.0824847 -3.0645711 1.0447795 -3.7334597 4.3949065 -1.8445432 -0.44715258 -0.827873 2.280817 2.4541223 -2.5398648 -1.0692265 -2.0145857 -1.7260144 -1.6077974 3.955833 2.3719318 2.1589692
mouths 1.1531409 2.0562057 -0.86365193 -0.8954409 3.3711324 -0.43561116 7.0855627 -4.7068353 -3.212071 1.4485272 3.6282315 -0.8064808 0.45217222 -1.6568742 -3.5502806 -1.5174266 1.1179032 5.599666 3.6006794 -2.8218138
ripe -1.0147843 3.138671 1.114224 -2.9066653 1.1689161 -0.010193982 -0.77961975 -3.6489742 1.5275246 0.25866172 2.489437 1.754147 -0.7562888 -0.9443356 -3.335574 -0.8776688 -0.46529663 7.083753 1.7166142 -0.274293
filtered -0.11009931 2.0968843 3.7896173 -2.3062572 -1.9667796 -1.1011597 1.541646 -4.4248824 -2.4770148 -0.19729404 -1.7771866 3.123849 -0.16964833 -0.28718185 -4.344774 -1.2280866 -0.4327695 5.3820643 4.339711 1.979273
drank -7.5190763 4.5819807 -1.8336978 -6.7202396 1.9921906 -0.05918013 2.674572 -3.4854188 0.15192983 -2.33709 3.4540594 -3.5164208 -1.5334014 2.719107 -2.19442 -1.292873 0.0050420584 8.38546 0.88429797 -1.6039562
emit -0.0013985694 0.015694631 2.5538774 -3.8485498 0.44119832 -3.5071275 3.6565487 -7.666143 -1.346961 1.3081131 -0.5022141 2.1628096 2.5256882 -4.6210117 -6.969162 1.0927944 0.7718124 5.0416555 8.124182 3.8947978
capsules 1.5754632 6.196431 3.634314 -3.773689 -0.66922575 -5.354185 6.8365164 -8.028182 -0.4443578 1.2972025 2.8134916 2.5680964 2.466068 -0.075134866 2.451547 -4.1286416 2.1938105 3.0811608 4.075056 3.8137872
sponge -0.52292514 4.72441 1.6324811 -4.356495 0.83421504 -0.037263375 4.640068 -5.386197 -1.8892539 2.3610468 4.0856953 3.4706092 3.14263 -2.808888 0.29421481 -0.90122986 -1.1853532 3.7084029 1.7825251 0.1204242
stain -2.015236 5.789938 6.705301 -0.78067935 0.49715126 -1.6350582 5.857308 -2.908963 0.70063955 2.5374303 1.0743821 1.6305552 3.0942035 -0.9009272 0.21672872 0.9700615 -3.2202086 7.3852053 0.3503809 2.0283227
extracting -0.7482016 1.6474037 2.6756394 -4.307372 -2.3278599 1.9019305 1.6516739 -6.041059 -1.158154 1.4749663 0.31320933 0.9418269 0.8033552 3.194056 -3.1998549 3.587886 -3.084062 1.9200706 2.110642 1.9014802
chewing -4.4770927 5.0540156 1.1492534 -4.584616 2.005296 -0.95559806 4.7913494 -5.0132146 -1.4028054 0.537662 2.2035828 1.9940634 -0.2697452 -3.5445342 -0.23442096 0.3183972 -4.4759665 6.184166 5.789917 -0.70827353
disposable -2.2560482 2.5527205 0.23500055 -6.0709634 -1.6227263 -1.0523123 2.0258756 -4.453732 0.22014631 -0.7403617 -0.7417889 4.6672034 -2.672606 1.5562276 0.74769205 1.345841 -2.4036627 4.563619 5.8486366 0.6874583
grind -1.5587136 2.7100008 0.73727584 -4.4402146 0.78598607 -1.5662531 0.7317924 -1.3182366 -2.472296 -3.0250146 3.2016292 1.3953007 1.3534664 0.15441416 -3.127306 0.5138362 -1.3638406 4.172295 5.7054396 -1.8748944
slices -0.07946008 3.0446677 3.2150383 -4.469192 0.75767815 -1.5922832 4.7652273 -3.4901273 -4.2609277 2.574576 0.9935108 3.6216938 0.3049916 -0.41017044 0.9550811 -4.2007365 0.42704546 6.7175937 4.2599006 -2.7360442
curing -3.5201714 6.0022597 4.594922 -3.4396229 -1.1276966 4.8207026 4.1965246 -5.797299 0.8493734 0.05805271 2.1487117 -0.7206057 0.37889406 1.1349069 -1.0544637 1.7423283 -0.14603835 3.621082 3.0547645 4.0549083
feces -0.49235335 6.664094 3.871844 -3.0463505 1.1688815 -2.2266831 8.459309 -9.15683 -1.4732748 1.6774771 3.6725242 0.77749115 -2.9751947 -2.3128905 -1.1967242 -1.9168922 0.20641258 5.1064296 0.7636071 3.1896682
consumes -2.075786 0.7904481 0.83183783 -7.865385 -1.6099831 -0.069139 1.904866 -8.208712 -2.3681054 1.7942857 -1.5746063 0.17981151 -0.72837967 -2.0690176 -4.388059 0.9049866 1.5367556 3.7200077 2.5100317 1.1390595
fodder -2.7462761 3.0571795 -2.4329696 -4.18574 -0.36040553 0.5386875 3.6557107 -3.4709885 0.8578756 0.48365703 2.3888636 1.6369077 -2.6461942 0.14467064 -2.107927 1.0093391 -3.435507 1.1505842 4.5387692 -2.2244692
antidote -3.0699992 2.7634897 5.729981 -3.638414 0.99571913 0.64789474 6.444167 -0.038215082 -0.2465254 -0.43142027 3.499368 1.4541792 -2.6059074 -1.9115534 -3.5529902 1.5181484 -1.0796713 2.6042407 0.8884572 4.06379
sprinkled -3.4376981 2.9737074 -0.8668277 -0.9100452 0.53529423 1.1625247 3.420488 -3.6808476 -0.74655414 0.63259524 -1.7055559 0.4859909 2.870969 -0.95226306 -3.5591311 -3.5341656 -0.08257968 10.785785 2.7466462 -3.0996194
saliva -1.0430626 5.693683 7.4282093 -3.9131746 1.63132 -1.2950968 6.5284777 -6.6570463 -1.1333076 1.156948 2.7382393 0.42881605 -1.5659972 -4.7304425 -0.6978252 -2.3421996 -1.2836123 5.1402144 3.1423283 3.692896
dipping -0.83971685 1.14571 -0.17522769 -1.5626746 2.1744254 -0.41693366 1.1015528 -4.6968727 -2.816415 2.082362 2.0129337 1.1794797 2.9854944 -1.8325194 -2.2281506 -1.7546747 0.9321962 4.4656377 6.2545075 -1.4374548
suck -1.4641418 1.1180534 1.9546868 -5.6361103 2.4400947 -2.8454943 4.2261934 -2.7411768 -2.863583 -2.2302282 2.558091 0.35023132 0.7563004 -3.7558079 -4.557188 1.5297306 1.6783048 6.33519 2.280906 0.4681923
spraying -1.0703073 5.039949 -0.6742703 -4.578402 -1.3808429 -1.1100177 5.1885047 -5.9157453 -3.3346453 3.3276706 1.4064434 -2.63394 -0.013307169 -1.071253 -1.1039683 1.700747 -3.4615815 1.019851 6.2030425 4.1727743
injecting -2.248578 2.6396558 4.4193463 -4.5062003 -0.7920066 -0.17478752 3.7894182 -4.839915 -1.9244134 -0.6976455 -0.98120075 -1.9416931 -1.3081926 -2.9148996 -1.8163048 1.7347101 -2.4546323 2.2645354 3.6577427 4.2994103
stains -1.8793496 6.9929795 5.198516 -1.3872291 0.33448446 -1.2655059 6.9640255 -4.0490036 -0.6222047 1.0537609 1.5590469 -0.258799 3.0649207 -0.30109915 0.56803256 0.06999232 -2.8378744 6.875614 2.6091235 0.97258323
stinging -0.49864843 -1.6466465 2.3639953 -4.5170994 5.1023498 -1.0909616 6.583804 -4.115795 1.8594756 1.2641501 2.5973322 -1.632336 -1.0896441 -5.0003643 -3.6155102 0.27944922 -0.87339026 5.053284 3.1380005 -0.15412636
webs 4.3762784 3.0237188 1.0822341 -2.147145 0.6238501 1.5909854 7.4303 -5.221121 -2.664083 1.3705634 2.7283762 3.5321283 0.77665114 -3.576726 -0.7693962 2.7353346 -0.94063115 2.381435 4.751471 -1.044072
rubbing -2.5492222 4.271115 2.7987037 -1.4974095 2.6472461 0.44019097 6.2818265 -3.522072 -1.5586865 0.6319777 1.8475064 -0.843359 2.398965 -0.8311176 -0.5079869 2.0792005 0.7318216 7.8263097 6.4856725 -1.0421398
fumes -5.301407 7.6185713 4.4217715 -4.180264 -1.3395611 -2.4728696 5.8414197 -3.326158 -3.9644012 1.6530054 5.176083 -2.7266574 -0.13639154 1.5097349 -4.5214334 -1.6238164 -2.4449878 -0.23113684 7.09898 3.4649117
chunks 4.5910344 4.0496016 2.838436 -3.3455567 -1.3200134 -2.9616885 5.1339645 -3.4751904 -2.9372451 0.9045569 1.7408807 2.7769694 -1.2999549 1.4929969 -1.540829 -2.0168114 -0.67229074 4.137989 3.8440118 -3.3368576
swallowing -3.9187553 2.6978557 3.7758188 -2.5136845 1.3653474 1.4825009 7.103728 -4.485023 -0.6813532 1.0941265 -0.118112996 -3.355543 -0.29945856 -2.1554596 -2.8226702 0.34656546 1.0562743 4.869819 5.164254 1.66956
smells -2.0514648 4.497338 2.1307387 -5.1965494 0.8368036 2.417592 5.99569 -1.5403507 -2.2314682 -2.451467 2.7344086 2.0291202 -0.51436245 -4.686148 -4.792441 -1.471849 -0.680831 6.7588162 3.2761183 -0.7044833
carcass -0.08756095 5.912881 1.2314979 -3.260792 1.5197113 -2.9382012 6.981628 -4.6575556 0.30691382 0.75473005 6.2024074 -1.0632323 1.3055757 -0.09712749 -2.1307414 -0.59991693 -0.42383677 2.7353203 1.8381951 -0.75443745
leftover 0.88132644 3.1013224 1.024111 -5.528562 -0.83534676 -2.4916265 2.346753 -3.859059 -1.8453625 -2.6162372 2.4534624 1.2453591 -0.14252794 1.7954578 -1.6911476 -0.27818322 -2.2710066 3.0909796 2.175027 -0.43271032
slime 2.956922 4.237524 2.6218426 -5.7339454 1.1351827 -2.0304565 6.251427 -3.1325994 -1.8270397 0.9765186 4.6398582 1.1054754 2.8553607 -4.300818 -1.9100944 2.067246 -2.1576426 3.6079044 2.3234963 -0.6786883
bleach -2.4549754 2.7450407 2.6914775 -6.615906 -1.1788266 -1.5801616 3.3634424 -0.31990942 -0.8819924 0.27797887 1.7574277 1.7061636 1.6887695 -0.8084969 -2.0461545 -3.4117827 -1.5267502 2.6473656 3.6807487 0.6229936
boil -3.4698346 4.126425 1.8988583 -3.6921573 1.165853 -1.0626155 1.8488544 -3.6983557 -2.495677 0.205871 4.384248 0.7308047 -1.7866511 0.79245394 -4.542326 -1.5343065 1.2965255 5.1652 3.3343465 1.1220869
copious -1.1216226 4.4333334 2.7634742 -3.2093387 -2.8864233 1.3144147 2.3222103 -4.6424103 2.782499 -1.9130651 0.67312044 3.3329601 -0.3252737 1.3915448 -3.134527 -1.2601103 -0.17886823 2.282462 0.97835624 -1.077543
washes -2.7459285 4.191016 -0.51034313 -3.4992564 -0.5383234 2.3576806 4.432029 -4.9394875 -5.165284 -0.6626622 1.8192242 -0.7734999 2.8658164 -1.7983116 -4.240021 0.0730498 1.5303177 3.654402 3.9397314 -1.7024562
drip -2.459049 4.567469 4.6152964 -2.905153 -1.5103141 0.2735419 2.2818196 -3.4543357 -4.213395 1.479394 1.2824672 2.5525267 1.9908454 0.75524986 -2.8266628 -1.7132547 -0.6225254 4.312928 5.3778696 1.4323539
kittens -1.3584048 4.8503103 0.23428766 -5.496081 2.7922893 -1.6596481 6.101685 -3.8823807 1.8936288 -3.3345442 5.2960596 0.45165235 -0.97984016 -4.588525 1.7167398 -1.2439504 2.5010622 2.2882612 1.7544426 -1.2694879
soles -0.9964701 4.5593195 -0.07756029 -2.812554 1.8842562 -1.178165 4.2546654 -3.1056938 -1.9088985 1.8113254 2.924401 0.042426985 1.8356502 -0.58092564 3.3720014 0.09364384 1.2702521 4.9244328 2.469954 -2.459374
noxious -1.8555408 4.756586 1.8558813 -0.89410305 0.99600184 -1.2596169 4.0981655 -5.827989 0.27938607 5.405553 3.3961465 2.1217568 -2.9288223 -4.4808855 -4.1871347 2.3810608 -4.5854883 2.6581411 2.6058795 2.2228575
maturing -0.21569176 2.454007 2.381266 -2.972743 0.9168046 1.7623781 -1.960051 -4.5838666 2.995816 -1.9110721 2.0111518 -0.18354428 0.60774755 -2.593839 -1.4396938 1.4768326 0.5227926 2.4361663 4.520592 -0.84655
hives 0.24116103 4.6709533 1.3354536 -3.5312824 1.0445092 -1.4557325 4.085265 -4.096771 0.086422674 -0.7936218 4.3835125 0.61053735 0.6668548 -1.7021072 0.19792199 -1.5879996 -1.8123881 1.8792456 1.9526314 0.68548393
icing -2.6122818 3.591878 -0.42715192 -4.11701 -0.75488955 -2.8872216 1.3716908 -2.3325086 -1.6651919 3.7659297 1.9874369 1.5846143 0.73870844 0.32759348 -0.6698173 0.42576948 2.602591 2.3040917 7.187129 0.20043243
recycle 1.4216884 3.5212336 1.7808288 -5.496008 -3.2986393 -0.8637 1.2049149 -3.1497035 -4.2711387 -0.9402682 0.0798982 1.365075 -2.2558568 1.9861873 -2.2912009 1.5498445 -2.608498 3.4856246 3.2365787 3.7758498
smoker -6.5700564 5.757327 1.431166 -3.7079291 1.1134219 -1.1415383 2.7125854 -0.28190044 1.688139 -2.9128995 3.1276429 -2.9497972 -0.9085828 -2.1784887 0.74865323 -0.26179865 -3.104621 1.0633777 5.6064377 0.35856462
purify 0.38004214 1.0337446 2.9613535 -2.438429 0.89685327 3.759785 2.7920966 -3.1451428 -1.9226435 0.26284137 2.2775195 0.1540333 -0.011418993 1.8442199 -3.218621 2.7177038 1.1283666 6.837112 0.2332618 5.541618
matures -1.4821141 2.813857 2.2136886 -2.9477334 2.035208 0.5451252 0.25422505 -6.812636 1.0015682 -0.6417679 2.2135727 -0.71513796 1.0613502 -4.3388004 -1.7494303 -0.20413466 2.911412 3.6137474 3.020028 -0.26708913
corrosive -2.4554937 2.9296312 5.7404304 -3.3377318 -0.48785174 1.1637453 3.1854053 -4.0901456 -0.39691985 4.51379 2.3470535 -0.4082588 0.82227224 -0.029724322 -5.4331408 2.752938 -5.4245296 2.4495487 5.8610725 2.2965274
stings -0.64179313 1.8439056 1.5818875 -4.8216558 2.1694703 -3.1367676 5.184039 -1.7951001 2.726256 1.7281864 2.3995197 -2.0237384 0.23655847 -5.9085064 -2.1044078 0.24108398 -0.092961945 2.4316187 2.7728212 -0.7854984
roasting -2.0163138 6.213143 -0.054907203 -5.2737346 -1.4942424 0.67404056 2.4104023 -3.3498452 -3.220702 0.16936123 3.3128314 2.9527957 -0.01109269 0.32990932 -0.4959896 -2.1507826 -1.6799653 4.091435 3.799929 0.73065686
choking -3.2335002 3.5000627 2.2310228 -3.081429 1.630978 -1.9193063 6.213658 -2.2590494 -2.8988168 0.34382194 2.0536952 -5.129716 -1.6498232 -2.331433 -2.606695 1.3515536 1.6064411 2.591376 3.6678905 0.79451966
sucking -2.599743 2.2932649 2.8907063 -3.8114161 2.6236587 0.49313733 6.647129 -5.291786 -2.5115168 0.074343905 1.9980923 -0.57311773 1.6360283 -3.836957 -2.3260362 0.8177734 0.940537 5.0661287 4.1726522 0.5643142
shredded -1.8265921 3.9035683 -0.12791577 -4.5030546 0.3197286 -3.51243 3.764357 -3.4739883 -2.7677605 0.87007433 2.48292 1.6104871 0.8955599 1.9082158 0.20546691 -1.0011771 -2.5154042 5.0338373 2.8716638 -1.7855626
hoof -1.9272346 4.6197968 1.9429467 0.20789458 2.3286057 -0.74240184 5.996937 -4.0174804 -0.44604355 0.9607735 4.224422 -1.1829163 3.4115353 0.9593051 0.6481308 1.7655566 0.9169586 3.2928765 4.5780716 -0.9530129
dryer -2.84382 4.43659 1.1489928 -2.6399543 -0.2379422 -0.98941445 1.6757098 -3.6217468 -4.404325 -0.12159463 2.6040525 2.7660465 1.6108096 -1.4143134 0.86730343 0.482028 0.4885474 0.56050605 6.7171926 0.41743776
scratches -0.9458062 5.2584944 5.3304877 -2.6099036 -0.23383494 -2.9646723 6.9239683 -1.7963197 -1.7192696 -0.53573936 1.3975086 -1.0019039 2.049322 -1.5871176 -1.6750089 0.9023705 0.8853713 3.102269 5.7201304 -2.6372652
oily -4.4592247 5.320636 3.1846156 -3.757568 1.5525817 -1.0793555 3.5785103 -5.163354 -0.94060075 4.6452374 4.224255 2.7980897 1.2592763 -1.9295129 -1.3291115 -0.16971214 -1.6752391 4.638812 5.2166777 0.055037864
sowing 1.4716988 3.9428027 0.1529234 -4.335479 0.014991552 2.1197953 -1.3878798 -5.5175977 1.9531966 0.80795354 3.450611 -1.148514 -1.0405428 0.9311084 -2.8652153 1.3490096 2.0574455 5.209737 1.3280004 0.20391265
rubbed -3.68562 3.8639174 1.4079188 -2.1771202 2.5797067 0.18990904 3.6808515 -3.2335138 -2.414467 0.044353124 1.9743909 -1.3964694 3.6983118 0.3466191 -0.46930623 1.256321 -0.40226564 8.387958 4.927259 -1.128433
licking -1.2144307 3.3766782 0.04423883 2.048199 3.7406878 -1.7284502 3.9489665 -5.8186045 -3.5493097 -2.0155883 2.7503192 -0.62979174 -0.34176585 -4.3267407 -1.6758068 1.0074672 1.3188759 4.263742 1.1861383 -1.0500772
sprays -3.9865549 4.8667545 2.6320016 -4.087289 0.4593877 -0.8765522 7.163209 -4.1849732 -3.7386692 1.9188186 1.6958667 1.4313985 1.9386786 -1.9574817 0.33289826 -0.26859438 -2.212767 4.2467475 5.333933 2.7982612
incubated -0.3658544 2.0337708 0.5314891 -2.9190784 -0.06851501 -2.074086 0.983227 -9.423481 0.12309641 -2.230329 -0.915226 0.1617022 1.4387422 -3.2991736 2.156628 -2.597114 1.8030497 1.8675597 0.49646604 4.0703044
charred -0.34588444 6.162473 0.74264085 -1.7374756 -1.47919 -1.1845008 7.8447294 -6.3344464 -2.533692 -0.36604702 2.7240474 -2.9305959 2.9267838 3.865681 -2.9488914 -1.4736066 -1.6374255 3.21126 0.46768808 -2.3649297
siphon -0.3783862 2.0209045 3.3077707 0.6164974 1.3564711 -1.002739 3.637002 -4.826433 -5.3081083 3.461247 2.521934 1.7830557 0.73554134 0.021609528 -1.6928009 0.996875 1.2744209 2.1647224 4.013737 2.0584624
dripping -1.9964763 5.1810074 1.6018664 -1.982 0.16053677 0.63806236 4.364915 -1.6307487 -4.339386 -0.12113375 2.4473405 0.58627254 3.8327518 -1.8440351 -3.2883482 -0.878478 1.6175501 6.269825 2.8459356 -0.8443931
scraping -0.4386891 3.7693408 1.9758433 -2.6454735 -0.5863127 -1.1422787 4.3784685 -3.9005423 -2.3106754 -0.4616236 0.7284909 -0.29583204 2.3381577 0.47365895 -1.3434873 1.7272153 0.3772883 3.61558 5.625831 -1.6457117
drinkers -3.0519845 4.408635 0.34435523 -4.551412 1.6790504 0.5478247 1.1253337 -1.5893915 1.4389968 -1.0583941 3.201656 0.6213524 -4.7307844 -1.174657 -0.2138185 -0.9903951 -2.530008 5.3325877 4.2812066 -1.239782
coals -3.479197 6.7481337 0.043201283 -0.7856181 -0.4847277 -1.8373439 2.1017587 -4.0827684 -1.1978943 1.545614 5.116435 2.4303877 0.82752246 3.0796916 -2.888874 -3.8071134 -0.2831037 2.6794112 5.032973 -0.55426943
brushing -2.7708652 3.1753278 1.0964142 0.058394536 1.3803326 -0.70422983 4.993014 -3.8270614 -1.1006508 -0.62342155 0.004159399 -1.4719528 0.68916214 -1.3270816 -1.3017595 0.42712018 2.737433 4.8190913 6.147138 0.45873198
scavenging 0.5771515 2.335269 0.99850494 -3.032692 0.79145133 1.5013325 5.2254996 -6.685072 -0.91690785 1.0440491 3.2527924 -0.51115185 -2.2340918 -0.64347917 -1.9925835 2.9979792 -2.9751403 -0.12952702 3.782411 0.8476033
soaking -3.1293385 6.01758 2.4859667 -5.443821 -0.47657332 0.37880272 2.957706 -4.735345 -2.2284687 0.3582943 3.205201 0.18009675 0.5393314 0.9344752 -1.6729834 -1.8767384 2.7939544 5.019401 5.6172853 0.28251687
blackened 0.17784302 4.0152664 0.76762736 -1.3775042 0.52159524 -0.14604864 5.270111 -1.8454309 -0.32393035 0.5285145 3.1697838 -2.2169359 4.8438554 1.8300304 -4.006074 -1.5932853 -1.8965863 6.0592685 2.9764488 -1.8105329
odour -4.6037817 5.635425 4.410547 -1.315983 1.8547295 1.8992535 4.587524 -4.3470826 1.7489389 4.1247783 4.6449065 3.6740103 -0.776884 -2.4389164 -4.024388 -0.69793355 -1.2941233 5.1800475 4.878931 -0.36011338
scrape -0.8283773 2.9477313 -0.08882099 -3.2877688 2.245897 -1.6380501 3.3048563 -5.0117035 -3.334659 -0.118842736 3.3772192 -2.0395076 1.2758318 0.500108 -0.8314955 2.1537633 1.31586 4.5075736 4.038277 -1.6719192
penetrates 0.10998442 0.9972908 2.9791698 0.25410587 0.94362783 2.168301 3.258393 -5.6219134 -3.8599362 2.7200186 -0.034196787 -1.3995888 4.501622 -3.4831579 -4.597827 0.5195366 0.8955712 4.360338 3.6144185 1.4737264
odors -0.5593971 4.796655 4.3263373 -2.1527383 0.9212588 1.6635438 5.869565 -4.6079006 -0.42883927 2.3472288 2.0867949 1.8998952 -3.3007176 -3.991696 -2.3492715 0.88561255 -0.9273326 4.079052 5.912496 1.2969548
vomit -3.8774068 3.8660808 3.2744522 -4.0759754 1.7460486 -1.8725866 6.9358315 -1.7621304 -2.8149135 -1.2234821 2.7827094 -2.4204655 -0.9631807 -2.2342386 -2.8195384 -0.93390733 1.3427339 4.114547 2.8463342 0.49620852
receptacle 0.65831095 2.4445238 2.445823 0.5959832 0.8326655 -1.7767273 5.9238696 -3.9392526 -3.880184 1.9053837 1.0290936 4.5784163 1.6287026 1.3004142 0.54754806 -0.9120042 1.1546923 5.378222 3.3524756 0.22900826
slicing -0.35141724 0.8391267 2.8708277 -2.4061322 1.1131357 -0.8792877 5.4237075 -2.9488885 -3.0114331 1.361494 0.87247604 0.8279067 1.2970382 0.5422712 -0.6123375 0.9075324 0.25015292 3.2638927 5.085199 -1.5694138
digested 0.3770785 2.5907152 5.8891926 -2.7480197 0.71625584 1.0240569 3.778895 -7.930269 -0.6084431 -0.36454841 1.5882242 0.2610058 -0.62447673 0.5150998 -2.3010807 -1.3295547 -2.3539023 5.040147 1.094726 1.5224934
pungent -4.1796827 2.4664671 4.1345534 -2.431264 1.9003166 2.9251027 1.7140752 -1.8378304 1.3450689 1.5925683 2.6308959 4.0569773 1.3227309 -3.1281536 -4.0271115 -2.1643062 -2.9064171 6.2585588 3.9000943 -2.5678658
germs 0.73724264 1.7182213 4.24928 -2.6149511 1.7629541 -1.1685401 4.9816685 -2.4768357 0.61796635 -1.1834146 2.9621682 -0.60036975 0.24858959 -2.7598104 -2.7113092 0.2806956 -2.2273989 1.8005534 1.3382087 0.9337321
boils -3.4794743 2.8388133 4.93059 -2.1510355 0.7247082 1.1480017 2.8075092 -3.4370608 -1.1398957 1.1207706 1.7123483 -0.23467536 0.710435 -1.6663462 -4.1013136 -0.37432605 0.81530374 3.5431 2.2065382 -0.54536134
ingesting -3.7442236 4.0423913 4.1168494 -6.073056 0.4827768 -0.65596086 5.2665133 -7.9258523 -0.07874377 1.1371248 2.2273412 -1.1076987 -1.8568366 -2.2901697 -1.4116633 -0.67464143 -0.91390693 2.1967933 1.610796 3.2822843
soak -1.5540186 4.209039 0.1943841 -4.4280686 -0.59849644 -0.48492557 1.1062368 -3.646561 -4.9616194 -0.5192502 2.40022 0.8137928 0.6207162 -0.33646294 -2.9550064 -0.83454305 1.9610636 4.5859327 3.7028463 0.3211668
grafted 1.1690711 2.0161982 2.5901306 -2.438046 0.71059763 0.56782365 1.13152 -5.741592 -2.7273474 0.8849233 0.6053825 0.6023008 3.829413 -0.645081 -1.0866616 0.92445225 -2.6130314 5.4366183 2.1097453 -1.5235428
diaper -3.0446742 5.300365 0.22686222 -2.0244324 0.36008933 -1.9872912 4.8505535 -2.245317 -2.9301467 -2.7124846 1.140902 2.474935 -0.41832623 -2.7082999 0.8785318 0.5976195 -0.88928765 4.664364 3.1623068 0.94706315
peeled -1.4252812 3.8444483 0.95682627 -2.9777079 1.4434327 -2.091936 3.4307046 -4.1582994 -3.9183407 1.2734061 2.714014 0.7832848 1.7232019 1.7381318 -0.88151646 -1.7816491 -0.7228896 7.1668687 3.9908376 -2.3937507
sterilized -2.596378 3.4817214 1.752674 -1.4381734 0.4575064 -1.3553324 3.2457745 -7.7241316 1.4642761 0.062037826 -0.07152325 -1.5742172 -2.2896469 0.9784119 0.046208914 1.6348186 -1.5445538 4.7148123 0.6178222 4.9416566
sawdust -0.9014342 7.62131 -0.24409737 -2.5300176 -1.5552843 -0.9461284 2.6733472 -2.8573961 -2.9380257 -0.39367846 3.9986832 1.448989 2.8870292 1.188083 -0.37940732 -1.556698 -0.99300253 3.659127 3.691145 -1.3315929
potions -0.3996554 2.9060855 1.4916261 -7.944019 -0.43945724 3.0843716 7.051105 -1.1071793 -0.3865217 -0.35531664 3.7005374 3.2870312 -0.11674364 1.5948493 0.4161102 3.145677 1.4243658 4.756418 0.87377733 1.2019401
repellent -2.6112354 3.0934772 2.4734852 -4.65371 0.7802774 1.0048776 6.3059626 -4.502893 0.5695422 2.7151747 2.8627996 2.892075 -0.0063752886 -3.6198416 -1.7854683 2.874146 -3.1822205 2.1166608 3.2398136 1.7945076
spits -0.99220574 1.1949725 0.08907883 -3.0874908 2.4824448 0.10706208 4.721506 -2.3186674 -4.9370317 0.8495609 3.3004768 -1.2399833 1.7262436 -1.5344427 -3.4665933 -0.68808454 0.2141434 4.076139 1.8987508 -2.6337984
fingernails -1.4678903 5.0425367 3.6367984 -1.3434207 2.5752974 -1.8279998 8.914917 -2.0326319 0.2372407 -0.7903967 4.0375724 -0.36265928 2.0129051 0.059377655 0.5364017 0.5209321 0.5482231 5.264212 4.0961103 -2.0628307
peeling -1.4847795 5.1145654 2.123963 -2.9285643 -0.33431405 0.2596808 3.3924444 -3.4015338 -2.4241526 -0.7336178 1.577299 0.17793234 2.008223 -0.06247523 -1.143551 -0.33757174 -0.81937134 5.092746 5.1684756 -1.7034463
stomachs -0.2951074 4.571449 2.0560124 -1.0588865 2.9093308 -0.19287726 7.4825788 -7.413685 -0.010999422 0.44799858 4.487408 -0.014389651 -0.5403404 -1.4554524 -0.4584272 -1.2307677 0.97126836 3.5043652 3.3700478 -0.94199777
smokes -4.098827 3.0888677 -0.4764516 -4.4642367 1.4630692 -1.462146 5.0415936 -1.9270186 -2.7623186 -1.862421 1.2783574 -0.8916526 -0.57466215 -2.3915431 -0.69437444 -0.899232 -0.8333253 4.5958586 0.83679163 -1.6094925
chaff -1.5326056 1.5572078 0.5944143 -2.43159 1.171264 -2.784893 5.7627788 -3.7075894 -1.9257687 1.5124384 3.5825179 2.691874 1.6545522 1.1307158 -1.3037966 -0.8656715 -2.396719 0.5876198 5.738256 1.4214418
intoxicating -3.8511438 2.9752417 2.4644606 -3.7974675 0.6174417 1.383833 1.1996603 -1.0873666 -0.100405715 -0.4974222 1.7742345 4.3575873 -2.8541985 -1.1559119 -4.373923 0.21424744 -2.2252028 7.275516 1.8261148 -0.17460375
ingest -0.9016274 1.8597435 2.882177 -6.0749784 1.3793751 0.2015863 4.1766214 -8.912543 -2.1405845 0.6106236 1.1332859 0.04128539 -2.297085 -2.944064 -0.87527704 1.8919748 -0.43550032 4.2450404 2.7734854 2.9593396
chewed -2.9230053 3.49566 1.3590461 -3.7646966 2.5352 -0.4926935 4.5498223 -5.6847663 -2.1773775 0.1735113 2.540594 -0.6359486 -0.10341427 -1.6407646 -1.6330047 -0.7538378 -1.5658343 6.529958 2.39137 -0.25140712
purifying 0.8248679 1.8336533 3.7939403 -1.4061475 -0.76886666 4.3268223 3.5071142 -2.5253527 -0.43825072 2.4072282 1.2353091 0.8035366 0.187159 1.4001459 -2.838777 1.401262 -0.037455503 4.653629 0.98604524 4.471357
smelling -4.7796865 4.596423 2.253986 -3.8959491 2.2447238 0.108729236 5.2369566 -4.0771017 -2.1021714 1.0325549 3.8754737 0.68619555 -0.59495425 -1.9498304 -3.175349 -0.6892467 -0.09327913 5.74632 2.5436656 -0.38724297
scents 0.28165543 3.8300176 1.6752226 -4.8927865 -0.4678032 2.5741956 5.3879914 -1.7751706 0.88207173 -0.11877382 2.6666503 5.7158847 -0.28229052 -2.0114098 -0.38269675 -1.4188296 -0.19129558 4.3409805 2.9861443 -0.008996014
wetting -1.1982666 3.5191674 5.3794875 -1.1192701 -0.24451302 1.0680377 2.9858644 -4.1664176 -1.9668734 2.5501974 1.3312417 1.0432423 -0.33580893 -0.7895257 -1.9410433 1.3559413 0.96245867 2.9385583 6.0755467 2.2712486
potted 0.025389953 5.3876553 -1.2201906 -4.311874 -0.7148556 0.12869935 1.7485689 -4.691844 -1.3982149 0.34945223 2.759954 2.3875716 2.7934532 -0.226336 1.0734345 1.1985586 0.8190125 4.3073 2.1113906 -2.7364292
bleached -2.4570932 5.017868 1.2493981 -2.4429004 0.73201066 -0.9313031 2.7320595 -3.7957954 0.097800605 0.647391 2.9885433 2.750729 3.728225 -1.4581065 -0.97628945 -0.1623315 -1.4366606 4.9605775 4.1730423 -1.2810537
maggots 0.29715306 4.0920196 2.0256546 -3.5599675 2.361497 -0.5758069 7.5365305 -4.7347345 0.5279086 -0.47195998 5.380656 -0.42928085 -0.98912364 -2.4719174 -0.92409337 -0.88784707 0.8871737 2.520486 1.5216275 1.5629644
husk -1.1668772 4.7421103 1.7170702 -2.6864252 1.6500754 -0.6014626 4.3683004 -2.775057 -3.3397763 0.64689475 5.3487124 2.185804 1.3788742 -0.1613598 -0.67010444 -0.34336862 -1.2179399 4.0662584 1.3366879 -0.7978523
excrement -1.2115064 5.4589133 1.1558222 -2.5024664 0.55220956 -0.22024429 7.759124 -4.447253 -1.4353653 1.5572478 4.056403 0.4761151 -1.5440732 -0.060385764 -3.0096974 -1.0118765 -0.52515817 4.609757 0.5627212 1.0621133
wipes -1.3312471 2.3857887 0.6183594 -4.913551 -0.6893317 -0.24121301 5.6409984 -2.6235178 -3.3214977 0.08579379 0.30923125 -0.619491 0.6232381 -1.8197008 -2.4232125 1.8157116 0.37540147 3.361301 1.8663775 0.9856962
mowing -1.1227108 6.8711877 -2.0486662 -1.2440363 -0.6290972 1.2134969 3.081796 -5.1079183 -3.496273 -0.4247721 2.7441232 -0.20781086 -0.9430641 0.06656465 1.3351105 3.6415782 0.73548484 1.4366627 4.858678 -1.7205275
ointment -4.607367 5.2080803 3.7284658 -2.6321588 0.8182478 -0.15690827 6.8030295 -4.021295 0.98935646 1.1017245 3.3295212 4.2022004 0.60972345 0.90230757 1.3874702 -2.0368452 -0.02228749 4.6438584 1.0018703 4.4503117
evaporates -0.93747836 3.4191236 4.867788 -2.42054 -0.020138249 -0.010095302 0.3249601 -4.5718045 -4.232001 2.3948293 3.6916625 0.06443551 1.3724116 -0.38592336 -5.117855 -1.2406349 1.354178 3.429768 3.9455202 1.7499413
inedible -1.398931 3.6949835 1.4639523 -4.188963 2.0319726 0.1934715 4.6239357 -6.0776644 1.6405804 3.3925772 4.5635767 3.8501055 -0.85802525 -1.7180632 -1.2194875 0.036214497 -2.5616233 4.680593 1.8949577 -2.9161167
mulch -0.10248358 7.136839 1.0043584 -2.913798 -0.8099297 0.5945555 2.350126 -5.469661 -3.2357519 1.5332425 4.9376874 3.3422797 -0.41091603 -0.25698388 0.10163062 1.2902682 -1.0548323 2.3682785 2.1633203 -0.701612
pox -1.9742339 3.0848756 0.89099973 -3.386396 2.411297 -0.4646288 7.0899177 -5.0685797 0.3009174 -1.0553162 4.7170744 -0.62299734 -1.6722989 -3.0657015 -1.6982849 -2.441169 -2.106574 0.51438844 -0.32622108 1.3013476
contaminate -0.097719565 2.628767 2.005055 -3.8130548 -1.2152776 1.2396778 2.5590816 -7.7609515 -3.4188807 2.254978 1.3678396 -1.0025603 -0.74677557 0.1307405 -4.9741535 1.8376572 -2.587271 2.68212 2.0437255 3.2779953
seep 0.52255404 3.6297326 2.7348428 -1.3604244 -0.7704085 1.3869605 1.0270628 -3.986011 -3.077268 1.8280176 2.701476 -0.1196165 1.2779388 -1.637912 -3.990799 0.18678418 -0.62884295 1.6129972 2.820256 1.3997458
embalming -1.2880727 4.7010746 3.4158175 0.3399596 -2.3693497 2.7192624 6.0844903 -3.5624778 0.1924644 -0.54026616 0.7958609 0.58393955 1.9177016 3.4808743 -0.4409772 1.0890353 0.39259267 2.3470895 -0.04075102 3.4536617
quench -2.059916 2.3063436 2.6260655 -2.7096736 -0.3137401 1.9681294 1.9428172 -1.974209 -2.3374753 1.7533058 2.3813877 -0.080411576 0.7484301 0.70677257 -4.52552 0.14726384 1.0268388 3.9216082 2.6729991 4.3207808
inhaling -4.236855 4.5181417 4.5121894 -3.5104272 0.49260527 -0.54370797 4.815839 -4.2613597 -1.7805104 0.6729732 2.6253536 -1.5496396 0.2606442 -1.3473923 -2.7587333 -1.1294823 -0.53317815 2.9361634 4.1922846 4.682975
contaminating -0.78758806 3.1172235 2.0507896 -2.6168807 -0.9201674 0.79839456 2.9636745 -6.333574 -3.0509787 3.233513 1.4859301 -1.3805155 -1.5057889 -0.7121446 -4.2848225 1.592437 -3.301094 1.6006482 1.8840175 2.857432
slimy -1.7837203 2.6189826 0.6845573 -1.452268 3.4208083 0.11724648 4.365112 -3.3961225 -0.8740281 2.0325716 4.094924 2.0039628 1.9399631 -4.1237144 -1.8785454 1.2267932 -0.93979114 4.4039726 2.8989842 -2.3361964
concoction -3.2040176 3.4488943 2.547353 -3.9515576 0.9256615 1.3391566 4.690525 0.69216245 0.3668431 0.021623746 4.1522303 3.8302286 -0.4921748 -0.7996264 -2.333061 -0.9559925 -0.69008607 4.1928916 1.2766734 -0.1036739
dusting -2.0323987 3.5038266 -1.0562384 -2.499486 -0.30744138 0.14618935 2.857436 -5.174837 -0.481216 0.5737015 1.3185054 1.2267839 1.0839051 -1.5203903 -0.60495645 0.08860523 -0.65549237 1.2124332 5.1256404 -0.09435543
baits -1.0079252 2.8959072 -0.37084523 -4.521572 1.5312743 -0.7357153 5.9703803 -4.356061 -1.3850746 1.5634902 4.5684385 2.5776432 -1.8107363 -2.5172396 -0.4600912 1.0746338 -0.6529323 0.53515273 4.0127053 -0.24757463
sniffing -2.0160396 0.70785236 1.1977681 -3.5000074 0.8986276 -0.29522687 6.3404856 -3.8918073 -2.4833417 -0.9953555 -0.31129375 0.78339607 -2.5914953 -3.078462 -1.454694 0.34795156 -0.57473826 1.814772 3.2990289 0.69042367
crevice 2.3738487 4.041338 0.9579437 0.26627657 1.581446 0.1440877 4.8156157 -5.5581255 -4.2123246 1.6206822 4.3831706 -0.1867287 1.9571215 -1.7021478 -2.4237943 -0.32281464 1.9082161 2.739834 2.4055555 -2.1106515
cocoons 1.5638342 3.8471446 0.8575713 -3.9357107 1.7954986 0.17334878 4.6525426 -5.797603 0.072510235 0.83024454 5.9490423 1.2398666 1.8521316 -0.3574159 -0.25835 -1.5914669 1.4791807 2.9626932 3.423979 1.2965152
scavenge 0.84667355 1.6231802 -0.9160706 -5.163014 1.2006633 0.092739895 3.631833 -6.6561403 -3.1125307 0.8015265 3.2909598 -1.310077 -1.1267043 -1.0720419 -1.2795706 2.3490398 -1.7355288 1.5504034 2.8335428 0.69837624
ooze 1.8266902 3.832528 3.162105 -2.8912265 0.7312092 -0.87304115 4.480556 -2.2193608 -1.8122075 2.5756795 4.8741455 1.0880628 3.245626 -2.8613107 -3.7034853 -0.32729068 0.40672144 2.6855545 1.5227691 -0.2658145
vials -1.4193109 4.958655 3.580935 -3.9105105 -0.80578214 -2.9470117 7.145642 -4.863628 -0.61933994 0.325418 1.9896206 1.4407398 0.15289167 1.744763 2.2539678 -1.7051772 0.21145423 2.4184787 0.56556684 2.3906047
sniff -1.1411316 -0.7198184 1.1740026 -4.3870516 1.5973315 -2.749609 5.588213 -2.1863322 -2.9928055 -0.83927834 0.86113566 0.9562998 -0.49809575 -1.8991807 -1.93351 0.50701845 0.657735 2.5654297 1.5855255 0.15002248
sunburn -1.8408605 3.2964144 0.5953365 -2.8665624 -0.63055134 0.5899991 3.2542434 -1.2730098 0.53044784 1.7516625 0.29685298 -0.9644811 -0.6832092 -4.831041 -1.5385036 -2.0299149 2.4457777 1.7330766 3.1496208 1.9078267
scrubbing -0.7867024 3.512143 2.2366357 -2.5965252 -1.195619 0.19323644 3.4360106 -2.8594775 -4.3913064 -1.144762 0.6120205 1.186221 0.74921536 1.25055 0.39268377 0.3316807 -0.5845809 2.6260524 4.8134084 1.1064569
scab -1.8791182 4.102213 1.532629 -1.2362733 2.3146288 -2.0724456 2.4510562 -3.9780517 0.16303489 0.6691669 3.7873201 0.22394562 -1.5615833 -2.982962 -1.5381793 0.7272133 -3.501212 2.5399432 2.4198883 0.46147177
bowels -1.6031232 4.036906 2.7422085 0.20955673 0.9218435 0.5610744 5.7145305 -2.2667506 -1.7710433 0.12593089 3.2537541 -2.7432537 0.9227522 0.52044463 -3.0154147 -0.43593657 1.3274527 2.9072537 0.1978992 2.0892773
soothe -2.8317978 1.4079715 2.550609 -2.4295838 1.8795986 2.4052842 2.9687176 -1.0934864 -1.4599931 -1.2981459 2.0619094 -1.8408809 -0.5867697 -0.5293521 -3.20446 2.1101778 0.6579104 5.012658 2.1915379 1.8206577
eyelashes -1.7292322 3.7949586 2.5859041 -0.3535296 1.8389242 -0.65655893 6.742627 -1.7736163 0.21700998 1.0722615 1.2561584 1.0664191 0.69668317 -1.7463515 0.1413662 0.45737883 1.4559041 6.02605 3.9088526 -2.4862466
maggot -0.986961 2.491601 2.492576 -2.9438806 1.4384899 -0.14292188 4.885169 -3.2593348 -0.81697875 -0.52409685 2.8998537 0.77314794 1.4858874 -3.591086 -0.38891965 0.3101546 0.3503962 1.8031914 0.18539627 0.44467917
nourish 0.2439179 1.5354612 0.7423381 -2.3040802 0.8082815 5.086196 1.8375105 -3.7874272 -1.601667 -0.87261516 1.8421998 0.9157676 -1.4698061 -1.4578155 -2.0057602 2.5891194 0.65423375 4.8230224 0.22977145 3.0826588
smelled -4.295158 3.5609524 0.40011576 -3.3086205 1.3736448 -1.2241962 4.9665 -2.6510568 -2.7568052 -0.62288916 3.1452765 -0.7437055 -1.4839536 -0.44212112 -3.5584474 -1.0941914 -0.1450216 3.9757922 1.9397311 0.2426631
inhale -2.8087134 2.2624247 2.9028666 -3.8858688 0.8675309 -1.1453515 3.5748873 -2.3665903 -1.8957173 0.47876322 1.5080969 -0.116631456 0.097506724 -1.8308878 -2.9855034 -0.50765854 1.1656002 4.4226108 3.9523585 3.034578
oiled -0.8684878 4.139683 -1.3654598 -1.4908296 -0.80545616 -0.67898506 3.8238723 -3.6478689 -2.0413623 1.4434463 1.8682243 0.40642014 2.031173 0.6931517 -0.6584457 1.0463197 -1.2039933 1.8208535 4.342279 -1.0849687
lotion -4.4577355 4.1679773 2.2694273 -4.6997113 0.85518163 -0.20492175 3.8130932 -2.2092555 -1.9711155 0.073854536 2.2174747 3.559546 -0.0760419 -1.910379 1.4921238 -1.7667478 -0.7918383 5.1914577 3.40523 3.6167057
disinfectant -3.1859636 3.8694124 3.3935547 -2.3974917 -0.26226303 0.38787645 3.3541396 -4.5765743 -1.1105262 1.764162 2.6294105 3.0660532 -0.9827039 0.72255766 0.6703807 -0.7433723 -2.3994784 1.8033686 3.4776123 4.748285
astringent -4.7906213 3.5630045 4.517187 -1.4193257 1.7678305 3.1010106 1.6704279 -3.4849632 0.8269949 1.7925253 3.0781157 4.1757274 0.14812143 -2.2405903 -1.8127729 -1.9169266 -2.488845 4.567637 3.5663037 -0.36712027
lubricated -2.1926887 2.3205338 2.08159 -2.804131 0.40395063 -1.3614244 2.4905133 -3.349187 -3.4932706 1.4993523 1.6340449 1.3901584 2.9061625 0.63448304 0.16682915 -0.033362295 -0.78237945 2.5526993 6.1763754 0.46483064
flaky -2.8443742 2.707532 1.8539777 -1.4897581 2.1451302 1.3653306 1.6378646 -2.7100606 -0.9790795 0.80099386 3.0050697 3.3151193 1.3226043 -1.7704074 -0.62540287 -1.3608558 -0.43653956 4.956552 4.51185 -2.4213283
puddles 0.47794092 4.309023 -0.8644683 -2.8209164 -0.4646321 0.04239714 2.726037 -3.5624611 -2.8933854 0.3475908 2.959053 -0.32189247 -0.032766104 -2.0862634 -2.9709947 -0.40035582 1.8650047 1.9308039 3.0727053 -1.506275
unsightly 0.39017355 4.7521195 0.8961704 0.18266395 -0.97672576 1.1331273 3.782373 -2.4989893 -2.6156914 -0.32583115 2.0800667 -0.15303263 -0.97775 1.6489688 -2.7453651 2.2328806 -0.7940845 2.3775344 3.4275055 -3.022163
insides 0.42091006 2.4720094 1.1433728 -1.381378 0.081931226 -0.7280895 4.650153 -1.9614223 -2.6008744 -1.218285 1.5809925 0.35024467 1.7938735 0.35882887 -1.0985862 -0.009912646 0.22139174 2.9353535 2.487124 -0.8000731
regrow 1.055436 3.781095 2.170697 -1.9614369 1.5919646 0.85193706 1.3522975 -6.519821 -1.854673 0.93997335 4.2340407 -2.380953 0.21956867 -0.74931324 -2.375509 2.482314 1.329842 3.0070248 3.0074687 0.31483695
potting -0.8296137 5.2669454 0.93029046 -1.7378787 -1.086169 0.71696687 0.44598022 -3.1085055 -1.4078808 -0.3244479 2.0582292 2.0928967 1.2524529 0.4291082 0.695424 0.6304226 -0.19734657 2.876648 4.2972054 -0.9235102
sneezing -2.4228644 1.7216018 3.870693 -0.7902323 1.8194473 -0.2776357 6.012159 -2.0929987 -0.9039513 -0.5724018 1.3447323 -1.0993019 -1.4880327 -3.2807715 -3.2276247 -1.5670395 0.91959584 2.80417 4.0379386 1.7299241
rubs -3.5416646 1.5166954 1.5583743 -2.3496895 2.127532 0.6317765 4.1314297 -2.442602 -3.4670432 -0.32925355 0.78983355 0.051669188 1.6568794 -1.8118556 -0.45689964 1.2014455 1.1505636 5.337319 2.8939824 -0.9769509
nitroglycerin -2.2383904 2.6072514 4.4537287 -3.7266293 -0.09115075 -2.020891 4.628458 -3.3162162 -1.1099433 2.232614 3.069517 0.4902202 -0.10400347 1.0912409 0.32844806 -1.5174187 -2.6555974 -0.74291867 3.8981316 3.741822
drips -1.2524446 3.5911336 2.5823936 -2.1401055 -0.09121038 0.19713232 3.08388 -1.7483381 -3.4155626 0.5129454 1.3844734 1.0350647 2.5964937 -1.0384911 -1.7289253 0.24988581 0.45512342 4.5816936 3.2684126 -0.6902553
soiled -2.6159859 3.8469691 -0.26951286 -1.8696353 0.6856241 -0.06939117 4.8938165 -2.7897856 -1.5052723 -0.7828443 1.7897419 -0.53689826 0.17397496 1.6023227 -1.0334655 0.9934717 -1.0181118 4.962664 2.7628841 -0.3135081
bladders 0.412266 3.747125 1.003758 -1.5199459 1.4751421 -0.36141434 4.852949 -5.6091547 -2.2367673 2.2997801 3.7804427 1.0986162 0.5033029 -0.6761642 1.8569353 0.10801447 0.7487238 1.4622707 5.6405506 2.4326103
skimmed -2.1611571 2.8106189 0.7651362 -3.6027298 -0.38188875 -2.0440361 0.33542505 -2.9313445 -2.731866 0.9611926 1.6234661 0.81149995 -1.1233096 1.4164939 -0.9348911 -0.7142971 -0.57669055 2.993833 2.0179267 -0.4202961
pulverized -1.089795 3.6995924 2.2915738 -2.202478 -0.7244199 -0.7713791 1.3082157 -4.274694 -1.3776765 1.6958746 2.7486308 1.5356507 2.533352 1.0590959 -1.2857472 -1.5538919 -1.6477996 1.4211901 4.1499186 0.47688273
fertilised 0.940372 2.351412 1.9041694 -2.7930226 1.7832751 -0.22515103 2.2401693 -7.4189053 -0.33548298 0.55969477 2.7875423 0.56629264 0.21357065 -2.1176012 0.82279855 -1.0248219 1.2471896 2.6076188 1.4215391 1.2677022
husks -1.3482671 4.8744946 1.3868829 -2.8383517 1.3397764 -0.3071027 2.1574655 -4.388791 -2.610853 1.2905233 5.3049765 3.0996284 0.626424 0.78234065 0.0031466188 -1.9914618 -1.205833 4.2649517 2.1069567 -0.6913993
eyeballs -0.38943782 1.877796 1.2814125 -1.8945436 1.4630078 -0.9482789 6.0303245 -1.5384746 -1.5049448 -0.56667495 2.0544856 0.57743585 0.5820004 -0.88714314 -1.2215455 0.30386162 1.9078219 3.631938 2.727091 -1.0304359
seeping -0.1007944 3.7161913 1.9187363 -0.9242322 -0.75991267 1.02283 1.359854 -2.9174898 -3.355462 2.0742755 2.6063385 -1.2093397 2.0480342 -0.35536295 -4.7364244 -0.67096025 -0.70221114 2.4259655 2.8088708 0.3632866
piglets -1.5317079 3.3668585 0.005518232 -4.3943996 1.5575402 -0.773273 4.3772297 -4.5902596 0.68058836 -0.010867913 3.6478424 -0.2422053 -2.4745166 -2.3281949 0.878315 -1.2749536 2.0215397 1.0767323 0.64643383 -1.4937341
copulate -0.16343921 -1.095831 1.6809388 -2.326602 4.617625 0.4945165 3.9258897 -5.5963917 -0.0716453 1.115092 2.005162 -1.687394 -2.1622262 -2.133752 0.40744564 1.94248 3.546366 4.461238 2.0044653 -0.368507
odorless -3.02291 3.6101556 4.285667 -1.8359548 0.92096317 -0.95196766 1.4523304 -3.9805963 -0.8542754 3.5552452 2.803057 4.007574 1.1637295 -1.4777037 -1.5314639 -0.983849 -2.6253414 4.3396287 3.361396 1.1136882
coughs -4.7370296 3.2900572 3.653284 -1.3174975 1.764285 0.35501847 5.8396707 -3.1118665 -0.39120075 -0.5810157 1.8742826 -1.1226994 -0.71428543 -3.0309472 -1.5608556 -2.1040468 0.9741124 2.7243178 2.6301057 2.1173248
rubbery -0.6596022 1.8931687 3.3600743 -1.7167195 1.7806808 0.03760528 1.7709507 -2.1119032 -0.7771667 1.1203989 2.0074012 2.8071218 2.3502514 -2.6881788 -0.9846575 0.83190423 -0.7881731 4.2005806 5.3731637 -2.1757424
slitting -3.2053523 2.5328205 2.6887782 0.264387 1.9568536 -1.1408072 5.709405 -2.1353586 -2.8069372 -0.65661585 1.8400271 -2.204482 1.6595992 1.17966 0.32473233 -0.08918958 -0.13100642 2.8522732 2.363519 -0.4445973
gnawing -0.67329735 1.7161648 2.6015346 -1.6932973 2.2673352 0.59210455 6.0500283 -4.8203573 0.05482229 -1.6082214 3.0403407 -0.69321555 0.8435059 -0.44158795 -2.1575024 0.82734954 1.6251369 2.2875507 3.059923 -3.4141705
defecate -0.70507056 1.9227613 0.50456095 -1.3638501 2.1908474 -0.07797037 5.027259 -4.639219 -3.039521 -0.24835834 1.1909475 -1.4690727 -2.4788554 -1.4842312 -1.2651067 0.385774 1.4177092 4.6431484 2.6594024 0.13982446
hypodermic -3.728229 3.054417 4.2786164 -1.2205869 0.2991496 -1.5731316 6.73916 -3.9903326 -2.1274495 -0.5751575 0.3917883 1.7875028 1.8833064 -0.8786447 1.1540651 0.29519457 -0.6238572 1.8342168 2.3648102 2.42118
gouging -1.8908019 1.6943965 0.43394735 -1.6401742 0.7178192 -2.0895734 2.4451153 -2.38203 -0.76310796 1.9790654 0.7257612 -1.2253944 -1.5150467 -0.8514825 -1.8514469 2.910977 -1.4811113 2.0204105 2.2333179 -0.9064979
smelly -2.3600943 2.1666179 -0.48871022 -2.5817363 1.7524186 0.12340542 4.299626 -1.4004588 -2.220345 -1.0082489 2.6473863 1.192676 -0.47454783 -1.9490974 -1.5814358 0.0859839 -0.4801578 3.1928957 1.8128139 -1.8194811
digesting -0.016838677 1.3334471 3.179752 -2.7457685 0.4400459 1.2906576 2.6582434 -5.1340284 -1.1663306 0.5348131 1.486532 0.5514544 -0.7202025 -0.6607735 -1.1179674 1.1091496 -1.4448516 1.4146389 2.0737965 1.4084015
foaming -1.5316637 2.6703777 3.2152658 -1.6650956 0.91745096 0.23262402 2.280167 -2.857049 -3.311835 2.3605866 2.9579737 1.9137218 0.71153307 -0.77115196 -1.8470231 -0.039032575 -1.6230935 2.5394428 3.997452 1.5312463
penises 1.2448968 2.2745194 1.2927412 -0.77678245 1.8039705 0.08381237 5.9397473 -2.9913244 1.3127608 0.1634292 1.4810313 -0.00310046 0.0024956486 -1.0157092 1.1465935 0.23971225 0.9342055 4.0199633 1.798289 -2.178623
thawed 0.26506424 2.7974217 1.1185309 -2.406721 -0.08722467 -0.02090943 1.1493186 -3.4973323 -1.1413641 1.138416 3.3592339 -2.0190313 1.476522 -0.22306189 -2.6308951 -0.22768074 0.96725255 0.8883308 1.1159577 2.5807633
shavings -1.4445063 4.6381783 0.8279618 -2.370083 -0.26201478 -0.292644 3.1241019 -3.2966146 -2.2889855 0.7424404 3.2106965 2.085655 2.5640364 1.0570132 0.7904734 -1.162994 -0.900563 2.8725817 2.7896533 -0.31202513
perspiration -2.1335416 3.9881039 3.4856386 -0.7546161 0.41043305 1.3139368 2.7699387 -2.4781446 -0.21463828 1.6994883 1.8215979 0.020802904 -1.2677498 -1.2224169 -1.6314425 -0.38765493 1.896999 3.3814723 4.427296 1.8112026
decoction -3.6930861 3.7667484 2.5369194 -0.80182374 2.5804403 1.4046253 3.8255966 -5.8301497 0.20093024 1.2289767 4.797617 4.5920324 -1.2491857 -1.0374562 0.018062696 -3.005839 -0.9689494 3.753248 1.465037 3.0040333
fingernail -0.5973241 2.1397405 2.3855002 -0.36194074 1.6993942 -1.6058226 5.270125 -2.284704 -0.34404528 0.3048584 1.5771163 0.85545623 1.6810132 -0.2711616 0.19658343 0.29420012 0.7428031 3.8506875 1.8102046 -0.84725744
swab -2.4833188 3.606556 3.6889365 -0.2548945 0.51477456 -2.0561485 4.251381 -3.8754456 -0.35022435 0.14193933 1.0740387 0.88232994 0.049469687 -1.1301285 1.2006149 -1.4029014 1.2564368 1.753425 2.2140746 2.891713
yellowing -0.9823246 4.551981 3.6526947 -0.22489882 0.9797205 -0.08606964 2.8959174 -4.8546205 1.0377723 1.907825 2.2998402 0.30752757 0.7212861 -2.80664 -1.0173876 -1.0151739 -0.45213094 2.5332375 3.6292596 -1.04372
medicated -3.629567 2.8961709 2.4644678 -2.650893 0.7300949 0.029880507 3.3949594 -3.034424 0.2401722 -0.09405999 0.9881338 -0.27848876 -1.1950614 -1.5128824 -0.25952926 -0.7484083 -1.5363402 2.4615068 2.6621563 1.4873863
ointments -3.0525553 3.7496912 2.750894 -2.2709785 0.49776566 1.6024338 4.995343 -3.6299083 1.8351326 0.691576 1.9503368 3.0452425 -0.1530132 0.16147049 2.183592 -1.8370411 -1.709604 3.6562512 2.3954072 3.0945897
flaking -0.13824892 4.3009467 3.5504136 0.39947394 -0.2257277 0.59875226 2.6790137 -2.6917937 -0.23817666 1.70868 2.595424 0.13435003 2.7928996 0.7633182 -1.4004418 0.5818518 -0.78917813 1.978152 5.120447 -0.81392306
shampoos -3.806559 3.5670626 2.1144085 -4.468129 -0.13108322 0.8885162 3.245541 -2.9718854 -0.9029075 0.795064 1.2822949 3.0399957 -0.74640214 -1.785085 2.278645 -1.3434173 -2.3287191 3.330198 4.758805 2.6822784
corrode -0.31457773 2.4344237 3.7060275 -1.5712032 -0.2981597 0.3102198 0.5357813 -3.7220507 -2.2080193 2.4303944 2.277585 0.24488045 1.2478197 1.8063844 -2.2583752 1.5254372 -1.9199197 2.3024879 5.2543473 1.1831992
sterilize -0.9003967 1.4295802 1.3854982 -2.4484222 0.20240913 0.43174475 2.7732527 -4.37994 -1.0825237 0.06820371 1.0298831 0.6021826 -0.47986984 0.0269207 -0.6584168 2.0131664 -0.8873995 2.1861258 1.8514749 3.739265
acrid -2.7875304 2.2022452 2.7232378 -0.54919666 1.5719599 1.197222 1.8302792 -1.8629757 0.7424501 2.213415 2.8442073 2.1069582 0.5344766 -1.9648125 -3.080032 -1.0697632 -1.2804085 3.33233 3.0962746 -0.35279235
rinsing -1.8995751 3.3732278 2.9051466 -1.6093675 -0.4468577 -0.14084613 2.4900408 -3.4539359 -2.1444018 1.0883317 1.5569686 1.486285 -0.3830406 0.5304694 -1.0384059 -1.2971369 0.39689568 2.9083872 3.4977484 2.5421054
lotions -3.135019 4.1629233 2.158413 -3.842811 -0.49996802 1.357079 3.5118592 -2.5772088 -1.1317704 1.071224 1.2093532 3.7595193 -0.21803293 -1.3884486 2.8331046 -1.2916739 -1.86022 3.7613878 3.8547518 3.000356
phosphorescent -0.3627154 1.946823 1.88537 -2.00972 -0.13206644 -1.1513034 2.4895835 -1.5201946 -0.6960704 0.2162661 1.9055066 1.6224217 4.191957 -1.6004962 -1.7223302 -0.59810334 -0.4471778 2.138465 1.8873098 1.2407281
odours -0.5281546 2.5133266 2.4452055 -0.9106914 0.7551266 1.0686412 3.7082388 -2.4169886 -0.2428091 1.1221681 2.5413904 2.0656388 -1.1977607 -1.3605909 -1.9189994 0.38166618 -0.43139654 1.8055238 3.419111 0.9007049
swabs -2.0611312 3.6620417 2.9008453 -0.7411233 0.6857256 -1.4171778 5.280795 -4.32645 0.4700255 -0.1975217 1.0694412 0.9129265 0.010666323 -0.23072682 1.3320696 -0.7989643 -0.6220282 2.4952435 2.04491 1.8236167
scalding -2.9459417 3.1167967 0.944157 -2.2735581 -0.114612706 -0.85154915 3.217344 -2.9876602 -2.368343 0.7303254 1.9213152 -1.6860604 0.4536983 0.8270936 -1.5060538 -1.2589647 0.6239368 1.1290989 2.9238167 0.9168086
remover -1.6218011 2.1675987 1.4721862 -2.299177 1.117849 0.85263485 3.069676 -1.1819818 -1.5955372 1.5627719 1.8473551 2.2351801 0.9467313 0.09476726 0.7991717 0.728278 -1.0866944 4.051806 2.3640404 1.0238354
licked -2.3671825 1.6786871 0.83796054 -2.1741574 1.9558234 -1.0257391 3.5937078 -1.8869387 -0.7809223 -0.7941729 2.5274322 -0.3780053 1.192671 -0.95769924 -1.751844 -0.26746997 1.2679825 3.8895962 0.31685483 -0.31532106
discolored -0.7409715 3.7680209 2.1954515 0.34087586 0.97671163 -0.6293153 3.2822297 -3.7821221 -0.36380863 1.0372659 1.884365 -0.49567816 1.2269888 -0.9962913 -1.2872959 -0.21377754 -0.63509935 2.8116302 2.92287 -1.2733017
tampons -1.7622566 3.115499 1.0187968 -2.753533 0.2559451 -0.9632085 3.3200026 -1.9546015 -0.30771452 0.17557982 0.9977264 2.3082697 -1.7216846 -0.4869582 1.8661503 0.17856373 -0.49253547 3.3787472 2.9603772 1.7897617
mouthwash -2.952166 2.984262 2.8469667 -2.3572652 0.45500934 -1.1240922 2.5957062 -3.0207357 -0.34912017 0.5628475 1.497006 3.1553776 -1.0675602 -1.182087 0.8319273 -1.5069948 -1.9609697 2.8087614 2.4441845 2.480356
regurgitated -1.1609722 2.5606306 1.7745779 -2.631377 0.98587716 -0.03808204 3.1779428 -4.829238 -0.65165156 0.17720626 2.0202787 -0.048449058 -0.41523856 -1.6640929 -0.909681 -0.40642077 -0.5341701 2.6225533 1.6391526 0.4160785
moistened -1.7037125 3.4111683 1.377398 -1.1774335 0.6509443 -0.5311716 1.4975919 -3.394975 -1.4812337 1.4971193 2.540558 1.9134917 1.5280833 -0.24230854 -0.99093544 -1.1431353 -0.26027521 3.936154 3.0490441 0.28719535
kneading -1.1170847 2.2316837 1.9125605 -1.6853077 0.9595008 0.9949307 1.4356452 -2.6719432 -1.3380141 0.43562657 2.1506772 2.0323083 0.7576714 0.7557797 -0.36234805 -0.568182 -0.017423242 3.8319464 3.6481066 -0.30174458
indigestible -0.06673953 2.0157526 2.8692913 -2.0953758 0.48668298 0.6737984 2.0398893 -3.7884753 -0.42038026 0.52744234 1.8179755 1.2816818 -0.3108178 -0.47890273 -0.8727611 -0.019144995 -1.7317331 2.4917505 1.4305899 0.050882757
udder -1.4243166 2.3556716 1.4899347 -0.96269697 2.3274348 0.21542016 2.9195027 -4.0428195 -1.0432429 1.1885996 2.4609706 0.70622903 -0.5890972 -0.69412786 0.8593394 -0.06749851 1.5125235 3.3724864 2.7015357 -0.43689653
putrefaction 0.10501237 2.711847 4.2207394 -1.1200491 -0.08421639 1.0402831 2.0596523 -2.4534123 0.7023044 0.86719984 2.4826412 -0.33472273 0.3446704 0.055880494 -2.6015646 -0.86636573 -0.1421999 2.1690881 0.7999275 1.4567076
toenails -1.306601 3.0704908 1.7701603 -0.25866795 1.6522026 -1.3299885 4.790626 -2.1613448 0.26181835 0.042156752 2.0635066 -0.7792504 1.5403653 -0.5779036 0.65780145 0.2991537 0.5198299 2.9031625 2.6654668 -1.2932795
sinew -0.19262546 2.4026253 0.9029797 -0.31824264 1.7375343 0.07748126 3.4788713 -2.5089042 -1.004476 1.0512233 2.9331594 1.218477 2.5154405 -0.12931395 0.39360142 0.2968354 -0.55047905 3.267938 2.7108748 -0.5179852
putrid -1.6178294 2.5337353 1.6028688 -0.95153224 0.71732706 0.74693596 2.640854 -2.1747577 -0.1078963 0.3310137 2.5608633 -0.11302775 0.36685255 -1.5455496 -3.248892 -0.39819095 -0.15293229 1.9724253 0.29181704 0.27984914
laxatives -3.606585 2.5611212 3.254206 -1.6915675 1.2085072 0.10515969 3.1134243 -2.8875463 -0.849877 0.4425149 1.4944429 0.47764173 -2.3841078 -0.6572766 0.8563032 -1.1310165 -0.9184859 2.1838882 2.1758974 2.8924356
disinfected -0.8999069 2.521742 0.9774542 -1.4947474 -0.77448255 -0.39427277 2.3975613 -4.1241803 -1.5267254 0.44744658 0.5663727 0.53821784 -0.2878078 0.9024109 0.045640867 -0.78350806 -0.36133307 1.5179523 1.7452219 2.3551927
splattered -1.2099215 2.4962883 0.6838159 -1.9510319 0.11818936 -0.07187466 3.782772 -0.9915262 -2.2997956 0.25444108 1.2495859 -0.72082055 2.0686188 -0.21357858 -0.99913865 -0.46368015 -0.054955617 3.4878337 0.9429456 -0.5435743
dousing -1.4325159 2.033485 -0.0026634266 -2.7746367 -0.22941417 -0.4439843 3.0524995 -1.5771968 -2.3639271 1.0594275 0.9349522 -1.3985049 0.47722942 0.15444136 -0.83379513 0.0141809 0.7514555 1.9319592 2.27835 0.49904266
innards -0.5588683 1.963354 0.60870993 -1.7544394 0.56042916 -0.26370916 3.7024438 -1.3817085 -1.4466549 0.7097625 2.2217507 0.9307179 0.3324111 -0.19271524 -0.69729257 -0.18010132 -0.039941177 1.896233 1.5060589 0.41740832