Centroid_137 -4.968722605070967 0.6597904415809028 -0.38940756451612873 4.0143951541290335 0.09570146038258064 0.9261536349096775 0.11945396492903221 2.3911869561677417 0.9095319380567741 -1.8490559674709686 2.4661802105483863 1.1682187207290318 1.960191240064516 5.381325123225808 1.838812811612904 1.8076187268903217 0.9255398220283871 -0.7488515831045162 -3.40726816064516 -2.7877024847225824
william -9.391996 0.5502904 -0.45372608 7.927977 0.12748723 -2.6620562 0.1271708 1.3817999 1.2823682 -3.7884626 3.0537121 2.9833686 4.860052 4.8643837 1.8702686 6.0153737 -5.074473 -7.027577 -5.3932657 -5.979488
thomas -7.815931 1.1494734 1.3357863 6.49543 0.48873803 -2.062306 -0.36829433 2.7006214 1.0925155 -4.5144696 2.1725562 1.7918676 4.469895 2.8756657 3.1011074 4.3101363 -2.2492266 -4.8674264 -4.086558 -6.1051955
charles -6.6270747 -0.30446357 0.79644936 4.847991 0.18210557 -1.5745168 -0.81861156 3.047737 0.4439384 -2.4001317 4.52585 1.2287731 5.431287 5.324364 1.3849074 5.768599 -3.470522 -6.189913 -6.075253 -3.6852317
sir -13.322392 -1.8199962 -1.3817838 6.1894665 -1.300714 -0.31936252 2.3879652 5.765551 0.978449 0.38154274 2.1422622 3.8029923 3.7051883 10.28084 0.71024436 5.980332 -1.1389542 -5.8820553 -3.5896044 -6.53082
mary -8.735431 5.8608894 -0.5455699 4.555727 0.4949279 0.5171391 3.051901 1.401557 0.43321893 -7.2150397 3.6124508 0.37246054 2.8663347 0.61522126 1.9876958 1.439574 3.3491604 0.43691847 -9.767064 -6.4345493
lord -9.095536 -1.5544652 -2.84782 5.2196717 0.7509352 -1.3122003 3.809829 5.7639885 0.34606326 1.3931113 3.4728808 3.7006207 -0.9220242 11.15459 -2.3261402 4.1111026 3.4300606 1.0246636 -5.494346 -6.377747
prince -7.6599803 -2.217703 -3.3692155 0.25765133 4.096743 0.81940216 0.45338887 6.127998 0.33908746 3.0016735 8.49336 0.5454256 3.1204247 9.872135 0.19210711 0.52907664 1.6697357 3.6346533 -6.3666 0.2895849
queen -5.07764 2.3479443 -5.3094325 -1.7110903 1.4781117 0.9789992 3.6817765 4.859102 0.7954634 -0.8176761 8.182475 3.5969095 2.1864986 7.284751 0.08913349 1.411947 5.197299 4.697103 -7.086327 -2.8976068
edward -9.590638 -0.12700698 -0.6107045 5.938239 0.02965731 -2.068593 0.19300431 2.5504322 1.6321379 -1.1781323 3.3468533 2.7307336 4.322999 5.645533 0.47498554 4.9717746 -3.6264007 -5.288056 -6.1264796 -4.4993443
kings -0.8016707 -0.623216 -4.868943 3.9695892 2.7031324 -1.2965877 0.7271405 3.350037 1.6874478 0.34760067 4.9110193 1.3694687 0.5209571 6.9890237 0.5514068 2.5435631 3.7975228 3.2641444 -2.7795024 -4.2538724
alexander -7.2502174 0.04391774 1.8626795 3.151245 1.4704251 0.5776673 0.28501153 5.5815454 3.4490566 1.7628576 3.810125 -3.2239478 7.6435537 3.7452128 2.9214866 3.1070473 -3.0790606 -2.0592651 -4.3040857 0.73979366
duke -4.4575977 1.839095 -0.40322506 4.925016 2.934111 -1.7301344 -4.2598815 4.359852 1.2312534 1.9075625 9.712974 0.23503885 3.8837442 11.178484 3.6049073 3.8453774 4.0021024 0.6620757 -6.0365663 -1.4502534
elizabeth -10.353929 4.539894 -3.4788055 2.9491127 -0.6238499 -0.9550312 1.1579405 1.5251564 1.4122657 -4.057856 4.728688 0.77842927 2.5872009 4.234964 2.0163367 2.7093978 1.5387194 -2.4459717 -8.490921 -3.8177335
francis -6.0553207 1.1810102 1.1161697 5.6292653 -0.40557826 0.13667093 -0.03584316 3.528441 0.91963 -1.4164675 2.382911 -0.76341057 4.990683 2.9435587 2.7156334 4.127592 -0.37191054 -4.39089 -7.3209267 -4.178619
albert -5.7760115 0.7531933 0.6817623 1.7595115 -0.088068835 0.796095 -1.626418 3.6575603 -2.0103106 -2.352588 3.4895296 0.30490795 7.614916 3.2117312 3.8017597 3.0289917 -1.4643358 -2.6026351 -5.3521147 0.36436996
samuel -8.818035 0.4722388 1.3547243 5.7344832 0.2119152 -0.7130215 0.5353026 0.46356088 1.0535951 -4.977823 1.6707902 1.1226553 4.543524 2.2165456 1.3396076 2.4288208 -6.2676435 -5.5766897 -6.060962 -3.4652114
frederick -7.7321043 1.47256 1.49592 6.7720165 1.4779531 -1.0923052 -1.8815545 0.012772442 1.5133215 -0.95766896 6.3376884 0.919469 6.1028 8.125859 1.974918 5.117255 -4.271973 -3.8132832 -4.729913 -0.74367833
philip -6.2366204 0.24697551 2.4947338 2.2004063 0.13538928 -0.6546884 -0.84762233 4.471647 1.7770118 -0.18734628 4.2329097 -0.04526986 4.5080585 4.8322663 0.50736076 4.6527476 -3.2541316 -3.0702581 -6.3805876 -2.4885495
anne -8.426119 3.4566057 -1.1330857 0.81755626 -0.8665647 2.2145112 0.8578272 2.2250965 0.046118464 -5.5931635 2.6934302 1.1915653 4.3430233 3.4891827 3.0293093 1.6312578 0.5844494 -0.30201173 -7.546597 -7.3621225
honour -2.720941 -0.685015 -5.0621324 3.0625207 0.40815988 1.4699826 2.7325613 5.1330256 3.1913095 1.7750334 2.1759326 4.769161 1.8964844 5.0956335 5.6446495 3.235883 5.7466583 2.0810363 -6.182684 -0.7999499
margaret -11.675213 3.6515446 -1.0665368 2.907167 -0.007712055 0.67282444 -0.44676363 1.5973763 2.0605624 -5.078066 3.0109363 0.60613304 1.2279384 1.8737719 1.8281704 2.5135314 0.33304113 -2.2240088 -7.040143 -5.1064625
knight -4.217336 -1.4034269 -2.0656877 0.39828944 2.1202102 -3.2071972 4.857013 6.2713084 -0.16266106 1.0946791 4.793488 4.060993 5.1562963 4.0379214 3.4427133 5.9432883 4.058806 0.6032954 -4.2560296 -1.4245815
trinity -1.1374186 3.4083068 -1.8716522 10.112059 0.39158884 1.749958 -2.5066984 3.062306 -0.8360253 -4.7765093 2.8777056 3.8617263 3.5645392 2.7524981 1.8029782 1.8792984 6.3986835 2.9659092 -1.7506665 -1.3921397
nicholas -6.7802725 1.9009393 2.048515 3.2773774 -0.37108216 1.3822057 1.4469727 4.942323 1.7617159 -0.4589934 2.312522 -2.8103716 5.0145907 4.8779263 2.8683698 1.339427 -2.260263 -1.2288071 -6.6173916 -2.8420737
catherine -8.293374 3.2864432 0.48836315 0.7902847 -0.36622468 3.0732055 0.3657766 3.2908478 1.087712 -2.6825185 4.0623846 -2.252164 2.4652524 4.006499 2.6015751 1.7180849 1.2471832 -1.4302332 -8.076872 -4.0432563
grandson -10.332154 -2.780205 0.12258419 0.88527197 3.3890865 2.889721 -0.59160674 1.5079776 2.4503894 1.1256989 4.40096 -1.8213451 2.447814 4.5125566 1.3556857 0.51593226 -1.3492446 -1.3512001 -8.128746 -4.1006045
gregory -2.7287762 1.0486352 4.953255 5.2506037 0.3274919 -0.91398734 1.5998243 4.9116783 2.0173461 -1.2317367 2.3215919 -0.21241298 4.609883 1.3800303 1.5373243 2.8573823 0.11271806 -1.8678274 -6.8330364 -3.611058
westminster -2.0423646 2.7403333 -3.2824728 10.135159 -1.7016664 -1.2373905 -2.1629987 4.5042024 -0.9099725 -6.06752 0.41103756 3.6906476 -0.07626037 8.640099 1.831071 1.4889836 1.6362907 2.9441793 -1.9023513 -2.1799428
edmund -9.580156 -0.02117044 1.2079629 6.7041397 0.38969934 0.288201 1.0329337 1.2686807 2.0247571 -1.7691919 1.7288237 1.4669185 3.8476565 4.026971 0.80888385 4.300701 -2.035494 -4.6429358 -4.662865 -5.1760125
pupil -5.5254087 1.6059649 6.607526 3.9225533 0.5207672 6.324531 -0.9635335 -1.9751762 3.031994 -2.9810376 0.79162765 0.37572345 0.31035203 4.368934 8.282209 0.48287717 5.5435414 -2.4887133 -0.985748 -0.95370156
augustus -3.712402 1.0573922 2.7192454 4.693049 1.2345589 0.17925929 -0.16094545 0.37893 3.3431227 2.5022876 6.39826 -0.18200971 4.6277666 8.308575 0.22944336 4.446004 -1.36361 -1.3595443 -7.5071893 -3.126174
regent -5.7267475 -2.3603644 -2.4332364 2.4048777 2.416837 2.315617 -1.5751135 4.1091247 -0.6340787 1.5944506 5.725694 -0.21054018 -2.5986228 10.937898 2.0497227 0.547608 1.3226795 1.1725634 -5.607861 1.4158121
duchess -8.652059 5.323732 -3.373748 -1.5512059 -0.52598006 2.069727 -2.6592693 3.3747625 0.88155687 -1.4320399 8.984162 0.37454328 1.8435613 10.830755 2.9107087 0.26736468 5.5312104 1.8747498 -8.254198 -2.2878714
dukes -0.53820807 1.4434934 -0.56433517 1.5665807 2.9442053 -1.236217 -3.3134696 1.3503587 0.5598602 0.29683065 6.3275123 -0.31957588 1.3697718 8.036334 3.3535266 1.9711494 -0.29209056 3.200306 -3.3024137 -5.3822007
benedict -0.30333757 2.391092 4.500334 7.143605 -0.7862902 -1.1542261 2.6449802 5.7999024 2.312501 -0.3197868 2.0386448 -2.4949076 3.0318954 4.012718 2.2995555 3.3464353 1.4162438 0.0031918348 -8.461288 0.21236971
clement -3.4189699 0.4416781 4.8375654 5.7560062 0.10807167 -2.237325 -1.0044587 5.00968 1.7631395 0.2749984 2.2380128 -0.60767686 3.2332852 5.0517373 1.6358166 3.3320389 -0.4102209 -1.2399608 -6.506664 -2.537267
keeper -4.3648915 1.1074264 -2.8628922 -0.7344261 0.3118096 -1.4401739 1.4676223 2.7543595 -2.2539005 -0.27479985 2.4762502 -0.40582535 2.8054368 4.803367 3.9993453 4.906043 2.8199303 0.115381695 -0.9863339 -2.712908
tutor -6.833805 -1.8941364 1.6276513 4.071061 2.7258818 6.7707586 0.74399513 1.3871454 2.8489587 -7.055407 2.5345876 2.2278147 0.16338591 4.928509 7.0663834 2.328147 3.1517642 -2.1978521 -0.8928268 1.5152359
chamberlain -5.5985317 0.7241212 1.5976975 4.4113865 2.451346 -2.3214123 -0.52852684 5.378686 0.8957427 -0.419249 4.4508433 -0.40262258 -0.046586905 5.5493765 2.2065797 4.7327414 -0.27105325 -0.034345355 -2.331485 -1.3290242
librarian -4.869684 0.80055815 -0.16194224 6.226838 -0.83078337 2.3525116 1.6096988 2.4334545 1.5109907 -7.382937 -0.3119968 4.1600556 0.8105993 1.6391289 6.9310126 2.2981658 -1.3358387 -3.3727338 -5.2202034 3.3594327
deacon -3.806246 1.122169 3.1046777 7.639104 3.3013377 -0.79685605 1.2331718 3.8309715 0.76304346 -5.538155 2.3551953 -1.9325936 2.8367572 3.150054 3.2406318 0.55865717 2.33212 3.0734406 -4.4564447 -1.9826443
basil -6.938361 1.4989463 1.5625902 1.5601215 0.7827818 2.4953547 2.825697 4.0404897 0.9952762 1.2440927 2.7256377 -1.264849 4.353 3.3138947 0.5635182 0.7419466 -1.3911657 0.86817306 -3.38047 -4.099156
headmaster -9.709829 -1.5905169 0.9316301 8.594681 3.0422008 3.0243511 -0.47728828 3.2001307 -1.0136956 -6.097501 0.10466152 0.94194406 0.8051008 3.353421 7.199871 0.9184762 3.947176 -2.3948755 0.45183125 -0.9995783
knighted -11.246866 -1.2199131 -7.2780848 4.584038 -2.676161 -1.442638 -3.8536077 4.020931 6.0470057 -1.4083996 -0.077175185 0.54193217 2.1311767 11.45436 3.4125254 4.897558 1.3965461 -2.112032 -4.0002637 1.9120656
cyril -6.7099648 -1.8147222 1.9449024 4.9365673 1.545676 1.9189888 0.57199275 5.0786376 0.94338006 -0.34814212 0.08961232 -2.7706916 6.100212 1.5045701 1.9108039 0.9761743 0.95809287 -1.0655727 -3.2376854 -2.9536164
cromwell -5.8494163 -0.15584631 -0.6630265 6.5960255 1.5315051 -2.4942691 3.4445572 5.0789657 1.0270157 -1.3583397 5.223027 0.25992325 -0.6724437 9.470501 -1.5725317 4.3742414 -2.4062874 -2.803467 -0.75354975 -4.3335695
provost -5.434315 -1.8092607 0.28132907 9.864779 0.31936258 0.1343036 -1.8700621 2.3804576 -1.4441037 -0.99740493 -1.1775805 0.16956782 1.8959216 6.488472 6.658446 3.1127064 1.0944111 -2.316023 -3.999716 2.7682781
antony -5.705365 -1.1977509 2.8426423 0.48666602 0.027886726 1.0619404 1.7200003 7.282399 1.5687997 1.5396541 1.8311154 -2.9572074 2.6621475 4.0880713 -0.49982092 0.3494291 -0.1349691 -1.0770769 -3.5744684 -4.1980643
eton -6.3848248 -0.053770456 -3.8435364 7.385978 3.1346526 2.6129837 -1.9651499 1.7187749 2.063123 -6.148543 4.7976623 5.0118694 2.5939429 5.484212 6.1056156 2.6999488 7.6473055 -0.70182645 1.66674 -4.0866427
earls -5.384866 1.3600839 -4.72547 3.763824 -0.21835187 -2.5793793 -0.77946746 1.3408109 0.9931547 0.64247715 3.3030014 1.2148719 -0.89173156 11.204601 0.46151888 1.3155918 1.1063495 0.5843464 -2.7716708 -9.907357
godfrey -6.201686 -0.31268254 0.42405367 1.9406782 1.5240685 -1.1014872 -0.32852727 3.4525566 -0.13568486 -1.4197961 3.5591288 0.23266271 2.660744 2.5495436 1.763665 2.5712821 -0.73246133 -3.0021596 -2.3462708 -3.7629554
steward -7.2801414 -0.1702061 -2.9957676 3.5378914 1.2820085 -0.06024847 1.5936906 -0.5736954 -1.6020352 -1.6196257 1.9065913 1.8610584 -1.255468 8.244108 4.723746 3.8180375 0.9744948 -0.8032339 -2.0466428 -1.7462068
honourable -7.6266994 -4.19968 -3.7419653 3.7522526 1.1831552 -0.61783004 0.9011433 4.389231 2.5290668 0.90603447 -0.33183277 4.6681056 0.9525922 6.8161182 1.9478463 5.4279766 1.9825997 2.0948837 -2.45226 -1.423346
archdeacon -9.412165 0.9432562 0.6496263 11.8277 -0.12310842 1.843043 -6.6450434 2.9749837 1.9168452 -0.023834193 1.129025 -1.3896412 1.061687 9.242337 2.2124891 -0.7841345 3.3995388 -1.1187721 -4.9086623 -3.6482909
maud -9.478389 1.315279 -3.2444203 0.655055 0.32933623 0.9060392 0.6227999 -2.674324 0.88395697 -1.137028 4.778606 2.2687998 4.2606273 2.6092498 -1.1985002 1.038019 1.4751594 -3.192294 -6.4685593 -3.4722412
baroness -11.181488 1.1276431 0.044751495 -0.16470125 -0.659217 1.0503843 -0.5523257 3.204749 1.5360898 0.73203313 1.6702195 -0.3993645 2.4919305 6.4494576 3.4515204 -0.48736468 -0.0022617506 -0.7891212 -6.5983124 -4.9385195
chichester -4.502967 1.2263719 -2.4404585 7.1031737 -1.4633642 1.6951207 -2.0467582 2.3485386 0.14208417 -4.2948484 1.5612521 1.176514 1.9372004 7.5127764 0.9488259 -1.6095903 3.0615687 -1.6111289 -2.5915408 -5.452213
mortimer -6.007422 0.3542554 0.13040137 0.9117124 0.09473902 -0.8614985 1.6323843 3.6779966 -0.38100836 -2.1321971 3.187934 -0.036640424 1.2645196 3.1213574 0.5829178 2.43538 -0.76341087 -3.9476392 -2.8199077 -5.7495403
bequeathed -6.629854 4.995221 -2.3888078 -0.4633158 -5.3046985 4.169903 -3.4517987 -6.174184 1.8559121 -5.192311 -1.049329 -0.23786698 3.0860565 8.143319 1.0761169 3.6823363 -1.9128374 1.3975245 -9.423318 -2.4545414
chevalier -1.0767267 -4.6707067 -1.9489335 -1.6739537 -0.44757253 2.3779345 1.9852898 5.999632 1.4309136 -0.060454506 3.5348468 2.8893335 4.5276246 5.1327257 4.9968405 3.484241 3.7801168 -3.7276614 -6.140574 0.102413476
radcliffe -5.141959 1.8061949 0.8894344 4.7776766 -0.3403446 0.5549705 -0.77877074 2.020024 -0.07901241 -4.8329244 1.094354 2.9379168 2.6781862 0.19395554 2.6252208 1.30889 3.5044923 -2.3368216 -1.0264561 -1.1625128
masons -0.14860208 3.4618964 -1.3202951 4.5318947 0.697412 0.37043318 3.5867877 1.3959007 0.17049436 -4.3958063 3.464196 2.1244538 1.5503695 5.5857162 3.4471946 4.693311 -2.158263 1.9765545 -1.0323701 -1.4928873
venerable -1.970309 -1.6426175 0.97678906 2.5624514 -0.3213706 2.2521574 2.0176032 2.7106788 1.4871219 -0.6232921 1.5209907 1.2199581 2.861715 5.165701 0.19564317 0.85652083 4.6226635 1.0210059 -6.530602 0.97999585
exchequer -10.366411 0.31420177 0.7495207 5.4902935 -0.80998766 -4.1706796 -2.2781599 2.5809371 2.4186897 0.8591838 1.5797244 5.326999 -4.8091397 13.685853 2.0138435 5.297621 -1.2290189 0.27126718 -0.9995879 -1.4837911
erasmus -1.9274443 -0.417794 2.9139295 1.9654968 -1.3463148 5.5872784 -2.4453475 1.9917505 3.4879084 -2.8321369 2.4715092 3.7370322 3.2420003 3.9981313 1.7154511 2.5690625 1.6115426 -1.4958148 -3.8193626 3.317774
illustrious 0.062819794 -3.1785672 -3.1157222 -0.08911908 1.7361361 5.499395 0.32226557 0.42417848 5.1975136 -2.1776056 2.2585688 -0.9368255 1.028494 3.5509388 2.7253923 2.4459994 2.4046583 -0.20008527 -3.1893196 -3.051194
bartholomew -3.2455199 1.6592816 0.8243327 4.2429676 0.42163217 0.6580965 2.3042455 2.2238836 0.7806479 -1.119465 2.7326713 -0.90136874 2.9293563 3.149206 1.5008949 -0.32091406 -0.4580318 -0.7906196 -6.220934 -4.1169686
merton -4.5036645 1.0377136 1.3032238 5.7148595 -1.2433925 2.913047 -2.0103025 2.3689506 -1.18169 -4.9174438 0.65893614 4.532921 1.3570106 2.734714 1.228034 1.926592 2.1446095 -1.7190005 -1.6570944 -3.2523372
seton -1.8983399 2.4854724 -3.3401458 5.5785937 0.5754394 0.4393291 -1.0102532 1.4689857 -3.3233092 -4.0105424 2.7571533 0.99063116 4.084553 -0.19840334 4.949523 4.5892797 4.7501636 -1.5344857 -4.523034 -2.2118526
burgh -3.3518827 -0.914796 -1.9403837 4.416074 -0.43218333 1.9304523 -3.2449439 1.5314229 -2.5686355 2.1383486 3.755506 3.5122757 -0.20644736 10.304784 1.775381 -0.54054457 -1.0801226 -2.350561 -3.5929177 -7.7091837
magdalene -4.1003346 4.14459 2.289552 3.7749486 0.031484272 4.89751 2.359434 0.33551645 1.3815973 -4.6830015 3.0070922 1.0290776 4.044568 4.220701 2.5093772 -1.9774348 4.7680564 4.0005016 -6.227392 -3.3773851
antiquarian -3.9037344 2.1214547 -1.5746568 4.84691 -2.8044078 5.7207003 0.34544572 0.830617 7.374565 -4.2690606 1.9683514 6.6759706 3.1541128 5.096926 2.1486487 3.4367545 -6.0622363 -3.1533933 -4.499549 -4.521458
boniface -0.2876305 1.5296346 2.9638846 6.052318 0.8781759 1.0833298 -1.0384618 2.2629278 1.3130034 2.635022 4.291406 -2.9726086 0.9671814 6.938077 2.5302799 1.2086538 1.6202286 0.44272855 -7.232993 -1.5859516
magdalen -5.2168927 1.5273173 -1.1718193 5.8221765 0.27784136 3.4027987 -0.94583434 0.023520734 1.8404298 -4.9661956 2.769341 2.8253088 3.848294 5.0582 2.381252 0.630991 5.1450872 1.0195955 -3.5105052 -1.4195335
knighthood -6.5628667 0.7345086 -1.4176191 3.0345511 -0.31349084 -0.36756104 1.3117442 5.1840367 7.599055 2.185906 3.5187616 5.4557962 -2.215682 10.169229 5.6189394 4.005527 4.379343 0.99897075 -3.4529552 1.8150723
lichfield -4.1819577 1.8426149 -1.0288513 8.401275 -0.9999975 1.1477565 -3.1702201 1.2459826 -0.957461 -4.749945 1.5527191 1.3595452 0.8765181 8.893414 0.7999935 -0.91746706 2.1222315 -0.19909789 -1.0198345 -5.3795824
cuthbert -5.710722 2.160508 -0.35900697 4.737262 0.39541116 -0.39141795 0.69476295 2.0256484 0.48169184 -1.0795739 2.5798073 0.4651199 3.4839978 3.2888112 1.6776327 1.621044 1.6479481 -1.8144304 -2.155044 -5.9690156
bequest -4.8655453 8.761144 2.3232565 3.1433828 -4.219259 2.157405 -0.85424817 0.40082356 1.2917057 -3.1829383 4.2040935 5.4080715 -2.0953074 7.6880994 4.3177505 3.6544058 -0.0543864 -1.8922575 -6.0560536 -1.7288209
chancellors -4.1338534 -3.5799637 -0.31676504 4.817851 1.1341926 -0.878092 0.9383108 2.1567426 2.4955704 -0.15882055 -1.7347652 3.308796 -2.162371 5.8136964 4.1663857 3.245562 2.7060463 2.4057503 -2.5135145 2.7099917
guildhall -3.384008 2.3135605 -3.2185347 6.0406413 -2.8019557 3.3942633 -0.5456956 4.6933713 -0.7803882 -9.486223 -0.844038 2.353211 3.9650156 4.8554187 3.9447196 -1.9911195 4.4510365 0.870534 1.1481147 0.56930447
confessor -3.4131112 0.159765 4.4942527 4.6479764 1.007367 4.274888 2.8168595 2.6819444 3.4460375 -0.19030401 4.4217396 -1.1007304 -0.18042693 9.152213 0.35538578 1.3384166 1.966139 1.1833217 -8.679667 -2.9328108
minster -2.2056456 4.5351324 -0.38604861 8.240238 -2.9998791 1.3976612 -3.7777293 1.2403535 -0.94620764 -6.4558 2.551237 3.3278944 3.4516077 8.532027 -1.5535527 -1.2315929 2.4680336 0.6717957 -1.9715304 -3.8010986
ruskin -4.590857 3.3050582 0.8796468 4.9674473 -1.3175886 4.66884 -0.18381612 3.9600682 1.2327037 -5.369397 3.2041361 4.4280915 2.8224308 1.9833562 -0.36409107 3.241704 -0.59167844 -1.3929788 -0.06460003 -1.6851553
orwell -4.624025 -0.24084575 -0.12979043 3.7104757 -0.9089667 0.4925323 2.6349742 4.117725 3.1863265 -3.6219509 2.3611832 4.0319715 0.5009708 1.6735955 -3.6574125 1.5901257 -0.3241733 -3.5752969 -2.6222372 -3.12238
iona -0.42248276 -0.93036544 -1.4790813 5.097078 2.015584 2.2940884 -1.8381116 -0.07233203 0.24857555 -3.1843626 2.801315 1.885975 2.1634843 1.5626419 0.49691707 0.76845306 2.1333516 0.21307725 -3.6866806 -3.4683738
schoolmaster -7.985678 -0.5013009 -0.30176347 5.3794265 3.0933652 4.7203646 -0.71490544 -0.9335981 2.4686966 -6.4018474 3.1570184 1.969273 0.17310928 4.850048 3.1854172 0.8442962 0.23631628 -1.6733813 0.73276246 -3.6291058
stowe -4.4011106 2.4571214 -1.0949678 4.3518453 -0.1807236 1.3670886 1.4349244 -1.4158468 -0.76311326 -5.9232726 1.8658667 2.730442 0.95119274 1.1726934 0.9183613 0.7975556 1.1848878 -2.0213776 -3.7038918 -4.330683
wordsworth -5.8429794 1.2071276 2.4895766 3.4746194 -0.6806746 3.9222782 0.8453206 2.8350906 3.3426719 -5.9636893 3.7454047 5.0632377 2.1694615 2.6612082 -4.2098026 0.7590365 0.6666327 -1.8741661 -1.9252623 -6.2929225
barnabas -2.7913308 3.475453 2.3612106 6.7351227 0.2056266 1.6869519 5.0941296 2.8280451 -0.9394028 -3.259446 2.10185 -2.53397 0.7784658 2.102711 -0.23277456 -0.33743733 1.8189132 0.5459803 -4.773412 -1.3140956
charterhouse -3.6298094 2.3157442 -0.6665471 5.0002294 -0.4765805 5.526223 -3.6586661 -0.1996475 -0.0024575402 -3.8300812 3.5658543 0.49957693 1.7334745 7.3841577 3.8500881 -0.60680175 3.2031631 -0.9826032 -1.3058323 -2.2944171
tennyson -5.511425 -0.3672008 0.4684135 2.4629529 -0.5175119 2.5471325 2.0122073 3.0474231 0.91418153 -3.3032694 1.964567 3.6784532 3.095499 1.665343 -1.1143401 0.76213473 2.5713887 -2.798438 -1.5058697 -6.0926332
oriel -1.0472307 0.66602033 -1.1873235 6.0537763 -0.22797671 1.2962579 -1.0666308 2.075871 -1.4361682 -2.3600037 0.30353007 2.939271 4.788463 4.6292396 3.7582407 0.56128186 3.089375 2.2224798 0.71259516 -4.1505475
bosworth -3.2762887 -0.23248786 -0.78826195 3.225559 0.28981718 -0.38443196 -0.60176665 2.5833411 0.5483798 -1.631457 2.7876904 0.026294757 2.4018338 1.5456474 -0.5308513 2.137619 0.86001307 -3.9759727 -1.8745837 -4.7138805
denys -5.176659 -0.09711272 0.60758203 1.2550218 -0.960573 3.6832612 0.114077024 2.4997582 0.75726616 1.360044 1.2665889 -0.18688054 3.6363325 4.8164062 3.3661568 1.505021 0.041991338 -2.497316 -2.8844898 -4.4824567
chartres 2.4301941 -1.9870954 0.87288463 2.5578547 -0.80889666 4.565859 -0.20052898 0.56115484 -1.1158459 -3.1389081 3.8633943 -1.0305369 4.042102 8.047348 1.5064945 1.0238217 3.4416628 -3.0392256 -4.949659 -1.7957915
campion -5.419543 1.1355017 -0.50120133 2.2586958 0.44023386 2.315412 3.3261008 1.5823827 -0.09217147 -3.0541065 1.4130709 1.0721493 2.0904987 0.15111564 2.23459 1.1996341 2.5576055 -1.7384683 -2.5181868 -3.2698617
walsingham -5.7545457 0.71259886 -2.436905 5.1272855 -0.23042805 0.5982915 3.305511 1.0396868 2.9488842 0.41005814 4.552464 2.7107677 0.050465085 6.2769113 -4.098389 0.38949168 1.0921674 -1.2135093 -8.2334795 -2.665089
hogarth -4.439825 2.3611085 1.205314 0.2528088 -1.742716 0.9602382 2.8312066 4.5463657 2.835843 -5.1446605 2.440245 3.76907 3.0539625 3.5538187 0.8549251 2.6911056 -2.3419273 -1.5124482 -0.9051951 -4.1542397
headteacher -10.171982 1.2716839 2.2661579 6.8723707 -0.22458239 -0.25264457 -2.1718924 4.8611774 -3.0451026 -4.4432425 -3.2795267 0.6033493 -1.9451497 1.2789344 7.697407 0.3197015 3.175235 -2.0102918 0.8370101 -1.9562035
mountbatten -6.036171 -5.005096 -5.1273847 3.46698 0.6836318 -0.07545522 1.936679 4.3700557 0.21241072 -0.29053044 2.139918 0.72924083 1.5732626 7.4569635 -1.0092034 2.3970604 3.2860994 -2.4929218 -2.9722352 1.2597125
curacy -8.907544 4.529534 -0.5124584 12.776252 -0.1176096 2.6717358 -5.421119 5.039123 1.7995455 -2.2994704 3.4142265 -1.8614069 -0.81115156 8.187626 1.9120924 -2.3665285 6.102732 -1.0081866 0.66228604 -3.006263
lutyens -2.2828512 2.395733 -0.70061964 4.1903214 -4.728142 4.1707535 3.7048771 5.3596206 -0.052254062 -2.175155 2.075692 4.5496173 3.4855874 9.446033 2.4537957 3.056134 -1.3008919 -4.5204153 -0.7534722 -5.185492
beaton -4.9946165 0.9829635 -0.23118722 0.4709325 0.70790356 -0.009265749 0.8009766 4.856482 0.49341485 -1.76801 2.9719386 0.09105818 3.0793602 2.5097637 2.7524734 2.443937 -0.17897013 -0.8664106 -2.487945 -5.780667
maynooth -1.5294225 -2.6749475 -1.5798676 7.875121 1.0655988 2.5775275 -4.5565386 2.0085018 0.6720507 -2.7299597 -0.38686442 1.3760366 -1.9390122 2.824586 3.2265253 1.2821347 5.6052065 -0.67599344 -2.2365587 -2.0819113
bothwell -4.8058767 0.44675934 -2.4400795 3.8169038 1.133615 -1.4270636 0.04492766 2.305573 -0.42954215 0.011419899 3.564599 -1.9044604 -0.09052582 6.3714666 -1.3369104 1.3230846 -0.7931608 -0.637867 -2.4051988 -5.1726966
chantry -1.9896708 3.4156828 0.02678506 5.984445 -0.95795244 3.1757705 0.94213367 -0.6146773 -1.6018494 -3.3898184 2.567028 3.015642 1.8808085 8.524997 2.8020897 0.24160184 0.9797077 1.4467139 -3.0349998 -4.3927093
bedchamber -7.570936 0.933221 -2.992483 1.0534346 1.356206 0.19618072 4.063375 2.0619564 -0.39213774 -1.2137171 3.874088 0.72428584 0.82846385 10.659823 4.673945 2.0290022 4.067001 4.140564 -3.4802303 -1.719365
prebendary -7.9884105 3.1344388 3.2725239 9.30371 -2.4468164 1.0816543 -5.529444 2.5450275 0.7926982 -2.417856 -0.15649381 0.46727252 1.0886096 8.908903 2.9663324 -1.4345145 3.7989728 -0.36051324 -3.7018416 -4.075189
cranmer -3.5636528 1.8050548 2.822114 7.1488843 0.4175938 0.27780136 1.6103151 2.7723157 1.4448884 -4.041366 1.7058488 -0.22990079 -0.34627724 6.1990914 1.2569548 2.3417764 0.27628425 0.3856462 -3.112481 -1.9447551
ninian -3.3019423 1.3919106 -3.4227977 3.230185 -1.4104253 0.59409094 -1.8755685 4.7100525 -2.2020478 0.3208994 2.1925075 -0.58948606 2.0694668 4.2118874 0.17280427 3.2694588 2.9958544 -1.2398196 -1.8326887 -5.671198
shute -3.7509532 -0.0006413894 -3.5985587 2.494891 0.40410182 -1.2066041 -0.21841215 2.0315356 -0.19850132 1.2807235 2.8069854 0.9961756 2.4559686 2.6651778 -0.09944405 3.0141497 1.083926 -1.8999722 -0.6479526 -3.8959718
plantagenet -3.1792808 -1.8821001 -1.8911982 2.738296 1.0445529 0.020972945 -1.6171885 0.6913658 2.5985634 1.8664262 4.2959733 1.3944002 2.6272438 7.4896407 -1.5483441 1.9248632 -1.2240975 -0.088193156 -4.484273 -6.7322674
perceval -4.9763036 -2.219827 0.3518174 1.3835897 -0.123969845 0.4225891 1.3355688 3.7727196 0.817315 -1.169271 2.2389789 1.1926018 1.370995 5.6638765 -1.7923869 1.7068843 0.36281884 -1.4779253 -4.141586 -4.575579
newgate -4.256105 4.2122254 -0.8603112 3.8395367 -2.2322385 -1.6912649 6.0915303 0.05551136 0.16626571 -5.2977815 0.50809336 -3.7452757 -1.3384128 7.6613407 -1.1191202 -1.3949535 -0.15150706 0.43088657 -3.7367156 -2.423289
pastorate -2.845425 4.011613 3.6274383 10.6188755 1.0278239 -1.3230755 -2.00195 1.840785 1.1002326 -5.7427506 2.819507 -2.0944402 -1.1736987 4.7597175 2.4103894 -1.4150674 0.73385936 -1.0375129 -1.8673359 0.95679885
lorimer -4.1341524 0.92624277 0.09318628 2.616699 -1.430265 0.9570514 0.48568004 3.1529648 -0.4964687 -1.5380818 1.3554876 1.9192101 2.509173 2.0116775 1.7329948 1.4747052 -1.6396427 -4.0577264 -1.0945952 -3.1216676
scone -4.150312 2.4434323 -3.5665011 2.730455 -0.8481234 0.38003016 -0.47987935 0.8931259 -0.5522154 0.19463362 2.6911561 2.4068239 1.7399178 6.9751215 -0.61683154 -1.53422 0.5754545 2.7894092 -1.4442337 -4.43268
bailiffs -2.3905501 0.29775068 -2.5964386 2.700854 0.8184764 -1.8865663 2.760677 -1.6234285 -2.0295804 -0.5538413 1.1445881 -0.75901467 -5.055526 9.389685 4.3368726 2.2891421 -1.1827495 1.149735 -2.685033 -2.3707483
bencher -8.862731 -1.0754739 -5.947199 10.511543 3.3294961 -1.0855345 0.74275047 3.309231 -0.20799161 -4.632735 1.6014444 5.842068 2.424615 7.698113 5.013013 0.07434265 3.7361233 5.638094 -2.9775105 1.8431
pugin -2.6486087 1.5928687 4.6920953 5.609319 -1.6977699 3.8239145 0.7070076 2.4417703 0.05547458 -2.3305442 2.7409449 2.6205661 5.586503 9.131118 2.675422 2.6387682 -1.554731 -2.22338 -0.53739434 -5.5658555
keble -5.1739545 0.67946196 0.49690837 7.300339 0.14125475 3.4472291 -1.5824212 1.6617738 2.306746 -3.5364103 0.6101074 2.344433 3.4375563 2.8922431 2.4310186 1.3571644 2.5639825 0.74178714 0.08748756 -1.437684
viceregal -1.8130138 -2.346407 -5.643478 2.375706 -0.2428745 0.7400773 -0.448714 1.906901 0.50154614 0.017101666 -0.35799062 0.45942947 -1.8591691 6.7337456 2.5205402 2.3042903 0.28399438 1.9881829 -4.1673226 -0.43979034
monck -4.6306825 -0.5841662 -1.0694852 5.1774654 0.80241144 -2.2900722 0.21818873 2.7186642 -0.043711003 -0.3812854 3.0734785 0.23378098 1.190794 6.96831 -0.4540144 1.9882387 -0.8680253 -1.5310137 -0.96068656 -2.351312
seneschal -3.6669104 -3.2195237 -0.65745324 2.3813436 0.88781905 1.2657713 -0.90875983 0.7190825 -0.22118655 3.728385 3.9892867 -0.86826617 -0.44062987 11.38192 2.415752 2.262663 1.1426318 -2.4687452 -6.088478 -3.3829916
bolingbroke -4.573877 -0.03722388 -0.19707431 2.8961673 -0.07764802 0.32093698 0.05594366 2.6615837 1.3726908 0.46731117 4.0996337 -0.60984755 -0.02590578 8.202731 -0.8204687 1.6104735 -0.5264394 -1.9855758 -2.0226288 -3.5043232
skene -4.066517 -0.01858806 -0.6281444 3.756604 0.856218 -0.17067957 0.33851874 0.3261287 0.3979274 -1.104737 3.2440674 2.5029185 3.206011 2.4915767 0.13150352 0.46259642 -2.0062487 -3.0108628 -2.1289582 -4.688007
darnley -5.2833624 0.4193675 -1.7403413 2.1265402 1.0516905 0.29204008 2.3059497 1.2862278 -0.16067645 0.029348426 3.5391626 -1.3122022 -0.18740755 5.3541393 -0.97559536 0.61719877 0.035392307 0.3835561 -3.8628144 -5.5009794
bodley -3.841232 1.4537296 1.3895527 3.2847219 -1.3748034 -0.26388648 1.2536113 2.3084118 1.5667423 -3.7790396 1.01758 3.704427 4.13494 4.8905897 3.5389829 1.0911115 -0.8790008 -1.357029 -1.4077744 -1.544098
burghley -5.545665 0.49603185 -1.4447592 2.0701652 -0.79086244 0.46753824 1.6217076 1.5957093 2.2821128 -1.1372716 1.3554343 1.4125357 -0.559115 6.8388352 1.5934234 3.2010067 2.4607189 0.20935069 -2.544819 -1.8546691
cobden -4.5936475 0.67928785 -1.141573 3.4275684 1.1339672 0.7875837 -3.8340926 3.332994 0.37566063 -1.6537104 3.2005703 2.0610793 0.58545864 2.6129937 0.17537422 3.5351515 -2.717326 0.3091081 -0.6842133 -1.6997243
foxe -3.1473725 0.95598733 2.2904043 3.9499466 -0.18600318 -0.34284538 1.459071 1.1427956 2.7780006 -1.2738214 2.1484938 0.98327345 2.2379324 2.6952727 -2.4158697 0.32531324 -0.7918897 -0.92145103 -4.0865145 -3.130237
baskerville -1.8159698 0.7319173 -0.84763455 0.89265114 -0.55060536 -0.3590949 1.3572657 2.162598 0.69348097 -1.9832546 2.1053777 2.23844 4.3694873 2.2559743 1.3046577 2.9395633 -0.95156693 -1.1536427 -1.3952068 -4.2532597
preceptor -4.436196 -2.6065001 0.11341376 3.6837945 1.3863481 5.094037 2.0250432 1.1679368 2.1918828 -0.15338168 1.2292536 1.7945455 1.011721 5.0963154 2.757177 0.014559433 5.094154 0.8915386 -3.7529101 1.759956
betjeman -4.7585382 0.49565575 0.7627006 3.6852639 -1.1970065 2.6187563 1.6337932 5.609133 2.4910057 -4.6804876 1.3972609 3.8256323 3.3126965 2.6769798 -1.3867931 0.21413179 0.2875209 -0.8130105 -1.4771054 -5.0832715
equerry -7.753512 -1.560518 -2.7754817 0.8450184 0.6099165 -1.6345847 0.95376134 1.8271114 0.15994178 1.3413606 1.7021724 0.03842869 1.6530656 9.40676 4.978478 1.4157501 2.6823452 0.32626516 -1.257525 0.15462567
raeburn -3.7052996 1.8191696 -0.92523605 0.13971843 -0.67379725 1.5063756 -1.3632687 2.4632308 0.9725485 -2.0230153 2.113977 0.40619737 3.6266615 1.8518246 2.3556614 2.2464378 1.3532712 -0.37106255 0.17559421 -3.4850714
soane -2.491892 2.2139354 0.90328974 2.1254482 -2.4761257 2.862009 1.0843277 3.189596 -0.79930705 -1.9482424 2.2279553 1.8511356 3.3510559 7.130254 3.2307212 1.4256626 -0.8308654 -1.4005142 -0.76328206 -1.9767394
plowman -2.6690688 -0.00034493656 1.2120832 1.8945838 -1.1233585 0.4092368 1.125124 1.9155838 0.08229247 -1.6352906 0.63769996 1.7667667 3.2215085 2.7073972 0.15631902 2.3702638 0.14770964 -2.3782616 -1.5954496 -5.9178143
dyfed -2.7800097 -2.4592137 -2.7221463 3.8901396 1.9724706 0.8305795 -0.8352657 -0.76053554 1.4095526 0.92255735 2.503149 2.6946087 -1.1527545 5.5858994 -1.5995022 -1.1245756 -0.2023112 0.99319935 -2.8870842 -6.5248704
vanbrugh -3.078986 0.9783824 0.120705195 1.2969642 -1.4464058 3.222449 1.4361696 3.7251709 0.88602847 -3.6258824 1.7784615 0.3061964 3.5308027 4.7064457 1.6779159 0.6301933 0.07054257 -1.7430501 0.57683796 -4.2685766
lieutenancy -1.9992582 -1.1316136 -3.9647403 5.599175 -0.17395741 -1.9580072 -1.0208619 -0.5584661 0.6578926 3.1525166 0.8910625 0.7702163 -1.5282005 8.155747 2.7554574 0.6849629 -0.51784676 -1.4082091 -1.8645797 -1.2892106
precentor -4.0038743 -0.37286514 2.597786 6.831357 0.5048437 2.701363 -1.9692118 2.2549129 0.7129228 -2.971998 -1.331352 -0.8646593 1.8344883 5.329991 3.9073577 -0.8276845 1.8709184 2.2087114 -1.9823055 -2.0300264
sitwell -5.1660776 0.7634903 0.6271356 0.64230853 -0.058139678 1.6692524 1.5231348 1.1808668 0.8736141 -2.325846 2.2366135 1.869045 2.4959252 2.3779612 0.66321915 0.9089785 -0.6103595 -1.703906 -1.9381534 -5.032398
preferment -4.3554173 2.0846605 2.232807 3.8541763 0.2469974 1.4748372 -1.7206477 1.6944625 2.9385629 -1.323872 3.0383344 0.87329537 -2.9479918 7.4513645 0.7583033 2.7149374 2.4224603 0.9834541 -1.0276235 -0.642599
tercentenary -0.8963902 1.3126683 -3.735972 1.388373 -3.789755 0.08017063 -1.3675451 2.167231 2.3853984 -1.2516038 -0.90021074 0.8945822 3.8922625 4.092535 -0.35274258 -0.5485377 1.2436168 2.0673153 -5.9332213 0.9794177
capet -1.9388155 -3.0891593 1.3100079 0.729841 2.4807925 1.4775065 -1.8228945 2.6204202 1.5463144 -0.81448627 4.097153 -0.22352938 1.6857263 6.9751263 2.6415884 0.8793004 -1.475858 0.8348646 -4.4773235 -3.407113
heriot -5.1251855 1.0688938 -1.0708587 2.7906802 -0.42804858 0.29889694 -1.5802268 0.53696924 -0.56829965 -1.702486 1.1299937 1.1415747 2.0053616 2.4715383 1.3886749 0.09663202 0.65022117 -1.6067426 -1.2763543 -2.4931462
proposer -5.709206 -0.27501786 2.218639 2.8652651 -0.103342675 -0.14060892 -0.7089033 2.5632932 0.80765873 0.53822255 -1.0409254 2.9066346 0.86967295 1.7727022 1.7557527 4.559291 -0.5144912 1.6671836 -1.0684291 -0.045369048
sinecure -4.5159264 -0.6299153 -0.2476813 2.6266272 -0.5277642 -0.023729375 -1.087252 0.42397767 1.675783 -1.3992581 -0.48431772 0.7876702 -2.2117584 7.436046 2.6851199 2.5356748 0.5649063 0.24661413 -0.69009656 -0.5310173
bewick -3.9526227 1.7373692 0.94275993 1.1969463 -0.66455835 1.545606 0.44237077 -0.2392405 2.9427226 -1.9451892 2.3148694 3.2724364 3.583782 2.2672865 0.9243342 2.0513005 -1.3199495 -1.8614807 -0.46953264 -3.8092537
athelstan -3.5706792 0.027895387 -0.3132867 3.1605666 0.3256313 -0.21062231 -0.779866 0.2919181 0.582559 0.5169554 2.4616237 1.273239 2.3211462 5.016894 -0.8017079 0.097259715 -0.27948093 0.4770982 -3.1260805 -2.2922146
pursuivant -5.223212 -1.9769988 -4.066152 4.6930585 1.2168871 -1.5386068 3.6088557 2.7647226 -0.36499596 1.0275189 0.7364238 2.1559308 3.738221 4.773494 2.2760062 1.6834022 1.7210599 0.7727188 -3.7074373 -0.7168061
churchwarden -3.6492412 1.4119176 -0.1818204 4.5121775 -0.0010142607 1.7681253 0.06905495 0.21095122 0.07627031 -2.5325031 0.17209414 -1.0144949 0.68939763 4.3901443 2.4132276 0.36716676 -1.1838304 0.3560332 -1.9383904 -3.217566
sacristan -1.2268093 -0.1368456 1.5496056 2.2582564 0.4144685 2.9750266 1.1574705 1.1598729 -0.8750633 -2.2225103 0.1637757 -2.8556345 0.6340072 4.005699 3.917699 -0.7254024 1.0956312 0.7710298 -3.2767808 -0.7879606
tolbooth -2.870985 2.5062428 -1.6229115 3.8870327 -1.2505926 0.37804416 2.0111852 1.0440522 -1.1528265 -1.2097926 0.45496348 -0.98696315 0.51156664 5.240762 0.25181663 -1.7436022 0.6662104 0.8873566 -0.3553777 -2.5346315