Centroid_124 -1.883366837222564 4.099543488461536 8.402869343589744 2.019579407996924 -0.3096021592615384 1.8652087014923087 4.827737258974357 -5.177618533230768 3.267172751017948 1.349194075066668 -1.1282948092282048 -3.523851722205129 -3.5228694245128236 -4.497015378574356 1.0354027151794871 -1.4423344234358972 0.8599725209625637 -0.6452839973435895 3.1061528062184594 2.887761069512819
effects -0.02034093 5.208816 8.032232 -2.38591 -3.8977509 2.2757092 5.4726715 -0.8878068 3.9132204 3.2768552 -2.162772 -0.59353626 -3.1531746 -6.4373918 -3.9681404 1.3773146 -2.1864967 -0.50011253 9.748403 2.408078
treatment -4.028063 7.1032586 6.4790254 2.2814293 -2.191661 1.655957 6.464023 -5.553917 4.5965 -0.67320323 -1.3495848 -1.560222 -7.41085 -0.49013573 1.190937 1.9551961 -0.4678536 0.1662462 4.4307446 7.7823534
disease -3.7075005 7.8481846 7.6387234 1.9506084 0.30786622 3.2551699 7.034156 -8.812034 8.016757 2.459024 3.308307 -5.237736 -6.3567963 -7.280846 -1.1489593 -1.0646886 -1.3384688 -4.4478364 1.6791221 6.0621014
cancer -4.4434686 10.405492 5.371468 1.7290771 -2.446007 -0.39604056 4.92149 -3.3772168 4.5952525 -3.0752554 -0.40951735 -6.473705 -4.263264 -8.111529 4.3270125 -0.82352257 2.339188 -2.5082178 -1.6626239 9.282494
patients -3.229379 7.834755 7.1998725 3.3658705 -0.9158918 1.6733061 10.009286 -8.68208 3.6269653 -3.854706 -1.6052934 -3.3110516 -11.358623 -1.3424253 4.4822083 -0.32159436 3.3110254 -1.0611053 6.10904 6.786876
brain 2.2747722 4.1525497 10.107332 0.8973301 -0.4778999 2.6920695 8.90489 -4.8303194 -1.4208863 -1.4647918 -0.6268212 -3.797977 -1.9040878 -7.884235 -1.2942656 1.713069 2.3315194 -1.257263 3.2795677 4.179416
patient -5.0954866 5.0089025 8.151548 1.6872149 -0.72447246 0.71065676 9.414381 -4.9315643 0.3610963 -3.2469995 -2.4609928 -1.1351895 -8.083122 -1.9481006 2.105816 4.095342 4.915257 0.32710454 3.6370707 5.5246115
symptoms -2.8494716 7.6344748 12.92818 1.5311261 -0.52067316 2.1977062 12.270616 -7.4545927 9.073411 0.32945594 -1.3396686 -4.354624 -8.321006 -7.4276147 -0.5614574 -4.3495874 2.36081 -0.6404325 8.389918 1.3775172
diseases -2.8290484 7.5567064 4.235224 2.387467 -0.9491299 5.928579 8.867833 -8.970778 9.331859 4.059256 1.3152615 -1.9057996 -6.4393826 -7.4626927 0.66529363 -2.119021 -4.849258 -3.2541802 2.933543 7.426579
therapy -2.4779341 5.419784 10.143487 0.64588344 -1.5746071 2.9329195 6.5079136 -1.4854666 4.1071167 -5.425311 -3.0971065 -0.04725868 -5.0180764 -6.7189293 4.974621 2.5580184 0.27189395 0.61830837 5.960471 10.357541
disorder -3.063869 2.6514468 10.50335 4.3889227 1.0647392 3.8752086 7.851624 -2.7920141 6.8519998 1.2756789 -2.379986 -5.562378 -7.983028 -7.2659616 -0.7850035 0.71483636 -0.5929277 -2.1707606 3.2501392 -0.911747
infection -0.5955814 5.6440387 8.738637 -0.61252207 1.8447142 -1.4311785 7.3969927 -10.548568 5.312928 3.1329432 3.0785918 -5.66425 -6.5235353 -6.746207 -0.6476041 -2.0929055 1.4195619 -2.1270125 3.7303095 6.0557055
diagnosis -2.9542344 4.8817263 12.9063635 2.1852784 -1.8588313 0.0359679 8.988183 -5.5366983 8.083551 0.3216663 -3.404008 -1.4074299 -5.3621674 -3.566026 3.696445 1.5067631 3.6646767 -2.1143923 3.6635952 4.0583925
disorders -2.9097083 4.7871976 9.808346 4.155576 -1.9809296 6.9775743 8.893308 -5.006226 7.3027077 1.0900961 -6.552819 -2.6274018 -6.589455 -10.039347 3.731943 -0.39633015 -1.9862162 -0.9207533 4.156951 2.6440008
chronic -4.910113 5.5150714 7.19451 1.9549665 -0.9836373 2.4147933 1.9706745 -6.24812 4.865362 -0.25437197 -1.6436487 -7.7492433 -5.747545 -5.383193 -0.86338603 0.32511798 -0.19430569 -2.159727 5.5524974 3.5415132
liver -3.8043962 7.533063 8.475019 -1.1990879 -0.19917585 0.41747802 3.7795348 -8.663749 1.315241 1.1888145 0.511855 -5.3826785 -3.1891167 -3.4136639 1.9951661 -4.3786693 -0.2811324 1.6243961 1.2641705 4.4494066
acute -4.2354746 2.7119477 6.7123194 5.276707 -0.29520556 2.0920346 3.9739428 -7.1482673 4.208649 0.5288871 -3.2162814 -4.983086 -2.2436197 -3.0151162 -1.9083202 -1.5578352 1.1175977 -0.9057269 5.348677 2.1453521
lung -5.366637 5.413978 5.5256734 0.92237526 0.41193083 0.1607807 3.9217918 -5.727871 0.24868594 0.8776116 0.8023554 -5.6960363 -0.9820555 -4.052657 0.8806604 -3.922239 1.9702626 -0.42398804 1.2141129 7.0069995
complications -4.3605666 10.546195 8.367941 2.7049987 -2.877553 -0.7454475 4.079529 -3.2266695 4.6062484 -0.7595329 1.0951837 -8.10332 -5.889383 -2.413296 1.1262264 -1.8427577 2.8393795 -3.9880865 1.9204956 3.3403354
trauma -1.1432269 5.566056 4.442188 3.9155815 -0.9427335 3.7209287 8.812318 -1.8316904 2.4509568 2.2036908 -0.48261902 -7.3160295 -3.2738872 -5.60488 -0.06647291 3.044805 3.9895449 -2.2616847 2.940287 3.7423928
tumor 2.0829067 5.210008 13.340213 2.1444654 0.0810248 0.57371676 7.1297703 -6.7573566 1.2497704 0.4141049 0.018763235 -6.396689 -3.6247153 -5.104655 1.9767895 -1.9957104 0.98507506 -1.9185987 2.5284467 4.3831625
anxiety -3.368606 3.092781 8.919875 1.4606782 0.4568445 5.200393 4.6720414 -0.6329487 4.7971115 -1.4650451 -0.11586183 -4.145213 -7.813382 -6.7252755 -6.024883 2.5708966 2.169172 0.5209425 5.5789347 0.7739233
diabetes -5.6727858 6.2413454 5.123041 -1.2396477 -1.9809512 3.285954 2.5653143 -6.712428 6.5662847 1.6236963 -1.66492 -3.3306236 -5.2608066 -5.802507 5.1941304 -0.5849364 0.0063549187 -2.651774 1.4499519 6.214775
infections -2.216908 6.2914505 7.311687 0.49878624 1.2879193 -0.06523121 8.598561 -11.457657 7.4781065 4.1734076 1.3184018 -4.23398 -7.7943425 -8.137946 0.64751434 -3.231826 -3.4388878 -1.7808131 5.3595114 5.969534
kidney -4.270423 9.220657 7.436931 0.34125257 -1.7643936 0.32574502 3.3016994 -5.7679377 0.33128026 0.02039355 -0.42501798 -6.452077 -2.9200594 -2.5838933 2.933335 -1.6649688 1.4466429 1.1554321 0.6915804 4.083701
respiratory -4.06732 4.675524 6.5401273 4.1144495 -0.5802265 2.2084079 3.712992 -11.61472 0.25257835 1.198313 -2.0457227 -5.9396663 -3.1289847 -4.729848 -1.1648693 -1.3018918 -0.84545034 -2.2633774 4.3435264 7.1136303
prevalence -0.94662917 2.3769257 1.9360323 2.0593793 -0.1131915 2.383625 1.7445005 -8.404266 10.366511 3.0112507 -1.8001293 0.99826384 -8.607939 -6.5367723 -3.0663013 -1.3325552 0.6793394 0.8209834 3.6712356 1.6125315
incidence -1.8553771 3.5234878 5.6527834 4.5313373 -0.49164099 -0.063798785 1.8144131 -9.882355 7.4259214 5.193782 -2.727828 -1.3879973 -6.874634 -4.812065 -1.928506 -1.3405542 3.739426 -0.7772119 5.1221094 0.6373246
cerebral -0.9641781 3.7551012 5.2544794 4.917062 0.43990424 4.3160534 3.3265026 -4.260241 1.5457808 0.507864 -2.9270809 -8.166472 0.5005727 -8.634986 1.2518867 -1.2807589 5.2507596 -0.21913075 2.246948 2.2773833
severity -1.6192497 1.998355 5.9826684 2.6504786 -0.89737195 0.040157028 4.2677464 -5.6495795 6.9561524 5.406978 -2.117827 -2.969119 -6.692512 -1.7752813 -2.9386864 2.563927 4.8055716 -1.0577599 4.5852866 -0.036323257
abnormal 0.7842975 1.2332684 9.936644 1.2291278 0.38202626 2.2507846 5.499434 -7.007773 2.2972865 0.66586024 -2.9365396 -3.8434162 -1.9152613 -5.8264523 -2.6734748 1.2713662 2.0660539 1.5404009 4.5961995 1.2490724
tumors 2.6962383 6.172981 12.288837 3.475655 -0.058550224 2.216797 8.127746 -9.053654 4.4435983 2.876117 -1.1013095 -3.943189 -2.7682276 -5.768816 3.467151 -2.7718778 -0.65100557 0.11382378 5.447423 2.518452
inflammation -0.19986048 6.635555 12.020905 3.751846 0.11858635 1.2881769 6.3445764 -5.7969823 1.6295011 5.074646 -1.2022634 -7.8747826 -3.2587736 -5.7349606 1.5304072 -3.134965 -0.67928696 1.1784707 5.589199 3.953482
stimuli 3.2873766 1.4120514 12.6279125 0.90305567 -0.10657781 3.375255 11.3574505 -1.3900388 2.7123911 3.7335954 -2.815317 1.2208186 -6.9146533 -7.3533645 -1.4234546 0.05389723 3.236834 2.5403984 9.290958 2.8728137
stimulation -0.37723413 2.741459 11.744384 1.4682357 -0.12720211 3.338274 5.8362904 -2.8179266 -0.0010452115 1.5314912 -2.9077964 -1.496467 -3.989589 -6.7865314 -0.081722505 -1.6692909 1.677427 2.021948 9.576547 6.411011
pulmonary -5.1237774 6.010075 9.657011 6.2232885 -1.6899858 1.0704 3.616871 -8.049413 0.73073596 0.23219042 -2.0914893 -6.3717403 -1.6626457 -2.2891753 -0.7922877 -4.6361175 1.5688803 -2.2519617 2.286862 5.42857
systemic 0.58720636 2.4176345 8.188089 3.7213376 -1.7282645 2.6831336 2.2936866 -4.39675 3.7744 3.5429537 -3.844574 -2.3703642 -6.953528 -4.5342116 -1.6865329 2.5701451 -3.8537662 0.20899624 3.210637 3.945931
cardiovascular -2.4753902 4.049189 5.0383377 2.6825948 -3.6654484 4.4783425 2.0542784 -6.268177 3.6247394 2.480769 -5.719556 -3.8297403 -2.759301 -6.66074 3.9340088 1.0550827 0.82757616 -2.5099738 3.794804 7.165244
neurological -1.5154918 3.234379 6.864748 5.0817804 -2.3120215 5.4671607 4.8537025 -4.9288306 4.4135127 1.1377375 -4.3087645 -3.786486 -1.6854342 -6.1633224 2.6122844 2.9829247 0.46723062 -3.4154377 2.5559053 4.279536
schizophrenia -2.2607753 1.5764997 11.32306 1.7567824 0.35726893 3.7500472 5.3595037 -3.3972642 7.1512933 -2.5987363 -1.2956916 -3.0436676 -5.721159 -6.8102393 -1.079129 0.7762275 -1.5520365 -3.4461548 1.7561846 0.28043243
obesity -3.8344283 4.847122 4.576896 -0.24026844 -0.5864726 4.4144735 1.3339698 -4.5317 6.7889323 1.445792 -1.1960837 -1.5606241 -8.569788 -9.711788 0.07970944 1.1550794 -0.5414704 -0.85101074 3.914439 3.5868046
cancers 1.4350244 6.3816075 9.236658 0.93244267 -1.5580144 2.269225 7.1168866 -7.4754605 6.900666 3.1100497 -2.5698392 -3.416967 -6.5508537 -7.085884 4.7890825 -3.3599572 -2.2701035 -0.34064528 4.061028 3.1296763
prostate -1.8359758 5.516289 6.7260427 1.562928 -1.2137957 -0.71127814 3.0777605 -4.707083 3.1538687 0.0034629544 -1.7250001 -5.5040746 -2.4353158 -4.919524 3.66183 -1.0373213 1.2569127 -0.5178543 0.7401683 5.732034
renal -2.866218 5.738393 10.5649 4.115412 -2.3092248 2.0557952 3.319438 -7.9566402 0.8993885 2.4384959 -3.7888005 -6.301991 -2.7207165 -2.2092254 2.5904365 -3.5340893 1.3904042 -0.53648543 2.465621 5.1025987
leukemia -3.0513535 5.9746737 7.528337 1.177752 0.107349366 -0.36053962 2.9962575 -3.893042 4.922708 -2.6665745 1.0662689 -6.9285936 -2.139519 -6.198877 3.8578393 -2.3985813 1.4842937 -3.5614514 -2.102541 4.273548
epidemiology -2.4570506 2.9330065 4.397793 4.634027 -2.23488 3.5445266 2.7672272 -7.717467 7.1211 2.1193 -3.4534416 0.11652794 -2.9970686 -7.9850054 1.9247817 0.28996545 0.26166502 -4.8553276 0.9278521 6.718
seizures -2.2213612 2.9637198 7.918185 1.8341821 -0.7610821 -0.21839382 7.176644 -5.385852 4.076592 1.638803 -2.2841418 -6.460045 -7.418517 -1.9736264 -2.1539059 -1.9073952 -0.07350617 -1.4969499 3.5870042 1.5741825
congenital -3.5913613 5.3559895 11.959386 4.9377995 0.6674611 4.486732 5.9206676 -8.70704 5.8363733 2.3141072 -1.834212 -5.752399 -1.4301194 -5.1858306 2.680885 -1.3961557 1.9384059 -0.21648079 0.42731756 0.22683209
chemotherapy -2.1519463 5.7824626 10.402438 -1.1538621 -0.860124 -2.7154942 5.4929986 -3.5939667 4.906635 -2.0608506 0.2334563 -3.5243237 -4.6263595 -1.9726669 5.114447 -1.7551433 1.8579838 -1.4866439 5.7738504 8.046
abnormalities 0.8027104 5.0750833 12.197537 3.178058 -1.36872 2.9968245 9.334429 -6.875521 4.806474 2.783785 -3.4239166 -4.1375184 -3.3030746 -6.404427 2.1622183 -0.9944976 1.5835872 -0.6645438 4.6344175 0.007052373
dysfunction -1.705942 3.8872097 11.566354 4.028039 -0.1139128 3.0282402 5.0652113 -3.380504 2.6873066 2.2955348 -4.579464 -5.5290394 -5.4621553 -7.0554333 1.8927639 -0.35518482 -0.9288582 1.0658759 4.8130198 0.574472
gastrointestinal -3.427809 5.469092 7.7769246 5.4363694 -0.26176292 2.9469426 5.557318 -11.6873255 0.6930494 1.5592455 -2.6846383 -3.2356362 -3.1304183 -5.483954 -1.3402762 -2.8358195 -4.3681383 1.0938013 2.8061073 4.5424995
paralysis -3.4654856 5.1345534 8.39655 3.8300223 1.3398083 0.8378944 5.66566 -3.0606792 3.2765126 1.5426905 1.2190708 -8.414091 -2.4279852 -1.9983882 -0.22716722 -0.5724708 3.6693752 -0.6218017 3.4253972 2.2125957
epilepsy -3.2897587 3.6152277 7.338986 3.1849267 0.07084881 3.611807 5.5905566 -4.107705 5.0690894 0.04253039 -1.5513259 -4.049312 -4.013513 -5.325873 1.7578229 0.27093914 -0.17832594 -1.8874576 1.7738092 2.487656
arthritis -5.547212 7.901888 6.4948153 1.8671535 0.012930146 2.4184234 3.2332838 -3.6113791 6.0141344 1.5713341 0.3610359 -6.1836224 -1.7934754 -3.4265702 5.662777 -0.34916717 -0.8425299 -0.5699811 5.556994 3.4183528
thyroid -0.8487675 3.9521713 9.202463 2.5809972 0.34512994 1.5186199 4.01016 -7.5481887 2.2044504 1.2886924 -1.2507116 -4.0662956 -2.9072535 -3.7942493 2.4076796 -2.8457656 0.42860162 0.7370653 2.9016843 5.2294874
dementia -3.4171844 5.382217 7.015556 2.3758276 -1.0009149 3.8450708 4.068308 -3.2669 5.388345 -2.341826 -1.1697868 -4.9302883 -4.5973725 -4.9575233 1.0611674 0.28693658 1.3034749 -2.4255426 1.903923 0.3229568
fetal -0.78229725 4.354789 10.186364 1.7960293 -0.124648824 2.2016168 3.9658113 -8.329885 3.6267927 0.27520785 -1.6878232 -3.8412998 -3.705219 -5.23132 0.5712622 0.48590907 2.3355043 1.018479 2.1365168 4.7723875
vomiting -6.414258 5.257921 7.4728975 -1.3051183 0.75255936 -0.060901698 7.6036167 -3.4381537 1.2208775 1.2573047 -0.52447754 -6.2193995 -3.6819391 -4.305734 -2.4997826 -4.7865148 1.0187938 3.5909102 6.2761884 2.102931
prognosis -3.8046649 4.867833 11.774154 1.4736551 -1.3238896 2.6057367 3.799849 -5.965713 7.008456 0.59875643 -1.8762281 -2.7316806 -6.3464203 -3.0380447 0.43791184 0.69642323 4.9621496 -1.3721132 6.0530176 0.17524599
intestinal -1.0252668 5.2842264 8.597213 2.2016084 0.86071837 1.6753772 5.4707766 -10.512046 -0.6904799 1.5277816 0.8890538 -5.128473 -2.0053685 -3.4530718 -0.5535128 -2.8322105 -1.9260452 0.7558317 1.1449668 4.704129
surgeries -1.560152 9.361764 4.895576 2.7907956 -2.326573 -0.397529 7.0586834 -1.9795499 3.1979187 -2.195823 -2.0725346 -6.369566 -4.493368 -0.79724944 7.6871686 -1.6453285 4.257458 -0.15615793 7.080166 4.014646
coronary -3.931013 4.7068806 9.126268 7.5800047 -2.4267504 1.0362312 3.195724 -7.6365166 -1.3178251 -1.4449301 -4.555869 -7.3079686 -1.7418618 -1.585188 -0.783072 -2.7958086 2.069566 -2.219234 3.333397 5.570141
hypertension -4.3294525 4.6929326 9.419668 3.5360718 -1.3082547 3.1647613 4.573373 -5.404266 3.8623772 2.6697931 -3.20963 -3.6127758 -5.6342087 -5.000415 1.5457275 -3.9911091 -0.91771895 -0.65195584 3.3729951 4.7917657
symptom -2.0082266 3.6050425 9.126359 2.4924707 -0.89182043 2.3597271 6.3607044 -3.9477968 6.0112047 1.8679724 -3.5422206 -2.4929442 -3.8896494 -5.254071 -2.2537596 -0.35441223 1.1328549 1.8056374 4.5779214 -0.35649607
diarrhea -6.471706 5.737461 6.5793037 -1.4703631 0.8026295 1.1799039 6.4888268 -8.008157 4.0687184 2.5304525 1.0155851 -5.2971087 -5.172348 -4.833358 -2.2391524 -5.962059 -0.8174289 1.3156434 4.2502275 2.3069649
malignant 0.26773277 2.63978 9.611142 2.5451908 1.1032574 2.416933 5.822039 -5.5423 4.147511 1.2259992 -0.29508728 -5.3668375 -1.3334993 -4.844447 -0.5882733 -0.22787955 -0.22846383 0.492465 0.4575662 1.3833367
lymphoma -1.5419011 7.534615 8.295911 2.5927792 -1.1427941 -1.6631045 3.3998187 -4.5744157 5.7918344 -0.483915 -0.536628 -5.574172 -1.0362115 -6.732195 5.476344 -2.5301275 0.42282233 -2.8207636 -1.3433312 3.2458694
pathological -0.3207175 2.7128575 8.692309 2.4165845 -1.1085894 4.461776 5.871681 -3.928986 4.3955173 0.1929885 -1.9584645 -1.5283946 -1.4023693 -4.5389266 -0.8480978 3.3555083 -0.38184085 -0.32167578 -0.0027122144 1.6219803
ovarian 0.26543534 5.4940453 8.078549 0.7617887 -0.5688638 1.7295039 2.6645396 -6.321233 3.3785613 1.1275434 -0.8986155 -5.4674535 -3.3131475 -4.9637084 3.9201326 -0.56875265 2.4871786 0.59121567 0.45582363 3.8910604
susceptibility -0.5254785 2.1606271 8.932013 -0.68716013 -0.4556754 1.4589574 1.6610886 -7.5699854 4.175867 5.610155 -0.7301635 0.38087004 -3.5097797 -6.542541 -1.2088888 1.3980081 -0.2658649 -1.5497901 4.824769 2.1488016
anemia -5.1068077 7.8421783 11.294315 0.68096197 -0.043741126 1.4597455 5.430458 -7.131175 6.843827 5.3211727 1.2208939 -4.1346107 -3.0408163 -4.47544 4.0042753 -1.8426797 -1.2081485 -0.9366652 1.6495051 2.89286
clinically -0.92630905 3.2547004 10.974662 0.73900276 -0.116917916 1.1602533 6.5287046 -5.4686 6.5526285 1.6474723 -0.6784827 0.15892248 -5.7382083 -2.9186094 2.0473626 -0.80490935 0.29470417 -1.5019934 5.1945744 1.787901
carcinoma -0.25834894 5.380298 11.921164 5.238345 -0.54237217 1.0782535 6.403332 -7.205021 4.3528566 3.9298522 -2.769764 -3.8646128 -0.776018 -5.2769203 4.5208063 -4.7394023 -0.41226947 0.5732211 1.126315 2.8158572
urinary -4.637975 5.8000727 9.689249 5.625374 -1.0246372 2.003588 5.1741138 -11.573249 -0.744933 0.8555145 -3.803304 -2.6753209 -3.2551847 -3.5516765 -1.0416225 -2.55372 -1.8552577 1.9503978 3.2485614 3.411179
bowel -3.0908449 5.583285 7.769767 4.9391775 -0.10142244 0.79543316 6.527577 -5.5879683 -0.19944727 -0.52469456 -2.3851142 -5.4053006 -3.060827 -2.3228009 -0.17440355 -3.2651048 -0.22143805 2.465881 6.0911436 2.9577827
autoimmune -0.015243641 0.48826423 11.454023 -0.11152207 0.0943785 3.2892585 5.9480147 -6.542579 5.1279573 3.4053304 -1.8090348 -4.3205023 -3.8197913 -7.0491896 1.5727186 -1.1648049 -2.7670794 -2.6586194 2.0733733 3.4790435
gastric -3.9251225 5.168011 9.477998 2.7966905 0.04546405 0.24900524 4.009472 -7.938765 -1.6362362 0.17670386 -0.60204554 -3.4021158 -1.9046233 -2.6126523 -0.14507131 -4.4484453 -0.31999695 0.6980988 4.276928 4.6885457
tumour -1.6812398 6.3570194 10.405807 2.0077753 -0.14120528 0.45209095 5.268906 -3.8526335 1.0659813 0.2107729 0.9104211 -6.7574773 -2.2516942 -3.1518111 2.003873 -2.320787 2.5965624 -1.7922108 1.3108717 3.3647866
hallucinations -0.5882312 3.170653 9.045551 -0.6090038 0.038529202 3.8710415 10.557213 -0.05904101 1.7913213 -1.9935955 0.6217325 -4.9387536 -2.007099 -7.2592206 -5.185538 -0.5139489 2.9705427 -0.26450694 2.4872391 -0.5319376
headaches -5.159755 5.164316 7.082384 0.5662467 -0.0903592 1.4645569 7.083782 -2.3800814 3.3267484 -0.99536544 -0.19407076 -5.930802 -3.746342 -4.423446 -1.4408041 -2.5276835 1.7350274 -0.7636664 6.2967286 1.629713
complication -1.6105453 3.6751118 7.8959546 1.5460553 -1.2710869 -0.083117455 4.6806626 -3.302173 2.8770266 1.5130126 -1.0286032 -2.3173416 -3.1803696 -0.11349976 -0.9604003 -0.61853075 1.5360856 -0.62162733 3.5795493 0.21158223
neonatal -3.8854988 3.00616 3.4630792 0.80430233 -2.0015633 3.8063235 4.809118 -9.642299 3.9833698 0.8274353 -3.270243 -2.9591038 -3.4169073 -3.0214734 3.8151143 -1.0038586 2.6841204 -3.151282 2.426345 5.9541183
dehydration -2.34352 6.6019163 8.573603 -2.5012536 -0.16641805 0.030573383 2.238992 -6.208374 0.41192397 4.184686 3.6081185 -4.041017 -3.3191724 -1.8628285 -1.2462716 -2.6206982 1.2976679 0.48645046 4.2632427 4.4321856
biopsy -1.318981 5.6987677 11.958699 1.9301836 -1.6236773 -2.4809656 10.582863 -6.3005123 3.112252 -0.48488784 -2.214461 -0.23327939 -0.785337 -1.3853264 2.7049658 -0.078857005 4.8074517 1.9790893 2.759847 5.2241735
psychosis -1.5106983 2.4577053 8.67887 0.82221764 0.19706275 2.1209176 5.537648 -0.5632947 5.0973043 -1.0947773 -0.119150765 -3.605662 -3.1942565 -5.720152 -3.0841966 -0.44456387 -0.43530706 -0.8863763 2.19359 0.91088045
prenatal -1.2133133 3.3104038 6.671302 -1.0437626 -2.297041 4.615219 3.8603735 -6.688431 4.940971 -1.6417099 -3.0223339 -1.4713752 -6.8732996 -4.9866652 1.8715638 0.94297177 3.0978794 -0.6757574 1.257342 5.549866
depressive -0.046209473 0.711169 8.543167 1.4366992 -0.41210443 2.878309 3.2884345 -0.41318035 5.9257817 -1.6506385 -2.4149344 -5.608379 -4.7396655 -8.056339 -2.5773466 -0.26495704 1.570899 -3.4671655 4.463746 -2.9836729
diabetic -5.539814 3.0271862 5.2803645 -1.7306188 0.28455868 1.5633774 3.7209952 -5.912577 1.5920281 -0.26897863 -1.5289118 -5.2682314 -3.2618544 -4.389247 3.1148877 -1.2469171 2.1936007 -1.3392382 2.461339 3.4845316
endocrine 0.79398555 1.6711888 7.0165877 2.527061 -0.32177702 3.827458 4.65246 -5.907313 1.720668 3.9740915 -3.8634331 -1.7743514 -2.2876465 -8.01224 4.0329266 1.144264 -4.282265 -0.06341681 1.8762617 6.073213
metaanalysis -1.4539833 3.4174087 10.280704 1.6162099 -3.610825 -0.3443989 5.2038207 -3.6723979 10.131726 0.65121096 -3.1677704 3.393501 -6.730686 -5.477029 2.079499 -0.13124469 0.52247816 -5.34315 1.3873266 2.4515386
diagnoses -2.7291882 3.1697977 8.579484 1.962672 -1.0173936 0.74702466 7.3203683 -3.6976767 6.343265 -0.25266173 -3.042783 -0.16649877 -5.463189 -3.1263764 3.0301237 1.7052455 1.7271446 -1.7206578 2.0595357 0.8296476
melanoma -0.3913635 4.642538 7.8137164 1.1254607 -0.7909338 -1.0774122 3.8974771 -4.4252605 4.6796107 0.37327173 -0.5908182 -3.7416897 -1.1200974 -6.0787897 2.7444541 -1.3007383 1.1703119 -2.0037491 0.54892766 3.505787
pituitary 2.0982933 1.6009893 11.658726 3.9035614 1.2701329 0.51995486 4.2445025 -5.5442443 -0.3823107 1.9274756 -1.5534431 -4.785321 -2.3835862 -5.6055155 0.89193285 -6.065276 0.435872 0.5982279 3.0439963 3.933762
adrenal 0.68554604 1.2403263 11.502817 2.3294997 1.9147704 2.5386562 4.0329075 -5.7093797 1.3912524 1.5509076 -1.3539159 -5.2119713 -2.9205751 -5.600206 1.0376091 -4.425575 -1.1700122 1.1177654 3.7225895 3.1715906
hormonal 0.053204462 1.5759046 9.700734 -0.97029966 0.7934072 3.3833582 3.1586566 -5.7660146 4.759828 1.1662558 -2.2930014 -2.2213826 -6.052146 -5.599226 0.862953 0.37918523 -0.56146675 2.9789093 5.357439 5.047509
infertility -2.7811868 4.21401 6.9948697 -0.5801394 0.9164585 4.9205713 4.581331 -5.4552174 6.2002363 1.8037945 0.36118668 -3.1481547 -6.271697 -4.658752 2.62972 1.3849316 2.5406563 1.0737851 -0.13345535 2.0761006
atrophy -0.1913446 4.800946 10.422276 5.8763223 0.9037027 2.0687537 4.166462 -3.8364596 2.5836663 3.5359797 -1.5420457 -5.62127 -1.8765836 -6.0438747 1.5912861 -1.957119 0.39160833 0.93221945 5.9677963 0.80391717
syndromes 0.8262322 2.773202 10.497873 3.1325872 -0.025998358 2.9104314 7.8711286 -4.5566096 6.0443087 2.937928 -1.8964616 -1.0416135 -3.1430478 -6.423475 3.7367659 -2.302923 -1.0669558 -2.9215271 1.7848897 -2.1004953
myocardial -2.698351 4.5002837 11.325327 4.0154924 -2.8814378 3.0248191 2.236435 -4.895193 0.42823625 2.6350908 -3.3688748 -6.8723454 -3.3941977 -2.1690447 0.95155144 -4.4425607 3.974048 -2.9186292 1.3885627 2.5766366
pathogenesis 2.8140688 0.67666525 11.835045 0.07044129 -0.49365878 4.4742827 3.9689777 -6.09168 4.07807 3.1677394 -1.4499137 -3.415775 -3.2058287 -7.9879394 1.8544692 -0.5495092 -1.9552232 -4.633084 2.0143232 2.3115425
pancreas 1.4866883 5.52132 8.445849 1.4769089 -0.32852584 1.2056549 5.2954936 -5.9537373 -1.8658262 0.6994514 0.49147743 -2.8162377 -1.7100525 -4.018987 2.7136264 -4.285843 -0.0531776 1.0559914 1.3038545 3.8008268
symptomatic -1.9900827 1.7710662 6.5104785 1.797233 -0.16501653 2.4214668 3.0136025 -4.6339154 4.714363 0.7683327 -2.3118958 -3.220666 -3.9605262 -3.075222 -2.0043108 0.39214292 -0.4587765 1.0109878 4.1479774 1.1006237
pathophysiology 0.6122647 2.6784458 11.309808 3.8097606 -0.47984353 3.8248498 4.4345284 -6.371952 3.7073452 2.795615 -1.9799687 -2.8134203 -2.7370899 -5.2650595 2.0255935 -1.2087653 0.13730703 -2.6329575 2.140313 1.4593102
deafness -2.974799 3.3308122 7.4203057 4.085347 1.6967348 3.4229004 3.5074039 -2.1153533 5.5319996 -1.1216491 0.5893625 -2.7335973 -3.576773 -3.1316762 0.21996666 0.85257375 1.9279563 0.11297701 2.9966924 0.6618198
cutaneous -0.600376 3.5044453 8.497895 5.149328 1.3289597 2.8589513 7.47177 -8.164514 2.7735214 3.6196892 -1.5385005 -2.3905196 0.04744849 -6.7426863 1.1304312 -3.1660724 -0.7649649 1.0923803 3.216021 3.1796367
dermatitis -4.6329217 3.99631 7.5313406 0.30698308 3.5416572 1.5768893 7.81359 -8.497825 4.853551 4.0829263 2.0502014 -1.7753136 -3.1399488 -7.354958 0.5825729 -3.7404761 -3.8560336 1.3775107 4.9909406 4.1592693
infarction -2.527702 4.6825004 9.048499 3.2250557 -2.4913743 2.5837317 2.8735952 -4.2798414 0.600405 2.8625157 -1.9174736 -7.5104055 -2.3468118 -1.1129686 1.1237869 -5.2692585 4.8531566 -2.649956 0.598759 2.5714636
colorectal -0.8623835 2.5317476 7.5918536 0.69029045 -1.4357482 1.4163898 3.3015425 -6.0816536 4.1998777 2.2594252 -2.0937593 -3.3796384 -2.0338745 -3.6063004 5.10634 -0.9841698 0.10504044 -2.6726015 0.03662069 4.4583383
rheumatoid -3.4616323 3.8731446 8.450467 -0.16177867 -0.010002636 3.0337622 3.109612 -5.2473917 4.3137603 2.3097482 -0.11854596 -4.9165716 -0.660137 -3.7612736 5.248366 -0.6970431 -0.57290787 -2.2440877 3.052926 3.0036695
retardation -2.1148565 4.7427964 7.427457 5.0283813 -1.2311294 4.10299 3.5823777 -3.7235503 1.5520573 2.9774456 -2.5281403 -2.593278 -4.243387 -5.7676487 2.8834689 1.0863324 2.432285 -1.7088206 2.320276 0.91539407
dizziness -4.9484644 3.8769984 7.613056 1.4933896 0.24025686 2.1741357 5.512447 -1.3828624 0.5819565 1.9614433 -0.8216353 -6.2990217 -2.6761065 -6.4115157 -3.8250957 -4.066837 3.0630934 0.9126505 7.577034 0.39489132
metastatic 1.2304522 3.883075 9.630061 1.226896 -1.7217966 0.27750713 2.8272488 -6.249679 2.687524 2.0911415 -1.7403522 -3.359106 -2.4992554 -4.4048624 2.6100407 -1.5817263 1.2084048 -1.2292451 1.5533223 3.9856184
hypoxia -0.65944284 3.1585844 8.759079 0.87936705 -0.16193645 1.6344475 3.8990374 -5.6613164 0.74739826 5.550445 0.992515 -3.5812223 -4.166449 -5.1828027 -1.544119 -1.2931978 2.4702263 -2.7999394 3.9407563 4.1880875
morbidity -3.6487586 4.32859 5.888392 1.6780794 -2.2364087 3.5769205 1.9605677 -6.222056 6.2299085 3.507102 -1.3282187 -1.6796601 -6.401345 -3.6416187 -1.2689563 -0.51416504 2.2753513 -2.632749 2.7795787 1.0223608
ulcer -4.883575 7.222698 7.3145757 3.7872353 0.28023088 -0.5685776 4.9008274 -4.2054935 2.3322177 0.74988323 1.6429002 -5.7128143 -0.14915772 -1.0820858 0.2927248 -3.356316 1.2996565 -0.09067568 2.166698 3.0872273
sepsis -2.0382469 4.9035034 7.730709 1.1247646 -1.2968229 -0.004595272 4.519628 -4.763336 4.1703753 1.624016 -0.44693667 -5.255253 -3.9701614 -2.5536766 1.060229 -2.6991057 0.689071 -1.9982527 1.3096719 4.275999
cancerous 1.1561862 4.2195487 9.264081 1.4807124 1.2232347 -0.01689257 3.8452897 -6.2422833 -0.19553381 -1.3397311 1.9904985 -4.58556 -2.583722 -1.87511 -0.055265088 0.49427217 -0.5796164 0.5618381 1.797871 3.9140136
cirrhosis -4.8064413 6.3542356 8.785202 0.6952564 -0.7977175 1.1449772 1.5499986 -4.765914 2.5665824 0.56986916 0.61614466 -5.2754254 -4.173713 -3.107346 1.6918395 -5.4791446 1.3984581 -1.403198 0.020465177 2.4852521
postoperative -3.508146 4.80726 8.162465 2.4871182 -2.5369976 0.8823709 4.6024203 -5.4280825 3.4785573 0.013313944 -3.5766382 -4.2793922 -4.071861 -0.34195966 1.2237144 -0.7297479 3.5867162 0.006108642 5.1232038 4.802257
abnormality -0.09959897 2.8775604 9.9228525 2.908465 0.17005016 0.9115702 7.0920906 -4.64563 3.4869988 2.5906553 -1.2767993 -2.48921 -3.4415116 -3.4111345 0.22974235 0.6916992 2.8160892 -0.043450776 1.8101149 -0.26001072
migraine -2.7385023 1.6623433 9.034505 -0.28543052 -0.17763677 1.276934 6.839688 -2.569867 3.6093004 0.92564446 -1.7273442 -3.4020188 -2.2534628 -4.694 -0.70713425 -3.133917 0.87525827 -1.0579703 3.9514344 2.998604
glaucoma -4.229915 4.7699285 7.2353983 3.7281582 -0.31195477 2.2672918 5.56301 -4.2450385 3.4729123 1.5104324 -1.1341993 -2.3880863 -0.6941541 -3.5967464 2.3766086 -1.2736503 1.843822 -0.9484289 5.828691 4.3663287
herpes -0.23959236 0.8646254 8.747224 -0.701976 1.4302552 -1.3722613 7.968186 -7.213237 2.4366317 0.6405329 -1.2719036 -1.7597545 -3.6785061 -7.7337775 2.547792 -2.302371 -0.47362903 -2.262812 -0.40491542 2.1926389
testicular -0.43867487 4.9665174 8.337694 0.56312466 0.3801448 0.33760634 4.0352817 -4.1584244 3.0048432 0.73883224 0.2067006 -5.216041 -1.3436242 -4.8364563 3.3807657 0.5167654 4.1596737 0.24482925 1.2865554 2.64736
ataxia -1.2420074 1.7145113 10.573747 4.4220486 1.4999404 4.191729 5.0355234 -3.182952 2.8735096 2.0443428 -2.2302725 -5.5819726 -2.3406577 -7.5426345 2.2438397 -2.0971224 1.0831193 -1.7267982 4.6394176 -1.0547264
esophageal -3.1165023 4.478967 7.9112573 4.38981 0.4043448 -0.39470658 3.5824525 -5.429258 1.0471388 -0.34293225 -0.8446781 -3.9164772 -0.1843193 -3.9803534 1.200931 -3.9217994 1.8812095 0.040515035 2.3255274 3.9704561
osteoporosis -2.025254 6.0386424 6.023556 1.3551744 -0.8748318 3.0420582 2.6250823 -4.5120525 4.7682037 2.9522967 -0.66759545 -2.678124 -3.1734512 -4.2753925 3.270775 0.6085619 1.3284582 1.0559344 3.327161 3.2011406
stenosis -3.1693387 4.051087 10.549597 6.353567 -0.63534373 0.7403463 5.2094374 -5.5891857 1.8176361 1.6096925 -2.5348659 -3.6264136 -1.0947713 -1.6708556 1.3183148 -2.6199899 3.7586558 -0.82975984 4.862414 1.2235931
degenerative -0.38628945 4.511041 8.226177 2.0977197 0.60086536 2.156452 3.0475535 -3.7577348 2.2885323 0.27902657 0.15650135 -5.5432067 -0.03062958 -5.7433457 1.015474 1.466792 0.6241336 -0.5442714 3.8112855 0.93873733
tumours 1.4374194 5.2065363 8.859062 2.362885 -0.17308693 1.988623 5.6806607 -6.033784 3.1304154 2.4112139 -0.08275623 -3.0813856 -2.2969768 -4.5693746 3.1263995 -2.2180066 0.14960855 -0.41067275 3.129828 2.5778687
aphasia -1.0809572 -0.8032169 10.3147745 4.5113273 1.0947555 5.181023 5.977162 -3.2350936 4.8826675 -2.8884084 -2.712299 -0.92959327 -3.8154383 -5.323076 0.19889201 -1.1354036 1.4367712 -2.8940108 4.8882775 0.6546022
insufficiency -3.065215 2.3242831 8.7985325 3.8312473 0.065867096 2.136759 2.9873974 -3.3390212 2.1463327 2.022977 -2.0090477 -3.111039 -3.9595122 -0.95440507 -0.52389556 -0.35390443 1.0934687 0.93512034 2.541362 1.4608732
embolism -4.4670706 5.5992956 8.357716 3.5437891 -1.0790237 -0.6070924 4.4095654 -4.0805283 0.62926316 0.6979009 0.22571845 -5.7701654 -1.3216048 -1.1080371 -0.9248377 -4.848572 3.4226792 -1.9509734 0.5850273 3.8600805
idiopathic -2.033631 2.7855313 10.707294 4.104497 1.0430008 2.2601411 5.3567834 -6.4095125 4.682161 2.6298962 -1.550187 -2.0079129 -3.1668775 -5.615543 3.1160185 -3.038785 1.0450176 -1.4876531 1.4650698 -0.5015151
intracranial -2.3130383 3.9707165 10.256562 5.2707214 -0.7015664 1.6299483 4.219053 -6.070354 1.1050626 2.7079098 -1.2124114 -3.647504 -1.7941725 -2.7337615 -0.020228274 -3.004598 3.02194 -1.4476714 4.6119018 4.0269156
deformities -1.3860149 5.5287576 6.6186085 2.5826912 0.6826136 3.4468224 7.7745547 -4.379215 3.7798371 1.3803964 1.0297035 -3.6776164 -0.45216691 -2.913995 1.1212974 1.4414763 2.5611744 0.717785 3.3726149 -0.7424649
encephalopathy -2.3053923 4.867492 8.726313 1.7134682 0.49786568 0.8882774 3.7058022 -3.9433043 3.9536068 2.9624693 0.95915306 -3.673982 -3.450333 -6.8665743 1.8627303 -2.1411202 -1.0550277 -2.1452942 1.0119733 2.1622558
hypersensitivity -1.8487108 1.9073472 10.839122 -0.41661856 0.83218634 0.37383917 5.936199 -4.515696 4.2080855 5.306909 0.10041845 -1.1861733 -2.4801607 -4.315195 0.26043814 -1.6348561 -2.4407568 0.08755158 3.8500538 4.129834
colitis -1.6730917 5.8562326 8.048939 1.7327305 -0.7309358 0.27373397 2.626419 -3.9298563 3.9381223 1.9571104 -0.32519254 -3.8248854 -2.8857512 -6.248855 3.3331182 -2.3233922 0.009266589 -2.0653985 0.92548877 3.2815614
sedation -5.460989 3.3791106 8.115739 2.3838003 1.1589149 1.3120525 7.168633 -2.934272 1.1728901 0.84719956 -0.79120034 -1.6778775 -4.8751087 -2.1044724 0.7691069 -2.530446 0.70885485 1.2277732 7.906037 4.957905
apnea -1.9966699 3.5685132 6.4078555 0.9382802 -1.1764623 1.9991742 5.1831994 -3.8086467 2.002954 0.47076327 -2.599688 -2.6897097 -2.6788065 -5.1799026 0.8151911 -2.8938334 5.993905 0.4727492 6.1731377 4.733377
ischemia 0.27070066 3.9105856 10.714569 3.4287262 -1.2967005 2.558446 4.1072283 -4.9301095 0.8757531 3.9014988 -0.7699604 -4.9336724 -2.8471186 -2.672702 -0.081725456 -3.076177 2.1725252 -2.0501611 4.7176695 2.455818
atherosclerosis 0.48972234 3.342374 9.082401 2.5867698 -1.0215033 4.1237555 2.269781 -4.7038627 2.3456604 2.5226889 -0.9205403 -3.7761335 -1.8660352 -4.67404 1.9477781 -1.3049401 -1.3394724 -2.6911583 2.6666205 2.8233871
stressors 1.9241574 4.142788 6.7572875 -0.0024524776 -1.2794527 5.095047 4.923492 -3.852158 3.6330168 3.9848018 0.32955775 -1.7394662 -7.4408097 -5.4101186 -1.0942779 2.4816978 0.6503661 -1.3659351 4.9324355 0.82491434
psoriasis -2.8101761 5.0161176 7.127601 1.297147 -1.198415 1.4678789 4.744439 -5.3633995 4.592609 3.581948 -2.2258453 -1.1097964 -1.4268924 -4.9698706 2.9007037 -2.2899888 -0.6259271 1.0098966 1.700715 3.2414162
immunodeficiency 0.97008675 2.5425503 8.76997 -0.23913765 0.09431497 1.3872677 5.1766357 -4.8345675 4.2293224 4.30448 1.4430771 -0.46797997 -5.581875 -7.1010714 3.0433407 -1.9548297 -1.3588513 -4.177212 -0.6217992 3.9210124
cardiomyopathy -1.4568616 4.323565 11.501497 4.6839795 1.4183396 1.1412023 4.162407 -3.5104892 2.5894823 1.6771208 -0.15987772 -4.510128 -3.4950902 -5.272316 1.901458 -2.7209766 1.3090532 -0.57366246 2.4161584 0.013079259
incontinence -3.6092064 4.725321 5.8856025 1.416205 -0.17015189 2.0998356 5.377492 -3.6559293 0.66390467 -0.11209554 -2.411494 -2.6001809 -4.91665 -3.262818 0.47510758 -0.7851271 1.667523 3.6750402 4.2203913 1.7392807
myeloid 1.4229438 0.57883507 10.360647 2.5935414 1.451588 1.9506506 3.678138 -5.375948 1.8702164 1.6712337 -0.14219439 -3.3576396 -2.3486223 -4.6284156 3.3394058 -3.2986944 -0.17740946 -2.073691 0.61722183 2.07316
fibrillation -1.5002819 1.8334926 10.367466 3.8431692 -0.20118016 1.228054 2.5938423 -3.0322318 0.5710169 -0.17995927 -3.1434307 -4.7838554 -2.1572669 -3.5408192 0.5642633 -2.97835 1.981026 -0.39623103 4.9596176 3.1758873
tachycardia -1.5715595 0.8156426 10.75185 3.9765415 0.4760229 1.8467084 4.9215536 -3.1717536 -0.13916673 1.0012854 -3.1977684 -3.5584795 -3.3890367 -4.871814 -0.5276533 -5.6891713 2.5228033 -0.34821376 6.3079915 1.1975198
endometrial 1.1163497 3.4280314 9.389532 1.719173 0.39608377 1.6237661 3.2256887 -6.0316806 1.9570727 1.3921967 -0.68072534 -3.127431 -2.9655197 -3.2134175 2.8316102 -1.8600285 1.9920079 1.6654947 2.393906 2.6695023
hypertrophy 1.3525656 3.7239697 11.540318 4.069541 1.0108147 3.3771372 3.3399541 -4.5492344 0.15992604 2.310345 0.25973275 -3.6254735 -2.2121396 -3.7971225 1.3757395 -1.523789 2.0179384 0.7726851 4.907909 0.15013598
fistula -2.317902 5.6537538 5.55526 3.9553552 -0.52197146 2.5739567 5.2189407 -4.2098856 -0.5303795 1.7250701 -0.68941 -2.5223966 -2.1424289 -1.9039301 1.9257157 -1.1105564 1.3403728 1.1958628 1.1048229 3.3308556
hypoglycemia -2.7891967 3.0471904 9.509736 -0.1531275 0.48673066 1.4815449 4.8775587 -4.8547263 3.3033073 2.6505272 -0.10210268 -2.8896928 -6.260216 -3.7895496 0.07809378 -2.4712753 2.8059294 -0.22267675 3.189237 1.7203442
postnatal -1.491359 3.2627122 6.3381653 -0.14912665 -1.4063166 4.553037 1.9932139 -6.1044674 3.135784 -1.5289464 -1.2590532 -4.631806 -3.9720023 -4.12327 -0.60043687 -1.2496057 2.9416811 -2.061825 1.9056389 1.8052218
ejaculation -1.3809232 3.1437721 8.067129 -0.11696185 1.0094734 1.1724426 5.900298 -3.1992295 3.5388005 0.4630179 -0.5850155 -2.482356 -3.568431 -2.955301 -0.8778631 -1.6802981 3.8545241 4.216624 2.954908 1.31244
preterm -5.0311565 2.9040182 7.009806 -0.1400121 -0.08039162 2.22167 1.0685941 -8.409697 5.0480323 0.056052998 -2.0291479 -2.834382 -7.5065994 -1.8752509 1.381295 -1.9274412 2.6338215 0.77261126 2.0817423 3.85733
bronchial -3.7762253 4.8622336 6.1644526 2.5008245 0.057281055 0.5626103 2.6083255 -6.101277 -0.3130296 -0.21799242 0.44224522 -4.76507 -0.32384086 -1.6596282 -0.37535027 -2.8991683 0.8376853 -0.38488305 2.6038702 3.1518538
ectopic 1.2955501 1.7801975 9.762423 1.0188183 0.8396105 0.3074761 3.7636993 -5.6526775 0.3836185 0.10748691 -1.2288074 -3.1440458 -2.4401684 -4.45723 0.57064754 -1.9680892 2.3027697 1.3250369 0.8487593 1.6475319
malignancy 0.5222076 3.0476875 9.276263 3.1399186 0.07628275 1.5150721 5.0621986 -5.208124 3.391885 2.0783951 -1.1102822 -1.4829844 -3.373873 -3.476189 1.4425887 -1.2432163 1.1564007 -0.08905722 1.9572945 1.3761481
hypotension -3.6609821 3.4851623 10.375144 3.429305 -0.29600412 2.749353 4.111913 -3.1976335 0.8893722 3.7309031 -1.4819762 -3.895807 -4.450937 -4.214925 -1.7963321 -4.2903233 1.8821304 0.3079591 5.81652 3.2621012
pathologies 2.141034 3.8574216 8.250002 2.6944988 -0.9728653 3.614515 6.4762845 -3.5825632 4.723721 2.4872694 -0.8404372 -0.9778965 -2.9533398 -4.173178 1.8793315 0.17404656 -0.16547954 -1.252651 2.509776 -0.5218071
pancreatitis -3.3116426 4.0729084 8.127884 2.3381891 -0.014204957 0.5099645 3.4269986 -3.5717616 3.1491258 0.9831344 0.108002074 -3.7948265 -2.791857 -2.3554137 1.9084141 -3.6474295 1.3298076 -1.7518439 1.7134783 1.3641659
caries -1.6906428 5.524601 7.137335 3.5302734 0.57027763 2.1328845 3.835109 -7.361866 3.3118527 1.6961068 1.1438903 -0.36082554 -2.046513 -2.3583 1.4563352 0.049621545 -1.1818385 0.63511175 4.3259697 3.2698452
malignancies 2.051605 3.225613 8.879158 2.2217708 -0.739172 2.2365441 4.7702017 -4.267005 4.122184 2.620248 -1.2670329 -2.1964068 -4.301491 -4.8903966 4.6087174 -2.5740578 -1.0454439 -2.3864226 3.1989594 1.337508
arrhythmias -0.45357883 2.5802014 9.99455 1.6695894 -1.4303045 2.287932 4.351422 -3.3902361 0.66894495 2.0097013 -1.4978851 -3.139129 -3.5165765 -3.0887537 -0.1710783 -2.735329 1.3686851 -1.7203549 4.571539 3.2479239
arrhythmia -1.6328979 3.038127 8.670201 1.9053211 -0.68692744 0.1860575 3.7746518 -2.43784 0.89329356 0.22795317 -0.38856545 -3.5050611 -2.723057 -2.5172322 0.4738303 -2.5083036 2.2222419 -1.865343 2.2298324 4.1811743
tinnitus -2.0931559 3.0807648 8.317156 1.3026222 -0.7228669 0.46847367 4.0302734 -1.2887378 2.6386755 -0.93499047 -1.2420359 -2.167423 -2.433287 -4.3691955 -2.2525356 -1.8227466 1.4039769 0.12874368 5.0351534 2.426792
neurologic -1.1027468 3.1477077 7.0798564 3.3335776 -1.9224794 3.457613 3.340368 -3.7321277 2.5030472 1.4277498 -3.0492823 -2.452507 -1.9480646 -4.7172594 2.3467038 0.20934628 1.032271 -2.1435983 2.3682458 2.4014368
biliary -1.6364613 4.1786237 8.143115 5.068138 -0.4247003 1.8054632 3.6666632 -7.0919657 -1.4077237 1.5798507 -1.4353174 -1.6749688 -1.6485635 -2.7089515 1.6183468 -2.9790163 -0.18299325 -0.1556167 1.0705465 2.8140635
hypothyroidism -2.1045296 2.5918162 7.709024 1.2930027 0.93102443 1.7571833 2.9911044 -6.145645 3.943466 2.236624 -0.30631194 -2.2675073 -4.3032866 -3.8062243 1.5169095 -2.1580234 1.6160569 -0.12342638 2.6625495 1.7298484
eczema -4.605471 4.021935 6.11368 0.3547146 1.1988231 1.6151944 4.902901 -5.0270147 3.2123463 1.9035306 0.9508877 -0.9939047 -1.9305341 -4.1078863 0.8670501 -2.7790961 -0.7895562 0.8914608 2.8188584 2.1335237
hemolytic -1.090493 1.4607958 9.028565 -0.7225273 1.3893871 1.6286666 3.7833352 -5.9686904 2.8071492 4.3827076 1.223613 -1.3940849 -2.654614 -4.549869 1.824398 -2.88656 -1.4697572 -0.9879561 0.64809024 2.5059311
misdiagnosed -4.9250755 1.7143387 6.656754 0.07021886 1.0047745 1.4952341 4.649256 -6.1909757 2.6071587 -0.690546 -2.5920715 -5.565322 -1.8816379 -4.432189 -0.048699625 -0.79848427 0.050150104 0.2767697 2.2963212 0.07378777
mastectomy -0.5299483 5.7969904 8.625966 2.669204 -0.8179954 -1.2568157 4.1199455 0.18906718 3.1407537 -2.1578267 -0.15677223 -3.8543196 -1.4906042 -0.009899962 2.631891 -0.7363237 1.0375057 1.3818196 2.8205438 3.5470157
analgesia -3.2332802 2.3980243 7.9375677 1.37872 0.35491464 1.5386144 4.4341693 -3.960075 2.2353902 1.8551999 -1.2428677 -0.38288498 -4.163878 -2.5914044 1.8127306 -1.920068 -0.077464394 0.30686107 5.9312873 5.033365
irritability -2.9541352 2.3597655 7.26987 0.90762717 0.55588996 4.7936025 2.9152982 -1.8706548 1.5975099 1.3819493 -0.4003979 -4.0725427 -3.5950074 -5.1822658 -3.3140664 -0.71891165 1.1138945 1.3998226 5.332333 0.10717006
migraines -2.5507956 2.9546862 7.172852 -0.28920516 0.48016492 2.0584185 4.741733 -2.941885 2.8532445 -0.0072460584 0.725747 -3.424671 -2.689597 -3.6786804 -0.5323795 -1.4843235 1.5368245 -0.76827335 3.7025874 1.810901
endometriosis -1.1465483 3.4669144 5.813974 1.2984834 -0.64409095 1.8590226 2.8978722 -2.9951625 3.7599187 1.1510828 -0.8457242 -2.4307432 -3.4701066 -3.684237 2.2363846 -1.2499408 0.68072593 -0.04380299 1.6903875 3.763072
anaemia -3.2256246 4.6209207 6.9856772 0.14593571 0.3641853 1.8895686 3.841069 -4.968538 3.9706483 2.6327276 1.5953685 -2.7095006 -2.16928 -2.8724284 1.6192293 -2.0388033 -0.024691815 -1.0485258 1.207448 2.301839
treatable -2.8166895 2.317641 5.9148984 -0.5190398 -0.2702417 1.96204 3.065175 -6.168734 2.611878 0.774432 -1.3749536 -3.030024 -2.7031527 -2.7332222 -0.5937124 0.72808486 0.19204238 0.3516815 1.9438221 2.094304
endocarditis -1.6556674 4.3130417 7.9770064 0.84572244 0.26511773 0.12844223 4.1112976 -6.288019 2.8606653 1.487522 0.49373314 -3.1436512 -1.3929304 -3.60971 2.61667 -1.9677688 -0.5976602 -1.3524092 1.2180613 1.6652898
lymphocytic 0.0011536536 2.8120155 8.115817 1.9162992 0.4673692 1.0707201 3.9116912 -4.9779754 1.0931665 2.176679 0.4777579 -1.9086365 -1.6615018 -4.4607015 2.250103 -3.572831 -0.301102 -1.743904 0.80712044 2.2387364
lymphomas 1.6578631 2.681326 8.59244 1.826626 0.36363748 0.6763154 2.9875472 -4.431918 3.407106 2.3611462 -0.9764145 -1.4637964 -2.3289258 -5.0264206 4.307208 -2.4955287 -0.7276253 -0.8309932 2.1506698 1.1192629
neonates -2.0163138 2.499813 5.16879 0.054537307 1.0563203 1.6735572 3.4669187 -7.2500825 2.5812347 0.5904671 -0.0060782935 -1.4518172 -3.2067542 -2.947997 1.571689 -1.7321877 1.893585 0.29003498 2.0588057 1.7607987
hypertensive -2.2463117 2.3285072 5.9734983 0.69857764 -0.89483607 2.398132 2.240471 -4.9697185 1.3212829 2.592042 -1.7156379 -3.6346855 -4.2892103 -3.808122 -0.7730097 -1.7627614 0.023164665 -1.2879285 1.4593672 3.2939107
conjunctivitis -2.6848922 3.719022 5.5864983 0.9947772 1.1074046 1.0589781 4.3380013 -4.4944 2.1438434 2.7735229 1.105521 -2.526712 -1.509278 -5.3191648 0.003673538 -3.2479086 0.25142732 0.21713698 2.4605188 2.3975039
hyperthyroidism -1.9667175 2.3578703 7.9416184 1.5513198 0.37099588 1.0087827 3.2100813 -4.780796 2.691241 2.2095199 -0.09030686 -1.8874626 -3.069059 -2.737226 1.0085955 -1.9670299 0.8687399 -0.5754831 2.441362 1.6917466
rhinitis -3.2037907 2.9302626 6.1687365 1.1122332 1.1095116 1.0995132 4.6867337 -3.5272584 2.505489 2.075075 0.181533 -1.1624286 -3.4556077 -5.276485 0.16354829 -3.4396772 -1.1030158 0.008472387 3.196109 1.7650566
candidiasis -1.3425411 3.0601697 6.059782 1.7847536 1.2747166 1.3613052 4.569348 -5.306647 2.8843422 2.775414 0.7572216 -0.44825527 -2.3689086 -4.523909 0.85937375 -2.31542 -0.3882637 0.46726012 1.389224 1.1707584
gynecomastia -1.3618997 2.0710616 6.679147 0.7665208 1.5862213 1.7940295 3.0621924 -4.7985377 3.0687747 2.00574 -0.09755139 -1.5363587 -4.3995366 -3.3050833 1.2097819 -1.0498945 0.7742735 1.5017502 4.227878 0.46425864
myasthenia -2.7522826 1.5321484 7.2179704 0.89237666 0.4555469 0.2531246 4.8126826 -2.5586536 2.6893184 2.2479458 -0.9904619 -1.6305568 -2.0945415 -5.0581307 3.4143229 -1.9421551 0.82802916 -2.079919 0.8408625 1.954032
otitis -0.956896 3.018709 4.9040384 1.5083992 -1.0008527 0.55471915 4.167126 -2.601887 1.6798805 0.19878481 -3.0951436 -1.5782534 -3.6711688 -6.7484436 -0.7163113 -3.1974907 -1.9976501 0.55183065 3.08424 2.0180166