Centroid_154 4.722100345728155 -0.7225045720970876 -0.15741885611650494 -5.260672971844662 -3.234060667961164 -2.376722527572815 4.81306626883495 5.337213203980581 0.25419664058252434 -1.0528252102718452 0.4605462896504855 3.152975723009709 2.2546433122330103 -3.049582771796116 -2.1581493880873777 2.1219008953398055 0.35152771395145643 -1.3357807751747577 1.8020459185436906 -2.46832216131068
series 6.0711374 -0.09527327 -2.3546622 -3.2237139 -3.4059153 -6.5072317 5.1464834 9.157381 2.922629 -2.1807666 1.4938546 3.9098613 1.2503313 -5.2334514 -0.2640159 0.5347352 4.7845263 -6.095407 4.233314 -5.426765
feature 3.789227 0.07127173 -0.992954 -3.763761 -4.7612066 -0.9284712 3.4539673 3.6338499 0.7615185 -1.0437495 -4.215139 3.6357234 4.8336644 -3.768766 -1.6868348 -0.40115532 0.6804676 1.1027545 5.36699 -5.6275706
classic 4.779313 0.4753413 -2.5257013 -4.1834865 -1.7460487 -1.2264955 -1.4393895 4.5910473 0.90477633 -2.9847138 2.1042266 7.092556 5.5016823 -5.493823 -0.90672886 0.3413098 2.408614 0.9454883 2.798723 -4.9157586
comic 3.7387187 0.1313852 -2.5221868 -6.201418 -4.7024817 -3.0860693 9.068435 9.691231 3.7334077 -6.351105 0.35592675 4.99552 2.8311813 -5.128615 -4.1036286 3.3062856 -4.2836924 -2.2036228 -0.26031584 -7.6611137
comics 7.5593085 0.12751327 -2.578305 -3.9651523 -3.913707 -6.526692 8.728629 9.595682 5.1172094 -5.369683 3.2067945 7.173416 3.788996 -5.774627 -2.3369029 5.9020233 -5.883268 -5.3811574 -0.3897026 -3.9029677
fantasy 5.243341 -1.2404833 -0.28059608 -5.263988 -3.7664006 0.64810604 6.415311 9.029975 5.037192 -0.5350679 1.3414878 5.7862964 6.6721053 -5.4264607 -3.7627544 3.926056 3.3861382 -0.4154097 -0.3368158 -4.5776553
animated 1.9683942 -1.1098858 -2.9135544 -9.264297 -5.273029 -1.7077303 9.387587 8.151668 0.72177243 -2.2138646 -1.9509182 3.0253716 6.3965173 -8.36416 -2.5864475 -0.81617314 0.3578351 -2.9241822 3.7331455 -5.0015955
disney 4.511418 2.468071 -6.1281824 -9.363931 -5.991384 -4.870509 3.579181 8.129375 -3.1377807 -8.134711 4.0357385 4.9208527 0.06826933 -5.317424 -1.8752514 2.1944704 -1.1358515 -6.101467 -0.21936719 -0.3686686
adventure 4.4857783 0.7908305 -4.7528815 -5.210914 -3.734157 0.47125268 7.0930257 5.6707244 -0.60219014 -2.2708554 3.5677907 5.609736 2.922012 -5.06737 -4.668542 5.1250305 4.6626472 -3.550268 1.7649926 -3.5071552
animation 2.8864582 1.6986934 1.0381869 -7.531609 -6.2976813 1.5107474 6.3511796 9.096022 -0.59477514 -3.2097614 -0.24421138 5.048849 3.913768 -5.426125 0.28438884 -0.31784672 -0.33732066 -4.0223923 7.1122885 2.045927
sequel 0.49583378 0.41468352 2.0036066 -9.508355 -4.729807 -6.117845 6.784564 10.997872 1.2349031 -1.110677 3.6274242 2.127939 1.768639 -1.9163498 -7.460834 0.08512164 3.1241646 -3.2814298 -0.13864562 -2.6497188
adventures 1.5661503 0.82617176 -3.5647511 -5.5646434 -2.4395552 -0.48270085 10.458658 5.315701 1.4015356 -4.3903203 3.7181387 3.1949258 3.2322676 -5.3613825 -3.9788265 2.122162 1.9691035 -4.716685 -1.61858 -6.796524
gameplay 11.491167 -1.9572963 2.589103 -7.829063 -3.721407 -3.3509073 6.7842584 7.810135 -1.2915565 3.3262417 0.11418793 4.903139 0.4343962 -4.4306602 -2.8030672 7.577534 2.4908748 -0.17217754 9.394029 -5.2953043
anime 6.171667 -6.212762 -1.8476819 -10.641861 -3.1950638 -3.0581934 7.342134 9.111366 3.4927437 -0.43988845 -0.47836795 4.4993534 1.8993721 -7.4212236 -4.3474803 -4.6778517 2.9385602 -1.3547705 2.8360133 0.4408082
marvel 7.96099 -0.99407214 -0.7520836 -5.1623626 -2.522341 -7.6162734 8.1450405 9.650859 1.8632532 -2.4467425 5.4902735 3.6959457 2.990498 -3.4923866 -3.3458333 8.513921 -2.6788242 -4.8106647 -1.0040087 -1.4884603
manga 4.768115 -7.9923987 -1.0656928 -11.322427 -2.075978 -1.974789 8.549218 7.359783 7.089073 -2.1951478 1.3446727 6.5829735 1.8883027 -4.763176 -4.0475903 -5.0854883 3.668769 -2.5671155 0.47928658 1.4131275
cartoon 2.589624 -1.2309077 -2.955941 -5.0163097 -2.8219526 -4.2754016 9.141571 8.048329 -0.668359 -4.8260145 -0.68410265 3.889849 1.5115316 -7.387066 -3.4800713 -1.0433064 -3.0365293 -2.344619 2.2103066 -5.14678
arcade 9.040751 1.4013315 -3.752892 -4.8765907 -5.1814485 -4.369347 3.543792 6.61946 -6.536859 -0.7881868 0.044147924 3.6223087 4.7830086 -0.34142265 -1.2065645 0.9033115 -0.6805587 1.3237158 4.377642 -4.914786
toy 1.8476136 1.1769124 -3.5863352 -9.077763 -1.7898175 -2.9826887 6.8333373 2.1603007 -3.3244448 -6.0603704 3.6162882 5.6135025 2.811328 -0.040812735 0.59327227 2.6243992 -2.8370621 -0.34722784 4.398025 -2.0454228
miniseries 1.118976 -0.31184003 -2.6788323 -3.9740436 -4.3827925 -5.3488436 9.014183 11.354451 2.9191484 -0.6208702 0.86811113 -0.45107847 3.1396685 -6.9534144 -4.488953 -1.088405 0.57042944 -6.8609138 -2.2344708 -4.793921
genesis 4.5275707 -0.5841511 2.9505692 -1.3105496 -2.1588266 -2.7051172 2.8665025 4.5130615 1.9019316 -2.5122464 1.2653084 4.602859 3.820033 -1.5404648 -5.173828 0.8590839 -0.6387001 1.4985833 -2.7004647 -0.023814805
spinoff 2.8147752 -0.64983207 -2.4230304 -6.448753 -4.282767 -5.3930035 4.612985 7.368146 -1.282728 -4.1377783 0.14547938 2.6269376 0.18102439 -6.363074 -1.6501081 0.32973146 -0.22155298 -5.669893 0.20741732 -1.5781707
fantastic 2.7794914 1.300274 -0.07909805 -5.817182 -1.7952492 -1.0475824 5.8323636 5.987174 3.126475 -2.8369393 2.4228127 0.44682765 2.9870524 -2.7607923 -2.5791621 3.302472 4.368289 0.40587562 2.3760364 -5.1950755
sonic 6.410293 0.5240641 2.5412824 -7.2942853 -0.9504412 -1.337734 3.3205285 5.8767347 -2.1783116 -1.3111855 2.7622874 0.9743897 5.4832363 -7.237923 -3.6087658 1.7278994 -1.5523412 1.7763686 6.6903515 0.10710628
trek 4.6987357 -1.9988638 -4.508899 -1.9778231 -1.8735241 -1.8091011 5.6503224 3.048179 -0.53544104 -2.4288743 2.7039614 2.8718135 2.362337 -5.810262 -6.0601892 2.6429696 5.2358236 -5.0348873 0.69803333 -1.8016601
crossover 7.2773128 -2.2281022 1.6261646 -4.360295 -1.3351818 -4.906394 1.1803044 5.6855555 0.12591927 -0.8654379 1.0156462 2.3529181 1.7429085 -5.084502 -4.705846 0.88882506 -0.20193656 -0.5103531 4.774173 -3.3781133
mega 7.526761 -4.064557 -3.1985278 -9.949939 -2.6307545 -4.7935033 1.1269293 3.9381778 -4.203857 2.3881373 0.4829476 3.3705778 -1.4438068 -4.080302 -3.2495794 0.33432338 2.011656 -0.27183333 1.4072773 -0.64674836
roleplaying 12.77149 -3.9732847 -1.6254867 -7.3969774 -5.754678 -2.6612785 5.426462 6.5623064 2.5829093 -0.6615479 -1.1914979 6.4423347 6.339264 -6.720076 -3.0507684 11.65953 -1.5907546 -2.0906384 1.3102297 -2.1920922
creators 4.4128213 0.22652854 1.3047234 -4.8577743 -2.969059 -1.0702679 4.256037 6.55956 1.0475738 -4.880618 -0.24814853 4.187729 -2.326676 -3.4377203 -0.7380974 4.6458626 -3.6207585 -0.067376316 0.25502986 -2.007
puzzle 7.7466807 -0.3881707 4.30549 -5.279091 -3.1163006 -2.9697952 6.9958944 3.454496 -1.6771421 -2.8375216 0.15125322 5.9431314 1.5177686 -1.1372524 -0.22953828 7.4684706 4.122792 -0.17268361 2.0421371 -5.506872
sega 8.534483 -2.6002715 0.31219375 -9.188557 -4.8128543 -7.687716 0.14287905 9.325495 -1.4459442 1.7648416 2.7424881 7.2705073 1.5207924 -2.5038707 -1.8757234 2.9808776 -2.2152238 -3.4136047 3.356414 2.5068123
multiplayer 14.921897 -2.7197957 -0.48512873 -8.174032 -5.135327 -4.400173 4.544152 7.0648317 -2.8393955 1.8164793 -2.9385822 3.1666267 -4.044876 -5.1692586 -1.0312905 7.020238 -0.14986883 0.64136505 8.224375 -2.641253
twilight 3.2747889 -0.65641546 -2.2035089 -2.49434 -1.6774424 -1.8069637 4.176982 3.3037252 0.5642346 -1.3457408 1.5084175 -1.2134744 4.6450996 -5.7281823 -8.374268 -0.82912666 4.3376503 -0.8053428 0.27313775 -2.2484112
playable 10.375925 -6.7791643 -1.2146051 -9.520807 -1.657317 -5.0878506 5.2725616 3.8886194 -1.0244045 0.20374098 -2.988509 -0.22218186 3.2664285 -2.2336373 -0.91590524 4.778886 2.4125655 2.7395933 3.6120257 -5.35077
installment 2.1820014 1.828914 1.1634624 -4.8218856 -5.8886 -7.8989763 2.8745253 9.992992 3.0147514 1.8662511 -0.4237931 0.6808094 2.2041454 -1.6625061 -3.9634392 -2.2078793 5.4899535 -1.3085628 -1.0412889 -3.4965394
dungeons 13.46152 -3.0176747 -2.1642168 -1.9531116 -2.8326051 -2.8097663 8.629502 4.6215043 2.110656 1.919505 2.8039026 5.0540934 7.979594 0.73536944 -0.77188945 8.9513445 3.4450881 -1.0784088 -0.9129046 -4.120086
consoles 8.149776 -0.50550073 1.4003665 -8.285532 -4.0491667 -4.8150897 3.4136195 4.249731 -2.7301686 -0.6816146 -0.321589 4.273755 -1.3122209 -0.5958325 0.7027098 1.2559931 -0.26175734 -0.25125197 7.1124473 -1.7055664
sequels 3.5891194 1.6630245 0.8851191 -9.1205225 -5.3277154 -4.8790607 8.094998 7.3036237 5.0245175 0.2622936 1.2478746 -0.24969658 -0.08613684 -1.190837 -2.3629885 -1.9028156 0.74762356 -4.007934 1.2809782 -7.4153333
puzzles 8.1836405 0.8052267 3.9045935 -4.4313745 -4.1426463 0.26614663 8.82952 2.3578854 -0.27043366 -3.895755 -1.2813237 5.6580215 -1.493894 -1.2674235 1.8832227 8.9391365 4.0365267 -1.6904765 3.9729865 -7.230899
odyssey 3.8499634 -0.27744827 -0.924979 -3.7944167 -2.7255473 -0.67056835 4.290664 3.1864872 1.8844391 -2.3343263 2.5852869 3.3967116 5.893989 -3.3086298 -3.5179005 0.6531717 2.916429 -2.5317807 -2.0563948 -0.32663083
transformers 6.599952 -2.7895029 1.3786225 -5.7889843 -2.9064655 -5.2672644 4.9665127 3.0034237 -2.5623307 1.8892996 0.61060923 2.5901296 2.6983767 -1.1302127 -4.2923307 1.9586006 -3.420755 -2.9934163 6.6046 -1.1145426
halo 6.197679 1.2437171 2.04008 -2.9902532 -1.6328127 -3.6303484 5.6939516 3.6140366 -0.7887292 1.9128507 1.64011 2.5603771 4.362793 -3.500907 -2.7935095 1.3688681 2.0151799 2.2562132 1.655855 0.58046836
scifi 1.5188911 -1.6209666 -0.6202033 -5.5602903 -3.7852268 -0.5639763 5.8282 7.5745234 0.87433743 -0.8470403 -0.912733 2.3828313 3.4881144 -7.530882 -6.5131884 1.0193409 -0.027363397 -2.2510858 2.23276 -2.9176104
retro 4.7418017 -0.16644049 0.25867388 -4.99909 -2.1232295 -2.9544718 1.0131457 6.8039155 -1.4715793 -2.7540138 0.64877987 6.1463084 2.5456183 -3.2975907 -2.0957332 0.5959556 -1.3574444 2.627709 5.32513 -3.5865374
prequel 2.8969676 -1.9113383 0.21366186 -5.409579 -3.7452621 -4.528774 8.096788 7.895047 1.2219555 -0.64555955 1.2598016 1.1356312 3.1473403 -2.8122654 -6.380046 0.7240629 2.3473384 -3.238623 -2.5621154 -3.6940162
animations 4.613951 1.3503602 2.560625 -6.8924837 -5.8012013 0.07773228 7.579523 6.5512657 -0.50530386 -0.6235495 -2.4259214 3.9288292 1.6341841 -3.714342 -0.25225282 0.7840806 -0.059543084 -0.9449136 7.157489 -1.9319568
futuristic 5.4381323 -0.6167795 -0.4704782 -4.2542305 -2.654016 3.291465 5.399628 5.4397616 -3.019538 -1.7497878 1.9542023 3.5249646 5.101408 -2.465348 -4.3769 3.4201005 -0.63780737 0.03278231 4.4831634 -1.2241355
reboot 3.8293984 -0.8091749 1.8351399 -5.7570624 -4.2747 -6.3760886 5.605693 8.444967 -1.954867 -1.3234489 0.38384828 0.32697737 0.11536275 -3.0172017 -4.95475 3.3317192 0.5757959 -3.64145 0.8431273 -0.9957005
gamers 4.8510466 -0.169614 -0.13899967 -6.0667186 -0.8910193 -3.0778642 3.385657 6.264598 1.5670279 -1.679933 0.83081096 5.887913 -5.581905 -4.8300896 -0.43863168 5.9627085 -0.22732164 1.7178897 4.9801073 -3.4347987
marvels 4.2486157 -0.7508389 -1.1794448 -3.7108703 -2.5531683 -2.9927108 6.5758524 6.133806 1.6756486 -1.0897485 2.146992 1.7247056 3.150816 -2.1774828 -3.6150954 5.4789557 -1.719064 -2.787065 -0.27001563 -2.1585069
pinball 5.6707635 1.1423017 0.16014086 -6.996521 -3.69701 -5.4039693 3.7446954 5.554389 -4.0068474 -2.1648722 0.60566336 4.3599124 4.425993 -2.1118577 1.2743658 4.075342 -1.3236152 -0.19655576 4.0780225 -1.9796902
collectible 5.1380877 1.2016585 -3.525356 -10.637841 -5.2639356 -3.3781197 2.765997 0.06321801 2.6081595 -0.67446244 -0.44888094 6.1017694 3.4463625 0.6495136 0.6887109 5.5974355 -4.096744 1.9768225 2.0619338 -5.2889876
adaption -1.125203 -1.4652716 0.76361865 -4.5981126 -3.1205847 1.0913142 3.3999045 4.631556 1.8804103 -0.84792227 -0.5185365 2.2715366 4.260405 -2.5506113 -3.762773 -0.14262697 -0.014831504 -2.3385553 1.4313124 -2.2305446
spinoffs 4.8292813 0.318244 -1.5123107 -6.3125377 -4.727145 -2.927598 4.1095486 4.0116005 2.207918 -2.002365 -1.4484029 1.4083087 -1.9509206 -3.877365 0.009672457 -1.0610095 -1.5887707 -3.8124642 1.4582084 -3.8480215
unreal 6.052489 -2.757918 2.3210306 -7.671254 -4.0963464 -1.2266554 1.0934169 5.208794 -0.7120056 0.9989401 -0.273822 3.5123217 1.5260329 -0.6987717 -4.8558555 4.864348 2.866323 0.19712994 2.5320604 -2.3851838
gadgets 1.9848558 0.30664536 -0.81671625 -6.7895617 -2.9387379 0.6401071 9.35005 1.8807424 -2.507777 -2.7922022 -0.38232592 4.6792736 -0.35362214 -1.1758692 1.2089204 3.799896 -1.746275 -1.0634762 5.682798 -0.22995189
tarot 6.59367 -2.1581516 -0.58350194 -5.927042 -2.1161351 0.17727205 6.8538675 2.474458 1.5440273 -1.8034561 0.3016457 5.288379 6.260097 2.8020623 2.2056797 4.4263806 1.1789896 3.4130106 -2.4600356 -2.9893913
tabletop 7.2594433 0.015198781 -2.5424938 -4.375621 -3.7025726 -0.9959347 3.5675998 1.95262 -0.89452744 -0.45914912 -0.63085026 3.699138 5.1919985 -1.768407 0.8631235 4.6273065 -0.7290042 0.09974579 3.2685182 -1.75637
mythos 6.5640407 -1.827191 1.7759745 -1.4567984 -2.2696037 0.2196525 5.959215 4.5988917 1.6368393 0.2572646 1.8464013 4.561573 3.90832 -1.9468391 -5.202599 2.6184082 -2.559313 -0.6409715 -3.1043143 -4.151446
webcomic 2.1272807 0.78262764 1.0163231 -3.958341 -3.3257926 -2.6598842 5.7273006 6.180997 1.0272511 -3.4886296 0.3227839 4.4473286 0.37873623 -5.008514 -2.211604 0.37956235 -1.7147993 -2.4455767 -1.4413972 -2.6089756
videogame 4.9022474 -1.6870716 -1.0404785 -6.5555234 -3.988957 -2.6625116 2.3355289 7.4540267 0.23834135 1.0426744 -1.323134 3.920005 1.26627 -4.52873 -1.158737 2.1710315 -1.1035721 -0.57756805 1.0120609 -2.2672143
sprites 7.100779 -0.40661216 1.1067815 -5.2816687 -2.418945 -0.98134434 6.9676127 3.1715858 -1.9927986 1.7330765 0.5606721 4.5503445 2.0164483 -1.4774319 -1.7928138 2.808876 1.9969794 1.5042843 6.0648794 -5.0398855
serialization 3.3415172 -4.926727 2.4642296 -5.9844537 -4.6683483 -3.561266 3.9975555 4.9685683 4.4577374 -3.9422567 0.5499924 2.6709528 0.5003192 0.19860405 -4.4280686 -5.4322367 2.5560856 -7.471445 0.3533523 4.704265
timelines 7.471824 -1.0927726 2.2861016 -3.0863385 -3.0784643 -1.5579326 3.7073689 1.8145281 2.082901 0.2916277 -1.4068322 2.4535937 -1.3742739 -1.2620184 -1.9372283 2.0346634 3.3302016 0.65413743 0.09763797 -1.432362
mods 6.4287457 -0.76275545 0.41507974 -3.9920745 -2.035098 -2.804027 2.716506 3.6365902 0.34642768 -1.1367177 -0.5082123 3.0827382 -0.5381792 -0.1408378 1.1056696 1.883218 -2.101972 0.8563222 4.705621 -1.4517668
crossovers 6.31007 -1.1537777 -0.09292961 -1.8087943 -2.2055023 -3.852848 2.9390495 2.221277 -1.1560125 -0.9767296 -1.7697529 1.1966375 -1.5604918 -2.4533527 -1.387896 -0.29880187 0.5590007 -1.310129 4.1545496 -5.318697
sprite 1.7327282 -0.7688439 -0.08750285 -6.838796 -1.1837678 -1.8698672 3.8077157 2.11757 -2.752702 2.7271392 1.8084444 5.640291 2.6015978 -2.7067766 -0.3366342 1.988506 0.87503463 0.110772975 2.2996256 -3.0032327
ghostbusters 2.6609514 1.4614487 -0.3236391 -6.0626907 -3.5921326 -3.0331178 6.2051373 7.327985 -1.1204066 0.59472233 2.1235306 0.114171304 1.8165654 -2.8403509 -2.2863615 3.0643218 -0.3158226 -2.6132278 0.04469882 -2.6740441
treehouse 2.778508 2.5029085 -1.77585 -3.0032694 -3.9189417 -2.857825 5.8635674 4.392199 -2.8183098 -0.7376735 0.78926533 1.108288 3.1043744 -2.3338063 -1.4637914 -0.34764177 3.3642995 -1.4062954 -3.6197305 -2.5999103
storyboard 1.6764257 -1.1129934 2.0993073 -5.8013015 -3.5500343 -0.40621382 5.76192 6.611047 -0.34966302 -6.343669 -0.47540018 1.5742384 3.680353 -3.4213164 1.6638345 3.072058 -1.4885191 -4.429118 2.3522596 0.06850294
novelization -1.0821186 -0.7972759 2.1249788 -5.111779 -4.0850306 -4.7061057 6.1689587 5.5536795 2.42658 -1.2494054 0.46061835 2.657572 3.8309612 -2.5557787 -4.830417 0.7108628 0.30528617 -4.1024575 -3.8760352 -2.6812851
solitaire 3.115784 -1.687009 -0.4706506 -6.3945503 -0.9689259 -2.1337333 2.6851144 0.46571994 0.054110005 1.2131829 1.2808632 4.4847713 3.6018362 -1.7374824 0.6580309 2.8145573 1.307368 -0.3998805 -0.68120486 -4.957073
cutscenes 6.6389627 -1.5525331 3.3720682 -5.366462 -4.162065 -0.78616124 7.1243362 8.168425 0.3326895 0.31737915 -1.8463626 1.744016 -0.3378281 -1.9529662 -2.0091588 2.0972195 2.7428014 -0.5742038 6.6873145 -3.8968563
rollercoaster 1.3803782 2.4616141 -1.502833 -6.318047 -3.213083 -1.4907818 1.527278 3.445939 -3.3267465 -2.3059666 3.0621586 1.9716439 0.42957407 -2.5555406 -4.387792 -0.07769344 2.7923095 -1.9231466 3.678069 -4.19372
reimagined 2.8964741 -1.7512109 -0.37264034 -3.6582565 -2.6757455 0.16973956 2.9728115 3.9080336 -0.32857773 -2.1091373 -0.9149475 -0.012720164 5.5337486 -2.6135602 -3.9762921 1.6825507 -1.0208333 -0.023750778 -0.52676916 -3.00193
cyberpunk 4.3609548 -1.8413587 2.3126116 -3.5745566 -2.9017575 0.99685717 3.244984 6.5805316 1.1353774 0.17729764 0.29648858 4.363643 4.397867 -5.0477905 -4.623563 2.6375632 -3.7795866 -1.1623509 0.8863131 -2.472661
wargames 4.7987843 -2.0283704 -2.643572 -2.2637231 -3.4483216 -1.2510566 4.1731005 5.1718426 3.730825 1.8029966 -0.99157786 3.2891195 3.0462234 -1.0840847 1.0099192 4.9140797 -0.65288466 -3.4021976 3.7119005 -1.4720381
dummies 0.11108723 0.333093 0.9274501 -4.910082 -1.978668 -3.067253 6.520323 1.2567486 1.1639551 -2.9780378 -0.20631096 2.444894 2.342252 -0.20133795 0.648184 1.4464427 0.99596775 -1.1506808 2.404973 -0.545947
flashpoint 5.422484 -1.1178802 -0.8470364 -1.0252151 -2.816032 -3.3846335 4.1144695 5.6211486 0.117027245 0.7780776 -0.709059 -2.642589 1.3859584 -4.2271156 -5.7589536 3.1275704 -0.26130515 -1.035685 -1.6405203 -0.7046713
telltale 2.4455376 2.7989185 2.209804 -3.1066606 -2.865848 -2.925378 4.8494573 0.93150616 -0.9831784 -1.9821635 0.07977337 -0.15366699 2.3948817 -3.5316918 -3.1561055 2.1285448 0.52661586 -0.577844 2.097601 -1.0239587
reimagining 2.175503 0.010457453 0.9406685 -1.9346848 -3.347574 1.7560399 2.360142 5.2760935 0.41083255 -2.1999085 -0.13595596 1.4624279 4.144539 -2.7296348 -4.4331956 1.8930023 -0.67001957 -0.4772977 -1.2813346 -2.7291284
steampunk 4.292426 0.7612655 -2.0244088 -2.556873 -3.3557768 2.4398217 3.149177 5.2764196 0.8061061 -1.762129 0.8761104 3.7065165 5.956675 -3.3856282 -2.616674 1.9103544 -2.4015105 0.39024433 1.2202545 -2.2941787
sandbox 5.8144403 0.23300286 0.21227877 -4.1015196 -3.4443047 -0.09572482 2.9180284 2.870496 -4.504491 -0.6391782 -0.559204 3.156335 0.51722896 -2.2483683 -0.6604964 3.6263125 0.83874756 -0.1431108 2.662547 -0.7926444
wargame 5.182106 -2.2665088 -2.1983755 -1.5529573 -4.4635034 -2.7334812 4.6743813 6.295328 2.457166 2.952465 -1.1339014 3.9331138 6.1729245 0.16517293 1.2076961 6.5371222 -1.6474607 -4.052577 1.4228308 -0.20990297
wipeout 4.268523 -0.56722 -0.3455759 -5.5396094 -2.7171113 -4.6572657 0.16034764 3.9862828 -0.1402412 2.109731 0.09242695 1.956949 -0.2616093 -4.1922164 -2.3717098 -0.33507973 3.375734 -0.78417295 3.1705089 -2.1294026
arcana 6.0638795 1.0450982 2.6142 -3.253877 -3.2794044 -1.4191116 4.796773 5.238434 2.3267298 2.7793221 1.0572004 3.7884054 4.3463607 -0.53219336 -0.32363307 1.0369049 -0.60187256 1.4266741 -3.5392675 -2.9464023
tetris 6.4488463 -1.2626687 1.6698236 -7.1838703 -2.343706 -3.5648363 1.7223171 4.842158 -2.1651592 1.663105 0.2818087 3.3518271 1.4268576 -1.9873599 -0.19630489 2.3051689 -0.8245637 2.0786917 1.9183844 -1.4516058
hitchhikers 1.5410038 -1.9382577 -0.56969005 -2.9388337 -2.3545747 -3.8411338 6.5343804 2.0344565 -0.8030546 -1.6720039 -0.60752845 3.6972237 3.571487 -7.4627433 -4.2366514 2.9065301 2.1984162 -3.9401302 -1.8110178 -1.3479344
chrono 7.66552 -4.781063 2.9526472 -5.6778073 -1.0735929 -3.4189427 3.556753 7.7704725 -1.0459045 2.3174996 1.0061979 1.7700928 4.7250156 -0.62574935 -2.0147238 0.12680417 3.7176168 2.1877275 1.0239481 1.7546692
storyboards 1.9858371 1.2605746 2.8822377 -4.404921 -5.3689647 -0.3197126 6.4397182 5.611924 0.53224665 -4.4669437 -0.8647376 2.1335313 2.2291203 -0.12978564 0.17953797 1.3428138 -0.22710446 -3.94992 3.014365 -0.7931006
videogames 3.8710794 -1.0584297 -0.09926567 -5.138344 -2.9128106 -0.4004547 2.1763227 4.4465456 2.0795472 -1.1133106 -0.9141686 3.48911 -0.1497411 -4.4581747 -0.624702 2.545548 -1.3181617 -1.0329648 2.2454643 -1.0020863
webcomics 3.0821767 1.0278308 -0.7222689 -3.6227248 -3.668906 -1.1023449 2.8367958 3.7372515 2.6753242 -3.0882633 -0.8693369 4.562307 -1.6112524 -4.4012094 -0.9429099 0.09949191 -3.5897393 -1.4479077 -0.12529893 -3.2728288
platformer 4.8830047 -1.3663324 1.7886171 -6.768641 -2.2482584 -1.3532115 2.6435053 6.2540717 -1.3893214 2.7320359 1.4050287 3.6719227 2.6504614 -4.1190987 -3.2038248 4.273969 0.47418565 0.53196895 4.2370105 -3.7640712
gremlin 2.464687 -2.2219226 -1.0394588 -5.343375 -1.2510364 -4.2586203 3.8065555 3.013569 -1.7860452 -0.013280528 1.7770636 4.0406528 1.845558 -1.1446884 -0.02271342 2.0961742 -1.4596634 -3.1354194 2.4135845 -1.5468701
machinima 3.4888792 -0.42043763 0.9261294 -5.042022 -4.446944 -0.04088589 2.904995 6.291062 0.32147995 -1.346028 -1.4893596 3.2777817 -0.34227076 -3.32134 -0.6412184 0.5661156 -1.0216973 -0.79518944 1.2435552 1.2127099
funnies 1.2821199 2.001549 -2.2442985 -2.193925 -3.8141406 -3.461114 4.696737 4.70781 1.5701243 -2.9217803 0.67598146 2.7318048 2.1741705 -2.3242428 -1.6010206 -1.1186668 -3.8809896 -3.3065925 -0.420598 -3.7825015
phantasy 4.3402305 -2.0354643 1.9383351 -3.4592438 -2.449874 -0.67837 2.9667447 3.9983943 0.79970694 0.9692498 -0.61243963 2.8435895 3.458703 -2.5235958 -1.162391 1.611293 1.0229993 0.063355826 0.15684475 0.2605865
prequels 2.2101042 -1.0462494 0.7043851 -3.7452118 -3.1314106 -1.2534529 5.1495733 3.8518217 2.3527813 -0.1811957 -0.3075975 0.19302204 1.8243461 -1.0520307 -2.1558871 0.14891107 0.5094967 -2.5705585 -1.2186773 -4.1541433
animatronics 3.232101 1.9031461 -0.20367265 -4.7612123 -2.7548296 0.8101628 6.7786837 2.3272674 -1.9770101 -1.1815785 1.0944513 1.3027847 1.3321747 -1.122272 -0.15694866 1.60372 -0.040650178 -0.5668293 4.02743 -1.164015
cutscene 4.6574492 -1.323287 1.7582188 -2.9659386 -1.4072099 -1.251406 5.6460733 4.3970385 -0.94616723 -0.16049168 0.11800371 -0.3212854 0.46023914 -1.3285975 -1.7195016 1.1456443 4.6709747 -0.13696378 1.3628445 -2.6468506
mmorpgs 6.0545735 -1.0474591 -0.853433 -4.410597 -2.4003007 0.48864293 1.8265522 2.6607122 1.1661823 0.55514574 -0.1436383 2.639295 -1.8389966 -1.9985411 -0.36370254 2.296154 -1.032276 -0.0059759 2.913316 -1.5869169
killzone 4.1364226 -1.3638254 0.28607833 -4.1291485 -2.663756 -2.9186869 2.3812363 4.8001413 -0.15042157 2.5922806 -0.18676178 0.22366577 0.99379903 -0.63008213 -1.3681035 0.804202 0.45593184 0.2824307 0.69266576 -0.16849744
platformers 3.139125 -0.49221194 0.37287247 -3.403605 -1.2614478 -0.59287757 1.3017929 3.480149 0.27541828 0.96022034 0.7056843 1.637543 0.8349001 -1.7124056 -1.1713169 1.6530477 0.43000472 0.4872041 2.7327192 -3.3002603