Centroid_182 0.945248057965278 -1.2288760239305558 -1.3830123503263883 -1.4751277165395837 -2.0335619430486114 1.3393443520486112 2.2421545872499995 -1.82818211354861 -0.1888100453958333 -1.6523919968194443 -3.8358245846527783 -0.5848020568541663 5.387764335694444 0.7204522322499998 -2.527591326805554 1.5807928115138887 -1.081068271520833 4.386895094652778 1.2098463533819441 -3.0131129713888885
used 2.0821 -4.009706 -3.244308 -3.2428842 -2.8715491 0.20069723 0.7623235 -7.430622 -0.3987755 -3.333045 -6.808972 1.4372196 4.6406984 2.9511292 -3.6116972 5.200036 -2.8239965 5.2413764 6.21498 0.86007667
known -1.1372042 -4.3955584 -4.5870333 -2.9068668 -0.9962596 5.451513 -3.2292752 -4.5488997 1.7891932 -1.60529 -5.2102394 -0.5235487 7.803468 -3.5510309 -2.1053813 1.5024675 -4.0742846 3.4206557 -1.128708 -3.2237935
called 0.3620344 -3.487205 -2.306393 -1.5710287 -1.0227777 -0.109824866 -0.6367617 -0.39595103 -1.8967472 -2.7689548 -4.2398896 -0.26189148 4.3282537 -1.3825555 -4.0015783 1.8804795 -1.6287178 4.54682 -1.224896 -0.9460831
features 5.14567 1.2199976 -0.7517798 -3.036057 -5.819519 0.35383764 3.8666973 1.1246946 -1.9353261 -1.9236628 -7.115854 3.8826985 6.2979746 -5.0305667 -0.26618975 -1.1870924 -1.9347814 3.5027494 4.348959 -6.2647696
designed 0.5085713 -0.41805384 -1.4587487 -0.9029146 -5.643004 2.6773942 0.973601 -1.2432845 -6.5049715 -2.6140552 -5.0562463 1.8978652 9.222686 3.7378862 3.0689735 6.704021 -4.180523 -1.5217676 3.9351456 0.27909517
seen 1.6213259 -1.0926673 -2.7590268 -2.3463433 -1.5620728 0.68919456 1.987062 -2.7691908 1.9232103 -3.7774396 -3.852538 -3.1317053 2.4139194 -1.003883 -7.022173 4.4286175 1.1629122 5.1249504 4.6508393 -4.2277207
added 3.0125215 0.2900957 -2.1738636 -0.08685157 -4.444428 -4.9381447 -2.184402 -1.7432476 -1.9975924 -3.8590503 -6.2620316 -0.033243947 4.20148 2.6483746 -1.2823604 3.498984 0.500044 4.197216 3.7209308 -3.19414
contains 5.040174 0.3015743 -2.5188296 -0.9321837 -6.9409814 -0.19966169 0.11940212 -9.113077 0.4792626 -2.5987363 -10.553048 1.6825165 8.348463 -0.6962042 -2.5433009 -2.8250017 -1.6194458 6.9222145 -2.7748232 -5.5779085
uses 0.98838794 -3.941623 0.87487525 -4.530106 -2.499877 1.3859532 3.2224588 -4.519954 -3.513627 -1.2143358 -6.6663637 4.572917 4.525588 -2.0385451 -2.5261652 5.2094975 -2.2540882 4.6325784 3.7597587 0.77310914
shown 3.0174677 -1.335227 0.77920866 -4.375326 -3.3028555 -0.7830984 1.9145669 -3.5861237 2.962059 -2.7303367 -6.465577 -2.1753094 2.4427233 -3.0636683 -2.929346 2.891729 2.3203173 3.3399067 2.7404115 -1.0196623
referred -2.363908 -6.627093 -3.5583205 -1.784172 -1.7089396 1.0815004 -1.7975559 -5.7427874 1.5558665 -1.421985 -10.526625 -1.6998 7.4901643 -1.1474212 -5.480666 4.0647564 -5.1612873 7.8844223 -1.769279 -2.8248034
appears 0.011692196 -2.5349169 0.909783 -2.9111125 -0.58192635 -1.2141105 4.705509 -1.3981718 1.7722194 -2.9490302 -2.1034465 -0.79505527 4.8923926 0.22145204 -6.2090163 2.1247587 1.2189873 3.7650106 -1.0268471 -5.332983
covered 2.263036 2.0609012 -5.5690722 0.061558735 -3.7926867 -2.1838162 -0.76392746 -5.7850785 -0.9249033 -2.34017 -5.401075 -2.4731538 6.166806 -1.0920554 -4.662888 -0.04457018 -1.9873505 5.5306635 2.5880013 -3.7603564
mentioned -0.6292293 -4.8016415 -1.2095926 -0.8455961 -2.8758605 -0.6406772 0.4668299 -2.652247 6.1637087 -3.8806486 -5.695869 -1.425191 4.2374296 3.9968705 -6.521047 -0.028979206 -0.60901165 3.7315602 -5.8843765 -4.3057904
contained 3.819953 0.31827414 -1.7165713 -0.8805398 -5.7317348 -3.881376 2.2522633 -6.6186156 2.2971365 -3.2266862 -7.55464 0.1752311 4.3395476 3.8510249 -4.4297614 -0.12408707 -2.7471836 5.5871367 -0.046150304 -2.8266742
containing 4.6329594 0.9882517 0.3012028 -3.5864615 -4.6338215 -3.3665006 4.3505874 -8.489189 0.10102672 -1.8814769 -6.451233 1.468482 5.287624 2.0287588 -1.7894795 -1.8260688 -2.2175288 6.761002 -0.37027502 -2.6907651
consisting 4.8747206 -3.8182461 -4.5756073 0.04458892 -1.4898522 -1.1321126 -0.16685025 -5.266094 -0.75146466 -1.3183503 -7.528257 -1.8839011 6.760966 -0.66330737 2.5877733 -0.9324084 -3.407887 4.0052876 2.580746 -3.0500107
drawn 2.1871734 -3.3752954 -2.1471393 -0.849279 -1.1535028 -1.0438877 -1.2618788 -0.8936561 1.658709 -1.997905 -4.267814 -2.3485134 4.1317363 2.1322782 -2.6176336 5.021687 0.49461067 4.3982625 2.1821208 -4.5553365
painted 1.0860236 3.9895334 -3.604817 -2.5317056 -3.906898 4.9180393 4.4589634 -1.6602408 0.9463966 -3.338431 -0.80196345 -2.418488 14.264603 4.7102795 1.1622869 1.7610222 -1.9751707 5.2678666 0.12875094 -5.7180247
attached 0.5378268 -3.2111695 -2.1225479 2.3792107 -0.0968598 -1.7338189 2.9425776 -5.7130747 -4.0371532 -0.3376053 -4.6904197 -2.4587307 7.220102 4.841148 0.32578483 2.1959171 -0.6016148 4.14295 3.9048839 0.32400417
accompanied -1.7726003 -3.61197 -3.4086657 -1.8824918 0.5726125 0.36814243 0.96100837 -0.7243304 2.1154785 -5.682626 -2.4157336 -5.8393826 6.308903 1.1818215 -2.199383 0.88136065 0.5585729 3.036886 -0.25413808 -0.11047743
arranged 0.7332558 -1.8411269 -0.6943445 -0.9274592 -0.3587624 -1.287765 0.6725751 -1.8206812 -0.7538141 -6.11624 -4.1004577 -2.5030653 4.244505 3.113819 1.838115 0.7511292 0.71322376 4.8610177 0.3682407 -1.7552768
filled 0.6857939 1.895068 -2.067324 -1.9304619 -2.083232 -1.3934497 0.8009755 -4.809455 -3.2161586 -3.1892314 -3.538326 -5.0505185 4.015068 2.2404628 -3.6766078 2.6796696 -0.07805785 5.991136 3.7651098 -2.947201
visible 4.662309 1.6471373 -1.2135295 3.235668 -3.1380522 1.3037431 4.735305 -6.0824957 -1.1064392 -0.13320084 -3.5259466 -0.7057017 5.4145665 0.5578065 -8.829556 1.5027741 1.9094883 5.7046185 5.651731 -3.3496656
displayed 2.434562 0.10448106 -4.513828 -1.3575761 -5.2521963 0.6495389 2.8470433 -0.92793715 0.84978974 -2.6419256 -6.8126483 -0.2565346 7.053336 2.299361 -1.5454957 4.8446007 0.915415 5.781268 1.8612577 -1.0335078
carries -0.15007085 -2.0404024 -2.8089864 -0.61375064 -2.0375721 -2.959957 0.73306257 -5.220501 -3.5868962 -1.5498188 -6.3127036 -1.1108497 2.9985385 -2.0993135 -2.941834 3.3741224 2.3812337 2.4795563 2.3732185 -1.5395868
decorated 1.2755312 -0.41466534 -7.3663006 -0.6600294 -2.8340712 4.9724164 4.7537065 -2.0247376 0.90486926 1.7339733 -4.994724 -3.1996922 14.22675 5.6535144 3.7802727 2.1461337 -0.71693504 8.451018 0.63952535 -4.1078215
depicted 0.6941566 -2.4810085 -4.175735 -3.4141076 -1.7239206 4.38718 7.544759 -0.084980205 3.682745 -0.87170917 -4.285706 -3.3011441 8.602365 -0.07537294 -4.8683515 4.625026 -0.44745317 7.0040607 -1.0159312 -5.704838
shaped 3.2099297 0.1795084 -0.0866115 0.8854768 -0.121892735 3.9552696 3.5262594 -4.439017 -1.6553738 2.5711172 -2.1029005 1.9814712 8.446573 -0.8396312 -2.127361 2.0794477 -1.3783636 7.1808558 4.972832 -4.309309
mentions -3.071863 -3.4861991 -0.31061378 -1.1808289 -1.6704952 1.131008 3.9733267 -2.0248446 4.9947777 -3.2701266 -4.0004683 -1.0531964 3.8733773 2.3512442 -6.481893 0.93416977 0.790063 3.746766 -6.792938 -4.4454927
bearing 0.6295237 -1.7785716 -1.6189989 -0.50754845 -0.5700227 -2.1866074 3.703922 -4.817943 0.044452373 1.670075 -2.4765885 2.6763754 6.015665 5.497416 -1.8939012 3.191509 0.043421175 6.912971 1.0858178 -2.68487
carved 1.8819294 1.882529 -3.8297713 1.2622049 -2.8166554 4.6911674 4.519145 -3.6480634 -2.2495558 3.1859505 -3.215471 -0.80997986 12.080305 5.0512166 -1.6237074 -0.73911494 -0.99399513 9.590036 -0.9490833 -8.864273
nicknamed -2.2489216 -3.6913044 -5.4125338 -4.959152 2.8135765 1.1322342 -0.9042045 -0.9429806 -3.3725162 0.053207822 -0.03418586 -4.5445704 7.835823 -4.06855 0.21248809 2.196806 -2.4549873 2.3510962 -0.36578616 -3.1546135
depicting 2.7009306 2.0345953 -3.988294 -2.2915678 -4.0184526 5.169461 8.014812 1.3594896 3.6855683 -1.8994509 -2.7208078 -3.8476086 8.922033 0.77539545 -2.5976758 2.9641876 -0.13846737 5.4404974 -2.5611777 -4.9089336
bore -3.2013907 -3.210896 0.28355435 -2.6503808 0.9314394 -1.3437322 1.759048 -5.8685927 2.6399643 1.6400636 -1.02131 -0.75845826 5.378944 6.1711655 -2.2413783 0.93839127 0.5044044 3.7943783 0.94877136 -5.145149
depicts 0.053189274 -0.28435138 -3.7624702 -2.428035 -2.8671057 4.518156 5.4905033 1.0164144 1.6895915 -1.9339674 -3.4140089 -3.928755 10.02771 -0.64327747 -4.7442775 3.446984 1.1378067 5.4894485 -2.801251 -4.417616
rendered -1.8740273 -2.7589734 -0.7282263 -0.5875584 -2.5792434 0.7932147 2.8415575 -2.9694188 2.348228 0.36304525 -5.3061304 -1.8100647 2.7958162 5.935522 -5.0938344 4.469293 -1.1389574 4.1831527 3.4652555 -1.4070009
accompanying 1.0396103 -1.5166128 -0.3371679 -2.533116 -1.6371636 -1.573223 2.7498217 0.59850365 1.9844973 -5.57665 -2.450524 -0.216928 3.7885978 0.086683474 -2.5177238 0.08663236 0.6876081 3.1781359 0.78533626 0.6835422
preceded 2.1265814 -3.1876633 -0.45856598 -0.0076152887 -1.6216874 -3.0891333 -0.95162797 -0.4580229 3.853222 -2.366245 -3.5356238 -2.6876354 4.343779 0.8876969 -4.6369495 -0.85821325 1.7545836 2.6125875 0.10920694 -0.9736791
resemble 3.317239 -1.9517512 -1.4484936 -2.828433 1.4846563 2.8738885 6.1204524 -6.282268 0.35054633 -0.50663984 -0.61124295 1.6560644 8.129411 -1.0531251 -2.1070518 4.4585447 -2.996214 5.765138 3.679788 -6.0148096
embedded 5.3555512 -2.0953283 2.0993145 -0.44964087 -3.2678702 0.9129496 4.392622 -3.9603665 -4.0288715 0.41850233 -5.759527 3.2603312 4.010793 -1.2710012 -2.8988464 2.7570126 -2.923065 3.9730728 3.372944 0.406383
incorporating 4.642737 -1.2564538 -0.44547462 0.54803497 -3.7678294 3.5853362 -0.9206863 -0.563713 -0.8973289 -2.507131 -4.4109273 2.555425 5.247679 0.700595 -2.357363 2.454996 -4.0448637 2.8938863 5.7073164 -1.164552
resembles -0.010095656 -4.8023915 -0.5639173 -3.1195865 0.4630071 3.9918187 3.6921868 -5.3387833 -0.7039528 2.2952275 -4.603212 0.91956025 10.460056 -2.9253387 -3.8392487 2.816248 -2.8066287 6.2869406 0.84868604 -5.714997
incorporates 3.3039045 -2.7535136 -1.8654723 -0.3982647 -5.711573 3.6761634 -0.60506994 -1.8225617 -1.133899 -1.5943325 -9.752723 2.333664 8.845063 -1.9702411 -3.2173684 1.4516252 -3.400526 5.420855 2.93606 -1.5151128
combines 2.6838346 -4.1867065 -0.12448574 -2.9762068 -3.712558 5.733855 -0.95112747 -1.4086442 -0.786994 -1.687886 -7.277394 2.6899173 7.6862154 -4.2251067 -3.2335749 3.2006965 -2.143044 4.3064113 3.512235 -0.196858
paired -0.108731754 -2.9208772 0.7006477 -3.5297258 1.0531219 -1.4660668 0.3078277 -0.88540447 -1.8306481 -1.2742665 -5.0196524 -2.8993444 4.722024 -4.31857 3.0191317 1.4496113 1.8700327 4.0420976 3.023885 -4.078036
survives -0.19333948 0.5315312 -0.69782394 -0.7822678 -3.065077 1.4507661 4.3331246 -4.250572 0.17410548 -3.8822327 -0.9524235 -1.400164 4.6825366 5.5156436 -5.659744 0.47498858 1.1118964 1.523022 -1.6729361 -5.855854
borrowed -1.5118668 -3.9080722 -1.2218697 -4.40589 -1.5852537 1.7483492 -0.69760865 -1.9740075 1.4118047 -5.2109165 -2.7532456 1.6954763 4.008675 4.1344666 -3.2327914 2.8097947 -4.209885 3.0121784 0.9348256 -2.9274886
modeled 1.8140459 -2.629985 -1.4272496 -1.4311469 -3.040274 2.7312376 0.091407254 -0.82468253 -1.3033154 -1.9290938 -5.4002724 0.6846947 7.231644 -1.2970735 -1.1450992 5.124434 -2.7045512 2.6115973 -0.13594274 -0.41084
inserted 2.0390496 -1.6205016 3.0520313 0.30305433 -1.8319052 -5.9668674 3.5628195 -3.427966 -2.5913157 -1.4304794 -6.7879467 -1.80429 5.2461343 3.100499 -1.8219086 1.3098676 0.11206825 6.854261 2.9098544 -0.87379926
reminiscent 1.0975904 -1.4997101 0.65714705 -2.5813704 -0.91129684 3.9589899 1.9469388 1.6973586 -0.060195655 -2.1011646 -1.7590803 -0.69395137 10.430751 -1.5911409 -5.328781 2.199248 -2.9975734 5.5188875 3.2463076 -6.3663034
lit -0.6300578 2.9641182 -3.356914 -0.82664734 -3.005315 -1.0933235 5.5914817 -0.70686424 -3.3567739 -2.270176 -2.6843889 -0.9746132 7.0763416 1.8605081 -3.0675356 -2.306705 3.9238899 6.780011 4.3987665 0.5687947
framed 0.13197303 1.1120013 -0.041635048 0.20400453 -2.88322 -0.46486753 6.4669175 0.6721265 -3.004217 -0.26062754 -4.259918 -1.8887557 3.5811024 2.7271256 -1.3801173 4.7642975 -2.402516 4.3899994 0.27954563 -5.31863
uncovered 1.9210129 2.230125 -1.3297065 0.44894186 -5.237203 -0.12329091 5.190425 -5.3588886 0.82712066 -0.39702845 -3.7654867 -5.621038 3.2330544 3.1302102 -5.073908 2.404971 -3.3406658 -0.14617097 -3.01285 -1.3629377
depict 3.5783107 -1.0419787 -2.9479246 -2.8086724 -2.8015006 6.5126734 6.2213745 -1.2284374 3.5848293 -2.571515 -3.096833 -2.6035383 6.788709 1.2969232 -5.0681224 5.0695815 -0.055825192 5.7754846 0.52676183 -4.7287364
lent -2.62422 -1.9361252 -1.9146441 -2.2115684 -1.7515062 0.78158426 -1.5840515 0.6813089 1.6388792 -5.0804777 -3.515153 -1.5725489 2.4209235 3.1808233 -1.8085077 1.6603358 0.029072182 3.8913648 0.2867359 -0.9078712
displaying 2.3570383 -0.32412875 -1.7141676 -1.7048261 -2.5200481 1.836805 4.9860196 -0.44880456 0.634161 -1.3147967 -4.8183613 0.68801594 3.1104023 -0.15854989 -2.038896 4.576205 0.08050293 6.0270348 4.3739915 -1.4870881
spelled -4.6605625 -8.339083 -1.7303967 -2.1395504 0.7525997 0.44403914 -0.9852138 -4.3040977 0.9636042 0.8085163 -7.3697243 0.013639938 6.420427 0.04021087 -4.4374948 -2.5061047 -4.6085024 6.834366 -2.7780278 -4.1968055
translates -1.8288144 -6.980132 -0.27639902 -3.4470034 0.94344705 2.9396014 0.7025445 -3.5647836 -0.6308009 1.1180025 -3.7187438 5.020677 4.924323 -0.05762334 -5.9871697 -2.6839309 1.1762235 8.653558 -3.3858788 -2.312419
resembling 1.4926513 -1.8038605 -0.57971615 -2.3468974 0.6938658 2.3021517 5.8406343 -3.9537656 -1.0012299 1.2043996 -1.6290246 0.9630862 8.743485 -1.2724841 -2.6968422 2.454792 -2.3739235 5.8009906 3.0699391 -4.7453547
copied 1.4588383 -3.1474628 0.95004725 -3.2783186 -3.6965775 -0.40118524 2.6837068 -1.9199381 3.6615849 -5.084173 -4.4398 2.071275 4.7919774 7.029378 -2.4858754 1.7204527 -4.0327454 3.7457604 0.51087874 -2.206983
surround 4.6686606 -0.65705204 -1.7166333 0.4809248 -1.2977041 1.6228944 3.5115836 -2.2336135 -5.5257826 -1.0097156 -2.8989096 -1.2253292 4.007731 -0.734823 -3.904779 0.37417245 -1.43412 4.685369 3.8669944 -2.4141893
styled -2.7652636 -4.156648 -3.1237335 -1.7125812 -1.1626661 1.3122952 -1.2512039 1.450783 0.17493522 0.012802521 -3.734329 3.1481738 6.722581 6.0030766 1.4049991 1.8290044 -2.2302485 5.87219 -0.73516643 -5.0280085
commemorated -0.37375948 -0.49498704 -9.694704 2.6514685 -4.918825 -0.33576253 0.3356773 -0.98829776 4.7249627 -2.359511 -5.285523 -4.6128917 9.399282 3.8683414 -2.1717172 0.8402556 1.5033057 3.00089 -7.529139 -1.6703632
labelled -0.55820906 -3.209694 -0.008152861 -2.495802 -1.2930328 -1.6072022 -0.16094257 -0.9243484 1.9593966 -0.36417007 -5.184308 0.6735459 2.3286731 -0.62549603 -4.1875005 2.1172 -3.791273 4.7553854 0.96717584 -3.4985516
augmented 3.7935603 -3.404334 -0.038177863 -0.5475301 -2.3742163 -0.16603142 0.85214543 -1.1891749 0.2980958 -1.9926324 -4.4544683 -0.027516132 4.3629594 0.6234312 -0.658614 2.3065333 -1.2756709 0.15732387 4.9773564 0.08410226
experimented -0.37209404 -0.3216255 -0.020248836 -3.8702526 -2.4232023 2.5566242 -1.0154041 -2.5768223 1.5854392 -5.5674076 -2.5113556 -0.9968388 7.701707 -1.1881416 -0.96063095 2.9381711 -4.8833957 0.06253437 6.537571 0.840208
reused 3.4215198 0.07740618 -0.09638583 -3.6060457 -5.815678 -1.462018 2.0702713 -3.6840856 -0.7836051 -3.7010388 -3.9121637 -1.2114894 5.5895567 6.508915 -4.3199143 -0.27821267 -2.3368487 1.573049 3.2439191 -3.658812
utilizes 2.5623598 -3.1541135 0.030368414 -2.8918622 -3.4966688 1.0361412 0.87823576 -3.493412 -4.4133773 -0.60497034 -7.618531 1.9159855 5.6913633 -4.1549854 -1.0153794 3.9602711 -2.274327 2.5135143 4.9045825 1.950712
recognizable 4.4113526 -1.8532428 -0.7323057 -2.8462417 -0.4992892 3.353665 1.5675402 -1.3428841 0.9201984 -2.3747616 -2.3644896 1.2338217 4.446343 -1.8384721 -2.6386514 2.9795299 -2.477593 5.3681984 4.033587 -6.2717986
replaces -0.24625352 -3.5169194 1.5824252 -3.0250351 -1.4349316 -1.9595062 0.8851632 -1.3425453 -4.236629 0.49662206 -5.345666 0.41408175 3.486609 0.0771257 -1.1197442 2.2970173 -0.38173276 3.6672878 1.0352743 -1.4884012
modelled -0.542063 -2.746829 -2.165018 -0.86629117 -3.1526144 4.3295145 -1.088112 -0.2930372 0.2569167 -0.5853637 -4.899914 1.0258518 7.3048096 2.4311104 -1.1731086 3.2535572 -2.5658488 3.1802678 0.8889985 -1.9810538
furnished -0.52436525 1.2926654 -3.3480976 0.44097307 -3.9061081 1.9477178 2.6579082 -5.1368 -1.1952631 -4.0366316 -4.421369 -0.19648731 3.9839048 7.98646 1.0751688 3.0776258 -1.9042718 4.0556526 1.5975814 -1.5627346
crafted -1.6559229 0.6880235 0.4597857 -3.4504778 -3.3269792 3.0652475 2.3833084 1.2299088 0.22502434 -2.516044 -4.4076037 0.5140394 7.0265737 1.477058 -2.3722763 4.675517 -3.2909086 6.411543 3.3571641 -4.22848
adorned 1.4649333 1.6241156 -5.561037 -1.575797 -2.4216669 3.7514093 5.6799483 -1.810274 -1.3055853 1.4679003 -3.7011497 -1.0630679 10.793484 4.4024444 1.3630396 1.0603777 -0.015410742 11.035564 0.015385819 -5.623679
commemorates -0.64165276 -1.1324967 -8.035096 2.8915255 -3.0914042 1.9411814 1.1160804 -1.3757548 1.2993466 -0.089492515 -3.0032349 -3.5440109 9.327326 3.0228314 -2.8268094 1.380874 0.6678354 2.7133243 -8.066732 -1.2497994
lays -1.0074497 -0.61485326 -1.0498456 -1.994226 -0.023263555 0.42828336 2.1318707 -5.618115 0.5410169 -0.19053279 -3.706987 -1.3755504 2.7831256 -1.0936611 -2.1784217 4.03824 2.0771968 6.8093133 -1.5430067 -1.8071709
reproduced 0.71052456 -0.4654712 0.56344837 -3.2017348 -5.6744876 0.42631298 2.2803302 -3.0326152 5.114958 -4.0258083 -5.9036746 2.0240052 6.570928 3.345121 -3.2220848 1.7324642 -3.3204403 3.553909 -0.2372413 -1.9796523
recreated 1.8329353 -1.255842 -2.717785 -1.1614766 -3.600229 0.31642702 -0.2757277 1.244319 -1.228832 -2.0068507 -3.420803 -1.5077596 5.218931 2.5668569 -2.4072087 0.4804465 -1.9399647 1.7987926 0.6181583 -2.782978
interspersed 3.118859 0.14006028 -1.7784901 -0.86565524 -2.6549008 3.8031697 4.008734 -2.747172 0.6870873 -4.9611855 -5.508889 -3.178594 4.711518 -4.839444 -4.0279303 -1.7255946 -0.8471404 2.9712684 4.412386 -6.578079
revolving 3.8968055 1.2291251 -1.9579966 -1.7928318 -3.2646103 0.99040675 4.6328144 -0.9845466 -2.5638134 -4.055571 -3.0439696 -1.915008 2.6661525 0.39110088 -2.0299797 0.633021 0.36892465 2.232351 4.7888737 -3.3108425
figured 0.07099683 -1.4002866 -0.35940695 -2.3374898 0.006634261 -0.5007288 0.85037214 -0.80458665 1.0179802 -3.4969683 -1.994553 -2.1263843 2.8102047 -0.7681881 -3.1122675 4.210826 -1.070565 3.4601872 1.6199789 -4.510253
complemented 1.2408158 -1.3497851 -1.0482516 -0.70412517 -3.275422 3.101095 -1.1663271 -1.3512156 -0.6211943 -1.8636328 -5.581933 0.26869884 4.6325345 -0.39516288 -0.729102 2.311175 -1.6500736 2.3679268 4.26001 -1.5872587
patterned 1.9157649 -0.5558027 -1.9191971 1.0061476 -0.8606024 1.8055304 2.9554741 -0.8363185 -0.41027862 0.42341307 -3.5060363 1.5110997 7.784048 -0.81973314 0.25374177 3.4591413 -3.7095659 5.6304154 3.3010905 -2.9287105
fashioned -0.57298464 2.030981 -1.3040549 -1.8095208 -0.41882354 2.515911 3.8627357 -1.0500243 -1.1560985 -3.2564805 0.59808695 0.79872626 5.961132 3.1231222 -1.1497658 1.6730022 -1.9970516 5.633692 3.0791545 -4.9984593
obscured 1.731234 0.5758022 0.9226598 1.4142663 -2.61981 0.75777525 4.4389424 -3.3165643 -0.29266495 0.39497367 -3.0732396 -2.22319 4.3487086 0.5914133 -9.019233 1.8082795 -1.1229728 3.755845 4.3177667 -4.430956
sprung 1.6992272 -0.46123832 -2.7270255 -0.87771744 -0.15007147 1.345167 0.586552 -2.280629 -2.3734255 -1.9480801 -0.8195274 -2.6744828 2.6211677 1.667384 -2.4978938 0.42131338 -2.3286579 3.4256647 4.694451 -2.2471418
signifying 0.95798236 -1.9819801 -1.315314 -0.5812448 0.25162554 0.11240358 0.27959526 -1.2491144 1.3413715 1.5089028 -1.6373051 1.8823603 2.3475826 0.5890838 -3.5804465 2.4231193 3.3741038 6.7275968 0.31722558 -0.93617445
alludes -1.2126279 -3.4735394 -0.017169353 -1.9573957 -1.2992427 2.759442 1.8491428 -0.8420372 2.0859842 -0.8989189 -4.086602 -0.7514658 6.956563 -1.0642902 -7.15576 3.4237564 -1.1799802 5.705723 -3.5394464 -4.1527815
pictured -0.014804407 -0.04157795 -1.9373031 -1.7997545 -1.2461901 -0.7646517 3.5843282 -0.75216997 -0.28392228 -1.8016946 -3.1997206 -0.47075194 5.518971 0.1497227 -1.2943425 1.6615967 -0.45293054 5.406663 -0.8476508 -3.5836487
revolved 3.4807966 -0.43316796 -3.9011106 -2.4617894 -4.1200247 5.2710047 1.9425825 -2.2137358 2.24749 -5.1404877 -4.0490785 -6.1474657 1.309215 -2.0646803 -6.947465 0.3367083 0.09457897 0.96603066 2.4146724 -4.138558
imitated -0.13393092 -3.2301154 -0.13135634 -3.7962039 -0.79291314 5.033014 0.7652855 0.533431 4.35702 -3.7387865 -2.6217537 -0.8777505 5.804633 1.5184877 -2.5830164 2.3599184 -4.0468044 4.428237 2.952172 -4.5727267
superimposed 3.577024 -0.76074815 0.429943 1.2124484 -2.3039687 -2.0052605 5.838885 -0.79583967 -1.3377584 2.0135903 -5.0286083 1.4631034 7.781388 -0.61956424 -2.2836206 0.22490428 0.5316272 5.928992 2.6392567 -2.6241288
ornamented 0.30346817 1.588826 0.24465938 1.8353207 -1.2893587 5.1583586 4.084666 -3.3467767 0.24886428 2.743196 -3.6582186 -0.3099977 10.51079 3.6383052 1.2681301 -0.1707735 -1.5069166 8.845866 3.5975168 -8.65104
assorted 2.4431584 -0.3577204 -3.853676 -4.2036786 -0.906423 0.40224004 4.3432207 -2.9561112 -0.23548791 -3.6591737 -1.6790416 -0.19420779 2.0113397 -0.67961323 0.66691804 1.2665986 -3.897202 2.5371065 1.8132627 -2.0754871
recognisable 1.2870046 -2.1802328 -2.4567275 -1.5811063 -0.697834 3.250342 0.5758922 -0.38334388 0.76106113 -1.134629 -2.1440394 1.4129913 3.980549 1.8205205 -2.9246025 1.8219837 -2.1572647 4.7231293 5.088239 -7.5231366
revolve 5.666314 -1.6008531 -2.1207619 -4.4151464 -3.7687511 6.3577614 3.3341267 -3.9034162 1.0674149 -5.171181 -4.1830244 -4.3809714 0.43159854 -2.4021292 -7.111609 0.14541325 1.9133701 2.1032965 3.489742 -3.8848116
affixed 0.662131 -0.832686 -1.1913756 0.034929264 -1.826615 -4.342079 4.1401076 -3.8085725 -3.0731483 1.1518967 -4.7739735 1.5594333 6.9135995 6.367578 0.40061915 2.0660336 -0.42588422 8.30228 0.69266075 -1.4852654
embellished 0.38880917 0.49709198 -0.08047718 -0.77993566 -3.0330155 4.0137625 4.0877805 0.13786705 1.8067852 -0.30575335 -2.9080174 0.13509268 6.7863536 4.49467 -1.8530711 0.858357 -1.8196189 5.363458 1.4202695 -6.7294016
punctuated 1.9410678 -0.33997887 1.1422298 0.6498751 -1.5098022 1.9028357 0.47432712 -0.72713447 1.2355148 -1.8311962 -3.6202066 -5.0507116 4.194578 -2.6691577 -5.5102086 0.42046055 0.9750305 2.2039194 5.3424964 -5.0759225
etched 0.46164495 1.8246356 0.92652774 -1.754828 -3.0155838 -0.06379373 2.7966702 -1.8879198 -0.66964614 0.26012242 -2.6930766 1.3318664 9.154457 2.6134949 -1.8158859 1.3944575 -1.1244478 6.1264467 1.254348 -4.150118
popularised -3.5647388 -4.228324 -1.500429 -1.2829422 -0.6720902 3.923614 -1.2715745 1.3734224 2.9179523 -1.9938253 -3.1283395 2.7101898 6.6876974 -1.0285888 -3.242642 0.93883854 -3.9566805 2.6556656 1.2946577 -2.8042362
borrows -1.4826787 -4.0127316 0.69292843 -5.684151 -2.033857 3.5383346 0.51534116 0.2860515 -2.1495423 -2.3810315 -4.6429257 0.4461151 4.580988 -1.2287817 -4.743966 3.3912551 -3.1477673 3.8571525 0.47181827 -4.8060756
emulated 1.7815212 -4.2272525 -0.63576955 -3.046428 -1.3271351 2.0739954 -0.80310726 1.012745 0.8911668 -2.4520135 -3.8795679 0.91282326 3.719047 0.26691347 -0.8123563 3.5740602 -3.4682546 2.8042622 3.4610498 -2.1299093
sketched 0.040623214 -0.21512227 0.67810196 -0.43513632 -3.1170633 3.0660646 2.804355 -0.9602022 0.8474346 -4.2438006 -1.7817008 -0.78800386 7.613616 2.2328615 -2.5408022 2.9310017 -1.376335 -0.6620311 0.027631272 -3.2410564
overlaid 3.2799726 0.067141846 -0.17245544 1.9117701 -3.2346985 -0.58300394 2.3934667 -1.7866839 -1.9598807 1.8150376 -5.2854476 1.6875174 6.698154 -0.93284756 -3.395583 -0.7015266 -2.2664783 4.8226967 3.9244745 -4.0108027
carve 1.7527946 0.19891918 -1.2498573 -2.1353087 0.86546504 3.7243574 1.7249304 -1.1353918 -2.4371622 -1.590907 2.5034614 0.09983443 3.1663873 3.2800086 -1.8130141 4.854213 -0.7594581 4.9141765 1.719842 -1.3849537
interwoven 3.347072 -0.20305575 1.1056083 0.03631862 -1.5553071 5.319791 3.5563214 -1.2059802 0.26378548 -1.7409439 -3.2742486 -0.31863824 4.204897 -2.3883338 -2.7019098 1.3633969 -1.8571869 4.107177 2.754592 -4.792209
composes 0.07525099 -1.9606104 2.4759254 -2.561647 -0.9704952 4.907493 -0.40573657 -0.35884959 -1.2324939 -4.027838 -3.8300352 0.7278852 4.456321 -4.039584 0.11455971 -2.736084 -0.9320517 3.3271275 0.9146236 -1.226942
adorn 2.636059 1.8709583 -4.1057887 -0.95419776 -2.0705023 4.5349197 3.688389 -1.2794077 -1.7118316 -0.5911296 -2.0444136 -0.608269 6.7145543 3.7682233 1.4621509 1.5244141 -0.19020194 8.168348 -0.42987588 -4.2956758
omits 0.4514647 -3.2645018 2.9915822 -0.96017617 -2.922949 -1.8664696 1.89715 -0.73552305 2.3649077 -1.2610925 -6.0856133 1.9642272 2.9860802 1.5587527 -4.9469748 -0.38405064 -0.45528919 4.4199166 -1.1420919 -5.295607
graced 0.25901848 0.25599134 -4.8744097 -3.1739023 -3.8576374 3.150731 0.03992341 1.7326385 -0.56247663 -1.4610436 -5.6536865 -0.87957543 4.5812206 -1.2808805 0.7136613 -0.515852 0.3689819 5.0252147 -0.7783711 -4.4143977
cropped 0.23305306 0.33836356 -0.622336 -1.951807 -1.6247995 -0.29241276 2.5917478 -2.9182725 -0.29586473 0.35557294 -3.614799 0.013379932 1.7360336 0.22734976 -2.1259136 -0.5888161 -1.3374863 4.3741903 4.0188594 -4.602424
immortalized -0.18537453 -1.7422935 -2.2280445 -2.7016203 -1.146848 3.0671818 0.7500902 0.33848268 0.95730126 -2.7567012 -2.058413 -3.0463064 6.9832892 -1.7351658 -2.7967856 0.9704687 -1.3206767 2.509565 -3.5603719 -3.2172627
memorialized -0.783192 0.162402 -4.1502886 1.536839 -2.2432117 0.4764224 1.8676952 -1.0969958 0.19451217 -2.2258346 -4.0080113 -4.2521462 7.008604 -1.5773783 -1.2704101 1.8703804 -1.1591433 2.0282278 -6.121639 -1.1165938
shrouded 0.28514782 0.038542178 -0.5826875 -1.4762449 -2.5242414 2.258392 4.245401 -0.42461178 0.3318401 0.86926466 -0.87008184 -2.3934073 3.761314 1.0060252 -7.6270337 1.987239 0.2847561 2.2595818 0.49445444 -3.0417619
allude 0.73522943 -3.101058 0.19829293 -1.137992 -1.0083747 3.360221 3.1827006 -1.2031922 1.9803604 -0.924452 -3.972148 -0.64144844 4.483666 0.5664404 -4.721106 2.1360188 -1.2704438 5.579925 -1.4305587 -4.5714593
culled 1.2938713 1.7670383 -1.9932001 -3.7958734 -3.037544 -1.4561157 1.2478595 -3.8613145 3.3631763 -3.9208372 -3.4185364 -1.0146513 1.0539542 -2.2211673 -2.7196434 -0.32395473 -2.383752 2.8996804 0.5913935 -2.3050537
weaves -0.29808444 -0.24055761 0.7700303 -2.1069021 -1.7282028 5.7044497 3.4348602 0.2756876 -0.7315685 -3.0028763 -2.589542 0.6502776 5.401321 -2.746408 -3.6495135 0.9930862 -0.12841749 3.399523 2.8397536 -5.147172
emblazoned 0.58553976 -2.8253233 -6.166564 -0.008675466 0.2061559 -3.9250202 3.331662 0.6778096 -2.6378374 1.0537683 -3.478288 2.8903599 7.706177 2.473741 0.64476395 2.2610333 -1.3328242 8.792565 0.64494765 -1.5886847
obscuring 1.1319145 0.2956773 2.795972 0.23309402 -4.571703 2.8302336 5.0306354 -0.93678415 -3.872914 3.516593 -5.1544805 -1.5457267 3.1907616 1.058581 -10.472873 1.6642627 0.13258474 7.242369 3.7752028 -2.0209513
replete 0.561373 -0.2808666 -0.77154285 -1.2437055 -2.3619561 4.423581 3.2633502 -0.048166376 0.37531024 -1.4728489 -3.260004 0.43365845 3.3572907 -0.38180506 -4.1198945 1.3817229 -1.5066818 4.1784053 1.3858858 -3.9160583
patronized -1.743462 -2.1331947 -4.0211725 -1.1432843 -0.8859043 8.549414 -0.31650606 -0.6482267 1.3392465 -2.257992 -1.9371638 -1.5746801 0.7872666 4.363033 1.1992396 0.10135107 -2.6269505 3.3315506 -1.4145247 -1.7740586
imprinted 0.8531616 -0.50586563 2.0549486 -2.457355 0.06416563 -0.047543723 4.507867 -3.8607042 -0.498723 -0.24939379 -1.7282203 1.7931632 4.1101313 -0.09129404 -0.82082266 2.3253195 -1.4264629 5.6015954 -1.2224531 -1.343974
morphed 1.835783 -1.9243329 -1.1025001 -1.9853034 -0.542121 0.34658283 -0.5827072 0.30982473 -1.3463925 -3.3635635 -1.9678752 -1.1841003 2.863494 -2.2199063 -3.108122 1.1152053 -3.9583871 2.665531 2.378196 -0.32778716
recites -3.3253489 -3.709116 2.1303988 0.047590446 0.89446485 1.706356 5.6889987 0.5297811 -1.3530818 -4.423313 -4.551416 -0.38759035 3.3419259 -0.3906728 -3.1687832 -0.7490749 4.5377536 6.96794 -3.6754315 -3.767056
utilises 0.45889765 -2.5852294 -0.5112434 -1.4524857 -2.630574 1.4766375 -0.7732742 -1.530769 -3.5636015 0.6728626 -5.4685683 2.5251563 3.930436 -1.1658704 -0.39597094 1.6569784 -1.4140675 1.8126804 5.009144 -0.55475634
viewable 2.9061446 0.67666674 -2.2304971 -1.8265263 -5.5255184 -2.0203006 2.2258174 -2.2136784 -3.0331671 -1.9820054 -6.451397 1.8825986 1.0433805 -1.6351787 -3.0386317 -0.43735746 0.3948235 2.9618344 0.4041706 -1.1775281
mimicked 1.3532325 -2.159772 0.70092857 -2.7466815 0.09964406 1.3691236 3.0120475 -0.33356 -0.7531446 -1.809836 -2.5790179 -0.38971174 3.727269 -2.4563084 -1.0663682 3.375195 -2.4141932 2.9676433 2.884723 -2.2939699
intercut 1.9107097 0.60152245 -0.7632914 -4.233048 -2.4454105 2.756463 6.935836 2.007133 -3.2610817 -5.360738 -4.8956327 -6.1033187 4.2434688 -5.4994206 -2.0298278 -1.7268058 0.98779 4.1941643 3.773595 -3.431118
crammed 0.7817693 0.8086568 -2.22203 -3.589247 -1.9658352 0.9044251 2.3147995 -2.2463658 -2.0494819 -3.866688 -2.120852 -3.4357545 1.2462376 2.215041 -2.7158027 -1.3633419 -0.7636005 3.861474 2.7507834 -3.249448
arrayed 3.2342036 -3.095282 -2.0229766 2.8760047 1.2703716 0.8597127 4.158714 -3.19961 -1.6639022 1.8383809 -1.5292401 -2.7434583 3.9877727 2.4499674 -1.8416404 0.49659753 -0.039412152 3.1854086 2.7674396 -2.9120197
recreates 1.2517008 -0.42441174 -0.6602424 -3.1416137 -3.2189686 4.0093346 2.8763084 1.0913243 -1.3653517 -1.5005322 -2.1614814 -1.5768769 5.2600193 -2.5107267 -4.833199 1.7867731 0.20204014 1.3283587 -0.25128853 -1.9796999
reenacted 0.24424408 -1.2151275 -3.1255736 0.19190091 -2.7375152 0.045975164 2.274252 1.0463185 1.4312608 -1.6627396 -4.740386 -4.1489944 2.4124553 0.8115821 -2.5400448 1.4466605 0.8231128 2.474227 -1.8018802 -1.7984407
pasted 0.58969116 1.5871633 1.1445892 -1.7895854 -3.1255362 -2.8306038 6.0010724 -0.5748166 -1.7909787 -2.9549546 -3.541497 2.1612334 3.744121 3.9978185 -1.7329706 -0.6937139 -3.1339724 6.272182 0.851756 -2.796192
pieced 2.1851163 0.19348809 3.0852468 -3.592252 -1.785065 2.2858684 4.199346 -2.8601677 0.022166165 -4.6731024 -2.788739 -2.4483857 4.1191006 1.9035645 -0.5353881 -0.24803132 -2.3467872 4.339132 1.0264709 -3.558776
adorns 0.24028665 0.9767445 -2.6603975 0.02726398 -1.9551226 2.8619556 2.833254 0.27075827 -3.4548824 1.1808754 -2.765716 0.86740005 7.129485 1.6084881 1.1752096 0.47991517 0.13821432 6.462439 -1.4858621 -3.2264702
immortalised -3.67747 -2.4173148 -2.8783593 -2.231942 -1.0725191 3.3548615 -0.14472847 1.0042883 -0.10670891 -1.9379513 -2.2212818 -0.7448078 6.126123 0.41490257 -2.6841652 -0.64162713 -0.7536854 1.7114371 -0.78612065 -5.1212006
wove -1.4610581 0.6376497 -1.3144014 -2.309637 -0.4602771 3.6403675 3.2597425 -2.2950964 0.770804 -3.0942492 -0.2019161 1.5227659 4.3309984 0.53616834 -0.6592801 0.91818094 -2.3548765 3.0888772 1.754533 -2.649876
unfurled 0.8492748 -2.4135623 -4.8000345 1.0968645 0.5037058 -2.1213179 2.4829006 1.906659 -2.079406 1.7697178 -2.2769682 -2.0398011 3.7032464 1.3609211 -1.4597033 0.028347204 1.3205649 5.595366 0.65789217 -0.32580885
glimpsed -0.49163377 -0.69012594 -0.35984772 -1.1520569 -1.0573214 2.222438 3.974149 -0.19765756 -1.1365267 -0.46338022 -1.2494847 -1.8408953 4.1927333 -0.29878464 -4.5786133 0.68435764 1.3480576 2.077383 0.9262765 -3.2710247
decorates 0.14202793 1.3069686 -1.0743713 -0.9588091 -1.1203123 2.9963596 2.789032 -0.4595197 -3.5889924 -0.31681377 -1.2543627 0.034875512 5.1465297 1.0427314 1.575887 -0.26628658 0.46550992 4.158039 -1.0298666 -2.592251
scrawled -0.5141363 -0.32295853 1.4305831 0.036062818 0.05811612 -1.5714672 5.6060333 -0.99417496 -2.0788095 -2.0389938 -2.066247 0.24098994 2.8877757 0.71952987 -2.5613832 -0.930473 -0.72077847 4.591369 -1.137832 -2.428532
harks -1.2266345 -1.6284752 -0.33963805 -1.6552839 -0.06310772 1.6399134 -0.50264996 0.43543312 -1.2321688 -2.4086049 -0.44580084 -0.5360961 4.248739 0.28839365 -4.127026 -1.0934913 0.2916801 3.0692239 1.4918811 -1.9648361