Centroid_19 2.8862157940970596 5.355561607499998 -3.0327137672794127 2.807291757794119 -5.75036175 3.029721162205883 0.323574305632353 2.7488503841176457 0.42949258102941174 -2.6495908141176474 -0.44854539776470587 4.548591861911765 2.4034402082352937 0.12715171073529424 3.381523967720588 0.9812561618823532 -0.7801614051470588 -0.11262195720588233 -3.3726377391176467 2.4187767722352937
history 4.8348 0.69628054 -4.184128 4.994863 -2.771055 2.5262156 -3.5246828 0.60112244 3.54647 -2.1944659 1.2560867 5.5864406 2.1565728 -0.77823144 -1.0858452 -0.2973095 -0.17522374 -2.3481028 -1.0634006 0.08292174
art 2.7707868 6.665976 -0.9104468 1.5562677 -5.559385 10.159133 0.54454964 6.626856 1.9385111 -7.293836 2.1892219 7.9766526 6.0046306 -2.4125926 2.2513423 2.196489 -1.6248592 1.3113365 -0.22832075 2.7064192
center 4.380974 6.2431374 -3.5189936 8.210083 -5.193896 3.8089442 0.8736111 -0.6563947 -7.8176427 -1.3349758 -2.7716916 0.8100378 1.7883415 -6.08223 2.7279084 1.0681392 0.1719409 -2.1664321 -1.7284193 6.9148664
society 0.15134832 4.4822407 -2.9725516 9.762167 -1.1801845 7.9810033 2.470834 4.9200616 6.286853 -0.63954085 1.9446272 8.516966 -1.1836513 -0.83065224 3.8847957 5.1019716 -4.582076 1.8036524 -2.1120982 5.3626943
hall 0.1405683 7.39429 -6.6252456 7.2732096 -2.8030534 1.1216475 -0.16774333 6.287659 -7.353787 -7.785976 0.4278469 3.5504985 5.3737454 1.6231501 8.62679 1.775676 2.578607 3.1235623 -1.9289894 -3.8021905
museum 2.7557435 9.250357 -8.095809 5.1734943 -8.670211 6.6614437 2.0810418 1.1820843 -2.909749 -1.675642 2.7713807 6.7748737 7.669769 3.312781 4.427616 -3.0499222 -2.0546126 -2.806765 -5.97576 6.007341
arts -0.3407927 6.7616973 -3.2371793 6.253618 -5.2826395 10.846536 -2.9778543 8.799219 0.12254678 -5.910562 -1.2315353 8.911907 4.525717 -6.351338 6.9846807 1.8856272 1.9127601 2.9408555 -0.6289557 7.773028
historic 7.513538 7.0051904 -9.567349 10.290028 -8.819593 0.42290014 -0.697933 -2.1162238 -5.5544453 0.45408767 -2.8034232 5.7719145 2.5413907 1.1207156 0.984635 3.6196926 -2.931137 -1.059164 -7.640402 -7.6887374
foundation -0.75424254 6.8897495 -1.1192943 3.6647007 -5.742967 4.480325 -0.9937824 4.1083236 -2.1507773 -0.751269 -1.0347581 5.1759524 -0.6140085 -0.90524954 5.0597253 3.2889543 -2.1958723 0.3205021 -5.8889422 6.142944
library 2.4260406 7.0492334 -3.6228387 8.822518 -8.279818 1.4545598 2.181713 0.39446208 -2.725495 -7.750476 -3.897756 11.042765 0.30882826 2.2737179 5.3809557 0.07972221 -0.94507325 -0.64334714 -5.303732 3.3200243
heritage 5.6461196 6.1503415 -9.332242 6.3579407 -7.805347 5.5335426 -0.97679734 2.769609 2.1749058 3.2322826 0.2231875 9.95169 -1.1164043 2.9688141 -0.85009974 0.614369 -2.5089219 1.5121573 -4.720386 -2.099418
gallery -0.0025622214 11.429047 -4.1076374 2.3543205 -8.827378 4.125758 -0.12939146 7.4285913 -4.583981 -4.0951514 0.6826354 5.0605073 9.398989 0.44678402 4.8478713 -2.2060223 -0.08619511 1.6306331 -4.089385 0.54632545
exhibition 6.2175255 9.436958 -3.64401 -0.8094084 -8.483174 3.4885836 0.9877958 8.980587 1.7450272 -3.3824935 2.6509862 4.5001674 5.844731 1.558935 4.8806314 -1.6377053 3.6744215 0.76340353 -1.2956346 3.573439
collections 3.8566945 8.746986 -3.002221 0.7700613 -9.097693 4.929344 4.478999 -1.3391706 7.2037654 -4.654724 -1.118402 8.517678 1.7479545 2.61359 5.3672776 -3.0014539 -2.30759 -0.9506682 -3.7807424 -0.4676019
forum 6.01505 2.1038709 -2.7146788 4.611478 -4.959311 2.342317 -0.7808577 9.395497 0.1054445 0.268742 -3.020803 4.8523784 -5.1848555 -3.2893732 1.603564 1.4338325 -1.4250734 2.648843 -2.676411 6.3309345
exhibitions 8.92029 10.612593 -3.6754599 -1.9051315 -9.146284 7.0287585 2.6867006 6.1760173 5.803426 -5.8074994 0.2991082 2.3612716 2.2504733 -0.6786379 9.34612 -3.5890946 1.097982 0.55437106 0.39267904 2.7301347
architects 0.053179346 4.613666 -0.34178615 4.990294 -5.4580293 6.943038 -0.88409287 5.7402477 -1.3481736 -1.6556337 -0.29054645 3.959632 4.719393 4.18098 9.4395 4.885064 -8.278901 -4.677253 0.03962609 -0.7673781
museums 8.099029 8.140046 -7.694579 2.4582112 -8.468641 6.848439 2.519609 -0.4721432 2.4751518 -2.5427666 0.88849545 5.4842644 1.3054316 3.6678066 5.3119006 -1.4703096 -2.1652138 -0.79051745 -2.4066877 3.2136858
preservation 4.4801416 6.393461 -3.9395466 4.964313 -7.225756 4.2565556 1.5710582 -1.0755675 0.11381802 0.5133001 -0.5189893 6.049229 -1.5368016 2.4903095 -2.0748153 6.9073014 -3.1480405 -0.37185106 -1.8217425 1.3348472
landmark 4.475212 6.6681566 -3.5156398 6.605322 -7.1403627 1.9668833 1.2097845 3.0843194 -1.6229622 2.2255993 -0.7468403 5.550376 0.22939637 0.7420655 -0.4850325 0.9272895 -1.8926247 -1.0162053 -4.3990436 -3.6610684
archives 3.834958 5.530589 -3.2155693 5.091704 -8.352342 0.6438126 3.1340866 1.6359496 3.5209599 -3.4297795 -2.15078 7.461855 0.10718117 4.2015514 2.517695 -1.934514 -3.3973315 -0.94975644 -7.5050383 5.416121
libraries 6.906076 4.588137 -3.2338455 5.5391684 -6.6869817 2.6636465 2.05096 -2.8730352 0.47726417 -6.164106 -4.1134596 9.978229 -4.2900248 1.277382 5.226602 -0.7378309 -2.346766 0.18248008 -0.9312384 2.9880707
workshop 3.2855012 4.3260145 -0.85677624 -0.07692373 -4.4959555 5.6543856 2.2775745 3.2578523 -1.8865938 -7.4420776 1.2670743 3.0192652 3.4716477 1.3046817 6.2702208 -0.6232846 0.15688041 -3.4067144 2.2691689 3.4576104
foundations 4.496997 6.036172 1.53066 5.3805 -4.9725733 5.1405754 1.4873928 0.4999443 -0.30912676 -0.5882397 0.99363977 3.4140117 -0.43422872 4.26194 0.9378173 3.4984794 -2.1744573 -0.28149745 -0.3032457 1.4353305
archive 3.711511 5.3450994 -0.92394084 1.5534061 -9.487758 0.5790661 3.5522342 2.9441872 1.9063202 -5.1097145 -3.6566334 7.619949 1.6401107 1.3210168 0.48074335 -2.5852664 -2.4172754 -0.64777863 -4.499787 4.4711413
guild 1.3173223 1.1521508 -7.4402437 1.9841999 -1.3718487 0.911146 1.9075009 8.485925 3.6958632 -7.5921392 0.69671196 5.0932355 2.8289082 1.5998865 7.116775 5.764318 -3.5131698 2.4493005 -1.2972399 0.39195538
exhibits 7.203363 6.7549872 -2.1217391 0.20307183 -6.6996713 6.2359686 5.1966295 -3.2014048 0.8753424 -1.5133941 -2.0128918 3.7058508 3.5258331 -2.4579911 1.7772855 -0.049189758 -0.51376843 0.85030013 1.2368345 -0.1114841
carnegie 0.620361 7.9417744 -0.65884614 3.8236644 -5.30134 0.13363396 -4.0207124 5.0327935 -1.5941285 -7.2754087 1.5980724 6.347406 4.231878 -1.2030938 6.610226 4.069105 1.4160539 -1.3275552 -3.9003122 2.816071
galleries 6.085259 10.628959 -5.5282516 1.7028341 -7.9193587 5.0279126 2.080831 1.9136727 -0.8474164 -4.6346745 0.6071676 3.4117446 4.2601557 1.7052244 5.0014386 -2.737157 -1.3100384 1.1352218 1.0958548 -1.6956933
exposition 6.5685897 7.919088 -1.6453606 3.1556063 -7.3717356 2.5604758 0.73315215 5.278822 1.9127328 -0.892901 2.926146 5.222181 4.1197214 1.8221433 1.0013905 2.645484 2.702053 -0.84247756 -4.1787643 3.2479458
curator -4.1694517 2.8295329 -2.7536778 2.082216 -4.383179 6.499866 1.4452747 3.2629652 1.2801974 -3.1633317 -0.099370375 3.7859657 8.1287985 -1.6324756 6.722614 2.400318 -4.397715 -4.430038 -8.212143 5.587878
endowment -1.4830595 9.502339 0.64468473 4.7919497 -7.1782002 4.073366 -3.7059357 2.1475143 0.8852807 -1.5046663 -0.95249856 6.4583774 -4.8768816 2.4020402 6.7699738 4.166673 1.7989442 0.3615692 -7.0764666 3.737465
yorks 2.5225909 6.8619227 -4.4624166 6.122554 -3.3176026 -2.3977928 -2.506518 7.105746 -2.491854 -4.743254 1.7067412 0.76315594 1.6393986 0.0337679 0.3662405 -0.047068894 -3.1182847 1.7789026 -0.86534834 -1.2734821
centennial 5.458484 5.170608 -7.2762103 5.2047186 -5.264546 -2.0662112 -1.0116993 4.3091245 -0.19216138 -2.8917358 0.5606431 3.282313 3.9393826 -0.6741871 1.9908073 2.7633157 3.80484 0.3361311 -7.264606 1.9444239
mural 4.924616 8.238115 -1.6868196 2.3182983 -5.459551 4.4567056 5.616821 3.9562764 -3.3959208 -2.3066206 2.2661636 1.2117399 6.33714 1.7787771 1.7719005 0.72273105 -0.48455575 1.2679998 -3.7238402 -1.6827419
rockefeller -0.6382759 5.2255774 0.7723343 4.015398 -3.4714801 -0.44214004 -1.022809 2.9671795 -3.2650013 -4.0156355 2.4581273 2.1885035 -0.8297986 -0.46413052 2.562133 6.5617104 -4.337107 -4.1505976 -7.262346 3.2454047
groundbreaking 2.8323984 3.374399 0.43235835 1.1356889 -5.946369 0.71062404 0.56682295 4.7409754 1.6928843 -4.473773 -1.627607 2.0224142 1.3806137 -1.274762 -1.8798298 1.3754942 1.3948016 -1.1736121 -0.5674292 2.9095101
auspices 2.7331557 -0.15032028 -5.027129 4.451889 -2.6605904 2.8928504 -1.8503132 2.4861598 0.76192355 -0.19287273 -0.3531514 1.8643528 0.74784404 2.213372 3.221424 0.8147991 -1.5399586 -0.6641529 -2.9515398 7.0161047
biennial 4.1208887 5.288579 -2.5555148 0.63905096 -6.460382 2.2288465 -3.8273044 4.206392 3.1830087 1.0513245 -1.8515335 4.3829117 4.0831184 -3.8130496 4.4115133 -1.5526143 3.592014 1.870901 -5.219829 4.140507
masonic 3.6227546 1.8175023 -5.8470826 7.407778 -0.814174 2.9601796 3.7305136 0.6228808 -2.6670816 -4.020769 0.012936105 2.1441438 3.6773643 3.9174738 4.1460605 3.8565006 -1.6917945 4.5654936 -6.749584 0.061650712
guggenheim -1.1940637 4.797236 1.7837315 -1.3643793 -6.2259183 1.4742334 -0.5159914 5.210209 1.8577472 -2.8424983 1.4414067 5.9890165 5.679139 -2.1407857 6.0592833 3.1039872 -1.0071968 -3.7546062 -10.746894 4.6330295
cornerstone 3.97465 5.066612 0.6557305 5.788484 -3.8078103 0.27089742 0.017431073 3.1032872 -0.8852144 -2.82362 1.6265087 2.4629416 1.1732374 3.1463046 0.08548945 1.0504398 -0.7814796 0.7572983 -1.9669969 4.0433946
repository 5.3908 3.3290203 0.26266176 1.4942919 -7.22385 0.8052547 3.8443656 -1.8514671 -1.3939393 -1.1119162 -3.2820468 9.054093 -1.1179712 0.6958203 -0.073368415 0.6280566 -2.9562712 0.7173228 -4.1115212 5.224145
mellon -2.0327837 5.6342664 3.251272 2.3617158 -4.9668355 -0.06461332 -5.019717 2.1642864 -4.2367396 -4.6497326 -0.029514883 6.57641 3.3737783 -1.0930945 6.182486 6.2279525 -0.52128124 -2.4303694 -4.343975 3.4806166
biennale 3.4101398 6.567517 -2.1955943 -1.6037835 -9.822305 6.7573733 -2.5640318 11.110452 3.740838 3.8968484 0.25742745 1.3964555 7.896256 0.30731684 3.46049 -6.6524277 3.1122062 1.345029 -4.8095813 6.124783
horticultural -3.2309813 7.73307 -6.1981773 1.3751128 -3.6380203 7.4941893 -1.6787575 -3.181535 4.158454 1.5465766 4.5487175 12.555004 1.6943032 0.9878761 5.3265214 3.9342732 -1.0315632 0.23860586 -0.9542514 1.7192203
zoological -0.033692606 3.348207 -6.9988437 1.6384773 -5.6724157 5.234391 0.6115171 -4.2890925 2.8821244 1.2952367 0.27465317 6.8482347 4.4781227 1.0153291 3.391806 2.6613197 -1.1992013 -2.4729152 -6.7725663 5.1756773
botanic -4.166629 8.16513 -8.153206 2.5042372 -7.1070137 7.0455847 -1.3640949 -3.8413653 -0.71577525 2.2539537 1.5686022 8.01706 5.713804 1.0112736 2.434131 0.0729351 1.4744668 -1.72561 -4.8431034 1.7691013
memorabilia 4.183978 6.9810386 -6.6127086 -2.5503213 -5.916202 -0.5092655 6.147253 0.9737116 1.4071736 -6.9821 0.43117106 3.5939834 2.656374 1.3489543 4.843455 3.170293 -2.7680328 -0.27775985 -2.0636692 -1.8674189
bicentennial 4.5636587 3.1912367 -7.2427206 3.7588284 -5.0918093 -2.4146347 -0.2454944 4.9692187 2.070774 -2.479636 -0.46304184 1.3178151 2.9331133 0.12549956 -1.0657709 1.9237592 2.2024221 1.038578 -7.1457314 1.2633216
getty -0.06130319 2.9064417 1.0302533 -1.5928284 -5.3836694 1.0542191 0.9727785 2.7715857 -2.510378 -2.5338364 -0.117661245 3.6036272 3.4837883 0.69603133 3.09074 2.0529892 -3.6706016 -3.097571 -6.521686 0.7027366
planetarium 1.9836324 4.3527856 -1.2792042 1.4089888 -7.4179163 2.7207084 1.4705964 1.162252 -5.270933 -1.8842162 -2.6507466 3.8352535 6.9868546 -1.3525642 2.8483336 -2.0678139 3.503619 -2.9806168 -1.5478431 4.21435
biannual 5.4926643 0.86617565 -3.9060392 1.1126766 -4.832697 1.0102522 -0.8561175 1.9242995 2.45235 -1.9126109 -3.6250777 4.2506022 0.18043052 -3.0155365 2.6617255 0.094298795 2.5232701 1.1535996 -2.5922158 4.330099
tribeca 0.89600366 4.31276 -3.4512193 -2.3961775 -6.7196546 0.29698732 -0.2816873 5.633072 -4.615257 -4.248109 -0.4891628 1.6339724 1.4125706 -4.495271 -0.66032964 -1.1717874 1.3220786 -1.7506951 -3.9883635 2.210736
curators 3.5031693 2.972206 -0.97648287 -0.9967094 -4.144316 3.6023011 2.611025 2.6682792 2.5288591 -5.8954706 -1.888878 2.681719 -0.22345282 0.0713739 5.2267594 4.5185595 -3.256752 1.5121362 -3.3833492 2.1949577
residencies 2.3621616 6.0259733 -3.008164 -0.04256416 -4.379933 3.5348265 -0.7755961 1.033907 2.1978788 -5.8701267 -0.7774428 1.8954417 0.59084564 -2.0390341 6.693628 -2.987713 0.9187032 0.2290126 -0.6905475 3.4179313
athenaeum -0.38399047 3.9960008 -1.9865346 4.017659 -3.5322506 2.5062392 -2.8069923 4.735545 2.317149 -5.4226446 0.52493584 2.5572684 3.267941 2.2734683 4.6319175 -0.22695562 -0.32752174 -0.11223582 -3.5761783 0.9361922
depository 0.8126182 3.8379986 -3.6344054 1.701367 -6.1380434 -1.1849409 0.13385954 -3.3177922 -1.2979196 0.47099775 -2.8808417 5.368703 -1.9005516 3.787468 1.805951 2.677347 -2.6473105 0.9892773 -5.09961 3.8720307
symposia 7.9364543 2.0630944 -0.36606127 2.085513 -6.4039063 4.279179 3.0369253 2.6869338 5.779868 -1.9924824 -6.1127005 1.309168 -0.602663 -3.0641687 6.548538 0.018324375 1.8318143 0.89975315 -2.4182394 5.595207
expositions 6.4529433 3.46518 -1.3826201 0.73871213 -6.18053 5.126056 1.4294064 3.1458588 2.8699956 -1.1238598 -1.3898318 2.9417043 0.7442146 1.5800039 2.757287 -0.96529955 0.6589849 0.5163145 -2.3470485 1.5446596
triennial 2.9542701 1.8638701 -1.980896 2.6554503 -5.1792293 0.5457808 -3.4540348 3.777425 3.4814517 -0.16315289 -2.7972348 2.8498325 3.150743 2.8721955 2.623427 -1.7894217 2.9503024 2.8452048 -3.3475761 3.6439958
curatorial 2.5814528 2.285334 0.100530595 0.9055629 -5.780057 5.030691 -0.29167378 3.5949824 0.17714898 -4.079007 -3.0334024 1.4272039 2.5469158 -2.0450265 3.058322 3.628689 -1.3607811 -1.8280241 -1.3452728 5.2868943
masterworks 2.3170862 4.0872746 0.8260419 -1.3045319 -5.3198495 0.713131 -1.397253 3.7282975 3.26948 -3.1475382 -0.83796185 2.6655357 6.3034153 -1.6692082 1.5011563 -3.13771 -1.7695699 0.21594563 -1.5908204 0.21988669
sesquicentennial 3.7779999 4.2197657 -5.251908 4.640382 -5.673278 -2.350507 -1.008894 2.0712535 2.1335084 -1.6574365 -1.5631887 0.81385857 3.3971853 0.22414537 -1.2591276 1.7934282 1.0526628 0.82511306 -6.52185 1.1680806
juried 3.8322794 4.57845 -2.9347584 -1.9474169 -6.273091 1.61226 -0.5468722 2.0510263 1.8500755 -2.1631882 -3.3356245 3.634377 3.2782335 -3.6015944 4.5563135 1.000118 2.2061899 2.264562 -2.8677788 0.37743992
printmakers 1.9451456 3.660574 -2.4183264 -0.7809622 -2.2122455 3.025747 -0.30888236 2.3014655 3.6680999 -2.8200462 2.189267 2.4319727 4.0556936 -0.34090275 4.7570105 1.3685608 -4.2101707 0.08899135 -0.2508395 0.45588252
folklife 2.8324354 3.4366593 -4.39648 3.0819178 -3.8335319 2.846491 -0.00807893 1.3734902 1.5134106 -1.9033129 -1.516036 3.2718997 4.4604344 -5.447532 1.2639995 -2.2233105 -2.0315576 1.0572269 -4.976781 3.637393
philanthropies 0.569092 5.319807 -2.0853846 1.2810143 -3.6178026 0.16536191 -1.4549992 1.5971625 0.7838656 -0.24447751 -0.74771035 0.5382851 -2.0966265 -3.1829376 3.540903 1.1182135 -4.0060663 -0.62499094 -3.3514287 3.4454772